OMAZ,DMAZ,DISTWALK
14751,14751,0.1747
14751,14752,0.43635
14751,14753,1.3276
14751,14754,0.702
14751,14755,1.00795
14751,14756,0.75765
14751,14774,0.47685
14751,14775,0.5121
14751,14776,0.7197
14751,14939,0.9982
14751,14940,1.20695
14751,14941,2.2311
14751,14944,2.11995
14751,14959,1.3632
14751,14960,1.9766
14751,14961,1.78645
14751,14962,1.58915
14751,14963,1.7289
14751,14964,2.2743
14751,14965,2.5673
14751,14966,1.83245
14751,14967,2.3626
14751,15279,2.97245
14751,15280,2.87745
14751,15281,2.8027
14751,15284,2.9867
14751,15291,2.7059
14751,15292,2.57255
14751,15293,2.49455
14751,15294,2.1438
14751,15295,1.9505
14751,15296,2.28715
14751,15297,2.3011500000000003
14751,15298,2.8417000000000003
14751,15299,2.70105
14751,17047,2.7960000000000003
14751,17048,2.7491
14751,17068,2.34005
14751,17069,2.47195
14751,17070,2.73745
14751,17072,2.59135
14752,14751,0.43635
14752,14752,0.1691
14752,14753,1.6098500000000002
14752,14754,0.9842
14752,14755,1.2902
14752,14756,1.0398999999999998
14752,14774,0.75905
14752,14775,0.7943
14752,14776,1.0019
14752,14939,1.28045
14752,14940,1.4892
14752,14941,2.51335
14752,14944,2.4022
14752,14959,1.6454
14752,14960,2.2588
14752,14961,2.06865
14752,14962,1.8714
14752,14963,2.01115
14752,14964,2.55655
14752,14965,2.84955
14752,14966,2.11465
14752,14967,2.6448
14752,15291,2.9881
14752,15292,2.8548
14752,15293,2.7768
14752,15294,2.42605
14752,15295,2.23275
14752,15296,2.56935
14752,15297,2.5834
14752,15299,2.98325
14752,17068,2.6223
14752,17069,2.75415
14752,17072,2.87355
14753,14751,1.3276
14753,14752,1.6098500000000002
14753,14753,0.1647
14753,14754,1.43925
14753,14755,0.66935
14753,14756,0.91965
14753,14774,1.53255
14753,14775,1.3983
14753,14776,0.95765
14753,14939,0.3294
14753,14940,0.47035
14753,14941,1.6956
14753,14944,1.78985
14753,14959,0.82765
14753,14960,1.4411
14753,14961,1.25095
14753,14962,1.05365
14753,14963,1.1934
14753,14964,1.7388
14753,14965,2.0318
14753,14966,1.29695
14753,14967,1.8271
14753,15281,2.92925
14753,15291,2.83245
14753,15292,2.55765
14753,15293,2.6211
14753,15294,2.27035
14753,15295,2.0771
14753,15296,2.4137
14753,15297,2.4277
14753,15298,2.9682500000000003
14753,15299,2.8276
14753,17047,2.2605
14753,17048,2.2136
14753,17068,1.80455
14753,17069,1.9364
14753,17070,2.20195
14753,17072,2.05585
14754,14751,0.702
14754,14752,0.9842
14754,14753,1.43925
14754,14754,0.2115
14754,14755,0.76985
14754,14756,0.51955
14754,14774,0.60675
14754,14775,0.42295
14754,14776,0.4816
14754,14939,1.27125
14754,14940,0.9689
14754,14941,2.50415
14754,14944,1.8819
14754,14959,1.6362
14754,14960,2.2496
14754,14961,2.0595
14754,14962,1.8622
14754,14963,2.00195
14754,14964,2.4407
14754,14965,2.84035
14754,14966,2.1055
14754,14967,2.4126000000000003
14754,15278,2.89645
14754,15279,2.7344
14754,15280,2.63935
14754,15281,2.5646
14754,15283,2.9507000000000003
14754,15284,2.7486
14754,15291,2.4678
14754,15292,2.3345
14754,15293,2.25645
14754,15294,1.9057
14754,15295,1.71245
14754,15296,2.0490500000000003
14754,15297,2.06305
14754,15298,2.6036
14754,15299,2.46295
14754,17068,2.6131
14754,17069,2.74495
14754,17072,2.86435
14755,14751,1.00795
14755,14752,1.2902
14755,14753,0.66935
14755,14754,0.76985
14755,14755,0.0995
14755,14756,0.2503
14755,14774,0.9127
14755,14775,0.72895
14755,14776,0.28825
14755,14939,0.6354
14755,14940,0.199
14755,14941,2.00155
14755,14944,1.6261
14755,14959,1.1336499999999998
14755,14960,1.7470500000000002
14755,14961,1.5569000000000002
14755,14962,1.3596
14755,14963,1.4994
14755,14964,2.0448
14755,14965,2.33775
14755,14966,1.6029
14755,14967,2.13305
14755,15278,2.816
14755,15279,2.6539
14755,15280,2.5589
14755,15281,2.48415
14755,15283,2.87025
14755,15284,2.66815
14755,15291,2.38735
14755,15292,2.11255
14755,15293,2.176
14755,15294,1.82525
14755,15295,1.6319500000000002
14755,15296,1.9686
14755,15297,1.9826
14755,15298,2.52315
14755,15299,2.3825
14755,17047,2.56645
14755,17048,2.51955
14755,17068,2.1105
14755,17069,2.2424
14755,17070,2.5079
14755,17072,2.3618
14756,14751,0.75765
14756,14752,1.0398999999999998
14756,14753,0.91965
14756,14754,0.51955
14756,14755,0.2503
14756,14756,0.019
14756,14774,0.6624
14756,14775,0.47865
14756,14776,0.03795
14756,14939,0.8856999999999999
14756,14940,0.4493
14756,14941,2.25185
14756,14944,1.4382
14756,14959,1.38395
14756,14960,1.99735
14756,14961,1.8072
14756,14962,1.60995
14756,14963,1.7497
14756,14964,1.997
14756,14965,2.3477
14756,14966,1.8532
14756,14967,1.96895
14756,15278,2.62815
14756,15279,2.46605
14756,15280,2.371
14756,15281,2.29625
14756,15283,2.68235
14756,15284,2.48025
14756,15291,2.19945
14756,15292,1.92465
14756,15293,1.98815
14756,15294,1.63735
14756,15295,1.4441000000000002
14756,15296,1.7807
14756,15297,1.79475
14756,15298,2.33525
14756,15299,2.1946000000000003
14756,17047,2.81675
14756,17048,2.63395
14756,17068,2.3608
14756,17069,2.4927
14756,17070,2.7582
14756,17072,2.47695
14774,14751,0.47685
14774,14752,0.75905
14774,14753,1.53255
14774,14754,0.60675
14774,14755,0.9127
14774,14756,0.6624
14774,14774,0.1273
14774,14775,0.3557
14774,14776,0.6244500000000001
14774,14939,1.2031
14774,14940,1.11175
14774,14941,2.436
14774,14944,2.0247
14774,14959,1.5680999999999998
14774,14960,2.1815
14774,14961,1.99135
14774,14962,1.79405
14774,14963,1.93385
14774,14964,2.47925
14774,14965,2.7722
14774,14966,2.03735
14774,14967,2.5675
14774,15279,2.87725
14774,15280,2.7822
14774,15281,2.70745
14774,15284,2.89145
14774,15291,2.61065
14774,15292,2.4773
14774,15293,2.3993
14774,15294,2.04855
14774,15295,1.85525
14774,15296,2.1919
14774,15297,2.2059
14774,15298,2.7464500000000003
14774,15299,2.6058
14774,17048,2.954
14774,17068,2.54495
14774,17069,2.67685
14774,17070,2.94235
14774,17072,2.79625
14775,14751,0.5121
14775,14752,0.7943
14775,14753,1.3983
14775,14754,0.42295
14775,14755,0.72895
14775,14756,0.47865
14775,14774,0.3557
14775,14775,0.17785
14775,14776,0.4407
14775,14939,1.2303000000000002
14775,14940,0.92795
14775,14941,2.4632
14775,14944,1.84095
14775,14959,1.5953
14775,14960,2.2087
14775,14961,2.0185500000000003
14775,14962,1.82125
14775,14963,1.96105
14775,14964,2.39975
14775,14965,2.7994
14775,14966,2.06455
14775,14967,2.3717
14775,15278,2.85555
14775,15279,2.69345
14775,15280,2.59845
14775,15281,2.52365
14775,15283,2.9098
14775,15284,2.70765
14775,15291,2.4269
14775,15292,2.29355
14775,15293,2.21555
14775,15294,1.8648
14775,15295,1.6715
14775,15296,2.0081
14775,15297,2.02215
14775,15298,2.5627
14775,15299,2.42205
14775,17048,2.9812000000000003
14775,17068,2.57215
14775,17069,2.70405
14775,17070,2.96955
14775,17072,2.82345
14776,14751,0.7197
14776,14752,1.0019
14776,14753,0.95765
14776,14754,0.4816
14776,14755,0.28825
14776,14756,0.03795
14776,14774,0.6244500000000001
14776,14775,0.4407
14776,14776,0.019
14776,14939,0.92365
14776,14940,0.4872499999999999
14776,14941,2.27445
14776,14944,1.40025
14776,14959,1.4065
14776,14960,2.0199000000000003
14776,14961,1.8298
14776,14962,1.6324999999999998
14776,14963,1.77225
14776,14964,1.95905
14776,14965,2.30975
14776,14966,1.8758
14776,14967,1.931
14776,15278,2.59015
14776,15279,2.4281
14776,15280,2.33305
14776,15281,2.2583
14776,15283,2.6444
14776,15284,2.4423
14776,15291,2.1615
14776,15292,1.8867
14776,15293,1.95015
14776,15294,1.5994
14776,15295,1.40615
14776,15296,1.7427499999999998
14776,15297,1.7567499999999998
14776,15298,2.2973
14776,15299,2.15665
14776,17047,2.83935
14776,17048,2.596
14776,17068,2.3834
14776,17069,2.51525
14776,17070,2.7808
14776,17072,2.439
14939,14751,0.9982
14939,14752,1.28045
14939,14753,0.3294
14939,14754,1.27155
14939,14755,0.6354
14939,14756,0.8856999999999999
14939,14774,1.2031
14939,14775,1.2306
14939,14776,0.92365
14939,14939,0.0863
14939,14940,0.43635
14939,14941,1.3662
14939,14944,1.46045
14939,14959,0.4982499999999999
14939,14960,1.11165
14939,14961,0.92155
14939,14962,0.72425
14939,14963,0.8640000000000001
14939,14964,1.4094
14939,14965,1.7024
14939,14966,0.9675
14939,14967,1.4977
14939,15280,2.97
14939,15281,2.89525
14939,15291,2.79845
14939,15292,2.52365
14939,15293,2.5871500000000003
14939,15294,2.2364
14939,15295,2.0431
14939,15296,2.3797
14939,15297,2.39375
14939,15298,2.9343
14939,15299,2.7936
14939,17047,1.9311
14939,17048,1.8842
14939,17068,1.47515
14939,17069,1.607
14939,17070,1.87255
14939,17072,1.7264
14939,17125,2.98415
14939,17134,2.96095
14940,14751,1.20695
14940,14752,1.4892
14940,14753,0.47035
14940,14754,0.9689
14940,14755,0.199
14940,14756,0.4493
14940,14774,1.11175
14940,14775,0.92795
14940,14776,0.4872499999999999
14940,14939,0.43635
14940,14940,0.0995
14940,14941,1.80255
14940,14944,1.60085
14940,14959,0.93465
14940,14960,1.54805
14940,14961,1.3579
14940,14962,1.1606
14940,14963,1.30035
14940,14964,1.84575
14940,14965,2.13875
14940,14966,1.4039
14940,14967,1.93405
14940,15278,2.79075
14940,15279,2.62865
14940,15280,2.53365
14940,15281,2.4589
14940,15283,2.845
14940,15284,2.6429
14940,15291,2.3621
14940,15292,2.0873
14940,15293,2.15075
14940,15294,1.8
14940,15295,1.6067
14940,15296,1.94335
14940,15297,1.95735
14940,15298,2.4979
14940,15299,2.35725
14940,17047,2.36745
14940,17048,2.32055
14940,17068,1.9115
14940,17069,2.0434
14940,17070,2.3089
14940,17072,2.1628
14941,14751,2.2311
14941,14752,2.51335
14941,14753,1.6956
14941,14754,2.50445
14941,14755,2.00155
14941,14756,2.25185
14941,14774,2.436
14941,14775,2.4635
14941,14776,2.27445
14941,14939,1.3662
14941,14940,1.80255
14941,14941,0.32885
14941,14944,1.1506
14941,14959,1.06465
14941,14960,1.8846
14941,14961,1.6944500000000002
14941,14962,1.4972
14941,14963,0.6989
14941,14964,1.3426
14941,14965,1.69325
14941,14966,0.6577
14941,14967,1.3145
14941,17047,2.1707
14941,17048,1.9795000000000005
14941,17068,2.20745
14941,17069,2.1727
14941,17070,2.2699000000000003
14941,17072,1.82255
14944,14751,2.11995
14944,14752,2.4022
14944,14753,1.78985
14944,14754,1.8819
14944,14755,1.6261
14944,14756,1.4382
14944,14774,2.0247
14944,14775,1.84095
14944,14776,1.40025
14944,14939,1.46045
14944,14940,1.60085
14944,14941,1.1506
14944,14944,0.1816
14944,14959,1.15885
14944,14960,1.6788
14944,14961,1.33275
14944,14962,1.5914
14944,14963,0.7931
14944,14964,0.8449
14944,14965,1.1956
14944,14966,0.75195
14944,14967,0.81685
14944,15292,2.98775
14944,15294,2.7005
14944,15295,2.5072
14944,15296,2.8438
14944,15297,2.85785
14944,17047,1.673
14944,17048,1.4818
14944,17068,1.70975
14944,17069,1.675
14944,17070,1.7722000000000002
14944,17072,1.32485
14959,14751,1.3632
14959,14752,1.6454
14959,14753,0.82765
14959,14754,1.6364999999999998
14959,14755,1.1336499999999998
14959,14756,1.38395
14959,14774,1.5680999999999998
14959,14775,1.59555
14959,14776,1.4065
14959,14939,0.4982499999999999
14959,14940,0.93465
14959,14941,1.06465
14959,14944,1.15885
14959,14959,0.08725
14959,14960,0.82
14959,14961,0.62985
14959,14962,0.43255
14959,14963,0.36575
14959,14964,1.1177
14959,14965,1.4106999999999998
14959,14966,0.5138499999999999
14959,14967,1.206
14959,15294,2.73465
14959,15295,2.54135
14959,15296,2.87795
14959,15297,2.8920000000000003
14959,16774,3.0094000000000003
14959,17047,1.6393999999999995
14959,17048,1.5925
14959,17068,1.18345
14959,17069,1.31535
14959,17070,1.58085
14959,17072,1.43475
14959,17125,2.7906
14959,17134,2.76745
14959,17135,2.89465
14960,14751,1.9766
14960,14752,2.2588
14960,14753,1.4411
14960,14754,2.2499
14960,14755,1.7470500000000002
14960,14756,1.99735
14960,14774,2.1815
14960,14775,2.209
14960,14776,2.0199000000000003
14960,14939,1.11165
14960,14940,1.54805
14960,14941,1.8846
14960,14944,1.6788
14960,14959,0.82
14960,14960,0.0688999999999999
14960,14961,0.3111
14960,14962,0.67825
14960,14963,1.1857
14960,14964,0.7989499999999999
14960,14965,0.77525
14960,14966,1.33385
14960,14967,0.8872
14960,16759,2.6439
14960,16760,2.6439
14960,16761,2.70775
14960,16765,2.8487
14960,16774,2.33075
14960,16779,2.5123
14960,16780,2.38235
14960,16783,2.70775
14960,17047,1.00395
14960,17048,0.95705
14960,17068,0.54805
14960,17069,0.6799000000000001
14960,17070,0.9454
14960,17072,0.7993
14960,17125,2.11195
14960,17134,2.0888
14960,17135,2.216
14960,17139,2.927
14961,14751,1.78645
14961,14752,2.06865
14961,14753,1.25095
14961,14754,2.05975
14961,14755,1.5569000000000002
14961,14756,1.8072
14961,14774,1.99135
14961,14775,2.01885
14961,14776,1.8298
14961,14939,0.92155
14961,14940,1.3579
14961,14941,1.6944500000000002
14961,14944,1.33275
14961,14959,0.62985
14961,14960,0.3111
14961,14961,0.03025
14961,14962,0.4881
14961,14963,0.9956
14961,14964,0.48785
14961,14965,0.9018
14961,14966,1.1437
14961,14967,0.5761499999999999
14961,15295,2.9646
14961,16759,2.7704
14961,16760,2.7704
14961,16761,2.8343
14961,16765,2.97525
14961,16774,2.4573
14961,16779,2.63885
14961,16780,2.5089
14961,16783,2.8343
14961,17047,1.1305
14961,17048,1.0836
14961,17068,0.67455
14961,17069,0.8064
14961,17070,1.07195
14961,17072,0.92585
14961,17125,2.2385
14961,17134,2.2153
14961,17135,2.34255
14962,14751,1.58915
14962,14752,1.8714
14962,14753,1.05365
14962,14754,1.8625
14962,14755,1.3596
14962,14756,1.60995
14962,14774,1.79405
14962,14775,1.82155
14962,14776,1.6324999999999998
14962,14939,0.72425
14962,14940,1.1606
14962,14941,1.4972
14962,14944,1.5914
14962,14959,0.43255
14962,14960,0.67825
14962,14961,0.4881
14962,14962,0.1220499999999999
14962,14963,0.7983
14962,14964,0.97595
14962,14965,1.26895
14962,14966,0.9464
14962,14967,1.06425
14962,15294,2.9606000000000003
14962,15295,2.76735
14962,16774,2.82445
14962,16780,2.87605
14962,17047,1.49765
14962,17048,1.45075
14962,17068,1.0417
14962,17069,1.17355
14962,17070,1.4391
14962,17072,1.293
14962,17125,2.60565
14962,17134,2.58245
14962,17135,2.7097
14963,14751,1.7289
14963,14752,2.01115
14963,14753,1.1934
14963,14754,2.00225
14963,14755,1.4994
14963,14756,1.7497
14963,14774,1.93385
14963,14775,1.9613
14963,14776,1.77225
14963,14939,0.8640000000000001
14963,14940,1.30035
14963,14941,0.6989
14963,14944,0.7931
14963,14959,0.36575
14963,14960,1.1857
14963,14961,0.9956
14963,14962,0.7983
14963,14963,0.07405
14963,14964,0.9851
14963,14965,1.3358
14963,14966,0.14815
14963,14967,0.95705
14963,15295,2.9071
14963,17047,1.8132
14963,17048,1.622
14963,17068,1.5492
14963,17069,1.6810500000000002
14963,17070,1.9124
14963,17072,1.46505
14964,14751,2.2743
14964,14752,2.55655
14964,14753,1.7388
14964,14754,2.4407
14964,14755,2.0448
14964,14756,1.997
14964,14774,2.47925
14964,14775,2.39975
14964,14776,1.95905
14964,14939,1.4094
14964,14940,1.84575
14964,14941,1.3426
14964,14944,0.8449
14964,14959,1.1177
14964,14960,0.7989499999999999
14964,14961,0.48785
14964,14962,0.97595
14964,14963,0.9851
14964,14964,0.04415
14964,14965,0.67805
14964,14966,0.9439
14964,14967,0.0883
14964,16774,2.975
14964,16780,3.0266
14964,17047,1.1555
14964,17048,0.9643
14964,17068,1.19225
14964,17069,1.1575
14964,17070,1.2547
14964,17072,0.8073499999999999
14964,17125,2.75615
14964,17134,2.733
14964,17135,2.5431
14965,14751,2.5673
14965,14752,2.84955
14965,14753,2.0318
14965,14754,2.8406
14965,14755,2.33775
14965,14756,2.3477
14965,14774,2.7722
14965,14775,2.7997
14965,14776,2.30975
14965,14939,1.7024
14965,14940,2.13875
14965,14941,1.69325
14965,14944,1.1956
14965,14959,1.4106999999999998
14965,14960,0.77525
14965,14961,0.9018
14965,14962,1.26895
14965,14963,1.3358
14965,14964,0.67805
14965,14965,0.1421
14965,14966,1.2946
14965,14967,0.65
14965,16759,2.9021
14965,16760,2.9021
14965,16761,2.9659500000000003
14965,16774,2.58895
14965,16779,2.7705
14965,16780,2.64055
14965,16783,2.9659500000000003
14965,17047,0.68505
14965,17048,0.4939
14965,17068,0.8061999999999999
14965,17069,0.6870499999999999
14965,17070,0.7843
14965,17072,0.3369
14965,17125,2.37015
14965,17134,2.347
14965,17135,2.4742
14966,14751,1.83245
14966,14752,2.11465
14966,14753,1.29695
14966,14754,2.10575
14966,14755,1.6029
14966,14756,1.8532
14966,14774,2.03735
14966,14775,2.06485
14966,14776,1.8758
14966,14939,0.9675
14966,14940,1.4039
14966,14941,0.6577
14966,14944,0.75195
14966,14959,0.5138499999999999
14966,14960,1.33385
14966,14961,1.1437
14966,14962,0.9464
14966,14963,0.14815
14966,14964,0.9439
14966,14965,1.2946
14966,14966,0.07405
14966,14967,0.91585
14966,15295,3.0106
14966,17047,1.7719999999999998
14966,17048,1.58085
14966,17068,1.6972999999999998
14966,17069,1.7739999999999998
14966,17070,1.87125
14966,17072,1.42385
14967,14751,2.3626
14967,14752,2.6448
14967,14753,1.8271
14967,14754,2.4126000000000003
14967,14755,2.13305
14967,14756,1.96895
14967,14774,2.5675
14967,14775,2.3717
14967,14776,1.931
14967,14939,1.4977
14967,14940,1.93405
14967,14941,1.3145
14967,14944,0.81685
14967,14959,1.206
14967,14960,0.8872
14967,14961,0.5761499999999999
14967,14962,1.06425
14967,14963,0.95705
14967,14964,0.0883
14967,14965,0.65
14967,14966,0.91585
14967,14967,0.04415
14967,16774,2.9469000000000003
14967,16780,2.99855
14967,17047,1.1274
14967,17048,0.93625
14967,17068,1.1642
14967,17069,1.1294
14967,17070,1.22665
14967,17072,0.77925
14967,17125,2.7281
14967,17134,2.70495
14967,17135,2.51505
15065,15065,0.09065
15067,15067,0.424
15067,15073,1.0909
15067,15076,1.053
15067,15078,0.84805
15067,15281,2.9152
15073,15067,1.0909
15073,15073,0.39675
15073,15076,0.8301999999999999
15073,15078,1.04255
15073,15280,2.92915
15073,15281,2.69245
15073,15293,2.89275
15073,15296,2.886
15073,15297,2.9
15073,15299,2.8869
15076,15067,1.053
15076,15073,0.8301999999999999
15076,15076,0.0515
15076,15078,1.0046
15076,15278,2.545
15076,15279,2.38295
15076,15280,2.2386500000000003
15076,15281,2.00195
15076,15283,2.59925
15076,15284,2.48795
15076,15291,2.6901
15076,15293,2.2022500000000003
15076,15294,2.31525
15076,15295,2.5121
15076,15296,2.1955
15076,15297,2.2095
15076,15298,2.6329
15076,15299,2.1964
15078,15067,0.84805
15078,15073,1.04255
15078,15076,1.0046
15078,15078,0.424
15078,15281,2.8668500000000003
15278,14754,2.89645
15278,14755,2.816
15278,14756,2.62815
15278,14775,2.85555
15278,14776,2.59015
15278,14940,2.79075
15278,15076,2.545
15278,15278,0.0517
15278,15279,0.2924
15278,15280,0.461
15278,15281,0.5662
15278,15283,0.1034
15278,15284,0.2186
15278,15291,0.66315
15278,15292,1.0282
15278,15293,0.64
15278,15294,1.01115
15278,15295,1.43505
15278,15296,1.11845
15278,15297,1.1324999999999998
15278,15298,0.4962
15278,15299,0.4827499999999999
15279,14751,2.97245
15279,14754,2.7344
15279,14755,2.6539
15279,14756,2.46605
15279,14774,2.87725
15279,14775,2.69345
15279,14776,2.4281
15279,14940,2.62865
15279,15076,2.38295
15279,15278,0.2924
15279,15279,0.1392
15279,15280,0.2989
15279,15281,0.4041
15279,15283,0.34665
15279,15284,0.2784
15279,15291,0.72675
15279,15292,1.0918
15279,15293,0.4779
15279,15294,0.8484999999999999
15279,15295,1.273
15279,15296,0.9564
15279,15297,0.9704
15279,15298,0.5598
15279,15299,0.3207
15280,14751,2.87745
15280,14754,2.63935
15280,14755,2.5589
15280,14756,2.371
15280,14774,2.7822
15280,14775,2.59845
15280,14776,2.33305
15280,14939,2.97
15280,14940,2.53365
15280,15073,2.92915
15280,15076,2.2386500000000003
15280,15278,0.461
15280,15279,0.2989
15280,15280,0.0882
15280,15281,0.25985
15280,15283,0.51525
15280,15284,0.4039
15280,15291,0.89535
15280,15292,1.2604
15280,15293,0.3829
15280,15294,0.7534500000000001
15280,15295,1.17795
15280,15296,0.8613500000000001
15280,15297,0.8754
15280,15298,0.7283999999999999
15280,15299,0.1764
15281,14751,2.8027
15281,14753,2.92925
15281,14754,2.5646
15281,14755,2.48415
15281,14756,2.29625
15281,14774,2.70745
15281,14775,2.52365
15281,14776,2.2583
15281,14939,2.89525
15281,14940,2.4589
15281,15067,2.9152
15281,15073,2.69245
15281,15076,2.00195
15281,15078,2.8668500000000003
15281,15278,0.5662
15281,15279,0.4041
15281,15280,0.25985
15281,15281,0.11395
15281,15283,0.6204500000000001
15281,15284,0.5091
15281,15291,0.9514
15281,15292,1.3656
15281,15293,0.4344
15281,15294,0.805
15281,15295,1.1032
15281,15296,0.7866
15281,15297,0.8006500000000001
15281,15298,0.8336
15281,15299,0.22795
15283,14754,2.9507000000000003
15283,14755,2.87025
15283,14756,2.68235
15283,14775,2.9098
15283,14776,2.6444
15283,14940,2.845
15283,15076,2.59925
15283,15278,0.1034
15283,15279,0.34665
15283,15280,0.51525
15283,15281,0.6204500000000001
15283,15283,0.0517
15283,15284,0.27285
15283,15291,0.7174
15283,15292,1.08245
15283,15293,0.69425
15283,15294,1.0654
15283,15295,1.4893
15283,15296,1.1727
15283,15297,1.18675
15283,15298,0.55045
15283,15299,0.537
15284,14751,2.9867
15284,14754,2.7486
15284,14755,2.66815
15284,14756,2.48025
15284,14774,2.89145
15284,14775,2.70765
15284,14776,2.4423
15284,14940,2.6429
15284,15076,2.48795
15284,15278,0.2186
15284,15279,0.2784
15284,15280,0.4039
15284,15281,0.5091
15284,15283,0.27285
15284,15284,0.1093
15284,15291,0.5089
15284,15292,0.87395
15284,15293,0.52695
15284,15294,0.85685
15284,15295,1.2872
15284,15296,1.0054500000000002
15284,15297,1.01945
15284,15298,0.3419
15284,15299,0.4256999999999999
15291,14751,2.7059
15291,14752,2.9881
15291,14753,2.83245
15291,14754,2.4678
15291,14755,2.38735
15291,14756,2.19945
15291,14774,2.61065
15291,14775,2.4269
15291,14776,2.1615
15291,14939,2.79845
15291,14940,2.3621
15291,15076,2.6901
15291,15278,0.66315
15291,15279,0.72675
15291,15280,0.89535
15291,15281,0.9514
15291,15283,0.7174
15291,15284,0.5089
15291,15291,0.18195
15291,15292,0.65635
15291,15293,0.517
15291,15294,0.5760500000000001
15291,15295,1.0064
15291,15296,0.76565
15291,15297,0.77965
15291,15298,0.3639
15291,15299,0.7234499999999999
15292,14751,2.57255
15292,14752,2.8548
15292,14753,2.55765
15292,14754,2.3345
15292,14755,2.11255
15292,14756,1.92465
15292,14774,2.4773
15292,14775,2.29355
15292,14776,1.8867
15292,14939,2.52365
15292,14940,2.0873
15292,14944,2.98775
15292,15278,1.0282
15292,15279,1.0918
15292,15280,1.2604
15292,15281,1.3656
15292,15283,1.08245
15292,15284,0.87395
15292,15291,0.65635
15292,15292,0.14155
15292,15293,0.94525
15292,15294,1.00435
15292,15295,0.7392000000000001
15292,15296,1.1939
15292,15297,1.20795
15292,15298,0.72895
15292,15299,1.15175
15293,14751,2.49455
15293,14752,2.7768
15293,14753,2.6211
15293,14754,2.25645
15293,14755,2.176
15293,14756,1.98815
15293,14774,2.3993
15293,14775,2.21555
15293,14776,1.95015
15293,14939,2.5871500000000003
15293,14940,2.15075
15293,15073,2.89275
15293,15076,2.2022500000000003
15293,15278,0.64
15293,15279,0.4779
15293,15280,0.3829
15293,15281,0.4344
15293,15283,0.69425
15293,15284,0.52695
15293,15291,0.517
15293,15292,0.94525
15293,15293,0.10325
15293,15294,0.37055
15293,15295,0.79505
15293,15296,0.47845
15293,15297,0.4925
15293,15298,0.6527999999999999
15293,15299,0.2065
15294,14751,2.1438
15294,14752,2.42605
15294,14753,2.27035
15294,14754,1.9057
15294,14755,1.82525
15294,14756,1.63735
15294,14774,2.04855
15294,14775,1.8648
15294,14776,1.5994
15294,14939,2.2364
15294,14940,1.8
15294,14944,2.7005
15294,14959,2.73465
15294,14962,2.9606000000000003
15294,15076,2.31525
15294,15278,1.01115
15294,15279,0.8484999999999999
15294,15280,0.7534500000000001
15294,15281,0.805
15294,15283,1.0654
15294,15284,0.85685
15294,15291,0.5760500000000001
15294,15292,1.00435
15294,15293,0.37055
15294,15294,0.12925
15294,15295,0.4443
15294,15296,0.3908
15294,15297,0.40485
15294,15298,0.7119
15294,15299,0.5770500000000001
15295,14751,1.9505
15295,14752,2.23275
15295,14753,2.0771
15295,14754,1.71245
15295,14755,1.6319500000000002
15295,14756,1.4441000000000002
15295,14774,1.85525
15295,14775,1.6715
15295,14776,1.40615
15295,14939,2.0431
15295,14940,1.6067
15295,14944,2.5072
15295,14959,2.54135
15295,14961,2.9646
15295,14962,2.76735
15295,14963,2.9071
15295,14966,3.0106
15295,15076,2.5121
15295,15278,1.43505
15295,15279,1.273
15295,15280,1.17795
15295,15281,1.1032
15295,15283,1.4893
15295,15284,1.2872
15295,15291,1.0064
15295,15292,0.7392000000000001
15295,15293,0.79505
15295,15294,0.4443
15295,15295,0.07375
15295,15296,0.58765
15295,15297,0.60165
15295,15298,1.1422
15295,15299,1.00155
15296,14751,2.28715
15296,14752,2.56935
15296,14753,2.4137
15296,14754,2.0490500000000003
15296,14755,1.9686
15296,14756,1.7807
15296,14774,2.1919
15296,14775,2.0081
15296,14776,1.7427499999999998
15296,14939,2.3797
15296,14940,1.94335
15296,14944,2.8438
15296,14959,2.87795
15296,15073,2.886
15296,15076,2.1955
15296,15278,1.11845
15296,15279,0.9564
15296,15280,0.8613500000000001
15296,15281,0.7866
15296,15283,1.1727
15296,15284,1.0054500000000002
15296,15291,0.76565
15296,15292,1.1939
15296,15293,0.47845
15296,15294,0.3908
15296,15295,0.58765
15296,15296,0.05785
15296,15297,0.11565
15296,15298,0.90145
15296,15299,0.68495
15297,14751,2.3011500000000003
15297,14752,2.5834
15297,14753,2.4277
15297,14754,2.06305
15297,14755,1.9826
15297,14756,1.79475
15297,14774,2.2059
15297,14775,2.02215
15297,14776,1.7567499999999998
15297,14939,2.39375
15297,14940,1.95735
15297,14944,2.85785
15297,14959,2.8920000000000003
15297,15073,2.9
15297,15076,2.2095
15297,15278,1.1324999999999998
15297,15279,0.9704
15297,15280,0.8754
15297,15281,0.8006500000000001
15297,15283,1.18675
15297,15284,1.01945
15297,15291,0.77965
15297,15292,1.20795
15297,15293,0.4925
15297,15294,0.40485
15297,15295,0.60165
15297,15296,0.11565
15297,15297,0.05785
15297,15298,0.9155
15297,15299,0.6990000000000001
15298,14751,2.8417000000000003
15298,14753,2.9682500000000003
15298,14754,2.6036
15298,14755,2.52315
15298,14756,2.33525
15298,14774,2.7464500000000003
15298,14775,2.5627
15298,14776,2.2973
15298,14939,2.9343
15298,14940,2.4979
15298,15076,2.6329
15298,15278,0.4962
15298,15279,0.5598
15298,15280,0.7283999999999999
15298,15281,0.8336
15298,15283,0.55045
15298,15284,0.3419
15298,15291,0.3639
15298,15292,0.72895
15298,15293,0.6527999999999999
15298,15294,0.7119
15298,15295,1.1422
15298,15296,0.90145
15298,15297,0.9155
15298,15298,0.17095
15298,15299,0.6628999999999999
15299,14751,2.70105
15299,14752,2.98325
15299,14753,2.8276
15299,14754,2.46295
15299,14755,2.3825
15299,14756,2.1946000000000003
15299,14774,2.6058
15299,14775,2.42205
15299,14776,2.15665
15299,14939,2.7936
15299,14940,2.35725
15299,15073,2.8869
15299,15076,2.1964
15299,15278,0.4827499999999999
15299,15279,0.3207
15299,15280,0.1764
15299,15281,0.22795
15299,15283,0.537
15299,15284,0.4256999999999999
15299,15291,0.7234499999999999
15299,15292,1.15175
15299,15293,0.2065
15299,15294,0.5770500000000001
15299,15295,1.00155
15299,15296,0.68495
15299,15297,0.6990000000000001
15299,15298,0.6628999999999999
15299,15299,0.0882
16436,16436,0.1799
16436,16437,2.62025
16436,16438,2.11225
16436,16439,2.58625
16436,16440,2.0238
16436,16441,2.0238
16436,16698,2.7701
16437,16436,2.62025
16437,16437,0.1846
16437,16438,0.5871500000000001
16437,16439,1.0611000000000002
16437,16440,0.5965
16437,16441,0.5965
16437,16698,1.245
16437,16699,2.6718
16437,16701,2.433
16437,16704,2.1172
16437,16707,1.5622
16438,16436,2.11225
16438,16437,0.5871500000000001
16438,16438,0.18085
16438,16439,0.474
16438,16440,0.3617
16438,16441,0.3617
16438,16698,0.65785
16438,16699,2.0847
16438,16700,2.6036
16438,16701,1.8459
16438,16702,2.9764500000000003
16438,16704,1.53005
16438,16705,2.51515
16438,16707,0.9751
16439,16436,2.58625
16439,16437,1.0611000000000002
16439,16438,0.474
16439,16439,0.07885
16439,16440,0.83565
16439,16441,0.83565
16439,16698,0.1839
16439,16699,1.6107
16439,16700,2.1296500000000003
16439,16701,1.3719
16439,16702,2.50245
16439,16704,1.05605
16439,16705,2.04115
16439,16706,2.6897
16439,16707,0.5011
16440,16436,2.0238
16440,16437,0.5965
16440,16438,0.3617
16440,16439,0.83565
16440,16440,0.18085
16440,16441,0.6146
16440,16698,1.01955
16440,16699,2.4464
16440,16700,2.9653
16440,16701,2.2075500000000003
16440,16704,1.89175
16440,16705,2.8768
16440,16707,1.33675
16441,16436,2.0238
16441,16437,0.5965
16441,16438,0.3617
16441,16439,0.83565
16441,16440,0.6146
16441,16441,0.18085
16441,16698,1.01955
16441,16699,2.4464
16441,16700,2.9653
16441,16701,2.2075500000000003
16441,16704,1.89175
16441,16705,2.8768
16441,16707,1.33675
16461,16461,0.2637
16461,16462,0.5274
16461,16466,2.97485
16461,16468,3.01645
16462,16461,0.5274
16462,16462,0.2637
16462,16466,2.4474
16462,16468,2.48905
16462,16470,2.9556
16462,16473,2.8618
16462,16482,2.8639
16462,16484,2.81835
16462,16500,0.5274
16466,16461,2.97485
16466,16462,2.4474
16466,16466,0.11455
16466,16468,0.22905
16466,16470,0.79585
16466,16471,1.2737
16466,16472,1.6766
16466,16473,1.1693
16466,16476,1.60545
16466,16479,1.8272
16466,16481,1.1880000000000002
16466,16482,1.1714
16466,16483,1.5207000000000002
16466,16484,1.12585
16466,16485,1.9200500000000005
16466,16486,1.8208
16466,16490,1.8552
16466,16493,1.67755
16466,16500,2.97485
16466,16501,1.6766
16466,16502,2.02625
16466,18639,2.0026
16468,16461,3.01645
16468,16462,2.48905
16468,16466,0.22905
16468,16468,0.11455
16468,16470,0.5668
16468,16471,1.04465
16468,16472,1.44755
16468,16473,0.9837
16468,16476,1.3763999999999998
16468,16479,1.59815
16468,16481,0.95895
16468,16482,0.9858
16468,16483,1.3351000000000002
16468,16484,0.94025
16468,16485,1.691
16468,16486,1.59175
16468,16490,1.6261500000000002
16468,16493,1.4485
16468,16500,3.01645
16468,16501,1.44755
16468,16502,1.7972
16468,18639,1.7735499999999995
16470,16462,3.1537
16470,16466,0.99395
16470,16468,0.7649
16470,16470,0.23895
16470,16471,0.47785
16470,16472,0.8807499999999999
16470,16473,1.4966
16470,16476,1.0747
16470,16479,1.29645
16470,16481,0.6572
16470,16482,1.36475
16470,16483,1.5393
16470,16484,1.3192
16470,16485,1.3893
16470,16486,1.29
16470,16490,1.3244
16470,16493,0.8817
16470,16501,0.8807499999999999
16470,16502,1.2304
16470,18639,1.47185
16471,16466,1.4718
16471,16468,1.24275
16471,16470,0.47785
16471,16471,0.23895
16471,16472,0.5841000000000001
16471,16473,1.9745
16471,16476,1.1949
16471,16479,1.2968
16471,16481,1.1351
16471,16482,1.8426
16471,16483,2.01715
16471,16484,1.79705
16471,16485,1.00885
16471,16486,1.0344
16471,16490,1.0688
16471,16493,0.7412
16471,16501,0.5841000000000001
16471,16502,0.93375
16471,18639,1.0336
16472,16466,1.8747
16472,16468,1.6456499999999998
16472,16470,0.8807499999999999
16472,16471,0.5841000000000001
16472,16472,0.2789
16472,16473,2.3774
16472,16476,1.09835
16472,16479,1.2003
16472,16481,1.538
16472,16482,2.2455
16472,16483,1.95895
16472,16484,2.1999500000000003
16472,16485,0.91235
16472,16486,0.9379
16472,16490,0.97225
16472,16493,1.14415
16472,16501,0.65165
16472,16502,0.6880499999999999
16472,18639,0.7878999999999999
16473,16462,2.8618
16473,16466,1.1693
16473,16468,0.9837
16473,16470,1.2985
16473,16471,1.7764
16473,16472,2.1793
16473,16473,0.22215
16473,16476,2.10815
16473,16479,1.84045
16473,16481,1.1960000000000002
16473,16482,0.7315
16473,16483,1.08075
16473,16484,0.68595
16473,16485,2.42275
16473,16486,2.32345
16473,16490,2.35785
16473,16493,2.1802
16473,16501,2.1793
16473,16502,2.52895
16473,18639,2.5053
16476,16466,1.60545
16476,16468,1.3763999999999998
16476,16470,1.0747
16476,16471,1.1949
16476,16472,1.09835
16476,16473,2.10815
16476,16476,0.34335
16476,16479,0.6931499999999999
16476,16481,1.0452
16476,16482,1.7527
16476,16483,1.4518
16476,16484,1.70715
16476,16485,0.786
16476,16486,0.6867
16476,16490,0.7211000000000001
16476,16493,1.7549
16476,16501,1.09835
16476,16502,1.14515
16476,18639,0.8685499999999999
16479,16466,1.8272
16479,16468,1.59815
16479,16470,1.29645
16479,16471,1.2968
16479,16472,1.2003
16479,16473,1.84045
16479,16476,0.6931499999999999
16479,16479,0.34655
16479,16481,1.26695
16479,16482,1.51985
16479,16483,0.92435
16479,16484,1.4743
16479,16485,0.8878999999999999
16479,16486,0.78865
16479,16490,0.82305
16479,16493,1.85685
16479,16501,1.2003
16479,16502,1.24705
16479,18639,0.9705
16481,16466,1.1880000000000002
16481,16468,0.95895
16481,16470,0.6572
16481,16471,1.1351
16481,16472,1.538
16481,16473,1.1960000000000002
16481,16476,1.0452
16481,16479,1.26695
16481,16481,0.3286
16481,16482,0.7075
16481,16483,0.8820499999999999
16481,16484,0.66195
16481,16485,1.3598
16481,16486,1.2605499999999998
16481,16490,1.29495
16481,16493,1.5389
16481,16501,1.538
16481,16502,1.71895
16481,18639,1.44235
16482,16462,2.8639
16482,16466,1.1714
16482,16468,0.9858
16482,16470,1.36475
16482,16471,1.8426
16482,16472,2.2455
16482,16473,0.7315
16482,16476,1.7527
16482,16479,1.51985
16482,16481,0.7075
16482,16482,0.02275
16482,16483,0.76015
16482,16484,0.04555
16482,16485,2.0673
16482,16486,1.96805
16482,16490,2.00245
16482,16493,2.2464
16482,16501,2.2455
16482,16502,2.42645
16482,18639,2.1499
16483,16466,1.5207000000000002
16483,16468,1.3351000000000002
16483,16470,1.5393
16483,16471,2.01715
16483,16472,1.95895
16483,16473,1.08075
16483,16476,1.4518
16483,16479,0.92435
16483,16481,0.8820499999999999
16483,16482,0.76015
16483,16483,0.1538
16483,16484,0.7146
16483,16485,1.6466
16483,16486,1.5473
16483,16490,1.5817
16483,16493,2.42095
16483,16501,1.95895
16483,16502,2.00575
16483,18639,1.72915
16484,16462,2.81835
16484,16466,1.12585
16484,16468,0.94025
16484,16470,1.3192
16484,16471,1.79705
16484,16472,2.1999500000000003
16484,16473,0.68595
16484,16476,1.70715
16484,16479,1.4743
16484,16481,0.66195
16484,16482,0.04555
16484,16483,0.7146
16484,16484,0.02275
16484,16485,2.02175
16484,16486,1.9225
16484,16490,1.9569
16484,16493,2.2009
16484,16501,2.1999500000000003
16484,16502,2.3809
16484,18639,2.10435
16485,16466,1.9200500000000005
16485,16468,1.691
16485,16470,1.3893
16485,16471,1.00885
16485,16472,0.91235
16485,16473,2.42275
16485,16476,0.786
16485,16479,0.8878999999999999
16485,16481,1.3598
16485,16482,2.0673
16485,16483,1.6466
16485,16484,2.02175
16485,16485,0.04965
16485,16486,0.09925
16485,16490,0.13365
16485,16493,1.5689
16485,16501,0.91235
16485,16502,0.9591
16485,18639,0.68255
16486,16466,1.8208
16486,16468,1.59175
16486,16470,1.29
16486,16471,1.0344
16486,16472,0.9379
16486,16473,2.32345
16486,16476,0.6867
16486,16479,0.78865
16486,16481,1.2605499999999998
16486,16482,1.96805
16486,16483,1.5473
16486,16484,1.9225
16486,16485,0.09925
16486,16486,0.0172
16486,16490,0.0344
16486,16493,1.59445
16486,16501,0.9379
16486,16502,0.98465
16486,18639,0.7081000000000001
16490,16466,1.8552
16490,16468,1.6261500000000002
16490,16470,1.3244
16490,16471,1.0688
16490,16472,0.97225
16490,16473,2.35785
16490,16476,0.7211000000000001
16490,16479,0.82305
16490,16481,1.29495
16490,16482,2.00245
16490,16483,1.5817
16490,16484,1.9569
16490,16485,0.13365
16490,16486,0.0344
16490,16490,0.0172
16490,16493,1.62885
16490,16501,0.97225
16490,16502,1.01905
16490,18639,0.74245
16493,16466,1.87565
16493,16468,1.6466
16493,16470,0.8817
16493,16471,0.7412
16493,16472,1.14415
16493,16473,2.3783000000000003
16493,16476,1.7549
16493,16479,1.85685
16493,16481,1.5389
16493,16482,2.2464
16493,16483,2.42095
16493,16484,2.2009
16493,16485,1.5689
16493,16486,1.59445
16493,16490,1.62885
16493,16493,0.3706
16493,16501,1.14415
16493,16502,1.4938
16493,18639,1.59365
16500,16462,0.5274
16500,16466,2.97485
16500,16468,3.01645
16500,16500,0.2637
16501,16466,1.8747
16501,16468,1.6456499999999998
16501,16470,0.8807499999999999
16501,16471,0.5841000000000001
16501,16472,0.65165
16501,16473,2.3774
16501,16476,1.09835
16501,16479,1.2003
16501,16481,1.538
16501,16482,2.2455
16501,16483,1.95895
16501,16484,2.1999500000000003
16501,16485,0.91235
16501,16486,0.9379
16501,16490,0.97225
16501,16493,1.14415
16501,16501,0.2789
16501,16502,0.6880499999999999
16501,18639,0.7878999999999999
16502,16466,2.2243500000000003
16502,16468,1.9953
16502,16470,1.2304
16502,16471,0.93375
16502,16472,0.6880499999999999
16502,16473,2.72705
16502,16476,1.14515
16502,16479,1.24705
16502,16481,1.71895
16502,16482,2.42645
16502,16483,2.00575
16502,16484,2.3809
16502,16485,0.9591
16502,16486,0.98465
16502,16490,1.01905
16502,16493,1.4938
16502,16501,0.6880499999999999
16502,16502,0.08025
16502,18639,0.8147
16698,16436,2.7701
16698,16437,1.245
16698,16438,0.65785
16698,16439,0.1839
16698,16440,1.01955
16698,16441,1.01955
16698,16698,0.0911
16698,16699,1.7946000000000002
16698,16700,2.3135000000000003
16698,16701,1.5558
16698,16702,2.68635
16698,16704,1.23995
16698,16705,2.22505
16698,16706,2.87355
16698,16707,0.6849999999999999
16699,16437,2.6718
16699,16438,2.0847
16699,16439,1.6107
16699,16440,2.4464
16699,16441,2.4464
16699,16698,1.7946000000000002
16699,16699,0.3191
16699,16700,0.7189
16699,16701,0.63815
16699,16702,1.0917
16699,16704,2.1938500000000003
16699,16705,1.09115
16699,16706,1.7396999999999998
16699,16707,1.1096
16700,16438,2.6036
16700,16439,2.1296500000000003
16700,16440,2.9653
16700,16441,2.9653
16700,16698,2.3135000000000003
16700,16699,0.7189
16700,16700,0.35945
16700,16701,1.1571
16700,16702,0.8141999999999999
16700,16704,2.0668
16700,16705,0.96415
16700,16706,1.5515
16700,16707,1.62855
16701,16437,2.433
16701,16438,1.8459
16701,16439,1.3719
16701,16440,2.2075500000000003
16701,16441,2.2075500000000003
16701,16698,1.5558
16701,16699,0.63815
16701,16700,1.1571
16701,16701,0.3191
16701,16702,1.5299
16701,16704,2.00185
16701,16705,1.52935
16701,16706,2.1778500000000003
16701,16707,0.8708
16702,16438,2.9764500000000003
16702,16439,2.50245
16702,16698,2.68635
16702,16699,1.0917
16702,16700,0.8141999999999999
16702,16701,1.5299
16702,16702,0.3485
16702,16704,2.4022
16702,16705,0.98045
16702,16706,1.05005
16702,16707,2.00135
16704,16437,2.1172
16704,16438,1.53005
16704,16439,1.05605
16704,16440,1.89175
16704,16441,1.89175
16704,16698,1.23995
16704,16699,2.1938500000000003
16704,16700,2.0668
16704,16701,2.00185
16704,16702,2.43965
16704,16704,0.35305
16704,16705,1.4217499999999998
16704,16706,2.07025
16704,16707,1.13105
16705,16438,2.51515
16705,16439,2.04115
16705,16440,2.8768
16705,16441,2.8768
16705,16698,2.22505
16705,16699,1.09115
16705,16700,0.96415
16705,16701,1.52935
16705,16702,0.98045
16705,16704,1.4217499999999998
16705,16705,0.25545
16705,16706,0.64855
16705,16707,2.0008
16706,16439,2.6897
16706,16698,2.87355
16706,16699,1.7396999999999998
16706,16700,1.61265
16706,16701,2.1778500000000003
16706,16702,1.05005
16706,16704,2.07025
16706,16705,0.64855
16706,16706,0.2156
16706,16707,2.6493
16707,16437,1.5622
16707,16438,0.9751
16707,16439,0.5011
16707,16440,1.33675
16707,16441,1.33675
16707,16698,0.6849999999999999
16707,16699,1.1096
16707,16700,1.62855
16707,16701,0.8708
16707,16702,2.00135
16707,16704,1.13105
16707,16705,2.0008
16707,16706,2.6493
16707,16707,0.25055
16759,14960,2.6439
16759,14961,2.7704
16759,14965,2.9021
16759,16759,0.03195
16759,16760,1.03435
16759,16761,0.0638499999999999
16759,16762,2.1482
16759,16763,2.11065
16759,16764,1.16205
16759,16765,0.64295
16759,16766,1.18975
16759,16768,2.2573
16759,16769,1.99195
16759,16770,1.6751999999999998
16759,16771,1.82205
16759,16772,1.56975
16759,16773,1.0174
16759,16774,0.31315
16759,16775,1.2781
16759,16779,0.4947
16759,16780,0.36475
16759,16781,1.71985
16759,16782,1.9927
16759,16783,0.0638499999999999
16759,16784,1.2358
16759,16785,1.46285
16759,16786,1.67145
16759,16787,1.7861
16759,16788,1.6356000000000002
16759,16789,2.00455
16759,16790,2.23595
16759,16791,1.5943
16759,16792,1.28425
16759,16856,2.35865
16759,16857,2.5046500000000003
16759,16923,3.0255
16759,16926,2.9045
16759,16927,2.86705
16759,16930,3.06495
16759,17047,3.0345500000000003
16759,17048,2.98765
16759,17068,2.59525
16759,17069,2.7105
16759,17070,2.976
16759,17072,2.9261
16759,17125,0.5319499999999999
16759,17134,1.33185
16759,17135,1.45905
16759,17139,0.7212500000000001
16760,14960,2.6439
16760,14961,2.7704
16760,14965,2.9021
16760,16759,1.03435
16760,16760,0.03195
16760,16761,0.0638499999999999
16760,16762,2.1482
16760,16763,2.11065
16760,16764,1.16205
16760,16765,0.64295
16760,16766,1.18975
16760,16768,2.2573
16760,16769,1.99195
16760,16770,1.6751999999999998
16760,16771,1.82205
16760,16772,1.56975
16760,16773,1.0174
16760,16774,0.31315
16760,16775,1.2781
16760,16779,0.4947
16760,16780,0.36475
16760,16781,1.71985
16760,16782,1.9927
16760,16783,0.0638499999999999
16760,16784,1.2358
16760,16785,1.46285
16760,16786,1.67145
16760,16787,1.7861
16760,16788,1.6356000000000002
16760,16789,2.00455
16760,16790,2.23595
16760,16791,1.5943
16760,16792,1.28425
16760,16856,2.35865
16760,16857,2.5046500000000003
16760,16923,3.0255
16760,16926,2.9045
16760,16927,2.86705
16760,16930,3.06495
16760,17047,3.0345500000000003
16760,17048,2.98765
16760,17068,2.59525
16760,17069,2.7105
16760,17070,2.976
16760,17072,2.9261
16760,17125,0.5319499999999999
16760,17134,1.33185
16760,17135,1.45905
16760,17139,0.7212500000000001
