Unnamed: 0,person_id,age,household_id,member_id,sex,relate,race_id,esr,wkhp,wkw,schg,mil,naicsp,industry,maz_seqid,zone_id
2630443,2630444,75.0,1065162,1,2,0,4,6.0,-9.0,-9.0,-9.0,4.0,-9,0.0,22688.0,2109.0
2630444,2630445,75.0,1065163,1,2,0,4,6.0,-9.0,-9.0,-9.0,4.0,-9,0.0,22688.0,2109.0
2630445,2630446,75.0,1065164,1,2,0,4,6.0,-9.0,-9.0,-9.0,4.0,-9,0.0,22687.0,2109.0
2630446,2630447,75.0,1065165,1,2,0,4,6.0,-9.0,-9.0,-9.0,4.0,-9,0.0,22688.0,2109.0
2630447,2630448,75.0,1065166,1,2,0,4,6.0,-9.0,-9.0,-9.0,4.0,-9,0.0,22688.0,2109.0
2630448,2630449,75.0,1065167,1,2,0,4,6.0,-9.0,-9.0,-9.0,4.0,-9,0.0,22688.0,2109.0
2630449,2630450,75.0,1065168,1,2,0,4,6.0,-9.0,-9.0,-9.0,4.0,-9,0.0,22686.0,2109.0
2630450,2630451,75.0,1065169,1,2,0,4,6.0,-9.0,-9.0,-9.0,4.0,-9,0.0,22685.0,2109.0
2630451,2630452,75.0,1065170,1,2,0,4,6.0,-9.0,-9.0,-9.0,4.0,-9,0.0,22688.0,2109.0
2630452,2630453,75.0,1065171,1,2,0,4,6.0,-9.0,-9.0,-9.0,4.0,-9,0.0,22688.0,2109.0
2630453,2630454,75.0,1065172,1,2,0,4,6.0,-9.0,-9.0,-9.0,4.0,-9,0.0,22688.0,2109.0
2630454,2630455,75.0,1065173,1,2,0,4,6.0,-9.0,-9.0,-9.0,4.0,-9,0.0,22688.0,2109.0
2630455,2630456,75.0,1065174,1,2,0,4,6.0,-9.0,-9.0,-9.0,4.0,-9,0.0,22688.0,2109.0
2630456,2630457,75.0,1065175,1,2,0,4,6.0,-9.0,-9.0,-9.0,4.0,-9,0.0,22688.0,2109.0
2630457,2630458,72.0,1065176,1,2,0,2,6.0,-9.0,-9.0,-9.0,4.0,-9,0.0,22688.0,2109.0
2630458,2630459,65.0,1065177,1,1,0,2,6.0,-9.0,-9.0,-9.0,4.0,-9,0.0,22687.0,2109.0
2630459,2630460,66.0,1065178,1,2,0,2,6.0,-9.0,-9.0,-9.0,4.0,-9,0.0,22688.0,2109.0
2630460,2630461,38.0,1065178,2,1,2,2,1.0,20.0,6.0,-9.0,4.0,4249Z,4.0,22688.0,2109.0
2630461,2630462,78.0,1065179,1,2,0,2,6.0,-9.0,-9.0,-9.0,4.0,-9,0.0,22688.0,2109.0
2630462,2630463,68.0,1065180,1,2,0,2,6.0,-9.0,-9.0,-9.0,4.0,-9,0.0,22688.0,2109.0
2630463,2630464,66.0,1065181,1,2,0,3,6.0,-9.0,-9.0,-9.0,4.0,-9,0.0,22688.0,2109.0
2630464,2630465,66.0,1065182,1,2,0,3,6.0,-9.0,-9.0,-9.0,4.0,-9,0.0,22688.0,2109.0
2630465,2630466,66.0,1065183,1,2,0,3,6.0,-9.0,-9.0,-9.0,4.0,-9,0.0,22688.0,2109.0
2630466,2630467,66.0,1065184,1,2,0,3,6.0,-9.0,-9.0,-9.0,4.0,-9,0.0,22686.0,2109.0
2630467,2630468,66.0,1065185,1,2,0,3,6.0,-9.0,-9.0,-9.0,4.0,-9,0.0,22688.0,2109.0
2630468,2630469,66.0,1065186,1,2,0,3,6.0,-9.0,-9.0,-9.0,4.0,-9,0.0,22688.0,2109.0
2630469,2630470,66.0,1065187,1,2,0,3,6.0,-9.0,-9.0,-9.0,4.0,-9,0.0,22685.0,2109.0
2630470,2630471,66.0,1065188,1,2,0,3,6.0,-9.0,-9.0,-9.0,4.0,-9,0.0,22688.0,2109.0
2630471,2630472,66.0,1065189,1,2,0,3,6.0,-9.0,-9.0,-9.0,4.0,-9,0.0,22686.0,2109.0
2630472,2630473,66.0,1065190,1,2,0,3,6.0,-9.0,-9.0,-9.0,4.0,-9,0.0,22688.0,2109.0
2630473,2630474,84.0,1065191,1,2,0,3,6.0,-9.0,-9.0,-9.0,4.0,-9,0.0,22688.0,2109.0
2630474,2630475,84.0,1065192,1,2,0,3,6.0,-9.0,-9.0,-9.0,4.0,-9,0.0,22688.0,2109.0
2630475,2630476,84.0,1065193,1,2,0,3,6.0,-9.0,-9.0,-9.0,4.0,-9,0.0,22688.0,2109.0
2630476,2630477,84.0,1065194,1,2,0,3,6.0,-9.0,-9.0,-9.0,4.0,-9,0.0,22686.0,2109.0
2630477,2630478,74.0,1065195,1,2,0,1,6.0,-9.0,-9.0,-9.0,4.0,-9,0.0,22688.0,2109.0
2630478,2630479,69.0,1065195,2,2,5,1,6.0,-9.0,-9.0,-9.0,4.0,-9,0.0,22688.0,2109.0
2630479,2630480,71.0,1065196,1,2,0,1,6.0,-9.0,-9.0,-9.0,4.0,-9,0.0,22688.0,2109.0
2630480,2630481,78.0,1065197,1,2,0,1,6.0,-9.0,-9.0,-9.0,4.0,-9,0.0,22688.0,2109.0
2630481,2630482,80.0,1065198,1,2,0,1,6.0,-9.0,-9.0,-9.0,4.0,-9,0.0,22686.0,2109.0
2630482,2630483,71.0,1065199,1,1,0,1,6.0,-9.0,-9.0,-9.0,4.0,-9,0.0,22688.0,2109.0
2630483,2630484,66.0,1065200,1,1,0,1,6.0,-9.0,-9.0,-9.0,4.0,-9,0.0,22688.0,2109.0
2630484,2630485,88.0,1065201,1,2,0,1,6.0,-9.0,-9.0,-9.0,4.0,-9,0.0,22688.0,2109.0
2630485,2630486,94.0,1065202,1,2,0,1,6.0,-9.0,-9.0,-9.0,4.0,-9,0.0,22688.0,2109.0
2630486,2630487,88.0,1065203,1,2,0,1,6.0,-9.0,-9.0,-9.0,4.0,-9,0.0,22688.0,2109.0
2630487,2630488,70.0,1065204,1,1,0,1,6.0,-9.0,-9.0,-9.0,4.0,-9,0.0,22688.0,2109.0
2630488,2630489,49.0,1065205,1,2,0,4,1.0,40.0,3.0,-9.0,4.0,5413,10.0,22685.0,2109.0
2630489,2630490,21.0,1065205,2,2,2,4,1.0,25.0,1.0,-9.0,4.0,6241,14.0,22685.0,2109.0
2630490,2630491,49.0,1065206,1,2,0,4,1.0,40.0,3.0,-9.0,4.0,5413,10.0,22688.0,2109.0
2630491,2630492,21.0,1065206,2,2,2,4,1.0,25.0,1.0,-9.0,4.0,6241,14.0,22688.0,2109.0
2630492,2630493,49.0,1065207,1,2,0,4,1.0,40.0,3.0,-9.0,4.0,5413,10.0,22687.0,2109.0
2630493,2630494,21.0,1065207,2,2,2,4,1.0,25.0,1.0,-9.0,4.0,6241,14.0,22687.0,2109.0
2630494,2630495,49.0,1065208,1,2,0,4,1.0,40.0,3.0,-9.0,4.0,5413,10.0,22688.0,2109.0
2630495,2630496,21.0,1065208,2,2,2,4,1.0,25.0,1.0,-9.0,4.0,6241,14.0,22688.0,2109.0
2630496,2630497,59.0,1065209,1,1,0,4,6.0,-9.0,-9.0,-9.0,4.0,-9,0.0,22687.0,2109.0
2630497,2630498,29.0,1065209,2,2,2,4,1.0,21.0,1.0,-9.0,4.0,6216,14.0,22687.0,2109.0
2630498,2630499,23.0,1065209,3,2,2,4,3.0,14.0,4.0,14.0,4.0,6216,14.0,22687.0,2109.0
2630499,2630500,11.0,1065209,4,2,7,4,-9.0,-9.0,-9.0,8.0,-9.0,-9,0.0,22687.0,2109.0
2630500,2630501,6.0,1065209,5,1,7,4,-9.0,-9.0,-9.0,3.0,-9.0,-9,0.0,22687.0,2109.0
2630501,2630502,54.0,1065210,1,1,0,4,1.0,65.0,1.0,-9.0,4.0,3MS,3.0,22688.0,2109.0
2630502,2630503,54.0,1065211,1,1,0,4,1.0,65.0,1.0,-9.0,4.0,3MS,3.0,22688.0,2109.0
2630503,2630504,54.0,1065212,1,1,0,4,1.0,65.0,1.0,-9.0,4.0,3MS,3.0,22686.0,2109.0
2630504,2630505,49.0,1065213,1,1,0,4,1.0,40.0,1.0,-9.0,4.0,623M,14.0,22688.0,2109.0
2630505,2630506,45.0,1065213,2,2,1,4,6.0,-9.0,-9.0,-9.0,4.0,6111,13.0,22688.0,2109.0
2630506,2630507,13.0,1065213,3,1,2,4,-9.0,-9.0,-9.0,10.0,-9.0,-9,0.0,22688.0,2109.0
2630507,2630508,11.0,1065213,4,1,2,4,-9.0,-9.0,-9.0,8.0,-9.0,-9,0.0,22688.0,2109.0
2630508,2630509,8.0,1065213,5,1,2,4,-9.0,-9.0,-9.0,5.0,-9.0,-9,0.0,22688.0,2109.0
2630509,2630510,51.0,1065214,1,2,0,4,6.0,-9.0,-9.0,-9.0,4.0,-9,0.0,22688.0,2109.0
2630510,2630511,12.0,1065214,2,2,2,4,-9.0,-9.0,-9.0,9.0,-9.0,-9,0.0,22688.0,2109.0
2630511,2630512,51.0,1065215,1,2,0,4,6.0,-9.0,-9.0,-9.0,4.0,-9,0.0,22687.0,2109.0
2630512,2630513,12.0,1065215,2,2,2,4,-9.0,-9.0,-9.0,9.0,-9.0,-9,0.0,22687.0,2109.0
2630513,2630514,45.0,1065216,1,1,0,2,1.0,45.0,1.0,-9.0,4.0,722Z,16.0,22688.0,2109.0
2630514,2630515,21.0,1065216,2,1,2,2,1.0,40.0,4.0,-9.0,4.0,722Z,16.0,22688.0,2109.0
2630515,2630516,45.0,1065217,1,1,0,2,1.0,45.0,1.0,-9.0,4.0,722Z,16.0,22688.0,2109.0
2630516,2630517,21.0,1065217,2,1,2,2,1.0,40.0,4.0,-9.0,4.0,722Z,16.0,22688.0,2109.0
2630517,2630518,45.0,1065218,1,1,0,2,1.0,45.0,1.0,-9.0,4.0,722Z,16.0,22685.0,2109.0
2630518,2630519,21.0,1065218,2,1,2,2,1.0,40.0,4.0,-9.0,4.0,722Z,16.0,22685.0,2109.0
2630519,2630520,45.0,1065219,1,1,0,2,1.0,45.0,1.0,-9.0,4.0,722Z,16.0,22688.0,2109.0
2630520,2630521,21.0,1065219,2,1,2,2,1.0,40.0,4.0,-9.0,4.0,722Z,16.0,22688.0,2109.0
2630521,2630522,45.0,1065220,1,1,0,2,1.0,45.0,1.0,-9.0,4.0,722Z,16.0,22685.0,2109.0
2630522,2630523,21.0,1065220,2,1,2,2,1.0,40.0,4.0,-9.0,4.0,722Z,16.0,22685.0,2109.0
2630523,2630524,45.0,1065221,1,1,0,2,1.0,45.0,1.0,-9.0,4.0,722Z,16.0,22688.0,2109.0
2630524,2630525,21.0,1065221,2,1,2,2,1.0,40.0,4.0,-9.0,4.0,722Z,16.0,22688.0,2109.0
2630525,2630526,45.0,1065222,1,1,0,2,1.0,45.0,1.0,-9.0,4.0,722Z,16.0,22688.0,2109.0
2630526,2630527,21.0,1065222,2,1,2,2,1.0,40.0,4.0,-9.0,4.0,722Z,16.0,22688.0,2109.0
2630527,2630528,45.0,1065223,1,1,0,2,1.0,45.0,1.0,-9.0,4.0,722Z,16.0,22688.0,2109.0
2630528,2630529,21.0,1065223,2,1,2,2,1.0,40.0,4.0,-9.0,4.0,722Z,16.0,22688.0,2109.0
2630529,2630530,45.0,1065224,1,1,0,2,1.0,45.0,1.0,-9.0,4.0,722Z,16.0,22688.0,2109.0
2630530,2630531,21.0,1065224,2,1,2,2,1.0,40.0,4.0,-9.0,4.0,722Z,16.0,22688.0,2109.0
2630531,2630532,45.0,1065225,1,1,0,2,1.0,45.0,1.0,-9.0,4.0,722Z,16.0,22688.0,2109.0
2630532,2630533,21.0,1065225,2,1,2,2,1.0,40.0,4.0,-9.0,4.0,722Z,16.0,22688.0,2109.0
2630533,2630534,45.0,1065226,1,1,0,2,1.0,45.0,1.0,-9.0,4.0,722Z,16.0,22688.0,2109.0
2630534,2630535,21.0,1065226,2,1,2,2,1.0,40.0,4.0,-9.0,4.0,722Z,16.0,22688.0,2109.0
2630535,2630536,45.0,1065227,1,1,0,2,1.0,45.0,1.0,-9.0,4.0,722Z,16.0,22688.0,2109.0
2630536,2630537,21.0,1065227,2,1,2,2,1.0,40.0,4.0,-9.0,4.0,722Z,16.0,22688.0,2109.0
2630537,2630538,45.0,1065228,1,1,0,2,1.0,45.0,1.0,-9.0,4.0,722Z,16.0,22688.0,2109.0
2630538,2630539,21.0,1065228,2,1,2,2,1.0,40.0,4.0,-9.0,4.0,722Z,16.0,22688.0,2109.0
2630539,2630540,45.0,1065229,1,1,0,2,1.0,45.0,1.0,-9.0,4.0,722Z,16.0,22688.0,2109.0
2630540,2630541,21.0,1065229,2,1,2,2,1.0,40.0,4.0,-9.0,4.0,722Z,16.0,22688.0,2109.0
2630541,2630542,45.0,1065230,1,1,0,2,1.0,45.0,1.0,-9.0,4.0,722Z,16.0,22687.0,2109.0
2630542,2630543,21.0,1065230,2,1,2,2,1.0,40.0,4.0,-9.0,4.0,722Z,16.0,22687.0,2109.0
2630543,2630544,45.0,1065231,1,1,0,2,1.0,45.0,1.0,-9.0,4.0,722Z,16.0,22688.0,2109.0
2630544,2630545,21.0,1065231,2,1,2,2,1.0,40.0,4.0,-9.0,4.0,722Z,16.0,22688.0,2109.0
2630545,2630546,45.0,1065232,1,1,0,2,1.0,45.0,1.0,-9.0,4.0,722Z,16.0,22686.0,2109.0
2630546,2630547,21.0,1065232,2,1,2,2,1.0,40.0,4.0,-9.0,4.0,722Z,16.0,22686.0,2109.0
2630547,2630548,45.0,1065233,1,1,0,2,1.0,45.0,1.0,-9.0,4.0,722Z,16.0,22688.0,2109.0
2630548,2630549,21.0,1065233,2,1,2,2,1.0,40.0,4.0,-9.0,4.0,722Z,16.0,22688.0,2109.0
2630549,2630550,45.0,1065234,1,1,0,2,1.0,45.0,1.0,-9.0,4.0,722Z,16.0,22688.0,2109.0
2630550,2630551,21.0,1065234,2,1,2,2,1.0,40.0,4.0,-9.0,4.0,722Z,16.0,22688.0,2109.0
2630551,2630552,45.0,1065235,1,1,0,2,1.0,45.0,1.0,-9.0,4.0,722Z,16.0,22688.0,2109.0
2630552,2630553,21.0,1065235,2,1,2,2,1.0,40.0,4.0,-9.0,4.0,722Z,16.0,22688.0,2109.0
2630553,2630554,45.0,1065236,1,1,0,2,1.0,45.0,1.0,-9.0,4.0,722Z,16.0,22688.0,2109.0
2630554,2630555,21.0,1065236,2,1,2,2,1.0,40.0,4.0,-9.0,4.0,722Z,16.0,22688.0,2109.0
2630555,2630556,45.0,1065237,1,1,0,2,1.0,45.0,1.0,-9.0,4.0,722Z,16.0,22688.0,2109.0
2630556,2630557,21.0,1065237,2,1,2,2,1.0,40.0,4.0,-9.0,4.0,722Z,16.0,22688.0,2109.0
2630557,2630558,45.0,1065238,1,1,0,2,1.0,45.0,1.0,-9.0,4.0,722Z,16.0,22688.0,2109.0
2630558,2630559,21.0,1065238,2,1,2,2,1.0,40.0,4.0,-9.0,4.0,722Z,16.0,22688.0,2109.0
2630559,2630560,45.0,1065239,1,1,0,2,1.0,45.0,1.0,-9.0,4.0,722Z,16.0,22685.0,2109.0
2630560,2630561,21.0,1065239,2,1,2,2,1.0,40.0,4.0,-9.0,4.0,722Z,16.0,22685.0,2109.0
2630561,2630562,45.0,1065240,1,1,0,2,1.0,45.0,1.0,-9.0,4.0,722Z,16.0,22686.0,2109.0
2630562,2630563,21.0,1065240,2,1,2,2,1.0,40.0,4.0,-9.0,4.0,722Z,16.0,22686.0,2109.0
2630563,2630564,45.0,1065241,1,1,0,2,1.0,45.0,1.0,-9.0,4.0,722Z,16.0,22686.0,2109.0
2630564,2630565,21.0,1065241,2,1,2,2,1.0,40.0,4.0,-9.0,4.0,722Z,16.0,22686.0,2109.0
2630565,2630566,45.0,1065242,1,1,0,2,1.0,45.0,1.0,-9.0,4.0,722Z,16.0,22688.0,2109.0
2630566,2630567,21.0,1065242,2,1,2,2,1.0,40.0,4.0,-9.0,4.0,722Z,16.0,22688.0,2109.0
2630567,2630568,45.0,1065243,1,1,0,2,1.0,45.0,1.0,-9.0,4.0,722Z,16.0,22688.0,2109.0
2630568,2630569,21.0,1065243,2,1,2,2,1.0,40.0,4.0,-9.0,4.0,722Z,16.0,22688.0,2109.0
2630569,2630570,45.0,1065244,1,1,0,2,1.0,45.0,1.0,-9.0,4.0,722Z,16.0,22688.0,2109.0
2630570,2630571,21.0,1065244,2,1,2,2,1.0,40.0,4.0,-9.0,4.0,722Z,16.0,22688.0,2109.0
2630571,2630572,45.0,1065245,1,1,0,2,1.0,45.0,1.0,-9.0,4.0,722Z,16.0,22685.0,2109.0
2630572,2630573,21.0,1065245,2,1,2,2,1.0,40.0,4.0,-9.0,4.0,722Z,16.0,22685.0,2109.0
2630573,2630574,45.0,1065246,1,1,0,2,1.0,45.0,1.0,-9.0,4.0,722Z,16.0,22688.0,2109.0
2630574,2630575,21.0,1065246,2,1,2,2,1.0,40.0,4.0,-9.0,4.0,722Z,16.0,22688.0,2109.0
2630575,2630576,45.0,1065247,1,1,0,2,1.0,45.0,1.0,-9.0,4.0,722Z,16.0,22688.0,2109.0
2630576,2630577,21.0,1065247,2,1,2,2,1.0,40.0,4.0,-9.0,4.0,722Z,16.0,22688.0,2109.0
2630577,2630578,45.0,1065248,1,1,0,2,1.0,45.0,1.0,-9.0,4.0,722Z,16.0,22688.0,2109.0
2630578,2630579,21.0,1065248,2,1,2,2,1.0,40.0,4.0,-9.0,4.0,722Z,16.0,22688.0,2109.0
2630579,2630580,45.0,1065249,1,1,0,2,1.0,45.0,1.0,-9.0,4.0,722Z,16.0,22686.0,2109.0
2630580,2630581,21.0,1065249,2,1,2,2,1.0,40.0,4.0,-9.0,4.0,722Z,16.0,22686.0,2109.0
2630581,2630582,45.0,1065250,1,1,0,2,1.0,45.0,1.0,-9.0,4.0,722Z,16.0,22685.0,2109.0
2630582,2630583,21.0,1065250,2,1,2,2,1.0,40.0,4.0,-9.0,4.0,722Z,16.0,22685.0,2109.0
2630583,2630584,45.0,1065251,1,1,0,2,1.0,45.0,1.0,-9.0,4.0,722Z,16.0,22686.0,2109.0
2630584,2630585,21.0,1065251,2,1,2,2,1.0,40.0,4.0,-9.0,4.0,722Z,16.0,22686.0,2109.0
2630585,2630586,45.0,1065252,1,1,0,2,1.0,45.0,1.0,-9.0,4.0,722Z,16.0,22688.0,2109.0
2630586,2630587,21.0,1065252,2,1,2,2,1.0,40.0,4.0,-9.0,4.0,722Z,16.0,22688.0,2109.0
2630587,2630588,45.0,1065253,1,1,0,2,1.0,45.0,1.0,-9.0,4.0,722Z,16.0,22686.0,2109.0
2630588,2630589,21.0,1065253,2,1,2,2,1.0,40.0,4.0,-9.0,4.0,722Z,16.0,22686.0,2109.0
2630589,2630590,45.0,1065254,1,1,0,2,1.0,45.0,1.0,-9.0,4.0,722Z,16.0,22687.0,2109.0
2630590,2630591,21.0,1065254,2,1,2,2,1.0,40.0,4.0,-9.0,4.0,722Z,16.0,22687.0,2109.0
2630591,2630592,45.0,1065255,1,1,0,2,1.0,45.0,1.0,-9.0,4.0,722Z,16.0,22688.0,2109.0
2630592,2630593,21.0,1065255,2,1,2,2,1.0,40.0,4.0,-9.0,4.0,722Z,16.0,22688.0,2109.0
2630593,2630594,45.0,1065256,1,1,0,2,1.0,45.0,1.0,-9.0,4.0,722Z,16.0,22688.0,2109.0
2630594,2630595,21.0,1065256,2,1,2,2,1.0,40.0,4.0,-9.0,4.0,722Z,16.0,22688.0,2109.0
2630595,2630596,45.0,1065257,1,1,0,2,1.0,45.0,1.0,-9.0,4.0,722Z,16.0,22688.0,2109.0
2630596,2630597,21.0,1065257,2,1,2,2,1.0,40.0,4.0,-9.0,4.0,722Z,16.0,22688.0,2109.0
2630597,2630598,45.0,1065258,1,1,0,2,1.0,45.0,1.0,-9.0,4.0,722Z,16.0,22688.0,2109.0
2630598,2630599,21.0,1065258,2,1,2,2,1.0,40.0,4.0,-9.0,4.0,722Z,16.0,22688.0,2109.0
2630599,2630600,45.0,1065259,1,1,0,2,1.0,45.0,1.0,-9.0,4.0,722Z,16.0,22688.0,2109.0
2630600,2630601,21.0,1065259,2,1,2,2,1.0,40.0,4.0,-9.0,4.0,722Z,16.0,22688.0,2109.0
2630601,2630602,45.0,1065260,1,1,0,2,1.0,45.0,1.0,-9.0,4.0,722Z,16.0,22688.0,2109.0
2630602,2630603,21.0,1065260,2,1,2,2,1.0,40.0,4.0,-9.0,4.0,722Z,16.0,22688.0,2109.0
2630603,2630604,45.0,1065261,1,1,0,2,1.0,45.0,1.0,-9.0,4.0,722Z,16.0,22686.0,2109.0
2630604,2630605,21.0,1065261,2,1,2,2,1.0,40.0,4.0,-9.0,4.0,722Z,16.0,22686.0,2109.0
2630605,2630606,45.0,1065262,1,1,0,2,1.0,45.0,1.0,-9.0,4.0,722Z,16.0,22688.0,2109.0
2630606,2630607,21.0,1065262,2,1,2,2,1.0,40.0,4.0,-9.0,4.0,722Z,16.0,22688.0,2109.0
2630607,2630608,45.0,1065263,1,1,0,2,1.0,45.0,1.0,-9.0,4.0,722Z,16.0,22688.0,2109.0
2630608,2630609,21.0,1065263,2,1,2,2,1.0,40.0,4.0,-9.0,4.0,722Z,16.0,22688.0,2109.0
2630609,2630610,45.0,1065264,1,2,0,2,1.0,45.0,1.0,16.0,4.0,5241,9.0,22688.0,2109.0
2630610,2630611,45.0,1065265,1,2,0,2,1.0,45.0,1.0,16.0,4.0,5241,9.0,22686.0,2109.0
2630611,2630612,45.0,1065266,1,2,0,2,1.0,45.0,1.0,16.0,4.0,5241,9.0,22686.0,2109.0
2630612,2630613,45.0,1065267,1,2,0,2,1.0,45.0,1.0,16.0,4.0,5241,9.0,22687.0,2109.0
2630613,2630614,45.0,1065268,1,2,0,2,1.0,45.0,1.0,16.0,4.0,5241,9.0,22688.0,2109.0
2630614,2630615,45.0,1065269,1,2,0,2,1.0,45.0,1.0,16.0,4.0,5241,9.0,22688.0,2109.0
2630615,2630616,45.0,1065270,1,2,0,2,1.0,45.0,1.0,16.0,4.0,5241,9.0,22688.0,2109.0
2630616,2630617,57.0,1065271,1,1,0,2,6.0,-9.0,-9.0,-9.0,2.0,-9,0.0,22688.0,2109.0
2630617,2630618,70.0,1065271,2,2,1,2,6.0,-9.0,-9.0,-9.0,4.0,-9,0.0,22688.0,2109.0
2630618,2630619,21.0,1065271,3,1,10,2,1.0,40.0,6.0,-9.0,4.0,722Z,16.0,22688.0,2109.0
2630619,2630620,19.0,1065271,4,1,10,2,1.0,25.0,5.0,14.0,4.0,4523,5.0,22688.0,2109.0
2630620,2630621,57.0,1065272,1,1,0,2,6.0,-9.0,-9.0,-9.0,2.0,-9,0.0,22687.0,2109.0
2630621,2630622,70.0,1065272,2,2,1,2,6.0,-9.0,-9.0,-9.0,4.0,-9,0.0,22687.0,2109.0
2630622,2630623,21.0,1065272,3,1,10,2,1.0,40.0,6.0,-9.0,4.0,722Z,16.0,22687.0,2109.0
2630623,2630624,19.0,1065272,4,1,10,2,1.0,25.0,5.0,14.0,4.0,4523,5.0,22687.0,2109.0
2630624,2630625,57.0,1065273,1,1,0,2,6.0,-9.0,-9.0,-9.0,2.0,-9,0.0,22688.0,2109.0
2630625,2630626,70.0,1065273,2,2,1,2,6.0,-9.0,-9.0,-9.0,4.0,-9,0.0,22688.0,2109.0
2630626,2630627,21.0,1065273,3,1,10,2,1.0,40.0,6.0,-9.0,4.0,722Z,16.0,22688.0,2109.0
2630627,2630628,19.0,1065273,4,1,10,2,1.0,25.0,5.0,14.0,4.0,4523,5.0,22688.0,2109.0
2630628,2630629,57.0,1065274,1,1,0,2,6.0,-9.0,-9.0,-9.0,2.0,-9,0.0,22688.0,2109.0
2630629,2630630,70.0,1065274,2,2,1,2,6.0,-9.0,-9.0,-9.0,4.0,-9,0.0,22688.0,2109.0
2630630,2630631,21.0,1065274,3,1,10,2,1.0,40.0,6.0,-9.0,4.0,722Z,16.0,22688.0,2109.0
2630631,2630632,19.0,1065274,4,1,10,2,1.0,25.0,5.0,14.0,4.0,4523,5.0,22688.0,2109.0
2630632,2630633,57.0,1065275,1,1,0,2,6.0,-9.0,-9.0,-9.0,2.0,-9,0.0,22688.0,2109.0
2630633,2630634,70.0,1065275,2,2,1,2,6.0,-9.0,-9.0,-9.0,4.0,-9,0.0,22688.0,2109.0
2630634,2630635,21.0,1065275,3,1,10,2,1.0,40.0,6.0,-9.0,4.0,722Z,16.0,22688.0,2109.0
2630635,2630636,19.0,1065275,4,1,10,2,1.0,25.0,5.0,14.0,4.0,4523,5.0,22688.0,2109.0
2630636,2630637,57.0,1065276,1,1,0,2,6.0,-9.0,-9.0,-9.0,2.0,-9,0.0,22688.0,2109.0
2630637,2630638,70.0,1065276,2,2,1,2,6.0,-9.0,-9.0,-9.0,4.0,-9,0.0,22688.0,2109.0
2630638,2630639,21.0,1065276,3,1,10,2,1.0,40.0,6.0,-9.0,4.0,722Z,16.0,22688.0,2109.0
2630639,2630640,19.0,1065276,4,1,10,2,1.0,25.0,5.0,14.0,4.0,4523,5.0,22688.0,2109.0
2630640,2630641,57.0,1065277,1,1,0,2,6.0,-9.0,-9.0,-9.0,2.0,-9,0.0,22686.0,2109.0
2630641,2630642,70.0,1065277,2,2,1,2,6.0,-9.0,-9.0,-9.0,4.0,-9,0.0,22686.0,2109.0
2630642,2630643,21.0,1065277,3,1,10,2,1.0,40.0,6.0,-9.0,4.0,722Z,16.0,22686.0,2109.0
2630643,2630644,19.0,1065277,4,1,10,2,1.0,25.0,5.0,14.0,4.0,4523,5.0,22686.0,2109.0
2630644,2630645,57.0,1065278,1,1,0,2,6.0,-9.0,-9.0,-9.0,2.0,-9,0.0,22688.0,2109.0
2630645,2630646,70.0,1065278,2,2,1,2,6.0,-9.0,-9.0,-9.0,4.0,-9,0.0,22688.0,2109.0
2630646,2630647,21.0,1065278,3,1,10,2,1.0,40.0,6.0,-9.0,4.0,722Z,16.0,22688.0,2109.0
2630647,2630648,19.0,1065278,4,1,10,2,1.0,25.0,5.0,14.0,4.0,4523,5.0,22688.0,2109.0
2630648,2630649,57.0,1065279,1,1,0,2,6.0,-9.0,-9.0,-9.0,2.0,-9,0.0,22685.0,2109.0
2630649,2630650,70.0,1065279,2,2,1,2,6.0,-9.0,-9.0,-9.0,4.0,-9,0.0,22685.0,2109.0
2630650,2630651,21.0,1065279,3,1,10,2,1.0,40.0,6.0,-9.0,4.0,722Z,16.0,22685.0,2109.0
2630651,2630652,19.0,1065279,4,1,10,2,1.0,25.0,5.0,14.0,4.0,4523,5.0,22685.0,2109.0
2630652,2630653,57.0,1065280,1,1,0,2,6.0,-9.0,-9.0,-9.0,2.0,-9,0.0,22688.0,2109.0
2630653,2630654,70.0,1065280,2,2,1,2,6.0,-9.0,-9.0,-9.0,4.0,-9,0.0,22688.0,2109.0
2630654,2630655,21.0,1065280,3,1,10,2,1.0,40.0,6.0,-9.0,4.0,722Z,16.0,22688.0,2109.0
2630655,2630656,19.0,1065280,4,1,10,2,1.0,25.0,5.0,14.0,4.0,4523,5.0,22688.0,2109.0
2630656,2630657,57.0,1065281,1,1,0,2,6.0,-9.0,-9.0,-9.0,2.0,-9,0.0,22685.0,2109.0
2630657,2630658,70.0,1065281,2,2,1,2,6.0,-9.0,-9.0,-9.0,4.0,-9,0.0,22685.0,2109.0
2630658,2630659,21.0,1065281,3,1,10,2,1.0,40.0,6.0,-9.0,4.0,722Z,16.0,22685.0,2109.0
2630659,2630660,19.0,1065281,4,1,10,2,1.0,25.0,5.0,14.0,4.0,4523,5.0,22685.0,2109.0
2630660,2630661,57.0,1065282,1,1,0,2,6.0,-9.0,-9.0,-9.0,2.0,-9,0.0,22686.0,2109.0
2630661,2630662,70.0,1065282,2,2,1,2,6.0,-9.0,-9.0,-9.0,4.0,-9,0.0,22686.0,2109.0
2630662,2630663,21.0,1065282,3,1,10,2,1.0,40.0,6.0,-9.0,4.0,722Z,16.0,22686.0,2109.0
2630663,2630664,19.0,1065282,4,1,10,2,1.0,25.0,5.0,14.0,4.0,4523,5.0,22686.0,2109.0
2630664,2630665,57.0,1065283,1,1,0,2,6.0,-9.0,-9.0,-9.0,2.0,-9,0.0,22688.0,2109.0
2630665,2630666,70.0,1065283,2,2,1,2,6.0,-9.0,-9.0,-9.0,4.0,-9,0.0,22688.0,2109.0
2630666,2630667,21.0,1065283,3,1,10,2,1.0,40.0,6.0,-9.0,4.0,722Z,16.0,22688.0,2109.0
2630667,2630668,19.0,1065283,4,1,10,2,1.0,25.0,5.0,14.0,4.0,4523,5.0,22688.0,2109.0
2630668,2630669,57.0,1065284,1,1,0,2,6.0,-9.0,-9.0,-9.0,2.0,-9,0.0,22688.0,2109.0
2630669,2630670,70.0,1065284,2,2,1,2,6.0,-9.0,-9.0,-9.0,4.0,-9,0.0,22688.0,2109.0
2630670,2630671,21.0,1065284,3,1,10,2,1.0,40.0,6.0,-9.0,4.0,722Z,16.0,22688.0,2109.0
2630671,2630672,19.0,1065284,4,1,10,2,1.0,25.0,5.0,14.0,4.0,4523,5.0,22688.0,2109.0
2630672,2630673,57.0,1065285,1,1,0,2,6.0,-9.0,-9.0,-9.0,2.0,-9,0.0,22688.0,2109.0
2630673,2630674,70.0,1065285,2,2,1,2,6.0,-9.0,-9.0,-9.0,4.0,-9,0.0,22688.0,2109.0
2630674,2630675,21.0,1065285,3,1,10,2,1.0,40.0,6.0,-9.0,4.0,722Z,16.0,22688.0,2109.0
2630675,2630676,19.0,1065285,4,1,10,2,1.0,25.0,5.0,14.0,4.0,4523,5.0,22688.0,2109.0
2630676,2630677,63.0,1065286,1,2,0,2,1.0,36.0,1.0,-9.0,4.0,622M,15.0,22688.0,2109.0
2630677,2630678,64.0,1065287,1,2,0,2,1.0,30.0,1.0,-9.0,4.0,6216,14.0,22685.0,2109.0
2630678,2630679,64.0,1065288,1,2,0,2,1.0,30.0,1.0,-9.0,4.0,6216,14.0,22688.0,2109.0
2630679,2630680,64.0,1065289,1,2,0,2,1.0,30.0,1.0,-9.0,4.0,6216,14.0,22688.0,2109.0
2630680,2630681,63.0,1065290,1,2,0,2,1.0,36.0,1.0,-9.0,4.0,622M,15.0,22688.0,2109.0
2630681,2630682,63.0,1065291,1,2,0,2,1.0,36.0,1.0,-9.0,4.0,622M,15.0,22687.0,2109.0
2630682,2630683,63.0,1065292,1,2,0,2,1.0,36.0,1.0,-9.0,4.0,622M,15.0,22688.0,2109.0
2630683,2630684,63.0,1065293,1,2,0,2,1.0,36.0,1.0,-9.0,4.0,622M,15.0,22688.0,2109.0
2630684,2630685,54.0,1065294,1,2,0,2,1.0,40.0,1.0,-9.0,4.0,622M,15.0,22686.0,2109.0
2630685,2630686,56.0,1065295,1,2,0,2,1.0,40.0,1.0,-9.0,4.0,622M,15.0,22688.0,2109.0
2630686,2630687,54.0,1065296,1,2,0,2,1.0,40.0,1.0,-9.0,4.0,622M,15.0,22687.0,2109.0
2630687,2630688,54.0,1065297,1,2,0,2,1.0,40.0,1.0,-9.0,4.0,622M,15.0,22688.0,2109.0
2630688,2630689,56.0,1065298,1,2,0,2,1.0,40.0,1.0,-9.0,4.0,622M,15.0,22688.0,2109.0
2630689,2630690,54.0,1065299,1,2,0,2,1.0,40.0,1.0,-9.0,4.0,622M,15.0,22688.0,2109.0
2630690,2630691,56.0,1065300,1,2,0,2,1.0,40.0,1.0,-9.0,4.0,622M,15.0,22688.0,2109.0
2630691,2630692,56.0,1065301,1,2,0,2,1.0,40.0,1.0,-9.0,4.0,622M,15.0,22688.0,2109.0
2630692,2630693,56.0,1065302,1,2,0,2,1.0,40.0,1.0,-9.0,4.0,622M,15.0,22688.0,2109.0
2630693,2630694,56.0,1065303,1,2,0,2,1.0,40.0,1.0,-9.0,4.0,622M,15.0,22688.0,2109.0
2630694,2630695,56.0,1065304,1,2,0,2,1.0,40.0,1.0,-9.0,4.0,622M,15.0,22688.0,2109.0
2630695,2630696,60.0,1065305,1,1,0,2,6.0,-9.0,-9.0,-9.0,4.0,492,6.0,22686.0,2109.0
2630696,2630697,67.0,1065305,2,2,1,2,6.0,-9.0,-9.0,-9.0,4.0,-9,0.0,22686.0,2109.0
2630697,2630698,60.0,1065306,1,1,0,2,6.0,-9.0,-9.0,-9.0,4.0,492,6.0,22686.0,2109.0
2630698,2630699,67.0,1065306,2,2,1,2,6.0,-9.0,-9.0,-9.0,4.0,-9,0.0,22686.0,2109.0
2630699,2630700,60.0,1065307,1,1,0,2,6.0,-9.0,-9.0,-9.0,4.0,492,6.0,22688.0,2109.0
2630700,2630701,67.0,1065307,2,2,1,2,6.0,-9.0,-9.0,-9.0,4.0,-9,0.0,22688.0,2109.0
2630701,2630702,48.0,1065308,1,2,0,2,6.0,-9.0,-9.0,-9.0,4.0,-9,0.0,22688.0,2109.0
2630702,2630703,63.0,1065309,1,2,0,2,6.0,-9.0,-9.0,-9.0,4.0,-9,0.0,22688.0,2109.0
2630703,2630704,48.0,1065310,1,2,0,2,6.0,-9.0,-9.0,-9.0,4.0,-9,0.0,22688.0,2109.0
2630704,2630705,63.0,1065311,1,2,0,2,6.0,-9.0,-9.0,-9.0,4.0,-9,0.0,22688.0,2109.0
2630705,2630706,59.0,1065312,1,1,0,2,6.0,-9.0,-9.0,-9.0,4.0,-9,0.0,22686.0,2109.0
2630706,2630707,59.0,1065313,1,1,0,2,6.0,-9.0,-9.0,-9.0,4.0,-9,0.0,22686.0,2109.0
2630707,2630708,59.0,1065314,1,1,0,2,6.0,-9.0,-9.0,-9.0,4.0,-9,0.0,22688.0,2109.0
2630708,2630709,59.0,1065315,1,1,0,2,6.0,-9.0,-9.0,-9.0,4.0,-9,0.0,22688.0,2109.0
2630709,2630710,60.0,1065316,1,1,0,2,6.0,-9.0,-9.0,-9.0,4.0,-9,0.0,22685.0,2109.0
2630710,2630711,62.0,1065317,1,1,0,2,6.0,-9.0,-9.0,-9.0,4.0,-9,0.0,22688.0,2109.0
2630711,2630712,59.0,1065318,1,1,0,2,6.0,-9.0,-9.0,-9.0,4.0,-9,0.0,22688.0,2109.0
2630712,2630713,59.0,1065319,1,1,0,2,6.0,-9.0,-9.0,-9.0,4.0,-9,0.0,22685.0,2109.0
2630713,2630714,60.0,1065320,1,1,0,2,6.0,-9.0,-9.0,-9.0,4.0,-9,0.0,22686.0,2109.0
2630714,2630715,59.0,1065321,1,2,0,2,1.0,37.0,1.0,-9.0,4.0,623M,14.0,22688.0,2109.0
2630715,2630716,53.0,1065322,1,2,0,2,6.0,20.0,6.0,-9.0,4.0,5613,12.0,22688.0,2109.0
2630716,2630717,64.0,1065323,1,1,0,2,6.0,-9.0,-9.0,-9.0,4.0,-9,0.0,22686.0,2109.0
2630717,2630718,64.0,1065324,1,1,0,2,6.0,-9.0,-9.0,-9.0,4.0,-9,0.0,22685.0,2109.0
2630718,2630719,64.0,1065325,1,1,0,2,6.0,-9.0,-9.0,-9.0,4.0,-9,0.0,22688.0,2109.0
2630719,2630720,64.0,1065326,1,1,0,2,6.0,-9.0,-9.0,-9.0,4.0,-9,0.0,22688.0,2109.0
2630720,2630721,56.0,1065327,1,1,0,2,6.0,-9.0,-9.0,-9.0,4.0,-9,0.0,22688.0,2109.0
2630721,2630722,62.0,1065328,1,1,0,2,6.0,-9.0,-9.0,-9.0,4.0,-9,0.0,22686.0,2109.0
2630722,2630723,64.0,1065329,1,1,0,2,6.0,-9.0,-9.0,-9.0,4.0,-9,0.0,22688.0,2109.0
2630723,2630724,56.0,1065330,1,1,0,2,1.0,40.0,1.0,-9.0,4.0,623M,14.0,22688.0,2109.0
2630724,2630725,21.0,1065330,2,1,2,2,6.0,-9.0,-9.0,-9.0,4.0,-9,0.0,22688.0,2109.0
2630725,2630726,16.0,1065330,3,2,2,2,6.0,-9.0,-9.0,11.0,-9.0,-9,0.0,22688.0,2109.0
2630726,2630727,56.0,1065331,1,1,0,2,1.0,40.0,1.0,-9.0,4.0,623M,14.0,22687.0,2109.0
2630727,2630728,21.0,1065331,2,1,2,2,6.0,-9.0,-9.0,-9.0,4.0,-9,0.0,22687.0,2109.0
2630728,2630729,16.0,1065331,3,2,2,2,6.0,-9.0,-9.0,11.0,-9.0,-9,0.0,22687.0,2109.0
2630729,2630730,56.0,1065332,1,1,0,2,1.0,40.0,1.0,-9.0,4.0,623M,14.0,22688.0,2109.0
2630730,2630731,21.0,1065332,2,1,2,2,6.0,-9.0,-9.0,-9.0,4.0,-9,0.0,22688.0,2109.0
2630731,2630732,16.0,1065332,3,2,2,2,6.0,-9.0,-9.0,11.0,-9.0,-9,0.0,22688.0,2109.0
2630732,2630733,56.0,1065333,1,1,0,2,1.0,40.0,1.0,-9.0,4.0,623M,14.0,22688.0,2109.0
2630733,2630734,21.0,1065333,2,1,2,2,6.0,-9.0,-9.0,-9.0,4.0,-9,0.0,22688.0,2109.0
2630734,2630735,16.0,1065333,3,2,2,2,6.0,-9.0,-9.0,11.0,-9.0,-9,0.0,22688.0,2109.0
2630735,2630736,56.0,1065334,1,1,0,2,1.0,40.0,1.0,-9.0,4.0,623M,14.0,22688.0,2109.0
2630736,2630737,21.0,1065334,2,1,2,2,6.0,-9.0,-9.0,-9.0,4.0,-9,0.0,22688.0,2109.0
2630737,2630738,16.0,1065334,3,2,2,2,6.0,-9.0,-9.0,11.0,-9.0,-9,0.0,22688.0,2109.0
2630738,2630739,56.0,1065335,1,1,0,2,1.0,40.0,1.0,-9.0,4.0,623M,14.0,22686.0,2109.0
2630739,2630740,21.0,1065335,2,1,2,2,6.0,-9.0,-9.0,-9.0,4.0,-9,0.0,22686.0,2109.0
2630740,2630741,16.0,1065335,3,2,2,2,6.0,-9.0,-9.0,11.0,-9.0,-9,0.0,22686.0,2109.0
2630741,2630742,56.0,1065336,1,1,0,2,1.0,40.0,1.0,-9.0,4.0,623M,14.0,22686.0,2109.0
2630742,2630743,21.0,1065336,2,1,2,2,6.0,-9.0,-9.0,-9.0,4.0,-9,0.0,22686.0,2109.0
2630743,2630744,16.0,1065336,3,2,2,2,6.0,-9.0,-9.0,11.0,-9.0,-9,0.0,22686.0,2109.0
2630744,2630745,56.0,1065337,1,1,0,2,1.0,40.0,1.0,-9.0,4.0,623M,14.0,22687.0,2109.0
2630745,2630746,21.0,1065337,2,1,2,2,6.0,-9.0,-9.0,-9.0,4.0,-9,0.0,22687.0,2109.0
2630746,2630747,16.0,1065337,3,2,2,2,6.0,-9.0,-9.0,11.0,-9.0,-9,0.0,22687.0,2109.0
2630747,2630748,56.0,1065338,1,1,0,2,1.0,40.0,1.0,-9.0,4.0,623M,14.0,22688.0,2109.0
2630748,2630749,21.0,1065338,2,1,2,2,6.0,-9.0,-9.0,-9.0,4.0,-9,0.0,22688.0,2109.0
2630749,2630750,16.0,1065338,3,2,2,2,6.0,-9.0,-9.0,11.0,-9.0,-9,0.0,22688.0,2109.0
2630750,2630751,56.0,1065339,1,1,0,2,1.0,40.0,1.0,-9.0,4.0,623M,14.0,22688.0,2109.0
2630751,2630752,21.0,1065339,2,1,2,2,6.0,-9.0,-9.0,-9.0,4.0,-9,0.0,22688.0,2109.0
2630752,2630753,16.0,1065339,3,2,2,2,6.0,-9.0,-9.0,11.0,-9.0,-9,0.0,22688.0,2109.0
2630753,2630754,56.0,1065340,1,1,0,2,1.0,40.0,1.0,-9.0,4.0,623M,14.0,22688.0,2109.0
2630754,2630755,21.0,1065340,2,1,2,2,6.0,-9.0,-9.0,-9.0,4.0,-9,0.0,22688.0,2109.0
2630755,2630756,16.0,1065340,3,2,2,2,6.0,-9.0,-9.0,11.0,-9.0,-9,0.0,22688.0,2109.0
2630756,2630757,56.0,1065341,1,1,0,2,1.0,40.0,1.0,-9.0,4.0,623M,14.0,22688.0,2109.0
2630757,2630758,21.0,1065341,2,1,2,2,6.0,-9.0,-9.0,-9.0,4.0,-9,0.0,22688.0,2109.0
2630758,2630759,16.0,1065341,3,2,2,2,6.0,-9.0,-9.0,11.0,-9.0,-9,0.0,22688.0,2109.0
2630759,2630760,56.0,1065342,1,1,0,2,1.0,40.0,1.0,-9.0,4.0,623M,14.0,22688.0,2109.0
2630760,2630761,21.0,1065342,2,1,2,2,6.0,-9.0,-9.0,-9.0,4.0,-9,0.0,22688.0,2109.0
2630761,2630762,16.0,1065342,3,2,2,2,6.0,-9.0,-9.0,11.0,-9.0,-9,0.0,22688.0,2109.0
2630762,2630763,56.0,1065343,1,1,0,2,1.0,40.0,1.0,-9.0,4.0,623M,14.0,22688.0,2109.0
2630763,2630764,21.0,1065343,2,1,2,2,6.0,-9.0,-9.0,-9.0,4.0,-9,0.0,22688.0,2109.0
2630764,2630765,16.0,1065343,3,2,2,2,6.0,-9.0,-9.0,11.0,-9.0,-9,0.0,22688.0,2109.0
2630765,2630766,56.0,1065344,1,1,0,2,1.0,40.0,1.0,-9.0,4.0,623M,14.0,22686.0,2109.0
2630766,2630767,21.0,1065344,2,1,2,2,6.0,-9.0,-9.0,-9.0,4.0,-9,0.0,22686.0,2109.0
2630767,2630768,16.0,1065344,3,2,2,2,6.0,-9.0,-9.0,11.0,-9.0,-9,0.0,22686.0,2109.0
2630768,2630769,56.0,1065345,1,1,0,2,1.0,40.0,1.0,-9.0,4.0,623M,14.0,22685.0,2109.0
2630769,2630770,21.0,1065345,2,1,2,2,6.0,-9.0,-9.0,-9.0,4.0,-9,0.0,22685.0,2109.0
2630770,2630771,16.0,1065345,3,2,2,2,6.0,-9.0,-9.0,11.0,-9.0,-9,0.0,22685.0,2109.0
2630771,2630772,56.0,1065346,1,1,0,2,1.0,40.0,1.0,-9.0,4.0,623M,14.0,22688.0,2109.0
2630772,2630773,21.0,1065346,2,1,2,2,6.0,-9.0,-9.0,-9.0,4.0,-9,0.0,22688.0,2109.0
2630773,2630774,16.0,1065346,3,2,2,2,6.0,-9.0,-9.0,11.0,-9.0,-9,0.0,22688.0,2109.0
2630774,2630775,56.0,1065347,1,1,0,2,1.0,40.0,1.0,-9.0,4.0,623M,14.0,22688.0,2109.0
2630775,2630776,21.0,1065347,2,1,2,2,6.0,-9.0,-9.0,-9.0,4.0,-9,0.0,22688.0,2109.0
2630776,2630777,16.0,1065347,3,2,2,2,6.0,-9.0,-9.0,11.0,-9.0,-9,0.0,22688.0,2109.0
2630777,2630778,56.0,1065348,1,1,0,2,1.0,40.0,1.0,-9.0,4.0,623M,14.0,22688.0,2109.0
2630778,2630779,21.0,1065348,2,1,2,2,6.0,-9.0,-9.0,-9.0,4.0,-9,0.0,22688.0,2109.0
2630779,2630780,16.0,1065348,3,2,2,2,6.0,-9.0,-9.0,11.0,-9.0,-9,0.0,22688.0,2109.0
2630780,2630781,56.0,1065349,1,1,0,2,1.0,40.0,1.0,-9.0,4.0,623M,14.0,22688.0,2109.0
2630781,2630782,21.0,1065349,2,1,2,2,6.0,-9.0,-9.0,-9.0,4.0,-9,0.0,22688.0,2109.0
2630782,2630783,16.0,1065349,3,2,2,2,6.0,-9.0,-9.0,11.0,-9.0,-9,0.0,22688.0,2109.0
2630783,2630784,56.0,1065350,1,1,0,2,1.0,40.0,1.0,-9.0,4.0,623M,14.0,22688.0,2109.0
2630784,2630785,21.0,1065350,2,1,2,2,6.0,-9.0,-9.0,-9.0,4.0,-9,0.0,22688.0,2109.0
2630785,2630786,16.0,1065350,3,2,2,2,6.0,-9.0,-9.0,11.0,-9.0,-9,0.0,22688.0,2109.0
2630786,2630787,56.0,1065351,1,1,0,2,1.0,40.0,1.0,-9.0,4.0,623M,14.0,22685.0,2109.0
2630787,2630788,21.0,1065351,2,1,2,2,6.0,-9.0,-9.0,-9.0,4.0,-9,0.0,22685.0,2109.0
2630788,2630789,16.0,1065351,3,2,2,2,6.0,-9.0,-9.0,11.0,-9.0,-9,0.0,22685.0,2109.0
2630789,2630790,56.0,1065352,1,1,0,2,1.0,40.0,1.0,-9.0,4.0,623M,14.0,22688.0,2109.0
2630790,2630791,21.0,1065352,2,1,2,2,6.0,-9.0,-9.0,-9.0,4.0,-9,0.0,22688.0,2109.0
2630791,2630792,16.0,1065352,3,2,2,2,6.0,-9.0,-9.0,11.0,-9.0,-9,0.0,22688.0,2109.0
2630792,2630793,56.0,1065353,1,1,0,2,1.0,40.0,1.0,-9.0,4.0,623M,14.0,22688.0,2109.0
2630793,2630794,21.0,1065353,2,1,2,2,6.0,-9.0,-9.0,-9.0,4.0,-9,0.0,22688.0,2109.0
2630794,2630795,16.0,1065353,3,2,2,2,6.0,-9.0,-9.0,11.0,-9.0,-9,0.0,22688.0,2109.0
2630795,2630796,56.0,1065354,1,1,0,2,1.0,40.0,1.0,-9.0,4.0,623M,14.0,22688.0,2109.0
2630796,2630797,21.0,1065354,2,1,2,2,6.0,-9.0,-9.0,-9.0,4.0,-9,0.0,22688.0,2109.0
2630797,2630798,16.0,1065354,3,2,2,2,6.0,-9.0,-9.0,11.0,-9.0,-9,0.0,22688.0,2109.0
2630798,2630799,56.0,1065355,1,1,0,2,1.0,40.0,1.0,-9.0,4.0,623M,14.0,22688.0,2109.0
2630799,2630800,21.0,1065355,2,1,2,2,6.0,-9.0,-9.0,-9.0,4.0,-9,0.0,22688.0,2109.0
2630800,2630801,16.0,1065355,3,2,2,2,6.0,-9.0,-9.0,11.0,-9.0,-9,0.0,22688.0,2109.0
2630801,2630802,56.0,1065356,1,1,0,2,1.0,40.0,1.0,-9.0,4.0,623M,14.0,22687.0,2109.0
2630802,2630803,21.0,1065356,2,1,2,2,6.0,-9.0,-9.0,-9.0,4.0,-9,0.0,22687.0,2109.0
2630803,2630804,16.0,1065356,3,2,2,2,6.0,-9.0,-9.0,11.0,-9.0,-9,0.0,22687.0,2109.0
2630804,2630805,56.0,1065357,1,1,0,2,1.0,40.0,1.0,-9.0,4.0,623M,14.0,22685.0,2109.0
2630805,2630806,21.0,1065357,2,1,2,2,6.0,-9.0,-9.0,-9.0,4.0,-9,0.0,22685.0,2109.0
2630806,2630807,16.0,1065357,3,2,2,2,6.0,-9.0,-9.0,11.0,-9.0,-9,0.0,22685.0,2109.0
2630807,2630808,56.0,1065358,1,1,0,2,1.0,40.0,1.0,-9.0,4.0,623M,14.0,22686.0,2109.0
2630808,2630809,21.0,1065358,2,1,2,2,6.0,-9.0,-9.0,-9.0,4.0,-9,0.0,22686.0,2109.0
2630809,2630810,16.0,1065358,3,2,2,2,6.0,-9.0,-9.0,11.0,-9.0,-9,0.0,22686.0,2109.0
2630810,2630811,56.0,1065359,1,1,0,2,1.0,40.0,1.0,-9.0,4.0,623M,14.0,22685.0,2109.0
2630811,2630812,21.0,1065359,2,1,2,2,6.0,-9.0,-9.0,-9.0,4.0,-9,0.0,22685.0,2109.0
2630812,2630813,16.0,1065359,3,2,2,2,6.0,-9.0,-9.0,11.0,-9.0,-9,0.0,22685.0,2109.0
2630813,2630814,56.0,1065360,1,1,0,2,1.0,40.0,1.0,-9.0,4.0,623M,14.0,22688.0,2109.0
2630814,2630815,21.0,1065360,2,1,2,2,6.0,-9.0,-9.0,-9.0,4.0,-9,0.0,22688.0,2109.0
2630815,2630816,16.0,1065360,3,2,2,2,6.0,-9.0,-9.0,11.0,-9.0,-9,0.0,22688.0,2109.0
2630816,2630817,56.0,1065361,1,1,0,2,1.0,40.0,1.0,-9.0,4.0,623M,14.0,22688.0,2109.0
2630817,2630818,21.0,1065361,2,1,2,2,6.0,-9.0,-9.0,-9.0,4.0,-9,0.0,22688.0,2109.0
2630818,2630819,16.0,1065361,3,2,2,2,6.0,-9.0,-9.0,11.0,-9.0,-9,0.0,22688.0,2109.0
2630819,2630820,56.0,1065362,1,1,0,2,1.0,40.0,1.0,-9.0,4.0,623M,14.0,22686.0,2109.0
2630820,2630821,21.0,1065362,2,1,2,2,6.0,-9.0,-9.0,-9.0,4.0,-9,0.0,22686.0,2109.0
2630821,2630822,16.0,1065362,3,2,2,2,6.0,-9.0,-9.0,11.0,-9.0,-9,0.0,22686.0,2109.0
2630822,2630823,56.0,1065363,1,1,0,2,1.0,40.0,1.0,-9.0,4.0,623M,14.0,22688.0,2109.0
2630823,2630824,21.0,1065363,2,1,2,2,6.0,-9.0,-9.0,-9.0,4.0,-9,0.0,22688.0,2109.0
2630824,2630825,16.0,1065363,3,2,2,2,6.0,-9.0,-9.0,11.0,-9.0,-9,0.0,22688.0,2109.0
2630825,2630826,56.0,1065364,1,1,0,2,1.0,40.0,1.0,-9.0,4.0,623M,14.0,22686.0,2109.0
2630826,2630827,21.0,1065364,2,1,2,2,6.0,-9.0,-9.0,-9.0,4.0,-9,0.0,22686.0,2109.0
2630827,2630828,16.0,1065364,3,2,2,2,6.0,-9.0,-9.0,11.0,-9.0,-9,0.0,22686.0,2109.0
2630828,2630829,56.0,1065365,1,1,0,2,1.0,40.0,1.0,-9.0,4.0,623M,14.0,22688.0,2109.0
2630829,2630830,21.0,1065365,2,1,2,2,6.0,-9.0,-9.0,-9.0,4.0,-9,0.0,22688.0,2109.0
2630830,2630831,16.0,1065365,3,2,2,2,6.0,-9.0,-9.0,11.0,-9.0,-9,0.0,22688.0,2109.0
2630831,2630832,56.0,1065366,1,1,0,2,1.0,40.0,1.0,-9.0,4.0,623M,14.0,22686.0,2109.0
2630832,2630833,21.0,1065366,2,1,2,2,6.0,-9.0,-9.0,-9.0,4.0,-9,0.0,22686.0,2109.0
2630833,2630834,16.0,1065366,3,2,2,2,6.0,-9.0,-9.0,11.0,-9.0,-9,0.0,22686.0,2109.0
2630834,2630835,56.0,1065367,1,1,0,2,1.0,40.0,1.0,-9.0,4.0,623M,14.0,22688.0,2109.0
2630835,2630836,21.0,1065367,2,1,2,2,6.0,-9.0,-9.0,-9.0,4.0,-9,0.0,22688.0,2109.0
2630836,2630837,16.0,1065367,3,2,2,2,6.0,-9.0,-9.0,11.0,-9.0,-9,0.0,22688.0,2109.0
2630837,2630838,56.0,1065368,1,1,0,2,1.0,40.0,1.0,-9.0,4.0,623M,14.0,22688.0,2109.0
2630838,2630839,21.0,1065368,2,1,2,2,6.0,-9.0,-9.0,-9.0,4.0,-9,0.0,22688.0,2109.0
2630839,2630840,16.0,1065368,3,2,2,2,6.0,-9.0,-9.0,11.0,-9.0,-9,0.0,22688.0,2109.0
2630840,2630841,56.0,1065369,1,1,0,2,1.0,40.0,1.0,-9.0,4.0,623M,14.0,22688.0,2109.0
2630841,2630842,21.0,1065369,2,1,2,2,6.0,-9.0,-9.0,-9.0,4.0,-9,0.0,22688.0,2109.0
2630842,2630843,16.0,1065369,3,2,2,2,6.0,-9.0,-9.0,11.0,-9.0,-9,0.0,22688.0,2109.0
2630843,2630844,56.0,1065370,1,1,0,2,1.0,40.0,1.0,-9.0,4.0,623M,14.0,22688.0,2109.0
2630844,2630845,21.0,1065370,2,1,2,2,6.0,-9.0,-9.0,-9.0,4.0,-9,0.0,22688.0,2109.0
2630845,2630846,16.0,1065370,3,2,2,2,6.0,-9.0,-9.0,11.0,-9.0,-9,0.0,22688.0,2109.0
2630846,2630847,56.0,1065371,1,1,0,2,1.0,40.0,1.0,-9.0,4.0,623M,14.0,22688.0,2109.0
2630847,2630848,21.0,1065371,2,1,2,2,6.0,-9.0,-9.0,-9.0,4.0,-9,0.0,22688.0,2109.0
2630848,2630849,16.0,1065371,3,2,2,2,6.0,-9.0,-9.0,11.0,-9.0,-9,0.0,22688.0,2109.0
2630849,2630850,56.0,1065372,1,1,0,2,1.0,40.0,1.0,-9.0,4.0,623M,14.0,22688.0,2109.0
2630850,2630851,21.0,1065372,2,1,2,2,6.0,-9.0,-9.0,-9.0,4.0,-9,0.0,22688.0,2109.0
2630851,2630852,16.0,1065372,3,2,2,2,6.0,-9.0,-9.0,11.0,-9.0,-9,0.0,22688.0,2109.0
2630852,2630853,56.0,1065373,1,1,0,2,1.0,40.0,1.0,-9.0,4.0,623M,14.0,22688.0,2109.0
2630853,2630854,21.0,1065373,2,1,2,2,6.0,-9.0,-9.0,-9.0,4.0,-9,0.0,22688.0,2109.0
2630854,2630855,16.0,1065373,3,2,2,2,6.0,-9.0,-9.0,11.0,-9.0,-9,0.0,22688.0,2109.0
2630855,2630856,56.0,1065374,1,1,0,2,1.0,40.0,1.0,-9.0,4.0,623M,14.0,22688.0,2109.0
2630856,2630857,21.0,1065374,2,1,2,2,6.0,-9.0,-9.0,-9.0,4.0,-9,0.0,22688.0,2109.0
2630857,2630858,16.0,1065374,3,2,2,2,6.0,-9.0,-9.0,11.0,-9.0,-9,0.0,22688.0,2109.0
2630858,2630859,56.0,1065375,1,1,0,2,1.0,40.0,1.0,-9.0,4.0,623M,14.0,22686.0,2109.0
2630859,2630860,21.0,1065375,2,1,2,2,6.0,-9.0,-9.0,-9.0,4.0,-9,0.0,22686.0,2109.0
2630860,2630861,16.0,1065375,3,2,2,2,6.0,-9.0,-9.0,11.0,-9.0,-9,0.0,22686.0,2109.0
2630861,2630862,56.0,1065376,1,1,0,2,1.0,40.0,1.0,-9.0,4.0,623M,14.0,22687.0,2109.0
2630862,2630863,21.0,1065376,2,1,2,2,6.0,-9.0,-9.0,-9.0,4.0,-9,0.0,22687.0,2109.0
2630863,2630864,16.0,1065376,3,2,2,2,6.0,-9.0,-9.0,11.0,-9.0,-9,0.0,22687.0,2109.0
2630864,2630865,56.0,1065377,1,1,0,2,1.0,40.0,1.0,-9.0,4.0,623M,14.0,22688.0,2109.0
2630865,2630866,21.0,1065377,2,1,2,2,6.0,-9.0,-9.0,-9.0,4.0,-9,0.0,22688.0,2109.0
2630866,2630867,16.0,1065377,3,2,2,2,6.0,-9.0,-9.0,11.0,-9.0,-9,0.0,22688.0,2109.0
2630867,2630868,56.0,1065378,1,1,0,2,1.0,40.0,1.0,-9.0,4.0,623M,14.0,22686.0,2109.0
2630868,2630869,21.0,1065378,2,1,2,2,6.0,-9.0,-9.0,-9.0,4.0,-9,0.0,22686.0,2109.0
2630869,2630870,16.0,1065378,3,2,2,2,6.0,-9.0,-9.0,11.0,-9.0,-9,0.0,22686.0,2109.0
2630870,2630871,56.0,1065379,1,1,0,2,1.0,40.0,1.0,-9.0,4.0,623M,14.0,22688.0,2109.0
2630871,2630872,21.0,1065379,2,1,2,2,6.0,-9.0,-9.0,-9.0,4.0,-9,0.0,22688.0,2109.0
2630872,2630873,16.0,1065379,3,2,2,2,6.0,-9.0,-9.0,11.0,-9.0,-9,0.0,22688.0,2109.0
2630873,2630874,56.0,1065380,1,1,0,2,1.0,40.0,1.0,-9.0,4.0,623M,14.0,22688.0,2109.0
2630874,2630875,21.0,1065380,2,1,2,2,6.0,-9.0,-9.0,-9.0,4.0,-9,0.0,22688.0,2109.0
2630875,2630876,16.0,1065380,3,2,2,2,6.0,-9.0,-9.0,11.0,-9.0,-9,0.0,22688.0,2109.0
2630876,2630877,56.0,1065381,1,1,0,2,1.0,40.0,1.0,-9.0,4.0,623M,14.0,22688.0,2109.0
2630877,2630878,21.0,1065381,2,1,2,2,6.0,-9.0,-9.0,-9.0,4.0,-9,0.0,22688.0,2109.0
2630878,2630879,16.0,1065381,3,2,2,2,6.0,-9.0,-9.0,11.0,-9.0,-9,0.0,22688.0,2109.0
2630879,2630880,56.0,1065382,1,1,0,2,1.0,40.0,1.0,-9.0,4.0,623M,14.0,22688.0,2109.0
2630880,2630881,21.0,1065382,2,1,2,2,6.0,-9.0,-9.0,-9.0,4.0,-9,0.0,22688.0,2109.0
2630881,2630882,16.0,1065382,3,2,2,2,6.0,-9.0,-9.0,11.0,-9.0,-9,0.0,22688.0,2109.0
2630882,2630883,56.0,1065383,1,1,0,2,1.0,40.0,1.0,-9.0,4.0,623M,14.0,22688.0,2109.0
2630883,2630884,21.0,1065383,2,1,2,2,6.0,-9.0,-9.0,-9.0,4.0,-9,0.0,22688.0,2109.0
2630884,2630885,16.0,1065383,3,2,2,2,6.0,-9.0,-9.0,11.0,-9.0,-9,0.0,22688.0,2109.0
2630885,2630886,46.0,1065384,1,2,0,2,1.0,30.0,1.0,-9.0,4.0,6111,13.0,22688.0,2109.0
2630886,2630887,8.0,1065384,2,2,2,2,-9.0,-9.0,-9.0,5.0,-9.0,-9,0.0,22688.0,2109.0
2630887,2630888,45.0,1065385,1,1,0,2,1.0,40.0,1.0,-9.0,4.0,622M,15.0,22688.0,2109.0
2630888,2630889,24.0,1065385,2,2,1,2,2.0,25.0,1.0,15.0,4.0,623M,14.0,22688.0,2109.0
2630889,2630890,6.0,1065385,3,2,2,2,-9.0,-9.0,-9.0,3.0,-9.0,-9,0.0,22688.0,2109.0
2630890,2630891,4.0,1065385,4,1,2,2,-9.0,-9.0,-9.0,2.0,-9.0,-9,0.0,22688.0,2109.0
2630891,2630892,0.0,1065385,5,1,2,2,-9.0,-9.0,-9.0,-9.0,-9.0,-9,0.0,22688.0,2109.0
2630892,2630893,45.0,1065386,1,1,0,2,1.0,40.0,1.0,-9.0,4.0,622M,15.0,22686.0,2109.0
2630893,2630894,24.0,1065386,2,2,1,2,2.0,25.0,1.0,15.0,4.0,623M,14.0,22686.0,2109.0
2630894,2630895,6.0,1065386,3,2,2,2,-9.0,-9.0,-9.0,3.0,-9.0,-9,0.0,22686.0,2109.0
2630895,2630896,4.0,1065386,4,1,2,2,-9.0,-9.0,-9.0,2.0,-9.0,-9,0.0,22686.0,2109.0
2630896,2630897,0.0,1065386,5,1,2,2,-9.0,-9.0,-9.0,-9.0,-9.0,-9,0.0,22686.0,2109.0
2630897,2630898,45.0,1065387,1,1,0,2,1.0,40.0,1.0,-9.0,4.0,622M,15.0,22686.0,2109.0
2630898,2630899,24.0,1065387,2,2,1,2,2.0,25.0,1.0,15.0,4.0,623M,14.0,22686.0,2109.0
2630899,2630900,6.0,1065387,3,2,2,2,-9.0,-9.0,-9.0,3.0,-9.0,-9,0.0,22686.0,2109.0
2630900,2630901,4.0,1065387,4,1,2,2,-9.0,-9.0,-9.0,2.0,-9.0,-9,0.0,22686.0,2109.0
2630901,2630902,0.0,1065387,5,1,2,2,-9.0,-9.0,-9.0,-9.0,-9.0,-9,0.0,22686.0,2109.0
2630902,2630903,45.0,1065388,1,1,0,2,1.0,40.0,1.0,-9.0,4.0,622M,15.0,22688.0,2109.0
2630903,2630904,24.0,1065388,2,2,1,2,2.0,25.0,1.0,15.0,4.0,623M,14.0,22688.0,2109.0
2630904,2630905,6.0,1065388,3,2,2,2,-9.0,-9.0,-9.0,3.0,-9.0,-9,0.0,22688.0,2109.0
2630905,2630906,4.0,1065388,4,1,2,2,-9.0,-9.0,-9.0,2.0,-9.0,-9,0.0,22688.0,2109.0
2630906,2630907,0.0,1065388,5,1,2,2,-9.0,-9.0,-9.0,-9.0,-9.0,-9,0.0,22688.0,2109.0
2630907,2630908,45.0,1065389,1,1,0,2,1.0,40.0,1.0,-9.0,4.0,622M,15.0,22688.0,2109.0
2630908,2630909,24.0,1065389,2,2,1,2,2.0,25.0,1.0,15.0,4.0,623M,14.0,22688.0,2109.0
2630909,2630910,6.0,1065389,3,2,2,2,-9.0,-9.0,-9.0,3.0,-9.0,-9,0.0,22688.0,2109.0
2630910,2630911,4.0,1065389,4,1,2,2,-9.0,-9.0,-9.0,2.0,-9.0,-9,0.0,22688.0,2109.0
2630911,2630912,0.0,1065389,5,1,2,2,-9.0,-9.0,-9.0,-9.0,-9.0,-9,0.0,22688.0,2109.0
2630912,2630913,45.0,1065390,1,1,0,2,1.0,40.0,1.0,-9.0,4.0,622M,15.0,22685.0,2109.0
2630913,2630914,24.0,1065390,2,2,1,2,2.0,25.0,1.0,15.0,4.0,623M,14.0,22685.0,2109.0
2630914,2630915,6.0,1065390,3,2,2,2,-9.0,-9.0,-9.0,3.0,-9.0,-9,0.0,22685.0,2109.0
2630915,2630916,4.0,1065390,4,1,2,2,-9.0,-9.0,-9.0,2.0,-9.0,-9,0.0,22685.0,2109.0
2630916,2630917,0.0,1065390,5,1,2,2,-9.0,-9.0,-9.0,-9.0,-9.0,-9,0.0,22685.0,2109.0
2630917,2630918,45.0,1065391,1,1,0,2,1.0,40.0,1.0,-9.0,4.0,622M,15.0,22688.0,2109.0
2630918,2630919,24.0,1065391,2,2,1,2,2.0,25.0,1.0,15.0,4.0,623M,14.0,22688.0,2109.0
2630919,2630920,6.0,1065391,3,2,2,2,-9.0,-9.0,-9.0,3.0,-9.0,-9,0.0,22688.0,2109.0
2630920,2630921,4.0,1065391,4,1,2,2,-9.0,-9.0,-9.0,2.0,-9.0,-9,0.0,22688.0,2109.0
2630921,2630922,0.0,1065391,5,1,2,2,-9.0,-9.0,-9.0,-9.0,-9.0,-9,0.0,22688.0,2109.0
2630922,2630923,45.0,1065392,1,1,0,2,1.0,40.0,1.0,-9.0,4.0,622M,15.0,22688.0,2109.0
2630923,2630924,24.0,1065392,2,2,1,2,2.0,25.0,1.0,15.0,4.0,623M,14.0,22688.0,2109.0
2630924,2630925,6.0,1065392,3,2,2,2,-9.0,-9.0,-9.0,3.0,-9.0,-9,0.0,22688.0,2109.0
2630925,2630926,4.0,1065392,4,1,2,2,-9.0,-9.0,-9.0,2.0,-9.0,-9,0.0,22688.0,2109.0
2630926,2630927,0.0,1065392,5,1,2,2,-9.0,-9.0,-9.0,-9.0,-9.0,-9,0.0,22688.0,2109.0
2630927,2630928,45.0,1065393,1,1,0,2,1.0,40.0,1.0,-9.0,4.0,622M,15.0,22688.0,2109.0
2630928,2630929,24.0,1065393,2,2,1,2,2.0,25.0,1.0,15.0,4.0,623M,14.0,22688.0,2109.0
2630929,2630930,6.0,1065393,3,2,2,2,-9.0,-9.0,-9.0,3.0,-9.0,-9,0.0,22688.0,2109.0
2630930,2630931,4.0,1065393,4,1,2,2,-9.0,-9.0,-9.0,2.0,-9.0,-9,0.0,22688.0,2109.0
2630931,2630932,0.0,1065393,5,1,2,2,-9.0,-9.0,-9.0,-9.0,-9.0,-9,0.0,22688.0,2109.0
2630932,2630933,45.0,1065394,1,1,0,2,1.0,40.0,1.0,-9.0,4.0,622M,15.0,22685.0,2109.0
2630933,2630934,24.0,1065394,2,2,1,2,2.0,25.0,1.0,15.0,4.0,623M,14.0,22685.0,2109.0
2630934,2630935,6.0,1065394,3,2,2,2,-9.0,-9.0,-9.0,3.0,-9.0,-9,0.0,22685.0,2109.0
2630935,2630936,4.0,1065394,4,1,2,2,-9.0,-9.0,-9.0,2.0,-9.0,-9,0.0,22685.0,2109.0
2630936,2630937,0.0,1065394,5,1,2,2,-9.0,-9.0,-9.0,-9.0,-9.0,-9,0.0,22685.0,2109.0
2630937,2630938,45.0,1065395,1,1,0,2,1.0,40.0,1.0,-9.0,4.0,622M,15.0,22686.0,2109.0
2630938,2630939,24.0,1065395,2,2,1,2,2.0,25.0,1.0,15.0,4.0,623M,14.0,22686.0,2109.0
2630939,2630940,6.0,1065395,3,2,2,2,-9.0,-9.0,-9.0,3.0,-9.0,-9,0.0,22686.0,2109.0
2630940,2630941,4.0,1065395,4,1,2,2,-9.0,-9.0,-9.0,2.0,-9.0,-9,0.0,22686.0,2109.0
2630941,2630942,0.0,1065395,5,1,2,2,-9.0,-9.0,-9.0,-9.0,-9.0,-9,0.0,22686.0,2109.0
2630942,2630943,45.0,1065396,1,1,0,2,1.0,40.0,1.0,-9.0,4.0,622M,15.0,22688.0,2109.0
2630943,2630944,24.0,1065396,2,2,1,2,2.0,25.0,1.0,15.0,4.0,623M,14.0,22688.0,2109.0
2630944,2630945,6.0,1065396,3,2,2,2,-9.0,-9.0,-9.0,3.0,-9.0,-9,0.0,22688.0,2109.0
2630945,2630946,4.0,1065396,4,1,2,2,-9.0,-9.0,-9.0,2.0,-9.0,-9,0.0,22688.0,2109.0
2630946,2630947,0.0,1065396,5,1,2,2,-9.0,-9.0,-9.0,-9.0,-9.0,-9,0.0,22688.0,2109.0
2630947,2630948,54.0,1065397,1,2,0,2,6.0,-9.0,-9.0,-9.0,4.0,-9,0.0,22685.0,2109.0
2630948,2630949,18.0,1065397,2,2,2,2,1.0,20.0,1.0,-9.0,4.0,722Z,16.0,22685.0,2109.0
2630949,2630950,1.0,1065397,3,2,7,2,-9.0,-9.0,-9.0,-9.0,-9.0,-9,0.0,22685.0,2109.0
2630950,2630951,54.0,1065398,1,2,0,2,6.0,-9.0,-9.0,-9.0,4.0,-9,0.0,22686.0,2109.0
2630951,2630952,18.0,1065398,2,2,2,2,1.0,20.0,1.0,-9.0,4.0,722Z,16.0,22686.0,2109.0
2630952,2630953,1.0,1065398,3,2,7,2,-9.0,-9.0,-9.0,-9.0,-9.0,-9,0.0,22686.0,2109.0
2630953,2630954,54.0,1065399,1,2,0,2,6.0,-9.0,-9.0,-9.0,4.0,-9,0.0,22685.0,2109.0
2630954,2630955,18.0,1065399,2,2,2,2,1.0,20.0,1.0,-9.0,4.0,722Z,16.0,22685.0,2109.0
2630955,2630956,1.0,1065399,3,2,7,2,-9.0,-9.0,-9.0,-9.0,-9.0,-9,0.0,22685.0,2109.0
2630956,2630957,54.0,1065400,1,2,0,2,6.0,-9.0,-9.0,-9.0,4.0,-9,0.0,22688.0,2109.0
2630957,2630958,18.0,1065400,2,2,2,2,1.0,20.0,1.0,-9.0,4.0,722Z,16.0,22688.0,2109.0
2630958,2630959,1.0,1065400,3,2,7,2,-9.0,-9.0,-9.0,-9.0,-9.0,-9,0.0,22688.0,2109.0
2630959,2630960,54.0,1065401,1,2,0,2,6.0,-9.0,-9.0,-9.0,4.0,-9,0.0,22688.0,2109.0
2630960,2630961,18.0,1065401,2,2,2,2,1.0,20.0,1.0,-9.0,4.0,722Z,16.0,22688.0,2109.0
2630961,2630962,1.0,1065401,3,2,7,2,-9.0,-9.0,-9.0,-9.0,-9.0,-9,0.0,22688.0,2109.0
2630962,2630963,47.0,1065402,1,2,0,2,6.0,-9.0,-9.0,-9.0,4.0,-9,0.0,22688.0,2109.0
2630963,2630964,12.0,1065402,2,2,2,2,-9.0,-9.0,-9.0,9.0,-9.0,-9,0.0,22688.0,2109.0
2630964,2630965,47.0,1065403,1,2,0,2,6.0,-9.0,-9.0,-9.0,4.0,-9,0.0,22688.0,2109.0
2630965,2630966,12.0,1065403,2,2,2,2,-9.0,-9.0,-9.0,9.0,-9.0,-9,0.0,22688.0,2109.0
2630966,2630967,47.0,1065404,1,2,0,2,6.0,-9.0,-9.0,-9.0,4.0,-9,0.0,22686.0,2109.0
2630967,2630968,12.0,1065404,2,2,2,2,-9.0,-9.0,-9.0,9.0,-9.0,-9,0.0,22686.0,2109.0
2630968,2630969,48.0,1065405,1,1,0,3,1.0,40.0,1.0,-9.0,4.0,7211,16.0,22688.0,2109.0
2630969,2630970,55.0,1065405,2,2,1,3,6.0,-9.0,-9.0,-9.0,4.0,-9,0.0,22688.0,2109.0
2630970,2630971,48.0,1065406,1,2,0,3,1.0,28.0,3.0,-9.0,4.0,7211,16.0,22688.0,2109.0
2630971,2630972,48.0,1065407,1,2,0,3,1.0,28.0,3.0,-9.0,4.0,7211,16.0,22686.0,2109.0
2630972,2630973,64.0,1065408,1,1,0,3,6.0,-9.0,-9.0,-9.0,4.0,-9,0.0,22688.0,2109.0
2630973,2630974,64.0,1065409,1,1,0,3,6.0,-9.0,-9.0,-9.0,4.0,-9,0.0,22688.0,2109.0
2630974,2630975,64.0,1065410,1,1,0,3,6.0,-9.0,-9.0,-9.0,4.0,-9,0.0,22687.0,2109.0
2630975,2630976,64.0,1065411,1,1,0,3,6.0,-9.0,-9.0,-9.0,4.0,-9,0.0,22688.0,2109.0
2630976,2630977,64.0,1065412,1,1,0,3,6.0,-9.0,-9.0,-9.0,4.0,-9,0.0,22688.0,2109.0
2630977,2630978,64.0,1065413,1,1,0,3,6.0,-9.0,-9.0,-9.0,4.0,-9,0.0,22688.0,2109.0
2630978,2630979,64.0,1065414,1,1,0,3,6.0,-9.0,-9.0,-9.0,4.0,-9,0.0,22687.0,2109.0
2630979,2630980,52.0,1065415,1,1,0,1,1.0,40.0,1.0,-9.0,4.0,493,6.0,22688.0,2109.0
2630980,2630981,58.0,1065415,2,2,12,2,1.0,40.0,1.0,-9.0,4.0,5613,12.0,22688.0,2109.0
2630981,2630982,45.0,1065415,3,1,12,4,1.0,40.0,1.0,-9.0,4.0,493,6.0,22688.0,2109.0
2630982,2630983,45.0,1065415,4,1,12,4,3.0,-9.0,-9.0,-9.0,4.0,999920,0.0,22688.0,2109.0
2630983,2630984,41.0,1065415,5,1,12,2,1.0,40.0,1.0,-9.0,4.0,5413,10.0,22688.0,2109.0
2630984,2630985,52.0,1065416,1,1,0,1,1.0,40.0,1.0,-9.0,4.0,493,6.0,22688.0,2109.0
2630985,2630986,58.0,1065416,2,2,12,2,1.0,40.0,1.0,-9.0,4.0,5613,12.0,22688.0,2109.0
2630986,2630987,45.0,1065416,3,1,12,4,1.0,40.0,1.0,-9.0,4.0,493,6.0,22688.0,2109.0
2630987,2630988,45.0,1065416,4,1,12,4,3.0,-9.0,-9.0,-9.0,4.0,999920,0.0,22688.0,2109.0
2630988,2630989,41.0,1065416,5,1,12,2,1.0,40.0,1.0,-9.0,4.0,5413,10.0,22688.0,2109.0
2630989,2630990,52.0,1065417,1,1,0,1,1.0,40.0,1.0,-9.0,4.0,611M1,13.0,22688.0,2109.0
2630990,2630991,50.0,1065417,2,2,1,2,1.0,40.0,1.0,-9.0,4.0,611M1,13.0,22688.0,2109.0
2630991,2630992,22.0,1065417,3,1,4,2,6.0,-9.0,-9.0,-9.0,4.0,611M1,13.0,22688.0,2109.0
2630992,2630993,52.0,1065418,1,1,0,1,1.0,40.0,1.0,-9.0,4.0,611M1,13.0,22688.0,2109.0
2630993,2630994,50.0,1065418,2,2,1,2,1.0,40.0,1.0,-9.0,4.0,611M1,13.0,22688.0,2109.0
2630994,2630995,22.0,1065418,3,1,4,2,6.0,-9.0,-9.0,-9.0,4.0,611M1,13.0,22688.0,2109.0
2630995,2630996,52.0,1065419,1,1,0,1,1.0,40.0,1.0,-9.0,4.0,611M1,13.0,22688.0,2109.0
2630996,2630997,50.0,1065419,2,2,1,2,1.0,40.0,1.0,-9.0,4.0,611M1,13.0,22688.0,2109.0
2630997,2630998,22.0,1065419,3,1,4,2,6.0,-9.0,-9.0,-9.0,4.0,611M1,13.0,22688.0,2109.0
2630998,2630999,52.0,1065420,1,1,0,1,1.0,40.0,1.0,-9.0,4.0,611M1,13.0,22688.0,2109.0
2630999,2631000,50.0,1065420,2,2,1,2,1.0,40.0,1.0,-9.0,4.0,611M1,13.0,22688.0,2109.0
2631000,2631001,22.0,1065420,3,1,4,2,6.0,-9.0,-9.0,-9.0,4.0,611M1,13.0,22688.0,2109.0
2631001,2631002,52.0,1065421,1,1,0,1,1.0,40.0,1.0,-9.0,4.0,611M1,13.0,22688.0,2109.0
2631002,2631003,50.0,1065421,2,2,1,2,1.0,40.0,1.0,-9.0,4.0,611M1,13.0,22688.0,2109.0
2631003,2631004,22.0,1065421,3,1,4,2,6.0,-9.0,-9.0,-9.0,4.0,611M1,13.0,22688.0,2109.0
2631004,2631005,52.0,1065422,1,1,0,1,1.0,40.0,1.0,-9.0,4.0,611M1,13.0,22688.0,2109.0
2631005,2631006,50.0,1065422,2,2,1,2,1.0,40.0,1.0,-9.0,4.0,611M1,13.0,22688.0,2109.0
2631006,2631007,22.0,1065422,3,1,4,2,6.0,-9.0,-9.0,-9.0,4.0,611M1,13.0,22688.0,2109.0
2631007,2631008,52.0,1065423,1,1,0,1,1.0,40.0,1.0,-9.0,4.0,611M1,13.0,22688.0,2109.0
2631008,2631009,50.0,1065423,2,2,1,2,1.0,40.0,1.0,-9.0,4.0,611M1,13.0,22688.0,2109.0
2631009,2631010,22.0,1065423,3,1,4,2,6.0,-9.0,-9.0,-9.0,4.0,611M1,13.0,22688.0,2109.0
2631010,2631011,52.0,1065424,1,1,0,1,1.0,40.0,1.0,-9.0,4.0,611M1,13.0,22688.0,2109.0
2631011,2631012,50.0,1065424,2,2,1,2,1.0,40.0,1.0,-9.0,4.0,611M1,13.0,22688.0,2109.0
2631012,2631013,22.0,1065424,3,1,4,2,6.0,-9.0,-9.0,-9.0,4.0,611M1,13.0,22688.0,2109.0
2631013,2631014,52.0,1065425,1,1,0,1,1.0,40.0,1.0,-9.0,4.0,611M1,13.0,22688.0,2109.0
2631014,2631015,50.0,1065425,2,2,1,2,1.0,40.0,1.0,-9.0,4.0,611M1,13.0,22688.0,2109.0
2631015,2631016,22.0,1065425,3,1,4,2,6.0,-9.0,-9.0,-9.0,4.0,611M1,13.0,22688.0,2109.0
2631016,2631017,52.0,1065426,1,1,0,1,1.0,40.0,1.0,-9.0,4.0,611M1,13.0,22688.0,2109.0
2631017,2631018,50.0,1065426,2,2,1,2,1.0,40.0,1.0,-9.0,4.0,611M1,13.0,22688.0,2109.0
2631018,2631019,22.0,1065426,3,1,4,2,6.0,-9.0,-9.0,-9.0,4.0,611M1,13.0,22688.0,2109.0
2631019,2631020,50.0,1065427,1,2,0,1,1.0,40.0,1.0,-9.0,4.0,622M,15.0,22688.0,2109.0
2631020,2631021,20.0,1065427,2,1,2,1,1.0,32.0,5.0,15.0,4.0,8111Z,17.0,22688.0,2109.0
2631021,2631022,50.0,1065428,1,2,0,1,1.0,40.0,1.0,-9.0,4.0,622M,15.0,22688.0,2109.0
2631022,2631023,20.0,1065428,2,1,2,1,1.0,32.0,5.0,15.0,4.0,8111Z,17.0,22688.0,2109.0
2631023,2631024,50.0,1065429,1,2,0,1,1.0,40.0,1.0,-9.0,4.0,622M,15.0,22688.0,2109.0
2631024,2631025,20.0,1065429,2,1,2,1,1.0,32.0,5.0,15.0,4.0,8111Z,17.0,22688.0,2109.0
2631025,2631026,50.0,1065430,1,2,0,1,1.0,40.0,1.0,-9.0,4.0,622M,15.0,22688.0,2109.0
2631026,2631027,20.0,1065430,2,1,2,1,1.0,32.0,5.0,15.0,4.0,8111Z,17.0,22688.0,2109.0
2631027,2631028,50.0,1065431,1,2,0,1,1.0,40.0,1.0,-9.0,4.0,622M,15.0,22688.0,2109.0
2631028,2631029,20.0,1065431,2,1,2,1,1.0,32.0,5.0,15.0,4.0,8111Z,17.0,22688.0,2109.0
2631029,2631030,50.0,1065432,1,2,0,1,1.0,40.0,1.0,-9.0,4.0,622M,15.0,22685.0,2109.0
2631030,2631031,20.0,1065432,2,1,2,1,1.0,32.0,5.0,15.0,4.0,8111Z,17.0,22685.0,2109.0
2631031,2631032,50.0,1065433,1,2,0,1,1.0,40.0,1.0,-9.0,4.0,622M,15.0,22688.0,2109.0
2631032,2631033,20.0,1065433,2,1,2,1,1.0,32.0,5.0,15.0,4.0,8111Z,17.0,22688.0,2109.0
2631033,2631034,50.0,1065434,1,2,0,1,1.0,40.0,1.0,-9.0,4.0,622M,15.0,22688.0,2109.0
2631034,2631035,20.0,1065434,2,1,2,1,1.0,32.0,5.0,15.0,4.0,8111Z,17.0,22688.0,2109.0
2631035,2631036,47.0,1065435,1,1,0,1,6.0,-9.0,-9.0,-9.0,4.0,-9,0.0,22688.0,2109.0
2631036,2631037,53.0,1065435,2,1,1,1,1.0,40.0,1.0,-9.0,2.0,53M,9.0,22688.0,2109.0
2631037,2631038,53.0,1065436,1,1,0,1,1.0,40.0,1.0,-9.0,4.0,56173,12.0,22688.0,2109.0
2631038,2631039,53.0,1065436,2,2,13,4,6.0,-9.0,-9.0,-9.0,4.0,-9,0.0,22688.0,2109.0
2631039,2631040,53.0,1065437,1,1,0,1,1.0,40.0,1.0,-9.0,4.0,56173,12.0,22685.0,2109.0
2631040,2631041,53.0,1065437,2,2,13,4,6.0,-9.0,-9.0,-9.0,4.0,-9,0.0,22685.0,2109.0
2631041,2631042,53.0,1065438,1,1,0,1,1.0,40.0,1.0,-9.0,4.0,56173,12.0,22688.0,2109.0
2631042,2631043,53.0,1065438,2,2,13,4,6.0,-9.0,-9.0,-9.0,4.0,-9,0.0,22688.0,2109.0
2631043,2631044,53.0,1065439,1,1,0,1,1.0,40.0,1.0,-9.0,4.0,56173,12.0,22688.0,2109.0
2631044,2631045,53.0,1065439,2,2,13,4,6.0,-9.0,-9.0,-9.0,4.0,-9,0.0,22688.0,2109.0
2631045,2631046,47.0,1065440,1,1,0,1,1.0,50.0,1.0,-9.0,4.0,5415,10.0,22685.0,2109.0
2631046,2631047,51.0,1065440,2,2,1,4,1.0,50.0,1.0,-9.0,4.0,5415,10.0,22685.0,2109.0
2631047,2631048,47.0,1065441,1,1,0,1,1.0,50.0,1.0,-9.0,4.0,5415,10.0,22688.0,2109.0
2631048,2631049,51.0,1065441,2,2,1,4,1.0,50.0,1.0,-9.0,4.0,5415,10.0,22688.0,2109.0
2631049,2631050,47.0,1065442,1,1,0,1,1.0,50.0,1.0,-9.0,4.0,5415,10.0,22685.0,2109.0
2631050,2631051,51.0,1065442,2,2,1,4,1.0,50.0,1.0,-9.0,4.0,5415,10.0,22685.0,2109.0
2631051,2631052,47.0,1065443,1,1,0,1,1.0,50.0,1.0,-9.0,4.0,5415,10.0,22688.0,2109.0
2631052,2631053,51.0,1065443,2,2,1,4,1.0,50.0,1.0,-9.0,4.0,5415,10.0,22688.0,2109.0
2631053,2631054,47.0,1065444,1,1,0,1,1.0,50.0,1.0,-9.0,4.0,5415,10.0,22688.0,2109.0
2631054,2631055,51.0,1065444,2,2,1,4,1.0,50.0,1.0,-9.0,4.0,5415,10.0,22688.0,2109.0
2631055,2631056,47.0,1065445,1,1,0,1,1.0,50.0,1.0,-9.0,4.0,5415,10.0,22688.0,2109.0
2631056,2631057,51.0,1065445,2,2,1,4,1.0,50.0,1.0,-9.0,4.0,5415,10.0,22688.0,2109.0
2631057,2631058,47.0,1065446,1,1,0,1,1.0,50.0,1.0,-9.0,4.0,5415,10.0,22686.0,2109.0
2631058,2631059,51.0,1065446,2,2,1,4,1.0,50.0,1.0,-9.0,4.0,5415,10.0,22686.0,2109.0
2631059,2631060,47.0,1065447,1,1,0,1,1.0,50.0,1.0,-9.0,4.0,5415,10.0,22685.0,2109.0
2631060,2631061,51.0,1065447,2,2,1,4,1.0,50.0,1.0,-9.0,4.0,5415,10.0,22685.0,2109.0
2631061,2631062,47.0,1065448,1,1,0,1,1.0,50.0,1.0,-9.0,4.0,5415,10.0,22687.0,2109.0
2631062,2631063,51.0,1065448,2,2,1,4,1.0,50.0,1.0,-9.0,4.0,5415,10.0,22687.0,2109.0
2631063,2631064,47.0,1065449,1,1,0,1,1.0,50.0,1.0,-9.0,4.0,5415,10.0,22687.0,2109.0
2631064,2631065,51.0,1065449,2,2,1,4,1.0,50.0,1.0,-9.0,4.0,5415,10.0,22687.0,2109.0
2631065,2631066,52.0,1065450,1,2,0,1,1.0,30.0,5.0,16.0,4.0,6111,13.0,22688.0,2109.0
2631066,2631067,52.0,1065451,1,2,0,1,1.0,30.0,5.0,16.0,4.0,6111,13.0,22688.0,2109.0
2631067,2631068,58.0,1065452,1,2,0,1,1.0,40.0,1.0,-9.0,4.0,622M,15.0,22685.0,2109.0
2631068,2631069,54.0,1065453,1,2,0,1,1.0,20.0,1.0,-9.0,4.0,622M,15.0,22686.0,2109.0
2631069,2631070,52.0,1065454,1,2,0,1,1.0,30.0,5.0,16.0,4.0,6111,13.0,22688.0,2109.0
2631070,2631071,54.0,1065455,1,2,0,1,1.0,20.0,1.0,-9.0,4.0,622M,15.0,22688.0,2109.0
2631071,2631072,58.0,1065456,1,2,0,1,1.0,30.0,1.0,-9.0,4.0,611M1,13.0,22688.0,2109.0
2631072,2631073,58.0,1065457,1,2,0,1,1.0,30.0,1.0,-9.0,4.0,611M1,13.0,22688.0,2109.0
2631073,2631074,58.0,1065458,1,2,0,1,1.0,40.0,1.0,-9.0,4.0,622M,15.0,22688.0,2109.0
2631074,2631075,55.0,1065459,1,1,0,1,1.0,50.0,1.0,-9.0,4.0,8111Z,17.0,22685.0,2109.0
2631075,2631076,55.0,1065460,1,1,0,1,1.0,50.0,1.0,-9.0,4.0,8111Z,17.0,22688.0,2109.0
2631076,2631077,55.0,1065461,1,1,0,1,1.0,50.0,1.0,-9.0,4.0,8111Z,17.0,22688.0,2109.0
2631077,2631078,55.0,1065462,1,1,0,1,1.0,50.0,1.0,-9.0,4.0,8111Z,17.0,22685.0,2109.0
2631078,2631079,55.0,1065463,1,1,0,1,1.0,50.0,1.0,-9.0,4.0,8111Z,17.0,22688.0,2109.0
2631079,2631080,55.0,1065464,1,1,0,1,1.0,50.0,1.0,-9.0,4.0,8111Z,17.0,22688.0,2109.0
2631080,2631081,57.0,1065465,1,1,0,1,1.0,40.0,1.0,-9.0,4.0,622M,15.0,22688.0,2109.0
2631081,2631082,57.0,1065466,1,1,0,1,1.0,40.0,1.0,-9.0,4.0,622M,15.0,22685.0,2109.0
2631082,2631083,58.0,1065467,1,1,0,1,1.0,50.0,1.0,-9.0,4.0,23,2.0,22688.0,2109.0
2631083,2631084,58.0,1065468,1,1,0,1,1.0,50.0,1.0,-9.0,4.0,23,2.0,22688.0,2109.0
2631084,2631085,58.0,1065469,1,1,0,1,1.0,50.0,1.0,-9.0,4.0,23,2.0,22686.0,2109.0
2631085,2631086,58.0,1065470,1,1,0,1,1.0,50.0,1.0,-9.0,4.0,23,2.0,22688.0,2109.0
2631086,2631087,58.0,1065471,1,1,0,1,1.0,50.0,1.0,-9.0,4.0,23,2.0,22688.0,2109.0
2631087,2631088,58.0,1065472,1,1,0,1,1.0,50.0,1.0,-9.0,4.0,23,2.0,22688.0,2109.0
2631088,2631089,58.0,1065473,1,1,0,1,1.0,50.0,1.0,-9.0,4.0,23,2.0,22688.0,2109.0
2631089,2631090,52.0,1065474,1,2,0,1,1.0,40.0,1.0,-9.0,4.0,622M,15.0,22688.0,2109.0
2631090,2631091,46.0,1065475,1,1,0,1,1.0,45.0,1.0,15.0,2.0,622M,15.0,22688.0,2109.0
2631091,2631092,59.0,1065475,2,2,1,1,6.0,-9.0,-9.0,-9.0,4.0,-9,0.0,22688.0,2109.0
2631092,2631093,47.0,1065476,1,2,0,1,1.0,40.0,1.0,-9.0,4.0,611M1,13.0,22688.0,2109.0
2631093,2631094,49.0,1065477,1,2,0,1,1.0,45.0,2.0,-9.0,4.0,6111,13.0,22688.0,2109.0
2631094,2631095,61.0,1065478,1,2,0,1,1.0,14.0,1.0,-9.0,4.0,5617Z,12.0,22688.0,2109.0
2631095,2631096,56.0,1065479,1,2,0,1,1.0,40.0,3.0,-9.0,4.0,4523,5.0,22688.0,2109.0
2631096,2631097,45.0,1065480,1,1,0,1,1.0,70.0,3.0,-9.0,4.0,611M1,13.0,22688.0,2109.0
2631097,2631098,52.0,1065481,1,1,0,1,1.0,45.0,3.0,-9.0,4.0,23,2.0,22688.0,2109.0
2631098,2631099,52.0,1065482,1,1,0,1,1.0,45.0,3.0,-9.0,4.0,23,2.0,22688.0,2109.0
2631099,2631100,52.0,1065483,1,1,0,1,1.0,45.0,3.0,-9.0,4.0,23,2.0,22686.0,2109.0
2631100,2631101,52.0,1065484,1,1,0,1,1.0,45.0,3.0,-9.0,4.0,23,2.0,22688.0,2109.0
2631101,2631102,52.0,1065485,1,1,0,1,1.0,45.0,3.0,-9.0,4.0,23,2.0,22688.0,2109.0
2631102,2631103,52.0,1065486,1,1,0,1,1.0,45.0,3.0,-9.0,4.0,23,2.0,22685.0,2109.0
2631103,2631104,52.0,1065487,1,1,0,1,1.0,45.0,3.0,-9.0,4.0,23,2.0,22688.0,2109.0
2631104,2631105,52.0,1065488,1,1,0,1,1.0,45.0,3.0,-9.0,4.0,23,2.0,22688.0,2109.0
2631105,2631106,64.0,1065489,1,2,0,1,6.0,-9.0,-9.0,-9.0,4.0,-9,0.0,22687.0,2109.0
2631106,2631107,88.0,1065489,2,2,6,1,6.0,-9.0,-9.0,-9.0,4.0,-9,0.0,22687.0,2109.0
2631107,2631108,64.0,1065490,1,2,0,1,6.0,-9.0,-9.0,-9.0,4.0,-9,0.0,22688.0,2109.0
2631108,2631109,88.0,1065490,2,2,6,1,6.0,-9.0,-9.0,-9.0,4.0,-9,0.0,22688.0,2109.0
2631109,2631110,64.0,1065491,1,2,0,1,6.0,-9.0,-9.0,-9.0,4.0,-9,0.0,22688.0,2109.0
2631110,2631111,88.0,1065491,2,2,6,1,6.0,-9.0,-9.0,-9.0,4.0,-9,0.0,22688.0,2109.0
2631111,2631112,64.0,1065492,1,2,0,1,6.0,-9.0,-9.0,-9.0,4.0,-9,0.0,22688.0,2109.0
2631112,2631113,88.0,1065492,2,2,6,1,6.0,-9.0,-9.0,-9.0,4.0,-9,0.0,22688.0,2109.0
2631113,2631114,64.0,1065493,1,2,0,1,6.0,-9.0,-9.0,-9.0,4.0,-9,0.0,22686.0,2109.0
2631114,2631115,88.0,1065493,2,2,6,1,6.0,-9.0,-9.0,-9.0,4.0,-9,0.0,22686.0,2109.0
2631115,2631116,64.0,1065494,1,2,0,1,6.0,-9.0,-9.0,-9.0,4.0,-9,0.0,22686.0,2109.0
2631116,2631117,88.0,1065494,2,2,6,1,6.0,-9.0,-9.0,-9.0,4.0,-9,0.0,22686.0,2109.0
2631117,2631118,64.0,1065495,1,2,0,1,6.0,-9.0,-9.0,-9.0,4.0,-9,0.0,22688.0,2109.0
2631118,2631119,88.0,1065495,2,2,6,1,6.0,-9.0,-9.0,-9.0,4.0,-9,0.0,22688.0,2109.0
2631119,2631120,64.0,1065496,1,2,0,1,6.0,-9.0,-9.0,-9.0,4.0,-9,0.0,22688.0,2109.0
2631120,2631121,88.0,1065496,2,2,6,1,6.0,-9.0,-9.0,-9.0,4.0,-9,0.0,22688.0,2109.0
2631121,2631122,64.0,1065497,1,2,0,1,6.0,-9.0,-9.0,-9.0,4.0,-9,0.0,22687.0,2109.0
2631122,2631123,88.0,1065497,2,2,6,1,6.0,-9.0,-9.0,-9.0,4.0,-9,0.0,22687.0,2109.0
2631123,2631124,64.0,1065498,1,2,0,1,6.0,-9.0,-9.0,-9.0,4.0,-9,0.0,22685.0,2109.0
2631124,2631125,88.0,1065498,2,2,6,1,6.0,-9.0,-9.0,-9.0,4.0,-9,0.0,22685.0,2109.0
2631125,2631126,64.0,1065499,1,2,0,1,6.0,-9.0,-9.0,-9.0,4.0,-9,0.0,22688.0,2109.0
2631126,2631127,88.0,1065499,2,2,6,1,6.0,-9.0,-9.0,-9.0,4.0,-9,0.0,22688.0,2109.0
2631127,2631128,64.0,1065500,1,2,0,1,6.0,-9.0,-9.0,-9.0,4.0,-9,0.0,22688.0,2109.0
2631128,2631129,88.0,1065500,2,2,6,1,6.0,-9.0,-9.0,-9.0,4.0,-9,0.0,22688.0,2109.0
2631129,2631130,64.0,1065501,1,2,0,1,6.0,-9.0,-9.0,-9.0,4.0,-9,0.0,22688.0,2109.0
2631130,2631131,88.0,1065501,2,2,6,1,6.0,-9.0,-9.0,-9.0,4.0,-9,0.0,22688.0,2109.0
2631131,2631132,64.0,1065502,1,2,0,1,6.0,-9.0,-9.0,-9.0,4.0,-9,0.0,22688.0,2109.0
2631132,2631133,88.0,1065502,2,2,6,1,6.0,-9.0,-9.0,-9.0,4.0,-9,0.0,22688.0,2109.0
2631133,2631134,64.0,1065503,1,2,0,1,6.0,-9.0,-9.0,-9.0,4.0,-9,0.0,22688.0,2109.0
2631134,2631135,88.0,1065503,2,2,6,1,6.0,-9.0,-9.0,-9.0,4.0,-9,0.0,22688.0,2109.0
2631135,2631136,64.0,1065504,1,2,0,1,6.0,-9.0,-9.0,-9.0,4.0,-9,0.0,22686.0,2109.0
2631136,2631137,88.0,1065504,2,2,6,1,6.0,-9.0,-9.0,-9.0,4.0,-9,0.0,22686.0,2109.0
2631137,2631138,64.0,1065505,1,2,0,1,6.0,-9.0,-9.0,-9.0,4.0,-9,0.0,22686.0,2109.0
2631138,2631139,88.0,1065505,2,2,6,1,6.0,-9.0,-9.0,-9.0,4.0,-9,0.0,22686.0,2109.0
2631139,2631140,64.0,1065506,1,2,0,1,6.0,-9.0,-9.0,-9.0,4.0,-9,0.0,22687.0,2109.0
2631140,2631141,88.0,1065506,2,2,6,1,6.0,-9.0,-9.0,-9.0,4.0,-9,0.0,22687.0,2109.0
2631141,2631142,64.0,1065507,1,2,0,1,6.0,-9.0,-9.0,-9.0,4.0,-9,0.0,22688.0,2109.0
2631142,2631143,88.0,1065507,2,2,6,1,6.0,-9.0,-9.0,-9.0,4.0,-9,0.0,22688.0,2109.0
2631143,2631144,63.0,1065508,1,1,0,1,6.0,-9.0,-9.0,-9.0,4.0,-9,0.0,22688.0,2109.0
2631144,2631145,63.0,1065509,1,1,0,1,6.0,-9.0,-9.0,-9.0,4.0,-9,0.0,22686.0,2109.0
2631145,2631146,63.0,1065510,1,1,0,1,6.0,-9.0,-9.0,-9.0,4.0,-9,0.0,22686.0,2109.0
2631146,2631147,61.0,1065511,1,1,0,1,6.0,-9.0,-9.0,-9.0,2.0,-9,0.0,22688.0,2109.0
2631147,2631148,60.0,1065512,1,1,0,1,1.0,40.0,1.0,-9.0,2.0,622M,15.0,22688.0,2109.0
2631148,2631149,45.0,1065513,1,2,0,1,1.0,30.0,1.0,-9.0,4.0,6111,13.0,22688.0,2109.0
2631149,2631150,45.0,1065514,1,2,0,1,1.0,45.0,1.0,-9.0,4.0,622M,15.0,22685.0,2109.0
2631150,2631151,45.0,1065515,1,2,0,1,1.0,45.0,1.0,-9.0,4.0,622M,15.0,22688.0,2109.0
2631151,2631152,61.0,1065516,1,2,0,1,1.0,40.0,1.0,-9.0,4.0,6231,14.0,22688.0,2109.0
2631152,2631153,61.0,1065517,1,2,0,1,1.0,40.0,1.0,-9.0,4.0,6231,14.0,22688.0,2109.0
2631153,2631154,45.0,1065518,1,2,0,1,1.0,45.0,1.0,-9.0,4.0,622M,15.0,22688.0,2109.0
2631154,2631155,60.0,1065519,1,2,0,1,1.0,21.0,4.0,-9.0,4.0,6111,13.0,22688.0,2109.0
2631155,2631156,45.0,1065520,1,2,0,1,1.0,45.0,1.0,-9.0,4.0,622M,15.0,22688.0,2109.0
2631156,2631157,45.0,1065521,1,2,0,1,1.0,45.0,1.0,-9.0,4.0,622M,15.0,22688.0,2109.0
2631157,2631158,45.0,1065522,1,2,0,1,1.0,45.0,1.0,-9.0,4.0,622M,15.0,22688.0,2109.0
2631158,2631159,61.0,1065523,1,2,0,1,1.0,40.0,1.0,-9.0,4.0,6231,14.0,22688.0,2109.0
2631159,2631160,61.0,1065524,1,2,0,1,1.0,40.0,1.0,-9.0,4.0,6231,14.0,22688.0,2109.0
2631160,2631161,61.0,1065525,1,2,0,1,1.0,40.0,1.0,-9.0,4.0,6231,14.0,22688.0,2109.0
2631161,2631162,62.0,1065526,1,2,0,1,1.0,15.0,4.0,-9.0,4.0,6213ZM,14.0,22688.0,2109.0
2631162,2631163,45.0,1065527,1,2,0,1,1.0,45.0,1.0,-9.0,4.0,622M,15.0,22685.0,2109.0
2631163,2631164,61.0,1065528,1,2,0,1,1.0,40.0,1.0,-9.0,4.0,6231,14.0,22688.0,2109.0
2631164,2631165,55.0,1065529,1,2,0,1,1.0,18.0,1.0,-9.0,4.0,6214,14.0,22688.0,2109.0
2631165,2631166,64.0,1065530,1,2,0,1,1.0,40.0,1.0,-9.0,4.0,4523,5.0,22688.0,2109.0
2631166,2631167,51.0,1065531,1,1,0,1,1.0,35.0,3.0,-9.0,4.0,6111,13.0,22688.0,2109.0
2631167,2631168,59.0,1065532,1,1,0,1,1.0,40.0,1.0,-9.0,4.0,6111,13.0,22687.0,2109.0
2631168,2631169,51.0,1065533,1,1,0,1,1.0,35.0,3.0,-9.0,4.0,6111,13.0,22688.0,2109.0
2631169,2631170,51.0,1065534,1,1,0,1,1.0,35.0,3.0,-9.0,4.0,6111,13.0,22688.0,2109.0
2631170,2631171,59.0,1065535,1,1,0,1,1.0,40.0,1.0,-9.0,4.0,6111,13.0,22688.0,2109.0
2631171,2631172,49.0,1065536,1,1,0,1,1.0,80.0,1.0,-9.0,4.0,56173,12.0,22686.0,2109.0
2631172,2631173,49.0,1065537,1,1,0,1,1.0,80.0,1.0,-9.0,4.0,56173,12.0,22688.0,2109.0
2631173,2631174,49.0,1065538,1,1,0,1,1.0,80.0,1.0,-9.0,4.0,56173,12.0,22688.0,2109.0
2631174,2631175,59.0,1065539,1,1,0,1,1.0,18.0,6.0,-9.0,2.0,5313,9.0,22688.0,2109.0
2631175,2631176,59.0,1065540,1,1,0,1,1.0,18.0,6.0,-9.0,2.0,5313,9.0,22686.0,2109.0
2631176,2631177,59.0,1065541,1,1,0,1,1.0,16.0,1.0,-9.0,4.0,45439,5.0,22688.0,2109.0
2631177,2631178,58.0,1065542,1,1,0,1,1.0,45.0,1.0,-9.0,4.0,23,2.0,22688.0,2109.0
2631178,2631179,58.0,1065543,1,1,0,1,1.0,45.0,1.0,-9.0,4.0,23,2.0,22687.0,2109.0
2631179,2631180,58.0,1065544,1,1,0,1,1.0,45.0,1.0,-9.0,4.0,23,2.0,22685.0,2109.0
2631180,2631181,54.0,1065545,1,1,0,1,6.0,-9.0,-9.0,-9.0,4.0,-9,0.0,22688.0,2109.0
2631181,2631182,66.0,1065545,2,1,5,1,6.0,-9.0,-9.0,-9.0,4.0,-9,0.0,22688.0,2109.0
2631182,2631183,54.0,1065546,1,1,0,1,6.0,-9.0,-9.0,-9.0,4.0,-9,0.0,22688.0,2109.0
2631183,2631184,66.0,1065546,2,1,5,1,6.0,-9.0,-9.0,-9.0,4.0,-9,0.0,22688.0,2109.0
2631184,2631185,54.0,1065547,1,1,0,1,6.0,-9.0,-9.0,-9.0,4.0,-9,0.0,22688.0,2109.0
2631185,2631186,66.0,1065547,2,1,5,1,6.0,-9.0,-9.0,-9.0,4.0,-9,0.0,22688.0,2109.0
2631186,2631187,54.0,1065548,1,1,0,1,6.0,-9.0,-9.0,-9.0,4.0,-9,0.0,22687.0,2109.0
2631187,2631188,66.0,1065548,2,1,5,1,6.0,-9.0,-9.0,-9.0,4.0,-9,0.0,22687.0,2109.0
2631188,2631189,54.0,1065549,1,1,0,1,6.0,-9.0,-9.0,-9.0,4.0,-9,0.0,22688.0,2109.0
2631189,2631190,66.0,1065549,2,1,5,1,6.0,-9.0,-9.0,-9.0,4.0,-9,0.0,22688.0,2109.0
2631190,2631191,54.0,1065550,1,1,0,1,6.0,-9.0,-9.0,-9.0,4.0,-9,0.0,22687.0,2109.0
2631191,2631192,66.0,1065550,2,1,5,1,6.0,-9.0,-9.0,-9.0,4.0,-9,0.0,22687.0,2109.0
2631192,2631193,54.0,1065551,1,1,0,1,6.0,-9.0,-9.0,-9.0,4.0,-9,0.0,22686.0,2109.0
2631193,2631194,66.0,1065551,2,1,5,1,6.0,-9.0,-9.0,-9.0,4.0,-9,0.0,22686.0,2109.0
2631194,2631195,54.0,1065552,1,1,0,1,6.0,-9.0,-9.0,-9.0,4.0,-9,0.0,22688.0,2109.0
2631195,2631196,66.0,1065552,2,1,5,1,6.0,-9.0,-9.0,-9.0,4.0,-9,0.0,22688.0,2109.0
2631196,2631197,54.0,1065553,1,1,0,1,6.0,-9.0,-9.0,-9.0,4.0,-9,0.0,22688.0,2109.0
2631197,2631198,66.0,1065553,2,1,5,1,6.0,-9.0,-9.0,-9.0,4.0,-9,0.0,22688.0,2109.0
2631198,2631199,54.0,1065554,1,1,0,1,6.0,-9.0,-9.0,-9.0,4.0,-9,0.0,22688.0,2109.0
2631199,2631200,66.0,1065554,2,1,5,1,6.0,-9.0,-9.0,-9.0,4.0,-9,0.0,22688.0,2109.0
2631200,2631201,54.0,1065555,1,1,0,1,6.0,-9.0,-9.0,-9.0,4.0,-9,0.0,22688.0,2109.0
2631201,2631202,66.0,1065555,2,1,5,1,6.0,-9.0,-9.0,-9.0,4.0,-9,0.0,22688.0,2109.0
2631202,2631203,54.0,1065556,1,1,0,1,6.0,-9.0,-9.0,-9.0,4.0,-9,0.0,22688.0,2109.0
2631203,2631204,66.0,1065556,2,1,5,1,6.0,-9.0,-9.0,-9.0,4.0,-9,0.0,22688.0,2109.0
2631204,2631205,54.0,1065557,1,1,0,1,6.0,-9.0,-9.0,-9.0,4.0,-9,0.0,22685.0,2109.0
2631205,2631206,66.0,1065557,2,1,5,1,6.0,-9.0,-9.0,-9.0,4.0,-9,0.0,22685.0,2109.0
2631206,2631207,54.0,1065558,1,1,0,1,6.0,-9.0,-9.0,-9.0,4.0,-9,0.0,22688.0,2109.0
2631207,2631208,66.0,1065558,2,1,5,1,6.0,-9.0,-9.0,-9.0,4.0,-9,0.0,22688.0,2109.0
2631208,2631209,54.0,1065559,1,1,0,1,6.0,-9.0,-9.0,-9.0,4.0,-9,0.0,22686.0,2109.0
2631209,2631210,66.0,1065559,2,1,5,1,6.0,-9.0,-9.0,-9.0,4.0,-9,0.0,22686.0,2109.0
2631210,2631211,54.0,1065560,1,1,0,1,6.0,-9.0,-9.0,-9.0,4.0,-9,0.0,22688.0,2109.0
2631211,2631212,66.0,1065560,2,1,5,1,6.0,-9.0,-9.0,-9.0,4.0,-9,0.0,22688.0,2109.0
2631212,2631213,54.0,1065561,1,1,0,1,6.0,-9.0,-9.0,-9.0,4.0,-9,0.0,22686.0,2109.0
2631213,2631214,66.0,1065561,2,1,5,1,6.0,-9.0,-9.0,-9.0,4.0,-9,0.0,22686.0,2109.0
2631214,2631215,54.0,1065562,1,1,0,1,6.0,-9.0,-9.0,-9.0,4.0,-9,0.0,22688.0,2109.0
2631215,2631216,66.0,1065562,2,1,5,1,6.0,-9.0,-9.0,-9.0,4.0,-9,0.0,22688.0,2109.0
2631216,2631217,54.0,1065563,1,1,0,1,6.0,-9.0,-9.0,-9.0,4.0,-9,0.0,22685.0,2109.0
2631217,2631218,66.0,1065563,2,1,5,1,6.0,-9.0,-9.0,-9.0,4.0,-9,0.0,22685.0,2109.0
2631218,2631219,54.0,1065564,1,1,0,1,6.0,-9.0,-9.0,-9.0,4.0,-9,0.0,22685.0,2109.0
2631219,2631220,66.0,1065564,2,1,5,1,6.0,-9.0,-9.0,-9.0,4.0,-9,0.0,22685.0,2109.0
2631220,2631221,54.0,1065565,1,1,0,1,6.0,-9.0,-9.0,-9.0,4.0,-9,0.0,22688.0,2109.0
2631221,2631222,66.0,1065565,2,1,5,1,6.0,-9.0,-9.0,-9.0,4.0,-9,0.0,22688.0,2109.0
2631222,2631223,54.0,1065566,1,1,0,1,6.0,-9.0,-9.0,-9.0,4.0,-9,0.0,22686.0,2109.0
2631223,2631224,66.0,1065566,2,1,5,1,6.0,-9.0,-9.0,-9.0,4.0,-9,0.0,22686.0,2109.0
2631224,2631225,54.0,1065567,1,1,0,1,6.0,-9.0,-9.0,-9.0,4.0,-9,0.0,22688.0,2109.0
2631225,2631226,66.0,1065567,2,1,5,1,6.0,-9.0,-9.0,-9.0,4.0,-9,0.0,22688.0,2109.0
2631226,2631227,54.0,1065568,1,1,0,1,6.0,-9.0,-9.0,-9.0,4.0,-9,0.0,22688.0,2109.0
2631227,2631228,66.0,1065568,2,1,5,1,6.0,-9.0,-9.0,-9.0,4.0,-9,0.0,22688.0,2109.0
2631228,2631229,54.0,1065569,1,1,0,1,6.0,-9.0,-9.0,-9.0,4.0,-9,0.0,22688.0,2109.0
2631229,2631230,66.0,1065569,2,1,5,1,6.0,-9.0,-9.0,-9.0,4.0,-9,0.0,22688.0,2109.0
2631230,2631231,52.0,1065570,1,2,0,1,6.0,-9.0,-9.0,-9.0,4.0,-9,0.0,22688.0,2109.0
2631231,2631232,52.0,1065571,1,2,0,1,6.0,-9.0,-9.0,-9.0,4.0,-9,0.0,22688.0,2109.0
2631232,2631233,61.0,1065572,1,2,0,1,6.0,-9.0,-9.0,-9.0,4.0,-9,0.0,22688.0,2109.0
2631233,2631234,61.0,1065573,1,2,0,1,6.0,-9.0,-9.0,-9.0,4.0,-9,0.0,22688.0,2109.0
2631234,2631235,52.0,1065574,1,2,0,1,6.0,-9.0,-9.0,-9.0,4.0,-9,0.0,22688.0,2109.0
2631235,2631236,52.0,1065575,1,2,0,1,6.0,-9.0,-9.0,-9.0,4.0,-9,0.0,22688.0,2109.0
2631236,2631237,61.0,1065576,1,2,0,1,6.0,-9.0,-9.0,-9.0,4.0,-9,0.0,22688.0,2109.0
2631237,2631238,61.0,1065577,1,2,0,1,6.0,-9.0,-9.0,-9.0,4.0,-9,0.0,22687.0,2109.0
2631238,2631239,57.0,1065578,1,2,0,1,6.0,-9.0,-9.0,-9.0,4.0,-9,0.0,22688.0,2109.0
2631239,2631240,52.0,1065579,1,2,0,1,6.0,-9.0,-9.0,-9.0,4.0,-9,0.0,22688.0,2109.0
2631240,2631241,62.0,1065580,1,2,0,1,6.0,-9.0,-9.0,-9.0,4.0,-9,0.0,22688.0,2109.0
2631241,2631242,52.0,1065581,1,2,0,1,6.0,-9.0,-9.0,-9.0,4.0,-9,0.0,22688.0,2109.0
2631242,2631243,61.0,1065582,1,2,0,1,6.0,-9.0,-9.0,-9.0,4.0,-9,0.0,22688.0,2109.0
2631243,2631244,62.0,1065583,1,2,0,1,6.0,-9.0,-9.0,-9.0,4.0,-9,0.0,22688.0,2109.0
2631244,2631245,52.0,1065584,1,2,0,1,6.0,-9.0,-9.0,-9.0,4.0,-9,0.0,22688.0,2109.0
2631245,2631246,52.0,1065585,1,2,0,1,6.0,-9.0,-9.0,-9.0,4.0,-9,0.0,22688.0,2109.0
2631246,2631247,61.0,1065586,1,2,0,1,6.0,-9.0,-9.0,-9.0,4.0,-9,0.0,22688.0,2109.0
2631247,2631248,52.0,1065587,1,2,0,1,6.0,-9.0,-9.0,-9.0,4.0,-9,0.0,22687.0,2109.0
2631248,2631249,61.0,1065588,1,2,0,1,6.0,-9.0,-9.0,-9.0,4.0,-9,0.0,22686.0,2109.0
2631249,2631250,52.0,1065589,1,2,0,1,6.0,-9.0,-9.0,-9.0,4.0,-9,0.0,22688.0,2109.0
2631250,2631251,62.0,1065590,1,2,0,1,6.0,-9.0,-9.0,-9.0,4.0,-9,0.0,22688.0,2109.0
2631251,2631252,61.0,1065591,1,2,0,1,6.0,-9.0,-9.0,-9.0,4.0,-9,0.0,22688.0,2109.0
2631252,2631253,52.0,1065592,1,2,0,1,6.0,-9.0,-9.0,-9.0,4.0,-9,0.0,22688.0,2109.0
2631253,2631254,52.0,1065593,1,2,0,1,6.0,-9.0,-9.0,-9.0,4.0,-9,0.0,22688.0,2109.0
2631254,2631255,62.0,1065594,1,2,0,1,6.0,-9.0,-9.0,-9.0,4.0,-9,0.0,22688.0,2109.0
2631255,2631256,61.0,1065595,1,2,0,1,6.0,-9.0,-9.0,-9.0,4.0,-9,0.0,22688.0,2109.0
2631256,2631257,62.0,1065596,1,2,0,1,6.0,-9.0,-9.0,-9.0,4.0,-9,0.0,22688.0,2109.0
2631257,2631258,57.0,1065597,1,2,0,1,6.0,-9.0,-9.0,-9.0,4.0,-9,0.0,22687.0,2109.0
2631258,2631259,52.0,1065598,1,2,0,1,6.0,-9.0,-9.0,-9.0,4.0,-9,0.0,22686.0,2109.0
2631259,2631260,52.0,1065599,1,2,0,1,6.0,-9.0,-9.0,-9.0,4.0,-9,0.0,22685.0,2109.0
2631260,2631261,52.0,1065600,1,2,0,1,6.0,-9.0,-9.0,-9.0,4.0,-9,0.0,22688.0,2109.0
2631261,2631262,51.0,1065601,1,1,0,1,6.0,-9.0,-9.0,-9.0,4.0,-9,0.0,22688.0,2109.0
2631262,2631263,60.0,1065602,1,1,0,1,6.0,-9.0,-9.0,-9.0,4.0,-9,0.0,22688.0,2109.0
2631263,2631264,60.0,1065603,1,1,0,1,6.0,-9.0,-9.0,-9.0,4.0,-9,0.0,22687.0,2109.0
2631264,2631265,60.0,1065604,1,1,0,1,6.0,-9.0,-9.0,-9.0,4.0,-9,0.0,22686.0,2109.0
2631265,2631266,51.0,1065605,1,1,0,1,6.0,-9.0,-9.0,-9.0,4.0,-9,0.0,22688.0,2109.0
2631266,2631267,55.0,1065606,1,1,0,1,3.0,-9.0,-9.0,-9.0,2.0,999920,0.0,22687.0,2109.0
2631267,2631268,55.0,1065607,1,1,0,1,3.0,-9.0,-9.0,-9.0,2.0,999920,0.0,22685.0,2109.0
2631268,2631269,60.0,1065608,1,1,0,1,6.0,-9.0,-9.0,-9.0,4.0,-9,0.0,22686.0,2109.0
2631269,2631270,51.0,1065609,1,1,0,1,6.0,-9.0,-9.0,-9.0,4.0,-9,0.0,22688.0,2109.0
2631270,2631271,60.0,1065610,1,1,0,1,6.0,-9.0,-9.0,-9.0,4.0,-9,0.0,22686.0,2109.0
2631271,2631272,62.0,1065611,1,2,0,1,6.0,-9.0,-9.0,-9.0,4.0,-9,0.0,22685.0,2109.0
2631272,2631273,58.0,1065612,1,2,0,1,6.0,-9.0,-9.0,-9.0,4.0,-9,0.0,22687.0,2109.0
2631273,2631274,62.0,1065613,1,2,0,1,6.0,-9.0,-9.0,-9.0,4.0,-9,0.0,22688.0,2109.0
2631274,2631275,52.0,1065614,1,1,0,1,6.0,-9.0,-9.0,-9.0,4.0,-9,0.0,22688.0,2109.0
2631275,2631276,56.0,1065615,1,1,0,1,6.0,-9.0,-9.0,-9.0,4.0,-9,0.0,22688.0,2109.0
2631276,2631277,52.0,1065616,1,1,0,1,6.0,-9.0,-9.0,-9.0,4.0,-9,0.0,22688.0,2109.0
2631277,2631278,52.0,1065617,1,1,0,1,6.0,-9.0,-9.0,-9.0,4.0,-9,0.0,22686.0,2109.0
2631278,2631279,54.0,1065618,1,1,0,1,6.0,-9.0,-9.0,-9.0,4.0,-9,0.0,22688.0,2109.0
2631279,2631280,56.0,1065619,1,1,0,1,6.0,-9.0,-9.0,-9.0,4.0,-9,0.0,22688.0,2109.0
2631280,2631281,45.0,1065620,1,1,0,1,1.0,50.0,1.0,-9.0,4.0,6111,13.0,22688.0,2109.0
2631281,2631282,42.0,1065620,2,2,1,1,1.0,50.0,1.0,-9.0,4.0,6111,13.0,22688.0,2109.0
2631282,2631283,15.0,1065620,3,2,2,1,-9.0,-9.0,-9.0,11.0,-9.0,-9,0.0,22688.0,2109.0
2631283,2631284,11.0,1065620,4,2,2,1,-9.0,-9.0,-9.0,7.0,-9.0,-9,0.0,22688.0,2109.0
2631284,2631285,51.0,1065621,1,2,0,1,1.0,32.0,1.0,-9.0,4.0,622M,15.0,22688.0,2109.0
2631285,2631286,25.0,1065621,2,2,2,1,1.0,32.0,1.0,-9.0,4.0,622M,15.0,22688.0,2109.0
2631286,2631287,23.0,1065621,3,2,2,1,1.0,28.0,1.0,-9.0,4.0,722Z,16.0,22688.0,2109.0
2631287,2631288,3.0,1065621,4,1,7,1,-9.0,-9.0,-9.0,-9.0,-9.0,-9,0.0,22688.0,2109.0
2631288,2631289,51.0,1065622,1,2,0,1,1.0,32.0,1.0,-9.0,4.0,622M,15.0,22688.0,2109.0
2631289,2631290,25.0,1065622,2,2,2,1,1.0,32.0,1.0,-9.0,4.0,622M,15.0,22688.0,2109.0
2631290,2631291,23.0,1065622,3,2,2,1,1.0,28.0,1.0,-9.0,4.0,722Z,16.0,22688.0,2109.0
2631291,2631292,3.0,1065622,4,1,7,1,-9.0,-9.0,-9.0,-9.0,-9.0,-9,0.0,22688.0,2109.0
2631292,2631293,51.0,1065623,1,2,0,1,1.0,32.0,1.0,-9.0,4.0,622M,15.0,22685.0,2109.0
2631293,2631294,25.0,1065623,2,2,2,1,1.0,32.0,1.0,-9.0,4.0,622M,15.0,22685.0,2109.0
2631294,2631295,23.0,1065623,3,2,2,1,1.0,28.0,1.0,-9.0,4.0,722Z,16.0,22685.0,2109.0
2631295,2631296,3.0,1065623,4,1,7,1,-9.0,-9.0,-9.0,-9.0,-9.0,-9,0.0,22685.0,2109.0
2631296,2631297,51.0,1065624,1,2,0,1,1.0,32.0,1.0,-9.0,4.0,622M,15.0,22688.0,2109.0
2631297,2631298,25.0,1065624,2,2,2,1,1.0,32.0,1.0,-9.0,4.0,622M,15.0,22688.0,2109.0
2631298,2631299,23.0,1065624,3,2,2,1,1.0,28.0,1.0,-9.0,4.0,722Z,16.0,22688.0,2109.0
2631299,2631300,3.0,1065624,4,1,7,1,-9.0,-9.0,-9.0,-9.0,-9.0,-9,0.0,22688.0,2109.0
2631300,2631301,51.0,1065625,1,2,0,1,1.0,32.0,1.0,-9.0,4.0,622M,15.0,22688.0,2109.0
2631301,2631302,25.0,1065625,2,2,2,1,1.0,32.0,1.0,-9.0,4.0,622M,15.0,22688.0,2109.0
2631302,2631303,23.0,1065625,3,2,2,1,1.0,28.0,1.0,-9.0,4.0,722Z,16.0,22688.0,2109.0
2631303,2631304,3.0,1065625,4,1,7,1,-9.0,-9.0,-9.0,-9.0,-9.0,-9,0.0,22688.0,2109.0
2631304,2631305,51.0,1065626,1,2,0,1,1.0,32.0,1.0,-9.0,4.0,622M,15.0,22688.0,2109.0
2631305,2631306,25.0,1065626,2,2,2,1,1.0,32.0,1.0,-9.0,4.0,622M,15.0,22688.0,2109.0
2631306,2631307,23.0,1065626,3,2,2,1,1.0,28.0,1.0,-9.0,4.0,722Z,16.0,22688.0,2109.0
2631307,2631308,3.0,1065626,4,1,7,1,-9.0,-9.0,-9.0,-9.0,-9.0,-9,0.0,22688.0,2109.0
2631308,2631309,51.0,1065627,1,2,0,1,1.0,32.0,1.0,-9.0,4.0,622M,15.0,22688.0,2109.0
2631309,2631310,25.0,1065627,2,2,2,1,1.0,32.0,1.0,-9.0,4.0,622M,15.0,22688.0,2109.0
2631310,2631311,23.0,1065627,3,2,2,1,1.0,28.0,1.0,-9.0,4.0,722Z,16.0,22688.0,2109.0
2631311,2631312,3.0,1065627,4,1,7,1,-9.0,-9.0,-9.0,-9.0,-9.0,-9,0.0,22688.0,2109.0
2631312,2631313,51.0,1065628,1,2,0,1,1.0,32.0,1.0,-9.0,4.0,622M,15.0,22688.0,2109.0
2631313,2631314,25.0,1065628,2,2,2,1,1.0,32.0,1.0,-9.0,4.0,622M,15.0,22688.0,2109.0
2631314,2631315,23.0,1065628,3,2,2,1,1.0,28.0,1.0,-9.0,4.0,722Z,16.0,22688.0,2109.0
2631315,2631316,3.0,1065628,4,1,7,1,-9.0,-9.0,-9.0,-9.0,-9.0,-9,0.0,22688.0,2109.0
2631316,2631317,51.0,1065629,1,2,0,1,1.0,32.0,1.0,-9.0,4.0,622M,15.0,22688.0,2109.0
2631317,2631318,25.0,1065629,2,2,2,1,1.0,32.0,1.0,-9.0,4.0,622M,15.0,22688.0,2109.0
2631318,2631319,23.0,1065629,3,2,2,1,1.0,28.0,1.0,-9.0,4.0,722Z,16.0,22688.0,2109.0
2631319,2631320,3.0,1065629,4,1,7,1,-9.0,-9.0,-9.0,-9.0,-9.0,-9,0.0,22688.0,2109.0
2631320,2631321,49.0,1065630,1,1,0,1,1.0,50.0,1.0,-9.0,2.0,8131,17.0,22685.0,2109.0
2631321,2631322,49.0,1065630,2,2,1,1,1.0,40.0,6.0,-9.0,4.0,8131,17.0,22685.0,2109.0
2631322,2631323,20.0,1065630,3,2,2,1,1.0,40.0,6.0,-9.0,4.0,531M,9.0,22685.0,2109.0
2631323,2631324,15.0,1065630,4,1,2,1,-9.0,-9.0,-9.0,12.0,-9.0,-9,0.0,22685.0,2109.0
2631324,2631325,49.0,1065631,1,1,0,1,1.0,50.0,1.0,-9.0,2.0,8131,17.0,22686.0,2109.0
2631325,2631326,49.0,1065631,2,2,1,1,1.0,40.0,6.0,-9.0,4.0,8131,17.0,22686.0,2109.0
2631326,2631327,20.0,1065631,3,2,2,1,1.0,40.0,6.0,-9.0,4.0,531M,9.0,22686.0,2109.0
2631327,2631328,15.0,1065631,4,1,2,1,-9.0,-9.0,-9.0,12.0,-9.0,-9,0.0,22686.0,2109.0
2631328,2631329,49.0,1065632,1,1,0,1,1.0,50.0,1.0,-9.0,2.0,8131,17.0,22688.0,2109.0
2631329,2631330,49.0,1065632,2,2,1,1,1.0,40.0,6.0,-9.0,4.0,8131,17.0,22688.0,2109.0
2631330,2631331,20.0,1065632,3,2,2,1,1.0,40.0,6.0,-9.0,4.0,531M,9.0,22688.0,2109.0
2631331,2631332,15.0,1065632,4,1,2,1,-9.0,-9.0,-9.0,12.0,-9.0,-9,0.0,22688.0,2109.0
2631332,2631333,49.0,1065633,1,1,0,1,1.0,50.0,1.0,-9.0,2.0,8131,17.0,22688.0,2109.0
2631333,2631334,49.0,1065633,2,2,1,1,1.0,40.0,6.0,-9.0,4.0,8131,17.0,22688.0,2109.0
2631334,2631335,20.0,1065633,3,2,2,1,1.0,40.0,6.0,-9.0,4.0,531M,9.0,22688.0,2109.0
2631335,2631336,15.0,1065633,4,1,2,1,-9.0,-9.0,-9.0,12.0,-9.0,-9,0.0,22688.0,2109.0
2631336,2631337,49.0,1065634,1,1,0,1,1.0,50.0,1.0,-9.0,2.0,8131,17.0,22688.0,2109.0
2631337,2631338,49.0,1065634,2,2,1,1,1.0,40.0,6.0,-9.0,4.0,8131,17.0,22688.0,2109.0
2631338,2631339,20.0,1065634,3,2,2,1,1.0,40.0,6.0,-9.0,4.0,531M,9.0,22688.0,2109.0
2631339,2631340,15.0,1065634,4,1,2,1,-9.0,-9.0,-9.0,12.0,-9.0,-9,0.0,22688.0,2109.0
2631340,2631341,49.0,1065635,1,1,0,1,1.0,50.0,1.0,-9.0,2.0,8131,17.0,22688.0,2109.0
2631341,2631342,49.0,1065635,2,2,1,1,1.0,40.0,6.0,-9.0,4.0,8131,17.0,22688.0,2109.0
2631342,2631343,20.0,1065635,3,2,2,1,1.0,40.0,6.0,-9.0,4.0,531M,9.0,22688.0,2109.0
2631343,2631344,15.0,1065635,4,1,2,1,-9.0,-9.0,-9.0,12.0,-9.0,-9,0.0,22688.0,2109.0
2631344,2631345,49.0,1065636,1,1,0,1,1.0,50.0,1.0,-9.0,2.0,8131,17.0,22688.0,2109.0
2631345,2631346,49.0,1065636,2,2,1,1,1.0,40.0,6.0,-9.0,4.0,8131,17.0,22688.0,2109.0
2631346,2631347,20.0,1065636,3,2,2,1,1.0,40.0,6.0,-9.0,4.0,531M,9.0,22688.0,2109.0
2631347,2631348,15.0,1065636,4,1,2,1,-9.0,-9.0,-9.0,12.0,-9.0,-9,0.0,22688.0,2109.0
2631348,2631349,49.0,1065637,1,1,0,1,1.0,50.0,1.0,-9.0,2.0,8131,17.0,22685.0,2109.0
2631349,2631350,49.0,1065637,2,2,1,1,1.0,40.0,6.0,-9.0,4.0,8131,17.0,22685.0,2109.0
2631350,2631351,20.0,1065637,3,2,2,1,1.0,40.0,6.0,-9.0,4.0,531M,9.0,22685.0,2109.0
2631351,2631352,15.0,1065637,4,1,2,1,-9.0,-9.0,-9.0,12.0,-9.0,-9,0.0,22685.0,2109.0
2631352,2631353,49.0,1065638,1,1,0,1,1.0,50.0,1.0,-9.0,2.0,8131,17.0,22686.0,2109.0
2631353,2631354,49.0,1065638,2,2,1,1,1.0,40.0,6.0,-9.0,4.0,8131,17.0,22686.0,2109.0
2631354,2631355,20.0,1065638,3,2,2,1,1.0,40.0,6.0,-9.0,4.0,531M,9.0,22686.0,2109.0
2631355,2631356,15.0,1065638,4,1,2,1,-9.0,-9.0,-9.0,12.0,-9.0,-9,0.0,22686.0,2109.0
2631356,2631357,49.0,1065639,1,1,0,1,1.0,50.0,1.0,-9.0,2.0,8131,17.0,22688.0,2109.0
2631357,2631358,49.0,1065639,2,2,1,1,1.0,40.0,6.0,-9.0,4.0,8131,17.0,22688.0,2109.0
2631358,2631359,20.0,1065639,3,2,2,1,1.0,40.0,6.0,-9.0,4.0,531M,9.0,22688.0,2109.0
2631359,2631360,15.0,1065639,4,1,2,1,-9.0,-9.0,-9.0,12.0,-9.0,-9,0.0,22688.0,2109.0
2631360,2631361,49.0,1065640,1,1,0,1,1.0,50.0,1.0,-9.0,2.0,8131,17.0,22688.0,2109.0
2631361,2631362,49.0,1065640,2,2,1,1,1.0,40.0,6.0,-9.0,4.0,8131,17.0,22688.0,2109.0
2631362,2631363,20.0,1065640,3,2,2,1,1.0,40.0,6.0,-9.0,4.0,531M,9.0,22688.0,2109.0
2631363,2631364,15.0,1065640,4,1,2,1,-9.0,-9.0,-9.0,12.0,-9.0,-9,0.0,22688.0,2109.0
2631364,2631365,49.0,1065641,1,1,0,1,1.0,50.0,1.0,-9.0,2.0,8131,17.0,22688.0,2109.0
2631365,2631366,49.0,1065641,2,2,1,1,1.0,40.0,6.0,-9.0,4.0,8131,17.0,22688.0,2109.0
2631366,2631367,20.0,1065641,3,2,2,1,1.0,40.0,6.0,-9.0,4.0,531M,9.0,22688.0,2109.0
2631367,2631368,15.0,1065641,4,1,2,1,-9.0,-9.0,-9.0,12.0,-9.0,-9,0.0,22688.0,2109.0
2631368,2631369,49.0,1065642,1,1,0,1,1.0,50.0,1.0,-9.0,2.0,8131,17.0,22685.0,2109.0
2631369,2631370,49.0,1065642,2,2,1,1,1.0,40.0,6.0,-9.0,4.0,8131,17.0,22685.0,2109.0
2631370,2631371,20.0,1065642,3,2,2,1,1.0,40.0,6.0,-9.0,4.0,531M,9.0,22685.0,2109.0
2631371,2631372,15.0,1065642,4,1,2,1,-9.0,-9.0,-9.0,12.0,-9.0,-9,0.0,22685.0,2109.0
2631372,2631373,49.0,1065643,1,1,0,1,1.0,50.0,1.0,-9.0,2.0,8131,17.0,22688.0,2109.0
2631373,2631374,49.0,1065643,2,2,1,1,1.0,40.0,6.0,-9.0,4.0,8131,17.0,22688.0,2109.0
2631374,2631375,20.0,1065643,3,2,2,1,1.0,40.0,6.0,-9.0,4.0,531M,9.0,22688.0,2109.0
2631375,2631376,15.0,1065643,4,1,2,1,-9.0,-9.0,-9.0,12.0,-9.0,-9,0.0,22688.0,2109.0
2631376,2631377,49.0,1065644,1,1,0,1,1.0,50.0,1.0,-9.0,2.0,8131,17.0,22688.0,2109.0
2631377,2631378,49.0,1065644,2,2,1,1,1.0,40.0,6.0,-9.0,4.0,8131,17.0,22688.0,2109.0
2631378,2631379,20.0,1065644,3,2,2,1,1.0,40.0,6.0,-9.0,4.0,531M,9.0,22688.0,2109.0
2631379,2631380,15.0,1065644,4,1,2,1,-9.0,-9.0,-9.0,12.0,-9.0,-9,0.0,22688.0,2109.0
2631380,2631381,49.0,1065645,1,1,0,1,1.0,50.0,1.0,-9.0,2.0,8131,17.0,22688.0,2109.0
2631381,2631382,49.0,1065645,2,2,1,1,1.0,40.0,6.0,-9.0,4.0,8131,17.0,22688.0,2109.0
2631382,2631383,20.0,1065645,3,2,2,1,1.0,40.0,6.0,-9.0,4.0,531M,9.0,22688.0,2109.0
2631383,2631384,15.0,1065645,4,1,2,1,-9.0,-9.0,-9.0,12.0,-9.0,-9,0.0,22688.0,2109.0
2631384,2631385,49.0,1065646,1,1,0,1,1.0,50.0,1.0,-9.0,2.0,8131,17.0,22688.0,2109.0
2631385,2631386,49.0,1065646,2,2,1,1,1.0,40.0,6.0,-9.0,4.0,8131,17.0,22688.0,2109.0
2631386,2631387,20.0,1065646,3,2,2,1,1.0,40.0,6.0,-9.0,4.0,531M,9.0,22688.0,2109.0
2631387,2631388,15.0,1065646,4,1,2,1,-9.0,-9.0,-9.0,12.0,-9.0,-9,0.0,22688.0,2109.0
2631388,2631389,49.0,1065647,1,1,0,1,1.0,50.0,1.0,-9.0,2.0,8131,17.0,22688.0,2109.0
2631389,2631390,49.0,1065647,2,2,1,1,1.0,40.0,6.0,-9.0,4.0,8131,17.0,22688.0,2109.0
2631390,2631391,20.0,1065647,3,2,2,1,1.0,40.0,6.0,-9.0,4.0,531M,9.0,22688.0,2109.0
2631391,2631392,15.0,1065647,4,1,2,1,-9.0,-9.0,-9.0,12.0,-9.0,-9,0.0,22688.0,2109.0
2631392,2631393,49.0,1065648,1,1,0,1,1.0,50.0,1.0,-9.0,2.0,8131,17.0,22688.0,2109.0
2631393,2631394,49.0,1065648,2,2,1,1,1.0,40.0,6.0,-9.0,4.0,8131,17.0,22688.0,2109.0
2631394,2631395,20.0,1065648,3,2,2,1,1.0,40.0,6.0,-9.0,4.0,531M,9.0,22688.0,2109.0
2631395,2631396,15.0,1065648,4,1,2,1,-9.0,-9.0,-9.0,12.0,-9.0,-9,0.0,22688.0,2109.0
2631396,2631397,49.0,1065649,1,1,0,1,1.0,50.0,1.0,-9.0,2.0,8131,17.0,22685.0,2109.0
2631397,2631398,49.0,1065649,2,2,1,1,1.0,40.0,6.0,-9.0,4.0,8131,17.0,22685.0,2109.0
2631398,2631399,20.0,1065649,3,2,2,1,1.0,40.0,6.0,-9.0,4.0,531M,9.0,22685.0,2109.0
2631399,2631400,15.0,1065649,4,1,2,1,-9.0,-9.0,-9.0,12.0,-9.0,-9,0.0,22685.0,2109.0
2631400,2631401,49.0,1065650,1,1,0,1,1.0,50.0,1.0,-9.0,2.0,8131,17.0,22688.0,2109.0
2631401,2631402,49.0,1065650,2,2,1,1,1.0,40.0,6.0,-9.0,4.0,8131,17.0,22688.0,2109.0
2631402,2631403,20.0,1065650,3,2,2,1,1.0,40.0,6.0,-9.0,4.0,531M,9.0,22688.0,2109.0
2631403,2631404,15.0,1065650,4,1,2,1,-9.0,-9.0,-9.0,12.0,-9.0,-9,0.0,22688.0,2109.0
2631404,2631405,49.0,1065651,1,1,0,1,1.0,50.0,1.0,-9.0,2.0,8131,17.0,22688.0,2109.0
2631405,2631406,49.0,1065651,2,2,1,1,1.0,40.0,6.0,-9.0,4.0,8131,17.0,22688.0,2109.0
2631406,2631407,20.0,1065651,3,2,2,1,1.0,40.0,6.0,-9.0,4.0,531M,9.0,22688.0,2109.0
2631407,2631408,15.0,1065651,4,1,2,1,-9.0,-9.0,-9.0,12.0,-9.0,-9,0.0,22688.0,2109.0
2631408,2631409,49.0,1065652,1,1,0,1,1.0,50.0,1.0,-9.0,2.0,8131,17.0,22688.0,2109.0
2631409,2631410,49.0,1065652,2,2,1,1,1.0,40.0,6.0,-9.0,4.0,8131,17.0,22688.0,2109.0
2631410,2631411,20.0,1065652,3,2,2,1,1.0,40.0,6.0,-9.0,4.0,531M,9.0,22688.0,2109.0
2631411,2631412,15.0,1065652,4,1,2,1,-9.0,-9.0,-9.0,12.0,-9.0,-9,0.0,22688.0,2109.0
2631412,2631413,49.0,1065653,1,1,0,1,1.0,50.0,1.0,-9.0,2.0,8131,17.0,22688.0,2109.0
2631413,2631414,49.0,1065653,2,2,1,1,1.0,40.0,6.0,-9.0,4.0,8131,17.0,22688.0,2109.0
2631414,2631415,20.0,1065653,3,2,2,1,1.0,40.0,6.0,-9.0,4.0,531M,9.0,22688.0,2109.0
2631415,2631416,15.0,1065653,4,1,2,1,-9.0,-9.0,-9.0,12.0,-9.0,-9,0.0,22688.0,2109.0
2631416,2631417,46.0,1065654,1,2,0,1,1.0,18.0,1.0,-9.0,4.0,23,2.0,22688.0,2109.0
2631417,2631418,7.0,1065654,2,2,15,1,-9.0,-9.0,-9.0,-9.0,-9.0,-9,0.0,22688.0,2109.0
2631418,2631419,31.0,1065655,1,1,0,3,6.0,-9.0,-9.0,16.0,4.0,4411,5.0,22688.0,2109.0
2631419,2631420,25.0,1065656,1,1,0,4,3.0,8.0,6.0,-9.0,4.0,722Z,16.0,22686.0,2109.0
2631420,2631421,24.0,1065656,2,1,12,3,1.0,40.0,1.0,-9.0,4.0,722Z,16.0,22686.0,2109.0
2631421,2631422,23.0,1065656,3,1,12,1,1.0,40.0,1.0,-9.0,4.0,722Z,16.0,22686.0,2109.0
2631422,2631423,22.0,1065656,4,2,12,1,1.0,40.0,1.0,-9.0,4.0,722Z,16.0,22686.0,2109.0
2631423,2631424,25.0,1065657,1,1,0,4,3.0,8.0,6.0,-9.0,4.0,722Z,16.0,22686.0,2109.0
2631424,2631425,24.0,1065657,2,1,12,3,1.0,40.0,1.0,-9.0,4.0,722Z,16.0,22686.0,2109.0
2631425,2631426,23.0,1065657,3,1,12,1,1.0,40.0,1.0,-9.0,4.0,722Z,16.0,22686.0,2109.0
2631426,2631427,22.0,1065657,4,2,12,1,1.0,40.0,1.0,-9.0,4.0,722Z,16.0,22686.0,2109.0
2631427,2631428,25.0,1065658,1,1,0,4,3.0,8.0,6.0,-9.0,4.0,722Z,16.0,22688.0,2109.0
2631428,2631429,24.0,1065658,2,1,12,3,1.0,40.0,1.0,-9.0,4.0,722Z,16.0,22688.0,2109.0
2631429,2631430,23.0,1065658,3,1,12,1,1.0,40.0,1.0,-9.0,4.0,722Z,16.0,22688.0,2109.0
2631430,2631431,22.0,1065658,4,2,12,1,1.0,40.0,1.0,-9.0,4.0,722Z,16.0,22688.0,2109.0
2631431,2631432,25.0,1065659,1,1,0,4,3.0,8.0,6.0,-9.0,4.0,722Z,16.0,22688.0,2109.0
2631432,2631433,24.0,1065659,2,1,12,3,1.0,40.0,1.0,-9.0,4.0,722Z,16.0,22688.0,2109.0
2631433,2631434,23.0,1065659,3,1,12,1,1.0,40.0,1.0,-9.0,4.0,722Z,16.0,22688.0,2109.0
2631434,2631435,22.0,1065659,4,2,12,1,1.0,40.0,1.0,-9.0,4.0,722Z,16.0,22688.0,2109.0
2631435,2631436,25.0,1065660,1,1,0,4,3.0,8.0,6.0,-9.0,4.0,722Z,16.0,22688.0,2109.0
2631436,2631437,24.0,1065660,2,1,12,3,1.0,40.0,1.0,-9.0,4.0,722Z,16.0,22688.0,2109.0
2631437,2631438,23.0,1065660,3,1,12,1,1.0,40.0,1.0,-9.0,4.0,722Z,16.0,22688.0,2109.0
2631438,2631439,22.0,1065660,4,2,12,1,1.0,40.0,1.0,-9.0,4.0,722Z,16.0,22688.0,2109.0
2631439,2631440,25.0,1065661,1,1,0,4,3.0,8.0,6.0,-9.0,4.0,722Z,16.0,22688.0,2109.0
2631440,2631441,24.0,1065661,2,1,12,3,1.0,40.0,1.0,-9.0,4.0,722Z,16.0,22688.0,2109.0
2631441,2631442,23.0,1065661,3,1,12,1,1.0,40.0,1.0,-9.0,4.0,722Z,16.0,22688.0,2109.0
2631442,2631443,22.0,1065661,4,2,12,1,1.0,40.0,1.0,-9.0,4.0,722Z,16.0,22688.0,2109.0
2631443,2631444,25.0,1065662,1,1,0,4,3.0,8.0,6.0,-9.0,4.0,722Z,16.0,22688.0,2109.0
2631444,2631445,24.0,1065662,2,1,12,3,1.0,40.0,1.0,-9.0,4.0,722Z,16.0,22688.0,2109.0
2631445,2631446,23.0,1065662,3,1,12,1,1.0,40.0,1.0,-9.0,4.0,722Z,16.0,22688.0,2109.0
2631446,2631447,22.0,1065662,4,2,12,1,1.0,40.0,1.0,-9.0,4.0,722Z,16.0,22688.0,2109.0
2631447,2631448,25.0,1065663,1,1,0,4,3.0,8.0,6.0,-9.0,4.0,722Z,16.0,22686.0,2109.0
2631448,2631449,24.0,1065663,2,1,12,3,1.0,40.0,1.0,-9.0,4.0,722Z,16.0,22686.0,2109.0
2631449,2631450,23.0,1065663,3,1,12,1,1.0,40.0,1.0,-9.0,4.0,722Z,16.0,22686.0,2109.0
2631450,2631451,22.0,1065663,4,2,12,1,1.0,40.0,1.0,-9.0,4.0,722Z,16.0,22686.0,2109.0
2631451,2631452,25.0,1065664,1,1,0,4,3.0,8.0,6.0,-9.0,4.0,722Z,16.0,22686.0,2109.0
2631452,2631453,24.0,1065664,2,1,12,3,1.0,40.0,1.0,-9.0,4.0,722Z,16.0,22686.0,2109.0
2631453,2631454,23.0,1065664,3,1,12,1,1.0,40.0,1.0,-9.0,4.0,722Z,16.0,22686.0,2109.0
2631454,2631455,22.0,1065664,4,2,12,1,1.0,40.0,1.0,-9.0,4.0,722Z,16.0,22686.0,2109.0
2631455,2631456,25.0,1065665,1,1,0,4,3.0,8.0,6.0,-9.0,4.0,722Z,16.0,22688.0,2109.0
2631456,2631457,24.0,1065665,2,1,12,3,1.0,40.0,1.0,-9.0,4.0,722Z,16.0,22688.0,2109.0
2631457,2631458,23.0,1065665,3,1,12,1,1.0,40.0,1.0,-9.0,4.0,722Z,16.0,22688.0,2109.0
2631458,2631459,22.0,1065665,4,2,12,1,1.0,40.0,1.0,-9.0,4.0,722Z,16.0,22688.0,2109.0
2631459,2631460,25.0,1065666,1,1,0,4,3.0,8.0,6.0,-9.0,4.0,722Z,16.0,22685.0,2109.0
2631460,2631461,24.0,1065666,2,1,12,3,1.0,40.0,1.0,-9.0,4.0,722Z,16.0,22685.0,2109.0
2631461,2631462,23.0,1065666,3,1,12,1,1.0,40.0,1.0,-9.0,4.0,722Z,16.0,22685.0,2109.0
2631462,2631463,22.0,1065666,4,2,12,1,1.0,40.0,1.0,-9.0,4.0,722Z,16.0,22685.0,2109.0
2631463,2631464,25.0,1065667,1,1,0,4,3.0,8.0,6.0,-9.0,4.0,722Z,16.0,22688.0,2109.0
2631464,2631465,24.0,1065667,2,1,12,3,1.0,40.0,1.0,-9.0,4.0,722Z,16.0,22688.0,2109.0
2631465,2631466,23.0,1065667,3,1,12,1,1.0,40.0,1.0,-9.0,4.0,722Z,16.0,22688.0,2109.0
2631466,2631467,22.0,1065667,4,2,12,1,1.0,40.0,1.0,-9.0,4.0,722Z,16.0,22688.0,2109.0
2631467,2631468,25.0,1065668,1,1,0,4,1.0,30.0,1.0,15.0,4.0,443142,5.0,22688.0,2109.0
2631468,2631469,20.0,1065668,2,2,13,1,1.0,23.0,1.0,-9.0,4.0,44511,5.0,22688.0,2109.0
2631469,2631470,25.0,1065669,1,1,0,4,1.0,30.0,1.0,15.0,4.0,443142,5.0,22688.0,2109.0
2631470,2631471,20.0,1065669,2,2,13,1,1.0,23.0,1.0,-9.0,4.0,44511,5.0,22688.0,2109.0
2631471,2631472,25.0,1065670,1,1,0,4,1.0,30.0,1.0,15.0,4.0,443142,5.0,22686.0,2109.0
2631472,2631473,20.0,1065670,2,2,13,1,1.0,23.0,1.0,-9.0,4.0,44511,5.0,22686.0,2109.0
2631473,2631474,25.0,1065671,1,1,0,4,1.0,30.0,1.0,15.0,4.0,443142,5.0,22688.0,2109.0
2631474,2631475,20.0,1065671,2,2,13,1,1.0,23.0,1.0,-9.0,4.0,44511,5.0,22688.0,2109.0
2631475,2631476,25.0,1065672,1,1,0,4,1.0,30.0,1.0,15.0,4.0,443142,5.0,22688.0,2109.0
2631476,2631477,20.0,1065672,2,2,13,1,1.0,23.0,1.0,-9.0,4.0,44511,5.0,22688.0,2109.0
2631477,2631478,25.0,1065673,1,1,0,4,1.0,30.0,1.0,15.0,4.0,443142,5.0,22687.0,2109.0
2631478,2631479,20.0,1065673,2,2,13,1,1.0,23.0,1.0,-9.0,4.0,44511,5.0,22687.0,2109.0
2631479,2631480,25.0,1065674,1,1,0,4,1.0,30.0,1.0,15.0,4.0,443142,5.0,22688.0,2109.0
2631480,2631481,20.0,1065674,2,2,13,1,1.0,23.0,1.0,-9.0,4.0,44511,5.0,22688.0,2109.0
2631481,2631482,25.0,1065675,1,1,0,4,1.0,30.0,1.0,15.0,4.0,443142,5.0,22688.0,2109.0
2631482,2631483,20.0,1065675,2,2,13,1,1.0,23.0,1.0,-9.0,4.0,44511,5.0,22688.0,2109.0
2631483,2631484,25.0,1065676,1,1,0,4,1.0,30.0,1.0,15.0,4.0,443142,5.0,22688.0,2109.0
2631484,2631485,20.0,1065676,2,2,13,1,1.0,23.0,1.0,-9.0,4.0,44511,5.0,22688.0,2109.0
2631485,2631486,25.0,1065677,1,1,0,4,1.0,30.0,1.0,15.0,4.0,443142,5.0,22687.0,2109.0
2631486,2631487,20.0,1065677,2,2,13,1,1.0,23.0,1.0,-9.0,4.0,44511,5.0,22687.0,2109.0
2631487,2631488,25.0,1065678,1,1,0,4,1.0,30.0,1.0,15.0,4.0,443142,5.0,22688.0,2109.0
2631488,2631489,20.0,1065678,2,2,13,1,1.0,23.0,1.0,-9.0,4.0,44511,5.0,22688.0,2109.0
2631489,2631490,25.0,1065679,1,1,0,4,1.0,30.0,1.0,15.0,4.0,443142,5.0,22688.0,2109.0
2631490,2631491,20.0,1065679,2,2,13,1,1.0,23.0,1.0,-9.0,4.0,44511,5.0,22688.0,2109.0
2631491,2631492,25.0,1065680,1,1,0,4,1.0,30.0,1.0,15.0,4.0,443142,5.0,22685.0,2109.0
2631492,2631493,20.0,1065680,2,2,13,1,1.0,23.0,1.0,-9.0,4.0,44511,5.0,22685.0,2109.0
2631493,2631494,25.0,1065681,1,1,0,4,1.0,30.0,1.0,15.0,4.0,443142,5.0,22688.0,2109.0
2631494,2631495,20.0,1065681,2,2,13,1,1.0,23.0,1.0,-9.0,4.0,44511,5.0,22688.0,2109.0
2631495,2631496,25.0,1065682,1,1,0,4,1.0,30.0,1.0,15.0,4.0,443142,5.0,22688.0,2109.0
2631496,2631497,20.0,1065682,2,2,13,1,1.0,23.0,1.0,-9.0,4.0,44511,5.0,22688.0,2109.0
2631497,2631498,25.0,1065683,1,1,0,4,1.0,30.0,1.0,15.0,4.0,443142,5.0,22688.0,2109.0
2631498,2631499,20.0,1065683,2,2,13,1,1.0,23.0,1.0,-9.0,4.0,44511,5.0,22688.0,2109.0
2631499,2631500,25.0,1065684,1,1,0,4,1.0,30.0,1.0,15.0,4.0,443142,5.0,22688.0,2109.0
2631500,2631501,20.0,1065684,2,2,13,1,1.0,23.0,1.0,-9.0,4.0,44511,5.0,22688.0,2109.0
2631501,2631502,25.0,1065685,1,1,0,4,1.0,30.0,1.0,15.0,4.0,443142,5.0,22685.0,2109.0
2631502,2631503,20.0,1065685,2,2,13,1,1.0,23.0,1.0,-9.0,4.0,44511,5.0,22685.0,2109.0
2631503,2631504,25.0,1065686,1,1,0,4,1.0,30.0,1.0,15.0,4.0,443142,5.0,22688.0,2109.0
2631504,2631505,20.0,1065686,2,2,13,1,1.0,23.0,1.0,-9.0,4.0,44511,5.0,22688.0,2109.0
2631505,2631506,25.0,1065687,1,1,0,4,1.0,40.0,1.0,-9.0,4.0,5415,10.0,22688.0,2109.0
2631506,2631507,29.0,1065687,2,1,12,4,1.0,40.0,1.0,-9.0,4.0,611M1,13.0,22688.0,2109.0
2631507,2631508,29.0,1065688,1,2,0,4,1.0,20.0,1.0,16.0,4.0,611M1,13.0,22688.0,2109.0
2631508,2631509,30.0,1065688,2,1,1,4,1.0,40.0,1.0,-9.0,4.0,4238,4.0,22688.0,2109.0
2631509,2631510,29.0,1065689,1,2,0,4,1.0,20.0,1.0,16.0,4.0,611M1,13.0,22687.0,2109.0
2631510,2631511,30.0,1065689,2,1,1,4,1.0,40.0,1.0,-9.0,4.0,4238,4.0,22687.0,2109.0
2631511,2631512,29.0,1065690,1,2,0,4,1.0,20.0,1.0,16.0,4.0,611M1,13.0,22688.0,2109.0
2631512,2631513,30.0,1065690,2,1,1,4,1.0,40.0,1.0,-9.0,4.0,4238,4.0,22688.0,2109.0
2631513,2631514,29.0,1065691,1,2,0,4,1.0,20.0,1.0,16.0,4.0,611M1,13.0,22687.0,2109.0
2631514,2631515,30.0,1065691,2,1,1,4,1.0,40.0,1.0,-9.0,4.0,4238,4.0,22687.0,2109.0
2631515,2631516,29.0,1065692,1,2,0,4,1.0,20.0,1.0,16.0,4.0,611M1,13.0,22688.0,2109.0
2631516,2631517,30.0,1065692,2,1,1,4,1.0,40.0,1.0,-9.0,4.0,4238,4.0,22688.0,2109.0
2631517,2631518,31.0,1065693,1,1,0,4,1.0,40.0,1.0,-9.0,4.0,621M,14.0,22685.0,2109.0
2631518,2631519,27.0,1065693,2,2,1,4,6.0,-9.0,-9.0,-9.0,4.0,611M1,13.0,22685.0,2109.0
2631519,2631520,31.0,1065694,1,1,0,4,1.0,40.0,1.0,-9.0,4.0,621M,14.0,22688.0,2109.0
2631520,2631521,27.0,1065694,2,2,1,4,6.0,-9.0,-9.0,-9.0,4.0,611M1,13.0,22688.0,2109.0
2631521,2631522,31.0,1065695,1,1,0,4,1.0,40.0,1.0,-9.0,4.0,621M,14.0,22687.0,2109.0
2631522,2631523,27.0,1065695,2,2,1,4,6.0,-9.0,-9.0,-9.0,4.0,611M1,13.0,22687.0,2109.0
2631523,2631524,31.0,1065696,1,1,0,4,1.0,40.0,1.0,-9.0,4.0,621M,14.0,22688.0,2109.0
2631524,2631525,27.0,1065696,2,2,1,4,6.0,-9.0,-9.0,-9.0,4.0,611M1,13.0,22688.0,2109.0
2631525,2631526,31.0,1065697,1,1,0,4,1.0,40.0,1.0,-9.0,4.0,621M,14.0,22688.0,2109.0
2631526,2631527,27.0,1065697,2,2,1,4,6.0,-9.0,-9.0,-9.0,4.0,611M1,13.0,22688.0,2109.0
2631527,2631528,31.0,1065698,1,1,0,4,1.0,40.0,1.0,-9.0,4.0,621M,14.0,22688.0,2109.0
2631528,2631529,27.0,1065698,2,2,1,4,6.0,-9.0,-9.0,-9.0,4.0,611M1,13.0,22688.0,2109.0
2631529,2631530,31.0,1065699,1,1,0,4,1.0,40.0,1.0,-9.0,4.0,621M,14.0,22688.0,2109.0
2631530,2631531,27.0,1065699,2,2,1,4,6.0,-9.0,-9.0,-9.0,4.0,611M1,13.0,22688.0,2109.0
2631531,2631532,31.0,1065700,1,1,0,4,1.0,40.0,1.0,-9.0,4.0,621M,14.0,22685.0,2109.0
2631532,2631533,27.0,1065700,2,2,1,4,6.0,-9.0,-9.0,-9.0,4.0,611M1,13.0,22685.0,2109.0
2631533,2631534,33.0,1065701,1,1,0,4,1.0,40.0,2.0,-9.0,4.0,5413,10.0,22688.0,2109.0
2631534,2631535,26.0,1065701,2,2,1,4,6.0,-9.0,-9.0,-9.0,4.0,-9,0.0,22688.0,2109.0
2631535,2631536,33.0,1065702,1,1,0,4,1.0,40.0,2.0,-9.0,4.0,5413,10.0,22688.0,2109.0
2631536,2631537,26.0,1065702,2,2,1,4,6.0,-9.0,-9.0,-9.0,4.0,-9,0.0,22688.0,2109.0
2631537,2631538,33.0,1065703,1,1,0,4,1.0,40.0,2.0,-9.0,4.0,5413,10.0,22688.0,2109.0
2631538,2631539,26.0,1065703,2,2,1,4,6.0,-9.0,-9.0,-9.0,4.0,-9,0.0,22688.0,2109.0
2631539,2631540,33.0,1065704,1,1,0,4,1.0,40.0,2.0,-9.0,4.0,5413,10.0,22688.0,2109.0
2631540,2631541,26.0,1065704,2,2,1,4,6.0,-9.0,-9.0,-9.0,4.0,-9,0.0,22688.0,2109.0
2631541,2631542,33.0,1065705,1,1,0,4,1.0,40.0,2.0,-9.0,4.0,5413,10.0,22686.0,2109.0
2631542,2631543,26.0,1065705,2,2,1,4,6.0,-9.0,-9.0,-9.0,4.0,-9,0.0,22686.0,2109.0
2631543,2631544,31.0,1065706,1,1,0,4,1.0,60.0,1.0,-9.0,4.0,611M1,13.0,22686.0,2109.0
2631544,2631545,28.0,1065707,1,1,0,4,1.0,42.0,1.0,-9.0,4.0,336M,3.0,22688.0,2109.0
2631545,2631546,29.0,1065708,1,2,0,4,1.0,20.0,4.0,16.0,4.0,6231,14.0,22688.0,2109.0
2631546,2631547,28.0,1065708,2,2,15,4,1.0,40.0,1.0,16.0,4.0,522M,9.0,22688.0,2109.0
2631547,2631548,26.0,1065708,3,2,15,4,6.0,-9.0,-9.0,16.0,4.0,-9,0.0,22688.0,2109.0
2631548,2631549,26.0,1065709,1,1,0,4,1.0,50.0,1.0,16.0,4.0,611M1,13.0,22688.0,2109.0
2631549,2631550,25.0,1065709,2,1,12,2,2.0,40.0,5.0,-9.0,4.0,611M1,13.0,22688.0,2109.0
2631550,2631551,26.0,1065710,1,1,0,4,1.0,50.0,1.0,16.0,4.0,611M1,13.0,22688.0,2109.0
2631551,2631552,25.0,1065710,2,1,12,2,2.0,40.0,5.0,-9.0,4.0,611M1,13.0,22688.0,2109.0
2631552,2631553,26.0,1065711,1,1,0,4,1.0,50.0,1.0,16.0,4.0,611M1,13.0,22688.0,2109.0
2631553,2631554,25.0,1065711,2,1,12,2,2.0,40.0,5.0,-9.0,4.0,611M1,13.0,22688.0,2109.0
2631554,2631555,26.0,1065712,1,1,0,4,1.0,50.0,1.0,16.0,4.0,611M1,13.0,22688.0,2109.0
2631555,2631556,25.0,1065712,2,1,12,2,2.0,40.0,5.0,-9.0,4.0,611M1,13.0,22688.0,2109.0
2631556,2631557,26.0,1065713,1,1,0,4,1.0,50.0,1.0,16.0,4.0,611M1,13.0,22688.0,2109.0
2631557,2631558,25.0,1065713,2,1,12,2,2.0,40.0,5.0,-9.0,4.0,611M1,13.0,22688.0,2109.0
2631558,2631559,26.0,1065714,1,1,0,4,1.0,50.0,1.0,16.0,4.0,611M1,13.0,22688.0,2109.0
2631559,2631560,25.0,1065714,2,1,12,2,2.0,40.0,5.0,-9.0,4.0,611M1,13.0,22688.0,2109.0
2631560,2631561,26.0,1065715,1,1,0,4,1.0,50.0,1.0,16.0,4.0,611M1,13.0,22685.0,2109.0
2631561,2631562,25.0,1065715,2,1,12,2,2.0,40.0,5.0,-9.0,4.0,611M1,13.0,22685.0,2109.0
2631562,2631563,26.0,1065716,1,1,0,4,1.0,50.0,1.0,16.0,4.0,611M1,13.0,22685.0,2109.0
2631563,2631564,25.0,1065716,2,1,12,2,2.0,40.0,5.0,-9.0,4.0,611M1,13.0,22685.0,2109.0
2631564,2631565,26.0,1065717,1,1,0,4,1.0,50.0,1.0,16.0,4.0,611M1,13.0,22688.0,2109.0
2631565,2631566,25.0,1065717,2,1,12,2,2.0,40.0,5.0,-9.0,4.0,611M1,13.0,22688.0,2109.0
2631566,2631567,26.0,1065718,1,1,0,4,1.0,50.0,1.0,16.0,4.0,611M1,13.0,22688.0,2109.0
2631567,2631568,25.0,1065718,2,1,12,2,2.0,40.0,5.0,-9.0,4.0,611M1,13.0,22688.0,2109.0
2631568,2631569,26.0,1065719,1,1,0,4,1.0,50.0,1.0,16.0,4.0,611M1,13.0,22688.0,2109.0
2631569,2631570,25.0,1065719,2,1,12,2,2.0,40.0,5.0,-9.0,4.0,611M1,13.0,22688.0,2109.0
2631570,2631571,26.0,1065720,1,1,0,4,1.0,50.0,1.0,16.0,4.0,611M1,13.0,22688.0,2109.0
2631571,2631572,25.0,1065720,2,1,12,2,2.0,40.0,5.0,-9.0,4.0,611M1,13.0,22688.0,2109.0
2631572,2631573,26.0,1065721,1,1,0,4,1.0,50.0,1.0,16.0,4.0,611M1,13.0,22688.0,2109.0
2631573,2631574,25.0,1065721,2,1,12,2,2.0,40.0,5.0,-9.0,4.0,611M1,13.0,22688.0,2109.0
2631574,2631575,26.0,1065722,1,1,0,4,1.0,50.0,1.0,16.0,4.0,611M1,13.0,22688.0,2109.0
2631575,2631576,25.0,1065722,2,1,12,2,2.0,40.0,5.0,-9.0,4.0,611M1,13.0,22688.0,2109.0
2631576,2631577,26.0,1065723,1,1,0,4,1.0,50.0,1.0,16.0,4.0,611M1,13.0,22685.0,2109.0
2631577,2631578,25.0,1065723,2,1,12,2,2.0,40.0,5.0,-9.0,4.0,611M1,13.0,22685.0,2109.0
2631578,2631579,26.0,1065724,1,1,0,4,1.0,50.0,1.0,16.0,4.0,611M1,13.0,22688.0,2109.0
2631579,2631580,25.0,1065724,2,1,12,2,2.0,40.0,5.0,-9.0,4.0,611M1,13.0,22688.0,2109.0
2631580,2631581,26.0,1065725,1,1,0,4,1.0,50.0,1.0,16.0,4.0,611M1,13.0,22685.0,2109.0
2631581,2631582,25.0,1065725,2,1,12,2,2.0,40.0,5.0,-9.0,4.0,611M1,13.0,22685.0,2109.0
2631582,2631583,26.0,1065726,1,1,0,4,1.0,50.0,1.0,16.0,4.0,611M1,13.0,22688.0,2109.0
2631583,2631584,25.0,1065726,2,1,12,2,2.0,40.0,5.0,-9.0,4.0,611M1,13.0,22688.0,2109.0
2631584,2631585,26.0,1065727,1,1,0,4,1.0,50.0,1.0,16.0,4.0,611M1,13.0,22688.0,2109.0
2631585,2631586,25.0,1065727,2,1,12,2,2.0,40.0,5.0,-9.0,4.0,611M1,13.0,22688.0,2109.0
2631586,2631587,36.0,1065728,1,1,0,4,1.0,35.0,1.0,-9.0,3.0,5417,10.0,22688.0,2109.0
2631587,2631588,30.0,1065728,2,2,12,4,6.0,-9.0,-9.0,16.0,4.0,-9,0.0,22688.0,2109.0
2631588,2631589,36.0,1065729,1,1,0,4,1.0,35.0,1.0,-9.0,3.0,5417,10.0,22688.0,2109.0
2631589,2631590,30.0,1065729,2,2,12,4,6.0,-9.0,-9.0,16.0,4.0,-9,0.0,22688.0,2109.0
2631590,2631591,36.0,1065730,1,1,0,4,1.0,35.0,1.0,-9.0,3.0,5417,10.0,22688.0,2109.0
2631591,2631592,30.0,1065730,2,2,12,4,6.0,-9.0,-9.0,16.0,4.0,-9,0.0,22688.0,2109.0
2631592,2631593,36.0,1065731,1,1,0,4,1.0,35.0,1.0,-9.0,3.0,5417,10.0,22686.0,2109.0
2631593,2631594,30.0,1065731,2,2,12,4,6.0,-9.0,-9.0,16.0,4.0,-9,0.0,22686.0,2109.0
2631594,2631595,28.0,1065732,1,1,0,4,1.0,45.0,1.0,-9.0,4.0,3399M,3.0,22688.0,2109.0
2631595,2631596,27.0,1065733,1,1,0,4,6.0,-9.0,-9.0,16.0,4.0,-9,0.0,22688.0,2109.0
2631596,2631597,26.0,1065733,2,2,13,4,1.0,40.0,1.0,-9.0,4.0,622M,15.0,22688.0,2109.0
2631597,2631598,27.0,1065734,1,1,0,4,6.0,-9.0,-9.0,16.0,4.0,-9,0.0,22688.0,2109.0
2631598,2631599,26.0,1065734,2,2,13,4,1.0,40.0,1.0,-9.0,4.0,622M,15.0,22688.0,2109.0
2631599,2631600,27.0,1065735,1,1,0,4,6.0,-9.0,-9.0,16.0,4.0,-9,0.0,22688.0,2109.0
2631600,2631601,26.0,1065735,2,2,13,4,1.0,40.0,1.0,-9.0,4.0,622M,15.0,22688.0,2109.0
2631601,2631602,27.0,1065736,1,1,0,4,6.0,-9.0,-9.0,16.0,4.0,-9,0.0,22685.0,2109.0
2631602,2631603,26.0,1065736,2,2,13,4,1.0,40.0,1.0,-9.0,4.0,622M,15.0,22685.0,2109.0
2631603,2631604,27.0,1065737,1,1,0,4,6.0,-9.0,-9.0,16.0,4.0,-9,0.0,22685.0,2109.0
2631604,2631605,26.0,1065737,2,2,13,4,1.0,40.0,1.0,-9.0,4.0,622M,15.0,22685.0,2109.0
2631605,2631606,35.0,1065738,1,2,0,4,1.0,40.0,1.0,-9.0,4.0,722Z,16.0,22687.0,2109.0
2631606,2631607,35.0,1065739,1,2,0,4,1.0,40.0,1.0,-9.0,4.0,722Z,16.0,22688.0,2109.0
2631607,2631608,32.0,1065740,1,2,0,4,1.0,40.0,1.0,-9.0,4.0,5417,10.0,22688.0,2109.0
2631608,2631609,32.0,1065741,1,2,0,4,1.0,40.0,1.0,-9.0,4.0,5417,10.0,22688.0,2109.0
2631609,2631610,32.0,1065742,1,2,0,4,1.0,40.0,1.0,-9.0,4.0,5417,10.0,22688.0,2109.0
2631610,2631611,32.0,1065743,1,2,0,4,1.0,40.0,1.0,-9.0,4.0,5417,10.0,22688.0,2109.0
2631611,2631612,32.0,1065744,1,2,0,4,1.0,40.0,1.0,-9.0,4.0,5417,10.0,22688.0,2109.0
2631612,2631613,32.0,1065745,1,2,0,4,1.0,40.0,1.0,-9.0,4.0,5417,10.0,22688.0,2109.0
2631613,2631614,32.0,1065746,1,2,0,4,1.0,40.0,1.0,-9.0,4.0,5417,10.0,22688.0,2109.0
2631614,2631615,31.0,1065747,1,1,0,4,1.0,70.0,1.0,-9.0,4.0,622M,15.0,22686.0,2109.0
2631615,2631616,31.0,1065748,1,1,0,4,1.0,70.0,1.0,-9.0,4.0,622M,15.0,22688.0,2109.0
2631616,2631617,31.0,1065749,1,1,0,4,1.0,70.0,1.0,-9.0,4.0,622M,15.0,22688.0,2109.0
2631617,2631618,31.0,1065750,1,1,0,4,1.0,70.0,1.0,-9.0,4.0,622M,15.0,22688.0,2109.0
2631618,2631619,31.0,1065751,1,1,0,4,1.0,70.0,1.0,-9.0,4.0,622M,15.0,22688.0,2109.0
2631619,2631620,31.0,1065752,1,1,0,4,1.0,70.0,1.0,-9.0,4.0,622M,15.0,22688.0,2109.0
2631620,2631621,42.0,1065753,1,1,0,4,1.0,45.0,1.0,-9.0,4.0,5614,12.0,22686.0,2109.0
2631621,2631622,42.0,1065754,1,1,0,4,1.0,45.0,1.0,-9.0,4.0,5614,12.0,22688.0,2109.0
2631622,2631623,42.0,1065755,1,1,0,4,1.0,45.0,1.0,-9.0,4.0,5614,12.0,22687.0,2109.0
2631623,2631624,42.0,1065756,1,1,0,4,1.0,45.0,1.0,-9.0,4.0,5614,12.0,22688.0,2109.0
2631624,2631625,42.0,1065757,1,1,0,4,1.0,45.0,1.0,-9.0,4.0,5614,12.0,22688.0,2109.0
2631625,2631626,42.0,1065758,1,1,0,4,1.0,45.0,1.0,-9.0,4.0,5614,12.0,22688.0,2109.0
2631626,2631627,42.0,1065759,1,1,0,4,1.0,45.0,1.0,-9.0,4.0,5614,12.0,22685.0,2109.0
2631627,2631628,25.0,1065760,1,1,0,4,1.0,40.0,4.0,-9.0,4.0,334M2,3.0,22688.0,2109.0
2631628,2631629,42.0,1065761,1,1,0,4,1.0,40.0,1.0,-9.0,4.0,611M1,13.0,22688.0,2109.0
2631629,2631630,42.0,1065762,1,1,0,4,1.0,40.0,1.0,-9.0,4.0,611M1,13.0,22688.0,2109.0
2631630,2631631,42.0,1065763,1,1,0,4,1.0,40.0,1.0,-9.0,4.0,611M1,13.0,22688.0,2109.0
2631631,2631632,27.0,1065764,1,1,0,4,1.0,40.0,1.0,-9.0,4.0,611M1,13.0,22685.0,2109.0
2631632,2631633,42.0,1065765,1,1,0,4,1.0,40.0,1.0,-9.0,4.0,611M1,13.0,22686.0,2109.0
2631633,2631634,27.0,1065766,1,1,0,4,1.0,40.0,1.0,-9.0,4.0,611M1,13.0,22688.0,2109.0
2631634,2631635,27.0,1065767,1,1,0,4,1.0,40.0,1.0,-9.0,4.0,611M1,13.0,22686.0,2109.0
2631635,2631636,27.0,1065768,1,1,0,4,1.0,40.0,1.0,-9.0,4.0,611M1,13.0,22688.0,2109.0
2631636,2631637,31.0,1065769,1,1,0,4,1.0,40.0,1.0,-9.0,4.0,3391,3.0,22686.0,2109.0
2631637,2631638,31.0,1065770,1,1,0,4,1.0,40.0,1.0,-9.0,4.0,3391,3.0,22688.0,2109.0
2631638,2631639,31.0,1065771,1,1,0,4,1.0,40.0,1.0,-9.0,4.0,3391,3.0,22688.0,2109.0
2631639,2631640,31.0,1065772,1,1,0,4,1.0,40.0,2.0,-9.0,4.0,333MS,3.0,22686.0,2109.0
2631640,2631641,37.0,1065773,1,1,0,4,1.0,50.0,1.0,-9.0,4.0,4231,4.0,22688.0,2109.0
2631641,2631642,35.0,1065773,2,2,1,4,6.0,-9.0,-9.0,-9.0,4.0,-9,0.0,22688.0,2109.0
2631642,2631643,5.0,1065773,3,1,2,4,-9.0,-9.0,-9.0,2.0,-9.0,-9,0.0,22688.0,2109.0
2631643,2631644,3.0,1065773,4,1,2,4,-9.0,-9.0,-9.0,1.0,-9.0,-9,0.0,22688.0,2109.0
2631644,2631645,37.0,1065774,1,1,0,4,1.0,50.0,1.0,-9.0,4.0,4231,4.0,22685.0,2109.0
2631645,2631646,35.0,1065774,2,2,1,4,6.0,-9.0,-9.0,-9.0,4.0,-9,0.0,22685.0,2109.0
2631646,2631647,5.0,1065774,3,1,2,4,-9.0,-9.0,-9.0,2.0,-9.0,-9,0.0,22685.0,2109.0
2631647,2631648,3.0,1065774,4,1,2,4,-9.0,-9.0,-9.0,1.0,-9.0,-9,0.0,22685.0,2109.0
2631648,2631649,37.0,1065775,1,1,0,4,1.0,50.0,1.0,-9.0,4.0,4231,4.0,22688.0,2109.0
2631649,2631650,35.0,1065775,2,2,1,4,6.0,-9.0,-9.0,-9.0,4.0,-9,0.0,22688.0,2109.0
2631650,2631651,5.0,1065775,3,1,2,4,-9.0,-9.0,-9.0,2.0,-9.0,-9,0.0,22688.0,2109.0
2631651,2631652,3.0,1065775,4,1,2,4,-9.0,-9.0,-9.0,1.0,-9.0,-9,0.0,22688.0,2109.0
2631652,2631653,36.0,1065776,1,1,0,4,1.0,40.0,1.0,-9.0,4.0,923,18.0,22688.0,2109.0
2631653,2631654,31.0,1065776,2,2,1,4,6.0,-9.0,-9.0,-9.0,4.0,-9,0.0,22688.0,2109.0
2631654,2631655,6.0,1065776,3,2,2,4,-9.0,-9.0,-9.0,2.0,-9.0,-9,0.0,22688.0,2109.0
2631655,2631656,2.0,1065776,4,2,2,4,-9.0,-9.0,-9.0,-9.0,-9.0,-9,0.0,22688.0,2109.0
2631656,2631657,36.0,1065777,1,1,0,4,1.0,40.0,1.0,-9.0,4.0,923,18.0,22688.0,2109.0
2631657,2631658,31.0,1065777,2,2,1,4,6.0,-9.0,-9.0,-9.0,4.0,-9,0.0,22688.0,2109.0
2631658,2631659,6.0,1065777,3,2,2,4,-9.0,-9.0,-9.0,2.0,-9.0,-9,0.0,22688.0,2109.0
2631659,2631660,2.0,1065777,4,2,2,4,-9.0,-9.0,-9.0,-9.0,-9.0,-9,0.0,22688.0,2109.0
2631660,2631661,36.0,1065778,1,1,0,4,1.0,40.0,1.0,-9.0,4.0,923,18.0,22688.0,2109.0
2631661,2631662,31.0,1065778,2,2,1,4,6.0,-9.0,-9.0,-9.0,4.0,-9,0.0,22688.0,2109.0
2631662,2631663,6.0,1065778,3,2,2,4,-9.0,-9.0,-9.0,2.0,-9.0,-9,0.0,22688.0,2109.0
2631663,2631664,2.0,1065778,4,2,2,4,-9.0,-9.0,-9.0,-9.0,-9.0,-9,0.0,22688.0,2109.0
2631664,2631665,36.0,1065779,1,1,0,4,1.0,40.0,1.0,-9.0,4.0,923,18.0,22688.0,2109.0
2631665,2631666,31.0,1065779,2,2,1,4,6.0,-9.0,-9.0,-9.0,4.0,-9,0.0,22688.0,2109.0
2631666,2631667,6.0,1065779,3,2,2,4,-9.0,-9.0,-9.0,2.0,-9.0,-9,0.0,22688.0,2109.0
2631667,2631668,2.0,1065779,4,2,2,4,-9.0,-9.0,-9.0,-9.0,-9.0,-9,0.0,22688.0,2109.0
2631668,2631669,36.0,1065780,1,1,0,4,1.0,40.0,1.0,-9.0,4.0,923,18.0,22688.0,2109.0
2631669,2631670,31.0,1065780,2,2,1,4,6.0,-9.0,-9.0,-9.0,4.0,-9,0.0,22688.0,2109.0
2631670,2631671,6.0,1065780,3,2,2,4,-9.0,-9.0,-9.0,2.0,-9.0,-9,0.0,22688.0,2109.0
2631671,2631672,2.0,1065780,4,2,2,4,-9.0,-9.0,-9.0,-9.0,-9.0,-9,0.0,22688.0,2109.0
2631672,2631673,36.0,1065781,1,1,0,4,1.0,40.0,1.0,-9.0,4.0,923,18.0,22688.0,2109.0
2631673,2631674,31.0,1065781,2,2,1,4,6.0,-9.0,-9.0,-9.0,4.0,-9,0.0,22688.0,2109.0
2631674,2631675,6.0,1065781,3,2,2,4,-9.0,-9.0,-9.0,2.0,-9.0,-9,0.0,22688.0,2109.0
2631675,2631676,2.0,1065781,4,2,2,4,-9.0,-9.0,-9.0,-9.0,-9.0,-9,0.0,22688.0,2109.0
2631676,2631677,36.0,1065782,1,1,0,4,1.0,40.0,1.0,-9.0,4.0,923,18.0,22688.0,2109.0
2631677,2631678,31.0,1065782,2,2,1,4,6.0,-9.0,-9.0,-9.0,4.0,-9,0.0,22688.0,2109.0
2631678,2631679,6.0,1065782,3,2,2,4,-9.0,-9.0,-9.0,2.0,-9.0,-9,0.0,22688.0,2109.0
2631679,2631680,2.0,1065782,4,2,2,4,-9.0,-9.0,-9.0,-9.0,-9.0,-9,0.0,22688.0,2109.0
2631680,2631681,36.0,1065783,1,1,0,4,1.0,40.0,1.0,-9.0,4.0,923,18.0,22688.0,2109.0
2631681,2631682,31.0,1065783,2,2,1,4,6.0,-9.0,-9.0,-9.0,4.0,-9,0.0,22688.0,2109.0
2631682,2631683,6.0,1065783,3,2,2,4,-9.0,-9.0,-9.0,2.0,-9.0,-9,0.0,22688.0,2109.0
2631683,2631684,2.0,1065783,4,2,2,4,-9.0,-9.0,-9.0,-9.0,-9.0,-9,0.0,22688.0,2109.0
2631684,2631685,31.0,1065784,1,1,0,3,1.0,43.0,1.0,-9.0,2.0,622M,15.0,22688.0,2109.0
2631685,2631686,31.0,1065785,1,1,0,3,1.0,43.0,1.0,-9.0,2.0,622M,15.0,22688.0,2109.0
2631686,2631687,31.0,1065786,1,1,0,3,1.0,43.0,1.0,-9.0,2.0,622M,15.0,22686.0,2109.0
2631687,2631688,31.0,1065787,1,1,0,3,1.0,43.0,1.0,-9.0,2.0,622M,15.0,22688.0,2109.0
2631688,2631689,31.0,1065788,1,1,0,3,1.0,43.0,1.0,-9.0,2.0,622M,15.0,22688.0,2109.0
2631689,2631690,31.0,1065789,1,1,0,3,1.0,43.0,1.0,-9.0,2.0,622M,15.0,22688.0,2109.0
2631690,2631691,31.0,1065790,1,1,0,3,1.0,43.0,1.0,-9.0,2.0,622M,15.0,22688.0,2109.0
2631691,2631692,31.0,1065791,1,1,0,3,1.0,43.0,1.0,-9.0,2.0,622M,15.0,22685.0,2109.0
2631692,2631693,31.0,1065792,1,1,0,3,1.0,43.0,1.0,-9.0,2.0,622M,15.0,22686.0,2109.0
2631693,2631694,31.0,1065793,1,1,0,3,1.0,43.0,1.0,-9.0,2.0,622M,15.0,22685.0,2109.0
2631694,2631695,31.0,1065794,1,1,0,3,1.0,43.0,1.0,-9.0,2.0,622M,15.0,22688.0,2109.0
2631695,2631696,31.0,1065795,1,1,0,3,1.0,43.0,1.0,-9.0,2.0,622M,15.0,22688.0,2109.0
2631696,2631697,26.0,1065796,1,2,0,3,1.0,60.0,1.0,15.0,4.0,5415,10.0,22688.0,2109.0
2631697,2631698,5.0,1065796,2,2,2,2,-9.0,-9.0,-9.0,1.0,-9.0,-9,0.0,22688.0,2109.0
2631698,2631699,26.0,1065797,1,2,0,3,1.0,60.0,1.0,15.0,4.0,5415,10.0,22686.0,2109.0
2631699,2631700,5.0,1065797,2,2,2,2,-9.0,-9.0,-9.0,1.0,-9.0,-9,0.0,22686.0,2109.0
2631700,2631701,26.0,1065798,1,2,0,3,1.0,60.0,1.0,15.0,4.0,5415,10.0,22688.0,2109.0
2631701,2631702,5.0,1065798,2,2,2,2,-9.0,-9.0,-9.0,1.0,-9.0,-9,0.0,22688.0,2109.0
2631702,2631703,26.0,1065799,1,2,0,3,1.0,60.0,1.0,15.0,4.0,5415,10.0,22688.0,2109.0
2631703,2631704,5.0,1065799,2,2,2,2,-9.0,-9.0,-9.0,1.0,-9.0,-9,0.0,22688.0,2109.0
2631704,2631705,26.0,1065800,1,2,0,3,1.0,60.0,1.0,15.0,4.0,5415,10.0,22688.0,2109.0
2631705,2631706,5.0,1065800,2,2,2,2,-9.0,-9.0,-9.0,1.0,-9.0,-9,0.0,22688.0,2109.0
2631706,2631707,26.0,1065801,1,2,0,3,1.0,60.0,1.0,15.0,4.0,5415,10.0,22688.0,2109.0
2631707,2631708,5.0,1065801,2,2,2,2,-9.0,-9.0,-9.0,1.0,-9.0,-9,0.0,22688.0,2109.0
2631708,2631709,26.0,1065802,1,2,0,3,1.0,60.0,1.0,15.0,4.0,5415,10.0,22688.0,2109.0
2631709,2631710,5.0,1065802,2,2,2,2,-9.0,-9.0,-9.0,1.0,-9.0,-9,0.0,22688.0,2109.0
2631710,2631711,26.0,1065803,1,2,0,3,1.0,60.0,1.0,15.0,4.0,5415,10.0,22688.0,2109.0
2631711,2631712,5.0,1065803,2,2,2,2,-9.0,-9.0,-9.0,1.0,-9.0,-9,0.0,22688.0,2109.0
2631712,2631713,26.0,1065804,1,2,0,3,1.0,60.0,1.0,15.0,4.0,5415,10.0,22688.0,2109.0
2631713,2631714,5.0,1065804,2,2,2,2,-9.0,-9.0,-9.0,1.0,-9.0,-9,0.0,22688.0,2109.0
2631714,2631715,26.0,1065805,1,2,0,3,1.0,60.0,1.0,15.0,4.0,5415,10.0,22688.0,2109.0
2631715,2631716,5.0,1065805,2,2,2,2,-9.0,-9.0,-9.0,1.0,-9.0,-9,0.0,22688.0,2109.0
2631716,2631717,26.0,1065806,1,2,0,3,1.0,60.0,1.0,15.0,4.0,5415,10.0,22685.0,2109.0
2631717,2631718,5.0,1065806,2,2,2,2,-9.0,-9.0,-9.0,1.0,-9.0,-9,0.0,22685.0,2109.0
2631718,2631719,26.0,1065807,1,2,0,3,1.0,60.0,1.0,15.0,4.0,5415,10.0,22688.0,2109.0
2631719,2631720,5.0,1065807,2,2,2,2,-9.0,-9.0,-9.0,1.0,-9.0,-9,0.0,22688.0,2109.0
2631720,2631721,26.0,1065808,1,2,0,3,1.0,60.0,1.0,15.0,4.0,5415,10.0,22688.0,2109.0
2631721,2631722,5.0,1065808,2,2,2,2,-9.0,-9.0,-9.0,1.0,-9.0,-9,0.0,22688.0,2109.0
2631722,2631723,26.0,1065809,1,2,0,3,1.0,60.0,1.0,15.0,4.0,5415,10.0,22688.0,2109.0
2631723,2631724,5.0,1065809,2,2,2,2,-9.0,-9.0,-9.0,1.0,-9.0,-9,0.0,22688.0,2109.0
2631724,2631725,26.0,1065810,1,2,0,3,1.0,60.0,1.0,15.0,4.0,5415,10.0,22688.0,2109.0
2631725,2631726,5.0,1065810,2,2,2,2,-9.0,-9.0,-9.0,1.0,-9.0,-9,0.0,22688.0,2109.0
2631726,2631727,26.0,1065811,1,2,0,3,1.0,60.0,1.0,15.0,4.0,5415,10.0,22688.0,2109.0
2631727,2631728,5.0,1065811,2,2,2,2,-9.0,-9.0,-9.0,1.0,-9.0,-9,0.0,22688.0,2109.0
2631728,2631729,26.0,1065812,1,2,0,3,1.0,60.0,1.0,15.0,4.0,5415,10.0,22688.0,2109.0
2631729,2631730,5.0,1065812,2,2,2,2,-9.0,-9.0,-9.0,1.0,-9.0,-9,0.0,22688.0,2109.0
2631730,2631731,26.0,1065813,1,2,0,3,1.0,60.0,1.0,15.0,4.0,5415,10.0,22688.0,2109.0
2631731,2631732,5.0,1065813,2,2,2,2,-9.0,-9.0,-9.0,1.0,-9.0,-9,0.0,22688.0,2109.0
2631732,2631733,26.0,1065814,1,2,0,3,1.0,60.0,1.0,15.0,4.0,5415,10.0,22688.0,2109.0
2631733,2631734,5.0,1065814,2,2,2,2,-9.0,-9.0,-9.0,1.0,-9.0,-9,0.0,22688.0,2109.0
2631734,2631735,26.0,1065815,1,2,0,3,1.0,60.0,1.0,15.0,4.0,5415,10.0,22688.0,2109.0
2631735,2631736,5.0,1065815,2,2,2,2,-9.0,-9.0,-9.0,1.0,-9.0,-9,0.0,22688.0,2109.0
2631736,2631737,39.0,1065816,1,1,0,2,1.0,30.0,1.0,-9.0,4.0,621M,14.0,22688.0,2109.0
2631737,2631738,25.0,1065816,2,2,12,1,1.0,30.0,3.0,15.0,4.0,622M,15.0,22688.0,2109.0
2631738,2631739,39.0,1065817,1,1,0,2,1.0,30.0,1.0,-9.0,4.0,621M,14.0,22688.0,2109.0
2631739,2631740,25.0,1065817,2,2,12,1,1.0,30.0,3.0,15.0,4.0,622M,15.0,22688.0,2109.0
2631740,2631741,30.0,1065818,1,1,0,2,1.0,60.0,1.0,-9.0,4.0,8131,17.0,22688.0,2109.0
2631741,2631742,30.0,1065819,1,1,0,2,1.0,60.0,1.0,-9.0,4.0,8131,17.0,22688.0,2109.0
2631742,2631743,27.0,1065820,1,1,0,2,1.0,40.0,1.0,-9.0,4.0,311M2,3.0,22688.0,2109.0
2631743,2631744,24.0,1065820,2,1,12,2,1.0,45.0,1.0,15.0,4.0,3118Z,3.0,22688.0,2109.0
2631744,2631745,27.0,1065821,1,1,0,2,1.0,40.0,1.0,-9.0,4.0,311M2,3.0,22687.0,2109.0
2631745,2631746,24.0,1065821,2,1,12,2,1.0,45.0,1.0,15.0,4.0,3118Z,3.0,22687.0,2109.0
2631746,2631747,27.0,1065822,1,1,0,2,1.0,40.0,1.0,-9.0,4.0,311M2,3.0,22685.0,2109.0
2631747,2631748,24.0,1065822,2,1,12,2,1.0,45.0,1.0,15.0,4.0,3118Z,3.0,22685.0,2109.0
2631748,2631749,27.0,1065823,1,1,0,2,1.0,40.0,1.0,-9.0,4.0,311M2,3.0,22688.0,2109.0
2631749,2631750,24.0,1065823,2,1,12,2,1.0,45.0,1.0,15.0,4.0,3118Z,3.0,22688.0,2109.0
2631750,2631751,27.0,1065824,1,1,0,2,1.0,40.0,1.0,-9.0,4.0,311M2,3.0,22688.0,2109.0
2631751,2631752,24.0,1065824,2,1,12,2,1.0,45.0,1.0,15.0,4.0,3118Z,3.0,22688.0,2109.0
2631752,2631753,27.0,1065825,1,1,0,2,1.0,40.0,1.0,-9.0,4.0,311M2,3.0,22688.0,2109.0
2631753,2631754,24.0,1065825,2,1,12,2,1.0,45.0,1.0,15.0,4.0,3118Z,3.0,22688.0,2109.0
2631754,2631755,27.0,1065826,1,1,0,2,1.0,40.0,1.0,-9.0,4.0,311M2,3.0,22688.0,2109.0
2631755,2631756,24.0,1065826,2,1,12,2,1.0,45.0,1.0,15.0,4.0,3118Z,3.0,22688.0,2109.0
2631756,2631757,27.0,1065827,1,1,0,2,1.0,40.0,1.0,-9.0,4.0,311M2,3.0,22688.0,2109.0
2631757,2631758,24.0,1065827,2,1,12,2,1.0,45.0,1.0,15.0,4.0,3118Z,3.0,22688.0,2109.0
2631758,2631759,27.0,1065828,1,1,0,2,1.0,40.0,1.0,-9.0,4.0,311M2,3.0,22688.0,2109.0
2631759,2631760,24.0,1065828,2,1,12,2,1.0,45.0,1.0,15.0,4.0,3118Z,3.0,22688.0,2109.0
2631760,2631761,27.0,1065829,1,1,0,2,1.0,40.0,1.0,-9.0,4.0,311M2,3.0,22688.0,2109.0
2631761,2631762,24.0,1065829,2,1,12,2,1.0,45.0,1.0,15.0,4.0,3118Z,3.0,22688.0,2109.0
2631762,2631763,27.0,1065830,1,1,0,2,1.0,40.0,1.0,-9.0,4.0,311M2,3.0,22687.0,2109.0
2631763,2631764,24.0,1065830,2,1,12,2,1.0,45.0,1.0,15.0,4.0,3118Z,3.0,22687.0,2109.0
2631764,2631765,27.0,1065831,1,1,0,2,1.0,40.0,1.0,-9.0,4.0,311M2,3.0,22688.0,2109.0
2631765,2631766,24.0,1065831,2,1,12,2,1.0,45.0,1.0,15.0,4.0,3118Z,3.0,22688.0,2109.0
2631766,2631767,27.0,1065832,1,1,0,2,1.0,40.0,1.0,-9.0,4.0,311M2,3.0,22686.0,2109.0
2631767,2631768,24.0,1065832,2,1,12,2,1.0,45.0,1.0,15.0,4.0,3118Z,3.0,22686.0,2109.0
2631768,2631769,27.0,1065833,1,1,0,2,1.0,40.0,1.0,-9.0,4.0,311M2,3.0,22688.0,2109.0
2631769,2631770,24.0,1065833,2,1,12,2,1.0,45.0,1.0,15.0,4.0,3118Z,3.0,22688.0,2109.0
2631770,2631771,27.0,1065834,1,1,0,2,1.0,40.0,1.0,-9.0,4.0,311M2,3.0,22688.0,2109.0
2631771,2631772,24.0,1065834,2,1,12,2,1.0,45.0,1.0,15.0,4.0,3118Z,3.0,22688.0,2109.0
2631772,2631773,27.0,1065835,1,1,0,2,1.0,40.0,1.0,-9.0,4.0,311M2,3.0,22688.0,2109.0
2631773,2631774,24.0,1065835,2,1,12,2,1.0,45.0,1.0,15.0,4.0,3118Z,3.0,22688.0,2109.0
2631774,2631775,27.0,1065836,1,1,0,2,1.0,40.0,1.0,-9.0,4.0,311M2,3.0,22688.0,2109.0
2631775,2631776,24.0,1065836,2,1,12,2,1.0,45.0,1.0,15.0,4.0,3118Z,3.0,22688.0,2109.0
2631776,2631777,27.0,1065837,1,1,0,2,1.0,40.0,1.0,-9.0,4.0,311M2,3.0,22688.0,2109.0
2631777,2631778,24.0,1065837,2,1,12,2,1.0,45.0,1.0,15.0,4.0,3118Z,3.0,22688.0,2109.0
2631778,2631779,27.0,1065838,1,1,0,2,1.0,40.0,1.0,-9.0,4.0,311M2,3.0,22688.0,2109.0
2631779,2631780,24.0,1065838,2,1,12,2,1.0,45.0,1.0,15.0,4.0,3118Z,3.0,22688.0,2109.0
2631780,2631781,27.0,1065839,1,1,0,2,1.0,40.0,1.0,-9.0,4.0,311M2,3.0,22688.0,2109.0
2631781,2631782,24.0,1065839,2,1,12,2,1.0,45.0,1.0,15.0,4.0,3118Z,3.0,22688.0,2109.0
2631782,2631783,27.0,1065840,1,1,0,2,1.0,40.0,1.0,-9.0,4.0,311M2,3.0,22686.0,2109.0
2631783,2631784,24.0,1065840,2,1,12,2,1.0,45.0,1.0,15.0,4.0,3118Z,3.0,22686.0,2109.0
2631784,2631785,27.0,1065841,1,1,0,2,1.0,40.0,1.0,-9.0,4.0,311M2,3.0,22688.0,2109.0
2631785,2631786,24.0,1065841,2,1,12,2,1.0,45.0,1.0,15.0,4.0,3118Z,3.0,22688.0,2109.0
2631786,2631787,27.0,1065842,1,1,0,2,1.0,40.0,1.0,-9.0,4.0,311M2,3.0,22688.0,2109.0
2631787,2631788,24.0,1065842,2,1,12,2,1.0,45.0,1.0,15.0,4.0,3118Z,3.0,22688.0,2109.0
2631788,2631789,27.0,1065843,1,1,0,2,1.0,40.0,1.0,-9.0,4.0,311M2,3.0,22688.0,2109.0
2631789,2631790,24.0,1065843,2,1,12,2,1.0,45.0,1.0,15.0,4.0,3118Z,3.0,22688.0,2109.0
2631790,2631791,27.0,1065844,1,1,0,2,1.0,40.0,1.0,-9.0,4.0,311M2,3.0,22686.0,2109.0
2631791,2631792,24.0,1065844,2,1,12,2,1.0,45.0,1.0,15.0,4.0,3118Z,3.0,22686.0,2109.0
2631792,2631793,27.0,1065845,1,1,0,2,1.0,40.0,1.0,-9.0,4.0,311M2,3.0,22688.0,2109.0
2631793,2631794,24.0,1065845,2,1,12,2,1.0,45.0,1.0,15.0,4.0,3118Z,3.0,22688.0,2109.0
2631794,2631795,27.0,1065846,1,1,0,2,1.0,40.0,1.0,-9.0,4.0,311M2,3.0,22688.0,2109.0
2631795,2631796,24.0,1065846,2,1,12,2,1.0,45.0,1.0,15.0,4.0,3118Z,3.0,22688.0,2109.0
2631796,2631797,27.0,1065847,1,1,0,2,1.0,40.0,1.0,-9.0,4.0,311M2,3.0,22688.0,2109.0
2631797,2631798,24.0,1065847,2,1,12,2,1.0,45.0,1.0,15.0,4.0,3118Z,3.0,22688.0,2109.0
2631798,2631799,27.0,1065848,1,1,0,2,1.0,40.0,1.0,-9.0,4.0,311M2,3.0,22688.0,2109.0
2631799,2631800,24.0,1065848,2,1,12,2,1.0,45.0,1.0,15.0,4.0,3118Z,3.0,22688.0,2109.0
2631800,2631801,31.0,1065849,1,2,0,2,1.0,40.0,1.0,-9.0,4.0,622M,15.0,22685.0,2109.0
2631801,2631802,43.0,1065850,1,2,0,2,1.0,40.0,1.0,-9.0,4.0,622M,15.0,22688.0,2109.0
2631802,2631803,43.0,1065851,1,2,0,2,1.0,40.0,1.0,-9.0,4.0,622M,15.0,22688.0,2109.0
2631803,2631804,43.0,1065852,1,2,0,2,1.0,40.0,1.0,-9.0,4.0,622M,15.0,22688.0,2109.0
2631804,2631805,43.0,1065853,1,2,0,2,1.0,40.0,1.0,-9.0,4.0,622M,15.0,22688.0,2109.0
2631805,2631806,31.0,1065854,1,2,0,2,1.0,40.0,1.0,-9.0,4.0,622M,15.0,22688.0,2109.0
2631806,2631807,43.0,1065855,1,2,0,2,1.0,40.0,1.0,-9.0,4.0,622M,15.0,22685.0,2109.0
2631807,2631808,31.0,1065856,1,2,0,2,1.0,40.0,1.0,-9.0,4.0,622M,15.0,22688.0,2109.0
2631808,2631809,31.0,1065857,1,2,0,2,1.0,40.0,1.0,-9.0,4.0,622M,15.0,22688.0,2109.0
2631809,2631810,43.0,1065858,1,2,0,2,1.0,40.0,1.0,-9.0,4.0,622M,15.0,22688.0,2109.0
2631810,2631811,31.0,1065859,1,2,0,2,1.0,40.0,1.0,-9.0,4.0,622M,15.0,22688.0,2109.0
2631811,2631812,43.0,1065860,1,2,0,2,1.0,40.0,1.0,-9.0,4.0,622M,15.0,22688.0,2109.0
2631812,2631813,43.0,1065861,1,2,0,2,1.0,40.0,1.0,-9.0,4.0,622M,15.0,22686.0,2109.0
2631813,2631814,43.0,1065862,1,2,0,2,1.0,40.0,1.0,-9.0,4.0,622M,15.0,22686.0,2109.0
2631814,2631815,43.0,1065863,1,2,0,2,1.0,40.0,1.0,-9.0,4.0,622M,15.0,22688.0,2109.0
2631815,2631816,43.0,1065864,1,2,0,2,1.0,40.0,1.0,-9.0,4.0,622M,15.0,22685.0,2109.0
2631816,2631817,43.0,1065865,1,2,0,2,1.0,40.0,1.0,-9.0,4.0,622M,15.0,22688.0,2109.0
2631817,2631818,32.0,1065866,1,2,0,2,1.0,40.0,1.0,-9.0,4.0,5412,10.0,22686.0,2109.0
2631818,2631819,43.0,1065867,1,2,0,2,1.0,40.0,1.0,-9.0,4.0,5413,10.0,22686.0,2109.0
2631819,2631820,27.0,1065868,1,2,0,2,1.0,40.0,1.0,-9.0,4.0,5415,10.0,22688.0,2109.0
2631820,2631821,27.0,1065869,1,2,0,2,1.0,43.0,1.0,-9.0,4.0,5241,9.0,22688.0,2109.0
2631821,2631822,27.0,1065870,1,2,0,2,1.0,43.0,1.0,-9.0,4.0,5241,9.0,22688.0,2109.0
2631822,2631823,27.0,1065871,1,2,0,2,1.0,43.0,1.0,-9.0,4.0,5241,9.0,22685.0,2109.0
2631823,2631824,35.0,1065872,1,1,0,2,1.0,44.0,1.0,-9.0,4.0,92MP,18.0,22688.0,2109.0
2631824,2631825,35.0,1065873,1,1,0,2,1.0,44.0,1.0,-9.0,4.0,92MP,18.0,22688.0,2109.0
2631825,2631826,35.0,1065874,1,1,0,2,1.0,44.0,1.0,-9.0,4.0,92MP,18.0,22688.0,2109.0
2631826,2631827,35.0,1065875,1,1,0,2,1.0,44.0,1.0,-9.0,4.0,92MP,18.0,22688.0,2109.0
2631827,2631828,35.0,1065876,1,1,0,2,1.0,44.0,1.0,-9.0,4.0,92MP,18.0,22688.0,2109.0
2631828,2631829,35.0,1065877,1,1,0,2,1.0,44.0,1.0,-9.0,4.0,92MP,18.0,22688.0,2109.0
2631829,2631830,39.0,1065878,1,1,0,2,1.0,70.0,1.0,-9.0,4.0,623M,14.0,22688.0,2109.0
2631830,2631831,30.0,1065879,1,1,0,2,1.0,40.0,1.0,-9.0,4.0,611M1,13.0,22686.0,2109.0
2631831,2631832,30.0,1065880,1,1,0,2,1.0,40.0,1.0,-9.0,4.0,611M1,13.0,22688.0,2109.0
2631832,2631833,30.0,1065881,1,1,0,2,1.0,40.0,1.0,-9.0,4.0,611M1,13.0,22685.0,2109.0
2631833,2631834,39.0,1065882,1,1,0,2,1.0,70.0,1.0,-9.0,4.0,623M,14.0,22688.0,2109.0
2631834,2631835,30.0,1065883,1,1,0,2,1.0,40.0,1.0,-9.0,4.0,611M1,13.0,22688.0,2109.0
2631835,2631836,39.0,1065884,1,1,0,2,1.0,70.0,1.0,-9.0,4.0,623M,14.0,22688.0,2109.0
2631836,2631837,26.0,1065885,1,1,0,2,1.0,40.0,1.0,15.0,4.0,5415,10.0,22685.0,2109.0
2631837,2631838,30.0,1065886,1,1,0,2,1.0,40.0,1.0,-9.0,2.0,5416,10.0,22686.0,2109.0
2631838,2631839,27.0,1065887,1,2,0,2,1.0,47.0,1.0,16.0,4.0,5221M,9.0,22688.0,2109.0
2631839,2631840,27.0,1065888,1,2,0,2,1.0,47.0,1.0,16.0,4.0,5221M,9.0,22686.0,2109.0
2631840,2631841,25.0,1065889,1,2,0,2,1.0,40.0,1.0,-9.0,4.0,5313,9.0,22688.0,2109.0
2631841,2631842,27.0,1065890,1,2,0,2,1.0,47.0,1.0,16.0,4.0,5221M,9.0,22687.0,2109.0
2631842,2631843,27.0,1065891,1,2,0,2,1.0,47.0,1.0,16.0,4.0,5221M,9.0,22685.0,2109.0
2631843,2631844,27.0,1065892,1,2,0,2,1.0,47.0,1.0,16.0,4.0,5221M,9.0,22688.0,2109.0
2631844,2631845,25.0,1065893,1,2,0,2,1.0,40.0,1.0,-9.0,4.0,5313,9.0,22688.0,2109.0
2631845,2631846,27.0,1065894,1,2,0,2,1.0,47.0,1.0,16.0,4.0,5221M,9.0,22688.0,2109.0
2631846,2631847,27.0,1065895,1,2,0,2,1.0,47.0,1.0,16.0,4.0,5221M,9.0,22686.0,2109.0
2631847,2631848,27.0,1065896,1,2,0,2,1.0,47.0,1.0,16.0,4.0,5221M,9.0,22688.0,2109.0
2631848,2631849,27.0,1065897,1,2,0,2,1.0,47.0,1.0,16.0,4.0,5221M,9.0,22688.0,2109.0
2631849,2631850,27.0,1065898,1,2,0,2,1.0,47.0,1.0,16.0,4.0,5221M,9.0,22688.0,2109.0
2631850,2631851,27.0,1065899,1,2,0,2,1.0,47.0,1.0,16.0,4.0,5221M,9.0,22688.0,2109.0
2631851,2631852,25.0,1065900,1,2,0,2,1.0,40.0,1.0,-9.0,4.0,52M1,9.0,22688.0,2109.0
2631852,2631853,25.0,1065901,1,2,0,2,1.0,40.0,1.0,-9.0,4.0,52M1,9.0,22688.0,2109.0
2631853,2631854,27.0,1065902,1,2,0,2,1.0,47.0,1.0,16.0,4.0,5221M,9.0,22688.0,2109.0
2631854,2631855,25.0,1065903,1,2,0,2,1.0,40.0,1.0,-9.0,4.0,52M1,9.0,22687.0,2109.0
2631855,2631856,27.0,1065904,1,2,0,2,1.0,47.0,1.0,16.0,4.0,5221M,9.0,22688.0,2109.0
2631856,2631857,25.0,1065905,1,2,0,2,1.0,40.0,1.0,-9.0,4.0,5313,9.0,22688.0,2109.0
2631857,2631858,27.0,1065906,1,2,0,2,1.0,47.0,1.0,16.0,4.0,5221M,9.0,22688.0,2109.0
2631858,2631859,27.0,1065907,1,2,0,2,1.0,47.0,1.0,16.0,4.0,5221M,9.0,22686.0,2109.0
2631859,2631860,27.0,1065908,1,2,0,2,1.0,47.0,1.0,16.0,4.0,5221M,9.0,22688.0,2109.0
2631860,2631861,27.0,1065909,1,2,0,2,1.0,47.0,1.0,16.0,4.0,5221M,9.0,22688.0,2109.0
2631861,2631862,25.0,1065910,1,2,0,2,1.0,40.0,1.0,-9.0,4.0,52M1,9.0,22687.0,2109.0
2631862,2631863,27.0,1065911,1,2,0,2,1.0,47.0,1.0,16.0,4.0,5221M,9.0,22688.0,2109.0
2631863,2631864,27.0,1065912,1,2,0,2,1.0,47.0,1.0,16.0,4.0,5221M,9.0,22688.0,2109.0
2631864,2631865,25.0,1065913,1,2,0,2,1.0,40.0,1.0,-9.0,4.0,52M1,9.0,22688.0,2109.0
2631865,2631866,27.0,1065914,1,2,0,2,1.0,47.0,1.0,16.0,4.0,5221M,9.0,22688.0,2109.0
2631866,2631867,27.0,1065915,1,2,0,2,1.0,47.0,1.0,16.0,4.0,5221M,9.0,22688.0,2109.0
2631867,2631868,25.0,1065916,1,2,0,2,1.0,40.0,1.0,-9.0,4.0,5313,9.0,22687.0,2109.0
2631868,2631869,27.0,1065917,1,2,0,2,1.0,47.0,1.0,16.0,4.0,5221M,9.0,22685.0,2109.0
2631869,2631870,25.0,1065918,1,2,0,2,1.0,40.0,1.0,-9.0,4.0,5313,9.0,22688.0,2109.0
2631870,2631871,27.0,1065919,1,2,0,2,1.0,47.0,1.0,16.0,4.0,5221M,9.0,22688.0,2109.0
2631871,2631872,25.0,1065920,1,2,0,2,1.0,40.0,1.0,-9.0,4.0,52M1,9.0,22688.0,2109.0
2631872,2631873,35.0,1065921,1,1,0,2,1.0,20.0,3.0,16.0,4.0,611M1,13.0,22686.0,2109.0
2631873,2631874,29.0,1065922,1,1,0,2,1.0,65.0,1.0,16.0,4.0,611M1,13.0,22688.0,2109.0
2631874,2631875,35.0,1065923,1,1,0,2,1.0,20.0,3.0,16.0,4.0,611M1,13.0,22688.0,2109.0
2631875,2631876,32.0,1065924,1,1,0,2,1.0,35.0,1.0,-9.0,4.0,4853,6.0,22688.0,2109.0
2631876,2631877,41.0,1065925,1,1,0,2,1.0,40.0,4.0,-9.0,4.0,454110,5.0,22688.0,2109.0
2631877,2631878,41.0,1065926,1,1,0,2,1.0,40.0,4.0,-9.0,4.0,454110,5.0,22685.0,2109.0
2631878,2631879,41.0,1065927,1,1,0,2,1.0,40.0,4.0,-9.0,4.0,454110,5.0,22688.0,2109.0
2631879,2631880,41.0,1065928,1,1,0,2,1.0,40.0,4.0,-9.0,4.0,454110,5.0,22688.0,2109.0
2631880,2631881,29.0,1065929,1,2,0,2,6.0,-9.0,-9.0,-9.0,4.0,6241,14.0,22685.0,2109.0
2631881,2631882,29.0,1065930,1,2,0,2,6.0,-9.0,-9.0,-9.0,4.0,6241,14.0,22686.0,2109.0
2631882,2631883,30.0,1065931,1,2,0,2,3.0,20.0,6.0,-9.0,4.0,4249Z,4.0,22686.0,2109.0
2631883,2631884,30.0,1065932,1,2,0,2,3.0,20.0,6.0,-9.0,4.0,4249Z,4.0,22688.0,2109.0
2631884,2631885,30.0,1065933,1,1,0,2,6.0,-9.0,-9.0,-9.0,4.0,622M,15.0,22687.0,2109.0
2631885,2631886,35.0,1065934,1,2,0,2,1.0,10.0,4.0,16.0,4.0,611M1,13.0,22688.0,2109.0
2631886,2631887,35.0,1065935,1,2,0,2,1.0,10.0,4.0,16.0,4.0,611M1,13.0,22688.0,2109.0
2631887,2631888,35.0,1065936,1,2,0,2,1.0,10.0,4.0,16.0,4.0,611M1,13.0,22688.0,2109.0
2631888,2631889,35.0,1065937,1,2,0,2,1.0,10.0,4.0,16.0,4.0,611M1,13.0,22688.0,2109.0
2631889,2631890,35.0,1065938,1,2,0,2,1.0,10.0,4.0,16.0,4.0,611M1,13.0,22688.0,2109.0
2631890,2631891,35.0,1065939,1,2,0,2,1.0,10.0,4.0,16.0,4.0,611M1,13.0,22688.0,2109.0
2631891,2631892,35.0,1065940,1,2,0,2,1.0,10.0,4.0,16.0,4.0,611M1,13.0,22688.0,2109.0
2631892,2631893,35.0,1065941,1,2,0,2,1.0,10.0,4.0,16.0,4.0,611M1,13.0,22687.0,2109.0
2631893,2631894,35.0,1065942,1,2,0,2,1.0,10.0,4.0,16.0,4.0,611M1,13.0,22688.0,2109.0
2631894,2631895,35.0,1065943,1,2,0,2,1.0,10.0,4.0,16.0,4.0,611M1,13.0,22688.0,2109.0
2631895,2631896,35.0,1065944,1,2,0,2,1.0,10.0,4.0,16.0,4.0,611M1,13.0,22688.0,2109.0
2631896,2631897,35.0,1065945,1,2,0,2,1.0,10.0,4.0,16.0,4.0,611M1,13.0,22685.0,2109.0
2631897,2631898,35.0,1065946,1,2,0,2,1.0,10.0,4.0,16.0,4.0,611M1,13.0,22688.0,2109.0
2631898,2631899,35.0,1065947,1,2,0,2,1.0,10.0,4.0,16.0,4.0,611M1,13.0,22688.0,2109.0
2631899,2631900,35.0,1065948,1,2,0,2,1.0,10.0,4.0,16.0,4.0,611M1,13.0,22687.0,2109.0
2631900,2631901,35.0,1065949,1,2,0,2,1.0,10.0,4.0,16.0,4.0,611M1,13.0,22688.0,2109.0
2631901,2631902,37.0,1065950,1,1,0,2,1.0,40.0,1.0,-9.0,4.0,5417,10.0,22688.0,2109.0
2631902,2631903,30.0,1065951,1,1,0,2,1.0,20.0,1.0,15.0,4.0,44511,5.0,22688.0,2109.0
2631903,2631904,30.0,1065952,1,1,0,2,1.0,20.0,1.0,15.0,4.0,44511,5.0,22688.0,2109.0
2631904,2631905,44.0,1065953,1,1,0,2,6.0,-9.0,-9.0,-9.0,2.0,-9,0.0,22685.0,2109.0
2631905,2631906,44.0,1065954,1,1,0,2,6.0,-9.0,-9.0,-9.0,2.0,-9,0.0,22688.0,2109.0
2631906,2631907,44.0,1065955,1,1,0,2,6.0,-9.0,-9.0,-9.0,2.0,-9,0.0,22688.0,2109.0
2631907,2631908,44.0,1065956,1,1,0,2,6.0,-9.0,-9.0,-9.0,2.0,-9,0.0,22686.0,2109.0
2631908,2631909,44.0,1065957,1,1,0,2,6.0,-9.0,-9.0,-9.0,2.0,-9,0.0,22688.0,2109.0
2631909,2631910,44.0,1065958,1,1,0,2,6.0,-9.0,-9.0,-9.0,2.0,-9,0.0,22688.0,2109.0
2631910,2631911,44.0,1065959,1,1,0,2,6.0,-9.0,-9.0,-9.0,2.0,-9,0.0,22688.0,2109.0
2631911,2631912,44.0,1065960,1,1,0,2,6.0,-9.0,-9.0,-9.0,2.0,-9,0.0,22686.0,2109.0
2631912,2631913,32.0,1065961,1,1,0,2,6.0,35.0,1.0,15.0,4.0,5617Z,12.0,22688.0,2109.0
2631913,2631914,32.0,1065962,1,1,0,2,6.0,35.0,1.0,15.0,4.0,5617Z,12.0,22688.0,2109.0
2631914,2631915,35.0,1065963,1,2,0,2,1.0,24.0,1.0,15.0,4.0,622M,15.0,22688.0,2109.0
2631915,2631916,20.0,1065963,2,2,2,2,1.0,40.0,1.0,15.0,4.0,622M,15.0,22688.0,2109.0
2631916,2631917,3.0,1065963,3,1,2,2,-9.0,-9.0,-9.0,-9.0,-9.0,-9,0.0,22688.0,2109.0
2631917,2631918,35.0,1065964,1,2,0,2,1.0,24.0,1.0,15.0,4.0,622M,15.0,22688.0,2109.0
2631918,2631919,20.0,1065964,2,2,2,2,1.0,40.0,1.0,15.0,4.0,622M,15.0,22688.0,2109.0
2631919,2631920,3.0,1065964,3,1,2,2,-9.0,-9.0,-9.0,-9.0,-9.0,-9,0.0,22688.0,2109.0
2631920,2631921,35.0,1065965,1,2,0,2,1.0,24.0,1.0,15.0,4.0,622M,15.0,22688.0,2109.0
2631921,2631922,20.0,1065965,2,2,2,2,1.0,40.0,1.0,15.0,4.0,622M,15.0,22688.0,2109.0
2631922,2631923,3.0,1065965,3,1,2,2,-9.0,-9.0,-9.0,-9.0,-9.0,-9,0.0,22688.0,2109.0
2631923,2631924,35.0,1065966,1,2,0,2,1.0,24.0,1.0,15.0,4.0,622M,15.0,22688.0,2109.0
2631924,2631925,20.0,1065966,2,2,2,2,1.0,40.0,1.0,15.0,4.0,622M,15.0,22688.0,2109.0
2631925,2631926,3.0,1065966,3,1,2,2,-9.0,-9.0,-9.0,-9.0,-9.0,-9,0.0,22688.0,2109.0
2631926,2631927,35.0,1065967,1,2,0,2,1.0,24.0,1.0,15.0,4.0,622M,15.0,22688.0,2109.0
2631927,2631928,20.0,1065967,2,2,2,2,1.0,40.0,1.0,15.0,4.0,622M,15.0,22688.0,2109.0
2631928,2631929,3.0,1065967,3,1,2,2,-9.0,-9.0,-9.0,-9.0,-9.0,-9,0.0,22688.0,2109.0
2631929,2631930,35.0,1065968,1,2,0,2,1.0,24.0,1.0,15.0,4.0,622M,15.0,22688.0,2109.0
2631930,2631931,20.0,1065968,2,2,2,2,1.0,40.0,1.0,15.0,4.0,622M,15.0,22688.0,2109.0
2631931,2631932,3.0,1065968,3,1,2,2,-9.0,-9.0,-9.0,-9.0,-9.0,-9,0.0,22688.0,2109.0
2631932,2631933,35.0,1065969,1,2,0,2,1.0,24.0,1.0,15.0,4.0,622M,15.0,22688.0,2109.0
2631933,2631934,20.0,1065969,2,2,2,2,1.0,40.0,1.0,15.0,4.0,622M,15.0,22688.0,2109.0
2631934,2631935,3.0,1065969,3,1,2,2,-9.0,-9.0,-9.0,-9.0,-9.0,-9,0.0,22688.0,2109.0
2631935,2631936,35.0,1065970,1,2,0,2,1.0,24.0,1.0,15.0,4.0,622M,15.0,22688.0,2109.0
2631936,2631937,20.0,1065970,2,2,2,2,1.0,40.0,1.0,15.0,4.0,622M,15.0,22688.0,2109.0
2631937,2631938,3.0,1065970,3,1,2,2,-9.0,-9.0,-9.0,-9.0,-9.0,-9,0.0,22688.0,2109.0
2631938,2631939,35.0,1065971,1,2,0,2,1.0,24.0,1.0,15.0,4.0,622M,15.0,22688.0,2109.0
2631939,2631940,20.0,1065971,2,2,2,2,1.0,40.0,1.0,15.0,4.0,622M,15.0,22688.0,2109.0
2631940,2631941,3.0,1065971,3,1,2,2,-9.0,-9.0,-9.0,-9.0,-9.0,-9,0.0,22688.0,2109.0
2631941,2631942,35.0,1065972,1,2,0,2,1.0,24.0,1.0,15.0,4.0,622M,15.0,22688.0,2109.0
2631942,2631943,20.0,1065972,2,2,2,2,1.0,40.0,1.0,15.0,4.0,622M,15.0,22688.0,2109.0
2631943,2631944,3.0,1065972,3,1,2,2,-9.0,-9.0,-9.0,-9.0,-9.0,-9,0.0,22688.0,2109.0
2631944,2631945,35.0,1065973,1,2,0,2,1.0,24.0,1.0,15.0,4.0,622M,15.0,22688.0,2109.0
2631945,2631946,20.0,1065973,2,2,2,2,1.0,40.0,1.0,15.0,4.0,622M,15.0,22688.0,2109.0
2631946,2631947,3.0,1065973,3,1,2,2,-9.0,-9.0,-9.0,-9.0,-9.0,-9,0.0,22688.0,2109.0
2631947,2631948,35.0,1065974,1,2,0,2,1.0,24.0,1.0,15.0,4.0,622M,15.0,22688.0,2109.0
2631948,2631949,20.0,1065974,2,2,2,2,1.0,40.0,1.0,15.0,4.0,622M,15.0,22688.0,2109.0
2631949,2631950,3.0,1065974,3,1,2,2,-9.0,-9.0,-9.0,-9.0,-9.0,-9,0.0,22688.0,2109.0
2631950,2631951,35.0,1065975,1,2,0,2,1.0,24.0,1.0,15.0,4.0,622M,15.0,22688.0,2109.0
2631951,2631952,20.0,1065975,2,2,2,2,1.0,40.0,1.0,15.0,4.0,622M,15.0,22688.0,2109.0
2631952,2631953,3.0,1065975,3,1,2,2,-9.0,-9.0,-9.0,-9.0,-9.0,-9,0.0,22688.0,2109.0
2631953,2631954,35.0,1065976,1,2,0,2,1.0,24.0,1.0,15.0,4.0,622M,15.0,22686.0,2109.0
2631954,2631955,20.0,1065976,2,2,2,2,1.0,40.0,1.0,15.0,4.0,622M,15.0,22686.0,2109.0
2631955,2631956,3.0,1065976,3,1,2,2,-9.0,-9.0,-9.0,-9.0,-9.0,-9,0.0,22686.0,2109.0
2631956,2631957,35.0,1065977,1,2,0,2,1.0,24.0,1.0,15.0,4.0,622M,15.0,22688.0,2109.0
2631957,2631958,20.0,1065977,2,2,2,2,1.0,40.0,1.0,15.0,4.0,622M,15.0,22688.0,2109.0
2631958,2631959,3.0,1065977,3,1,2,2,-9.0,-9.0,-9.0,-9.0,-9.0,-9,0.0,22688.0,2109.0
2631959,2631960,35.0,1065978,1,2,0,2,1.0,24.0,1.0,15.0,4.0,622M,15.0,22688.0,2109.0
2631960,2631961,20.0,1065978,2,2,2,2,1.0,40.0,1.0,15.0,4.0,622M,15.0,22688.0,2109.0
2631961,2631962,3.0,1065978,3,1,2,2,-9.0,-9.0,-9.0,-9.0,-9.0,-9,0.0,22688.0,2109.0
2631962,2631963,35.0,1065979,1,2,0,2,1.0,24.0,1.0,15.0,4.0,622M,15.0,22688.0,2109.0
2631963,2631964,20.0,1065979,2,2,2,2,1.0,40.0,1.0,15.0,4.0,622M,15.0,22688.0,2109.0
2631964,2631965,3.0,1065979,3,1,2,2,-9.0,-9.0,-9.0,-9.0,-9.0,-9,0.0,22688.0,2109.0
2631965,2631966,35.0,1065980,1,2,0,2,1.0,24.0,1.0,15.0,4.0,622M,15.0,22688.0,2109.0
2631966,2631967,20.0,1065980,2,2,2,2,1.0,40.0,1.0,15.0,4.0,622M,15.0,22688.0,2109.0
2631967,2631968,3.0,1065980,3,1,2,2,-9.0,-9.0,-9.0,-9.0,-9.0,-9,0.0,22688.0,2109.0
2631968,2631969,35.0,1065981,1,2,0,2,1.0,24.0,1.0,15.0,4.0,622M,15.0,22685.0,2109.0
2631969,2631970,20.0,1065981,2,2,2,2,1.0,40.0,1.0,15.0,4.0,622M,15.0,22685.0,2109.0
2631970,2631971,3.0,1065981,3,1,2,2,-9.0,-9.0,-9.0,-9.0,-9.0,-9,0.0,22685.0,2109.0
2631971,2631972,35.0,1065982,1,2,0,2,1.0,24.0,1.0,15.0,4.0,622M,15.0,22688.0,2109.0
2631972,2631973,20.0,1065982,2,2,2,2,1.0,40.0,1.0,15.0,4.0,622M,15.0,22688.0,2109.0
2631973,2631974,3.0,1065982,3,1,2,2,-9.0,-9.0,-9.0,-9.0,-9.0,-9,0.0,22688.0,2109.0
2631974,2631975,35.0,1065983,1,2,0,2,1.0,24.0,1.0,15.0,4.0,622M,15.0,22685.0,2109.0
2631975,2631976,20.0,1065983,2,2,2,2,1.0,40.0,1.0,15.0,4.0,622M,15.0,22685.0,2109.0
2631976,2631977,3.0,1065983,3,1,2,2,-9.0,-9.0,-9.0,-9.0,-9.0,-9,0.0,22685.0,2109.0
2631977,2631978,35.0,1065984,1,2,0,2,1.0,24.0,1.0,15.0,4.0,622M,15.0,22688.0,2109.0
2631978,2631979,20.0,1065984,2,2,2,2,1.0,40.0,1.0,15.0,4.0,622M,15.0,22688.0,2109.0
2631979,2631980,3.0,1065984,3,1,2,2,-9.0,-9.0,-9.0,-9.0,-9.0,-9,0.0,22688.0,2109.0
2631980,2631981,35.0,1065985,1,2,0,2,1.0,24.0,1.0,15.0,4.0,622M,15.0,22688.0,2109.0
2631981,2631982,20.0,1065985,2,2,2,2,1.0,40.0,1.0,15.0,4.0,622M,15.0,22688.0,2109.0
2631982,2631983,3.0,1065985,3,1,2,2,-9.0,-9.0,-9.0,-9.0,-9.0,-9,0.0,22688.0,2109.0
2631983,2631984,35.0,1065986,1,2,0,2,1.0,24.0,1.0,15.0,4.0,622M,15.0,22688.0,2109.0
2631984,2631985,20.0,1065986,2,2,2,2,1.0,40.0,1.0,15.0,4.0,622M,15.0,22688.0,2109.0
2631985,2631986,3.0,1065986,3,1,2,2,-9.0,-9.0,-9.0,-9.0,-9.0,-9,0.0,22688.0,2109.0
2631986,2631987,35.0,1065987,1,2,0,2,1.0,24.0,1.0,15.0,4.0,622M,15.0,22688.0,2109.0
2631987,2631988,20.0,1065987,2,2,2,2,1.0,40.0,1.0,15.0,4.0,622M,15.0,22688.0,2109.0
2631988,2631989,3.0,1065987,3,1,2,2,-9.0,-9.0,-9.0,-9.0,-9.0,-9,0.0,22688.0,2109.0
2631989,2631990,35.0,1065988,1,2,0,2,1.0,24.0,1.0,15.0,4.0,622M,15.0,22687.0,2109.0
2631990,2631991,20.0,1065988,2,2,2,2,1.0,40.0,1.0,15.0,4.0,622M,15.0,22687.0,2109.0
2631991,2631992,3.0,1065988,3,1,2,2,-9.0,-9.0,-9.0,-9.0,-9.0,-9,0.0,22687.0,2109.0
2631992,2631993,35.0,1065989,1,2,0,2,1.0,24.0,1.0,15.0,4.0,622M,15.0,22688.0,2109.0
2631993,2631994,20.0,1065989,2,2,2,2,1.0,40.0,1.0,15.0,4.0,622M,15.0,22688.0,2109.0
2631994,2631995,3.0,1065989,3,1,2,2,-9.0,-9.0,-9.0,-9.0,-9.0,-9,0.0,22688.0,2109.0
2631995,2631996,35.0,1065990,1,2,0,2,1.0,24.0,1.0,15.0,4.0,622M,15.0,22688.0,2109.0
2631996,2631997,20.0,1065990,2,2,2,2,1.0,40.0,1.0,15.0,4.0,622M,15.0,22688.0,2109.0
2631997,2631998,3.0,1065990,3,1,2,2,-9.0,-9.0,-9.0,-9.0,-9.0,-9,0.0,22688.0,2109.0
2631998,2631999,35.0,1065991,1,2,0,2,1.0,24.0,1.0,15.0,4.0,622M,15.0,22686.0,2109.0
2631999,2632000,20.0,1065991,2,2,2,2,1.0,40.0,1.0,15.0,4.0,622M,15.0,22686.0,2109.0
2632000,2632001,3.0,1065991,3,1,2,2,-9.0,-9.0,-9.0,-9.0,-9.0,-9,0.0,22686.0,2109.0
2632001,2632002,35.0,1065992,1,2,0,2,1.0,24.0,1.0,15.0,4.0,622M,15.0,22687.0,2109.0
2632002,2632003,20.0,1065992,2,2,2,2,1.0,40.0,1.0,15.0,4.0,622M,15.0,22687.0,2109.0
2632003,2632004,3.0,1065992,3,1,2,2,-9.0,-9.0,-9.0,-9.0,-9.0,-9,0.0,22687.0,2109.0
2632004,2632005,35.0,1065993,1,2,0,2,1.0,24.0,1.0,15.0,4.0,622M,15.0,22688.0,2109.0
2632005,2632006,20.0,1065993,2,2,2,2,1.0,40.0,1.0,15.0,4.0,622M,15.0,22688.0,2109.0
2632006,2632007,3.0,1065993,3,1,2,2,-9.0,-9.0,-9.0,-9.0,-9.0,-9,0.0,22688.0,2109.0
2632007,2632008,35.0,1065994,1,2,0,2,1.0,24.0,1.0,15.0,4.0,622M,15.0,22685.0,2109.0
2632008,2632009,20.0,1065994,2,2,2,2,1.0,40.0,1.0,15.0,4.0,622M,15.0,22685.0,2109.0
2632009,2632010,3.0,1065994,3,1,2,2,-9.0,-9.0,-9.0,-9.0,-9.0,-9,0.0,22685.0,2109.0
2632010,2632011,35.0,1065995,1,2,0,2,1.0,24.0,1.0,15.0,4.0,622M,15.0,22685.0,2109.0
2632011,2632012,20.0,1065995,2,2,2,2,1.0,40.0,1.0,15.0,4.0,622M,15.0,22685.0,2109.0
2632012,2632013,3.0,1065995,3,1,2,2,-9.0,-9.0,-9.0,-9.0,-9.0,-9,0.0,22685.0,2109.0
2632013,2632014,35.0,1065996,1,2,0,2,1.0,24.0,1.0,15.0,4.0,622M,15.0,22688.0,2109.0
2632014,2632015,20.0,1065996,2,2,2,2,1.0,40.0,1.0,15.0,4.0,622M,15.0,22688.0,2109.0
2632015,2632016,3.0,1065996,3,1,2,2,-9.0,-9.0,-9.0,-9.0,-9.0,-9,0.0,22688.0,2109.0
2632016,2632017,35.0,1065997,1,2,0,2,1.0,24.0,1.0,15.0,4.0,622M,15.0,22685.0,2109.0
2632017,2632018,20.0,1065997,2,2,2,2,1.0,40.0,1.0,15.0,4.0,622M,15.0,22685.0,2109.0
2632018,2632019,3.0,1065997,3,1,2,2,-9.0,-9.0,-9.0,-9.0,-9.0,-9,0.0,22685.0,2109.0
2632019,2632020,35.0,1065998,1,2,0,2,1.0,24.0,1.0,15.0,4.0,622M,15.0,22686.0,2109.0
2632020,2632021,20.0,1065998,2,2,2,2,1.0,40.0,1.0,15.0,4.0,622M,15.0,22686.0,2109.0
2632021,2632022,3.0,1065998,3,1,2,2,-9.0,-9.0,-9.0,-9.0,-9.0,-9,0.0,22686.0,2109.0
2632022,2632023,35.0,1065999,1,2,0,2,1.0,24.0,1.0,15.0,4.0,622M,15.0,22688.0,2109.0
2632023,2632024,20.0,1065999,2,2,2,2,1.0,40.0,1.0,15.0,4.0,622M,15.0,22688.0,2109.0
2632024,2632025,3.0,1065999,3,1,2,2,-9.0,-9.0,-9.0,-9.0,-9.0,-9,0.0,22688.0,2109.0
2632025,2632026,35.0,1066000,1,2,0,2,1.0,24.0,1.0,15.0,4.0,622M,15.0,22686.0,2109.0
2632026,2632027,20.0,1066000,2,2,2,2,1.0,40.0,1.0,15.0,4.0,622M,15.0,22686.0,2109.0
2632027,2632028,3.0,1066000,3,1,2,2,-9.0,-9.0,-9.0,-9.0,-9.0,-9,0.0,22686.0,2109.0
2632028,2632029,35.0,1066001,1,2,0,2,1.0,24.0,1.0,15.0,4.0,622M,15.0,22685.0,2109.0
2632029,2632030,20.0,1066001,2,2,2,2,1.0,40.0,1.0,15.0,4.0,622M,15.0,22685.0,2109.0
2632030,2632031,3.0,1066001,3,1,2,2,-9.0,-9.0,-9.0,-9.0,-9.0,-9,0.0,22685.0,2109.0
2632031,2632032,35.0,1066002,1,2,0,2,1.0,24.0,1.0,15.0,4.0,622M,15.0,22688.0,2109.0
2632032,2632033,20.0,1066002,2,2,2,2,1.0,40.0,1.0,15.0,4.0,622M,15.0,22688.0,2109.0
2632033,2632034,3.0,1066002,3,1,2,2,-9.0,-9.0,-9.0,-9.0,-9.0,-9,0.0,22688.0,2109.0
2632034,2632035,35.0,1066003,1,2,0,2,1.0,24.0,1.0,15.0,4.0,622M,15.0,22688.0,2109.0
2632035,2632036,20.0,1066003,2,2,2,2,1.0,40.0,1.0,15.0,4.0,622M,15.0,22688.0,2109.0
2632036,2632037,3.0,1066003,3,1,2,2,-9.0,-9.0,-9.0,-9.0,-9.0,-9,0.0,22688.0,2109.0
2632037,2632038,35.0,1066004,1,2,0,2,1.0,24.0,1.0,15.0,4.0,622M,15.0,22688.0,2109.0
2632038,2632039,20.0,1066004,2,2,2,2,1.0,40.0,1.0,15.0,4.0,622M,15.0,22688.0,2109.0
2632039,2632040,3.0,1066004,3,1,2,2,-9.0,-9.0,-9.0,-9.0,-9.0,-9,0.0,22688.0,2109.0
2632040,2632041,35.0,1066005,1,2,0,2,1.0,24.0,1.0,15.0,4.0,622M,15.0,22685.0,2109.0
2632041,2632042,20.0,1066005,2,2,2,2,1.0,40.0,1.0,15.0,4.0,622M,15.0,22685.0,2109.0
2632042,2632043,3.0,1066005,3,1,2,2,-9.0,-9.0,-9.0,-9.0,-9.0,-9,0.0,22685.0,2109.0
2632043,2632044,35.0,1066006,1,2,0,2,1.0,24.0,1.0,15.0,4.0,622M,15.0,22688.0,2109.0
2632044,2632045,20.0,1066006,2,2,2,2,1.0,40.0,1.0,15.0,4.0,622M,15.0,22688.0,2109.0
2632045,2632046,3.0,1066006,3,1,2,2,-9.0,-9.0,-9.0,-9.0,-9.0,-9,0.0,22688.0,2109.0
2632046,2632047,35.0,1066007,1,2,0,2,1.0,24.0,1.0,15.0,4.0,622M,15.0,22688.0,2109.0
2632047,2632048,20.0,1066007,2,2,2,2,1.0,40.0,1.0,15.0,4.0,622M,15.0,22688.0,2109.0
2632048,2632049,3.0,1066007,3,1,2,2,-9.0,-9.0,-9.0,-9.0,-9.0,-9,0.0,22688.0,2109.0
2632049,2632050,35.0,1066008,1,2,0,2,1.0,24.0,1.0,15.0,4.0,622M,15.0,22688.0,2109.0
2632050,2632051,20.0,1066008,2,2,2,2,1.0,40.0,1.0,15.0,4.0,622M,15.0,22688.0,2109.0
2632051,2632052,3.0,1066008,3,1,2,2,-9.0,-9.0,-9.0,-9.0,-9.0,-9,0.0,22688.0,2109.0
2632052,2632053,35.0,1066009,1,2,0,2,1.0,24.0,1.0,15.0,4.0,622M,15.0,22685.0,2109.0
2632053,2632054,20.0,1066009,2,2,2,2,1.0,40.0,1.0,15.0,4.0,622M,15.0,22685.0,2109.0
2632054,2632055,3.0,1066009,3,1,2,2,-9.0,-9.0,-9.0,-9.0,-9.0,-9,0.0,22685.0,2109.0
2632055,2632056,35.0,1066010,1,2,0,2,1.0,24.0,1.0,15.0,4.0,622M,15.0,22688.0,2109.0
2632056,2632057,20.0,1066010,2,2,2,2,1.0,40.0,1.0,15.0,4.0,622M,15.0,22688.0,2109.0
2632057,2632058,3.0,1066010,3,1,2,2,-9.0,-9.0,-9.0,-9.0,-9.0,-9,0.0,22688.0,2109.0
2632058,2632059,35.0,1066011,1,2,0,2,1.0,24.0,1.0,15.0,4.0,622M,15.0,22688.0,2109.0
2632059,2632060,20.0,1066011,2,2,2,2,1.0,40.0,1.0,15.0,4.0,622M,15.0,22688.0,2109.0
2632060,2632061,3.0,1066011,3,1,2,2,-9.0,-9.0,-9.0,-9.0,-9.0,-9,0.0,22688.0,2109.0
2632061,2632062,35.0,1066012,1,2,0,2,1.0,24.0,1.0,15.0,4.0,622M,15.0,22688.0,2109.0
2632062,2632063,20.0,1066012,2,2,2,2,1.0,40.0,1.0,15.0,4.0,622M,15.0,22688.0,2109.0
2632063,2632064,3.0,1066012,3,1,2,2,-9.0,-9.0,-9.0,-9.0,-9.0,-9,0.0,22688.0,2109.0
2632064,2632065,35.0,1066013,1,2,0,2,1.0,24.0,1.0,15.0,4.0,622M,15.0,22688.0,2109.0
2632065,2632066,20.0,1066013,2,2,2,2,1.0,40.0,1.0,15.0,4.0,622M,15.0,22688.0,2109.0
2632066,2632067,3.0,1066013,3,1,2,2,-9.0,-9.0,-9.0,-9.0,-9.0,-9,0.0,22688.0,2109.0
2632067,2632068,35.0,1066014,1,2,0,2,1.0,24.0,1.0,15.0,4.0,622M,15.0,22688.0,2109.0
2632068,2632069,20.0,1066014,2,2,2,2,1.0,40.0,1.0,15.0,4.0,622M,15.0,22688.0,2109.0
2632069,2632070,3.0,1066014,3,1,2,2,-9.0,-9.0,-9.0,-9.0,-9.0,-9,0.0,22688.0,2109.0
2632070,2632071,35.0,1066015,1,2,0,2,1.0,24.0,1.0,15.0,4.0,622M,15.0,22688.0,2109.0
2632071,2632072,20.0,1066015,2,2,2,2,1.0,40.0,1.0,15.0,4.0,622M,15.0,22688.0,2109.0
2632072,2632073,3.0,1066015,3,1,2,2,-9.0,-9.0,-9.0,-9.0,-9.0,-9,0.0,22688.0,2109.0
2632073,2632074,35.0,1066016,1,2,0,2,1.0,24.0,1.0,15.0,4.0,622M,15.0,22687.0,2109.0
2632074,2632075,20.0,1066016,2,2,2,2,1.0,40.0,1.0,15.0,4.0,622M,15.0,22687.0,2109.0
2632075,2632076,3.0,1066016,3,1,2,2,-9.0,-9.0,-9.0,-9.0,-9.0,-9,0.0,22687.0,2109.0
2632076,2632077,35.0,1066017,1,2,0,2,1.0,24.0,1.0,15.0,4.0,622M,15.0,22688.0,2109.0
2632077,2632078,20.0,1066017,2,2,2,2,1.0,40.0,1.0,15.0,4.0,622M,15.0,22688.0,2109.0
2632078,2632079,3.0,1066017,3,1,2,2,-9.0,-9.0,-9.0,-9.0,-9.0,-9,0.0,22688.0,2109.0
2632079,2632080,35.0,1066018,1,2,0,2,1.0,24.0,1.0,15.0,4.0,622M,15.0,22688.0,2109.0
2632080,2632081,20.0,1066018,2,2,2,2,1.0,40.0,1.0,15.0,4.0,622M,15.0,22688.0,2109.0
2632081,2632082,3.0,1066018,3,1,2,2,-9.0,-9.0,-9.0,-9.0,-9.0,-9,0.0,22688.0,2109.0
2632082,2632083,35.0,1066019,1,2,0,2,1.0,24.0,1.0,15.0,4.0,622M,15.0,22688.0,2109.0
2632083,2632084,20.0,1066019,2,2,2,2,1.0,40.0,1.0,15.0,4.0,622M,15.0,22688.0,2109.0
2632084,2632085,3.0,1066019,3,1,2,2,-9.0,-9.0,-9.0,-9.0,-9.0,-9,0.0,22688.0,2109.0
2632085,2632086,35.0,1066020,1,2,0,2,1.0,24.0,1.0,15.0,4.0,622M,15.0,22686.0,2109.0
2632086,2632087,20.0,1066020,2,2,2,2,1.0,40.0,1.0,15.0,4.0,622M,15.0,22686.0,2109.0
2632087,2632088,3.0,1066020,3,1,2,2,-9.0,-9.0,-9.0,-9.0,-9.0,-9,0.0,22686.0,2109.0
2632088,2632089,35.0,1066021,1,2,0,2,1.0,24.0,1.0,15.0,4.0,622M,15.0,22685.0,2109.0
2632089,2632090,20.0,1066021,2,2,2,2,1.0,40.0,1.0,15.0,4.0,622M,15.0,22685.0,2109.0
2632090,2632091,3.0,1066021,3,1,2,2,-9.0,-9.0,-9.0,-9.0,-9.0,-9,0.0,22685.0,2109.0
2632091,2632092,35.0,1066022,1,2,0,2,1.0,24.0,1.0,15.0,4.0,622M,15.0,22685.0,2109.0
2632092,2632093,20.0,1066022,2,2,2,2,1.0,40.0,1.0,15.0,4.0,622M,15.0,22685.0,2109.0
2632093,2632094,3.0,1066022,3,1,2,2,-9.0,-9.0,-9.0,-9.0,-9.0,-9,0.0,22685.0,2109.0
2632094,2632095,35.0,1066023,1,2,0,2,1.0,24.0,1.0,15.0,4.0,622M,15.0,22688.0,2109.0
2632095,2632096,20.0,1066023,2,2,2,2,1.0,40.0,1.0,15.0,4.0,622M,15.0,22688.0,2109.0
2632096,2632097,3.0,1066023,3,1,2,2,-9.0,-9.0,-9.0,-9.0,-9.0,-9,0.0,22688.0,2109.0
2632097,2632098,35.0,1066024,1,2,0,2,1.0,24.0,1.0,15.0,4.0,622M,15.0,22688.0,2109.0
2632098,2632099,20.0,1066024,2,2,2,2,1.0,40.0,1.0,15.0,4.0,622M,15.0,22688.0,2109.0
2632099,2632100,3.0,1066024,3,1,2,2,-9.0,-9.0,-9.0,-9.0,-9.0,-9,0.0,22688.0,2109.0
2632100,2632101,35.0,1066025,1,2,0,2,1.0,24.0,1.0,15.0,4.0,622M,15.0,22688.0,2109.0
2632101,2632102,20.0,1066025,2,2,2,2,1.0,40.0,1.0,15.0,4.0,622M,15.0,22688.0,2109.0
2632102,2632103,3.0,1066025,3,1,2,2,-9.0,-9.0,-9.0,-9.0,-9.0,-9,0.0,22688.0,2109.0
2632103,2632104,35.0,1066026,1,2,0,2,1.0,24.0,1.0,15.0,4.0,622M,15.0,22688.0,2109.0
2632104,2632105,20.0,1066026,2,2,2,2,1.0,40.0,1.0,15.0,4.0,622M,15.0,22688.0,2109.0
2632105,2632106,3.0,1066026,3,1,2,2,-9.0,-9.0,-9.0,-9.0,-9.0,-9,0.0,22688.0,2109.0
2632106,2632107,35.0,1066027,1,2,0,2,1.0,24.0,1.0,15.0,4.0,622M,15.0,22688.0,2109.0
2632107,2632108,20.0,1066027,2,2,2,2,1.0,40.0,1.0,15.0,4.0,622M,15.0,22688.0,2109.0
2632108,2632109,3.0,1066027,3,1,2,2,-9.0,-9.0,-9.0,-9.0,-9.0,-9,0.0,22688.0,2109.0
2632109,2632110,35.0,1066028,1,2,0,2,1.0,24.0,1.0,15.0,4.0,622M,15.0,22688.0,2109.0
2632110,2632111,20.0,1066028,2,2,2,2,1.0,40.0,1.0,15.0,4.0,622M,15.0,22688.0,2109.0
2632111,2632112,3.0,1066028,3,1,2,2,-9.0,-9.0,-9.0,-9.0,-9.0,-9,0.0,22688.0,2109.0
2632112,2632113,35.0,1066029,1,2,0,2,1.0,24.0,1.0,15.0,4.0,622M,15.0,22688.0,2109.0
2632113,2632114,20.0,1066029,2,2,2,2,1.0,40.0,1.0,15.0,4.0,622M,15.0,22688.0,2109.0
2632114,2632115,3.0,1066029,3,1,2,2,-9.0,-9.0,-9.0,-9.0,-9.0,-9,0.0,22688.0,2109.0
2632115,2632116,35.0,1066030,1,2,0,2,1.0,24.0,1.0,15.0,4.0,622M,15.0,22688.0,2109.0
2632116,2632117,20.0,1066030,2,2,2,2,1.0,40.0,1.0,15.0,4.0,622M,15.0,22688.0,2109.0
2632117,2632118,3.0,1066030,3,1,2,2,-9.0,-9.0,-9.0,-9.0,-9.0,-9,0.0,22688.0,2109.0
2632118,2632119,35.0,1066031,1,2,0,2,1.0,24.0,1.0,15.0,4.0,622M,15.0,22688.0,2109.0
2632119,2632120,20.0,1066031,2,2,2,2,1.0,40.0,1.0,15.0,4.0,622M,15.0,22688.0,2109.0
2632120,2632121,3.0,1066031,3,1,2,2,-9.0,-9.0,-9.0,-9.0,-9.0,-9,0.0,22688.0,2109.0
2632121,2632122,35.0,1066032,1,2,0,2,1.0,24.0,1.0,15.0,4.0,622M,15.0,22685.0,2109.0
2632122,2632123,20.0,1066032,2,2,2,2,1.0,40.0,1.0,15.0,4.0,622M,15.0,22685.0,2109.0
2632123,2632124,3.0,1066032,3,1,2,2,-9.0,-9.0,-9.0,-9.0,-9.0,-9,0.0,22685.0,2109.0
2632124,2632125,35.0,1066033,1,2,0,2,1.0,24.0,1.0,15.0,4.0,622M,15.0,22688.0,2109.0
2632125,2632126,20.0,1066033,2,2,2,2,1.0,40.0,1.0,15.0,4.0,622M,15.0,22688.0,2109.0
2632126,2632127,3.0,1066033,3,1,2,2,-9.0,-9.0,-9.0,-9.0,-9.0,-9,0.0,22688.0,2109.0
2632127,2632128,35.0,1066034,1,2,0,2,1.0,24.0,1.0,15.0,4.0,622M,15.0,22686.0,2109.0
2632128,2632129,20.0,1066034,2,2,2,2,1.0,40.0,1.0,15.0,4.0,622M,15.0,22686.0,2109.0
2632129,2632130,3.0,1066034,3,1,2,2,-9.0,-9.0,-9.0,-9.0,-9.0,-9,0.0,22686.0,2109.0
2632130,2632131,35.0,1066035,1,2,0,2,1.0,24.0,1.0,15.0,4.0,622M,15.0,22685.0,2109.0
2632131,2632132,20.0,1066035,2,2,2,2,1.0,40.0,1.0,15.0,4.0,622M,15.0,22685.0,2109.0
2632132,2632133,3.0,1066035,3,1,2,2,-9.0,-9.0,-9.0,-9.0,-9.0,-9,0.0,22685.0,2109.0
2632133,2632134,35.0,1066036,1,2,0,2,1.0,24.0,1.0,15.0,4.0,622M,15.0,22686.0,2109.0
2632134,2632135,20.0,1066036,2,2,2,2,1.0,40.0,1.0,15.0,4.0,622M,15.0,22686.0,2109.0
2632135,2632136,3.0,1066036,3,1,2,2,-9.0,-9.0,-9.0,-9.0,-9.0,-9,0.0,22686.0,2109.0
2632136,2632137,35.0,1066037,1,2,0,2,1.0,24.0,1.0,15.0,4.0,622M,15.0,22688.0,2109.0
2632137,2632138,20.0,1066037,2,2,2,2,1.0,40.0,1.0,15.0,4.0,622M,15.0,22688.0,2109.0
2632138,2632139,3.0,1066037,3,1,2,2,-9.0,-9.0,-9.0,-9.0,-9.0,-9,0.0,22688.0,2109.0
2632139,2632140,35.0,1066038,1,2,0,2,1.0,24.0,1.0,15.0,4.0,622M,15.0,22688.0,2109.0
2632140,2632141,20.0,1066038,2,2,2,2,1.0,40.0,1.0,15.0,4.0,622M,15.0,22688.0,2109.0
2632141,2632142,3.0,1066038,3,1,2,2,-9.0,-9.0,-9.0,-9.0,-9.0,-9,0.0,22688.0,2109.0
2632142,2632143,35.0,1066039,1,2,0,2,1.0,24.0,1.0,15.0,4.0,622M,15.0,22688.0,2109.0
2632143,2632144,20.0,1066039,2,2,2,2,1.0,40.0,1.0,15.0,4.0,622M,15.0,22688.0,2109.0
2632144,2632145,3.0,1066039,3,1,2,2,-9.0,-9.0,-9.0,-9.0,-9.0,-9,0.0,22688.0,2109.0
2632145,2632146,40.0,1066040,1,2,0,2,1.0,40.0,1.0,-9.0,4.0,623M,14.0,22688.0,2109.0
2632146,2632147,4.0,1066040,2,2,2,2,-9.0,-9.0,-9.0,-9.0,-9.0,-9,0.0,22688.0,2109.0
2632147,2632148,40.0,1066041,1,2,0,2,1.0,40.0,1.0,-9.0,4.0,623M,14.0,22685.0,2109.0
2632148,2632149,4.0,1066041,2,2,2,2,-9.0,-9.0,-9.0,-9.0,-9.0,-9,0.0,22685.0,2109.0
2632149,2632150,40.0,1066042,1,2,0,2,1.0,40.0,1.0,-9.0,4.0,623M,14.0,22688.0,2109.0
2632150,2632151,4.0,1066042,2,2,2,2,-9.0,-9.0,-9.0,-9.0,-9.0,-9,0.0,22688.0,2109.0
2632151,2632152,40.0,1066043,1,2,0,2,1.0,40.0,1.0,-9.0,4.0,623M,14.0,22688.0,2109.0
2632152,2632153,4.0,1066043,2,2,2,2,-9.0,-9.0,-9.0,-9.0,-9.0,-9,0.0,22688.0,2109.0
2632153,2632154,34.0,1066044,1,2,0,2,1.0,12.0,1.0,15.0,4.0,5617Z,12.0,22686.0,2109.0
2632154,2632155,15.0,1066044,2,2,2,2,-9.0,-9.0,-9.0,12.0,-9.0,-9,0.0,22686.0,2109.0
2632155,2632156,11.0,1066044,3,2,2,2,-9.0,-9.0,-9.0,8.0,-9.0,-9,0.0,22686.0,2109.0
2632156,2632157,10.0,1066044,4,2,2,2,-9.0,-9.0,-9.0,7.0,-9.0,-9,0.0,22686.0,2109.0
2632157,2632158,34.0,1066045,1,2,0,2,1.0,12.0,1.0,15.0,4.0,5617Z,12.0,22688.0,2109.0
2632158,2632159,15.0,1066045,2,2,2,2,-9.0,-9.0,-9.0,12.0,-9.0,-9,0.0,22688.0,2109.0
2632159,2632160,11.0,1066045,3,2,2,2,-9.0,-9.0,-9.0,8.0,-9.0,-9,0.0,22688.0,2109.0
2632160,2632161,10.0,1066045,4,2,2,2,-9.0,-9.0,-9.0,7.0,-9.0,-9,0.0,22688.0,2109.0
2632161,2632162,34.0,1066046,1,2,0,2,1.0,12.0,1.0,15.0,4.0,5617Z,12.0,22685.0,2109.0
2632162,2632163,15.0,1066046,2,2,2,2,-9.0,-9.0,-9.0,12.0,-9.0,-9,0.0,22685.0,2109.0
2632163,2632164,11.0,1066046,3,2,2,2,-9.0,-9.0,-9.0,8.0,-9.0,-9,0.0,22685.0,2109.0
2632164,2632165,10.0,1066046,4,2,2,2,-9.0,-9.0,-9.0,7.0,-9.0,-9,0.0,22685.0,2109.0
2632165,2632166,35.0,1066047,1,2,0,2,1.0,24.0,2.0,-9.0,4.0,6231,14.0,22686.0,2109.0
2632166,2632167,16.0,1066047,2,1,2,2,6.0,-9.0,-9.0,12.0,-9.0,-9,0.0,22686.0,2109.0
2632167,2632168,13.0,1066047,3,1,2,2,-9.0,-9.0,-9.0,9.0,-9.0,-9,0.0,22686.0,2109.0
2632168,2632169,4.0,1066047,4,2,2,2,-9.0,-9.0,-9.0,1.0,-9.0,-9,0.0,22686.0,2109.0
2632169,2632170,35.0,1066048,1,2,0,2,1.0,24.0,2.0,-9.0,4.0,6231,14.0,22688.0,2109.0
2632170,2632171,16.0,1066048,2,1,2,2,6.0,-9.0,-9.0,12.0,-9.0,-9,0.0,22688.0,2109.0
2632171,2632172,13.0,1066048,3,1,2,2,-9.0,-9.0,-9.0,9.0,-9.0,-9,0.0,22688.0,2109.0
2632172,2632173,4.0,1066048,4,2,2,2,-9.0,-9.0,-9.0,1.0,-9.0,-9,0.0,22688.0,2109.0
2632173,2632174,35.0,1066049,1,2,0,2,1.0,24.0,2.0,-9.0,4.0,6231,14.0,22688.0,2109.0
2632174,2632175,16.0,1066049,2,1,2,2,6.0,-9.0,-9.0,12.0,-9.0,-9,0.0,22688.0,2109.0
2632175,2632176,13.0,1066049,3,1,2,2,-9.0,-9.0,-9.0,9.0,-9.0,-9,0.0,22688.0,2109.0
2632176,2632177,4.0,1066049,4,2,2,2,-9.0,-9.0,-9.0,1.0,-9.0,-9,0.0,22688.0,2109.0
2632177,2632178,36.0,1066050,1,2,0,2,1.0,55.0,1.0,-9.0,4.0,6216,14.0,22687.0,2109.0
2632178,2632179,12.0,1066050,2,1,2,2,-9.0,-9.0,-9.0,9.0,-9.0,-9,0.0,22687.0,2109.0
2632179,2632180,28.0,1066051,1,2,0,2,1.0,20.0,1.0,-9.0,4.0,622M,15.0,22688.0,2109.0
2632180,2632181,4.0,1066051,2,1,2,2,-9.0,-9.0,-9.0,1.0,-9.0,-9,0.0,22688.0,2109.0
2632181,2632182,36.0,1066052,1,2,0,2,1.0,55.0,1.0,-9.0,4.0,6216,14.0,22688.0,2109.0
2632182,2632183,12.0,1066052,2,1,2,2,-9.0,-9.0,-9.0,9.0,-9.0,-9,0.0,22688.0,2109.0
2632183,2632184,36.0,1066053,1,2,0,2,1.0,55.0,1.0,-9.0,4.0,6216,14.0,22688.0,2109.0
2632184,2632185,12.0,1066053,2,1,2,2,-9.0,-9.0,-9.0,9.0,-9.0,-9,0.0,22688.0,2109.0
2632185,2632186,28.0,1066054,1,2,0,2,1.0,20.0,1.0,-9.0,4.0,622M,15.0,22688.0,2109.0
2632186,2632187,4.0,1066054,2,1,2,2,-9.0,-9.0,-9.0,1.0,-9.0,-9,0.0,22688.0,2109.0
2632187,2632188,42.0,1066055,1,2,0,2,6.0,-9.0,-9.0,-9.0,4.0,-9,0.0,22686.0,2109.0
2632188,2632189,19.0,1066055,2,1,2,2,6.0,40.0,5.0,-9.0,4.0,722Z,16.0,22686.0,2109.0
2632189,2632190,17.0,1066055,3,1,2,2,1.0,12.0,4.0,12.0,4.0,722Z,16.0,22686.0,2109.0
2632190,2632191,15.0,1066055,4,1,2,2,-9.0,-9.0,-9.0,11.0,-9.0,-9,0.0,22686.0,2109.0
2632191,2632192,36.0,1066056,1,2,0,2,3.0,6.0,6.0,-9.0,4.0,4853,6.0,22688.0,2109.0
2632192,2632193,10.0,1066056,2,2,2,2,-9.0,-9.0,-9.0,7.0,-9.0,-9,0.0,22688.0,2109.0
2632193,2632194,66.0,1066056,3,2,6,2,1.0,18.0,5.0,-9.0,4.0,44511,5.0,22688.0,2109.0
2632194,2632195,29.0,1066057,1,2,0,2,6.0,-9.0,-9.0,-9.0,4.0,-9,0.0,22685.0,2109.0
2632195,2632196,5.0,1066057,2,2,2,2,-9.0,-9.0,-9.0,2.0,-9.0,-9,0.0,22685.0,2109.0
2632196,2632197,2.0,1066057,3,2,2,2,-9.0,-9.0,-9.0,-9.0,-9.0,-9,0.0,22685.0,2109.0
2632197,2632198,29.0,1066058,1,2,0,2,6.0,-9.0,-9.0,-9.0,4.0,-9,0.0,22688.0,2109.0
2632198,2632199,5.0,1066058,2,2,2,2,-9.0,-9.0,-9.0,2.0,-9.0,-9,0.0,22688.0,2109.0
2632199,2632200,2.0,1066058,3,2,2,2,-9.0,-9.0,-9.0,-9.0,-9.0,-9,0.0,22688.0,2109.0
2632200,2632201,27.0,1066059,1,2,0,3,1.0,25.0,3.0,16.0,4.0,622M,15.0,22688.0,2109.0
2632201,2632202,33.0,1066059,2,1,1,1,1.0,40.0,1.0,-9.0,4.0,5411,10.0,22688.0,2109.0
2632202,2632203,27.0,1066060,1,2,0,3,1.0,25.0,3.0,16.0,4.0,622M,15.0,22688.0,2109.0
2632203,2632204,33.0,1066060,2,1,1,1,1.0,40.0,1.0,-9.0,4.0,5411,10.0,22688.0,2109.0
2632204,2632205,27.0,1066061,1,2,0,3,1.0,25.0,3.0,16.0,4.0,622M,15.0,22688.0,2109.0
2632205,2632206,33.0,1066061,2,1,1,1,1.0,40.0,1.0,-9.0,4.0,5411,10.0,22688.0,2109.0
2632206,2632207,27.0,1066062,1,2,0,3,1.0,25.0,3.0,16.0,4.0,622M,15.0,22688.0,2109.0
2632207,2632208,33.0,1066062,2,1,1,1,1.0,40.0,1.0,-9.0,4.0,5411,10.0,22688.0,2109.0
2632208,2632209,30.0,1066063,1,1,0,3,1.0,60.0,1.0,15.0,2.0,334M2,3.0,22688.0,2109.0
2632209,2632210,30.0,1066064,1,1,0,3,1.0,60.0,1.0,15.0,2.0,334M2,3.0,22686.0,2109.0
2632210,2632211,30.0,1066065,1,1,0,3,1.0,60.0,1.0,15.0,2.0,334M2,3.0,22685.0,2109.0
2632211,2632212,30.0,1066066,1,1,0,3,1.0,60.0,1.0,15.0,2.0,334M2,3.0,22688.0,2109.0
2632212,2632213,30.0,1066067,1,1,0,3,1.0,60.0,1.0,15.0,2.0,334M2,3.0,22688.0,2109.0
2632213,2632214,30.0,1066068,1,1,0,3,1.0,60.0,1.0,15.0,2.0,334M2,3.0,22688.0,2109.0
2632214,2632215,30.0,1066069,1,1,0,3,1.0,60.0,1.0,15.0,2.0,334M2,3.0,22688.0,2109.0
2632215,2632216,30.0,1066070,1,1,0,3,1.0,60.0,1.0,15.0,2.0,334M2,3.0,22685.0,2109.0
2632216,2632217,30.0,1066071,1,1,0,3,1.0,60.0,1.0,15.0,2.0,334M2,3.0,22688.0,2109.0
2632217,2632218,30.0,1066072,1,1,0,3,1.0,60.0,1.0,15.0,2.0,334M2,3.0,22686.0,2109.0
2632218,2632219,30.0,1066073,1,1,0,3,1.0,60.0,1.0,15.0,2.0,334M2,3.0,22688.0,2109.0
2632219,2632220,30.0,1066074,1,1,0,3,1.0,60.0,1.0,15.0,2.0,334M2,3.0,22687.0,2109.0
2632220,2632221,30.0,1066075,1,1,0,3,1.0,60.0,1.0,15.0,2.0,334M2,3.0,22688.0,2109.0
2632221,2632222,30.0,1066076,1,1,0,3,1.0,60.0,1.0,15.0,2.0,334M2,3.0,22688.0,2109.0
2632222,2632223,30.0,1066077,1,1,0,3,1.0,60.0,1.0,15.0,2.0,334M2,3.0,22688.0,2109.0
2632223,2632224,26.0,1066078,1,1,0,3,1.0,50.0,6.0,-9.0,4.0,5413,10.0,22688.0,2109.0
2632224,2632225,26.0,1066079,1,1,0,3,1.0,50.0,6.0,-9.0,4.0,5413,10.0,22688.0,2109.0
2632225,2632226,26.0,1066080,1,1,0,3,1.0,50.0,6.0,-9.0,4.0,5413,10.0,22688.0,2109.0
2632226,2632227,26.0,1066081,1,1,0,3,1.0,50.0,6.0,-9.0,4.0,5413,10.0,22688.0,2109.0
2632227,2632228,26.0,1066082,1,1,0,3,1.0,50.0,6.0,-9.0,4.0,5413,10.0,22685.0,2109.0
2632228,2632229,33.0,1066083,1,2,0,3,1.0,50.0,1.0,-9.0,4.0,5417,10.0,22688.0,2109.0
2632229,2632230,33.0,1066083,2,1,1,3,1.0,40.0,1.0,-9.0,4.0,3115,3.0,22688.0,2109.0
2632230,2632231,35.0,1066084,1,2,0,3,1.0,37.0,1.0,-9.0,4.0,722Z,16.0,22688.0,2109.0
2632231,2632232,35.0,1066085,1,2,0,3,1.0,37.0,1.0,-9.0,4.0,722Z,16.0,22688.0,2109.0
2632232,2632233,35.0,1066086,1,2,0,3,1.0,37.0,1.0,-9.0,4.0,722Z,16.0,22687.0,2109.0
2632233,2632234,35.0,1066087,1,2,0,3,1.0,37.0,1.0,-9.0,4.0,722Z,16.0,22686.0,2109.0
2632234,2632235,35.0,1066088,1,2,0,3,1.0,37.0,1.0,-9.0,4.0,722Z,16.0,22688.0,2109.0
2632235,2632236,35.0,1066089,1,2,0,3,1.0,37.0,1.0,-9.0,4.0,722Z,16.0,22688.0,2109.0
2632236,2632237,35.0,1066090,1,2,0,3,1.0,37.0,1.0,-9.0,4.0,722Z,16.0,22685.0,2109.0
2632237,2632238,35.0,1066091,1,2,0,3,1.0,37.0,1.0,-9.0,4.0,722Z,16.0,22685.0,2109.0
2632238,2632239,35.0,1066092,1,2,0,3,1.0,37.0,1.0,-9.0,4.0,722Z,16.0,22685.0,2109.0
2632239,2632240,35.0,1066093,1,2,0,3,1.0,37.0,1.0,-9.0,4.0,722Z,16.0,22688.0,2109.0
2632240,2632241,35.0,1066094,1,2,0,3,1.0,37.0,1.0,-9.0,4.0,722Z,16.0,22685.0,2109.0
2632241,2632242,35.0,1066095,1,2,0,3,1.0,37.0,1.0,-9.0,4.0,722Z,16.0,22688.0,2109.0
2632242,2632243,35.0,1066096,1,2,0,3,1.0,37.0,1.0,-9.0,4.0,722Z,16.0,22688.0,2109.0
2632243,2632244,35.0,1066097,1,2,0,3,1.0,37.0,1.0,-9.0,4.0,722Z,16.0,22688.0,2109.0
2632244,2632245,35.0,1066098,1,2,0,3,1.0,37.0,1.0,-9.0,4.0,722Z,16.0,22688.0,2109.0
2632245,2632246,35.0,1066099,1,2,0,3,1.0,37.0,1.0,-9.0,4.0,722Z,16.0,22688.0,2109.0
2632246,2632247,35.0,1066100,1,2,0,3,1.0,37.0,1.0,-9.0,4.0,722Z,16.0,22685.0,2109.0
2632247,2632248,25.0,1066101,1,2,0,3,1.0,45.0,1.0,-9.0,4.0,5415,10.0,22686.0,2109.0
2632248,2632249,25.0,1066102,1,2,0,3,1.0,45.0,1.0,-9.0,4.0,5415,10.0,22688.0,2109.0
2632249,2632250,25.0,1066103,1,2,0,3,1.0,45.0,1.0,-9.0,4.0,5415,10.0,22686.0,2109.0
2632250,2632251,25.0,1066104,1,2,0,3,1.0,45.0,1.0,-9.0,4.0,5415,10.0,22688.0,2109.0
2632251,2632252,25.0,1066105,1,2,0,3,1.0,45.0,1.0,-9.0,4.0,5415,10.0,22688.0,2109.0
2632252,2632253,40.0,1066106,1,1,0,3,1.0,40.0,1.0,15.0,4.0,622M,15.0,22686.0,2109.0
2632253,2632254,40.0,1066107,1,1,0,3,1.0,40.0,1.0,15.0,4.0,622M,15.0,22688.0,2109.0
2632254,2632255,40.0,1066108,1,1,0,3,1.0,40.0,1.0,15.0,4.0,622M,15.0,22688.0,2109.0
2632255,2632256,40.0,1066109,1,1,0,3,1.0,40.0,1.0,15.0,4.0,622M,15.0,22688.0,2109.0
2632256,2632257,40.0,1066110,1,1,0,3,1.0,40.0,1.0,15.0,4.0,622M,15.0,22688.0,2109.0
2632257,2632258,40.0,1066111,1,1,0,3,1.0,40.0,1.0,15.0,4.0,622M,15.0,22688.0,2109.0
2632258,2632259,40.0,1066112,1,1,0,3,1.0,40.0,1.0,15.0,4.0,622M,15.0,22688.0,2109.0
2632259,2632260,40.0,1066113,1,1,0,3,1.0,40.0,1.0,15.0,4.0,622M,15.0,22686.0,2109.0
2632260,2632261,40.0,1066114,1,1,0,3,1.0,40.0,1.0,15.0,4.0,622M,15.0,22688.0,2109.0
2632261,2632262,40.0,1066115,1,1,0,3,1.0,40.0,1.0,15.0,4.0,622M,15.0,22688.0,2109.0
2632262,2632263,40.0,1066116,1,1,0,3,1.0,40.0,1.0,15.0,4.0,622M,15.0,22686.0,2109.0
2632263,2632264,40.0,1066117,1,1,0,3,1.0,40.0,1.0,15.0,4.0,622M,15.0,22688.0,2109.0
2632264,2632265,40.0,1066118,1,1,0,3,1.0,40.0,1.0,15.0,4.0,622M,15.0,22685.0,2109.0
2632265,2632266,28.0,1066119,1,1,0,3,1.0,50.0,1.0,-9.0,4.0,56173,12.0,22686.0,2109.0
2632266,2632267,28.0,1066120,1,1,0,3,1.0,50.0,1.0,-9.0,4.0,56173,12.0,22687.0,2109.0
2632267,2632268,28.0,1066121,1,1,0,3,1.0,50.0,1.0,-9.0,4.0,56173,12.0,22688.0,2109.0
2632268,2632269,28.0,1066122,1,1,0,3,1.0,50.0,1.0,-9.0,4.0,56173,12.0,22688.0,2109.0
2632269,2632270,28.0,1066123,1,1,0,3,1.0,50.0,1.0,-9.0,4.0,56173,12.0,22688.0,2109.0
2632270,2632271,28.0,1066124,1,1,0,3,1.0,50.0,1.0,-9.0,4.0,56173,12.0,22688.0,2109.0
2632271,2632272,28.0,1066125,1,1,0,3,1.0,50.0,1.0,-9.0,4.0,56173,12.0,22688.0,2109.0
2632272,2632273,28.0,1066126,1,1,0,3,1.0,50.0,1.0,-9.0,4.0,56173,12.0,22685.0,2109.0
2632273,2632274,31.0,1066127,1,1,0,3,1.0,40.0,1.0,15.0,4.0,325M,3.0,22688.0,2109.0
2632274,2632275,31.0,1066128,1,1,0,3,1.0,40.0,1.0,15.0,4.0,325M,3.0,22688.0,2109.0
2632275,2632276,31.0,1066129,1,1,0,3,1.0,40.0,1.0,15.0,4.0,325M,3.0,22688.0,2109.0
2632276,2632277,31.0,1066130,1,1,0,3,1.0,40.0,1.0,15.0,4.0,325M,3.0,22688.0,2109.0
2632277,2632278,31.0,1066131,1,1,0,3,1.0,40.0,1.0,15.0,4.0,325M,3.0,22688.0,2109.0
2632278,2632279,31.0,1066132,1,1,0,3,1.0,40.0,1.0,15.0,4.0,325M,3.0,22688.0,2109.0
2632279,2632280,31.0,1066133,1,1,0,3,1.0,40.0,1.0,15.0,4.0,325M,3.0,22688.0,2109.0
2632280,2632281,31.0,1066134,1,1,0,3,1.0,40.0,1.0,15.0,4.0,325M,3.0,22688.0,2109.0
2632281,2632282,31.0,1066135,1,1,0,3,1.0,40.0,1.0,15.0,4.0,325M,3.0,22688.0,2109.0
2632282,2632283,31.0,1066136,1,1,0,3,1.0,40.0,1.0,15.0,4.0,325M,3.0,22688.0,2109.0
2632283,2632284,31.0,1066137,1,1,0,3,1.0,40.0,1.0,15.0,4.0,325M,3.0,22686.0,2109.0
2632284,2632285,31.0,1066138,1,1,0,3,1.0,40.0,1.0,15.0,4.0,325M,3.0,22688.0,2109.0
2632285,2632286,31.0,1066139,1,1,0,3,1.0,40.0,1.0,15.0,4.0,325M,3.0,22688.0,2109.0
2632286,2632287,31.0,1066140,1,1,0,3,1.0,40.0,1.0,15.0,4.0,325M,3.0,22688.0,2109.0
2632287,2632288,31.0,1066141,1,1,0,3,1.0,40.0,1.0,15.0,4.0,325M,3.0,22688.0,2109.0
2632288,2632289,35.0,1066142,1,1,0,3,1.0,40.0,1.0,-9.0,4.0,814,17.0,22688.0,2109.0
2632289,2632290,36.0,1066142,2,2,1,3,1.0,40.0,1.0,-9.0,4.0,814,17.0,22688.0,2109.0
2632290,2632291,10.0,1066142,3,2,2,3,-9.0,-9.0,-9.0,6.0,-9.0,-9,0.0,22688.0,2109.0
2632291,2632292,9.0,1066142,4,2,2,3,-9.0,-9.0,-9.0,5.0,-9.0,-9,0.0,22688.0,2109.0
2632292,2632293,2.0,1066142,5,2,2,3,-9.0,-9.0,-9.0,-9.0,-9.0,-9,0.0,22688.0,2109.0
2632293,2632294,25.0,1066143,1,1,0,3,1.0,52.0,1.0,-9.0,4.0,5121,8.0,22686.0,2109.0
2632294,2632295,4.0,1066143,2,1,2,3,-9.0,-9.0,-9.0,-9.0,-9.0,-9,0.0,22686.0,2109.0
2632295,2632296,25.0,1066144,1,1,0,3,1.0,52.0,1.0,-9.0,4.0,5121,8.0,22688.0,2109.0
2632296,2632297,4.0,1066144,2,1,2,3,-9.0,-9.0,-9.0,-9.0,-9.0,-9,0.0,22688.0,2109.0
2632297,2632298,25.0,1066145,1,1,0,3,1.0,52.0,1.0,-9.0,4.0,5121,8.0,22688.0,2109.0
2632298,2632299,4.0,1066145,2,1,2,3,-9.0,-9.0,-9.0,-9.0,-9.0,-9,0.0,22688.0,2109.0
2632299,2632300,25.0,1066146,1,1,0,3,1.0,52.0,1.0,-9.0,4.0,5121,8.0,22686.0,2109.0
2632300,2632301,4.0,1066146,2,1,2,3,-9.0,-9.0,-9.0,-9.0,-9.0,-9,0.0,22686.0,2109.0
2632301,2632302,28.0,1066147,1,1,0,1,1.0,40.0,1.0,-9.0,4.0,44511,5.0,22688.0,2109.0
2632302,2632303,23.0,1066147,2,1,15,1,1.0,24.0,2.0,15.0,4.0,442,5.0,22688.0,2109.0
2632303,2632304,20.0,1066147,3,1,15,2,1.0,16.0,1.0,15.0,4.0,611M1,13.0,22688.0,2109.0
2632304,2632305,28.0,1066148,1,1,0,1,1.0,40.0,1.0,-9.0,4.0,44511,5.0,22686.0,2109.0
2632305,2632306,23.0,1066148,2,1,15,1,1.0,24.0,2.0,15.0,4.0,442,5.0,22686.0,2109.0
2632306,2632307,20.0,1066148,3,1,15,2,1.0,16.0,1.0,15.0,4.0,611M1,13.0,22686.0,2109.0
2632307,2632308,28.0,1066149,1,1,0,1,1.0,40.0,1.0,-9.0,4.0,44511,5.0,22686.0,2109.0
2632308,2632309,23.0,1066149,2,1,15,1,1.0,24.0,2.0,15.0,4.0,442,5.0,22686.0,2109.0
2632309,2632310,20.0,1066149,3,1,15,2,1.0,16.0,1.0,15.0,4.0,611M1,13.0,22686.0,2109.0
2632310,2632311,28.0,1066150,1,1,0,1,1.0,40.0,1.0,-9.0,4.0,44511,5.0,22687.0,2109.0
2632311,2632312,23.0,1066150,2,1,15,1,1.0,24.0,2.0,15.0,4.0,442,5.0,22687.0,2109.0
2632312,2632313,20.0,1066150,3,1,15,2,1.0,16.0,1.0,15.0,4.0,611M1,13.0,22687.0,2109.0
2632313,2632314,28.0,1066151,1,1,0,1,1.0,40.0,1.0,-9.0,4.0,44511,5.0,22688.0,2109.0
2632314,2632315,23.0,1066151,2,1,15,1,1.0,24.0,2.0,15.0,4.0,442,5.0,22688.0,2109.0
2632315,2632316,20.0,1066151,3,1,15,2,1.0,16.0,1.0,15.0,4.0,611M1,13.0,22688.0,2109.0
2632316,2632317,28.0,1066152,1,1,0,1,1.0,40.0,1.0,-9.0,4.0,44511,5.0,22688.0,2109.0
2632317,2632318,23.0,1066152,2,1,15,1,1.0,24.0,2.0,15.0,4.0,442,5.0,22688.0,2109.0
2632318,2632319,20.0,1066152,3,1,15,2,1.0,16.0,1.0,15.0,4.0,611M1,13.0,22688.0,2109.0
2632319,2632320,28.0,1066153,1,1,0,1,1.0,40.0,1.0,-9.0,4.0,44511,5.0,22686.0,2109.0
2632320,2632321,23.0,1066153,2,1,15,1,1.0,24.0,2.0,15.0,4.0,442,5.0,22686.0,2109.0
2632321,2632322,20.0,1066153,3,1,15,2,1.0,16.0,1.0,15.0,4.0,611M1,13.0,22686.0,2109.0
2632322,2632323,28.0,1066154,1,1,0,1,1.0,40.0,1.0,-9.0,4.0,44511,5.0,22688.0,2109.0
2632323,2632324,23.0,1066154,2,1,15,1,1.0,24.0,2.0,15.0,4.0,442,5.0,22688.0,2109.0
2632324,2632325,20.0,1066154,3,1,15,2,1.0,16.0,1.0,15.0,4.0,611M1,13.0,22688.0,2109.0
2632325,2632326,28.0,1066155,1,1,0,1,1.0,40.0,1.0,-9.0,4.0,44511,5.0,22688.0,2109.0
2632326,2632327,23.0,1066155,2,1,15,1,1.0,24.0,2.0,15.0,4.0,442,5.0,22688.0,2109.0
2632327,2632328,20.0,1066155,3,1,15,2,1.0,16.0,1.0,15.0,4.0,611M1,13.0,22688.0,2109.0
2632328,2632329,28.0,1066156,1,1,0,1,1.0,40.0,1.0,-9.0,4.0,44511,5.0,22685.0,2109.0
2632329,2632330,23.0,1066156,2,1,15,1,1.0,24.0,2.0,15.0,4.0,442,5.0,22685.0,2109.0
2632330,2632331,20.0,1066156,3,1,15,2,1.0,16.0,1.0,15.0,4.0,611M1,13.0,22685.0,2109.0
2632331,2632332,28.0,1066157,1,1,0,1,1.0,40.0,1.0,-9.0,4.0,44511,5.0,22688.0,2109.0
2632332,2632333,23.0,1066157,2,1,15,1,1.0,24.0,2.0,15.0,4.0,442,5.0,22688.0,2109.0
2632333,2632334,20.0,1066157,3,1,15,2,1.0,16.0,1.0,15.0,4.0,611M1,13.0,22688.0,2109.0
2632334,2632335,28.0,1066158,1,1,0,1,1.0,40.0,1.0,-9.0,4.0,44511,5.0,22688.0,2109.0
2632335,2632336,23.0,1066158,2,1,15,1,1.0,24.0,2.0,15.0,4.0,442,5.0,22688.0,2109.0
2632336,2632337,20.0,1066158,3,1,15,2,1.0,16.0,1.0,15.0,4.0,611M1,13.0,22688.0,2109.0
2632337,2632338,28.0,1066159,1,1,0,1,1.0,40.0,1.0,-9.0,4.0,44511,5.0,22685.0,2109.0
2632338,2632339,23.0,1066159,2,1,15,1,1.0,24.0,2.0,15.0,4.0,442,5.0,22685.0,2109.0
2632339,2632340,20.0,1066159,3,1,15,2,1.0,16.0,1.0,15.0,4.0,611M1,13.0,22685.0,2109.0
2632340,2632341,28.0,1066160,1,1,0,1,1.0,40.0,1.0,-9.0,4.0,44511,5.0,22686.0,2109.0
2632341,2632342,23.0,1066160,2,1,15,1,1.0,24.0,2.0,15.0,4.0,442,5.0,22686.0,2109.0
2632342,2632343,20.0,1066160,3,1,15,2,1.0,16.0,1.0,15.0,4.0,611M1,13.0,22686.0,2109.0
2632343,2632344,28.0,1066161,1,1,0,1,1.0,40.0,1.0,-9.0,4.0,44511,5.0,22688.0,2109.0
2632344,2632345,23.0,1066161,2,1,15,1,1.0,24.0,2.0,15.0,4.0,442,5.0,22688.0,2109.0
2632345,2632346,20.0,1066161,3,1,15,2,1.0,16.0,1.0,15.0,4.0,611M1,13.0,22688.0,2109.0
2632346,2632347,28.0,1066162,1,1,0,1,1.0,40.0,1.0,-9.0,4.0,44511,5.0,22688.0,2109.0
2632347,2632348,23.0,1066162,2,1,15,1,1.0,24.0,2.0,15.0,4.0,442,5.0,22688.0,2109.0
2632348,2632349,20.0,1066162,3,1,15,2,1.0,16.0,1.0,15.0,4.0,611M1,13.0,22688.0,2109.0
2632349,2632350,28.0,1066163,1,1,0,1,1.0,40.0,1.0,-9.0,4.0,44511,5.0,22686.0,2109.0
2632350,2632351,23.0,1066163,2,1,15,1,1.0,24.0,2.0,15.0,4.0,442,5.0,22686.0,2109.0
2632351,2632352,20.0,1066163,3,1,15,2,1.0,16.0,1.0,15.0,4.0,611M1,13.0,22686.0,2109.0
2632352,2632353,28.0,1066164,1,1,0,1,1.0,40.0,1.0,-9.0,4.0,44511,5.0,22686.0,2109.0
2632353,2632354,23.0,1066164,2,1,15,1,1.0,24.0,2.0,15.0,4.0,442,5.0,22686.0,2109.0
2632354,2632355,20.0,1066164,3,1,15,2,1.0,16.0,1.0,15.0,4.0,611M1,13.0,22686.0,2109.0
2632355,2632356,28.0,1066165,1,1,0,1,1.0,40.0,1.0,-9.0,4.0,44511,5.0,22685.0,2109.0
2632356,2632357,23.0,1066165,2,1,15,1,1.0,24.0,2.0,15.0,4.0,442,5.0,22685.0,2109.0
2632357,2632358,20.0,1066165,3,1,15,2,1.0,16.0,1.0,15.0,4.0,611M1,13.0,22685.0,2109.0
2632358,2632359,28.0,1066166,1,1,0,1,1.0,40.0,1.0,-9.0,4.0,44511,5.0,22688.0,2109.0
2632359,2632360,23.0,1066166,2,1,15,1,1.0,24.0,2.0,15.0,4.0,442,5.0,22688.0,2109.0
2632360,2632361,20.0,1066166,3,1,15,2,1.0,16.0,1.0,15.0,4.0,611M1,13.0,22688.0,2109.0
2632361,2632362,28.0,1066167,1,1,0,1,1.0,40.0,1.0,-9.0,4.0,44511,5.0,22685.0,2109.0
2632362,2632363,23.0,1066167,2,1,15,1,1.0,24.0,2.0,15.0,4.0,442,5.0,22685.0,2109.0
2632363,2632364,20.0,1066167,3,1,15,2,1.0,16.0,1.0,15.0,4.0,611M1,13.0,22685.0,2109.0
2632364,2632365,28.0,1066168,1,1,0,1,1.0,40.0,1.0,-9.0,4.0,44511,5.0,22688.0,2109.0
2632365,2632366,23.0,1066168,2,1,15,1,1.0,24.0,2.0,15.0,4.0,442,5.0,22688.0,2109.0
2632366,2632367,20.0,1066168,3,1,15,2,1.0,16.0,1.0,15.0,4.0,611M1,13.0,22688.0,2109.0
2632367,2632368,28.0,1066169,1,1,0,1,1.0,40.0,1.0,-9.0,4.0,44511,5.0,22688.0,2109.0
2632368,2632369,23.0,1066169,2,1,15,1,1.0,24.0,2.0,15.0,4.0,442,5.0,22688.0,2109.0
2632369,2632370,20.0,1066169,3,1,15,2,1.0,16.0,1.0,15.0,4.0,611M1,13.0,22688.0,2109.0
2632370,2632371,28.0,1066170,1,1,0,1,1.0,40.0,1.0,-9.0,4.0,44511,5.0,22688.0,2109.0
2632371,2632372,23.0,1066170,2,1,15,1,1.0,24.0,2.0,15.0,4.0,442,5.0,22688.0,2109.0
2632372,2632373,20.0,1066170,3,1,15,2,1.0,16.0,1.0,15.0,4.0,611M1,13.0,22688.0,2109.0
2632373,2632374,28.0,1066171,1,1,0,1,1.0,40.0,1.0,-9.0,4.0,44511,5.0,22688.0,2109.0
2632374,2632375,23.0,1066171,2,1,15,1,1.0,24.0,2.0,15.0,4.0,442,5.0,22688.0,2109.0
2632375,2632376,20.0,1066171,3,1,15,2,1.0,16.0,1.0,15.0,4.0,611M1,13.0,22688.0,2109.0
2632376,2632377,28.0,1066172,1,1,0,1,1.0,40.0,1.0,-9.0,4.0,44511,5.0,22688.0,2109.0
2632377,2632378,23.0,1066172,2,1,15,1,1.0,24.0,2.0,15.0,4.0,442,5.0,22688.0,2109.0
2632378,2632379,20.0,1066172,3,1,15,2,1.0,16.0,1.0,15.0,4.0,611M1,13.0,22688.0,2109.0
2632379,2632380,28.0,1066173,1,1,0,1,1.0,40.0,1.0,-9.0,4.0,44511,5.0,22688.0,2109.0
2632380,2632381,23.0,1066173,2,1,15,1,1.0,24.0,2.0,15.0,4.0,442,5.0,22688.0,2109.0
2632381,2632382,20.0,1066173,3,1,15,2,1.0,16.0,1.0,15.0,4.0,611M1,13.0,22688.0,2109.0
2632382,2632383,28.0,1066174,1,1,0,1,1.0,40.0,1.0,-9.0,4.0,44511,5.0,22688.0,2109.0
2632383,2632384,23.0,1066174,2,1,15,1,1.0,24.0,2.0,15.0,4.0,442,5.0,22688.0,2109.0
2632384,2632385,20.0,1066174,3,1,15,2,1.0,16.0,1.0,15.0,4.0,611M1,13.0,22688.0,2109.0
2632385,2632386,28.0,1066175,1,1,0,1,1.0,40.0,1.0,-9.0,4.0,44511,5.0,22688.0,2109.0
2632386,2632387,23.0,1066175,2,1,15,1,1.0,24.0,2.0,15.0,4.0,442,5.0,22688.0,2109.0
2632387,2632388,20.0,1066175,3,1,15,2,1.0,16.0,1.0,15.0,4.0,611M1,13.0,22688.0,2109.0
2632388,2632389,28.0,1066176,1,1,0,1,1.0,40.0,1.0,-9.0,4.0,44511,5.0,22688.0,2109.0
2632389,2632390,23.0,1066176,2,1,15,1,1.0,24.0,2.0,15.0,4.0,442,5.0,22688.0,2109.0
2632390,2632391,20.0,1066176,3,1,15,2,1.0,16.0,1.0,15.0,4.0,611M1,13.0,22688.0,2109.0
2632391,2632392,28.0,1066177,1,1,0,1,1.0,40.0,1.0,-9.0,4.0,44511,5.0,22688.0,2109.0
2632392,2632393,23.0,1066177,2,1,15,1,1.0,24.0,2.0,15.0,4.0,442,5.0,22688.0,2109.0
2632393,2632394,20.0,1066177,3,1,15,2,1.0,16.0,1.0,15.0,4.0,611M1,13.0,22688.0,2109.0
2632394,2632395,28.0,1066178,1,1,0,1,1.0,40.0,1.0,-9.0,4.0,44511,5.0,22688.0,2109.0
2632395,2632396,23.0,1066178,2,1,15,1,1.0,24.0,2.0,15.0,4.0,442,5.0,22688.0,2109.0
2632396,2632397,20.0,1066178,3,1,15,2,1.0,16.0,1.0,15.0,4.0,611M1,13.0,22688.0,2109.0
2632397,2632398,28.0,1066179,1,1,0,1,1.0,40.0,1.0,-9.0,4.0,44511,5.0,22688.0,2109.0
2632398,2632399,23.0,1066179,2,1,15,1,1.0,24.0,2.0,15.0,4.0,442,5.0,22688.0,2109.0
2632399,2632400,20.0,1066179,3,1,15,2,1.0,16.0,1.0,15.0,4.0,611M1,13.0,22688.0,2109.0
2632400,2632401,28.0,1066180,1,1,0,1,1.0,40.0,1.0,-9.0,4.0,44511,5.0,22688.0,2109.0
2632401,2632402,23.0,1066180,2,1,15,1,1.0,24.0,2.0,15.0,4.0,442,5.0,22688.0,2109.0
2632402,2632403,20.0,1066180,3,1,15,2,1.0,16.0,1.0,15.0,4.0,611M1,13.0,22688.0,2109.0
2632403,2632404,28.0,1066181,1,1,0,1,1.0,40.0,1.0,-9.0,4.0,44511,5.0,22688.0,2109.0
2632404,2632405,23.0,1066181,2,1,15,1,1.0,24.0,2.0,15.0,4.0,442,5.0,22688.0,2109.0
2632405,2632406,20.0,1066181,3,1,15,2,1.0,16.0,1.0,15.0,4.0,611M1,13.0,22688.0,2109.0
2632406,2632407,28.0,1066182,1,1,0,1,1.0,40.0,1.0,-9.0,4.0,44511,5.0,22688.0,2109.0
2632407,2632408,23.0,1066182,2,1,15,1,1.0,24.0,2.0,15.0,4.0,442,5.0,22688.0,2109.0
2632408,2632409,20.0,1066182,3,1,15,2,1.0,16.0,1.0,15.0,4.0,611M1,13.0,22688.0,2109.0
2632409,2632410,28.0,1066183,1,1,0,1,1.0,40.0,1.0,-9.0,4.0,44511,5.0,22688.0,2109.0
2632410,2632411,23.0,1066183,2,1,15,1,1.0,24.0,2.0,15.0,4.0,442,5.0,22688.0,2109.0
2632411,2632412,20.0,1066183,3,1,15,2,1.0,16.0,1.0,15.0,4.0,611M1,13.0,22688.0,2109.0
2632412,2632413,28.0,1066184,1,1,0,1,1.0,40.0,1.0,-9.0,4.0,44511,5.0,22688.0,2109.0
2632413,2632414,23.0,1066184,2,1,15,1,1.0,24.0,2.0,15.0,4.0,442,5.0,22688.0,2109.0
2632414,2632415,20.0,1066184,3,1,15,2,1.0,16.0,1.0,15.0,4.0,611M1,13.0,22688.0,2109.0
2632415,2632416,28.0,1066185,1,1,0,1,1.0,40.0,1.0,-9.0,4.0,44511,5.0,22688.0,2109.0
2632416,2632417,23.0,1066185,2,1,15,1,1.0,24.0,2.0,15.0,4.0,442,5.0,22688.0,2109.0
2632417,2632418,20.0,1066185,3,1,15,2,1.0,16.0,1.0,15.0,4.0,611M1,13.0,22688.0,2109.0
2632418,2632419,40.0,1066186,1,1,0,1,1.0,40.0,1.0,16.0,4.0,611M1,13.0,22687.0,2109.0
2632419,2632420,35.0,1066186,2,2,13,1,1.0,50.0,1.0,-9.0,4.0,622M,15.0,22687.0,2109.0
2632420,2632421,30.0,1066187,1,1,0,1,1.0,50.0,4.0,-9.0,4.0,6212,14.0,22687.0,2109.0
2632421,2632422,42.0,1066188,1,1,0,1,1.0,40.0,1.0,-9.0,2.0,3261,3.0,22688.0,2109.0
2632422,2632423,22.0,1066188,2,1,10,1,1.0,50.0,1.0,15.0,4.0,3327,3.0,22688.0,2109.0
2632423,2632424,42.0,1066189,1,1,0,1,1.0,40.0,1.0,-9.0,2.0,3261,3.0,22688.0,2109.0
2632424,2632425,22.0,1066189,2,1,10,1,1.0,50.0,1.0,15.0,4.0,3327,3.0,22688.0,2109.0
2632425,2632426,42.0,1066190,1,1,0,1,1.0,40.0,1.0,-9.0,2.0,3261,3.0,22688.0,2109.0
2632426,2632427,22.0,1066190,2,1,10,1,1.0,50.0,1.0,15.0,4.0,3327,3.0,22688.0,2109.0
2632427,2632428,42.0,1066191,1,1,0,1,1.0,40.0,1.0,-9.0,2.0,3261,3.0,22688.0,2109.0
2632428,2632429,22.0,1066191,2,1,10,1,1.0,50.0,1.0,15.0,4.0,3327,3.0,22688.0,2109.0
2632429,2632430,42.0,1066192,1,1,0,1,1.0,40.0,1.0,-9.0,2.0,3261,3.0,22688.0,2109.0
2632430,2632431,22.0,1066192,2,1,10,1,1.0,50.0,1.0,15.0,4.0,3327,3.0,22688.0,2109.0
2632431,2632432,42.0,1066193,1,1,0,1,1.0,40.0,1.0,-9.0,2.0,3261,3.0,22688.0,2109.0
2632432,2632433,22.0,1066193,2,1,10,1,1.0,50.0,1.0,15.0,4.0,3327,3.0,22688.0,2109.0
2632433,2632434,42.0,1066194,1,1,0,1,1.0,40.0,1.0,-9.0,2.0,3261,3.0,22688.0,2109.0
2632434,2632435,22.0,1066194,2,1,10,1,1.0,50.0,1.0,15.0,4.0,3327,3.0,22688.0,2109.0
2632435,2632436,42.0,1066195,1,1,0,1,1.0,40.0,1.0,-9.0,2.0,3261,3.0,22688.0,2109.0
2632436,2632437,22.0,1066195,2,1,10,1,1.0,50.0,1.0,15.0,4.0,3327,3.0,22688.0,2109.0
2632437,2632438,42.0,1066196,1,1,0,1,1.0,40.0,1.0,-9.0,2.0,3261,3.0,22688.0,2109.0
2632438,2632439,22.0,1066196,2,1,10,1,1.0,50.0,1.0,15.0,4.0,3327,3.0,22688.0,2109.0
2632439,2632440,42.0,1066197,1,1,0,1,1.0,40.0,1.0,-9.0,2.0,3261,3.0,22685.0,2109.0
2632440,2632441,22.0,1066197,2,1,10,1,1.0,50.0,1.0,15.0,4.0,3327,3.0,22685.0,2109.0
2632441,2632442,42.0,1066198,1,1,0,1,1.0,40.0,1.0,-9.0,2.0,3261,3.0,22686.0,2109.0
2632442,2632443,22.0,1066198,2,1,10,1,1.0,50.0,1.0,15.0,4.0,3327,3.0,22686.0,2109.0
2632443,2632444,42.0,1066199,1,1,0,1,1.0,40.0,1.0,-9.0,2.0,3261,3.0,22688.0,2109.0
2632444,2632445,22.0,1066199,2,1,10,1,1.0,50.0,1.0,15.0,4.0,3327,3.0,22688.0,2109.0
2632445,2632446,42.0,1066200,1,1,0,1,1.0,40.0,1.0,-9.0,2.0,3261,3.0,22685.0,2109.0
2632446,2632447,22.0,1066200,2,1,10,1,1.0,50.0,1.0,15.0,4.0,3327,3.0,22685.0,2109.0
2632447,2632448,42.0,1066201,1,1,0,1,1.0,40.0,1.0,-9.0,2.0,3261,3.0,22688.0,2109.0
2632448,2632449,22.0,1066201,2,1,10,1,1.0,50.0,1.0,15.0,4.0,3327,3.0,22688.0,2109.0
2632449,2632450,42.0,1066202,1,1,0,1,1.0,40.0,1.0,-9.0,2.0,3261,3.0,22685.0,2109.0
2632450,2632451,22.0,1066202,2,1,10,1,1.0,50.0,1.0,15.0,4.0,3327,3.0,22685.0,2109.0
2632451,2632452,33.0,1066203,1,2,0,1,1.0,40.0,1.0,-9.0,4.0,611M1,13.0,22688.0,2109.0
2632452,2632453,39.0,1066204,1,2,0,1,1.0,50.0,1.0,-9.0,4.0,6111,13.0,22688.0,2109.0
2632453,2632454,33.0,1066205,1,2,0,1,1.0,40.0,1.0,-9.0,4.0,611M1,13.0,22688.0,2109.0
2632454,2632455,39.0,1066206,1,2,0,1,1.0,50.0,1.0,-9.0,4.0,6111,13.0,22686.0,2109.0
2632455,2632456,33.0,1066207,1,2,0,1,1.0,36.0,1.0,-9.0,4.0,622M,15.0,22688.0,2109.0
2632456,2632457,33.0,1066208,1,2,0,1,1.0,40.0,1.0,-9.0,4.0,611M1,13.0,22688.0,2109.0
2632457,2632458,33.0,1066209,1,2,0,1,1.0,40.0,1.0,-9.0,4.0,611M1,13.0,22686.0,2109.0
2632458,2632459,44.0,1066210,1,2,0,1,1.0,36.0,1.0,-9.0,4.0,611M1,13.0,22688.0,2109.0
2632459,2632460,39.0,1066211,1,2,0,1,1.0,50.0,1.0,-9.0,4.0,6111,13.0,22685.0,2109.0
2632460,2632461,44.0,1066212,1,2,0,1,1.0,36.0,1.0,-9.0,4.0,611M1,13.0,22687.0,2109.0
2632461,2632462,25.0,1066213,1,2,0,1,1.0,32.0,1.0,-9.0,4.0,6231,14.0,22688.0,2109.0
2632462,2632463,34.0,1066214,1,2,0,1,1.0,40.0,1.0,-9.0,4.0,622M,15.0,22688.0,2109.0
2632463,2632464,35.0,1066215,1,1,0,1,1.0,45.0,3.0,-9.0,4.0,621M,14.0,22686.0,2109.0
2632464,2632465,34.0,1066216,1,1,0,1,1.0,50.0,1.0,-9.0,4.0,611M3,13.0,22688.0,2109.0
2632465,2632466,35.0,1066217,1,1,0,1,1.0,45.0,3.0,-9.0,4.0,621M,14.0,22688.0,2109.0
2632466,2632467,27.0,1066218,1,1,0,1,1.0,45.0,1.0,-9.0,4.0,5417,10.0,22688.0,2109.0
2632467,2632468,31.0,1066219,1,1,0,1,1.0,40.0,1.0,-9.0,4.0,5413,10.0,22688.0,2109.0
2632468,2632469,42.0,1066220,1,1,0,1,1.0,40.0,1.0,-9.0,4.0,5417,10.0,22688.0,2109.0
2632469,2632470,27.0,1066221,1,1,0,1,1.0,45.0,1.0,-9.0,4.0,5417,10.0,22688.0,2109.0
2632470,2632471,36.0,1066222,1,1,0,1,1.0,48.0,1.0,-9.0,4.0,44511,5.0,22688.0,2109.0
2632471,2632472,36.0,1066223,1,1,0,1,1.0,48.0,1.0,-9.0,4.0,44511,5.0,22688.0,2109.0
2632472,2632473,36.0,1066224,1,1,0,1,1.0,48.0,1.0,-9.0,4.0,44511,5.0,22688.0,2109.0
2632473,2632474,34.0,1066225,1,2,0,1,3.0,-9.0,-9.0,-9.0,4.0,999920,0.0,22688.0,2109.0
2632474,2632475,35.0,1066225,2,2,15,1,1.0,40.0,1.0,-9.0,4.0,44512,5.0,22688.0,2109.0
2632475,2632476,34.0,1066226,1,2,0,1,3.0,-9.0,-9.0,-9.0,4.0,999920,0.0,22686.0,2109.0
2632476,2632477,35.0,1066226,2,2,15,1,1.0,40.0,1.0,-9.0,4.0,44512,5.0,22686.0,2109.0
2632477,2632478,34.0,1066227,1,2,0,1,3.0,-9.0,-9.0,-9.0,4.0,999920,0.0,22688.0,2109.0
2632478,2632479,35.0,1066227,2,2,15,1,1.0,40.0,1.0,-9.0,4.0,44512,5.0,22688.0,2109.0
2632479,2632480,34.0,1066228,1,2,0,1,3.0,-9.0,-9.0,-9.0,4.0,999920,0.0,22686.0,2109.0
2632480,2632481,35.0,1066228,2,2,15,1,1.0,40.0,1.0,-9.0,4.0,44512,5.0,22686.0,2109.0
2632481,2632482,34.0,1066229,1,2,0,1,3.0,-9.0,-9.0,-9.0,4.0,999920,0.0,22688.0,2109.0
2632482,2632483,35.0,1066229,2,2,15,1,1.0,40.0,1.0,-9.0,4.0,44512,5.0,22688.0,2109.0
2632483,2632484,34.0,1066230,1,2,0,1,3.0,-9.0,-9.0,-9.0,4.0,999920,0.0,22688.0,2109.0
2632484,2632485,35.0,1066230,2,2,15,1,1.0,40.0,1.0,-9.0,4.0,44512,5.0,22688.0,2109.0
2632485,2632486,34.0,1066231,1,2,0,1,3.0,-9.0,-9.0,-9.0,4.0,999920,0.0,22688.0,2109.0
2632486,2632487,35.0,1066231,2,2,15,1,1.0,40.0,1.0,-9.0,4.0,44512,5.0,22688.0,2109.0
2632487,2632488,34.0,1066232,1,2,0,1,3.0,-9.0,-9.0,-9.0,4.0,999920,0.0,22687.0,2109.0
2632488,2632489,35.0,1066232,2,2,15,1,1.0,40.0,1.0,-9.0,4.0,44512,5.0,22687.0,2109.0
2632489,2632490,26.0,1066233,1,2,0,1,1.0,40.0,1.0,-9.0,4.0,611M1,13.0,22688.0,2109.0
2632490,2632491,26.0,1066233,2,2,12,1,1.0,6.0,3.0,16.0,4.0,611M1,13.0,22688.0,2109.0
2632491,2632492,27.0,1066234,1,2,0,1,1.0,40.0,1.0,16.0,4.0,622M,15.0,22688.0,2109.0
2632492,2632493,44.0,1066235,1,2,0,1,1.0,40.0,1.0,-9.0,4.0,611M1,13.0,22686.0,2109.0
2632493,2632494,35.0,1066236,1,2,0,1,1.0,40.0,1.0,-9.0,4.0,622M,15.0,22688.0,2109.0
2632494,2632495,25.0,1066237,1,2,0,1,1.0,45.0,1.0,-9.0,4.0,622M,15.0,22688.0,2109.0
2632495,2632496,27.0,1066238,1,2,0,1,1.0,40.0,1.0,16.0,4.0,622M,15.0,22687.0,2109.0
2632496,2632497,35.0,1066239,1,2,0,1,1.0,40.0,1.0,-9.0,4.0,622M,15.0,22687.0,2109.0
2632497,2632498,26.0,1066240,1,2,0,1,1.0,60.0,1.0,-9.0,4.0,622M,15.0,22688.0,2109.0
2632498,2632499,27.0,1066241,1,2,0,1,1.0,40.0,1.0,16.0,4.0,622M,15.0,22688.0,2109.0
2632499,2632500,41.0,1066242,1,2,0,1,1.0,40.0,1.0,-9.0,4.0,622M,15.0,22688.0,2109.0
2632500,2632501,28.0,1066243,1,2,0,1,1.0,60.0,1.0,-9.0,4.0,622M,15.0,22688.0,2109.0
2632501,2632502,41.0,1066244,1,2,0,1,1.0,40.0,1.0,-9.0,4.0,622M,15.0,22688.0,2109.0
2632502,2632503,27.0,1066245,1,2,0,1,1.0,40.0,1.0,16.0,4.0,622M,15.0,22688.0,2109.0
2632503,2632504,25.0,1066246,1,2,0,1,1.0,45.0,1.0,-9.0,4.0,622M,15.0,22688.0,2109.0
2632504,2632505,35.0,1066247,1,2,0,1,1.0,40.0,1.0,-9.0,4.0,622M,15.0,22688.0,2109.0
2632505,2632506,27.0,1066248,1,2,0,1,1.0,40.0,1.0,16.0,4.0,622M,15.0,22688.0,2109.0
2632506,2632507,25.0,1066249,1,2,0,1,1.0,55.0,1.0,-9.0,4.0,6111,13.0,22688.0,2109.0
2632507,2632508,27.0,1066250,1,2,0,1,1.0,40.0,1.0,16.0,4.0,622M,15.0,22688.0,2109.0
2632508,2632509,28.0,1066251,1,2,0,1,1.0,38.0,1.0,-9.0,4.0,5411,10.0,22688.0,2109.0
2632509,2632510,29.0,1066252,1,2,0,1,1.0,40.0,1.0,-9.0,4.0,5416,10.0,22686.0,2109.0
2632510,2632511,28.0,1066253,1,2,0,1,1.0,38.0,1.0,-9.0,4.0,5411,10.0,22688.0,2109.0
2632511,2632512,28.0,1066254,1,2,0,1,1.0,60.0,1.0,15.0,4.0,484,6.0,22688.0,2109.0
2632512,2632513,27.0,1066255,1,2,0,1,1.0,40.0,1.0,15.0,4.0,4481,5.0,22688.0,2109.0
2632513,2632514,32.0,1066256,1,1,0,1,1.0,40.0,1.0,-9.0,4.0,621M,14.0,22688.0,2109.0
2632514,2632515,34.0,1066257,1,1,0,1,1.0,50.0,1.0,15.0,4.0,622M,15.0,22688.0,2109.0
2632515,2632516,34.0,1066258,1,1,0,1,1.0,50.0,1.0,15.0,4.0,622M,15.0,22685.0,2109.0
2632516,2632517,39.0,1066259,1,1,0,1,1.0,40.0,1.0,-9.0,4.0,623M,14.0,22688.0,2109.0
2632517,2632518,34.0,1066260,1,1,0,1,1.0,50.0,1.0,15.0,4.0,622M,15.0,22688.0,2109.0
2632518,2632519,28.0,1066261,1,1,0,1,1.0,40.0,1.0,-9.0,4.0,611M1,13.0,22685.0,2109.0
2632519,2632520,39.0,1066262,1,1,0,1,1.0,40.0,1.0,-9.0,4.0,623M,14.0,22688.0,2109.0
2632520,2632521,29.0,1066263,1,1,0,1,1.0,40.0,1.0,-9.0,4.0,5417,10.0,22688.0,2109.0
2632521,2632522,25.0,1066264,1,1,0,1,1.0,40.0,1.0,-9.0,4.0,5413,10.0,22688.0,2109.0
2632522,2632523,26.0,1066265,1,1,0,1,1.0,40.0,1.0,-9.0,4.0,5412,10.0,22685.0,2109.0
2632523,2632524,32.0,1066266,1,1,0,1,1.0,40.0,1.0,15.0,4.0,5221M,9.0,22688.0,2109.0
2632524,2632525,29.0,1066267,1,1,0,1,1.0,40.0,1.0,-9.0,4.0,481,6.0,22688.0,2109.0
2632525,2632526,39.0,1066268,1,1,0,1,1.0,40.0,1.0,-9.0,4.0,4523,5.0,22688.0,2109.0
2632526,2632527,26.0,1066269,1,2,0,1,1.0,50.0,1.0,-9.0,4.0,611M1,13.0,22688.0,2109.0
2632527,2632528,59.0,1066269,2,2,6,1,6.0,-9.0,-9.0,-9.0,4.0,-9,0.0,22688.0,2109.0
2632528,2632529,26.0,1066270,1,2,0,1,1.0,50.0,1.0,-9.0,4.0,611M1,13.0,22688.0,2109.0
2632529,2632530,59.0,1066270,2,2,6,1,6.0,-9.0,-9.0,-9.0,4.0,-9,0.0,22688.0,2109.0
2632530,2632531,25.0,1066271,1,1,0,1,1.0,40.0,1.0,-9.0,4.0,5411,10.0,22688.0,2109.0
2632531,2632532,28.0,1066272,1,1,0,1,1.0,34.0,1.0,-9.0,4.0,623M,14.0,22688.0,2109.0
2632532,2632533,26.0,1066272,2,2,1,1,1.0,34.0,1.0,-9.0,4.0,6244,14.0,22688.0,2109.0
2632533,2632534,42.0,1066273,1,1,0,1,1.0,40.0,3.0,-9.0,4.0,23,2.0,22687.0,2109.0
2632534,2632535,42.0,1066274,1,1,0,1,1.0,40.0,3.0,-9.0,4.0,23,2.0,22685.0,2109.0
2632535,2632536,42.0,1066275,1,1,0,1,1.0,40.0,3.0,-9.0,4.0,23,2.0,22688.0,2109.0
2632536,2632537,42.0,1066276,1,1,0,1,1.0,40.0,3.0,-9.0,4.0,23,2.0,22688.0,2109.0
2632537,2632538,34.0,1066277,1,1,0,1,1.0,28.0,2.0,16.0,4.0,611M1,13.0,22688.0,2109.0
2632538,2632539,30.0,1066277,2,2,1,1,1.0,18.0,1.0,16.0,4.0,611M1,13.0,22688.0,2109.0
2632539,2632540,27.0,1066278,1,2,0,1,1.0,40.0,3.0,15.0,4.0,44511,5.0,22687.0,2109.0
2632540,2632541,53.0,1066278,2,1,1,1,1.0,32.0,2.0,-9.0,2.0,44511,5.0,22687.0,2109.0
2632541,2632542,28.0,1066279,1,2,0,1,1.0,80.0,4.0,-9.0,4.0,622M,15.0,22688.0,2109.0
2632542,2632543,26.0,1066279,2,1,5,1,6.0,-9.0,-9.0,-9.0,4.0,-9,0.0,22688.0,2109.0
2632543,2632544,44.0,1066280,1,1,0,1,6.0,-9.0,-9.0,-9.0,4.0,6111,13.0,22688.0,2109.0
2632544,2632545,35.0,1066280,2,2,1,1,1.0,40.0,3.0,-9.0,4.0,8131,17.0,22688.0,2109.0
2632545,2632546,27.0,1066281,1,1,0,1,3.0,10.0,6.0,16.0,4.0,611M1,13.0,22688.0,2109.0
2632546,2632547,31.0,1066281,2,2,1,1,1.0,40.0,4.0,-9.0,2.0,6111,13.0,22688.0,2109.0
2632547,2632548,27.0,1066282,1,1,0,1,3.0,10.0,6.0,16.0,4.0,611M1,13.0,22688.0,2109.0
2632548,2632549,31.0,1066282,2,2,1,1,1.0,40.0,4.0,-9.0,2.0,6111,13.0,22688.0,2109.0
2632549,2632550,27.0,1066283,1,1,0,1,3.0,10.0,6.0,16.0,4.0,611M1,13.0,22686.0,2109.0
2632550,2632551,31.0,1066283,2,2,1,1,1.0,40.0,4.0,-9.0,2.0,6111,13.0,22686.0,2109.0
2632551,2632552,32.0,1066284,1,2,0,1,1.0,60.0,1.0,16.0,4.0,611M1,13.0,22686.0,2109.0
2632552,2632553,25.0,1066285,1,2,0,1,1.0,40.0,1.0,-9.0,4.0,622M,15.0,22688.0,2109.0
2632553,2632554,32.0,1066286,1,2,0,1,1.0,60.0,1.0,16.0,4.0,611M1,13.0,22688.0,2109.0
2632554,2632555,32.0,1066287,1,2,0,1,1.0,60.0,1.0,16.0,4.0,611M1,13.0,22688.0,2109.0
2632555,2632556,29.0,1066288,1,2,0,1,1.0,39.0,3.0,-9.0,4.0,6111,13.0,22687.0,2109.0
2632556,2632557,25.0,1066289,1,2,0,1,1.0,40.0,1.0,-9.0,4.0,622M,15.0,22688.0,2109.0
2632557,2632558,31.0,1066290,1,2,0,1,1.0,30.0,3.0,-9.0,4.0,622M,15.0,22686.0,2109.0
2632558,2632559,32.0,1066291,1,2,0,1,1.0,60.0,1.0,16.0,4.0,611M1,13.0,22688.0,2109.0
2632559,2632560,32.0,1066292,1,2,0,1,1.0,60.0,1.0,16.0,4.0,611M1,13.0,22687.0,2109.0
2632560,2632561,29.0,1066293,1,2,0,1,1.0,39.0,3.0,-9.0,4.0,6111,13.0,22688.0,2109.0
2632561,2632562,32.0,1066294,1,2,0,1,1.0,60.0,1.0,16.0,4.0,611M1,13.0,22688.0,2109.0
2632562,2632563,32.0,1066295,1,2,0,1,1.0,60.0,1.0,16.0,4.0,611M1,13.0,22688.0,2109.0
2632563,2632564,29.0,1066296,1,2,0,1,1.0,39.0,3.0,-9.0,4.0,6111,13.0,22686.0,2109.0
2632564,2632565,32.0,1066297,1,2,0,1,1.0,60.0,1.0,16.0,4.0,611M1,13.0,22688.0,2109.0
2632565,2632566,29.0,1066298,1,2,0,1,1.0,38.0,1.0,-9.0,4.0,6244,14.0,22688.0,2109.0
2632566,2632567,29.0,1066299,1,2,0,1,1.0,38.0,1.0,-9.0,4.0,6244,14.0,22686.0,2109.0
2632567,2632568,32.0,1066300,1,2,0,1,1.0,60.0,6.0,16.0,4.0,622M,15.0,22688.0,2109.0
2632568,2632569,33.0,1066301,1,2,0,1,1.0,40.0,1.0,-9.0,4.0,45221,5.0,22688.0,2109.0
2632569,2632570,33.0,1066302,1,2,0,1,1.0,40.0,1.0,-9.0,4.0,45221,5.0,22686.0,2109.0
2632570,2632571,26.0,1066303,1,2,0,1,1.0,40.0,1.0,-9.0,4.0,44511,5.0,22688.0,2109.0
2632571,2632572,26.0,1066304,1,2,0,1,1.0,40.0,1.0,-9.0,4.0,44511,5.0,22688.0,2109.0
2632572,2632573,26.0,1066305,1,2,0,1,2.0,24.0,3.0,-9.0,4.0,4523,5.0,22688.0,2109.0
2632573,2632574,33.0,1066306,1,2,0,1,1.0,40.0,1.0,-9.0,4.0,45221,5.0,22686.0,2109.0
2632574,2632575,26.0,1066307,1,2,0,1,2.0,24.0,3.0,-9.0,4.0,4523,5.0,22688.0,2109.0
2632575,2632576,26.0,1066308,1,2,0,1,1.0,40.0,1.0,-9.0,4.0,44511,5.0,22688.0,2109.0
2632576,2632577,30.0,1066309,1,1,0,1,1.0,40.0,1.0,-9.0,4.0,8111Z,17.0,22685.0,2109.0
2632577,2632578,30.0,1066310,1,1,0,1,1.0,40.0,1.0,-9.0,4.0,8111Z,17.0,22688.0,2109.0
2632578,2632579,30.0,1066311,1,1,0,1,1.0,40.0,1.0,-9.0,4.0,8111Z,17.0,22688.0,2109.0
2632579,2632580,30.0,1066312,1,1,0,1,1.0,40.0,1.0,-9.0,4.0,8111Z,17.0,22688.0,2109.0
2632580,2632581,30.0,1066313,1,1,0,1,1.0,40.0,1.0,-9.0,4.0,8111Z,17.0,22686.0,2109.0
2632581,2632582,30.0,1066314,1,1,0,1,1.0,40.0,1.0,-9.0,4.0,8111Z,17.0,22686.0,2109.0
2632582,2632583,30.0,1066315,1,1,0,1,1.0,40.0,1.0,-9.0,4.0,8111Z,17.0,22688.0,2109.0
2632583,2632584,27.0,1066316,1,1,0,1,1.0,40.0,3.0,-9.0,4.0,5417,10.0,22688.0,2109.0
2632584,2632585,27.0,1066317,1,1,0,1,1.0,40.0,3.0,-9.0,4.0,5417,10.0,22685.0,2109.0
2632585,2632586,25.0,1066318,1,1,0,1,1.0,40.0,1.0,-9.0,4.0,2212P,7.0,22688.0,2109.0
2632586,2632587,29.0,1066319,1,1,0,1,1.0,56.0,1.0,-9.0,4.0,492,6.0,22685.0,2109.0
2632587,2632588,25.0,1066320,1,1,0,1,1.0,40.0,1.0,-9.0,4.0,3341,3.0,22688.0,2109.0
2632588,2632589,25.0,1066321,1,1,0,1,1.0,40.0,1.0,16.0,4.0,23,2.0,22688.0,2109.0
2632589,2632590,25.0,1066322,1,1,0,1,1.0,40.0,1.0,16.0,4.0,23,2.0,22687.0,2109.0
2632590,2632591,25.0,1066323,1,1,0,1,1.0,40.0,1.0,16.0,4.0,23,2.0,22688.0,2109.0
2632591,2632592,25.0,1066324,1,1,0,1,1.0,40.0,1.0,16.0,4.0,23,2.0,22688.0,2109.0
2632592,2632593,44.0,1066325,1,1,0,1,6.0,-9.0,-9.0,-9.0,4.0,-9,0.0,22688.0,2109.0
2632593,2632594,40.0,1066325,2,1,5,1,6.0,-9.0,-9.0,-9.0,4.0,-9,0.0,22688.0,2109.0
2632594,2632595,44.0,1066326,1,1,0,1,6.0,-9.0,-9.0,-9.0,4.0,-9,0.0,22685.0,2109.0
2632595,2632596,40.0,1066326,2,1,5,1,6.0,-9.0,-9.0,-9.0,4.0,-9,0.0,22685.0,2109.0
2632596,2632597,44.0,1066327,1,1,0,1,6.0,-9.0,-9.0,-9.0,4.0,-9,0.0,22686.0,2109.0
2632597,2632598,40.0,1066327,2,1,5,1,6.0,-9.0,-9.0,-9.0,4.0,-9,0.0,22686.0,2109.0
2632598,2632599,44.0,1066328,1,1,0,1,6.0,-9.0,-9.0,-9.0,4.0,-9,0.0,22688.0,2109.0
2632599,2632600,40.0,1066328,2,1,5,1,6.0,-9.0,-9.0,-9.0,4.0,-9,0.0,22688.0,2109.0
2632600,2632601,44.0,1066329,1,1,0,1,6.0,-9.0,-9.0,-9.0,4.0,-9,0.0,22688.0,2109.0
2632601,2632602,40.0,1066329,2,1,5,1,6.0,-9.0,-9.0,-9.0,4.0,-9,0.0,22688.0,2109.0
2632602,2632603,44.0,1066330,1,1,0,1,6.0,-9.0,-9.0,-9.0,4.0,-9,0.0,22688.0,2109.0
2632603,2632604,40.0,1066330,2,1,5,1,6.0,-9.0,-9.0,-9.0,4.0,-9,0.0,22688.0,2109.0
2632604,2632605,44.0,1066331,1,1,0,1,6.0,-9.0,-9.0,-9.0,4.0,-9,0.0,22687.0,2109.0
2632605,2632606,40.0,1066331,2,1,5,1,6.0,-9.0,-9.0,-9.0,4.0,-9,0.0,22687.0,2109.0
2632606,2632607,44.0,1066332,1,1,0,1,6.0,-9.0,-9.0,-9.0,4.0,-9,0.0,22685.0,2109.0
2632607,2632608,40.0,1066332,2,1,5,1,6.0,-9.0,-9.0,-9.0,4.0,-9,0.0,22685.0,2109.0
2632608,2632609,44.0,1066333,1,1,0,1,6.0,-9.0,-9.0,-9.0,4.0,-9,0.0,22688.0,2109.0
2632609,2632610,40.0,1066333,2,1,5,1,6.0,-9.0,-9.0,-9.0,4.0,-9,0.0,22688.0,2109.0
2632610,2632611,44.0,1066334,1,1,0,1,6.0,-9.0,-9.0,-9.0,4.0,-9,0.0,22688.0,2109.0
2632611,2632612,40.0,1066334,2,1,5,1,6.0,-9.0,-9.0,-9.0,4.0,-9,0.0,22688.0,2109.0
2632612,2632613,44.0,1066335,1,1,0,1,6.0,-9.0,-9.0,-9.0,4.0,-9,0.0,22688.0,2109.0
2632613,2632614,40.0,1066335,2,1,5,1,6.0,-9.0,-9.0,-9.0,4.0,-9,0.0,22688.0,2109.0
2632614,2632615,44.0,1066336,1,1,0,1,6.0,-9.0,-9.0,-9.0,4.0,-9,0.0,22688.0,2109.0
2632615,2632616,40.0,1066336,2,1,5,1,6.0,-9.0,-9.0,-9.0,4.0,-9,0.0,22688.0,2109.0
2632616,2632617,44.0,1066337,1,1,0,1,6.0,-9.0,-9.0,-9.0,4.0,-9,0.0,22688.0,2109.0
2632617,2632618,40.0,1066337,2,1,5,1,6.0,-9.0,-9.0,-9.0,4.0,-9,0.0,22688.0,2109.0
2632618,2632619,44.0,1066338,1,1,0,1,6.0,-9.0,-9.0,-9.0,4.0,-9,0.0,22688.0,2109.0
2632619,2632620,40.0,1066338,2,1,5,1,6.0,-9.0,-9.0,-9.0,4.0,-9,0.0,22688.0,2109.0
2632620,2632621,44.0,1066339,1,1,0,1,6.0,-9.0,-9.0,-9.0,4.0,-9,0.0,22688.0,2109.0
2632621,2632622,40.0,1066339,2,1,5,1,6.0,-9.0,-9.0,-9.0,4.0,-9,0.0,22688.0,2109.0
2632622,2632623,44.0,1066340,1,1,0,1,6.0,-9.0,-9.0,-9.0,4.0,-9,0.0,22688.0,2109.0
2632623,2632624,40.0,1066340,2,1,5,1,6.0,-9.0,-9.0,-9.0,4.0,-9,0.0,22688.0,2109.0
2632624,2632625,44.0,1066341,1,1,0,1,6.0,-9.0,-9.0,-9.0,4.0,-9,0.0,22687.0,2109.0
2632625,2632626,40.0,1066341,2,1,5,1,6.0,-9.0,-9.0,-9.0,4.0,-9,0.0,22687.0,2109.0
2632626,2632627,28.0,1066342,1,2,0,1,6.0,-9.0,-9.0,-9.0,4.0,-9,0.0,22688.0,2109.0
2632627,2632628,28.0,1066343,1,2,0,1,6.0,-9.0,-9.0,-9.0,4.0,-9,0.0,22688.0,2109.0
2632628,2632629,28.0,1066344,1,2,0,1,6.0,-9.0,-9.0,-9.0,4.0,-9,0.0,22688.0,2109.0
2632629,2632630,30.0,1066345,1,1,0,1,6.0,-9.0,-9.0,-9.0,3.0,-9,0.0,22685.0,2109.0
2632630,2632631,30.0,1066346,1,1,0,1,6.0,-9.0,-9.0,-9.0,3.0,-9,0.0,22688.0,2109.0
2632631,2632632,41.0,1066347,1,2,0,1,1.0,40.0,1.0,-9.0,4.0,336M,3.0,22688.0,2109.0
2632632,2632633,39.0,1066347,2,1,1,4,6.0,-9.0,-9.0,-9.0,4.0,-9,0.0,22688.0,2109.0
2632633,2632634,8.0,1066347,3,1,2,4,-9.0,-9.0,-9.0,4.0,-9.0,-9,0.0,22688.0,2109.0
2632634,2632635,4.0,1066347,4,2,2,4,-9.0,-9.0,-9.0,1.0,-9.0,-9,0.0,22688.0,2109.0
2632635,2632636,37.0,1066348,1,2,0,1,1.0,40.0,1.0,-9.0,4.0,45121,5.0,22688.0,2109.0
2632636,2632637,9.0,1066348,2,1,2,1,-9.0,-9.0,-9.0,5.0,-9.0,-9,0.0,22688.0,2109.0
2632637,2632638,18.0,1066348,3,1,4,1,6.0,-9.0,-9.0,-9.0,4.0,-9,0.0,22688.0,2109.0
2632638,2632639,37.0,1066348,4,1,13,1,6.0,-9.0,-9.0,-9.0,4.0,-9,0.0,22688.0,2109.0
2632639,2632640,37.0,1066349,1,2,0,1,1.0,40.0,1.0,-9.0,4.0,45121,5.0,22688.0,2109.0
2632640,2632641,9.0,1066349,2,1,2,1,-9.0,-9.0,-9.0,5.0,-9.0,-9,0.0,22688.0,2109.0
2632641,2632642,18.0,1066349,3,1,4,1,6.0,-9.0,-9.0,-9.0,4.0,-9,0.0,22688.0,2109.0
2632642,2632643,37.0,1066349,4,1,13,1,6.0,-9.0,-9.0,-9.0,4.0,-9,0.0,22688.0,2109.0
2632643,2632644,37.0,1066350,1,2,0,1,1.0,40.0,1.0,-9.0,4.0,45121,5.0,22688.0,2109.0
2632644,2632645,9.0,1066350,2,1,2,1,-9.0,-9.0,-9.0,5.0,-9.0,-9,0.0,22688.0,2109.0
2632645,2632646,18.0,1066350,3,1,4,1,6.0,-9.0,-9.0,-9.0,4.0,-9,0.0,22688.0,2109.0
2632646,2632647,37.0,1066350,4,1,13,1,6.0,-9.0,-9.0,-9.0,4.0,-9,0.0,22688.0,2109.0
2632647,2632648,37.0,1066351,1,2,0,1,1.0,40.0,1.0,-9.0,4.0,45121,5.0,22688.0,2109.0
2632648,2632649,9.0,1066351,2,1,2,1,-9.0,-9.0,-9.0,5.0,-9.0,-9,0.0,22688.0,2109.0
2632649,2632650,18.0,1066351,3,1,4,1,6.0,-9.0,-9.0,-9.0,4.0,-9,0.0,22688.0,2109.0
2632650,2632651,37.0,1066351,4,1,13,1,6.0,-9.0,-9.0,-9.0,4.0,-9,0.0,22688.0,2109.0
2632651,2632652,37.0,1066352,1,2,0,1,1.0,40.0,1.0,-9.0,4.0,45121,5.0,22688.0,2109.0
2632652,2632653,9.0,1066352,2,1,2,1,-9.0,-9.0,-9.0,5.0,-9.0,-9,0.0,22688.0,2109.0
2632653,2632654,18.0,1066352,3,1,4,1,6.0,-9.0,-9.0,-9.0,4.0,-9,0.0,22688.0,2109.0
2632654,2632655,37.0,1066352,4,1,13,1,6.0,-9.0,-9.0,-9.0,4.0,-9,0.0,22688.0,2109.0
2632655,2632656,37.0,1066353,1,2,0,1,1.0,40.0,1.0,-9.0,4.0,45121,5.0,22688.0,2109.0
2632656,2632657,9.0,1066353,2,1,2,1,-9.0,-9.0,-9.0,5.0,-9.0,-9,0.0,22688.0,2109.0
2632657,2632658,18.0,1066353,3,1,4,1,6.0,-9.0,-9.0,-9.0,4.0,-9,0.0,22688.0,2109.0
2632658,2632659,37.0,1066353,4,1,13,1,6.0,-9.0,-9.0,-9.0,4.0,-9,0.0,22688.0,2109.0
2632659,2632660,37.0,1066354,1,2,0,1,1.0,40.0,1.0,-9.0,4.0,45121,5.0,22688.0,2109.0
2632660,2632661,9.0,1066354,2,1,2,1,-9.0,-9.0,-9.0,5.0,-9.0,-9,0.0,22688.0,2109.0
2632661,2632662,18.0,1066354,3,1,4,1,6.0,-9.0,-9.0,-9.0,4.0,-9,0.0,22688.0,2109.0
2632662,2632663,37.0,1066354,4,1,13,1,6.0,-9.0,-9.0,-9.0,4.0,-9,0.0,22688.0,2109.0
2632663,2632664,37.0,1066355,1,2,0,1,1.0,40.0,1.0,-9.0,4.0,45121,5.0,22688.0,2109.0
2632664,2632665,9.0,1066355,2,1,2,1,-9.0,-9.0,-9.0,5.0,-9.0,-9,0.0,22688.0,2109.0
2632665,2632666,18.0,1066355,3,1,4,1,6.0,-9.0,-9.0,-9.0,4.0,-9,0.0,22688.0,2109.0
2632666,2632667,37.0,1066355,4,1,13,1,6.0,-9.0,-9.0,-9.0,4.0,-9,0.0,22688.0,2109.0
2632667,2632668,37.0,1066356,1,2,0,1,1.0,40.0,1.0,-9.0,4.0,45121,5.0,22686.0,2109.0
2632668,2632669,9.0,1066356,2,1,2,1,-9.0,-9.0,-9.0,5.0,-9.0,-9,0.0,22686.0,2109.0
2632669,2632670,18.0,1066356,3,1,4,1,6.0,-9.0,-9.0,-9.0,4.0,-9,0.0,22686.0,2109.0
2632670,2632671,37.0,1066356,4,1,13,1,6.0,-9.0,-9.0,-9.0,4.0,-9,0.0,22686.0,2109.0
2632671,2632672,37.0,1066357,1,2,0,1,1.0,40.0,1.0,-9.0,4.0,45121,5.0,22688.0,2109.0
2632672,2632673,9.0,1066357,2,1,2,1,-9.0,-9.0,-9.0,5.0,-9.0,-9,0.0,22688.0,2109.0
2632673,2632674,18.0,1066357,3,1,4,1,6.0,-9.0,-9.0,-9.0,4.0,-9,0.0,22688.0,2109.0
2632674,2632675,37.0,1066357,4,1,13,1,6.0,-9.0,-9.0,-9.0,4.0,-9,0.0,22688.0,2109.0
2632675,2632676,37.0,1066358,1,2,0,1,1.0,40.0,1.0,-9.0,4.0,45121,5.0,22687.0,2109.0
2632676,2632677,9.0,1066358,2,1,2,1,-9.0,-9.0,-9.0,5.0,-9.0,-9,0.0,22687.0,2109.0
2632677,2632678,18.0,1066358,3,1,4,1,6.0,-9.0,-9.0,-9.0,4.0,-9,0.0,22687.0,2109.0
2632678,2632679,37.0,1066358,4,1,13,1,6.0,-9.0,-9.0,-9.0,4.0,-9,0.0,22687.0,2109.0
2632679,2632680,37.0,1066359,1,2,0,1,1.0,40.0,1.0,-9.0,4.0,45121,5.0,22688.0,2109.0
2632680,2632681,9.0,1066359,2,1,2,1,-9.0,-9.0,-9.0,5.0,-9.0,-9,0.0,22688.0,2109.0
2632681,2632682,18.0,1066359,3,1,4,1,6.0,-9.0,-9.0,-9.0,4.0,-9,0.0,22688.0,2109.0
2632682,2632683,37.0,1066359,4,1,13,1,6.0,-9.0,-9.0,-9.0,4.0,-9,0.0,22688.0,2109.0
2632683,2632684,44.0,1066360,1,1,0,1,1.0,45.0,1.0,-9.0,4.0,8111Z,17.0,22685.0,2109.0
2632684,2632685,31.0,1066360,2,2,1,1,6.0,-9.0,-9.0,-9.0,4.0,-9,0.0,22685.0,2109.0
2632685,2632686,4.0,1066360,3,1,2,1,-9.0,-9.0,-9.0,2.0,-9.0,-9,0.0,22685.0,2109.0
2632686,2632687,2.0,1066360,4,1,2,1,-9.0,-9.0,-9.0,-9.0,-9.0,-9,0.0,22685.0,2109.0
2632687,2632688,33.0,1066361,1,2,0,1,1.0,40.0,3.0,-9.0,4.0,622M,15.0,22688.0,2109.0
2632688,2632689,12.0,1066361,2,2,2,1,-9.0,-9.0,-9.0,9.0,-9.0,-9,0.0,22688.0,2109.0
2632689,2632690,33.0,1066362,1,2,0,1,1.0,40.0,3.0,-9.0,4.0,622M,15.0,22688.0,2109.0
2632690,2632691,12.0,1066362,2,2,2,1,-9.0,-9.0,-9.0,9.0,-9.0,-9,0.0,22688.0,2109.0
2632691,2632692,27.0,1066363,1,2,0,1,1.0,40.0,5.0,-9.0,4.0,6242,14.0,22688.0,2109.0
2632692,2632693,1.0,1066363,2,1,2,1,-9.0,-9.0,-9.0,-9.0,-9.0,-9,0.0,22688.0,2109.0
2632693,2632694,27.0,1066364,1,2,0,1,1.0,40.0,5.0,-9.0,4.0,6242,14.0,22688.0,2109.0
2632694,2632695,1.0,1066364,2,1,2,1,-9.0,-9.0,-9.0,-9.0,-9.0,-9,0.0,22688.0,2109.0
2632695,2632696,19.0,1066365,1,1,0,4,1.0,23.0,1.0,14.0,4.0,4411,5.0,22688.0,2109.0
2632696,2632697,56.0,1066365,2,2,10,4,6.0,-9.0,-9.0,-9.0,4.0,-9,0.0,22688.0,2109.0
2632697,2632698,19.0,1066366,1,1,0,4,1.0,23.0,1.0,14.0,4.0,4411,5.0,22688.0,2109.0
2632698,2632699,56.0,1066366,2,2,10,4,6.0,-9.0,-9.0,-9.0,4.0,-9,0.0,22688.0,2109.0
2632699,2632700,19.0,1066367,1,1,0,4,1.0,23.0,1.0,14.0,4.0,4411,5.0,22688.0,2109.0
2632700,2632701,56.0,1066367,2,2,10,4,6.0,-9.0,-9.0,-9.0,4.0,-9,0.0,22688.0,2109.0
2632701,2632702,19.0,1066368,1,1,0,4,1.0,23.0,1.0,14.0,4.0,4411,5.0,22688.0,2109.0
2632702,2632703,56.0,1066368,2,2,10,4,6.0,-9.0,-9.0,-9.0,4.0,-9,0.0,22688.0,2109.0
2632703,2632704,19.0,1066369,1,1,0,4,1.0,23.0,1.0,14.0,4.0,4411,5.0,22688.0,2109.0
2632704,2632705,56.0,1066369,2,2,10,4,6.0,-9.0,-9.0,-9.0,4.0,-9,0.0,22688.0,2109.0
2632705,2632706,19.0,1066370,1,1,0,4,1.0,23.0,1.0,14.0,4.0,4411,5.0,22688.0,2109.0
2632706,2632707,56.0,1066370,2,2,10,4,6.0,-9.0,-9.0,-9.0,4.0,-9,0.0,22688.0,2109.0
2632707,2632708,19.0,1066371,1,1,0,4,1.0,23.0,1.0,14.0,4.0,4411,5.0,22688.0,2109.0
2632708,2632709,56.0,1066371,2,2,10,4,6.0,-9.0,-9.0,-9.0,4.0,-9,0.0,22688.0,2109.0
2632709,2632710,19.0,1066372,1,1,0,4,1.0,23.0,1.0,14.0,4.0,4411,5.0,22688.0,2109.0
2632710,2632711,56.0,1066372,2,2,10,4,6.0,-9.0,-9.0,-9.0,4.0,-9,0.0,22688.0,2109.0
2632711,2632712,19.0,1066373,1,1,0,4,1.0,23.0,1.0,14.0,4.0,4411,5.0,22686.0,2109.0
2632712,2632713,56.0,1066373,2,2,10,4,6.0,-9.0,-9.0,-9.0,4.0,-9,0.0,22686.0,2109.0
2632713,2632714,19.0,1066374,1,1,0,4,1.0,23.0,1.0,14.0,4.0,4411,5.0,22688.0,2109.0
2632714,2632715,56.0,1066374,2,2,10,4,6.0,-9.0,-9.0,-9.0,4.0,-9,0.0,22688.0,2109.0
2632715,2632716,19.0,1066375,1,1,0,4,1.0,23.0,1.0,14.0,4.0,4411,5.0,22688.0,2109.0
2632716,2632717,56.0,1066375,2,2,10,4,6.0,-9.0,-9.0,-9.0,4.0,-9,0.0,22688.0,2109.0
2632717,2632718,19.0,1066376,1,1,0,4,1.0,23.0,1.0,14.0,4.0,4411,5.0,22688.0,2109.0
2632718,2632719,56.0,1066376,2,2,10,4,6.0,-9.0,-9.0,-9.0,4.0,-9,0.0,22688.0,2109.0
2632719,2632720,19.0,1066377,1,1,0,4,1.0,23.0,1.0,14.0,4.0,4411,5.0,22686.0,2109.0
2632720,2632721,56.0,1066377,2,2,10,4,6.0,-9.0,-9.0,-9.0,4.0,-9,0.0,22686.0,2109.0
2632721,2632722,19.0,1066378,1,1,0,4,1.0,23.0,1.0,14.0,4.0,4411,5.0,22688.0,2109.0
2632722,2632723,56.0,1066378,2,2,10,4,6.0,-9.0,-9.0,-9.0,4.0,-9,0.0,22688.0,2109.0
2632723,2632724,19.0,1066379,1,1,0,4,1.0,23.0,1.0,14.0,4.0,4411,5.0,22685.0,2109.0
2632724,2632725,56.0,1066379,2,2,10,4,6.0,-9.0,-9.0,-9.0,4.0,-9,0.0,22685.0,2109.0
2632725,2632726,19.0,1066380,1,1,0,4,1.0,23.0,1.0,14.0,4.0,4411,5.0,22688.0,2109.0
2632726,2632727,56.0,1066380,2,2,10,4,6.0,-9.0,-9.0,-9.0,4.0,-9,0.0,22688.0,2109.0
2632727,2632728,19.0,1066381,1,1,0,4,1.0,23.0,1.0,14.0,4.0,4411,5.0,22688.0,2109.0
2632728,2632729,56.0,1066381,2,2,10,4,6.0,-9.0,-9.0,-9.0,4.0,-9,0.0,22688.0,2109.0
2632729,2632730,19.0,1066382,1,1,0,4,1.0,23.0,1.0,14.0,4.0,4411,5.0,22688.0,2109.0
2632730,2632731,56.0,1066382,2,2,10,4,6.0,-9.0,-9.0,-9.0,4.0,-9,0.0,22688.0,2109.0
2632731,2632732,19.0,1066383,1,1,0,4,1.0,23.0,1.0,14.0,4.0,4411,5.0,22688.0,2109.0
2632732,2632733,56.0,1066383,2,2,10,4,6.0,-9.0,-9.0,-9.0,4.0,-9,0.0,22688.0,2109.0
2632733,2632734,19.0,1066384,1,1,0,4,1.0,23.0,1.0,14.0,4.0,4411,5.0,22688.0,2109.0
2632734,2632735,56.0,1066384,2,2,10,4,6.0,-9.0,-9.0,-9.0,4.0,-9,0.0,22688.0,2109.0
2632735,2632736,19.0,1066385,1,1,0,4,1.0,23.0,1.0,14.0,4.0,4411,5.0,22688.0,2109.0
2632736,2632737,56.0,1066385,2,2,10,4,6.0,-9.0,-9.0,-9.0,4.0,-9,0.0,22688.0,2109.0
2632737,2632738,19.0,1066386,1,1,0,4,1.0,23.0,1.0,14.0,4.0,4411,5.0,22688.0,2109.0
2632738,2632739,56.0,1066386,2,2,10,4,6.0,-9.0,-9.0,-9.0,4.0,-9,0.0,22688.0,2109.0
2632739,2632740,19.0,1066387,1,1,0,4,1.0,23.0,1.0,14.0,4.0,4411,5.0,22688.0,2109.0
2632740,2632741,56.0,1066387,2,2,10,4,6.0,-9.0,-9.0,-9.0,4.0,-9,0.0,22688.0,2109.0
2632741,2632742,19.0,1066388,1,1,0,4,1.0,23.0,1.0,14.0,4.0,4411,5.0,22688.0,2109.0
2632742,2632743,56.0,1066388,2,2,10,4,6.0,-9.0,-9.0,-9.0,4.0,-9,0.0,22688.0,2109.0
2632743,2632744,19.0,1066389,1,1,0,4,1.0,23.0,1.0,14.0,4.0,4411,5.0,22688.0,2109.0
2632744,2632745,56.0,1066389,2,2,10,4,6.0,-9.0,-9.0,-9.0,4.0,-9,0.0,22688.0,2109.0
2632745,2632746,19.0,1066390,1,1,0,4,1.0,23.0,1.0,14.0,4.0,4411,5.0,22688.0,2109.0
2632746,2632747,56.0,1066390,2,2,10,4,6.0,-9.0,-9.0,-9.0,4.0,-9,0.0,22688.0,2109.0
2632747,2632748,19.0,1066391,1,1,0,4,1.0,23.0,1.0,14.0,4.0,4411,5.0,22688.0,2109.0
2632748,2632749,56.0,1066391,2,2,10,4,6.0,-9.0,-9.0,-9.0,4.0,-9,0.0,22688.0,2109.0
2632749,2632750,19.0,1066392,1,1,0,4,1.0,23.0,1.0,14.0,4.0,4411,5.0,22688.0,2109.0
2632750,2632751,56.0,1066392,2,2,10,4,6.0,-9.0,-9.0,-9.0,4.0,-9,0.0,22688.0,2109.0
2632751,2632752,19.0,1066393,1,1,0,4,1.0,23.0,1.0,14.0,4.0,4411,5.0,22688.0,2109.0
2632752,2632753,56.0,1066393,2,2,10,4,6.0,-9.0,-9.0,-9.0,4.0,-9,0.0,22688.0,2109.0
2632753,2632754,19.0,1066394,1,1,0,4,1.0,23.0,1.0,14.0,4.0,4411,5.0,22688.0,2109.0
2632754,2632755,56.0,1066394,2,2,10,4,6.0,-9.0,-9.0,-9.0,4.0,-9,0.0,22688.0,2109.0
2632755,2632756,19.0,1066395,1,1,0,4,1.0,23.0,1.0,14.0,4.0,4411,5.0,22688.0,2109.0
2632756,2632757,56.0,1066395,2,2,10,4,6.0,-9.0,-9.0,-9.0,4.0,-9,0.0,22688.0,2109.0
2632757,2632758,19.0,1066396,1,1,0,4,1.0,23.0,1.0,14.0,4.0,4411,5.0,22688.0,2109.0
2632758,2632759,56.0,1066396,2,2,10,4,6.0,-9.0,-9.0,-9.0,4.0,-9,0.0,22688.0,2109.0
2632759,2632760,19.0,1066397,1,1,0,4,1.0,23.0,1.0,14.0,4.0,4411,5.0,22686.0,2109.0
2632760,2632761,56.0,1066397,2,2,10,4,6.0,-9.0,-9.0,-9.0,4.0,-9,0.0,22686.0,2109.0
2632761,2632762,19.0,1066398,1,1,0,4,1.0,23.0,1.0,14.0,4.0,4411,5.0,22685.0,2109.0
2632762,2632763,56.0,1066398,2,2,10,4,6.0,-9.0,-9.0,-9.0,4.0,-9,0.0,22685.0,2109.0
2632763,2632764,19.0,1066399,1,1,0,4,1.0,23.0,1.0,14.0,4.0,4411,5.0,22688.0,2109.0
2632764,2632765,56.0,1066399,2,2,10,4,6.0,-9.0,-9.0,-9.0,4.0,-9,0.0,22688.0,2109.0
2632765,2632766,19.0,1066400,1,1,0,4,1.0,23.0,1.0,14.0,4.0,4411,5.0,22685.0,2109.0
2632766,2632767,56.0,1066400,2,2,10,4,6.0,-9.0,-9.0,-9.0,4.0,-9,0.0,22685.0,2109.0
2632767,2632768,19.0,1066401,1,1,0,4,1.0,23.0,1.0,14.0,4.0,4411,5.0,22688.0,2109.0
2632768,2632769,56.0,1066401,2,2,10,4,6.0,-9.0,-9.0,-9.0,4.0,-9,0.0,22688.0,2109.0
2632769,2632770,19.0,1066402,1,1,0,4,1.0,23.0,1.0,14.0,4.0,4411,5.0,22688.0,2109.0
2632770,2632771,56.0,1066402,2,2,10,4,6.0,-9.0,-9.0,-9.0,4.0,-9,0.0,22688.0,2109.0
2632771,2632772,19.0,1066403,1,1,0,4,1.0,23.0,1.0,14.0,4.0,4411,5.0,22688.0,2109.0
2632772,2632773,56.0,1066403,2,2,10,4,6.0,-9.0,-9.0,-9.0,4.0,-9,0.0,22688.0,2109.0
2632773,2632774,19.0,1066404,1,1,0,4,1.0,23.0,1.0,14.0,4.0,4411,5.0,22688.0,2109.0
2632774,2632775,56.0,1066404,2,2,10,4,6.0,-9.0,-9.0,-9.0,4.0,-9,0.0,22688.0,2109.0
2632775,2632776,24.0,1066405,1,1,0,4,1.0,40.0,1.0,-9.0,4.0,722Z,16.0,22688.0,2109.0
2632776,2632777,24.0,1066406,1,2,0,4,1.0,29.0,1.0,16.0,4.0,611M1,13.0,22688.0,2109.0
2632777,2632778,25.0,1066406,2,2,13,1,1.0,30.0,3.0,-9.0,4.0,722Z,16.0,22688.0,2109.0
2632778,2632779,24.0,1066407,1,1,0,4,6.0,-9.0,-9.0,16.0,4.0,-9,0.0,22688.0,2109.0
2632779,2632780,24.0,1066408,1,1,0,4,6.0,-9.0,-9.0,16.0,4.0,-9,0.0,22688.0,2109.0
2632780,2632781,24.0,1066409,1,1,0,4,6.0,-9.0,-9.0,16.0,4.0,-9,0.0,22685.0,2109.0
2632781,2632782,24.0,1066410,1,1,0,4,6.0,-9.0,-9.0,16.0,4.0,-9,0.0,22688.0,2109.0
2632782,2632783,24.0,1066411,1,1,0,4,6.0,-9.0,-9.0,15.0,4.0,337,3.0,22685.0,2109.0
2632783,2632784,24.0,1066412,1,1,0,4,6.0,-9.0,-9.0,15.0,4.0,337,3.0,22688.0,2109.0
2632784,2632785,23.0,1066413,1,2,0,4,1.0,10.0,1.0,16.0,4.0,611M1,13.0,22686.0,2109.0
2632785,2632786,24.0,1066414,1,1,0,2,1.0,25.0,1.0,16.0,4.0,6111,13.0,22688.0,2109.0
2632786,2632787,23.0,1066414,2,1,12,2,1.0,40.0,5.0,-9.0,4.0,442,5.0,22688.0,2109.0
2632787,2632788,23.0,1066414,3,2,12,2,1.0,50.0,1.0,15.0,4.0,6214,14.0,22688.0,2109.0
2632788,2632789,21.0,1066415,1,2,0,2,1.0,32.0,1.0,15.0,4.0,622M,15.0,22688.0,2109.0
2632789,2632790,29.0,1066415,2,2,5,2,6.0,-9.0,-9.0,15.0,4.0,-9,0.0,22688.0,2109.0
2632790,2632791,26.0,1066415,3,2,5,2,1.0,40.0,1.0,15.0,4.0,622M,15.0,22688.0,2109.0
2632791,2632792,21.0,1066416,1,2,0,2,1.0,32.0,1.0,15.0,4.0,622M,15.0,22688.0,2109.0
2632792,2632793,29.0,1066416,2,2,5,2,6.0,-9.0,-9.0,15.0,4.0,-9,0.0,22688.0,2109.0
2632793,2632794,26.0,1066416,3,2,5,2,1.0,40.0,1.0,15.0,4.0,622M,15.0,22688.0,2109.0
2632794,2632795,21.0,1066417,1,2,0,2,1.0,32.0,1.0,15.0,4.0,622M,15.0,22688.0,2109.0
2632795,2632796,29.0,1066417,2,2,5,2,6.0,-9.0,-9.0,15.0,4.0,-9,0.0,22688.0,2109.0
2632796,2632797,26.0,1066417,3,2,5,2,1.0,40.0,1.0,15.0,4.0,622M,15.0,22688.0,2109.0
2632797,2632798,21.0,1066418,1,2,0,2,1.0,32.0,1.0,15.0,4.0,622M,15.0,22687.0,2109.0
2632798,2632799,29.0,1066418,2,2,5,2,6.0,-9.0,-9.0,15.0,4.0,-9,0.0,22687.0,2109.0
2632799,2632800,26.0,1066418,3,2,5,2,1.0,40.0,1.0,15.0,4.0,622M,15.0,22687.0,2109.0
2632800,2632801,21.0,1066419,1,2,0,2,1.0,32.0,1.0,15.0,4.0,622M,15.0,22688.0,2109.0
2632801,2632802,29.0,1066419,2,2,5,2,6.0,-9.0,-9.0,15.0,4.0,-9,0.0,22688.0,2109.0
2632802,2632803,26.0,1066419,3,2,5,2,1.0,40.0,1.0,15.0,4.0,622M,15.0,22688.0,2109.0
2632803,2632804,21.0,1066420,1,2,0,2,1.0,32.0,1.0,15.0,4.0,622M,15.0,22688.0,2109.0
2632804,2632805,29.0,1066420,2,2,5,2,6.0,-9.0,-9.0,15.0,4.0,-9,0.0,22688.0,2109.0
2632805,2632806,26.0,1066420,3,2,5,2,1.0,40.0,1.0,15.0,4.0,622M,15.0,22688.0,2109.0
2632806,2632807,21.0,1066421,1,2,0,2,1.0,32.0,1.0,15.0,4.0,622M,15.0,22688.0,2109.0
2632807,2632808,29.0,1066421,2,2,5,2,6.0,-9.0,-9.0,15.0,4.0,-9,0.0,22688.0,2109.0
2632808,2632809,26.0,1066421,3,2,5,2,1.0,40.0,1.0,15.0,4.0,622M,15.0,22688.0,2109.0
2632809,2632810,21.0,1066422,1,2,0,2,1.0,32.0,1.0,15.0,4.0,622M,15.0,22688.0,2109.0
2632810,2632811,29.0,1066422,2,2,5,2,6.0,-9.0,-9.0,15.0,4.0,-9,0.0,22688.0,2109.0
2632811,2632812,26.0,1066422,3,2,5,2,1.0,40.0,1.0,15.0,4.0,622M,15.0,22688.0,2109.0
2632812,2632813,21.0,1066423,1,2,0,2,1.0,32.0,1.0,15.0,4.0,622M,15.0,22688.0,2109.0
2632813,2632814,29.0,1066423,2,2,5,2,6.0,-9.0,-9.0,15.0,4.0,-9,0.0,22688.0,2109.0
2632814,2632815,26.0,1066423,3,2,5,2,1.0,40.0,1.0,15.0,4.0,622M,15.0,22688.0,2109.0
2632815,2632816,21.0,1066424,1,2,0,2,1.0,32.0,1.0,15.0,4.0,622M,15.0,22688.0,2109.0
2632816,2632817,29.0,1066424,2,2,5,2,6.0,-9.0,-9.0,15.0,4.0,-9,0.0,22688.0,2109.0
2632817,2632818,26.0,1066424,3,2,5,2,1.0,40.0,1.0,15.0,4.0,622M,15.0,22688.0,2109.0
2632818,2632819,21.0,1066425,1,2,0,2,1.0,32.0,1.0,15.0,4.0,622M,15.0,22688.0,2109.0
2632819,2632820,29.0,1066425,2,2,5,2,6.0,-9.0,-9.0,15.0,4.0,-9,0.0,22688.0,2109.0
2632820,2632821,26.0,1066425,3,2,5,2,1.0,40.0,1.0,15.0,4.0,622M,15.0,22688.0,2109.0
2632821,2632822,21.0,1066426,1,2,0,2,1.0,32.0,1.0,15.0,4.0,622M,15.0,22688.0,2109.0
2632822,2632823,29.0,1066426,2,2,5,2,6.0,-9.0,-9.0,15.0,4.0,-9,0.0,22688.0,2109.0
2632823,2632824,26.0,1066426,3,2,5,2,1.0,40.0,1.0,15.0,4.0,622M,15.0,22688.0,2109.0
2632824,2632825,21.0,1066427,1,2,0,2,1.0,32.0,1.0,15.0,4.0,622M,15.0,22688.0,2109.0
2632825,2632826,29.0,1066427,2,2,5,2,6.0,-9.0,-9.0,15.0,4.0,-9,0.0,22688.0,2109.0
2632826,2632827,26.0,1066427,3,2,5,2,1.0,40.0,1.0,15.0,4.0,622M,15.0,22688.0,2109.0
2632827,2632828,21.0,1066428,1,2,0,2,1.0,32.0,1.0,15.0,4.0,622M,15.0,22688.0,2109.0
2632828,2632829,29.0,1066428,2,2,5,2,6.0,-9.0,-9.0,15.0,4.0,-9,0.0,22688.0,2109.0
2632829,2632830,26.0,1066428,3,2,5,2,1.0,40.0,1.0,15.0,4.0,622M,15.0,22688.0,2109.0
2632830,2632831,21.0,1066429,1,2,0,2,1.0,32.0,1.0,15.0,4.0,622M,15.0,22688.0,2109.0
2632831,2632832,29.0,1066429,2,2,5,2,6.0,-9.0,-9.0,15.0,4.0,-9,0.0,22688.0,2109.0
2632832,2632833,26.0,1066429,3,2,5,2,1.0,40.0,1.0,15.0,4.0,622M,15.0,22688.0,2109.0
2632833,2632834,21.0,1066430,1,2,0,2,1.0,32.0,1.0,15.0,4.0,622M,15.0,22688.0,2109.0
2632834,2632835,29.0,1066430,2,2,5,2,6.0,-9.0,-9.0,15.0,4.0,-9,0.0,22688.0,2109.0
2632835,2632836,26.0,1066430,3,2,5,2,1.0,40.0,1.0,15.0,4.0,622M,15.0,22688.0,2109.0
2632836,2632837,21.0,1066431,1,2,0,2,1.0,32.0,1.0,15.0,4.0,622M,15.0,22686.0,2109.0
2632837,2632838,29.0,1066431,2,2,5,2,6.0,-9.0,-9.0,15.0,4.0,-9,0.0,22686.0,2109.0
2632838,2632839,26.0,1066431,3,2,5,2,1.0,40.0,1.0,15.0,4.0,622M,15.0,22686.0,2109.0
2632839,2632840,21.0,1066432,1,2,0,2,1.0,32.0,1.0,15.0,4.0,622M,15.0,22686.0,2109.0
2632840,2632841,29.0,1066432,2,2,5,2,6.0,-9.0,-9.0,15.0,4.0,-9,0.0,22686.0,2109.0
2632841,2632842,26.0,1066432,3,2,5,2,1.0,40.0,1.0,15.0,4.0,622M,15.0,22686.0,2109.0
2632842,2632843,21.0,1066433,1,2,0,2,1.0,32.0,1.0,15.0,4.0,622M,15.0,22688.0,2109.0
2632843,2632844,29.0,1066433,2,2,5,2,6.0,-9.0,-9.0,15.0,4.0,-9,0.0,22688.0,2109.0
2632844,2632845,26.0,1066433,3,2,5,2,1.0,40.0,1.0,15.0,4.0,622M,15.0,22688.0,2109.0
2632845,2632846,21.0,1066434,1,2,0,2,1.0,32.0,1.0,15.0,4.0,622M,15.0,22688.0,2109.0
2632846,2632847,29.0,1066434,2,2,5,2,6.0,-9.0,-9.0,15.0,4.0,-9,0.0,22688.0,2109.0
2632847,2632848,26.0,1066434,3,2,5,2,1.0,40.0,1.0,15.0,4.0,622M,15.0,22688.0,2109.0
2632848,2632849,21.0,1066435,1,2,0,2,1.0,32.0,1.0,15.0,4.0,622M,15.0,22688.0,2109.0
2632849,2632850,29.0,1066435,2,2,5,2,6.0,-9.0,-9.0,15.0,4.0,-9,0.0,22688.0,2109.0
2632850,2632851,26.0,1066435,3,2,5,2,1.0,40.0,1.0,15.0,4.0,622M,15.0,22688.0,2109.0
2632851,2632852,21.0,1066436,1,2,0,2,1.0,32.0,1.0,15.0,4.0,622M,15.0,22688.0,2109.0
2632852,2632853,29.0,1066436,2,2,5,2,6.0,-9.0,-9.0,15.0,4.0,-9,0.0,22688.0,2109.0
2632853,2632854,26.0,1066436,3,2,5,2,1.0,40.0,1.0,15.0,4.0,622M,15.0,22688.0,2109.0
2632854,2632855,21.0,1066437,1,2,0,2,1.0,32.0,1.0,15.0,4.0,622M,15.0,22688.0,2109.0
2632855,2632856,29.0,1066437,2,2,5,2,6.0,-9.0,-9.0,15.0,4.0,-9,0.0,22688.0,2109.0
2632856,2632857,26.0,1066437,3,2,5,2,1.0,40.0,1.0,15.0,4.0,622M,15.0,22688.0,2109.0
2632857,2632858,21.0,1066438,1,2,0,2,1.0,32.0,1.0,15.0,4.0,622M,15.0,22688.0,2109.0
2632858,2632859,29.0,1066438,2,2,5,2,6.0,-9.0,-9.0,15.0,4.0,-9,0.0,22688.0,2109.0
2632859,2632860,26.0,1066438,3,2,5,2,1.0,40.0,1.0,15.0,4.0,622M,15.0,22688.0,2109.0
2632860,2632861,21.0,1066439,1,2,0,2,1.0,32.0,1.0,15.0,4.0,622M,15.0,22688.0,2109.0
2632861,2632862,29.0,1066439,2,2,5,2,6.0,-9.0,-9.0,15.0,4.0,-9,0.0,22688.0,2109.0
2632862,2632863,26.0,1066439,3,2,5,2,1.0,40.0,1.0,15.0,4.0,622M,15.0,22688.0,2109.0
2632863,2632864,21.0,1066440,1,2,0,2,1.0,32.0,1.0,15.0,4.0,622M,15.0,22688.0,2109.0
2632864,2632865,29.0,1066440,2,2,5,2,6.0,-9.0,-9.0,15.0,4.0,-9,0.0,22688.0,2109.0
2632865,2632866,26.0,1066440,3,2,5,2,1.0,40.0,1.0,15.0,4.0,622M,15.0,22688.0,2109.0
2632866,2632867,21.0,1066441,1,2,0,2,1.0,32.0,1.0,15.0,4.0,622M,15.0,22688.0,2109.0
2632867,2632868,29.0,1066441,2,2,5,2,6.0,-9.0,-9.0,15.0,4.0,-9,0.0,22688.0,2109.0
2632868,2632869,26.0,1066441,3,2,5,2,1.0,40.0,1.0,15.0,4.0,622M,15.0,22688.0,2109.0
2632869,2632870,21.0,1066442,1,2,0,2,1.0,32.0,1.0,15.0,4.0,622M,15.0,22688.0,2109.0
2632870,2632871,29.0,1066442,2,2,5,2,6.0,-9.0,-9.0,15.0,4.0,-9,0.0,22688.0,2109.0
2632871,2632872,26.0,1066442,3,2,5,2,1.0,40.0,1.0,15.0,4.0,622M,15.0,22688.0,2109.0
2632872,2632873,21.0,1066443,1,2,0,2,1.0,32.0,1.0,15.0,4.0,622M,15.0,22686.0,2109.0
2632873,2632874,29.0,1066443,2,2,5,2,6.0,-9.0,-9.0,15.0,4.0,-9,0.0,22686.0,2109.0
2632874,2632875,26.0,1066443,3,2,5,2,1.0,40.0,1.0,15.0,4.0,622M,15.0,22686.0,2109.0
2632875,2632876,21.0,1066444,1,2,0,2,1.0,32.0,1.0,15.0,4.0,622M,15.0,22688.0,2109.0
2632876,2632877,29.0,1066444,2,2,5,2,6.0,-9.0,-9.0,15.0,4.0,-9,0.0,22688.0,2109.0
2632877,2632878,26.0,1066444,3,2,5,2,1.0,40.0,1.0,15.0,4.0,622M,15.0,22688.0,2109.0
2632878,2632879,21.0,1066445,1,2,0,2,1.0,32.0,1.0,15.0,4.0,622M,15.0,22688.0,2109.0
2632879,2632880,29.0,1066445,2,2,5,2,6.0,-9.0,-9.0,15.0,4.0,-9,0.0,22688.0,2109.0
2632880,2632881,26.0,1066445,3,2,5,2,1.0,40.0,1.0,15.0,4.0,622M,15.0,22688.0,2109.0
2632881,2632882,21.0,1066446,1,2,0,2,1.0,32.0,1.0,15.0,4.0,622M,15.0,22688.0,2109.0
2632882,2632883,29.0,1066446,2,2,5,2,6.0,-9.0,-9.0,15.0,4.0,-9,0.0,22688.0,2109.0
2632883,2632884,26.0,1066446,3,2,5,2,1.0,40.0,1.0,15.0,4.0,622M,15.0,22688.0,2109.0
2632884,2632885,21.0,1066447,1,2,0,2,1.0,32.0,1.0,15.0,4.0,622M,15.0,22688.0,2109.0
2632885,2632886,29.0,1066447,2,2,5,2,6.0,-9.0,-9.0,15.0,4.0,-9,0.0,22688.0,2109.0
2632886,2632887,26.0,1066447,3,2,5,2,1.0,40.0,1.0,15.0,4.0,622M,15.0,22688.0,2109.0
2632887,2632888,21.0,1066448,1,2,0,2,1.0,32.0,1.0,15.0,4.0,622M,15.0,22686.0,2109.0
2632888,2632889,29.0,1066448,2,2,5,2,6.0,-9.0,-9.0,15.0,4.0,-9,0.0,22686.0,2109.0
2632889,2632890,26.0,1066448,3,2,5,2,1.0,40.0,1.0,15.0,4.0,622M,15.0,22686.0,2109.0
2632890,2632891,21.0,1066449,1,2,0,2,1.0,32.0,1.0,15.0,4.0,622M,15.0,22688.0,2109.0
2632891,2632892,29.0,1066449,2,2,5,2,6.0,-9.0,-9.0,15.0,4.0,-9,0.0,22688.0,2109.0
2632892,2632893,26.0,1066449,3,2,5,2,1.0,40.0,1.0,15.0,4.0,622M,15.0,22688.0,2109.0
2632893,2632894,21.0,1066450,1,2,0,2,1.0,32.0,1.0,15.0,4.0,622M,15.0,22688.0,2109.0
2632894,2632895,29.0,1066450,2,2,5,2,6.0,-9.0,-9.0,15.0,4.0,-9,0.0,22688.0,2109.0
2632895,2632896,26.0,1066450,3,2,5,2,1.0,40.0,1.0,15.0,4.0,622M,15.0,22688.0,2109.0
2632896,2632897,21.0,1066451,1,2,0,2,1.0,32.0,1.0,15.0,4.0,622M,15.0,22688.0,2109.0
2632897,2632898,29.0,1066451,2,2,5,2,6.0,-9.0,-9.0,15.0,4.0,-9,0.0,22688.0,2109.0
2632898,2632899,26.0,1066451,3,2,5,2,1.0,40.0,1.0,15.0,4.0,622M,15.0,22688.0,2109.0
2632899,2632900,21.0,1066452,1,2,0,2,1.0,32.0,1.0,15.0,4.0,622M,15.0,22688.0,2109.0
2632900,2632901,29.0,1066452,2,2,5,2,6.0,-9.0,-9.0,15.0,4.0,-9,0.0,22688.0,2109.0
2632901,2632902,26.0,1066452,3,2,5,2,1.0,40.0,1.0,15.0,4.0,622M,15.0,22688.0,2109.0
2632902,2632903,21.0,1066453,1,2,0,2,1.0,32.0,1.0,15.0,4.0,622M,15.0,22686.0,2109.0
2632903,2632904,29.0,1066453,2,2,5,2,6.0,-9.0,-9.0,15.0,4.0,-9,0.0,22686.0,2109.0
2632904,2632905,26.0,1066453,3,2,5,2,1.0,40.0,1.0,15.0,4.0,622M,15.0,22686.0,2109.0
2632905,2632906,21.0,1066454,1,2,0,2,1.0,32.0,1.0,15.0,4.0,622M,15.0,22688.0,2109.0
2632906,2632907,29.0,1066454,2,2,5,2,6.0,-9.0,-9.0,15.0,4.0,-9,0.0,22688.0,2109.0
2632907,2632908,26.0,1066454,3,2,5,2,1.0,40.0,1.0,15.0,4.0,622M,15.0,22688.0,2109.0
2632908,2632909,21.0,1066455,1,2,0,2,1.0,32.0,1.0,15.0,4.0,622M,15.0,22688.0,2109.0
2632909,2632910,29.0,1066455,2,2,5,2,6.0,-9.0,-9.0,15.0,4.0,-9,0.0,22688.0,2109.0
2632910,2632911,26.0,1066455,3,2,5,2,1.0,40.0,1.0,15.0,4.0,622M,15.0,22688.0,2109.0
2632911,2632912,21.0,1066456,1,2,0,2,1.0,32.0,1.0,15.0,4.0,622M,15.0,22688.0,2109.0
2632912,2632913,29.0,1066456,2,2,5,2,6.0,-9.0,-9.0,15.0,4.0,-9,0.0,22688.0,2109.0
2632913,2632914,26.0,1066456,3,2,5,2,1.0,40.0,1.0,15.0,4.0,622M,15.0,22688.0,2109.0
2632914,2632915,21.0,1066457,1,2,0,2,1.0,32.0,1.0,15.0,4.0,622M,15.0,22688.0,2109.0
2632915,2632916,29.0,1066457,2,2,5,2,6.0,-9.0,-9.0,15.0,4.0,-9,0.0,22688.0,2109.0
2632916,2632917,26.0,1066457,3,2,5,2,1.0,40.0,1.0,15.0,4.0,622M,15.0,22688.0,2109.0
2632917,2632918,21.0,1066458,1,2,0,2,1.0,32.0,1.0,15.0,4.0,622M,15.0,22688.0,2109.0
2632918,2632919,29.0,1066458,2,2,5,2,6.0,-9.0,-9.0,15.0,4.0,-9,0.0,22688.0,2109.0
2632919,2632920,26.0,1066458,3,2,5,2,1.0,40.0,1.0,15.0,4.0,622M,15.0,22688.0,2109.0
2632920,2632921,21.0,1066459,1,2,0,2,1.0,32.0,1.0,15.0,4.0,622M,15.0,22688.0,2109.0
2632921,2632922,29.0,1066459,2,2,5,2,6.0,-9.0,-9.0,15.0,4.0,-9,0.0,22688.0,2109.0
2632922,2632923,26.0,1066459,3,2,5,2,1.0,40.0,1.0,15.0,4.0,622M,15.0,22688.0,2109.0
2632923,2632924,21.0,1066460,1,2,0,2,1.0,32.0,1.0,15.0,4.0,622M,15.0,22688.0,2109.0
2632924,2632925,29.0,1066460,2,2,5,2,6.0,-9.0,-9.0,15.0,4.0,-9,0.0,22688.0,2109.0
2632925,2632926,26.0,1066460,3,2,5,2,1.0,40.0,1.0,15.0,4.0,622M,15.0,22688.0,2109.0
2632926,2632927,21.0,1066461,1,2,0,2,1.0,32.0,1.0,15.0,4.0,622M,15.0,22688.0,2109.0
2632927,2632928,29.0,1066461,2,2,5,2,6.0,-9.0,-9.0,15.0,4.0,-9,0.0,22688.0,2109.0
2632928,2632929,26.0,1066461,3,2,5,2,1.0,40.0,1.0,15.0,4.0,622M,15.0,22688.0,2109.0
2632929,2632930,21.0,1066462,1,2,0,2,1.0,32.0,1.0,15.0,4.0,622M,15.0,22685.0,2109.0
2632930,2632931,29.0,1066462,2,2,5,2,6.0,-9.0,-9.0,15.0,4.0,-9,0.0,22685.0,2109.0
2632931,2632932,26.0,1066462,3,2,5,2,1.0,40.0,1.0,15.0,4.0,622M,15.0,22685.0,2109.0
2632932,2632933,21.0,1066463,1,2,0,2,1.0,32.0,1.0,15.0,4.0,622M,15.0,22688.0,2109.0
2632933,2632934,29.0,1066463,2,2,5,2,6.0,-9.0,-9.0,15.0,4.0,-9,0.0,22688.0,2109.0
2632934,2632935,26.0,1066463,3,2,5,2,1.0,40.0,1.0,15.0,4.0,622M,15.0,22688.0,2109.0
2632935,2632936,21.0,1066464,1,2,0,2,1.0,32.0,1.0,15.0,4.0,622M,15.0,22688.0,2109.0
2632936,2632937,29.0,1066464,2,2,5,2,6.0,-9.0,-9.0,15.0,4.0,-9,0.0,22688.0,2109.0
2632937,2632938,26.0,1066464,3,2,5,2,1.0,40.0,1.0,15.0,4.0,622M,15.0,22688.0,2109.0
2632938,2632939,21.0,1066465,1,2,0,2,1.0,32.0,1.0,15.0,4.0,622M,15.0,22688.0,2109.0
2632939,2632940,29.0,1066465,2,2,5,2,6.0,-9.0,-9.0,15.0,4.0,-9,0.0,22688.0,2109.0
2632940,2632941,26.0,1066465,3,2,5,2,1.0,40.0,1.0,15.0,4.0,622M,15.0,22688.0,2109.0
2632941,2632942,20.0,1066466,1,2,0,2,1.0,30.0,1.0,15.0,4.0,623M,14.0,22688.0,2109.0
2632942,2632943,22.0,1066466,2,2,15,2,1.0,40.0,1.0,15.0,4.0,4441Z,5.0,22688.0,2109.0
2632943,2632944,20.0,1066467,1,2,0,2,1.0,30.0,1.0,15.0,4.0,623M,14.0,22688.0,2109.0
2632944,2632945,22.0,1066467,2,2,15,2,1.0,40.0,1.0,15.0,4.0,4441Z,5.0,22688.0,2109.0
2632945,2632946,23.0,1066468,1,1,0,2,1.0,36.0,1.0,15.0,4.0,52M1,9.0,22685.0,2109.0
2632946,2632947,22.0,1066468,2,2,13,2,1.0,35.0,1.0,15.0,4.0,6231,14.0,22685.0,2109.0
2632947,2632948,23.0,1066469,1,1,0,2,1.0,36.0,1.0,15.0,4.0,52M1,9.0,22685.0,2109.0
2632948,2632949,22.0,1066469,2,2,13,2,1.0,35.0,1.0,15.0,4.0,6231,14.0,22685.0,2109.0
2632949,2632950,23.0,1066470,1,2,0,2,1.0,36.0,1.0,16.0,4.0,622M,15.0,22686.0,2109.0
2632950,2632951,23.0,1066471,1,2,0,2,1.0,36.0,1.0,16.0,4.0,622M,15.0,22688.0,2109.0
2632951,2632952,23.0,1066472,1,2,0,2,1.0,36.0,1.0,16.0,4.0,622M,15.0,22688.0,2109.0
2632952,2632953,23.0,1066473,1,2,0,2,1.0,36.0,1.0,16.0,4.0,622M,15.0,22687.0,2109.0
2632953,2632954,23.0,1066474,1,2,0,2,1.0,36.0,1.0,16.0,4.0,622M,15.0,22688.0,2109.0
2632954,2632955,23.0,1066475,1,2,0,2,1.0,36.0,1.0,16.0,4.0,622M,15.0,22688.0,2109.0
2632955,2632956,23.0,1066476,1,2,0,2,1.0,36.0,1.0,16.0,4.0,622M,15.0,22688.0,2109.0
2632956,2632957,23.0,1066477,1,2,0,2,1.0,36.0,1.0,16.0,4.0,622M,15.0,22688.0,2109.0
2632957,2632958,23.0,1066478,1,2,0,2,1.0,36.0,1.0,16.0,4.0,622M,15.0,22686.0,2109.0
2632958,2632959,23.0,1066479,1,2,0,2,1.0,36.0,1.0,16.0,4.0,622M,15.0,22686.0,2109.0
2632959,2632960,23.0,1066480,1,2,0,2,1.0,36.0,1.0,16.0,4.0,622M,15.0,22687.0,2109.0
2632960,2632961,23.0,1066481,1,2,0,2,1.0,36.0,1.0,16.0,4.0,622M,15.0,22688.0,2109.0
2632961,2632962,23.0,1066482,1,2,0,2,1.0,30.0,1.0,16.0,4.0,4483,5.0,22686.0,2109.0
2632962,2632963,23.0,1066483,1,2,0,2,1.0,30.0,1.0,16.0,4.0,4483,5.0,22686.0,2109.0
2632963,2632964,23.0,1066484,1,2,0,2,1.0,30.0,1.0,16.0,4.0,4483,5.0,22688.0,2109.0
2632964,2632965,21.0,1066485,1,1,0,2,1.0,30.0,4.0,15.0,4.0,722Z,16.0,22688.0,2109.0
2632965,2632966,21.0,1066485,2,2,13,1,1.0,30.0,1.0,15.0,4.0,722Z,16.0,22688.0,2109.0
2632966,2632967,24.0,1066486,1,2,0,2,1.0,35.0,1.0,-9.0,4.0,6244,14.0,22688.0,2109.0
2632967,2632968,24.0,1066487,1,2,0,2,1.0,15.0,4.0,-9.0,4.0,622M,15.0,22688.0,2109.0
2632968,2632969,24.0,1066488,1,2,0,2,1.0,15.0,4.0,-9.0,4.0,622M,15.0,22688.0,2109.0
2632969,2632970,24.0,1066489,1,2,0,2,1.0,35.0,1.0,-9.0,4.0,6244,14.0,22688.0,2109.0
2632970,2632971,24.0,1066490,1,2,0,2,1.0,35.0,1.0,-9.0,4.0,6244,14.0,22688.0,2109.0
2632971,2632972,24.0,1066491,1,2,0,2,1.0,15.0,4.0,-9.0,4.0,622M,15.0,22688.0,2109.0
2632972,2632973,24.0,1066492,1,2,0,2,1.0,15.0,4.0,-9.0,4.0,622M,15.0,22688.0,2109.0
2632973,2632974,24.0,1066493,1,2,0,2,1.0,35.0,1.0,-9.0,4.0,6244,14.0,22688.0,2109.0
2632974,2632975,24.0,1066494,1,2,0,2,1.0,35.0,1.0,-9.0,4.0,6244,14.0,22688.0,2109.0
2632975,2632976,24.0,1066495,1,2,0,2,1.0,15.0,4.0,-9.0,4.0,622M,15.0,22686.0,2109.0
2632976,2632977,24.0,1066496,1,2,0,2,1.0,15.0,4.0,-9.0,4.0,622M,15.0,22688.0,2109.0
2632977,2632978,24.0,1066497,1,2,0,2,1.0,15.0,4.0,-9.0,4.0,622M,15.0,22688.0,2109.0
2632978,2632979,24.0,1066498,1,2,0,2,1.0,35.0,1.0,-9.0,4.0,6244,14.0,22688.0,2109.0
2632979,2632980,24.0,1066499,1,2,0,2,1.0,35.0,1.0,-9.0,4.0,6244,14.0,22688.0,2109.0
2632980,2632981,24.0,1066500,1,2,0,2,1.0,35.0,1.0,-9.0,4.0,6244,14.0,22686.0,2109.0
2632981,2632982,24.0,1066501,1,2,0,2,1.0,15.0,4.0,-9.0,4.0,622M,15.0,22688.0,2109.0
2632982,2632983,24.0,1066502,1,2,0,2,1.0,15.0,4.0,-9.0,4.0,622M,15.0,22686.0,2109.0
2632983,2632984,24.0,1066503,1,2,0,2,1.0,35.0,1.0,-9.0,4.0,6244,14.0,22688.0,2109.0
2632984,2632985,24.0,1066504,1,2,0,2,1.0,15.0,4.0,-9.0,4.0,622M,15.0,22685.0,2109.0
2632985,2632986,24.0,1066505,1,2,0,2,1.0,15.0,4.0,-9.0,4.0,622M,15.0,22688.0,2109.0
2632986,2632987,24.0,1066506,1,2,0,2,1.0,15.0,4.0,-9.0,4.0,622M,15.0,22688.0,2109.0
2632987,2632988,24.0,1066507,1,2,0,2,1.0,35.0,1.0,-9.0,4.0,6244,14.0,22688.0,2109.0
2632988,2632989,24.0,1066508,1,2,0,2,1.0,15.0,4.0,-9.0,4.0,622M,15.0,22688.0,2109.0
2632989,2632990,23.0,1066509,1,2,0,2,1.0,25.0,1.0,-9.0,4.0,4481,5.0,22688.0,2109.0
2632990,2632991,23.0,1066510,1,2,0,2,1.0,25.0,1.0,-9.0,4.0,4481,5.0,22688.0,2109.0
2632991,2632992,23.0,1066511,1,1,0,2,1.0,38.0,1.0,-9.0,4.0,722Z,16.0,22685.0,2109.0
2632992,2632993,24.0,1066512,1,1,0,2,1.0,50.0,4.0,-9.0,4.0,622M,15.0,22688.0,2109.0
2632993,2632994,24.0,1066513,1,1,0,2,1.0,50.0,4.0,-9.0,4.0,622M,15.0,22687.0,2109.0
2632994,2632995,24.0,1066514,1,1,0,2,1.0,50.0,4.0,-9.0,4.0,622M,15.0,22688.0,2109.0
2632995,2632996,24.0,1066515,1,1,0,2,1.0,50.0,4.0,-9.0,4.0,622M,15.0,22688.0,2109.0
2632996,2632997,24.0,1066516,1,1,0,2,1.0,50.0,4.0,-9.0,4.0,622M,15.0,22688.0,2109.0
2632997,2632998,24.0,1066517,1,1,0,2,1.0,50.0,4.0,-9.0,4.0,622M,15.0,22688.0,2109.0
2632998,2632999,24.0,1066518,1,1,0,2,1.0,20.0,6.0,15.0,2.0,4511M,5.0,22688.0,2109.0
2632999,2633000,23.0,1066519,1,1,0,2,1.0,32.0,1.0,15.0,4.0,44512,5.0,22688.0,2109.0
2633000,2633001,24.0,1066520,1,1,0,2,1.0,20.0,6.0,15.0,2.0,4511M,5.0,22688.0,2109.0
2633001,2633002,23.0,1066521,1,1,0,2,1.0,32.0,1.0,15.0,4.0,44512,5.0,22688.0,2109.0
2633002,2633003,23.0,1066522,1,1,0,2,1.0,29.0,3.0,15.0,4.0,6111,13.0,22685.0,2109.0
2633003,2633004,23.0,1066523,1,1,0,2,1.0,29.0,3.0,15.0,4.0,6111,13.0,22686.0,2109.0
2633004,2633005,23.0,1066524,1,1,0,2,1.0,29.0,3.0,15.0,4.0,6111,13.0,22688.0,2109.0
2633005,2633006,23.0,1066525,1,1,0,2,1.0,29.0,3.0,15.0,4.0,6111,13.0,22688.0,2109.0
2633006,2633007,23.0,1066526,1,1,0,2,1.0,29.0,3.0,15.0,4.0,6111,13.0,22687.0,2109.0
2633007,2633008,23.0,1066527,1,1,0,2,1.0,29.0,3.0,15.0,4.0,6111,13.0,22688.0,2109.0
2633008,2633009,23.0,1066528,1,1,0,2,1.0,29.0,3.0,15.0,4.0,6111,13.0,22688.0,2109.0
2633009,2633010,23.0,1066529,1,1,0,2,1.0,29.0,3.0,15.0,4.0,6111,13.0,22688.0,2109.0
2633010,2633011,23.0,1066530,1,1,0,2,1.0,29.0,3.0,15.0,4.0,6111,13.0,22688.0,2109.0
2633011,2633012,23.0,1066531,1,1,0,2,1.0,29.0,3.0,15.0,4.0,6111,13.0,22688.0,2109.0
2633012,2633013,23.0,1066532,1,2,0,2,1.0,43.0,1.0,-9.0,4.0,6241,14.0,22688.0,2109.0
2633013,2633014,5.0,1066532,2,2,2,2,-9.0,-9.0,-9.0,1.0,-9.0,-9,0.0,22688.0,2109.0
2633014,2633015,1.0,1066532,3,2,2,2,-9.0,-9.0,-9.0,-9.0,-9.0,-9,0.0,22688.0,2109.0
2633015,2633016,23.0,1066533,1,2,0,2,1.0,43.0,1.0,-9.0,4.0,6241,14.0,22688.0,2109.0
2633016,2633017,5.0,1066533,2,2,2,2,-9.0,-9.0,-9.0,1.0,-9.0,-9,0.0,22688.0,2109.0
2633017,2633018,1.0,1066533,3,2,2,2,-9.0,-9.0,-9.0,-9.0,-9.0,-9,0.0,22688.0,2109.0
2633018,2633019,23.0,1066534,1,2,0,2,1.0,43.0,1.0,-9.0,4.0,6241,14.0,22688.0,2109.0
2633019,2633020,5.0,1066534,2,2,2,2,-9.0,-9.0,-9.0,1.0,-9.0,-9,0.0,22688.0,2109.0
2633020,2633021,1.0,1066534,3,2,2,2,-9.0,-9.0,-9.0,-9.0,-9.0,-9,0.0,22688.0,2109.0
2633021,2633022,23.0,1066535,1,2,0,2,1.0,43.0,1.0,-9.0,4.0,6241,14.0,22688.0,2109.0
2633022,2633023,5.0,1066535,2,2,2,2,-9.0,-9.0,-9.0,1.0,-9.0,-9,0.0,22688.0,2109.0
2633023,2633024,1.0,1066535,3,2,2,2,-9.0,-9.0,-9.0,-9.0,-9.0,-9,0.0,22688.0,2109.0
2633024,2633025,23.0,1066536,1,2,0,2,1.0,43.0,1.0,-9.0,4.0,6241,14.0,22686.0,2109.0
2633025,2633026,5.0,1066536,2,2,2,2,-9.0,-9.0,-9.0,1.0,-9.0,-9,0.0,22686.0,2109.0
2633026,2633027,1.0,1066536,3,2,2,2,-9.0,-9.0,-9.0,-9.0,-9.0,-9,0.0,22686.0,2109.0
2633027,2633028,23.0,1066537,1,2,0,2,1.0,43.0,1.0,-9.0,4.0,6241,14.0,22688.0,2109.0
2633028,2633029,5.0,1066537,2,2,2,2,-9.0,-9.0,-9.0,1.0,-9.0,-9,0.0,22688.0,2109.0
2633029,2633030,1.0,1066537,3,2,2,2,-9.0,-9.0,-9.0,-9.0,-9.0,-9,0.0,22688.0,2109.0
2633030,2633031,23.0,1066538,1,2,0,2,1.0,43.0,1.0,-9.0,4.0,6241,14.0,22687.0,2109.0
2633031,2633032,5.0,1066538,2,2,2,2,-9.0,-9.0,-9.0,1.0,-9.0,-9,0.0,22687.0,2109.0
2633032,2633033,1.0,1066538,3,2,2,2,-9.0,-9.0,-9.0,-9.0,-9.0,-9,0.0,22687.0,2109.0
2633033,2633034,23.0,1066539,1,2,0,2,1.0,43.0,1.0,-9.0,4.0,6241,14.0,22687.0,2109.0
2633034,2633035,5.0,1066539,2,2,2,2,-9.0,-9.0,-9.0,1.0,-9.0,-9,0.0,22687.0,2109.0
2633035,2633036,1.0,1066539,3,2,2,2,-9.0,-9.0,-9.0,-9.0,-9.0,-9,0.0,22687.0,2109.0
2633036,2633037,23.0,1066540,1,2,0,2,1.0,43.0,1.0,-9.0,4.0,6241,14.0,22688.0,2109.0
2633037,2633038,5.0,1066540,2,2,2,2,-9.0,-9.0,-9.0,1.0,-9.0,-9,0.0,22688.0,2109.0
2633038,2633039,1.0,1066540,3,2,2,2,-9.0,-9.0,-9.0,-9.0,-9.0,-9,0.0,22688.0,2109.0
2633039,2633040,23.0,1066541,1,2,0,2,1.0,43.0,1.0,-9.0,4.0,6241,14.0,22686.0,2109.0
2633040,2633041,5.0,1066541,2,2,2,2,-9.0,-9.0,-9.0,1.0,-9.0,-9,0.0,22686.0,2109.0
2633041,2633042,1.0,1066541,3,2,2,2,-9.0,-9.0,-9.0,-9.0,-9.0,-9,0.0,22686.0,2109.0
2633042,2633043,23.0,1066542,1,2,0,2,1.0,43.0,1.0,-9.0,4.0,6241,14.0,22688.0,2109.0
2633043,2633044,5.0,1066542,2,2,2,2,-9.0,-9.0,-9.0,1.0,-9.0,-9,0.0,22688.0,2109.0
2633044,2633045,1.0,1066542,3,2,2,2,-9.0,-9.0,-9.0,-9.0,-9.0,-9,0.0,22688.0,2109.0
2633045,2633046,24.0,1066543,1,2,0,2,1.0,20.0,1.0,16.0,4.0,611M1,13.0,22688.0,2109.0
2633046,2633047,3.0,1066543,2,2,2,2,-9.0,-9.0,-9.0,1.0,-9.0,-9,0.0,22688.0,2109.0
2633047,2633048,24.0,1066544,1,2,0,2,1.0,40.0,1.0,-9.0,4.0,621M,14.0,22688.0,2109.0
2633048,2633049,4.0,1066544,2,2,2,2,-9.0,-9.0,-9.0,-9.0,-9.0,-9,0.0,22688.0,2109.0
2633049,2633050,24.0,1066545,1,2,0,2,1.0,40.0,1.0,-9.0,4.0,621M,14.0,22688.0,2109.0
2633050,2633051,4.0,1066545,2,2,2,2,-9.0,-9.0,-9.0,-9.0,-9.0,-9,0.0,22688.0,2109.0
2633051,2633052,24.0,1066546,1,2,0,2,1.0,40.0,1.0,-9.0,4.0,621M,14.0,22688.0,2109.0
2633052,2633053,4.0,1066546,2,2,2,2,-9.0,-9.0,-9.0,-9.0,-9.0,-9,0.0,22688.0,2109.0
2633053,2633054,24.0,1066547,1,2,0,2,1.0,20.0,1.0,16.0,4.0,611M1,13.0,22686.0,2109.0
2633054,2633055,3.0,1066547,2,2,2,2,-9.0,-9.0,-9.0,1.0,-9.0,-9,0.0,22686.0,2109.0
2633055,2633056,24.0,1066548,1,2,0,2,1.0,40.0,1.0,-9.0,4.0,621M,14.0,22686.0,2109.0
2633056,2633057,4.0,1066548,2,2,2,2,-9.0,-9.0,-9.0,-9.0,-9.0,-9,0.0,22686.0,2109.0
2633057,2633058,24.0,1066549,1,2,0,2,1.0,20.0,1.0,16.0,4.0,611M1,13.0,22686.0,2109.0
2633058,2633059,3.0,1066549,2,2,2,2,-9.0,-9.0,-9.0,1.0,-9.0,-9,0.0,22686.0,2109.0
2633059,2633060,24.0,1066550,1,2,0,2,1.0,40.0,1.0,-9.0,4.0,621M,14.0,22686.0,2109.0
2633060,2633061,4.0,1066550,2,2,2,2,-9.0,-9.0,-9.0,-9.0,-9.0,-9,0.0,22686.0,2109.0
2633061,2633062,24.0,1066551,1,2,0,2,1.0,20.0,1.0,16.0,4.0,611M1,13.0,22688.0,2109.0
2633062,2633063,3.0,1066551,2,2,2,2,-9.0,-9.0,-9.0,1.0,-9.0,-9,0.0,22688.0,2109.0
2633063,2633064,24.0,1066552,1,2,0,2,1.0,40.0,1.0,-9.0,4.0,621M,14.0,22688.0,2109.0
2633064,2633065,4.0,1066552,2,2,2,2,-9.0,-9.0,-9.0,-9.0,-9.0,-9,0.0,22688.0,2109.0
2633065,2633066,24.0,1066553,1,2,0,2,1.0,40.0,1.0,-9.0,4.0,621M,14.0,22688.0,2109.0
2633066,2633067,4.0,1066553,2,2,2,2,-9.0,-9.0,-9.0,-9.0,-9.0,-9,0.0,22688.0,2109.0
2633067,2633068,24.0,1066554,1,2,0,2,1.0,20.0,1.0,16.0,4.0,611M1,13.0,22686.0,2109.0
2633068,2633069,3.0,1066554,2,2,2,2,-9.0,-9.0,-9.0,1.0,-9.0,-9,0.0,22686.0,2109.0
2633069,2633070,24.0,1066555,1,2,0,2,1.0,40.0,1.0,-9.0,4.0,621M,14.0,22687.0,2109.0
2633070,2633071,4.0,1066555,2,2,2,2,-9.0,-9.0,-9.0,-9.0,-9.0,-9,0.0,22687.0,2109.0
2633071,2633072,24.0,1066556,1,2,0,2,1.0,40.0,1.0,-9.0,4.0,621M,14.0,22688.0,2109.0
2633072,2633073,4.0,1066556,2,2,2,2,-9.0,-9.0,-9.0,-9.0,-9.0,-9,0.0,22688.0,2109.0
2633073,2633074,24.0,1066557,1,2,0,2,1.0,20.0,1.0,16.0,4.0,611M1,13.0,22688.0,2109.0
2633074,2633075,3.0,1066557,2,2,2,2,-9.0,-9.0,-9.0,1.0,-9.0,-9,0.0,22688.0,2109.0
2633075,2633076,24.0,1066558,1,2,0,2,1.0,40.0,1.0,-9.0,4.0,621M,14.0,22688.0,2109.0
2633076,2633077,4.0,1066558,2,2,2,2,-9.0,-9.0,-9.0,-9.0,-9.0,-9,0.0,22688.0,2109.0
2633077,2633078,24.0,1066559,1,2,0,2,1.0,40.0,1.0,-9.0,4.0,621M,14.0,22688.0,2109.0
2633078,2633079,4.0,1066559,2,2,2,2,-9.0,-9.0,-9.0,-9.0,-9.0,-9,0.0,22688.0,2109.0
2633079,2633080,24.0,1066560,1,2,0,2,1.0,40.0,1.0,-9.0,4.0,621M,14.0,22688.0,2109.0
2633080,2633081,4.0,1066560,2,2,2,2,-9.0,-9.0,-9.0,-9.0,-9.0,-9,0.0,22688.0,2109.0
2633081,2633082,24.0,1066561,1,2,0,2,1.0,40.0,1.0,-9.0,4.0,621M,14.0,22686.0,2109.0
2633082,2633083,4.0,1066561,2,2,2,2,-9.0,-9.0,-9.0,-9.0,-9.0,-9,0.0,22686.0,2109.0
2633083,2633084,24.0,1066562,1,2,0,2,1.0,40.0,1.0,-9.0,4.0,621M,14.0,22688.0,2109.0
2633084,2633085,4.0,1066562,2,2,2,2,-9.0,-9.0,-9.0,-9.0,-9.0,-9,0.0,22688.0,2109.0
2633085,2633086,24.0,1066563,1,2,0,2,1.0,40.0,1.0,-9.0,4.0,621M,14.0,22686.0,2109.0
2633086,2633087,4.0,1066563,2,2,2,2,-9.0,-9.0,-9.0,-9.0,-9.0,-9,0.0,22686.0,2109.0
2633087,2633088,24.0,1066564,1,2,0,2,1.0,20.0,1.0,16.0,4.0,611M1,13.0,22688.0,2109.0
2633088,2633089,3.0,1066564,2,2,2,2,-9.0,-9.0,-9.0,1.0,-9.0,-9,0.0,22688.0,2109.0
2633089,2633090,24.0,1066565,1,2,0,2,1.0,40.0,1.0,-9.0,4.0,621M,14.0,22688.0,2109.0
2633090,2633091,4.0,1066565,2,2,2,2,-9.0,-9.0,-9.0,-9.0,-9.0,-9,0.0,22688.0,2109.0
2633091,2633092,24.0,1066566,1,2,0,2,1.0,40.0,1.0,-9.0,4.0,621M,14.0,22688.0,2109.0
2633092,2633093,4.0,1066566,2,2,2,2,-9.0,-9.0,-9.0,-9.0,-9.0,-9,0.0,22688.0,2109.0
2633093,2633094,24.0,1066567,1,2,0,2,1.0,20.0,1.0,16.0,4.0,611M1,13.0,22688.0,2109.0
2633094,2633095,3.0,1066567,2,2,2,2,-9.0,-9.0,-9.0,1.0,-9.0,-9,0.0,22688.0,2109.0
2633095,2633096,24.0,1066568,1,2,0,2,1.0,40.0,1.0,-9.0,4.0,621M,14.0,22685.0,2109.0
2633096,2633097,4.0,1066568,2,2,2,2,-9.0,-9.0,-9.0,-9.0,-9.0,-9,0.0,22685.0,2109.0
2633097,2633098,24.0,1066569,1,2,0,2,1.0,40.0,1.0,-9.0,4.0,621M,14.0,22688.0,2109.0
2633098,2633099,4.0,1066569,2,2,2,2,-9.0,-9.0,-9.0,-9.0,-9.0,-9,0.0,22688.0,2109.0
2633099,2633100,24.0,1066570,1,2,0,2,1.0,20.0,1.0,16.0,4.0,611M1,13.0,22688.0,2109.0
2633100,2633101,3.0,1066570,2,2,2,2,-9.0,-9.0,-9.0,1.0,-9.0,-9,0.0,22688.0,2109.0
2633101,2633102,24.0,1066571,1,2,0,2,1.0,20.0,1.0,16.0,4.0,611M1,13.0,22687.0,2109.0
2633102,2633103,3.0,1066571,2,2,2,2,-9.0,-9.0,-9.0,1.0,-9.0,-9,0.0,22687.0,2109.0
2633103,2633104,24.0,1066572,1,2,0,2,1.0,40.0,1.0,-9.0,4.0,621M,14.0,22685.0,2109.0
2633104,2633105,4.0,1066572,2,2,2,2,-9.0,-9.0,-9.0,-9.0,-9.0,-9,0.0,22685.0,2109.0
2633105,2633106,24.0,1066573,1,2,0,2,1.0,40.0,1.0,-9.0,4.0,621M,14.0,22688.0,2109.0
2633106,2633107,4.0,1066573,2,2,2,2,-9.0,-9.0,-9.0,-9.0,-9.0,-9,0.0,22688.0,2109.0
2633107,2633108,24.0,1066574,1,2,0,2,1.0,20.0,1.0,16.0,4.0,611M1,13.0,22685.0,2109.0
2633108,2633109,3.0,1066574,2,2,2,2,-9.0,-9.0,-9.0,1.0,-9.0,-9,0.0,22685.0,2109.0
2633109,2633110,24.0,1066575,1,2,0,2,1.0,40.0,1.0,-9.0,4.0,621M,14.0,22686.0,2109.0
2633110,2633111,4.0,1066575,2,2,2,2,-9.0,-9.0,-9.0,-9.0,-9.0,-9,0.0,22686.0,2109.0
2633111,2633112,24.0,1066576,1,2,0,2,1.0,40.0,1.0,-9.0,4.0,621M,14.0,22688.0,2109.0
2633112,2633113,4.0,1066576,2,2,2,2,-9.0,-9.0,-9.0,-9.0,-9.0,-9,0.0,22688.0,2109.0
2633113,2633114,24.0,1066577,1,2,0,2,1.0,40.0,1.0,-9.0,4.0,621M,14.0,22688.0,2109.0
2633114,2633115,4.0,1066577,2,2,2,2,-9.0,-9.0,-9.0,-9.0,-9.0,-9,0.0,22688.0,2109.0
2633115,2633116,24.0,1066578,1,2,0,2,1.0,40.0,1.0,-9.0,4.0,621M,14.0,22688.0,2109.0
2633116,2633117,4.0,1066578,2,2,2,2,-9.0,-9.0,-9.0,-9.0,-9.0,-9,0.0,22688.0,2109.0
2633117,2633118,24.0,1066579,1,2,0,3,1.0,40.0,1.0,-9.0,4.0,336M,3.0,22685.0,2109.0
2633118,2633119,30.0,1066579,2,1,13,1,1.0,45.0,1.0,-9.0,4.0,493,6.0,22685.0,2109.0
2633119,2633120,24.0,1066580,1,2,0,3,1.0,40.0,1.0,-9.0,4.0,336M,3.0,22688.0,2109.0
2633120,2633121,30.0,1066580,2,1,13,1,1.0,45.0,1.0,-9.0,4.0,493,6.0,22688.0,2109.0
2633121,2633122,24.0,1066581,1,2,0,3,1.0,40.0,1.0,-9.0,4.0,336M,3.0,22688.0,2109.0
2633122,2633123,30.0,1066581,2,1,13,1,1.0,45.0,1.0,-9.0,4.0,493,6.0,22688.0,2109.0
2633123,2633124,24.0,1066582,1,2,0,3,1.0,40.0,1.0,-9.0,4.0,336M,3.0,22688.0,2109.0
2633124,2633125,30.0,1066582,2,1,13,1,1.0,45.0,1.0,-9.0,4.0,493,6.0,22688.0,2109.0
2633125,2633126,24.0,1066583,1,2,0,3,1.0,40.0,1.0,-9.0,4.0,336M,3.0,22685.0,2109.0
2633126,2633127,30.0,1066583,2,1,13,1,1.0,45.0,1.0,-9.0,4.0,493,6.0,22685.0,2109.0
2633127,2633128,21.0,1066584,1,2,0,3,1.0,19.0,1.0,15.0,4.0,722Z,16.0,22687.0,2109.0
2633128,2633129,12.0,1066584,2,1,5,3,-9.0,-9.0,-9.0,9.0,-9.0,-9,0.0,22687.0,2109.0
2633129,2633130,43.0,1066584,3,2,6,3,1.0,44.0,1.0,-9.0,4.0,722Z,16.0,22687.0,2109.0
2633130,2633131,21.0,1066585,1,2,0,3,1.0,19.0,1.0,15.0,4.0,722Z,16.0,22688.0,2109.0
2633131,2633132,12.0,1066585,2,1,5,3,-9.0,-9.0,-9.0,9.0,-9.0,-9,0.0,22688.0,2109.0
2633132,2633133,43.0,1066585,3,2,6,3,1.0,44.0,1.0,-9.0,4.0,722Z,16.0,22688.0,2109.0
2633133,2633134,21.0,1066586,1,2,0,3,1.0,19.0,1.0,15.0,4.0,722Z,16.0,22685.0,2109.0
2633134,2633135,12.0,1066586,2,1,5,3,-9.0,-9.0,-9.0,9.0,-9.0,-9,0.0,22685.0,2109.0
2633135,2633136,43.0,1066586,3,2,6,3,1.0,44.0,1.0,-9.0,4.0,722Z,16.0,22685.0,2109.0
2633136,2633137,21.0,1066587,1,2,0,3,1.0,19.0,1.0,15.0,4.0,722Z,16.0,22688.0,2109.0
2633137,2633138,12.0,1066587,2,1,5,3,-9.0,-9.0,-9.0,9.0,-9.0,-9,0.0,22688.0,2109.0
2633138,2633139,43.0,1066587,3,2,6,3,1.0,44.0,1.0,-9.0,4.0,722Z,16.0,22688.0,2109.0
2633139,2633140,21.0,1066588,1,2,0,3,1.0,19.0,1.0,15.0,4.0,722Z,16.0,22688.0,2109.0
2633140,2633141,12.0,1066588,2,1,5,3,-9.0,-9.0,-9.0,9.0,-9.0,-9,0.0,22688.0,2109.0
2633141,2633142,43.0,1066588,3,2,6,3,1.0,44.0,1.0,-9.0,4.0,722Z,16.0,22688.0,2109.0
2633142,2633143,21.0,1066589,1,2,0,3,1.0,19.0,1.0,15.0,4.0,722Z,16.0,22686.0,2109.0
2633143,2633144,12.0,1066589,2,1,5,3,-9.0,-9.0,-9.0,9.0,-9.0,-9,0.0,22686.0,2109.0
2633144,2633145,43.0,1066589,3,2,6,3,1.0,44.0,1.0,-9.0,4.0,722Z,16.0,22686.0,2109.0
2633145,2633146,21.0,1066590,1,2,0,3,1.0,19.0,1.0,15.0,4.0,722Z,16.0,22688.0,2109.0
2633146,2633147,12.0,1066590,2,1,5,3,-9.0,-9.0,-9.0,9.0,-9.0,-9,0.0,22688.0,2109.0
2633147,2633148,43.0,1066590,3,2,6,3,1.0,44.0,1.0,-9.0,4.0,722Z,16.0,22688.0,2109.0
2633148,2633149,21.0,1066591,1,2,0,3,1.0,19.0,1.0,15.0,4.0,722Z,16.0,22688.0,2109.0
2633149,2633150,12.0,1066591,2,1,5,3,-9.0,-9.0,-9.0,9.0,-9.0,-9,0.0,22688.0,2109.0
2633150,2633151,43.0,1066591,3,2,6,3,1.0,44.0,1.0,-9.0,4.0,722Z,16.0,22688.0,2109.0
2633151,2633152,21.0,1066592,1,2,0,3,1.0,19.0,1.0,15.0,4.0,722Z,16.0,22688.0,2109.0
2633152,2633153,12.0,1066592,2,1,5,3,-9.0,-9.0,-9.0,9.0,-9.0,-9,0.0,22688.0,2109.0
2633153,2633154,43.0,1066592,3,2,6,3,1.0,44.0,1.0,-9.0,4.0,722Z,16.0,22688.0,2109.0
2633154,2633155,21.0,1066593,1,2,0,3,1.0,19.0,1.0,15.0,4.0,722Z,16.0,22688.0,2109.0
2633155,2633156,12.0,1066593,2,1,5,3,-9.0,-9.0,-9.0,9.0,-9.0,-9,0.0,22688.0,2109.0
2633156,2633157,43.0,1066593,3,2,6,3,1.0,44.0,1.0,-9.0,4.0,722Z,16.0,22688.0,2109.0
2633157,2633158,21.0,1066594,1,2,0,3,1.0,19.0,1.0,15.0,4.0,722Z,16.0,22688.0,2109.0
2633158,2633159,12.0,1066594,2,1,5,3,-9.0,-9.0,-9.0,9.0,-9.0,-9,0.0,22688.0,2109.0
2633159,2633160,43.0,1066594,3,2,6,3,1.0,44.0,1.0,-9.0,4.0,722Z,16.0,22688.0,2109.0
2633160,2633161,21.0,1066595,1,2,0,3,1.0,19.0,1.0,15.0,4.0,722Z,16.0,22686.0,2109.0
2633161,2633162,12.0,1066595,2,1,5,3,-9.0,-9.0,-9.0,9.0,-9.0,-9,0.0,22686.0,2109.0
2633162,2633163,43.0,1066595,3,2,6,3,1.0,44.0,1.0,-9.0,4.0,722Z,16.0,22686.0,2109.0
2633163,2633164,21.0,1066596,1,2,0,3,1.0,19.0,1.0,15.0,4.0,722Z,16.0,22688.0,2109.0
2633164,2633165,12.0,1066596,2,1,5,3,-9.0,-9.0,-9.0,9.0,-9.0,-9,0.0,22688.0,2109.0
2633165,2633166,43.0,1066596,3,2,6,3,1.0,44.0,1.0,-9.0,4.0,722Z,16.0,22688.0,2109.0
2633166,2633167,21.0,1066597,1,2,0,3,1.0,19.0,1.0,15.0,4.0,722Z,16.0,22686.0,2109.0
2633167,2633168,12.0,1066597,2,1,5,3,-9.0,-9.0,-9.0,9.0,-9.0,-9,0.0,22686.0,2109.0
2633168,2633169,43.0,1066597,3,2,6,3,1.0,44.0,1.0,-9.0,4.0,722Z,16.0,22686.0,2109.0
2633169,2633170,21.0,1066598,1,2,0,3,1.0,19.0,1.0,15.0,4.0,722Z,16.0,22687.0,2109.0
2633170,2633171,12.0,1066598,2,1,5,3,-9.0,-9.0,-9.0,9.0,-9.0,-9,0.0,22687.0,2109.0
2633171,2633172,43.0,1066598,3,2,6,3,1.0,44.0,1.0,-9.0,4.0,722Z,16.0,22687.0,2109.0
2633172,2633173,21.0,1066599,1,2,0,3,1.0,19.0,1.0,15.0,4.0,722Z,16.0,22687.0,2109.0
2633173,2633174,12.0,1066599,2,1,5,3,-9.0,-9.0,-9.0,9.0,-9.0,-9,0.0,22687.0,2109.0
2633174,2633175,43.0,1066599,3,2,6,3,1.0,44.0,1.0,-9.0,4.0,722Z,16.0,22687.0,2109.0
2633175,2633176,21.0,1066600,1,2,0,3,1.0,19.0,1.0,15.0,4.0,722Z,16.0,22688.0,2109.0
2633176,2633177,12.0,1066600,2,1,5,3,-9.0,-9.0,-9.0,9.0,-9.0,-9,0.0,22688.0,2109.0
2633177,2633178,43.0,1066600,3,2,6,3,1.0,44.0,1.0,-9.0,4.0,722Z,16.0,22688.0,2109.0
2633178,2633179,21.0,1066601,1,2,0,3,1.0,19.0,1.0,15.0,4.0,722Z,16.0,22688.0,2109.0
2633179,2633180,12.0,1066601,2,1,5,3,-9.0,-9.0,-9.0,9.0,-9.0,-9,0.0,22688.0,2109.0
2633180,2633181,43.0,1066601,3,2,6,3,1.0,44.0,1.0,-9.0,4.0,722Z,16.0,22688.0,2109.0
2633181,2633182,21.0,1066602,1,2,0,3,1.0,19.0,1.0,15.0,4.0,722Z,16.0,22686.0,2109.0
2633182,2633183,12.0,1066602,2,1,5,3,-9.0,-9.0,-9.0,9.0,-9.0,-9,0.0,22686.0,2109.0
2633183,2633184,43.0,1066602,3,2,6,3,1.0,44.0,1.0,-9.0,4.0,722Z,16.0,22686.0,2109.0
2633184,2633185,21.0,1066603,1,2,0,3,1.0,19.0,1.0,15.0,4.0,722Z,16.0,22688.0,2109.0
2633185,2633186,12.0,1066603,2,1,5,3,-9.0,-9.0,-9.0,9.0,-9.0,-9,0.0,22688.0,2109.0
2633186,2633187,43.0,1066603,3,2,6,3,1.0,44.0,1.0,-9.0,4.0,722Z,16.0,22688.0,2109.0
2633187,2633188,21.0,1066604,1,2,0,3,1.0,19.0,1.0,15.0,4.0,722Z,16.0,22688.0,2109.0
2633188,2633189,12.0,1066604,2,1,5,3,-9.0,-9.0,-9.0,9.0,-9.0,-9,0.0,22688.0,2109.0
2633189,2633190,43.0,1066604,3,2,6,3,1.0,44.0,1.0,-9.0,4.0,722Z,16.0,22688.0,2109.0
2633190,2633191,21.0,1066605,1,2,0,3,1.0,19.0,1.0,15.0,4.0,722Z,16.0,22688.0,2109.0
2633191,2633192,12.0,1066605,2,1,5,3,-9.0,-9.0,-9.0,9.0,-9.0,-9,0.0,22688.0,2109.0
2633192,2633193,43.0,1066605,3,2,6,3,1.0,44.0,1.0,-9.0,4.0,722Z,16.0,22688.0,2109.0
2633193,2633194,21.0,1066606,1,2,0,3,1.0,19.0,1.0,15.0,4.0,722Z,16.0,22688.0,2109.0
2633194,2633195,12.0,1066606,2,1,5,3,-9.0,-9.0,-9.0,9.0,-9.0,-9,0.0,22688.0,2109.0
2633195,2633196,43.0,1066606,3,2,6,3,1.0,44.0,1.0,-9.0,4.0,722Z,16.0,22688.0,2109.0
2633196,2633197,21.0,1066607,1,2,0,3,1.0,19.0,1.0,15.0,4.0,722Z,16.0,22686.0,2109.0
2633197,2633198,12.0,1066607,2,1,5,3,-9.0,-9.0,-9.0,9.0,-9.0,-9,0.0,22686.0,2109.0
2633198,2633199,43.0,1066607,3,2,6,3,1.0,44.0,1.0,-9.0,4.0,722Z,16.0,22686.0,2109.0
2633199,2633200,21.0,1066608,1,2,0,3,1.0,19.0,1.0,15.0,4.0,722Z,16.0,22688.0,2109.0
2633200,2633201,12.0,1066608,2,1,5,3,-9.0,-9.0,-9.0,9.0,-9.0,-9,0.0,22688.0,2109.0
2633201,2633202,43.0,1066608,3,2,6,3,1.0,44.0,1.0,-9.0,4.0,722Z,16.0,22688.0,2109.0
2633202,2633203,21.0,1066609,1,2,0,3,1.0,19.0,1.0,15.0,4.0,722Z,16.0,22688.0,2109.0
2633203,2633204,12.0,1066609,2,1,5,3,-9.0,-9.0,-9.0,9.0,-9.0,-9,0.0,22688.0,2109.0
2633204,2633205,43.0,1066609,3,2,6,3,1.0,44.0,1.0,-9.0,4.0,722Z,16.0,22688.0,2109.0
2633205,2633206,21.0,1066610,1,2,0,3,1.0,19.0,1.0,15.0,4.0,722Z,16.0,22688.0,2109.0
2633206,2633207,12.0,1066610,2,1,5,3,-9.0,-9.0,-9.0,9.0,-9.0,-9,0.0,22688.0,2109.0
2633207,2633208,43.0,1066610,3,2,6,3,1.0,44.0,1.0,-9.0,4.0,722Z,16.0,22688.0,2109.0
2633208,2633209,21.0,1066611,1,2,0,3,1.0,19.0,1.0,15.0,4.0,722Z,16.0,22688.0,2109.0
2633209,2633210,12.0,1066611,2,1,5,3,-9.0,-9.0,-9.0,9.0,-9.0,-9,0.0,22688.0,2109.0
2633210,2633211,43.0,1066611,3,2,6,3,1.0,44.0,1.0,-9.0,4.0,722Z,16.0,22688.0,2109.0
2633211,2633212,21.0,1066612,1,2,0,3,1.0,19.0,1.0,15.0,4.0,722Z,16.0,22688.0,2109.0
2633212,2633213,12.0,1066612,2,1,5,3,-9.0,-9.0,-9.0,9.0,-9.0,-9,0.0,22688.0,2109.0
2633213,2633214,43.0,1066612,3,2,6,3,1.0,44.0,1.0,-9.0,4.0,722Z,16.0,22688.0,2109.0
2633214,2633215,21.0,1066613,1,2,0,3,1.0,19.0,1.0,15.0,4.0,722Z,16.0,22688.0,2109.0
2633215,2633216,12.0,1066613,2,1,5,3,-9.0,-9.0,-9.0,9.0,-9.0,-9,0.0,22688.0,2109.0
2633216,2633217,43.0,1066613,3,2,6,3,1.0,44.0,1.0,-9.0,4.0,722Z,16.0,22688.0,2109.0
2633217,2633218,21.0,1066614,1,2,0,3,1.0,19.0,1.0,15.0,4.0,722Z,16.0,22688.0,2109.0
2633218,2633219,12.0,1066614,2,1,5,3,-9.0,-9.0,-9.0,9.0,-9.0,-9,0.0,22688.0,2109.0
2633219,2633220,43.0,1066614,3,2,6,3,1.0,44.0,1.0,-9.0,4.0,722Z,16.0,22688.0,2109.0
2633220,2633221,21.0,1066615,1,2,0,3,1.0,19.0,1.0,15.0,4.0,722Z,16.0,22686.0,2109.0
2633221,2633222,12.0,1066615,2,1,5,3,-9.0,-9.0,-9.0,9.0,-9.0,-9,0.0,22686.0,2109.0
2633222,2633223,43.0,1066615,3,2,6,3,1.0,44.0,1.0,-9.0,4.0,722Z,16.0,22686.0,2109.0
2633223,2633224,21.0,1066616,1,2,0,3,1.0,19.0,1.0,15.0,4.0,722Z,16.0,22686.0,2109.0
2633224,2633225,12.0,1066616,2,1,5,3,-9.0,-9.0,-9.0,9.0,-9.0,-9,0.0,22686.0,2109.0
2633225,2633226,43.0,1066616,3,2,6,3,1.0,44.0,1.0,-9.0,4.0,722Z,16.0,22686.0,2109.0
2633226,2633227,21.0,1066617,1,2,0,3,1.0,19.0,1.0,15.0,4.0,722Z,16.0,22688.0,2109.0
2633227,2633228,12.0,1066617,2,1,5,3,-9.0,-9.0,-9.0,9.0,-9.0,-9,0.0,22688.0,2109.0
2633228,2633229,43.0,1066617,3,2,6,3,1.0,44.0,1.0,-9.0,4.0,722Z,16.0,22688.0,2109.0
2633229,2633230,21.0,1066618,1,2,0,3,1.0,19.0,1.0,15.0,4.0,722Z,16.0,22688.0,2109.0
2633230,2633231,12.0,1066618,2,1,5,3,-9.0,-9.0,-9.0,9.0,-9.0,-9,0.0,22688.0,2109.0
2633231,2633232,43.0,1066618,3,2,6,3,1.0,44.0,1.0,-9.0,4.0,722Z,16.0,22688.0,2109.0
2633232,2633233,22.0,1066619,1,1,0,1,1.0,10.0,5.0,-9.0,4.0,713Z,16.0,22687.0,2109.0
2633233,2633234,25.0,1066619,2,1,15,1,1.0,40.0,1.0,-9.0,4.0,7115,16.0,22687.0,2109.0
2633234,2633235,21.0,1066619,3,2,13,1,1.0,40.0,1.0,15.0,4.0,713Z,16.0,22687.0,2109.0
2633235,2633236,22.0,1066620,1,1,0,1,1.0,10.0,5.0,-9.0,4.0,713Z,16.0,22688.0,2109.0
2633236,2633237,25.0,1066620,2,1,15,1,1.0,40.0,1.0,-9.0,4.0,7115,16.0,22688.0,2109.0
2633237,2633238,21.0,1066620,3,2,13,1,1.0,40.0,1.0,15.0,4.0,713Z,16.0,22688.0,2109.0
2633238,2633239,22.0,1066621,1,1,0,1,1.0,10.0,5.0,-9.0,4.0,713Z,16.0,22688.0,2109.0
2633239,2633240,25.0,1066621,2,1,15,1,1.0,40.0,1.0,-9.0,4.0,7115,16.0,22688.0,2109.0
2633240,2633241,21.0,1066621,3,2,13,1,1.0,40.0,1.0,15.0,4.0,713Z,16.0,22688.0,2109.0
2633241,2633242,22.0,1066622,1,1,0,1,1.0,10.0,5.0,-9.0,4.0,713Z,16.0,22688.0,2109.0
2633242,2633243,25.0,1066622,2,1,15,1,1.0,40.0,1.0,-9.0,4.0,7115,16.0,22688.0,2109.0
2633243,2633244,21.0,1066622,3,2,13,1,1.0,40.0,1.0,15.0,4.0,713Z,16.0,22688.0,2109.0
2633244,2633245,22.0,1066623,1,1,0,1,1.0,10.0,5.0,-9.0,4.0,713Z,16.0,22688.0,2109.0
2633245,2633246,25.0,1066623,2,1,15,1,1.0,40.0,1.0,-9.0,4.0,7115,16.0,22688.0,2109.0
2633246,2633247,21.0,1066623,3,2,13,1,1.0,40.0,1.0,15.0,4.0,713Z,16.0,22688.0,2109.0
2633247,2633248,22.0,1066624,1,1,0,1,1.0,40.0,1.0,-9.0,4.0,336M,3.0,22688.0,2109.0
2633248,2633249,22.0,1066624,2,1,12,1,1.0,40.0,1.0,-9.0,4.0,336M,3.0,22688.0,2109.0
2633249,2633250,22.0,1066625,1,1,0,1,1.0,40.0,1.0,-9.0,4.0,336M,3.0,22688.0,2109.0
2633250,2633251,22.0,1066625,2,1,12,1,1.0,40.0,1.0,-9.0,4.0,336M,3.0,22688.0,2109.0
2633251,2633252,23.0,1066626,1,1,0,1,1.0,45.0,1.0,-9.0,4.0,51913,8.0,22685.0,2109.0
2633252,2633253,23.0,1066627,1,1,0,1,1.0,45.0,1.0,-9.0,4.0,51913,8.0,22685.0,2109.0
2633253,2633254,23.0,1066628,1,1,0,1,1.0,45.0,1.0,-9.0,4.0,51913,8.0,22688.0,2109.0
2633254,2633255,23.0,1066629,1,1,0,1,1.0,45.0,1.0,-9.0,4.0,51913,8.0,22688.0,2109.0
2633255,2633256,23.0,1066630,1,1,0,1,1.0,45.0,1.0,-9.0,4.0,51913,8.0,22688.0,2109.0
2633256,2633257,24.0,1066631,1,1,0,1,1.0,45.0,1.0,-9.0,4.0,3328,3.0,22685.0,2109.0
2633257,2633258,24.0,1066632,1,1,0,1,1.0,45.0,1.0,-9.0,4.0,3328,3.0,22686.0,2109.0
2633258,2633259,24.0,1066633,1,1,0,1,1.0,45.0,1.0,-9.0,4.0,3328,3.0,22688.0,2109.0
2633259,2633260,24.0,1066634,1,1,0,1,1.0,45.0,1.0,-9.0,4.0,3328,3.0,22688.0,2109.0
2633260,2633261,23.0,1066635,1,2,0,1,6.0,-9.0,-9.0,15.0,4.0,-9,0.0,22688.0,2109.0
2633261,2633262,23.0,1066636,1,2,0,1,6.0,-9.0,-9.0,15.0,4.0,-9,0.0,22686.0,2109.0
2633262,2633263,23.0,1066637,1,2,0,1,6.0,-9.0,-9.0,15.0,4.0,-9,0.0,22686.0,2109.0
2633263,2633264,23.0,1066638,1,2,0,1,6.0,-9.0,-9.0,15.0,4.0,-9,0.0,22687.0,2109.0
2633264,2633265,23.0,1066639,1,2,0,1,6.0,-9.0,-9.0,15.0,4.0,-9,0.0,22688.0,2109.0
2633265,2633266,23.0,1066640,1,2,0,1,6.0,-9.0,-9.0,15.0,4.0,-9,0.0,22687.0,2109.0
2633266,2633267,23.0,1066641,1,2,0,1,6.0,-9.0,-9.0,15.0,4.0,-9,0.0,22688.0,2109.0
2633267,2633268,23.0,1066642,1,2,0,1,6.0,-9.0,-9.0,15.0,4.0,-9,0.0,22686.0,2109.0
2633268,2633269,23.0,1066643,1,2,0,1,6.0,-9.0,-9.0,15.0,4.0,-9,0.0,22685.0,2109.0
2633269,2633270,23.0,1066644,1,2,0,1,6.0,-9.0,-9.0,15.0,4.0,-9,0.0,22688.0,2109.0
2633270,2633271,23.0,1066645,1,2,0,1,6.0,-9.0,-9.0,15.0,4.0,-9,0.0,22688.0,2109.0
2633271,2633272,23.0,1066646,1,2,0,1,6.0,-9.0,-9.0,15.0,4.0,-9,0.0,22688.0,2109.0
2633272,2633273,23.0,1066647,1,2,0,1,6.0,-9.0,-9.0,15.0,4.0,-9,0.0,22687.0,2109.0
2633273,2633274,23.0,1066648,1,2,0,1,6.0,-9.0,-9.0,15.0,4.0,-9,0.0,22688.0,2109.0
2633274,2633275,23.0,1066649,1,2,0,1,6.0,-9.0,-9.0,15.0,4.0,-9,0.0,22688.0,2109.0
2633275,2633276,23.0,1066650,1,2,0,1,6.0,-9.0,-9.0,15.0,4.0,-9,0.0,22688.0,2109.0
2633276,2633277,23.0,1066651,1,2,0,1,6.0,-9.0,-9.0,15.0,4.0,-9,0.0,22688.0,2109.0
2633277,2633278,23.0,1066652,1,2,0,1,6.0,-9.0,-9.0,15.0,4.0,-9,0.0,22688.0,2109.0
2633278,2633279,23.0,1066653,1,2,0,1,6.0,-9.0,-9.0,15.0,4.0,-9,0.0,22688.0,2109.0
2633279,2633280,23.0,1066654,1,2,0,1,6.0,-9.0,-9.0,15.0,4.0,-9,0.0,22686.0,2109.0
2633280,2633281,23.0,1066655,1,2,0,1,6.0,-9.0,-9.0,15.0,4.0,-9,0.0,22688.0,2109.0
2633281,2633282,23.0,1066656,1,2,0,1,6.0,-9.0,-9.0,15.0,4.0,-9,0.0,22688.0,2109.0
2633282,2633283,23.0,1066657,1,2,0,1,6.0,-9.0,-9.0,15.0,4.0,-9,0.0,22685.0,2109.0
2633283,2633284,23.0,1066658,1,2,0,1,6.0,-9.0,-9.0,15.0,4.0,-9,0.0,22688.0,2109.0
2633284,2633285,23.0,1066659,1,2,0,1,6.0,-9.0,-9.0,15.0,4.0,-9,0.0,22688.0,2109.0
2633285,2633286,24.0,1066660,1,1,0,1,1.0,40.0,3.0,-9.0,4.0,44511,5.0,22688.0,2109.0
2633286,2633287,28.0,1066660,2,2,12,2,1.0,40.0,1.0,-9.0,4.0,722Z,16.0,22688.0,2109.0
2633287,2633288,26.0,1066660,3,1,12,1,2.0,40.0,1.0,-9.0,4.0,44511,5.0,22688.0,2109.0
2633288,2633289,19.0,1066660,4,2,12,1,1.0,40.0,1.0,-9.0,4.0,44511,5.0,22688.0,2109.0
2633289,2633290,24.0,1066661,1,1,0,1,1.0,40.0,3.0,-9.0,4.0,44511,5.0,22688.0,2109.0
2633290,2633291,28.0,1066661,2,2,12,2,1.0,40.0,1.0,-9.0,4.0,722Z,16.0,22688.0,2109.0
2633291,2633292,26.0,1066661,3,1,12,1,2.0,40.0,1.0,-9.0,4.0,44511,5.0,22688.0,2109.0
2633292,2633293,19.0,1066661,4,2,12,1,1.0,40.0,1.0,-9.0,4.0,44511,5.0,22688.0,2109.0
2633293,2633294,24.0,1066662,1,1,0,1,1.0,40.0,3.0,-9.0,4.0,44511,5.0,22688.0,2109.0
2633294,2633295,28.0,1066662,2,2,12,2,1.0,40.0,1.0,-9.0,4.0,722Z,16.0,22688.0,2109.0
2633295,2633296,26.0,1066662,3,1,12,1,2.0,40.0,1.0,-9.0,4.0,44511,5.0,22688.0,2109.0
2633296,2633297,19.0,1066662,4,2,12,1,1.0,40.0,1.0,-9.0,4.0,44511,5.0,22688.0,2109.0
2633297,2633298,24.0,1066663,1,1,0,1,1.0,40.0,3.0,-9.0,4.0,44511,5.0,22688.0,2109.0
2633298,2633299,28.0,1066663,2,2,12,2,1.0,40.0,1.0,-9.0,4.0,722Z,16.0,22688.0,2109.0
2633299,2633300,26.0,1066663,3,1,12,1,2.0,40.0,1.0,-9.0,4.0,44511,5.0,22688.0,2109.0
2633300,2633301,19.0,1066663,4,2,12,1,1.0,40.0,1.0,-9.0,4.0,44511,5.0,22688.0,2109.0
2633301,2633302,24.0,1066664,1,1,0,1,1.0,40.0,3.0,-9.0,4.0,44511,5.0,22688.0,2109.0
2633302,2633303,28.0,1066664,2,2,12,2,1.0,40.0,1.0,-9.0,4.0,722Z,16.0,22688.0,2109.0
2633303,2633304,26.0,1066664,3,1,12,1,2.0,40.0,1.0,-9.0,4.0,44511,5.0,22688.0,2109.0
2633304,2633305,19.0,1066664,4,2,12,1,1.0,40.0,1.0,-9.0,4.0,44511,5.0,22688.0,2109.0
2633305,2633306,24.0,1066665,1,1,0,1,1.0,40.0,3.0,-9.0,4.0,44511,5.0,22688.0,2109.0
2633306,2633307,28.0,1066665,2,2,12,2,1.0,40.0,1.0,-9.0,4.0,722Z,16.0,22688.0,2109.0
2633307,2633308,26.0,1066665,3,1,12,1,2.0,40.0,1.0,-9.0,4.0,44511,5.0,22688.0,2109.0
2633308,2633309,19.0,1066665,4,2,12,1,1.0,40.0,1.0,-9.0,4.0,44511,5.0,22688.0,2109.0
2633309,2633310,24.0,1066666,1,1,0,1,1.0,40.0,3.0,-9.0,4.0,44511,5.0,22688.0,2109.0
2633310,2633311,28.0,1066666,2,2,12,2,1.0,40.0,1.0,-9.0,4.0,722Z,16.0,22688.0,2109.0
2633311,2633312,26.0,1066666,3,1,12,1,2.0,40.0,1.0,-9.0,4.0,44511,5.0,22688.0,2109.0
2633312,2633313,19.0,1066666,4,2,12,1,1.0,40.0,1.0,-9.0,4.0,44511,5.0,22688.0,2109.0
2633313,2633314,24.0,1066667,1,1,0,1,1.0,40.0,3.0,-9.0,4.0,44511,5.0,22688.0,2109.0
2633314,2633315,28.0,1066667,2,2,12,2,1.0,40.0,1.0,-9.0,4.0,722Z,16.0,22688.0,2109.0
2633315,2633316,26.0,1066667,3,1,12,1,2.0,40.0,1.0,-9.0,4.0,44511,5.0,22688.0,2109.0
2633316,2633317,19.0,1066667,4,2,12,1,1.0,40.0,1.0,-9.0,4.0,44511,5.0,22688.0,2109.0
2633317,2633318,24.0,1066668,1,1,0,1,1.0,40.0,3.0,-9.0,4.0,44511,5.0,22688.0,2109.0
2633318,2633319,28.0,1066668,2,2,12,2,1.0,40.0,1.0,-9.0,4.0,722Z,16.0,22688.0,2109.0
2633319,2633320,26.0,1066668,3,1,12,1,2.0,40.0,1.0,-9.0,4.0,44511,5.0,22688.0,2109.0
2633320,2633321,19.0,1066668,4,2,12,1,1.0,40.0,1.0,-9.0,4.0,44511,5.0,22688.0,2109.0
2633321,2633322,24.0,1066669,1,1,0,1,1.0,40.0,3.0,-9.0,4.0,44511,5.0,22687.0,2109.0
2633322,2633323,28.0,1066669,2,2,12,2,1.0,40.0,1.0,-9.0,4.0,722Z,16.0,22687.0,2109.0
2633323,2633324,26.0,1066669,3,1,12,1,2.0,40.0,1.0,-9.0,4.0,44511,5.0,22687.0,2109.0
2633324,2633325,19.0,1066669,4,2,12,1,1.0,40.0,1.0,-9.0,4.0,44511,5.0,22687.0,2109.0
2633325,2633326,24.0,1066670,1,1,0,1,1.0,40.0,3.0,-9.0,4.0,44511,5.0,22688.0,2109.0
2633326,2633327,28.0,1066670,2,2,12,2,1.0,40.0,1.0,-9.0,4.0,722Z,16.0,22688.0,2109.0
2633327,2633328,26.0,1066670,3,1,12,1,2.0,40.0,1.0,-9.0,4.0,44511,5.0,22688.0,2109.0
2633328,2633329,19.0,1066670,4,2,12,1,1.0,40.0,1.0,-9.0,4.0,44511,5.0,22688.0,2109.0
2633329,2633330,24.0,1066671,1,1,0,1,1.0,40.0,3.0,-9.0,4.0,44511,5.0,22688.0,2109.0
2633330,2633331,28.0,1066671,2,2,12,2,1.0,40.0,1.0,-9.0,4.0,722Z,16.0,22688.0,2109.0
2633331,2633332,26.0,1066671,3,1,12,1,2.0,40.0,1.0,-9.0,4.0,44511,5.0,22688.0,2109.0
2633332,2633333,19.0,1066671,4,2,12,1,1.0,40.0,1.0,-9.0,4.0,44511,5.0,22688.0,2109.0
2633333,2633334,24.0,1066672,1,1,0,1,1.0,40.0,3.0,-9.0,4.0,44511,5.0,22688.0,2109.0
2633334,2633335,28.0,1066672,2,2,12,2,1.0,40.0,1.0,-9.0,4.0,722Z,16.0,22688.0,2109.0
2633335,2633336,26.0,1066672,3,1,12,1,2.0,40.0,1.0,-9.0,4.0,44511,5.0,22688.0,2109.0
2633336,2633337,19.0,1066672,4,2,12,1,1.0,40.0,1.0,-9.0,4.0,44511,5.0,22688.0,2109.0
2633337,2633338,24.0,1066673,1,1,0,1,1.0,40.0,3.0,-9.0,4.0,44511,5.0,22688.0,2109.0
2633338,2633339,28.0,1066673,2,2,12,2,1.0,40.0,1.0,-9.0,4.0,722Z,16.0,22688.0,2109.0
2633339,2633340,26.0,1066673,3,1,12,1,2.0,40.0,1.0,-9.0,4.0,44511,5.0,22688.0,2109.0
2633340,2633341,19.0,1066673,4,2,12,1,1.0,40.0,1.0,-9.0,4.0,44511,5.0,22688.0,2109.0
2633341,2633342,23.0,1066674,1,2,0,1,1.0,25.0,1.0,15.0,4.0,722Z,16.0,22688.0,2109.0
2633342,2633343,24.0,1066674,2,2,12,3,6.0,10.0,3.0,15.0,4.0,611M1,13.0,22688.0,2109.0
2633343,2633344,24.0,1066674,3,2,12,2,1.0,30.0,1.0,-9.0,4.0,6244,14.0,22688.0,2109.0
2633344,2633345,18.0,1066674,4,2,12,1,1.0,30.0,4.0,15.0,4.0,446Z,5.0,22688.0,2109.0
2633345,2633346,23.0,1066675,1,2,0,1,1.0,40.0,1.0,15.0,4.0,6244,14.0,22688.0,2109.0
2633346,2633347,22.0,1066675,2,2,12,1,1.0,21.0,1.0,15.0,4.0,611M1,13.0,22688.0,2109.0
2633347,2633348,21.0,1066675,3,2,12,1,1.0,30.0,1.0,15.0,4.0,6244,14.0,22688.0,2109.0
2633348,2633349,23.0,1066676,1,2,0,1,1.0,40.0,1.0,15.0,4.0,44511,5.0,22688.0,2109.0
2633349,2633350,20.0,1066676,2,2,13,1,1.0,30.0,1.0,15.0,4.0,447,5.0,22688.0,2109.0
2633350,2633351,24.0,1066676,3,1,12,1,1.0,40.0,1.0,-9.0,4.0,44511,5.0,22688.0,2109.0
2633351,2633352,23.0,1066677,1,2,0,1,1.0,35.0,1.0,-9.0,4.0,813M,17.0,22688.0,2109.0
2633352,2633353,37.0,1066677,2,1,12,1,1.0,35.0,3.0,-9.0,4.0,812112,17.0,22688.0,2109.0
2633353,2633354,23.0,1066678,1,2,0,1,1.0,35.0,1.0,-9.0,4.0,813M,17.0,22688.0,2109.0
2633354,2633355,37.0,1066678,2,1,12,1,1.0,35.0,3.0,-9.0,4.0,812112,17.0,22688.0,2109.0
2633355,2633356,23.0,1066679,1,2,0,1,1.0,35.0,1.0,-9.0,4.0,813M,17.0,22688.0,2109.0
2633356,2633357,37.0,1066679,2,1,12,1,1.0,35.0,3.0,-9.0,4.0,812112,17.0,22688.0,2109.0
2633357,2633358,23.0,1066680,1,2,0,1,1.0,35.0,1.0,-9.0,4.0,813M,17.0,22688.0,2109.0
2633358,2633359,37.0,1066680,2,1,12,1,1.0,35.0,3.0,-9.0,4.0,812112,17.0,22688.0,2109.0
2633359,2633360,23.0,1066681,1,2,0,1,1.0,35.0,1.0,-9.0,4.0,813M,17.0,22688.0,2109.0
2633360,2633361,37.0,1066681,2,1,12,1,1.0,35.0,3.0,-9.0,4.0,812112,17.0,22688.0,2109.0
2633361,2633362,23.0,1066682,1,2,0,1,1.0,35.0,1.0,-9.0,4.0,813M,17.0,22686.0,2109.0
2633362,2633363,37.0,1066682,2,1,12,1,1.0,35.0,3.0,-9.0,4.0,812112,17.0,22686.0,2109.0
2633363,2633364,23.0,1066683,1,2,0,1,1.0,35.0,1.0,-9.0,4.0,813M,17.0,22688.0,2109.0
2633364,2633365,37.0,1066683,2,1,12,1,1.0,35.0,3.0,-9.0,4.0,812112,17.0,22688.0,2109.0
2633365,2633366,23.0,1066684,1,2,0,1,1.0,35.0,1.0,-9.0,4.0,813M,17.0,22687.0,2109.0
2633366,2633367,37.0,1066684,2,1,12,1,1.0,35.0,3.0,-9.0,4.0,812112,17.0,22687.0,2109.0
2633367,2633368,23.0,1066685,1,2,0,1,1.0,35.0,1.0,-9.0,4.0,813M,17.0,22686.0,2109.0
2633368,2633369,37.0,1066685,2,1,12,1,1.0,35.0,3.0,-9.0,4.0,812112,17.0,22686.0,2109.0
2633369,2633370,23.0,1066686,1,2,0,1,1.0,35.0,1.0,-9.0,4.0,813M,17.0,22688.0,2109.0
2633370,2633371,37.0,1066686,2,1,12,1,1.0,35.0,3.0,-9.0,4.0,812112,17.0,22688.0,2109.0
2633371,2633372,23.0,1066687,1,2,0,1,1.0,35.0,1.0,-9.0,4.0,813M,17.0,22687.0,2109.0
2633372,2633373,37.0,1066687,2,1,12,1,1.0,35.0,3.0,-9.0,4.0,812112,17.0,22687.0,2109.0
2633373,2633374,23.0,1066688,1,2,0,1,1.0,35.0,1.0,-9.0,4.0,813M,17.0,22688.0,2109.0
2633374,2633375,37.0,1066688,2,1,12,1,1.0,35.0,3.0,-9.0,4.0,812112,17.0,22688.0,2109.0
2633375,2633376,23.0,1066689,1,2,0,1,1.0,35.0,1.0,-9.0,4.0,813M,17.0,22685.0,2109.0
2633376,2633377,37.0,1066689,2,1,12,1,1.0,35.0,3.0,-9.0,4.0,812112,17.0,22685.0,2109.0
2633377,2633378,23.0,1066690,1,2,0,1,1.0,35.0,1.0,-9.0,4.0,813M,17.0,22685.0,2109.0
2633378,2633379,37.0,1066690,2,1,12,1,1.0,35.0,3.0,-9.0,4.0,812112,17.0,22685.0,2109.0
2633379,2633380,23.0,1066691,1,2,0,1,1.0,35.0,1.0,-9.0,4.0,813M,17.0,22688.0,2109.0
2633380,2633381,37.0,1066691,2,1,12,1,1.0,35.0,3.0,-9.0,4.0,812112,17.0,22688.0,2109.0
2633381,2633382,23.0,1066692,1,2,0,1,1.0,35.0,1.0,-9.0,4.0,813M,17.0,22688.0,2109.0
2633382,2633383,37.0,1066692,2,1,12,1,1.0,35.0,3.0,-9.0,4.0,812112,17.0,22688.0,2109.0
2633383,2633384,23.0,1066693,1,2,0,1,1.0,35.0,1.0,-9.0,4.0,813M,17.0,22688.0,2109.0
2633384,2633385,37.0,1066693,2,1,12,1,1.0,35.0,3.0,-9.0,4.0,812112,17.0,22688.0,2109.0
2633385,2633386,23.0,1066694,1,2,0,1,1.0,35.0,1.0,-9.0,4.0,813M,17.0,22688.0,2109.0
2633386,2633387,37.0,1066694,2,1,12,1,1.0,35.0,3.0,-9.0,4.0,812112,17.0,22688.0,2109.0
2633387,2633388,23.0,1066695,1,2,0,1,1.0,35.0,1.0,-9.0,4.0,813M,17.0,22688.0,2109.0
2633388,2633389,37.0,1066695,2,1,12,1,1.0,35.0,3.0,-9.0,4.0,812112,17.0,22688.0,2109.0
2633389,2633390,23.0,1066696,1,2,0,1,1.0,35.0,1.0,-9.0,4.0,813M,17.0,22687.0,2109.0
2633390,2633391,37.0,1066696,2,1,12,1,1.0,35.0,3.0,-9.0,4.0,812112,17.0,22687.0,2109.0
2633391,2633392,23.0,1066697,1,2,0,1,1.0,35.0,1.0,-9.0,4.0,813M,17.0,22688.0,2109.0
2633392,2633393,37.0,1066697,2,1,12,1,1.0,35.0,3.0,-9.0,4.0,812112,17.0,22688.0,2109.0
2633393,2633394,23.0,1066698,1,2,0,1,1.0,35.0,1.0,-9.0,4.0,813M,17.0,22685.0,2109.0
2633394,2633395,37.0,1066698,2,1,12,1,1.0,35.0,3.0,-9.0,4.0,812112,17.0,22685.0,2109.0
2633395,2633396,23.0,1066699,1,2,0,1,1.0,35.0,1.0,-9.0,4.0,813M,17.0,22686.0,2109.0
2633396,2633397,37.0,1066699,2,1,12,1,1.0,35.0,3.0,-9.0,4.0,812112,17.0,22686.0,2109.0
2633397,2633398,23.0,1066700,1,2,0,1,1.0,35.0,1.0,-9.0,4.0,813M,17.0,22688.0,2109.0
2633398,2633399,37.0,1066700,2,1,12,1,1.0,35.0,3.0,-9.0,4.0,812112,17.0,22688.0,2109.0
2633399,2633400,23.0,1066701,1,2,0,1,1.0,35.0,1.0,-9.0,4.0,813M,17.0,22688.0,2109.0
2633400,2633401,37.0,1066701,2,1,12,1,1.0,35.0,3.0,-9.0,4.0,812112,17.0,22688.0,2109.0
2633401,2633402,23.0,1066702,1,2,0,1,1.0,35.0,1.0,-9.0,4.0,813M,17.0,22688.0,2109.0
2633402,2633403,37.0,1066702,2,1,12,1,1.0,35.0,3.0,-9.0,4.0,812112,17.0,22688.0,2109.0
2633403,2633404,23.0,1066703,1,2,0,1,1.0,35.0,1.0,-9.0,4.0,813M,17.0,22688.0,2109.0
2633404,2633405,37.0,1066703,2,1,12,1,1.0,35.0,3.0,-9.0,4.0,812112,17.0,22688.0,2109.0
2633405,2633406,23.0,1066704,1,2,0,1,1.0,35.0,1.0,-9.0,4.0,813M,17.0,22688.0,2109.0
2633406,2633407,37.0,1066704,2,1,12,1,1.0,35.0,3.0,-9.0,4.0,812112,17.0,22688.0,2109.0
2633407,2633408,23.0,1066705,1,2,0,1,1.0,35.0,1.0,-9.0,4.0,813M,17.0,22686.0,2109.0
2633408,2633409,37.0,1066705,2,1,12,1,1.0,35.0,3.0,-9.0,4.0,812112,17.0,22686.0,2109.0
2633409,2633410,22.0,1066706,1,2,0,1,6.0,30.0,4.0,-9.0,4.0,814,17.0,22688.0,2109.0
2633410,2633411,24.0,1066706,2,1,1,1,1.0,50.0,1.0,-9.0,2.0,4441Z,5.0,22688.0,2109.0
2633411,2633412,23.0,1066707,1,2,0,1,1.0,40.0,1.0,-9.0,4.0,622M,15.0,22688.0,2109.0
2633412,2633413,23.0,1066708,1,2,0,1,1.0,40.0,1.0,16.0,4.0,611M1,13.0,22687.0,2109.0
2633413,2633414,23.0,1066709,1,2,0,1,1.0,40.0,1.0,16.0,4.0,611M1,13.0,22686.0,2109.0
2633414,2633415,23.0,1066710,1,2,0,1,1.0,40.0,1.0,16.0,4.0,611M1,13.0,22686.0,2109.0
2633415,2633416,24.0,1066711,1,2,0,1,1.0,40.0,4.0,-9.0,4.0,6111,13.0,22688.0,2109.0
2633416,2633417,23.0,1066712,1,2,0,1,1.0,40.0,1.0,-9.0,4.0,622M,15.0,22686.0,2109.0
2633417,2633418,23.0,1066713,1,2,0,1,1.0,40.0,1.0,16.0,4.0,611M1,13.0,22686.0,2109.0
2633418,2633419,24.0,1066714,1,2,0,1,1.0,36.0,1.0,-9.0,4.0,622M,15.0,22688.0,2109.0
2633419,2633420,23.0,1066715,1,2,0,1,1.0,40.0,1.0,16.0,4.0,611M1,13.0,22686.0,2109.0
2633420,2633421,23.0,1066716,1,2,0,1,1.0,40.0,1.0,16.0,4.0,611M1,13.0,22688.0,2109.0
2633421,2633422,23.0,1066717,1,2,0,1,1.0,40.0,1.0,-9.0,4.0,622M,15.0,22688.0,2109.0
2633422,2633423,23.0,1066718,1,2,0,1,1.0,40.0,1.0,16.0,4.0,611M1,13.0,22686.0,2109.0
2633423,2633424,23.0,1066719,1,2,0,1,1.0,40.0,1.0,-9.0,4.0,622M,15.0,22685.0,2109.0
2633424,2633425,23.0,1066720,1,2,0,1,1.0,40.0,1.0,16.0,4.0,611M1,13.0,22688.0,2109.0
2633425,2633426,23.0,1066721,1,2,0,1,1.0,40.0,1.0,-9.0,4.0,622M,15.0,22688.0,2109.0
2633426,2633427,24.0,1066722,1,2,0,1,1.0,40.0,1.0,-9.0,4.0,5242,9.0,22688.0,2109.0
2633427,2633428,24.0,1066723,1,1,0,1,1.0,40.0,1.0,-9.0,4.0,51912,8.0,22688.0,2109.0
2633428,2633429,22.0,1066724,1,1,0,1,1.0,40.0,5.0,-9.0,4.0,336M,3.0,22688.0,2109.0
2633429,2633430,22.0,1066725,1,1,0,1,1.0,40.0,5.0,-9.0,4.0,336M,3.0,22686.0,2109.0
2633430,2633431,22.0,1066726,1,1,0,1,1.0,40.0,5.0,-9.0,4.0,336M,3.0,22688.0,2109.0
2633431,2633432,21.0,1066727,1,1,0,1,1.0,40.0,1.0,15.0,4.0,8111Z,17.0,22686.0,2109.0
2633432,2633433,20.0,1066727,2,2,1,1,1.0,35.0,3.0,15.0,4.0,611M1,13.0,22686.0,2109.0
2633433,2633434,21.0,1066728,1,1,0,1,1.0,40.0,1.0,15.0,4.0,8111Z,17.0,22688.0,2109.0
2633434,2633435,20.0,1066728,2,2,1,1,1.0,35.0,3.0,15.0,4.0,611M1,13.0,22688.0,2109.0
2633435,2633436,23.0,1066729,1,1,0,1,1.0,42.0,1.0,-9.0,4.0,484,6.0,22688.0,2109.0
2633436,2633437,18.0,1066729,2,2,5,1,1.0,20.0,5.0,-9.0,4.0,484,6.0,22688.0,2109.0
2633437,2633438,23.0,1066730,1,1,0,1,1.0,42.0,1.0,-9.0,4.0,484,6.0,22688.0,2109.0
2633438,2633439,18.0,1066730,2,2,5,1,1.0,20.0,5.0,-9.0,4.0,484,6.0,22688.0,2109.0
2633439,2633440,23.0,1066731,1,1,0,1,1.0,42.0,1.0,-9.0,4.0,484,6.0,22688.0,2109.0
2633440,2633441,18.0,1066731,2,2,5,1,1.0,20.0,5.0,-9.0,4.0,484,6.0,22688.0,2109.0
2633441,2633442,23.0,1066732,1,2,0,1,1.0,5.0,1.0,-9.0,4.0,814,17.0,22686.0,2109.0
2633442,2633443,23.0,1066733,1,2,0,1,1.0,5.0,1.0,-9.0,4.0,814,17.0,22686.0,2109.0
2633443,2633444,23.0,1066734,1,2,0,1,1.0,5.0,1.0,-9.0,4.0,814,17.0,22688.0,2109.0
2633444,2633445,23.0,1066735,1,2,0,1,1.0,5.0,1.0,-9.0,4.0,814,17.0,22688.0,2109.0
2633445,2633446,23.0,1066736,1,2,0,1,1.0,5.0,1.0,-9.0,4.0,814,17.0,22688.0,2109.0
2633446,2633447,23.0,1066737,1,2,0,1,1.0,5.0,1.0,-9.0,4.0,814,17.0,22688.0,2109.0
2633447,2633448,23.0,1066738,1,2,0,1,1.0,5.0,1.0,-9.0,4.0,814,17.0,22688.0,2109.0
2633448,2633449,23.0,1066739,1,2,0,1,1.0,5.0,1.0,-9.0,4.0,814,17.0,22688.0,2109.0
2633449,2633450,23.0,1066740,1,2,0,1,1.0,5.0,1.0,-9.0,4.0,814,17.0,22687.0,2109.0
2633450,2633451,23.0,1066741,1,2,0,1,1.0,5.0,1.0,-9.0,4.0,814,17.0,22688.0,2109.0
2633451,2633452,23.0,1066742,1,2,0,1,1.0,5.0,1.0,-9.0,4.0,814,17.0,22688.0,2109.0
2633452,2633453,23.0,1066743,1,2,0,1,1.0,5.0,1.0,-9.0,4.0,814,17.0,22688.0,2109.0
2633453,2633454,23.0,1066744,1,2,0,1,1.0,5.0,1.0,-9.0,4.0,814,17.0,22686.0,2109.0
2633454,2633455,23.0,1066745,1,2,0,1,1.0,5.0,1.0,-9.0,4.0,814,17.0,22688.0,2109.0
2633455,2633456,23.0,1066746,1,2,0,1,1.0,5.0,1.0,-9.0,4.0,814,17.0,22686.0,2109.0
2633456,2633457,23.0,1066747,1,2,0,1,1.0,5.0,1.0,-9.0,4.0,814,17.0,22687.0,2109.0
2633457,2633458,23.0,1066748,1,2,0,1,1.0,5.0,1.0,-9.0,4.0,814,17.0,22688.0,2109.0
2633458,2633459,23.0,1066749,1,2,0,1,1.0,5.0,1.0,-9.0,4.0,814,17.0,22688.0,2109.0
2633459,2633460,23.0,1066750,1,2,0,1,1.0,5.0,1.0,-9.0,4.0,814,17.0,22688.0,2109.0
2633460,2633461,23.0,1066751,1,2,0,1,1.0,5.0,1.0,-9.0,4.0,814,17.0,22688.0,2109.0
2633461,2633462,23.0,1066752,1,2,0,1,1.0,5.0,1.0,-9.0,4.0,814,17.0,22688.0,2109.0
2633462,2633463,23.0,1066753,1,2,0,1,1.0,42.0,6.0,-9.0,4.0,336M,3.0,22688.0,2109.0
2633463,2633464,23.0,1066754,1,2,0,1,1.0,42.0,6.0,-9.0,4.0,336M,3.0,22688.0,2109.0
2633464,2633465,23.0,1066755,1,2,0,1,1.0,42.0,6.0,-9.0,4.0,336M,3.0,22688.0,2109.0
2633465,2633466,23.0,1066756,1,2,0,1,1.0,42.0,6.0,-9.0,4.0,336M,3.0,22688.0,2109.0
2633466,2633467,23.0,1066757,1,2,0,1,1.0,42.0,6.0,-9.0,4.0,336M,3.0,22688.0,2109.0
2633467,2633468,23.0,1066758,1,2,0,1,1.0,42.0,6.0,-9.0,4.0,336M,3.0,22688.0,2109.0
2633468,2633469,22.0,1066759,1,2,0,1,1.0,30.0,1.0,-9.0,4.0,484,6.0,22688.0,2109.0
2633469,2633470,1.0,1066759,2,1,2,1,-9.0,-9.0,-9.0,-9.0,-9.0,-9,0.0,22688.0,2109.0
2633470,2633471,22.0,1066760,1,2,0,1,1.0,30.0,1.0,-9.0,4.0,484,6.0,22688.0,2109.0
2633471,2633472,1.0,1066760,2,1,2,1,-9.0,-9.0,-9.0,-9.0,-9.0,-9,0.0,22688.0,2109.0
2633472,2633473,22.0,1066761,1,2,0,1,1.0,30.0,1.0,-9.0,4.0,484,6.0,22687.0,2109.0
2633473,2633474,1.0,1066761,2,1,2,1,-9.0,-9.0,-9.0,-9.0,-9.0,-9,0.0,22687.0,2109.0
2633474,2633475,24.0,1066762,1,1,0,1,1.0,15.0,1.0,15.0,4.0,722Z,16.0,22688.0,2109.0
2633475,2633476,2.0,1066762,2,1,2,1,-9.0,-9.0,-9.0,-9.0,-9.0,-9,0.0,22688.0,2109.0
2633476,2633477,24.0,1066763,1,2,0,1,1.0,25.0,1.0,-9.0,4.0,5613,12.0,22688.0,2109.0
2633477,2633478,9.0,1066763,2,2,2,1,-9.0,-9.0,-9.0,5.0,-9.0,-9,0.0,22688.0,2109.0
2633478,2633479,4.0,1066763,3,1,2,1,-9.0,-9.0,-9.0,1.0,-9.0,-9,0.0,22688.0,2109.0
2639586,2639587,45.0,1069323,1,1,0,2,1.0,45.0,1.0,-9.0,4.0,722Z,16.0,22726.0,2113.0
2639587,2639588,21.0,1069323,2,1,2,2,1.0,40.0,4.0,-9.0,4.0,722Z,16.0,22726.0,2113.0
2639618,2639619,56.0,1069338,1,2,0,1,1.0,40.0,1.0,-9.0,4.0,622M,15.0,22726.0,2113.0
2639619,2639620,18.0,1069338,2,2,2,1,1.0,20.0,5.0,14.0,4.0,722Z,16.0,22726.0,2113.0
2639702,2639703,45.0,1069380,1,2,0,1,1.0,35.0,1.0,-9.0,4.0,6242,14.0,22726.0,2113.0
2639703,2639704,21.0,1069380,2,2,3,1,1.0,38.0,1.0,15.0,4.0,623M,14.0,22726.0,2113.0
2639868,2639869,42.0,1069427,1,2,0,2,6.0,-9.0,-9.0,-9.0,4.0,-9,0.0,22726.0,2113.0
2639869,2639870,19.0,1069427,2,1,2,2,6.0,40.0,5.0,-9.0,4.0,722Z,16.0,22726.0,2113.0
2639870,2639871,17.0,1069427,3,1,2,2,1.0,12.0,4.0,12.0,4.0,722Z,16.0,22726.0,2113.0
2639871,2639872,15.0,1069427,4,1,2,2,-9.0,-9.0,-9.0,11.0,-9.0,-9,0.0,22726.0,2113.0
2640096,2640097,28.0,1069641,1,1,0,1,3.0,30.0,4.0,-9.0,4.0,722Z,16.0,22726.0,2113.0
2640168,2640169,67.0,1069678,1,2,0,2,1.0,40.0,1.0,-9.0,4.0,611M1,13.0,22692.0,2110.0
2640169,2640170,64.0,1069678,2,2,5,2,2.0,25.0,1.0,-9.0,4.0,611M1,13.0,22692.0,2110.0
2640170,2640171,52.0,1069678,3,2,5,2,1.0,40.0,1.0,-9.0,4.0,622M,15.0,22692.0,2110.0
2640171,2640172,67.0,1069679,1,2,0,2,1.0,40.0,1.0,-9.0,4.0,611M1,13.0,22698.0,2110.0
2640172,2640173,64.0,1069679,2,2,5,2,2.0,25.0,1.0,-9.0,4.0,611M1,13.0,22698.0,2110.0
2640173,2640174,52.0,1069679,3,2,5,2,1.0,40.0,1.0,-9.0,4.0,622M,15.0,22698.0,2110.0
2640174,2640175,67.0,1069680,1,2,0,2,1.0,40.0,1.0,-9.0,4.0,611M1,13.0,22679.0,2107.0
2640175,2640176,64.0,1069680,2,2,5,2,2.0,25.0,1.0,-9.0,4.0,611M1,13.0,22679.0,2107.0
2640176,2640177,52.0,1069680,3,2,5,2,1.0,40.0,1.0,-9.0,4.0,622M,15.0,22679.0,2107.0
2640177,2640178,67.0,1069681,1,2,0,2,1.0,40.0,1.0,-9.0,4.0,611M1,13.0,22676.0,2107.0
2640178,2640179,64.0,1069681,2,2,5,2,2.0,25.0,1.0,-9.0,4.0,611M1,13.0,22676.0,2107.0
2640179,2640180,52.0,1069681,3,2,5,2,1.0,40.0,1.0,-9.0,4.0,622M,15.0,22676.0,2107.0
2640180,2640181,67.0,1069682,1,2,0,2,1.0,40.0,1.0,-9.0,4.0,611M1,13.0,22675.0,2107.0
2640181,2640182,64.0,1069682,2,2,5,2,2.0,25.0,1.0,-9.0,4.0,611M1,13.0,22675.0,2107.0
2640182,2640183,52.0,1069682,3,2,5,2,1.0,40.0,1.0,-9.0,4.0,622M,15.0,22675.0,2107.0
2640183,2640184,67.0,1069683,1,2,0,2,1.0,40.0,1.0,-9.0,4.0,611M1,13.0,22702.0,2110.0
2640184,2640185,64.0,1069683,2,2,5,2,2.0,25.0,1.0,-9.0,4.0,611M1,13.0,22702.0,2110.0
2640185,2640186,52.0,1069683,3,2,5,2,1.0,40.0,1.0,-9.0,4.0,622M,15.0,22702.0,2110.0
2640186,2640187,67.0,1069684,1,2,0,2,1.0,40.0,1.0,-9.0,4.0,611M1,13.0,22676.0,2107.0
2640187,2640188,64.0,1069684,2,2,5,2,2.0,25.0,1.0,-9.0,4.0,611M1,13.0,22676.0,2107.0
2640188,2640189,52.0,1069684,3,2,5,2,1.0,40.0,1.0,-9.0,4.0,622M,15.0,22676.0,2107.0
2640189,2640190,67.0,1069685,1,2,0,2,1.0,40.0,1.0,-9.0,4.0,611M1,13.0,22691.0,2110.0
2640190,2640191,64.0,1069685,2,2,5,2,2.0,25.0,1.0,-9.0,4.0,611M1,13.0,22691.0,2110.0
2640191,2640192,52.0,1069685,3,2,5,2,1.0,40.0,1.0,-9.0,4.0,622M,15.0,22691.0,2110.0
2640192,2640193,67.0,1069686,1,2,0,2,1.0,40.0,1.0,-9.0,4.0,611M1,13.0,22691.0,2110.0
2640193,2640194,64.0,1069686,2,2,5,2,2.0,25.0,1.0,-9.0,4.0,611M1,13.0,22691.0,2110.0
2640194,2640195,52.0,1069686,3,2,5,2,1.0,40.0,1.0,-9.0,4.0,622M,15.0,22691.0,2110.0
2640195,2640196,67.0,1069687,1,2,0,2,1.0,40.0,1.0,-9.0,4.0,611M1,13.0,22698.0,2110.0
2640196,2640197,64.0,1069687,2,2,5,2,2.0,25.0,1.0,-9.0,4.0,611M1,13.0,22698.0,2110.0
2640197,2640198,52.0,1069687,3,2,5,2,1.0,40.0,1.0,-9.0,4.0,622M,15.0,22698.0,2110.0
2640198,2640199,67.0,1069688,1,2,0,2,1.0,40.0,1.0,-9.0,4.0,611M1,13.0,22698.0,2110.0
2640199,2640200,64.0,1069688,2,2,5,2,2.0,25.0,1.0,-9.0,4.0,611M1,13.0,22698.0,2110.0
2640200,2640201,52.0,1069688,3,2,5,2,1.0,40.0,1.0,-9.0,4.0,622M,15.0,22698.0,2110.0
2640201,2640202,67.0,1069689,1,2,0,2,1.0,40.0,1.0,-9.0,4.0,611M1,13.0,22698.0,2110.0
2640202,2640203,64.0,1069689,2,2,5,2,2.0,25.0,1.0,-9.0,4.0,611M1,13.0,22698.0,2110.0
2640203,2640204,52.0,1069689,3,2,5,2,1.0,40.0,1.0,-9.0,4.0,622M,15.0,22698.0,2110.0
2640204,2640205,67.0,1069690,1,2,0,2,1.0,40.0,1.0,-9.0,4.0,611M1,13.0,22709.0,2110.0
2640205,2640206,64.0,1069690,2,2,5,2,2.0,25.0,1.0,-9.0,4.0,611M1,13.0,22709.0,2110.0
2640206,2640207,52.0,1069690,3,2,5,2,1.0,40.0,1.0,-9.0,4.0,622M,15.0,22709.0,2110.0
2640207,2640208,67.0,1069691,1,2,0,2,1.0,40.0,1.0,-9.0,4.0,611M1,13.0,22676.0,2107.0
2640208,2640209,64.0,1069691,2,2,5,2,2.0,25.0,1.0,-9.0,4.0,611M1,13.0,22676.0,2107.0
2640209,2640210,52.0,1069691,3,2,5,2,1.0,40.0,1.0,-9.0,4.0,622M,15.0,22676.0,2107.0
2640210,2640211,67.0,1069692,1,2,0,2,1.0,40.0,1.0,-9.0,4.0,611M1,13.0,22679.0,2107.0
2640211,2640212,64.0,1069692,2,2,5,2,2.0,25.0,1.0,-9.0,4.0,611M1,13.0,22679.0,2107.0
2640212,2640213,52.0,1069692,3,2,5,2,1.0,40.0,1.0,-9.0,4.0,622M,15.0,22679.0,2107.0
2640213,2640214,67.0,1069693,1,2,0,2,1.0,40.0,1.0,-9.0,4.0,611M1,13.0,22706.0,2110.0
2640214,2640215,64.0,1069693,2,2,5,2,2.0,25.0,1.0,-9.0,4.0,611M1,13.0,22706.0,2110.0
2640215,2640216,52.0,1069693,3,2,5,2,1.0,40.0,1.0,-9.0,4.0,622M,15.0,22706.0,2110.0
2640216,2640217,67.0,1069694,1,2,0,2,1.0,40.0,1.0,-9.0,4.0,611M1,13.0,22679.0,2107.0
2640217,2640218,64.0,1069694,2,2,5,2,2.0,25.0,1.0,-9.0,4.0,611M1,13.0,22679.0,2107.0
2640218,2640219,52.0,1069694,3,2,5,2,1.0,40.0,1.0,-9.0,4.0,622M,15.0,22679.0,2107.0
2640219,2640220,67.0,1069695,1,2,0,2,1.0,40.0,1.0,-9.0,4.0,611M1,13.0,22692.0,2110.0
2640220,2640221,64.0,1069695,2,2,5,2,2.0,25.0,1.0,-9.0,4.0,611M1,13.0,22692.0,2110.0
2640221,2640222,52.0,1069695,3,2,5,2,1.0,40.0,1.0,-9.0,4.0,622M,15.0,22692.0,2110.0
2640222,2640223,67.0,1069696,1,2,0,2,1.0,40.0,1.0,-9.0,4.0,611M1,13.0,22694.0,2110.0
2640223,2640224,64.0,1069696,2,2,5,2,2.0,25.0,1.0,-9.0,4.0,611M1,13.0,22694.0,2110.0
2640224,2640225,52.0,1069696,3,2,5,2,1.0,40.0,1.0,-9.0,4.0,622M,15.0,22694.0,2110.0
2640225,2640226,67.0,1069697,1,2,0,2,1.0,40.0,1.0,-9.0,4.0,611M1,13.0,22694.0,2110.0
2640226,2640227,64.0,1069697,2,2,5,2,2.0,25.0,1.0,-9.0,4.0,611M1,13.0,22694.0,2110.0
2640227,2640228,52.0,1069697,3,2,5,2,1.0,40.0,1.0,-9.0,4.0,622M,15.0,22694.0,2110.0
2640228,2640229,67.0,1069698,1,2,0,2,1.0,40.0,1.0,-9.0,4.0,611M1,13.0,22676.0,2107.0
2640229,2640230,64.0,1069698,2,2,5,2,2.0,25.0,1.0,-9.0,4.0,611M1,13.0,22676.0,2107.0
2640230,2640231,52.0,1069698,3,2,5,2,1.0,40.0,1.0,-9.0,4.0,622M,15.0,22676.0,2107.0
2640231,2640232,67.0,1069699,1,2,0,2,1.0,40.0,1.0,-9.0,4.0,611M1,13.0,22676.0,2107.0
2640232,2640233,64.0,1069699,2,2,5,2,2.0,25.0,1.0,-9.0,4.0,611M1,13.0,22676.0,2107.0
2640233,2640234,52.0,1069699,3,2,5,2,1.0,40.0,1.0,-9.0,4.0,622M,15.0,22676.0,2107.0
2640234,2640235,67.0,1069700,1,2,0,2,1.0,40.0,1.0,-9.0,4.0,611M1,13.0,22679.0,2107.0
2640235,2640236,64.0,1069700,2,2,5,2,2.0,25.0,1.0,-9.0,4.0,611M1,13.0,22679.0,2107.0
2640236,2640237,52.0,1069700,3,2,5,2,1.0,40.0,1.0,-9.0,4.0,622M,15.0,22679.0,2107.0
2640237,2640238,67.0,1069701,1,2,0,2,1.0,40.0,1.0,-9.0,4.0,611M1,13.0,22677.0,2107.0
2640238,2640239,64.0,1069701,2,2,5,2,2.0,25.0,1.0,-9.0,4.0,611M1,13.0,22677.0,2107.0
2640239,2640240,52.0,1069701,3,2,5,2,1.0,40.0,1.0,-9.0,4.0,622M,15.0,22677.0,2107.0
2640240,2640241,65.0,1069702,1,1,0,2,1.0,45.0,1.0,-9.0,4.0,531M,9.0,22707.0,2110.0
2640241,2640242,62.0,1069702,2,2,1,1,6.0,-9.0,-9.0,-9.0,4.0,-9,0.0,22707.0,2110.0
2640242,2640243,65.0,1069703,1,1,0,2,1.0,45.0,1.0,-9.0,4.0,531M,9.0,22676.0,2107.0
2640243,2640244,62.0,1069703,2,2,1,1,6.0,-9.0,-9.0,-9.0,4.0,-9,0.0,22676.0,2107.0
2640244,2640245,65.0,1069704,1,1,0,2,1.0,45.0,1.0,-9.0,4.0,531M,9.0,22693.0,2110.0
2640245,2640246,62.0,1069704,2,2,1,1,6.0,-9.0,-9.0,-9.0,4.0,-9,0.0,22693.0,2110.0
2640246,2640247,65.0,1069705,1,1,0,2,1.0,45.0,1.0,-9.0,4.0,531M,9.0,22679.0,2107.0
2640247,2640248,62.0,1069705,2,2,1,1,6.0,-9.0,-9.0,-9.0,4.0,-9,0.0,22679.0,2107.0
2640248,2640249,65.0,1069706,1,1,0,2,1.0,45.0,1.0,-9.0,4.0,531M,9.0,22677.0,2107.0
2640249,2640250,62.0,1069706,2,2,1,1,6.0,-9.0,-9.0,-9.0,4.0,-9,0.0,22677.0,2107.0
2640250,2640251,65.0,1069707,1,1,0,2,1.0,45.0,1.0,-9.0,4.0,531M,9.0,22679.0,2107.0
2640251,2640252,62.0,1069707,2,2,1,1,6.0,-9.0,-9.0,-9.0,4.0,-9,0.0,22679.0,2107.0
2640252,2640253,65.0,1069708,1,1,0,2,1.0,45.0,1.0,-9.0,4.0,531M,9.0,22697.0,2110.0
2640253,2640254,62.0,1069708,2,2,1,1,6.0,-9.0,-9.0,-9.0,4.0,-9,0.0,22697.0,2110.0
2640254,2640255,65.0,1069709,1,1,0,2,1.0,45.0,1.0,-9.0,4.0,531M,9.0,22676.0,2107.0
2640255,2640256,62.0,1069709,2,2,1,1,6.0,-9.0,-9.0,-9.0,4.0,-9,0.0,22676.0,2107.0
2640256,2640257,65.0,1069710,1,1,0,2,1.0,45.0,1.0,-9.0,4.0,531M,9.0,22676.0,2107.0
2640257,2640258,62.0,1069710,2,2,1,1,6.0,-9.0,-9.0,-9.0,4.0,-9,0.0,22676.0,2107.0
2640258,2640259,65.0,1069711,1,1,0,2,1.0,45.0,1.0,-9.0,4.0,531M,9.0,22707.0,2110.0
2640259,2640260,62.0,1069711,2,2,1,1,6.0,-9.0,-9.0,-9.0,4.0,-9,0.0,22707.0,2110.0
2640260,2640261,65.0,1069712,1,1,0,2,1.0,45.0,1.0,-9.0,4.0,531M,9.0,22675.0,2107.0
2640261,2640262,62.0,1069712,2,2,1,1,6.0,-9.0,-9.0,-9.0,4.0,-9,0.0,22675.0,2107.0
2640262,2640263,65.0,1069713,1,1,0,2,1.0,45.0,1.0,-9.0,4.0,531M,9.0,22676.0,2107.0
2640263,2640264,62.0,1069713,2,2,1,1,6.0,-9.0,-9.0,-9.0,4.0,-9,0.0,22676.0,2107.0
2640264,2640265,65.0,1069714,1,1,0,2,1.0,45.0,1.0,-9.0,4.0,531M,9.0,22697.0,2110.0
2640265,2640266,62.0,1069714,2,2,1,1,6.0,-9.0,-9.0,-9.0,4.0,-9,0.0,22697.0,2110.0
2640266,2640267,65.0,1069715,1,1,0,2,1.0,45.0,1.0,-9.0,4.0,531M,9.0,22697.0,2110.0
2640267,2640268,62.0,1069715,2,2,1,1,6.0,-9.0,-9.0,-9.0,4.0,-9,0.0,22697.0,2110.0
2640268,2640269,65.0,1069716,1,1,0,2,1.0,45.0,1.0,-9.0,4.0,531M,9.0,22710.0,2110.0
2640269,2640270,62.0,1069716,2,2,1,1,6.0,-9.0,-9.0,-9.0,4.0,-9,0.0,22710.0,2110.0
2640270,2640271,65.0,1069717,1,1,0,2,1.0,45.0,1.0,-9.0,4.0,531M,9.0,22694.0,2110.0
2640271,2640272,62.0,1069717,2,2,1,1,6.0,-9.0,-9.0,-9.0,4.0,-9,0.0,22694.0,2110.0
2640272,2640273,65.0,1069718,1,1,0,2,1.0,45.0,1.0,-9.0,4.0,531M,9.0,22677.0,2107.0
2640273,2640274,62.0,1069718,2,2,1,1,6.0,-9.0,-9.0,-9.0,4.0,-9,0.0,22677.0,2107.0
2640274,2640275,65.0,1069719,1,1,0,2,1.0,45.0,1.0,-9.0,4.0,531M,9.0,22706.0,2110.0
2640275,2640276,62.0,1069719,2,2,1,1,6.0,-9.0,-9.0,-9.0,4.0,-9,0.0,22706.0,2110.0
2640276,2640277,65.0,1069720,1,1,0,2,1.0,45.0,1.0,-9.0,4.0,531M,9.0,22679.0,2107.0
2640277,2640278,62.0,1069720,2,2,1,1,6.0,-9.0,-9.0,-9.0,4.0,-9,0.0,22679.0,2107.0
2640278,2640279,65.0,1069721,1,1,0,2,1.0,45.0,1.0,-9.0,4.0,531M,9.0,22698.0,2110.0
2640279,2640280,62.0,1069721,2,2,1,1,6.0,-9.0,-9.0,-9.0,4.0,-9,0.0,22698.0,2110.0
2640280,2640281,65.0,1069722,1,1,0,2,1.0,45.0,1.0,-9.0,4.0,531M,9.0,22679.0,2107.0
2640281,2640282,62.0,1069722,2,2,1,1,6.0,-9.0,-9.0,-9.0,4.0,-9,0.0,22679.0,2107.0
2640282,2640283,65.0,1069723,1,1,0,2,1.0,45.0,1.0,-9.0,4.0,531M,9.0,22706.0,2110.0
2640283,2640284,62.0,1069723,2,2,1,1,6.0,-9.0,-9.0,-9.0,4.0,-9,0.0,22706.0,2110.0
2640284,2640285,65.0,1069724,1,1,0,2,1.0,45.0,1.0,-9.0,4.0,531M,9.0,22705.0,2110.0
2640285,2640286,62.0,1069724,2,2,1,1,6.0,-9.0,-9.0,-9.0,4.0,-9,0.0,22705.0,2110.0
2640286,2640287,65.0,1069725,1,1,0,2,1.0,45.0,1.0,-9.0,4.0,531M,9.0,22676.0,2107.0
2640287,2640288,62.0,1069725,2,2,1,1,6.0,-9.0,-9.0,-9.0,4.0,-9,0.0,22676.0,2107.0
2640288,2640289,70.0,1069726,1,2,0,2,6.0,-9.0,-9.0,-9.0,4.0,-9,0.0,22676.0,2107.0
2640289,2640290,47.0,1069726,2,2,2,2,1.0,40.0,1.0,-9.0,4.0,44821,5.0,22676.0,2107.0
2640290,2640291,1.0,1069726,3,1,7,2,-9.0,-9.0,-9.0,-9.0,-9.0,-9,0.0,22676.0,2107.0
2640291,2640292,74.0,1069727,1,2,0,2,6.0,-9.0,-9.0,-9.0,4.0,-9,0.0,22675.0,2107.0
2640292,2640293,56.0,1069727,2,2,2,2,6.0,-9.0,-9.0,-9.0,4.0,-9,0.0,22675.0,2107.0
2640293,2640294,11.0,1069727,3,2,7,2,-9.0,-9.0,-9.0,8.0,-9.0,-9,0.0,22675.0,2107.0
2640294,2640295,74.0,1069728,1,2,0,2,6.0,-9.0,-9.0,-9.0,4.0,-9,0.0,22675.0,2107.0
2640295,2640296,56.0,1069728,2,2,2,2,6.0,-9.0,-9.0,-9.0,4.0,-9,0.0,22675.0,2107.0
2640296,2640297,11.0,1069728,3,2,7,2,-9.0,-9.0,-9.0,8.0,-9.0,-9,0.0,22675.0,2107.0
2640297,2640298,74.0,1069729,1,2,0,2,6.0,-9.0,-9.0,-9.0,4.0,-9,0.0,22676.0,2107.0
2640298,2640299,56.0,1069729,2,2,2,2,6.0,-9.0,-9.0,-9.0,4.0,-9,0.0,22676.0,2107.0
2640299,2640300,11.0,1069729,3,2,7,2,-9.0,-9.0,-9.0,8.0,-9.0,-9,0.0,22676.0,2107.0
2640300,2640301,74.0,1069730,1,2,0,2,6.0,-9.0,-9.0,-9.0,4.0,-9,0.0,22698.0,2110.0
2640301,2640302,56.0,1069730,2,2,2,2,6.0,-9.0,-9.0,-9.0,4.0,-9,0.0,22698.0,2110.0
2640302,2640303,11.0,1069730,3,2,7,2,-9.0,-9.0,-9.0,8.0,-9.0,-9,0.0,22698.0,2110.0
2640303,2640304,65.0,1069731,1,2,0,3,1.0,60.0,1.0,-9.0,4.0,622M,15.0,22676.0,2107.0
2640304,2640305,62.0,1069731,2,1,1,1,1.0,60.0,1.0,-9.0,4.0,611M1,13.0,22676.0,2107.0
2640305,2640306,65.0,1069732,1,2,0,3,1.0,60.0,1.0,-9.0,4.0,622M,15.0,22676.0,2107.0
2640306,2640307,62.0,1069732,2,1,1,1,1.0,60.0,1.0,-9.0,4.0,611M1,13.0,22676.0,2107.0
2640307,2640308,65.0,1069733,1,2,0,3,1.0,60.0,1.0,-9.0,4.0,622M,15.0,22700.0,2110.0
2640308,2640309,62.0,1069733,2,1,1,1,1.0,60.0,1.0,-9.0,4.0,611M1,13.0,22700.0,2110.0
2640309,2640310,65.0,1069734,1,2,0,3,1.0,60.0,1.0,-9.0,4.0,622M,15.0,22675.0,2107.0
2640310,2640311,62.0,1069734,2,1,1,1,1.0,60.0,1.0,-9.0,4.0,611M1,13.0,22675.0,2107.0
2640311,2640312,65.0,1069735,1,2,0,3,1.0,60.0,1.0,-9.0,4.0,622M,15.0,22693.0,2110.0
2640312,2640313,62.0,1069735,2,1,1,1,1.0,60.0,1.0,-9.0,4.0,611M1,13.0,22693.0,2110.0
2640313,2640314,65.0,1069736,1,2,0,3,1.0,60.0,1.0,-9.0,4.0,622M,15.0,22697.0,2110.0
2640314,2640315,62.0,1069736,2,1,1,1,1.0,60.0,1.0,-9.0,4.0,611M1,13.0,22697.0,2110.0
2640315,2640316,65.0,1069737,1,2,0,3,1.0,60.0,1.0,-9.0,4.0,622M,15.0,22694.0,2110.0
2640316,2640317,62.0,1069737,2,1,1,1,1.0,60.0,1.0,-9.0,4.0,611M1,13.0,22694.0,2110.0
2640317,2640318,65.0,1069738,1,2,0,3,1.0,60.0,1.0,-9.0,4.0,622M,15.0,22675.0,2107.0
2640318,2640319,62.0,1069738,2,1,1,1,1.0,60.0,1.0,-9.0,4.0,611M1,13.0,22675.0,2107.0
2640319,2640320,65.0,1069739,1,2,0,3,1.0,60.0,1.0,-9.0,4.0,622M,15.0,22691.0,2110.0
2640320,2640321,62.0,1069739,2,1,1,1,1.0,60.0,1.0,-9.0,4.0,611M1,13.0,22691.0,2110.0
2640321,2640322,65.0,1069740,1,2,0,3,1.0,60.0,1.0,-9.0,4.0,622M,15.0,22679.0,2107.0
2640322,2640323,62.0,1069740,2,1,1,1,1.0,60.0,1.0,-9.0,4.0,611M1,13.0,22679.0,2107.0
2640323,2640324,65.0,1069741,1,2,0,3,1.0,60.0,1.0,-9.0,4.0,622M,15.0,22691.0,2110.0
2640324,2640325,62.0,1069741,2,1,1,1,1.0,60.0,1.0,-9.0,4.0,611M1,13.0,22691.0,2110.0
2640325,2640326,76.0,1069742,1,1,0,3,2.0,30.0,1.0,-9.0,4.0,5413,10.0,22709.0,2110.0
2640326,2640327,77.0,1069742,2,2,1,1,6.0,-9.0,-9.0,-9.0,4.0,-9,0.0,22709.0,2110.0
2640327,2640328,50.0,1069742,3,1,2,3,3.0,-9.0,-9.0,-9.0,4.0,999920,0.0,22709.0,2110.0
2640328,2640329,18.0,1069742,4,2,7,3,6.0,-9.0,-9.0,14.0,4.0,-9,0.0,22709.0,2110.0
2640329,2640330,76.0,1069743,1,1,0,3,2.0,30.0,1.0,-9.0,4.0,5413,10.0,22675.0,2107.0
2640330,2640331,77.0,1069743,2,2,1,1,6.0,-9.0,-9.0,-9.0,4.0,-9,0.0,22675.0,2107.0
2640331,2640332,50.0,1069743,3,1,2,3,3.0,-9.0,-9.0,-9.0,4.0,999920,0.0,22675.0,2107.0
2640332,2640333,18.0,1069743,4,2,7,3,6.0,-9.0,-9.0,14.0,4.0,-9,0.0,22675.0,2107.0
2640333,2640334,76.0,1069744,1,1,0,3,2.0,30.0,1.0,-9.0,4.0,5413,10.0,22707.0,2110.0
2640334,2640335,77.0,1069744,2,2,1,1,6.0,-9.0,-9.0,-9.0,4.0,-9,0.0,22707.0,2110.0
2640335,2640336,50.0,1069744,3,1,2,3,3.0,-9.0,-9.0,-9.0,4.0,999920,0.0,22707.0,2110.0
2640336,2640337,18.0,1069744,4,2,7,3,6.0,-9.0,-9.0,14.0,4.0,-9,0.0,22707.0,2110.0
2640337,2640338,76.0,1069745,1,1,0,3,2.0,30.0,1.0,-9.0,4.0,5413,10.0,22710.0,2110.0
2640338,2640339,77.0,1069745,2,2,1,1,6.0,-9.0,-9.0,-9.0,4.0,-9,0.0,22710.0,2110.0
2640339,2640340,50.0,1069745,3,1,2,3,3.0,-9.0,-9.0,-9.0,4.0,999920,0.0,22710.0,2110.0
2640340,2640341,18.0,1069745,4,2,7,3,6.0,-9.0,-9.0,14.0,4.0,-9,0.0,22710.0,2110.0
2640341,2640342,76.0,1069746,1,1,0,3,2.0,30.0,1.0,-9.0,4.0,5413,10.0,22677.0,2107.0
2640342,2640343,77.0,1069746,2,2,1,1,6.0,-9.0,-9.0,-9.0,4.0,-9,0.0,22677.0,2107.0
2640343,2640344,50.0,1069746,3,1,2,3,3.0,-9.0,-9.0,-9.0,4.0,999920,0.0,22677.0,2107.0
2640344,2640345,18.0,1069746,4,2,7,3,6.0,-9.0,-9.0,14.0,4.0,-9,0.0,22677.0,2107.0
2640345,2640346,76.0,1069747,1,1,0,3,2.0,30.0,1.0,-9.0,4.0,5413,10.0,22676.0,2107.0
2640346,2640347,77.0,1069747,2,2,1,1,6.0,-9.0,-9.0,-9.0,4.0,-9,0.0,22676.0,2107.0
2640347,2640348,50.0,1069747,3,1,2,3,3.0,-9.0,-9.0,-9.0,4.0,999920,0.0,22676.0,2107.0
2640348,2640349,18.0,1069747,4,2,7,3,6.0,-9.0,-9.0,14.0,4.0,-9,0.0,22676.0,2107.0
2640349,2640350,76.0,1069748,1,1,0,3,2.0,30.0,1.0,-9.0,4.0,5413,10.0,22676.0,2107.0
2640350,2640351,77.0,1069748,2,2,1,1,6.0,-9.0,-9.0,-9.0,4.0,-9,0.0,22676.0,2107.0
2640351,2640352,50.0,1069748,3,1,2,3,3.0,-9.0,-9.0,-9.0,4.0,999920,0.0,22676.0,2107.0
2640352,2640353,18.0,1069748,4,2,7,3,6.0,-9.0,-9.0,14.0,4.0,-9,0.0,22676.0,2107.0
2640353,2640354,76.0,1069749,1,1,0,3,2.0,30.0,1.0,-9.0,4.0,5413,10.0,22709.0,2110.0
2640354,2640355,77.0,1069749,2,2,1,1,6.0,-9.0,-9.0,-9.0,4.0,-9,0.0,22709.0,2110.0
2640355,2640356,50.0,1069749,3,1,2,3,3.0,-9.0,-9.0,-9.0,4.0,999920,0.0,22709.0,2110.0
2640356,2640357,18.0,1069749,4,2,7,3,6.0,-9.0,-9.0,14.0,4.0,-9,0.0,22709.0,2110.0
2640357,2640358,76.0,1069750,1,1,0,3,2.0,30.0,1.0,-9.0,4.0,5413,10.0,22676.0,2107.0
2640358,2640359,77.0,1069750,2,2,1,1,6.0,-9.0,-9.0,-9.0,4.0,-9,0.0,22676.0,2107.0
2640359,2640360,50.0,1069750,3,1,2,3,3.0,-9.0,-9.0,-9.0,4.0,999920,0.0,22676.0,2107.0
2640360,2640361,18.0,1069750,4,2,7,3,6.0,-9.0,-9.0,14.0,4.0,-9,0.0,22676.0,2107.0
2640361,2640362,76.0,1069751,1,1,0,3,2.0,30.0,1.0,-9.0,4.0,5413,10.0,22691.0,2110.0
2640362,2640363,77.0,1069751,2,2,1,1,6.0,-9.0,-9.0,-9.0,4.0,-9,0.0,22691.0,2110.0
2640363,2640364,50.0,1069751,3,1,2,3,3.0,-9.0,-9.0,-9.0,4.0,999920,0.0,22691.0,2110.0
2640364,2640365,18.0,1069751,4,2,7,3,6.0,-9.0,-9.0,14.0,4.0,-9,0.0,22691.0,2110.0
2640365,2640366,76.0,1069752,1,1,0,3,2.0,30.0,1.0,-9.0,4.0,5413,10.0,22705.0,2110.0
2640366,2640367,77.0,1069752,2,2,1,1,6.0,-9.0,-9.0,-9.0,4.0,-9,0.0,22705.0,2110.0
2640367,2640368,50.0,1069752,3,1,2,3,3.0,-9.0,-9.0,-9.0,4.0,999920,0.0,22705.0,2110.0
2640368,2640369,18.0,1069752,4,2,7,3,6.0,-9.0,-9.0,14.0,4.0,-9,0.0,22705.0,2110.0
2640369,2640370,76.0,1069753,1,1,0,3,2.0,30.0,1.0,-9.0,4.0,5413,10.0,22702.0,2110.0
2640370,2640371,77.0,1069753,2,2,1,1,6.0,-9.0,-9.0,-9.0,4.0,-9,0.0,22702.0,2110.0
2640371,2640372,50.0,1069753,3,1,2,3,3.0,-9.0,-9.0,-9.0,4.0,999920,0.0,22702.0,2110.0
2640372,2640373,18.0,1069753,4,2,7,3,6.0,-9.0,-9.0,14.0,4.0,-9,0.0,22702.0,2110.0
2640373,2640374,76.0,1069754,1,1,0,3,2.0,30.0,1.0,-9.0,4.0,5413,10.0,22692.0,2110.0
2640374,2640375,77.0,1069754,2,2,1,1,6.0,-9.0,-9.0,-9.0,4.0,-9,0.0,22692.0,2110.0
2640375,2640376,50.0,1069754,3,1,2,3,3.0,-9.0,-9.0,-9.0,4.0,999920,0.0,22692.0,2110.0
2640376,2640377,18.0,1069754,4,2,7,3,6.0,-9.0,-9.0,14.0,4.0,-9,0.0,22692.0,2110.0
2640377,2640378,76.0,1069755,1,1,0,3,2.0,30.0,1.0,-9.0,4.0,5413,10.0,22706.0,2110.0
2640378,2640379,77.0,1069755,2,2,1,1,6.0,-9.0,-9.0,-9.0,4.0,-9,0.0,22706.0,2110.0
2640379,2640380,50.0,1069755,3,1,2,3,3.0,-9.0,-9.0,-9.0,4.0,999920,0.0,22706.0,2110.0
2640380,2640381,18.0,1069755,4,2,7,3,6.0,-9.0,-9.0,14.0,4.0,-9,0.0,22706.0,2110.0
2640381,2640382,76.0,1069756,1,1,0,3,2.0,30.0,1.0,-9.0,4.0,5413,10.0,22702.0,2110.0
2640382,2640383,77.0,1069756,2,2,1,1,6.0,-9.0,-9.0,-9.0,4.0,-9,0.0,22702.0,2110.0
2640383,2640384,50.0,1069756,3,1,2,3,3.0,-9.0,-9.0,-9.0,4.0,999920,0.0,22702.0,2110.0
2640384,2640385,18.0,1069756,4,2,7,3,6.0,-9.0,-9.0,14.0,4.0,-9,0.0,22702.0,2110.0
2640385,2640386,76.0,1069757,1,1,0,3,2.0,30.0,1.0,-9.0,4.0,5413,10.0,22702.0,2110.0
2640386,2640387,77.0,1069757,2,2,1,1,6.0,-9.0,-9.0,-9.0,4.0,-9,0.0,22702.0,2110.0
2640387,2640388,50.0,1069757,3,1,2,3,3.0,-9.0,-9.0,-9.0,4.0,999920,0.0,22702.0,2110.0
2640388,2640389,18.0,1069757,4,2,7,3,6.0,-9.0,-9.0,14.0,4.0,-9,0.0,22702.0,2110.0
2640389,2640390,76.0,1069758,1,1,0,3,2.0,30.0,1.0,-9.0,4.0,5413,10.0,22679.0,2107.0
2640390,2640391,77.0,1069758,2,2,1,1,6.0,-9.0,-9.0,-9.0,4.0,-9,0.0,22679.0,2107.0
2640391,2640392,50.0,1069758,3,1,2,3,3.0,-9.0,-9.0,-9.0,4.0,999920,0.0,22679.0,2107.0
2640392,2640393,18.0,1069758,4,2,7,3,6.0,-9.0,-9.0,14.0,4.0,-9,0.0,22679.0,2107.0
2640393,2640394,76.0,1069759,1,1,0,3,2.0,30.0,1.0,-9.0,4.0,5413,10.0,22676.0,2107.0
2640394,2640395,77.0,1069759,2,2,1,1,6.0,-9.0,-9.0,-9.0,4.0,-9,0.0,22676.0,2107.0
2640395,2640396,50.0,1069759,3,1,2,3,3.0,-9.0,-9.0,-9.0,4.0,999920,0.0,22676.0,2107.0
2640396,2640397,18.0,1069759,4,2,7,3,6.0,-9.0,-9.0,14.0,4.0,-9,0.0,22676.0,2107.0
2640397,2640398,76.0,1069760,1,1,0,3,2.0,30.0,1.0,-9.0,4.0,5413,10.0,22675.0,2107.0
2640398,2640399,77.0,1069760,2,2,1,1,6.0,-9.0,-9.0,-9.0,4.0,-9,0.0,22675.0,2107.0
2640399,2640400,50.0,1069760,3,1,2,3,3.0,-9.0,-9.0,-9.0,4.0,999920,0.0,22675.0,2107.0
2640400,2640401,18.0,1069760,4,2,7,3,6.0,-9.0,-9.0,14.0,4.0,-9,0.0,22675.0,2107.0
2640401,2640402,76.0,1069761,1,1,0,3,2.0,30.0,1.0,-9.0,4.0,5413,10.0,22694.0,2110.0
2640402,2640403,77.0,1069761,2,2,1,1,6.0,-9.0,-9.0,-9.0,4.0,-9,0.0,22694.0,2110.0
2640403,2640404,50.0,1069761,3,1,2,3,3.0,-9.0,-9.0,-9.0,4.0,999920,0.0,22694.0,2110.0
2640404,2640405,18.0,1069761,4,2,7,3,6.0,-9.0,-9.0,14.0,4.0,-9,0.0,22694.0,2110.0
2640405,2640406,76.0,1069762,1,1,0,3,2.0,30.0,1.0,-9.0,4.0,5413,10.0,22675.0,2107.0
2640406,2640407,77.0,1069762,2,2,1,1,6.0,-9.0,-9.0,-9.0,4.0,-9,0.0,22675.0,2107.0
2640407,2640408,50.0,1069762,3,1,2,3,3.0,-9.0,-9.0,-9.0,4.0,999920,0.0,22675.0,2107.0
2640408,2640409,18.0,1069762,4,2,7,3,6.0,-9.0,-9.0,14.0,4.0,-9,0.0,22675.0,2107.0
2640409,2640410,76.0,1069763,1,1,0,3,2.0,30.0,1.0,-9.0,4.0,5413,10.0,22700.0,2110.0
2640410,2640411,77.0,1069763,2,2,1,1,6.0,-9.0,-9.0,-9.0,4.0,-9,0.0,22700.0,2110.0
2640411,2640412,50.0,1069763,3,1,2,3,3.0,-9.0,-9.0,-9.0,4.0,999920,0.0,22700.0,2110.0
2640412,2640413,18.0,1069763,4,2,7,3,6.0,-9.0,-9.0,14.0,4.0,-9,0.0,22700.0,2110.0
2640413,2640414,76.0,1069764,1,1,0,3,2.0,30.0,1.0,-9.0,4.0,5413,10.0,22691.0,2110.0
2640414,2640415,77.0,1069764,2,2,1,1,6.0,-9.0,-9.0,-9.0,4.0,-9,0.0,22691.0,2110.0
2640415,2640416,50.0,1069764,3,1,2,3,3.0,-9.0,-9.0,-9.0,4.0,999920,0.0,22691.0,2110.0
2640416,2640417,18.0,1069764,4,2,7,3,6.0,-9.0,-9.0,14.0,4.0,-9,0.0,22691.0,2110.0
2640417,2640418,76.0,1069765,1,1,0,3,2.0,30.0,1.0,-9.0,4.0,5413,10.0,22675.0,2107.0
2640418,2640419,77.0,1069765,2,2,1,1,6.0,-9.0,-9.0,-9.0,4.0,-9,0.0,22675.0,2107.0
2640419,2640420,50.0,1069765,3,1,2,3,3.0,-9.0,-9.0,-9.0,4.0,999920,0.0,22675.0,2107.0
2640420,2640421,18.0,1069765,4,2,7,3,6.0,-9.0,-9.0,14.0,4.0,-9,0.0,22675.0,2107.0
2640421,2640422,76.0,1069766,1,1,0,3,2.0,30.0,1.0,-9.0,4.0,5413,10.0,22676.0,2107.0
2640422,2640423,77.0,1069766,2,2,1,1,6.0,-9.0,-9.0,-9.0,4.0,-9,0.0,22676.0,2107.0
2640423,2640424,50.0,1069766,3,1,2,3,3.0,-9.0,-9.0,-9.0,4.0,999920,0.0,22676.0,2107.0
2640424,2640425,18.0,1069766,4,2,7,3,6.0,-9.0,-9.0,14.0,4.0,-9,0.0,22676.0,2107.0
2640425,2640426,76.0,1069767,1,1,0,3,2.0,30.0,1.0,-9.0,4.0,5413,10.0,22705.0,2110.0
2640426,2640427,77.0,1069767,2,2,1,1,6.0,-9.0,-9.0,-9.0,4.0,-9,0.0,22705.0,2110.0
2640427,2640428,50.0,1069767,3,1,2,3,3.0,-9.0,-9.0,-9.0,4.0,999920,0.0,22705.0,2110.0
2640428,2640429,18.0,1069767,4,2,7,3,6.0,-9.0,-9.0,14.0,4.0,-9,0.0,22705.0,2110.0
2640429,2640430,76.0,1069768,1,1,0,3,2.0,30.0,1.0,-9.0,4.0,5413,10.0,22675.0,2107.0
2640430,2640431,77.0,1069768,2,2,1,1,6.0,-9.0,-9.0,-9.0,4.0,-9,0.0,22675.0,2107.0
2640431,2640432,50.0,1069768,3,1,2,3,3.0,-9.0,-9.0,-9.0,4.0,999920,0.0,22675.0,2107.0
2640432,2640433,18.0,1069768,4,2,7,3,6.0,-9.0,-9.0,14.0,4.0,-9,0.0,22675.0,2107.0
2640433,2640434,70.0,1069769,1,2,0,1,1.0,32.0,1.0,-9.0,4.0,4411,5.0,22679.0,2107.0
2640434,2640435,62.0,1069769,2,2,13,1,1.0,40.0,1.0,-9.0,4.0,23,2.0,22679.0,2107.0
2640435,2640436,65.0,1069770,1,2,0,1,1.0,37.0,1.0,-9.0,4.0,6214,14.0,22697.0,2110.0
2640436,2640437,64.0,1069770,2,1,1,1,1.0,15.0,1.0,-9.0,4.0,8129,17.0,22697.0,2110.0
2640437,2640438,70.0,1069771,1,1,0,1,1.0,3.0,1.0,-9.0,4.0,622M,15.0,22679.0,2107.0
2640438,2640439,62.0,1069771,2,2,1,1,1.0,50.0,1.0,-9.0,4.0,622M,15.0,22679.0,2107.0
2640439,2640440,70.0,1069772,1,1,0,1,1.0,3.0,1.0,-9.0,4.0,622M,15.0,22676.0,2107.0
2640440,2640441,62.0,1069772,2,2,1,1,1.0,50.0,1.0,-9.0,4.0,622M,15.0,22676.0,2107.0
2640441,2640442,70.0,1069773,1,1,0,1,1.0,3.0,1.0,-9.0,4.0,622M,15.0,22675.0,2107.0
2640442,2640443,62.0,1069773,2,2,1,1,1.0,50.0,1.0,-9.0,4.0,622M,15.0,22675.0,2107.0
2640443,2640444,70.0,1069774,1,1,0,1,1.0,3.0,1.0,-9.0,4.0,622M,15.0,22678.0,2107.0
2640444,2640445,62.0,1069774,2,2,1,1,1.0,50.0,1.0,-9.0,4.0,622M,15.0,22678.0,2107.0
2640445,2640446,70.0,1069775,1,1,0,1,1.0,3.0,1.0,-9.0,4.0,622M,15.0,22697.0,2110.0
2640446,2640447,62.0,1069775,2,2,1,1,1.0,50.0,1.0,-9.0,4.0,622M,15.0,22697.0,2110.0
2640447,2640448,70.0,1069776,1,1,0,1,1.0,3.0,1.0,-9.0,4.0,622M,15.0,22676.0,2107.0
2640448,2640449,62.0,1069776,2,2,1,1,1.0,50.0,1.0,-9.0,4.0,622M,15.0,22676.0,2107.0
2640449,2640450,70.0,1069777,1,1,0,1,1.0,3.0,1.0,-9.0,4.0,622M,15.0,22676.0,2107.0
2640450,2640451,62.0,1069777,2,2,1,1,1.0,50.0,1.0,-9.0,4.0,622M,15.0,22676.0,2107.0
2640451,2640452,70.0,1069778,1,1,0,1,1.0,3.0,1.0,-9.0,4.0,622M,15.0,22676.0,2107.0
2640452,2640453,62.0,1069778,2,2,1,1,1.0,50.0,1.0,-9.0,4.0,622M,15.0,22676.0,2107.0
2640453,2640454,70.0,1069779,1,1,0,1,1.0,3.0,1.0,-9.0,4.0,622M,15.0,22692.0,2110.0
2640454,2640455,62.0,1069779,2,2,1,1,1.0,50.0,1.0,-9.0,4.0,622M,15.0,22692.0,2110.0
2640455,2640456,70.0,1069780,1,1,0,1,1.0,3.0,1.0,-9.0,4.0,622M,15.0,22679.0,2107.0
2640456,2640457,62.0,1069780,2,2,1,1,1.0,50.0,1.0,-9.0,4.0,622M,15.0,22679.0,2107.0
2640457,2640458,70.0,1069781,1,1,0,1,1.0,3.0,1.0,-9.0,4.0,622M,15.0,22676.0,2107.0
2640458,2640459,62.0,1069781,2,2,1,1,1.0,50.0,1.0,-9.0,4.0,622M,15.0,22676.0,2107.0
2640459,2640460,69.0,1069782,1,1,0,1,1.0,2.0,1.0,-9.0,4.0,5416,10.0,22679.0,2107.0
2640460,2640461,59.0,1069782,2,2,1,1,1.0,72.0,1.0,-9.0,4.0,622M,15.0,22679.0,2107.0
2640461,2640462,66.0,1069783,1,1,0,1,1.0,48.0,1.0,-9.0,4.0,336M,3.0,22678.0,2107.0
2640462,2640463,58.0,1069783,2,2,1,1,1.0,25.0,1.0,-9.0,4.0,8121M,17.0,22678.0,2107.0
2640463,2640464,66.0,1069784,1,1,0,1,1.0,48.0,1.0,-9.0,4.0,336M,3.0,22702.0,2110.0
2640464,2640465,58.0,1069784,2,2,1,1,1.0,25.0,1.0,-9.0,4.0,8121M,17.0,22702.0,2110.0
2640465,2640466,66.0,1069785,1,1,0,1,6.0,-9.0,-9.0,-9.0,4.0,6211,14.0,22676.0,2107.0
2640466,2640467,61.0,1069785,2,2,1,1,1.0,9.0,1.0,-9.0,4.0,622M,15.0,22676.0,2107.0
2640467,2640468,66.0,1069786,1,1,0,1,1.0,44.0,1.0,-9.0,4.0,5241,9.0,22676.0,2107.0
2640468,2640469,62.0,1069786,2,2,1,1,6.0,-9.0,-9.0,-9.0,4.0,-9,0.0,22676.0,2107.0
2640469,2640470,67.0,1069787,1,1,0,1,6.0,-9.0,-9.0,-9.0,4.0,-9,0.0,22675.0,2107.0
2640470,2640471,64.0,1069787,2,2,1,1,6.0,-9.0,-9.0,-9.0,4.0,-9,0.0,22675.0,2107.0
2640471,2640472,67.0,1069788,1,1,0,1,6.0,-9.0,-9.0,-9.0,4.0,-9,0.0,22679.0,2107.0
2640472,2640473,64.0,1069788,2,2,1,1,6.0,-9.0,-9.0,-9.0,4.0,-9,0.0,22679.0,2107.0
2640473,2640474,67.0,1069789,1,1,0,1,6.0,-9.0,-9.0,-9.0,4.0,-9,0.0,22708.0,2110.0
2640474,2640475,64.0,1069789,2,2,1,1,6.0,-9.0,-9.0,-9.0,4.0,-9,0.0,22708.0,2110.0
2640475,2640476,67.0,1069790,1,1,0,1,6.0,-9.0,-9.0,-9.0,4.0,-9,0.0,22692.0,2110.0
2640476,2640477,64.0,1069790,2,2,1,1,6.0,-9.0,-9.0,-9.0,4.0,-9,0.0,22692.0,2110.0
2640477,2640478,67.0,1069791,1,1,0,1,6.0,-9.0,-9.0,-9.0,4.0,-9,0.0,22676.0,2107.0
2640478,2640479,64.0,1069791,2,2,1,1,6.0,-9.0,-9.0,-9.0,4.0,-9,0.0,22676.0,2107.0
2640479,2640480,65.0,1069792,1,1,0,1,1.0,20.0,4.0,-9.0,2.0,6111,13.0,22702.0,2110.0
2640480,2640481,60.0,1069792,2,2,1,1,1.0,12.0,4.0,-9.0,4.0,611M1,13.0,22702.0,2110.0
2640481,2640482,65.0,1069793,1,1,0,1,1.0,20.0,4.0,-9.0,2.0,6111,13.0,22676.0,2107.0
2640482,2640483,60.0,1069793,2,2,1,1,1.0,12.0,4.0,-9.0,4.0,611M1,13.0,22676.0,2107.0
2640483,2640484,65.0,1069794,1,1,0,1,1.0,20.0,4.0,-9.0,2.0,6111,13.0,22698.0,2110.0
2640484,2640485,60.0,1069794,2,2,1,1,1.0,12.0,4.0,-9.0,4.0,611M1,13.0,22698.0,2110.0
2640485,2640486,65.0,1069795,1,1,0,1,1.0,20.0,4.0,-9.0,2.0,6111,13.0,22706.0,2110.0
2640486,2640487,60.0,1069795,2,2,1,1,1.0,12.0,4.0,-9.0,4.0,611M1,13.0,22706.0,2110.0
2640487,2640488,65.0,1069796,1,1,0,1,1.0,20.0,4.0,-9.0,2.0,6111,13.0,22676.0,2107.0
2640488,2640489,60.0,1069796,2,2,1,1,1.0,12.0,4.0,-9.0,4.0,611M1,13.0,22676.0,2107.0
2640489,2640490,65.0,1069797,1,1,0,1,1.0,20.0,4.0,-9.0,2.0,6111,13.0,22676.0,2107.0
2640490,2640491,60.0,1069797,2,2,1,1,1.0,12.0,4.0,-9.0,4.0,611M1,13.0,22676.0,2107.0
2640491,2640492,65.0,1069798,1,1,0,1,1.0,20.0,4.0,-9.0,2.0,6111,13.0,22677.0,2107.0
2640492,2640493,60.0,1069798,2,2,1,1,1.0,12.0,4.0,-9.0,4.0,611M1,13.0,22677.0,2107.0
2640493,2640494,76.0,1069799,1,1,0,1,6.0,-9.0,-9.0,-9.0,3.0,-9,0.0,22692.0,2110.0
2640494,2640495,55.0,1069799,2,2,1,1,1.0,40.0,1.0,-9.0,4.0,6111,13.0,22692.0,2110.0
2640495,2640496,35.0,1069799,3,1,2,1,3.0,-9.0,-9.0,-9.0,4.0,6244,14.0,22692.0,2110.0
2640496,2640497,28.0,1069799,4,1,2,1,3.0,-9.0,-9.0,-9.0,4.0,999920,0.0,22692.0,2110.0
2640497,2640498,73.0,1069800,1,1,0,1,6.0,-9.0,-9.0,-9.0,4.0,-9,0.0,22702.0,2110.0
2640498,2640499,57.0,1069800,2,2,1,1,1.0,60.0,1.0,-9.0,4.0,6212,14.0,22702.0,2110.0
2640499,2640500,73.0,1069801,1,1,0,1,6.0,-9.0,-9.0,-9.0,4.0,-9,0.0,22676.0,2107.0
2640500,2640501,57.0,1069801,2,2,1,1,1.0,60.0,1.0,-9.0,4.0,6212,14.0,22676.0,2107.0
2640501,2640502,65.0,1069802,1,2,0,1,6.0,-9.0,-9.0,-9.0,4.0,-9,0.0,22694.0,2110.0
2640502,2640503,61.0,1069802,2,1,1,1,1.0,50.0,3.0,-9.0,4.0,23,2.0,22694.0,2110.0
2640503,2640504,65.0,1069803,1,2,0,1,6.0,-9.0,-9.0,-9.0,4.0,-9,0.0,22675.0,2107.0
2640504,2640505,61.0,1069803,2,1,1,1,1.0,50.0,3.0,-9.0,4.0,23,2.0,22675.0,2107.0
2640505,2640506,65.0,1069804,1,2,0,1,6.0,-9.0,-9.0,-9.0,4.0,-9,0.0,22691.0,2110.0
2640506,2640507,61.0,1069804,2,1,1,1,1.0,50.0,3.0,-9.0,4.0,23,2.0,22691.0,2110.0
2640507,2640508,68.0,1069805,1,1,0,1,6.0,-9.0,-9.0,-9.0,4.0,-9,0.0,22677.0,2107.0
2640508,2640509,64.0,1069805,2,2,1,1,1.0,40.0,1.0,-9.0,4.0,623M,14.0,22677.0,2107.0
2640509,2640510,68.0,1069806,1,1,0,1,6.0,-9.0,-9.0,-9.0,4.0,-9,0.0,22697.0,2110.0
2640510,2640511,64.0,1069806,2,2,1,1,1.0,40.0,1.0,-9.0,4.0,623M,14.0,22697.0,2110.0
2640511,2640512,72.0,1069807,1,2,0,1,6.0,-9.0,-9.0,-9.0,4.0,-9,0.0,22675.0,2107.0
2640512,2640513,35.0,1069807,2,2,2,1,6.0,-9.0,-9.0,-9.0,4.0,-9,0.0,22675.0,2107.0
2640513,2640514,88.0,1069808,1,2,0,1,6.0,-9.0,-9.0,-9.0,4.0,-9,0.0,22694.0,2110.0
2640514,2640515,59.0,1069808,2,1,2,1,1.0,39.0,1.0,-9.0,4.0,443141,5.0,22694.0,2110.0
2640515,2640516,88.0,1069809,1,2,0,1,6.0,-9.0,-9.0,-9.0,4.0,-9,0.0,22681.0,2107.0
2640516,2640517,59.0,1069809,2,1,2,1,1.0,39.0,1.0,-9.0,4.0,443141,5.0,22681.0,2107.0
2640517,2640518,65.0,1069810,1,1,0,1,6.0,-9.0,-9.0,-9.0,4.0,-9,0.0,22676.0,2107.0
2640518,2640519,64.0,1069810,2,2,1,1,6.0,-9.0,-9.0,-9.0,4.0,-9,0.0,22676.0,2107.0
2640519,2640520,81.0,1069811,1,2,0,1,6.0,-9.0,-9.0,-9.0,4.0,-9,0.0,22676.0,2107.0
2640520,2640521,48.0,1069811,2,1,2,1,6.0,-9.0,-9.0,-9.0,4.0,-9,0.0,22676.0,2107.0
2640521,2640522,81.0,1069812,1,2,0,1,6.0,-9.0,-9.0,-9.0,4.0,-9,0.0,22675.0,2107.0
2640522,2640523,48.0,1069812,2,1,2,1,6.0,-9.0,-9.0,-9.0,4.0,-9,0.0,22675.0,2107.0
2640523,2640524,81.0,1069813,1,2,0,1,6.0,-9.0,-9.0,-9.0,4.0,-9,0.0,22705.0,2110.0
2640524,2640525,48.0,1069813,2,1,2,1,6.0,-9.0,-9.0,-9.0,4.0,-9,0.0,22705.0,2110.0
2640525,2640526,65.0,1069814,1,1,0,1,6.0,-9.0,-9.0,-9.0,4.0,-9,0.0,22710.0,2110.0
2640526,2640527,64.0,1069814,2,2,1,1,6.0,-9.0,-9.0,-9.0,4.0,-9,0.0,22710.0,2110.0
2640527,2640528,81.0,1069815,1,2,0,1,6.0,-9.0,-9.0,-9.0,4.0,-9,0.0,22679.0,2107.0
2640528,2640529,48.0,1069815,2,1,2,1,6.0,-9.0,-9.0,-9.0,4.0,-9,0.0,22679.0,2107.0
2640529,2640530,65.0,1069816,1,1,0,1,6.0,-9.0,-9.0,-9.0,4.0,-9,0.0,22694.0,2110.0
2640530,2640531,64.0,1069816,2,2,1,1,6.0,-9.0,-9.0,-9.0,4.0,-9,0.0,22694.0,2110.0
2640531,2640532,81.0,1069817,1,2,0,1,6.0,-9.0,-9.0,-9.0,4.0,-9,0.0,22702.0,2110.0
2640532,2640533,48.0,1069817,2,1,2,1,6.0,-9.0,-9.0,-9.0,4.0,-9,0.0,22702.0,2110.0
2640533,2640534,81.0,1069818,1,2,0,1,6.0,-9.0,-9.0,-9.0,4.0,-9,0.0,22710.0,2110.0
2640534,2640535,48.0,1069818,2,1,2,1,6.0,-9.0,-9.0,-9.0,4.0,-9,0.0,22710.0,2110.0
2640535,2640536,81.0,1069819,1,2,0,1,6.0,-9.0,-9.0,-9.0,4.0,-9,0.0,22676.0,2107.0
2640536,2640537,48.0,1069819,2,1,2,1,6.0,-9.0,-9.0,-9.0,4.0,-9,0.0,22676.0,2107.0
2640537,2640538,89.0,1069820,1,1,0,1,6.0,-9.0,-9.0,-9.0,2.0,-9,0.0,22705.0,2110.0
2640538,2640539,61.0,1069820,2,1,2,1,6.0,-9.0,-9.0,-9.0,4.0,-9,0.0,22705.0,2110.0
2640539,2640540,89.0,1069821,1,1,0,1,6.0,-9.0,-9.0,-9.0,2.0,-9,0.0,22694.0,2110.0
2640540,2640541,61.0,1069821,2,1,2,1,6.0,-9.0,-9.0,-9.0,4.0,-9,0.0,22694.0,2110.0
2640541,2640542,89.0,1069822,1,1,0,1,6.0,-9.0,-9.0,-9.0,2.0,-9,0.0,22692.0,2110.0
2640542,2640543,61.0,1069822,2,1,2,1,6.0,-9.0,-9.0,-9.0,4.0,-9,0.0,22692.0,2110.0
2640543,2640544,89.0,1069823,1,1,0,1,6.0,-9.0,-9.0,-9.0,2.0,-9,0.0,22675.0,2107.0
2640544,2640545,61.0,1069823,2,1,2,1,6.0,-9.0,-9.0,-9.0,4.0,-9,0.0,22675.0,2107.0
2640545,2640546,89.0,1069824,1,1,0,1,6.0,-9.0,-9.0,-9.0,2.0,-9,0.0,22691.0,2110.0
2640546,2640547,61.0,1069824,2,1,2,1,6.0,-9.0,-9.0,-9.0,4.0,-9,0.0,22691.0,2110.0
2640547,2640548,89.0,1069825,1,1,0,1,6.0,-9.0,-9.0,-9.0,2.0,-9,0.0,22675.0,2107.0
2640548,2640549,61.0,1069825,2,1,2,1,6.0,-9.0,-9.0,-9.0,4.0,-9,0.0,22675.0,2107.0
2640549,2640550,77.0,1069826,1,1,0,1,6.0,-9.0,-9.0,-9.0,4.0,-9,0.0,22675.0,2107.0
2640550,2640551,52.0,1069826,2,1,2,1,6.0,30.0,2.0,-9.0,4.0,23,2.0,22675.0,2107.0
2640551,2640552,77.0,1069827,1,2,0,1,6.0,-9.0,-9.0,-9.0,4.0,-9,0.0,22676.0,2107.0
2640552,2640553,50.0,1069827,2,2,2,1,1.0,50.0,1.0,-9.0,4.0,8131,17.0,22676.0,2107.0
2640553,2640554,77.0,1069828,1,2,0,1,6.0,-9.0,-9.0,-9.0,4.0,-9,0.0,22694.0,2110.0
2640554,2640555,50.0,1069828,2,2,2,1,1.0,50.0,1.0,-9.0,4.0,8131,17.0,22694.0,2110.0
2640555,2640556,77.0,1069829,1,2,0,1,6.0,-9.0,-9.0,-9.0,4.0,-9,0.0,22694.0,2110.0
2640556,2640557,50.0,1069829,2,2,2,1,1.0,50.0,1.0,-9.0,4.0,8131,17.0,22694.0,2110.0
2640557,2640558,77.0,1069830,1,2,0,1,6.0,-9.0,-9.0,-9.0,4.0,-9,0.0,22694.0,2110.0
2640558,2640559,50.0,1069830,2,2,2,1,1.0,50.0,1.0,-9.0,4.0,8131,17.0,22694.0,2110.0
2640559,2640560,77.0,1069831,1,2,0,1,6.0,-9.0,-9.0,-9.0,4.0,-9,0.0,22707.0,2110.0
2640560,2640561,50.0,1069831,2,2,2,1,1.0,50.0,1.0,-9.0,4.0,8131,17.0,22707.0,2110.0
2640561,2640562,77.0,1069832,1,2,0,1,6.0,-9.0,-9.0,-9.0,4.0,-9,0.0,22679.0,2107.0
2640562,2640563,50.0,1069832,2,2,2,1,1.0,50.0,1.0,-9.0,4.0,8131,17.0,22679.0,2107.0
2640563,2640564,77.0,1069833,1,2,0,1,6.0,-9.0,-9.0,-9.0,4.0,-9,0.0,22676.0,2107.0
2640564,2640565,50.0,1069833,2,2,2,1,1.0,50.0,1.0,-9.0,4.0,8131,17.0,22676.0,2107.0
2640565,2640566,77.0,1069834,1,2,0,1,6.0,-9.0,-9.0,-9.0,4.0,-9,0.0,22676.0,2107.0
2640566,2640567,50.0,1069834,2,2,2,1,1.0,50.0,1.0,-9.0,4.0,8131,17.0,22676.0,2107.0
2640567,2640568,77.0,1069835,1,2,0,1,6.0,-9.0,-9.0,-9.0,4.0,-9,0.0,22676.0,2107.0
2640568,2640569,50.0,1069835,2,2,2,1,1.0,50.0,1.0,-9.0,4.0,8131,17.0,22676.0,2107.0
2640569,2640570,77.0,1069836,1,2,0,1,6.0,-9.0,-9.0,-9.0,4.0,-9,0.0,22679.0,2107.0
2640570,2640571,50.0,1069836,2,2,2,1,1.0,50.0,1.0,-9.0,4.0,8131,17.0,22679.0,2107.0
2640571,2640572,66.0,1069837,1,1,0,1,6.0,15.0,4.0,-9.0,4.0,6242,14.0,22708.0,2110.0
2640572,2640573,64.0,1069837,2,2,1,1,1.0,22.0,3.0,-9.0,2.0,6111,13.0,22708.0,2110.0
2640573,2640574,70.0,1069838,1,1,0,1,6.0,-9.0,-9.0,-9.0,4.0,-9,0.0,22678.0,2107.0
2640574,2640575,51.0,1069838,2,2,15,1,6.0,-9.0,-9.0,-9.0,4.0,-9,0.0,22678.0,2107.0
2640575,2640576,66.0,1069839,1,2,0,1,6.0,-9.0,-9.0,-9.0,4.0,-9,0.0,22693.0,2110.0
2640576,2640577,64.0,1069839,2,1,13,1,6.0,-9.0,-9.0,-9.0,4.0,-9,0.0,22693.0,2110.0
2640577,2640578,66.0,1069840,1,2,0,1,6.0,-9.0,-9.0,-9.0,4.0,-9,0.0,22676.0,2107.0
2640578,2640579,64.0,1069840,2,1,13,1,6.0,-9.0,-9.0,-9.0,4.0,-9,0.0,22676.0,2107.0
2640579,2640580,66.0,1069841,1,2,0,1,6.0,-9.0,-9.0,-9.0,4.0,-9,0.0,22677.0,2107.0
2640580,2640581,64.0,1069841,2,1,13,1,6.0,-9.0,-9.0,-9.0,4.0,-9,0.0,22677.0,2107.0
2640581,2640582,66.0,1069842,1,2,0,1,6.0,-9.0,-9.0,-9.0,4.0,-9,0.0,22693.0,2110.0
2640582,2640583,64.0,1069842,2,1,13,1,6.0,-9.0,-9.0,-9.0,4.0,-9,0.0,22693.0,2110.0
2640583,2640584,66.0,1069843,1,2,0,1,6.0,-9.0,-9.0,-9.0,4.0,-9,0.0,22705.0,2110.0
2640584,2640585,64.0,1069843,2,1,13,1,6.0,-9.0,-9.0,-9.0,4.0,-9,0.0,22705.0,2110.0
2640585,2640586,70.0,1069844,1,1,0,1,6.0,-9.0,-9.0,-9.0,4.0,-9,0.0,22678.0,2107.0
2640586,2640587,51.0,1069844,2,2,15,1,6.0,-9.0,-9.0,-9.0,4.0,-9,0.0,22678.0,2107.0
2640587,2640588,66.0,1069845,1,2,0,1,6.0,-9.0,-9.0,-9.0,4.0,-9,0.0,22697.0,2110.0
2640588,2640589,43.0,1069845,2,2,4,1,3.0,36.0,6.0,-9.0,4.0,42S,4.0,22697.0,2110.0
2640589,2640590,83.0,1069846,1,2,0,1,6.0,-9.0,-9.0,-9.0,4.0,-9,0.0,22676.0,2107.0
2640590,2640591,58.0,1069846,2,2,2,1,6.0,-9.0,-9.0,-9.0,4.0,-9,0.0,22676.0,2107.0
2640591,2640592,83.0,1069847,1,2,0,1,6.0,-9.0,-9.0,-9.0,4.0,-9,0.0,22694.0,2110.0
2640592,2640593,58.0,1069847,2,2,2,1,6.0,-9.0,-9.0,-9.0,4.0,-9,0.0,22694.0,2110.0
2640593,2640594,83.0,1069848,1,2,0,1,6.0,-9.0,-9.0,-9.0,4.0,-9,0.0,22692.0,2110.0
2640594,2640595,58.0,1069848,2,2,2,1,6.0,-9.0,-9.0,-9.0,4.0,-9,0.0,22692.0,2110.0
2640595,2640596,83.0,1069849,1,2,0,1,6.0,-9.0,-9.0,-9.0,4.0,-9,0.0,22678.0,2107.0
2640596,2640597,58.0,1069849,2,2,2,1,6.0,-9.0,-9.0,-9.0,4.0,-9,0.0,22678.0,2107.0
2640597,2640598,83.0,1069850,1,2,0,1,6.0,-9.0,-9.0,-9.0,4.0,-9,0.0,22677.0,2107.0
2640598,2640599,58.0,1069850,2,2,2,1,6.0,-9.0,-9.0,-9.0,4.0,-9,0.0,22677.0,2107.0
2640599,2640600,83.0,1069851,1,2,0,1,6.0,-9.0,-9.0,-9.0,4.0,-9,0.0,22694.0,2110.0
2640600,2640601,58.0,1069851,2,2,2,1,6.0,-9.0,-9.0,-9.0,4.0,-9,0.0,22694.0,2110.0
2640601,2640602,83.0,1069852,1,2,0,1,6.0,-9.0,-9.0,-9.0,4.0,-9,0.0,22693.0,2110.0
2640602,2640603,58.0,1069852,2,2,2,1,6.0,-9.0,-9.0,-9.0,4.0,-9,0.0,22693.0,2110.0
2640603,2640604,68.0,1069853,1,1,0,1,6.0,-9.0,-9.0,-9.0,2.0,-9,0.0,22680.0,2107.0
2640604,2640605,62.0,1069853,2,2,1,1,1.0,28.0,4.0,-9.0,4.0,722Z,16.0,22680.0,2107.0
2640605,2640606,40.0,1069853,3,2,2,1,1.0,27.0,1.0,-9.0,4.0,722Z,16.0,22680.0,2107.0
2640606,2640607,1.0,1069853,4,2,7,1,-9.0,-9.0,-9.0,-9.0,-9.0,-9,0.0,22680.0,2107.0
2640607,2640608,68.0,1069854,1,1,0,1,6.0,-9.0,-9.0,-9.0,2.0,-9,0.0,22676.0,2107.0
2640608,2640609,62.0,1069854,2,2,1,1,1.0,28.0,4.0,-9.0,4.0,722Z,16.0,22676.0,2107.0
2640609,2640610,40.0,1069854,3,2,2,1,1.0,27.0,1.0,-9.0,4.0,722Z,16.0,22676.0,2107.0
2640610,2640611,1.0,1069854,4,2,7,1,-9.0,-9.0,-9.0,-9.0,-9.0,-9,0.0,22676.0,2107.0
2640611,2640612,68.0,1069855,1,1,0,1,6.0,-9.0,-9.0,-9.0,2.0,-9,0.0,22700.0,2110.0
2640612,2640613,62.0,1069855,2,2,1,1,1.0,28.0,4.0,-9.0,4.0,722Z,16.0,22700.0,2110.0
2640613,2640614,40.0,1069855,3,2,2,1,1.0,27.0,1.0,-9.0,4.0,722Z,16.0,22700.0,2110.0
2640614,2640615,1.0,1069855,4,2,7,1,-9.0,-9.0,-9.0,-9.0,-9.0,-9,0.0,22700.0,2110.0
2640615,2640616,68.0,1069856,1,1,0,1,6.0,-9.0,-9.0,-9.0,2.0,-9,0.0,22676.0,2107.0
2640616,2640617,62.0,1069856,2,2,1,1,1.0,28.0,4.0,-9.0,4.0,722Z,16.0,22676.0,2107.0
2640617,2640618,40.0,1069856,3,2,2,1,1.0,27.0,1.0,-9.0,4.0,722Z,16.0,22676.0,2107.0
2640618,2640619,1.0,1069856,4,2,7,1,-9.0,-9.0,-9.0,-9.0,-9.0,-9,0.0,22676.0,2107.0
2640619,2640620,76.0,1069857,1,2,0,1,6.0,-9.0,-9.0,-9.0,4.0,8131,17.0,22678.0,2107.0
2640620,2640621,36.0,1069857,2,1,2,1,1.0,40.0,1.0,-9.0,4.0,4411,5.0,22678.0,2107.0
2640621,2640622,0.0,1069857,3,1,7,1,-9.0,-9.0,-9.0,-9.0,-9.0,-9,0.0,22678.0,2107.0
2640622,2640623,35.0,1069857,4,2,9,1,1.0,40.0,4.0,-9.0,4.0,4411,5.0,22678.0,2107.0
2640623,2640624,76.0,1069858,1,2,0,1,6.0,-9.0,-9.0,-9.0,4.0,8131,17.0,22693.0,2110.0
2640624,2640625,36.0,1069858,2,1,2,1,1.0,40.0,1.0,-9.0,4.0,4411,5.0,22693.0,2110.0
2640625,2640626,0.0,1069858,3,1,7,1,-9.0,-9.0,-9.0,-9.0,-9.0,-9,0.0,22693.0,2110.0
2640626,2640627,35.0,1069858,4,2,9,1,1.0,40.0,4.0,-9.0,4.0,4411,5.0,22693.0,2110.0
2640627,2640628,49.0,1069859,1,1,0,4,1.0,48.0,2.0,-9.0,4.0,336M,3.0,22702.0,2110.0
2640628,2640629,49.0,1069859,2,2,1,4,1.0,25.0,4.0,-9.0,4.0,336M,3.0,22702.0,2110.0
2640629,2640630,17.0,1069859,3,2,2,4,6.0,-9.0,-9.0,13.0,4.0,-9,0.0,22702.0,2110.0
2640630,2640631,55.0,1069860,1,2,0,4,6.0,-9.0,-9.0,-9.0,4.0,-9,0.0,22702.0,2110.0
2640631,2640632,53.0,1069860,2,1,1,1,1.0,40.0,1.0,-9.0,4.0,23,2.0,22702.0,2110.0
2640632,2640633,9.0,1069860,3,1,7,1,-9.0,-9.0,-9.0,5.0,-9.0,-9,0.0,22702.0,2110.0
2640633,2640634,2.0,1069860,4,2,7,1,-9.0,-9.0,-9.0,-9.0,-9.0,-9,0.0,22702.0,2110.0
2640634,2640635,55.0,1069861,1,2,0,4,6.0,-9.0,-9.0,-9.0,4.0,-9,0.0,22694.0,2110.0
2640635,2640636,53.0,1069861,2,1,1,1,1.0,40.0,1.0,-9.0,4.0,23,2.0,22694.0,2110.0
2640636,2640637,9.0,1069861,3,1,7,1,-9.0,-9.0,-9.0,5.0,-9.0,-9,0.0,22694.0,2110.0
2640637,2640638,2.0,1069861,4,2,7,1,-9.0,-9.0,-9.0,-9.0,-9.0,-9,0.0,22694.0,2110.0
2640638,2640639,55.0,1069862,1,2,0,4,6.0,-9.0,-9.0,-9.0,4.0,-9,0.0,22694.0,2110.0
2640639,2640640,53.0,1069862,2,1,1,1,1.0,40.0,1.0,-9.0,4.0,23,2.0,22694.0,2110.0
2640640,2640641,9.0,1069862,3,1,7,1,-9.0,-9.0,-9.0,5.0,-9.0,-9,0.0,22694.0,2110.0
2640641,2640642,2.0,1069862,4,2,7,1,-9.0,-9.0,-9.0,-9.0,-9.0,-9,0.0,22694.0,2110.0
2640642,2640643,55.0,1069863,1,2,0,4,6.0,-9.0,-9.0,-9.0,4.0,-9,0.0,22679.0,2107.0
2640643,2640644,53.0,1069863,2,1,1,1,1.0,40.0,1.0,-9.0,4.0,23,2.0,22679.0,2107.0
2640644,2640645,9.0,1069863,3,1,7,1,-9.0,-9.0,-9.0,5.0,-9.0,-9,0.0,22679.0,2107.0
2640645,2640646,2.0,1069863,4,2,7,1,-9.0,-9.0,-9.0,-9.0,-9.0,-9,0.0,22679.0,2107.0
2640646,2640647,45.0,1069864,1,1,0,2,1.0,50.0,1.0,-9.0,2.0,622M,15.0,22675.0,2107.0
2640647,2640648,30.0,1069864,2,1,13,1,6.0,-9.0,-9.0,-9.0,4.0,-9,0.0,22675.0,2107.0
2640648,2640649,45.0,1069865,1,1,0,2,1.0,50.0,1.0,-9.0,2.0,622M,15.0,22676.0,2107.0
2640649,2640650,30.0,1069865,2,1,13,1,6.0,-9.0,-9.0,-9.0,4.0,-9,0.0,22676.0,2107.0
2640650,2640651,45.0,1069866,1,1,0,2,1.0,50.0,1.0,-9.0,2.0,622M,15.0,22697.0,2110.0
2640651,2640652,30.0,1069866,2,1,13,1,6.0,-9.0,-9.0,-9.0,4.0,-9,0.0,22697.0,2110.0
2640652,2640653,45.0,1069867,1,1,0,2,1.0,50.0,1.0,-9.0,2.0,622M,15.0,22676.0,2107.0
2640653,2640654,30.0,1069867,2,1,13,1,6.0,-9.0,-9.0,-9.0,4.0,-9,0.0,22676.0,2107.0
2640654,2640655,45.0,1069868,1,1,0,2,1.0,50.0,1.0,-9.0,2.0,622M,15.0,22675.0,2107.0
2640655,2640656,30.0,1069868,2,1,13,1,6.0,-9.0,-9.0,-9.0,4.0,-9,0.0,22675.0,2107.0
2640656,2640657,45.0,1069869,1,1,0,2,1.0,50.0,1.0,-9.0,2.0,622M,15.0,22706.0,2110.0
2640657,2640658,30.0,1069869,2,1,13,1,6.0,-9.0,-9.0,-9.0,4.0,-9,0.0,22706.0,2110.0
2640658,2640659,45.0,1069870,1,1,0,2,1.0,50.0,1.0,-9.0,2.0,622M,15.0,22707.0,2110.0
2640659,2640660,30.0,1069870,2,1,13,1,6.0,-9.0,-9.0,-9.0,4.0,-9,0.0,22707.0,2110.0
2640660,2640661,45.0,1069871,1,1,0,2,1.0,50.0,1.0,-9.0,2.0,622M,15.0,22676.0,2107.0
2640661,2640662,30.0,1069871,2,1,13,1,6.0,-9.0,-9.0,-9.0,4.0,-9,0.0,22676.0,2107.0
2640662,2640663,45.0,1069872,1,1,0,2,1.0,50.0,1.0,-9.0,2.0,622M,15.0,22691.0,2110.0
2640663,2640664,30.0,1069872,2,1,13,1,6.0,-9.0,-9.0,-9.0,4.0,-9,0.0,22691.0,2110.0
2640664,2640665,45.0,1069873,1,1,0,2,1.0,50.0,1.0,-9.0,2.0,622M,15.0,22702.0,2110.0
2640665,2640666,30.0,1069873,2,1,13,1,6.0,-9.0,-9.0,-9.0,4.0,-9,0.0,22702.0,2110.0
2640666,2640667,45.0,1069874,1,1,0,2,1.0,50.0,1.0,-9.0,2.0,622M,15.0,22676.0,2107.0
2640667,2640668,30.0,1069874,2,1,13,1,6.0,-9.0,-9.0,-9.0,4.0,-9,0.0,22676.0,2107.0
2640668,2640669,45.0,1069875,1,1,0,2,1.0,50.0,1.0,-9.0,2.0,622M,15.0,22702.0,2110.0
2640669,2640670,30.0,1069875,2,1,13,1,6.0,-9.0,-9.0,-9.0,4.0,-9,0.0,22702.0,2110.0
2640670,2640671,45.0,1069876,1,1,0,2,1.0,50.0,1.0,-9.0,2.0,622M,15.0,22675.0,2107.0
2640671,2640672,30.0,1069876,2,1,13,1,6.0,-9.0,-9.0,-9.0,4.0,-9,0.0,22675.0,2107.0
2640672,2640673,45.0,1069877,1,1,0,2,1.0,50.0,1.0,-9.0,2.0,622M,15.0,22679.0,2107.0
2640673,2640674,30.0,1069877,2,1,13,1,6.0,-9.0,-9.0,-9.0,4.0,-9,0.0,22679.0,2107.0
2640674,2640675,45.0,1069878,1,1,0,2,1.0,50.0,1.0,-9.0,2.0,622M,15.0,22697.0,2110.0
2640675,2640676,30.0,1069878,2,1,13,1,6.0,-9.0,-9.0,-9.0,4.0,-9,0.0,22697.0,2110.0
2640676,2640677,45.0,1069879,1,1,0,2,1.0,50.0,1.0,-9.0,2.0,622M,15.0,22675.0,2107.0
2640677,2640678,30.0,1069879,2,1,13,1,6.0,-9.0,-9.0,-9.0,4.0,-9,0.0,22675.0,2107.0
2640678,2640679,45.0,1069880,1,1,0,2,1.0,50.0,1.0,-9.0,2.0,622M,15.0,22693.0,2110.0
2640679,2640680,30.0,1069880,2,1,13,1,6.0,-9.0,-9.0,-9.0,4.0,-9,0.0,22693.0,2110.0
2640680,2640681,45.0,1069881,1,1,0,2,1.0,50.0,1.0,-9.0,2.0,622M,15.0,22692.0,2110.0
2640681,2640682,30.0,1069881,2,1,13,1,6.0,-9.0,-9.0,-9.0,4.0,-9,0.0,22692.0,2110.0
2640682,2640683,45.0,1069882,1,1,0,2,1.0,50.0,1.0,-9.0,2.0,622M,15.0,22691.0,2110.0
2640683,2640684,30.0,1069882,2,1,13,1,6.0,-9.0,-9.0,-9.0,4.0,-9,0.0,22691.0,2110.0
2640684,2640685,45.0,1069883,1,1,0,2,1.0,50.0,1.0,-9.0,2.0,622M,15.0,22681.0,2107.0
2640685,2640686,30.0,1069883,2,1,13,1,6.0,-9.0,-9.0,-9.0,4.0,-9,0.0,22681.0,2107.0
2640686,2640687,45.0,1069884,1,1,0,2,1.0,50.0,1.0,-9.0,2.0,622M,15.0,22698.0,2110.0
2640687,2640688,30.0,1069884,2,1,13,1,6.0,-9.0,-9.0,-9.0,4.0,-9,0.0,22698.0,2110.0
2640688,2640689,45.0,1069885,1,1,0,2,1.0,50.0,1.0,-9.0,2.0,622M,15.0,22676.0,2107.0
2640689,2640690,30.0,1069885,2,1,13,1,6.0,-9.0,-9.0,-9.0,4.0,-9,0.0,22676.0,2107.0
2640690,2640691,45.0,1069886,1,1,0,2,1.0,50.0,1.0,-9.0,2.0,622M,15.0,22691.0,2110.0
2640691,2640692,30.0,1069886,2,1,13,1,6.0,-9.0,-9.0,-9.0,4.0,-9,0.0,22691.0,2110.0
2640692,2640693,45.0,1069887,1,1,0,2,1.0,50.0,1.0,-9.0,2.0,622M,15.0,22693.0,2110.0
2640693,2640694,30.0,1069887,2,1,13,1,6.0,-9.0,-9.0,-9.0,4.0,-9,0.0,22693.0,2110.0
2640694,2640695,45.0,1069888,1,1,0,2,1.0,50.0,1.0,-9.0,2.0,622M,15.0,22676.0,2107.0
2640695,2640696,30.0,1069888,2,1,13,1,6.0,-9.0,-9.0,-9.0,4.0,-9,0.0,22676.0,2107.0
2640696,2640697,56.0,1069889,1,1,0,2,1.0,40.0,1.0,-9.0,4.0,3261,3.0,22702.0,2110.0
2640697,2640698,53.0,1069889,2,1,5,2,1.0,40.0,1.0,-9.0,4.0,336M,3.0,22702.0,2110.0
2640698,2640699,53.0,1069890,1,2,0,2,1.0,32.0,1.0,16.0,4.0,621M,14.0,22702.0,2110.0
2640699,2640700,80.0,1069890,2,2,6,2,6.0,-9.0,-9.0,-9.0,4.0,-9,0.0,22702.0,2110.0
2640700,2640701,53.0,1069891,1,2,0,2,1.0,32.0,1.0,16.0,4.0,621M,14.0,22675.0,2107.0
2640701,2640702,80.0,1069891,2,2,6,2,6.0,-9.0,-9.0,-9.0,4.0,-9,0.0,22675.0,2107.0
2640702,2640703,53.0,1069892,1,2,0,2,1.0,32.0,1.0,16.0,4.0,621M,14.0,22708.0,2110.0
2640703,2640704,80.0,1069892,2,2,6,2,6.0,-9.0,-9.0,-9.0,4.0,-9,0.0,22708.0,2110.0
2640704,2640705,53.0,1069893,1,2,0,2,1.0,32.0,1.0,16.0,4.0,621M,14.0,22681.0,2107.0
2640705,2640706,80.0,1069893,2,2,6,2,6.0,-9.0,-9.0,-9.0,4.0,-9,0.0,22681.0,2107.0
2640706,2640707,53.0,1069894,1,2,0,2,1.0,32.0,1.0,16.0,4.0,621M,14.0,22676.0,2107.0
2640707,2640708,80.0,1069894,2,2,6,2,6.0,-9.0,-9.0,-9.0,4.0,-9,0.0,22676.0,2107.0
2640708,2640709,53.0,1069895,1,2,0,2,1.0,32.0,1.0,16.0,4.0,621M,14.0,22676.0,2107.0
2640709,2640710,80.0,1069895,2,2,6,2,6.0,-9.0,-9.0,-9.0,4.0,-9,0.0,22676.0,2107.0
2640710,2640711,53.0,1069896,1,2,0,2,1.0,32.0,1.0,16.0,4.0,621M,14.0,22676.0,2107.0
2640711,2640712,80.0,1069896,2,2,6,2,6.0,-9.0,-9.0,-9.0,4.0,-9,0.0,22676.0,2107.0
2640712,2640713,53.0,1069897,1,2,0,2,1.0,32.0,1.0,16.0,4.0,621M,14.0,22675.0,2107.0
2640713,2640714,80.0,1069897,2,2,6,2,6.0,-9.0,-9.0,-9.0,4.0,-9,0.0,22675.0,2107.0
2640714,2640715,64.0,1069898,1,2,0,2,6.0,-9.0,-9.0,-9.0,4.0,-9,0.0,22697.0,2110.0
2640715,2640716,74.0,1069898,2,1,1,2,6.0,-9.0,-9.0,-9.0,4.0,-9,0.0,22697.0,2110.0
2640716,2640717,64.0,1069899,1,2,0,2,6.0,-9.0,-9.0,-9.0,4.0,-9,0.0,22692.0,2110.0
2640717,2640718,74.0,1069899,2,1,1,2,6.0,-9.0,-9.0,-9.0,4.0,-9,0.0,22692.0,2110.0
2640718,2640719,60.0,1069900,1,2,0,2,1.0,40.0,1.0,-9.0,4.0,622M,15.0,22702.0,2110.0
2640719,2640720,69.0,1069900,2,1,1,2,6.0,-9.0,-9.0,-9.0,4.0,-9,0.0,22702.0,2110.0
2640720,2640721,18.0,1069900,3,1,2,2,1.0,40.0,6.0,15.0,4.0,611M1,13.0,22702.0,2110.0
2640721,2640722,60.0,1069901,1,2,0,2,1.0,40.0,1.0,-9.0,4.0,622M,15.0,22675.0,2107.0
2640722,2640723,69.0,1069901,2,1,1,2,6.0,-9.0,-9.0,-9.0,4.0,-9,0.0,22675.0,2107.0
2640723,2640724,18.0,1069901,3,1,2,2,1.0,40.0,6.0,15.0,4.0,611M1,13.0,22675.0,2107.0
2640724,2640725,60.0,1069902,1,2,0,2,1.0,40.0,1.0,-9.0,4.0,622M,15.0,22691.0,2110.0
2640725,2640726,69.0,1069902,2,1,1,2,6.0,-9.0,-9.0,-9.0,4.0,-9,0.0,22691.0,2110.0
2640726,2640727,18.0,1069902,3,1,2,2,1.0,40.0,6.0,15.0,4.0,611M1,13.0,22691.0,2110.0
2640727,2640728,60.0,1069903,1,2,0,2,1.0,40.0,1.0,-9.0,4.0,622M,15.0,22677.0,2107.0
2640728,2640729,69.0,1069903,2,1,1,2,6.0,-9.0,-9.0,-9.0,4.0,-9,0.0,22677.0,2107.0
2640729,2640730,18.0,1069903,3,1,2,2,1.0,40.0,6.0,15.0,4.0,611M1,13.0,22677.0,2107.0
2640730,2640731,60.0,1069904,1,2,0,2,1.0,40.0,1.0,-9.0,4.0,622M,15.0,22679.0,2107.0
2640731,2640732,69.0,1069904,2,1,1,2,6.0,-9.0,-9.0,-9.0,4.0,-9,0.0,22679.0,2107.0
2640732,2640733,18.0,1069904,3,1,2,2,1.0,40.0,6.0,15.0,4.0,611M1,13.0,22679.0,2107.0
2640733,2640734,60.0,1069905,1,2,0,2,1.0,40.0,1.0,-9.0,4.0,622M,15.0,22678.0,2107.0
2640734,2640735,69.0,1069905,2,1,1,2,6.0,-9.0,-9.0,-9.0,4.0,-9,0.0,22678.0,2107.0
2640735,2640736,18.0,1069905,3,1,2,2,1.0,40.0,6.0,15.0,4.0,611M1,13.0,22678.0,2107.0
2640736,2640737,60.0,1069906,1,2,0,2,1.0,40.0,1.0,-9.0,4.0,622M,15.0,22675.0,2107.0
2640737,2640738,69.0,1069906,2,1,1,2,6.0,-9.0,-9.0,-9.0,4.0,-9,0.0,22675.0,2107.0
2640738,2640739,18.0,1069906,3,1,2,2,1.0,40.0,6.0,15.0,4.0,611M1,13.0,22675.0,2107.0
2640739,2640740,60.0,1069907,1,2,0,2,1.0,40.0,1.0,-9.0,4.0,622M,15.0,22707.0,2110.0
2640740,2640741,69.0,1069907,2,1,1,2,6.0,-9.0,-9.0,-9.0,4.0,-9,0.0,22707.0,2110.0
2640741,2640742,18.0,1069907,3,1,2,2,1.0,40.0,6.0,15.0,4.0,611M1,13.0,22707.0,2110.0
2640742,2640743,60.0,1069908,1,2,0,2,1.0,40.0,1.0,-9.0,4.0,622M,15.0,22697.0,2110.0
2640743,2640744,69.0,1069908,2,1,1,2,6.0,-9.0,-9.0,-9.0,4.0,-9,0.0,22697.0,2110.0
2640744,2640745,18.0,1069908,3,1,2,2,1.0,40.0,6.0,15.0,4.0,611M1,13.0,22697.0,2110.0
2640745,2640746,60.0,1069909,1,2,0,2,1.0,40.0,1.0,-9.0,4.0,622M,15.0,22705.0,2110.0
2640746,2640747,69.0,1069909,2,1,1,2,6.0,-9.0,-9.0,-9.0,4.0,-9,0.0,22705.0,2110.0
2640747,2640748,18.0,1069909,3,1,2,2,1.0,40.0,6.0,15.0,4.0,611M1,13.0,22705.0,2110.0
2640748,2640749,60.0,1069910,1,2,0,2,1.0,40.0,1.0,-9.0,4.0,622M,15.0,22676.0,2107.0
2640749,2640750,69.0,1069910,2,1,1,2,6.0,-9.0,-9.0,-9.0,4.0,-9,0.0,22676.0,2107.0
2640750,2640751,18.0,1069910,3,1,2,2,1.0,40.0,6.0,15.0,4.0,611M1,13.0,22676.0,2107.0
2640751,2640752,60.0,1069911,1,2,0,2,1.0,40.0,1.0,-9.0,4.0,622M,15.0,22706.0,2110.0
2640752,2640753,69.0,1069911,2,1,1,2,6.0,-9.0,-9.0,-9.0,4.0,-9,0.0,22706.0,2110.0
2640753,2640754,18.0,1069911,3,1,2,2,1.0,40.0,6.0,15.0,4.0,611M1,13.0,22706.0,2110.0
2640754,2640755,60.0,1069912,1,2,0,2,1.0,40.0,1.0,-9.0,4.0,622M,15.0,22675.0,2107.0
2640755,2640756,69.0,1069912,2,1,1,2,6.0,-9.0,-9.0,-9.0,4.0,-9,0.0,22675.0,2107.0
2640756,2640757,18.0,1069912,3,1,2,2,1.0,40.0,6.0,15.0,4.0,611M1,13.0,22675.0,2107.0
2640757,2640758,60.0,1069913,1,2,0,2,1.0,40.0,1.0,-9.0,4.0,622M,15.0,22709.0,2110.0
2640758,2640759,69.0,1069913,2,1,1,2,6.0,-9.0,-9.0,-9.0,4.0,-9,0.0,22709.0,2110.0
2640759,2640760,18.0,1069913,3,1,2,2,1.0,40.0,6.0,15.0,4.0,611M1,13.0,22709.0,2110.0
2640760,2640761,60.0,1069914,1,2,0,2,1.0,40.0,1.0,-9.0,4.0,622M,15.0,22676.0,2107.0
2640761,2640762,69.0,1069914,2,1,1,2,6.0,-9.0,-9.0,-9.0,4.0,-9,0.0,22676.0,2107.0
2640762,2640763,18.0,1069914,3,1,2,2,1.0,40.0,6.0,15.0,4.0,611M1,13.0,22676.0,2107.0
2640763,2640764,60.0,1069915,1,2,0,2,1.0,40.0,1.0,-9.0,4.0,622M,15.0,22691.0,2110.0
2640764,2640765,69.0,1069915,2,1,1,2,6.0,-9.0,-9.0,-9.0,4.0,-9,0.0,22691.0,2110.0
2640765,2640766,18.0,1069915,3,1,2,2,1.0,40.0,6.0,15.0,4.0,611M1,13.0,22691.0,2110.0
2640766,2640767,60.0,1069916,1,2,0,2,1.0,40.0,1.0,-9.0,4.0,622M,15.0,22676.0,2107.0
2640767,2640768,69.0,1069916,2,1,1,2,6.0,-9.0,-9.0,-9.0,4.0,-9,0.0,22676.0,2107.0
2640768,2640769,18.0,1069916,3,1,2,2,1.0,40.0,6.0,15.0,4.0,611M1,13.0,22676.0,2107.0
2640769,2640770,60.0,1069917,1,2,0,2,1.0,40.0,1.0,-9.0,4.0,622M,15.0,22676.0,2107.0
2640770,2640771,69.0,1069917,2,1,1,2,6.0,-9.0,-9.0,-9.0,4.0,-9,0.0,22676.0,2107.0
2640771,2640772,18.0,1069917,3,1,2,2,1.0,40.0,6.0,15.0,4.0,611M1,13.0,22676.0,2107.0
2640772,2640773,60.0,1069918,1,2,0,2,1.0,40.0,1.0,-9.0,4.0,622M,15.0,22700.0,2110.0
2640773,2640774,69.0,1069918,2,1,1,2,6.0,-9.0,-9.0,-9.0,4.0,-9,0.0,22700.0,2110.0
2640774,2640775,18.0,1069918,3,1,2,2,1.0,40.0,6.0,15.0,4.0,611M1,13.0,22700.0,2110.0
2640775,2640776,60.0,1069919,1,2,0,2,1.0,40.0,1.0,-9.0,4.0,622M,15.0,22676.0,2107.0
2640776,2640777,69.0,1069919,2,1,1,2,6.0,-9.0,-9.0,-9.0,4.0,-9,0.0,22676.0,2107.0
2640777,2640778,18.0,1069919,3,1,2,2,1.0,40.0,6.0,15.0,4.0,611M1,13.0,22676.0,2107.0
2640778,2640779,60.0,1069920,1,2,0,2,1.0,40.0,1.0,-9.0,4.0,622M,15.0,22707.0,2110.0
2640779,2640780,69.0,1069920,2,1,1,2,6.0,-9.0,-9.0,-9.0,4.0,-9,0.0,22707.0,2110.0
2640780,2640781,18.0,1069920,3,1,2,2,1.0,40.0,6.0,15.0,4.0,611M1,13.0,22707.0,2110.0
2640781,2640782,60.0,1069921,1,2,0,2,1.0,40.0,1.0,-9.0,4.0,622M,15.0,22676.0,2107.0
2640782,2640783,69.0,1069921,2,1,1,2,6.0,-9.0,-9.0,-9.0,4.0,-9,0.0,22676.0,2107.0
2640783,2640784,18.0,1069921,3,1,2,2,1.0,40.0,6.0,15.0,4.0,611M1,13.0,22676.0,2107.0
2640784,2640785,60.0,1069922,1,2,0,2,1.0,40.0,1.0,-9.0,4.0,622M,15.0,22675.0,2107.0
2640785,2640786,69.0,1069922,2,1,1,2,6.0,-9.0,-9.0,-9.0,4.0,-9,0.0,22675.0,2107.0
2640786,2640787,18.0,1069922,3,1,2,2,1.0,40.0,6.0,15.0,4.0,611M1,13.0,22675.0,2107.0
2640787,2640788,60.0,1069923,1,2,0,2,1.0,40.0,1.0,-9.0,4.0,622M,15.0,22677.0,2107.0
2640788,2640789,69.0,1069923,2,1,1,2,6.0,-9.0,-9.0,-9.0,4.0,-9,0.0,22677.0,2107.0
2640789,2640790,18.0,1069923,3,1,2,2,1.0,40.0,6.0,15.0,4.0,611M1,13.0,22677.0,2107.0
2640790,2640791,55.0,1069924,1,1,0,2,1.0,36.0,1.0,-9.0,4.0,6231,14.0,22676.0,2107.0
2640791,2640792,44.0,1069924,2,2,1,2,1.0,40.0,1.0,-9.0,4.0,622M,15.0,22676.0,2107.0
2640792,2640793,13.0,1069924,3,2,2,2,-9.0,-9.0,-9.0,10.0,-9.0,-9,0.0,22676.0,2107.0
2640793,2640794,10.0,1069924,4,1,2,2,-9.0,-9.0,-9.0,7.0,-9.0,-9,0.0,22676.0,2107.0
2640794,2640795,6.0,1069924,5,1,2,2,-9.0,-9.0,-9.0,3.0,-9.0,-9,0.0,22676.0,2107.0
2640795,2640796,58.0,1069925,1,2,0,3,2.0,40.0,1.0,-9.0,4.0,611M1,13.0,22692.0,2110.0
2640796,2640797,23.0,1069925,2,2,2,4,1.0,40.0,1.0,16.0,4.0,611M1,13.0,22692.0,2110.0
2640797,2640798,58.0,1069926,1,2,0,3,2.0,40.0,1.0,-9.0,4.0,611M1,13.0,22676.0,2107.0
2640798,2640799,23.0,1069926,2,2,2,4,1.0,40.0,1.0,16.0,4.0,611M1,13.0,22676.0,2107.0
2640799,2640800,58.0,1069927,1,2,0,3,2.0,40.0,1.0,-9.0,4.0,611M1,13.0,22694.0,2110.0
2640800,2640801,23.0,1069927,2,2,2,4,1.0,40.0,1.0,16.0,4.0,611M1,13.0,22694.0,2110.0
2640801,2640802,58.0,1069928,1,2,0,3,2.0,40.0,1.0,-9.0,4.0,611M1,13.0,22694.0,2110.0
2640802,2640803,23.0,1069928,2,2,2,4,1.0,40.0,1.0,16.0,4.0,611M1,13.0,22694.0,2110.0
2640803,2640804,58.0,1069929,1,2,0,3,2.0,40.0,1.0,-9.0,4.0,611M1,13.0,22676.0,2107.0
2640804,2640805,23.0,1069929,2,2,2,4,1.0,40.0,1.0,16.0,4.0,611M1,13.0,22676.0,2107.0
2640805,2640806,58.0,1069930,1,2,0,3,2.0,40.0,1.0,-9.0,4.0,611M1,13.0,22702.0,2110.0
2640806,2640807,23.0,1069930,2,2,2,4,1.0,40.0,1.0,16.0,4.0,611M1,13.0,22702.0,2110.0
2640807,2640808,58.0,1069931,1,2,0,3,2.0,40.0,1.0,-9.0,4.0,611M1,13.0,22698.0,2110.0
2640808,2640809,23.0,1069931,2,2,2,4,1.0,40.0,1.0,16.0,4.0,611M1,13.0,22698.0,2110.0
2640809,2640810,58.0,1069932,1,2,0,3,2.0,40.0,1.0,-9.0,4.0,611M1,13.0,22676.0,2107.0
2640810,2640811,23.0,1069932,2,2,2,4,1.0,40.0,1.0,16.0,4.0,611M1,13.0,22676.0,2107.0
2640811,2640812,58.0,1069933,1,2,0,3,2.0,40.0,1.0,-9.0,4.0,611M1,13.0,22702.0,2110.0
2640812,2640813,23.0,1069933,2,2,2,4,1.0,40.0,1.0,16.0,4.0,611M1,13.0,22702.0,2110.0
2640813,2640814,58.0,1069934,1,2,0,3,2.0,40.0,1.0,-9.0,4.0,611M1,13.0,22709.0,2110.0
2640814,2640815,23.0,1069934,2,2,2,4,1.0,40.0,1.0,16.0,4.0,611M1,13.0,22709.0,2110.0
2640815,2640816,58.0,1069935,1,2,0,3,2.0,40.0,1.0,-9.0,4.0,611M1,13.0,22676.0,2107.0
2640816,2640817,23.0,1069935,2,2,2,4,1.0,40.0,1.0,16.0,4.0,611M1,13.0,22676.0,2107.0
2640817,2640818,58.0,1069936,1,2,0,3,2.0,40.0,1.0,-9.0,4.0,611M1,13.0,22710.0,2110.0
2640818,2640819,23.0,1069936,2,2,2,4,1.0,40.0,1.0,16.0,4.0,611M1,13.0,22710.0,2110.0
2640819,2640820,58.0,1069937,1,2,0,3,2.0,40.0,1.0,-9.0,4.0,611M1,13.0,22679.0,2107.0
2640820,2640821,23.0,1069937,2,2,2,4,1.0,40.0,1.0,16.0,4.0,611M1,13.0,22679.0,2107.0
2640821,2640822,58.0,1069938,1,2,0,3,2.0,40.0,1.0,-9.0,4.0,611M1,13.0,22691.0,2110.0
2640822,2640823,23.0,1069938,2,2,2,4,1.0,40.0,1.0,16.0,4.0,611M1,13.0,22691.0,2110.0
2640823,2640824,58.0,1069939,1,2,0,3,2.0,40.0,1.0,-9.0,4.0,611M1,13.0,22708.0,2110.0
2640824,2640825,23.0,1069939,2,2,2,4,1.0,40.0,1.0,16.0,4.0,611M1,13.0,22708.0,2110.0
2640825,2640826,58.0,1069940,1,2,0,3,2.0,40.0,1.0,-9.0,4.0,611M1,13.0,22676.0,2107.0
2640826,2640827,23.0,1069940,2,2,2,4,1.0,40.0,1.0,16.0,4.0,611M1,13.0,22676.0,2107.0
2640827,2640828,58.0,1069941,1,2,0,3,2.0,40.0,1.0,-9.0,4.0,611M1,13.0,22676.0,2107.0
2640828,2640829,23.0,1069941,2,2,2,4,1.0,40.0,1.0,16.0,4.0,611M1,13.0,22676.0,2107.0
2640829,2640830,58.0,1069942,1,2,0,3,2.0,40.0,1.0,-9.0,4.0,611M1,13.0,22692.0,2110.0
2640830,2640831,23.0,1069942,2,2,2,4,1.0,40.0,1.0,16.0,4.0,611M1,13.0,22692.0,2110.0
2640831,2640832,58.0,1069943,1,2,0,3,2.0,40.0,1.0,-9.0,4.0,611M1,13.0,22679.0,2107.0
2640832,2640833,23.0,1069943,2,2,2,4,1.0,40.0,1.0,16.0,4.0,611M1,13.0,22679.0,2107.0
2640833,2640834,58.0,1069944,1,2,0,3,2.0,40.0,1.0,-9.0,4.0,611M1,13.0,22705.0,2110.0
2640834,2640835,23.0,1069944,2,2,2,4,1.0,40.0,1.0,16.0,4.0,611M1,13.0,22705.0,2110.0
2640835,2640836,45.0,1069945,1,2,0,3,1.0,40.0,1.0,-9.0,4.0,622M,15.0,22676.0,2107.0
2640836,2640837,66.0,1069945,2,2,6,3,6.0,40.0,5.0,-9.0,4.0,6244,14.0,22676.0,2107.0
2640837,2640838,45.0,1069946,1,2,0,3,1.0,40.0,1.0,-9.0,4.0,622M,15.0,22675.0,2107.0
2640838,2640839,66.0,1069946,2,2,6,3,6.0,40.0,5.0,-9.0,4.0,6244,14.0,22675.0,2107.0
2640839,2640840,45.0,1069947,1,2,0,3,1.0,40.0,1.0,-9.0,4.0,622M,15.0,22698.0,2110.0
2640840,2640841,66.0,1069947,2,2,6,3,6.0,40.0,5.0,-9.0,4.0,6244,14.0,22698.0,2110.0
2640841,2640842,45.0,1069948,1,2,0,3,1.0,40.0,1.0,-9.0,4.0,622M,15.0,22697.0,2110.0
2640842,2640843,66.0,1069948,2,2,6,3,6.0,40.0,5.0,-9.0,4.0,6244,14.0,22697.0,2110.0
2640843,2640844,45.0,1069949,1,2,0,3,1.0,40.0,1.0,-9.0,4.0,622M,15.0,22705.0,2110.0
2640844,2640845,66.0,1069949,2,2,6,3,6.0,40.0,5.0,-9.0,4.0,6244,14.0,22705.0,2110.0
2640845,2640846,61.0,1069950,1,2,0,3,6.0,-9.0,-9.0,-9.0,4.0,-9,0.0,22709.0,2110.0
2640846,2640847,57.0,1069951,1,2,0,1,1.0,45.0,1.0,-9.0,4.0,813M,17.0,22700.0,2110.0
2640847,2640848,65.0,1069951,2,1,1,1,1.0,50.0,1.0,-9.0,4.0,611M1,13.0,22700.0,2110.0
2640848,2640849,64.0,1069952,1,2,0,1,1.0,45.0,1.0,-9.0,4.0,611M1,13.0,22693.0,2110.0
2640849,2640850,65.0,1069952,2,1,1,1,1.0,45.0,1.0,-9.0,4.0,611M1,13.0,22693.0,2110.0
2640850,2640851,64.0,1069953,1,2,0,1,1.0,45.0,1.0,-9.0,4.0,611M1,13.0,22697.0,2110.0
2640851,2640852,65.0,1069953,2,1,1,1,1.0,45.0,1.0,-9.0,4.0,611M1,13.0,22697.0,2110.0
2640852,2640853,64.0,1069954,1,2,0,1,1.0,45.0,1.0,-9.0,4.0,611M1,13.0,22676.0,2107.0
2640853,2640854,65.0,1069954,2,1,1,1,1.0,45.0,1.0,-9.0,4.0,611M1,13.0,22676.0,2107.0
2640854,2640855,64.0,1069955,1,2,0,1,1.0,45.0,1.0,-9.0,4.0,611M1,13.0,22676.0,2107.0
2640855,2640856,65.0,1069955,2,1,1,1,1.0,45.0,1.0,-9.0,4.0,611M1,13.0,22676.0,2107.0
2640856,2640857,64.0,1069956,1,2,0,1,1.0,45.0,1.0,-9.0,4.0,611M1,13.0,22676.0,2107.0
2640857,2640858,65.0,1069956,2,1,1,1,1.0,45.0,1.0,-9.0,4.0,611M1,13.0,22676.0,2107.0
2640858,2640859,64.0,1069957,1,2,0,1,1.0,45.0,1.0,-9.0,4.0,611M1,13.0,22705.0,2110.0
2640859,2640860,65.0,1069957,2,1,1,1,1.0,45.0,1.0,-9.0,4.0,611M1,13.0,22705.0,2110.0
2640860,2640861,64.0,1069958,1,2,0,1,1.0,45.0,1.0,-9.0,4.0,611M1,13.0,22698.0,2110.0
2640861,2640862,65.0,1069958,2,1,1,1,1.0,45.0,1.0,-9.0,4.0,611M1,13.0,22698.0,2110.0
2640862,2640863,64.0,1069959,1,2,0,1,1.0,40.0,4.0,-9.0,4.0,5411,10.0,22675.0,2107.0
2640863,2640864,69.0,1069959,2,1,13,1,1.0,30.0,1.0,-9.0,2.0,5411,10.0,22675.0,2107.0
2640864,2640865,64.0,1069960,1,2,0,1,1.0,40.0,4.0,-9.0,4.0,5411,10.0,22702.0,2110.0
2640865,2640866,69.0,1069960,2,1,13,1,1.0,30.0,1.0,-9.0,2.0,5411,10.0,22702.0,2110.0
2640866,2640867,64.0,1069961,1,2,0,1,1.0,40.0,4.0,-9.0,4.0,5411,10.0,22709.0,2110.0
2640867,2640868,69.0,1069961,2,1,13,1,1.0,30.0,1.0,-9.0,2.0,5411,10.0,22709.0,2110.0
2640868,2640869,64.0,1069962,1,2,0,1,1.0,40.0,4.0,-9.0,4.0,5411,10.0,22676.0,2107.0
2640869,2640870,69.0,1069962,2,1,13,1,1.0,30.0,1.0,-9.0,2.0,5411,10.0,22676.0,2107.0
2640870,2640871,64.0,1069963,1,2,0,1,1.0,40.0,4.0,-9.0,4.0,5411,10.0,22693.0,2110.0
2640871,2640872,69.0,1069963,2,1,13,1,1.0,30.0,1.0,-9.0,2.0,5411,10.0,22693.0,2110.0
2640872,2640873,63.0,1069964,1,2,0,1,1.0,40.0,1.0,-9.0,4.0,491,6.0,22697.0,2110.0
2640873,2640874,68.0,1069964,2,1,1,1,1.0,30.0,1.0,-9.0,4.0,4411,5.0,22697.0,2110.0
2640874,2640875,64.0,1069965,1,1,0,1,1.0,35.0,4.0,-9.0,4.0,6211,14.0,22708.0,2110.0
2640875,2640876,61.0,1069965,2,2,1,1,1.0,25.0,4.0,-9.0,4.0,6211,14.0,22708.0,2110.0
2640876,2640877,52.0,1069966,1,2,0,1,1.0,60.0,1.0,-9.0,4.0,454110,5.0,22702.0,2110.0
2640877,2640878,60.0,1069966,2,1,1,1,1.0,25.0,3.0,-9.0,4.0,4411,5.0,22702.0,2110.0
2640878,2640879,64.0,1069967,1,1,0,1,1.0,50.0,1.0,-9.0,2.0,5411,10.0,22676.0,2107.0
2640879,2640880,69.0,1069967,2,2,1,1,6.0,-9.0,-9.0,-9.0,4.0,-9,0.0,22676.0,2107.0
2640880,2640881,64.0,1069968,1,1,0,1,1.0,50.0,1.0,-9.0,2.0,5411,10.0,22676.0,2107.0
2640881,2640882,69.0,1069968,2,2,1,1,6.0,-9.0,-9.0,-9.0,4.0,-9,0.0,22676.0,2107.0
2640882,2640883,64.0,1069969,1,1,0,1,1.0,50.0,1.0,-9.0,2.0,5411,10.0,22676.0,2107.0
2640883,2640884,69.0,1069969,2,2,1,1,6.0,-9.0,-9.0,-9.0,4.0,-9,0.0,22676.0,2107.0
2640884,2640885,64.0,1069970,1,1,0,1,1.0,50.0,1.0,-9.0,2.0,5411,10.0,22693.0,2110.0
2640885,2640886,69.0,1069970,2,2,1,1,6.0,-9.0,-9.0,-9.0,4.0,-9,0.0,22693.0,2110.0
2640886,2640887,52.0,1069971,1,1,0,1,1.0,50.0,1.0,-9.0,4.0,6241,14.0,22676.0,2107.0
2640887,2640888,55.0,1069972,1,1,0,1,1.0,50.0,1.0,-9.0,4.0,6211,14.0,22697.0,2110.0
2640888,2640889,62.0,1069973,1,1,0,1,1.0,50.0,1.0,-9.0,4.0,5416,10.0,22678.0,2107.0
2640889,2640890,62.0,1069974,1,1,0,1,1.0,50.0,1.0,-9.0,4.0,5416,10.0,22702.0,2110.0
2640890,2640891,62.0,1069975,1,1,0,1,1.0,50.0,1.0,-9.0,4.0,5416,10.0,22676.0,2107.0
2640891,2640892,62.0,1069976,1,1,0,1,1.0,50.0,1.0,-9.0,4.0,5416,10.0,22708.0,2110.0
2640892,2640893,62.0,1069977,1,1,0,1,1.0,50.0,1.0,-9.0,4.0,5416,10.0,22707.0,2110.0
2640893,2640894,51.0,1069978,1,1,0,1,1.0,50.0,1.0,-9.0,4.0,4411,5.0,22698.0,2110.0
2640894,2640895,51.0,1069979,1,1,0,1,1.0,50.0,1.0,-9.0,4.0,4411,5.0,22698.0,2110.0
2640895,2640896,51.0,1069980,1,1,0,1,1.0,50.0,1.0,-9.0,4.0,4411,5.0,22709.0,2110.0
2640896,2640897,51.0,1069981,1,1,0,1,1.0,50.0,1.0,-9.0,4.0,4411,5.0,22675.0,2107.0
2640897,2640898,50.0,1069982,1,2,0,1,6.0,-9.0,-9.0,-9.0,4.0,-9,0.0,22677.0,2107.0
2640898,2640899,59.0,1069982,2,1,1,1,6.0,-9.0,-9.0,-9.0,2.0,-9,0.0,22677.0,2107.0
2640899,2640900,70.0,1069982,3,2,6,1,6.0,-9.0,-9.0,-9.0,4.0,-9,0.0,22677.0,2107.0
2640900,2640901,87.0,1069982,4,2,10,1,6.0,-9.0,-9.0,-9.0,4.0,-9,0.0,22677.0,2107.0
2640901,2640902,50.0,1069983,1,2,0,1,6.0,-9.0,-9.0,-9.0,4.0,-9,0.0,22675.0,2107.0
2640902,2640903,59.0,1069983,2,1,1,1,6.0,-9.0,-9.0,-9.0,2.0,-9,0.0,22675.0,2107.0
2640903,2640904,70.0,1069983,3,2,6,1,6.0,-9.0,-9.0,-9.0,4.0,-9,0.0,22675.0,2107.0
2640904,2640905,87.0,1069983,4,2,10,1,6.0,-9.0,-9.0,-9.0,4.0,-9,0.0,22675.0,2107.0
2640905,2640906,50.0,1069984,1,2,0,1,6.0,-9.0,-9.0,-9.0,4.0,-9,0.0,22692.0,2110.0
2640906,2640907,59.0,1069984,2,1,1,1,6.0,-9.0,-9.0,-9.0,2.0,-9,0.0,22692.0,2110.0
2640907,2640908,70.0,1069984,3,2,6,1,6.0,-9.0,-9.0,-9.0,4.0,-9,0.0,22692.0,2110.0
2640908,2640909,87.0,1069984,4,2,10,1,6.0,-9.0,-9.0,-9.0,4.0,-9,0.0,22692.0,2110.0
2640909,2640910,50.0,1069985,1,2,0,1,6.0,-9.0,-9.0,-9.0,4.0,-9,0.0,22707.0,2110.0
2640910,2640911,59.0,1069985,2,1,1,1,6.0,-9.0,-9.0,-9.0,2.0,-9,0.0,22707.0,2110.0
2640911,2640912,70.0,1069985,3,2,6,1,6.0,-9.0,-9.0,-9.0,4.0,-9,0.0,22707.0,2110.0
2640912,2640913,87.0,1069985,4,2,10,1,6.0,-9.0,-9.0,-9.0,4.0,-9,0.0,22707.0,2110.0
2640913,2640914,60.0,1069986,1,2,0,1,1.0,55.0,1.0,-9.0,4.0,8139Z,17.0,22675.0,2107.0
2640914,2640915,55.0,1069987,1,2,0,1,1.0,51.0,1.0,-9.0,4.0,81393,17.0,22678.0,2107.0
2640915,2640916,55.0,1069988,1,2,0,1,1.0,51.0,1.0,-9.0,4.0,81393,17.0,22677.0,2107.0
2640916,2640917,48.0,1069989,1,2,0,1,1.0,40.0,1.0,-9.0,4.0,5417,10.0,22676.0,2107.0
2640917,2640918,57.0,1069990,1,1,0,1,1.0,40.0,1.0,-9.0,4.0,622M,15.0,22691.0,2110.0
2640918,2640919,54.0,1069991,1,1,0,1,1.0,60.0,1.0,-9.0,4.0,6111,13.0,22708.0,2110.0
2640919,2640920,54.0,1069992,1,1,0,1,1.0,60.0,1.0,-9.0,4.0,6111,13.0,22676.0,2107.0
2640920,2640921,57.0,1069993,1,1,0,1,1.0,44.0,1.0,-9.0,4.0,336M,3.0,22676.0,2107.0
2640921,2640922,64.0,1069994,1,2,0,1,6.0,-9.0,-9.0,-9.0,4.0,-9,0.0,22678.0,2107.0
2640922,2640923,64.0,1069995,1,2,0,1,6.0,-9.0,-9.0,-9.0,4.0,-9,0.0,22676.0,2107.0
2640923,2640924,45.0,1069996,1,1,0,1,1.0,50.0,1.0,-9.0,4.0,334M2,3.0,22697.0,2110.0
2640924,2640925,45.0,1069997,1,1,0,1,1.0,50.0,1.0,-9.0,4.0,334M2,3.0,22676.0,2107.0
2640925,2640926,45.0,1069998,1,1,0,1,1.0,50.0,1.0,-9.0,4.0,334M2,3.0,22681.0,2107.0
2640926,2640927,63.0,1069999,1,2,0,1,6.0,-9.0,-9.0,-9.0,4.0,-9,0.0,22708.0,2110.0
2640927,2640928,66.0,1069999,2,1,1,1,6.0,-9.0,-9.0,-9.0,4.0,-9,0.0,22708.0,2110.0
2640928,2640929,63.0,1070000,1,2,0,1,6.0,-9.0,-9.0,-9.0,4.0,-9,0.0,22692.0,2110.0
2640929,2640930,66.0,1070000,2,1,1,1,6.0,-9.0,-9.0,-9.0,4.0,-9,0.0,22692.0,2110.0
2640930,2640931,63.0,1070001,1,2,0,1,6.0,-9.0,-9.0,-9.0,4.0,-9,0.0,22691.0,2110.0
2640931,2640932,66.0,1070001,2,1,1,1,6.0,-9.0,-9.0,-9.0,4.0,-9,0.0,22691.0,2110.0
2640932,2640933,63.0,1070002,1,2,0,1,6.0,-9.0,-9.0,-9.0,4.0,-9,0.0,22708.0,2110.0
2640933,2640934,66.0,1070002,2,1,1,1,6.0,-9.0,-9.0,-9.0,4.0,-9,0.0,22708.0,2110.0
2640934,2640935,63.0,1070003,1,2,0,1,6.0,-9.0,-9.0,-9.0,4.0,-9,0.0,22677.0,2107.0
2640935,2640936,66.0,1070003,2,1,1,1,6.0,-9.0,-9.0,-9.0,4.0,-9,0.0,22677.0,2107.0
2640936,2640937,63.0,1070004,1,2,0,1,6.0,-9.0,-9.0,-9.0,4.0,-9,0.0,22706.0,2110.0
2640937,2640938,66.0,1070004,2,1,1,1,6.0,-9.0,-9.0,-9.0,4.0,-9,0.0,22706.0,2110.0
2640938,2640939,63.0,1070005,1,2,0,1,6.0,-9.0,-9.0,-9.0,4.0,-9,0.0,22677.0,2107.0
2640939,2640940,66.0,1070005,2,1,1,1,6.0,-9.0,-9.0,-9.0,4.0,-9,0.0,22677.0,2107.0
2640940,2640941,63.0,1070006,1,2,0,1,6.0,-9.0,-9.0,-9.0,4.0,-9,0.0,22677.0,2107.0
2640941,2640942,66.0,1070006,2,1,1,1,6.0,-9.0,-9.0,-9.0,4.0,-9,0.0,22677.0,2107.0
2640942,2640943,63.0,1070007,1,2,0,1,1.0,40.0,1.0,-9.0,4.0,55,11.0,22692.0,2110.0
2640943,2640944,48.0,1070008,1,1,0,1,1.0,42.0,1.0,-9.0,4.0,8131,17.0,22706.0,2110.0
2640944,2640945,48.0,1070009,1,1,0,1,1.0,42.0,1.0,-9.0,4.0,8131,17.0,22677.0,2107.0
2640945,2640946,48.0,1070010,1,1,0,1,1.0,42.0,1.0,-9.0,4.0,8131,17.0,22700.0,2110.0
2640946,2640947,52.0,1070011,1,1,0,1,1.0,40.0,1.0,-9.0,4.0,611M1,13.0,22676.0,2107.0
2640947,2640948,54.0,1070012,1,1,0,1,1.0,45.0,1.0,-9.0,2.0,5417,10.0,22676.0,2107.0
2640948,2640949,54.0,1070013,1,1,0,1,1.0,45.0,1.0,-9.0,2.0,5417,10.0,22705.0,2110.0
2640949,2640950,57.0,1070014,1,1,0,1,1.0,50.0,1.0,-9.0,4.0,5182,8.0,22679.0,2107.0
2640950,2640951,57.0,1070015,1,1,0,1,1.0,50.0,1.0,-9.0,4.0,5182,8.0,22706.0,2110.0
2640951,2640952,45.0,1070016,1,1,0,1,1.0,40.0,1.0,-9.0,4.0,336M,3.0,22705.0,2110.0
2640952,2640953,45.0,1070017,1,2,0,1,1.0,35.0,1.0,-9.0,4.0,6242,14.0,22710.0,2110.0
2640953,2640954,21.0,1070017,2,2,3,1,1.0,38.0,1.0,15.0,4.0,623M,14.0,22710.0,2110.0
2640954,2640955,45.0,1070018,1,2,0,1,1.0,35.0,1.0,-9.0,4.0,6242,14.0,22706.0,2110.0
2640955,2640956,21.0,1070018,2,2,3,1,1.0,38.0,1.0,15.0,4.0,623M,14.0,22706.0,2110.0
2640956,2640957,63.0,1070019,1,1,0,1,1.0,20.0,5.0,-9.0,4.0,56173,12.0,22679.0,2107.0
2640957,2640958,65.0,1070019,2,2,1,1,6.0,-9.0,-9.0,-9.0,4.0,-9,0.0,22679.0,2107.0
2640958,2640959,63.0,1070020,1,1,0,1,1.0,20.0,5.0,-9.0,4.0,56173,12.0,22679.0,2107.0
2640959,2640960,65.0,1070020,2,2,1,1,6.0,-9.0,-9.0,-9.0,4.0,-9,0.0,22679.0,2107.0
2640960,2640961,63.0,1070021,1,1,0,1,1.0,20.0,5.0,-9.0,4.0,56173,12.0,22700.0,2110.0
2640961,2640962,65.0,1070021,2,2,1,1,6.0,-9.0,-9.0,-9.0,4.0,-9,0.0,22700.0,2110.0
2640962,2640963,50.0,1070022,1,1,0,1,1.0,40.0,1.0,-9.0,4.0,4523,5.0,22679.0,2107.0
2640963,2640964,62.0,1070023,1,1,0,1,6.0,-9.0,-9.0,-9.0,4.0,-9,0.0,22694.0,2110.0
2640964,2640965,62.0,1070024,1,1,0,1,6.0,-9.0,-9.0,-9.0,4.0,-9,0.0,22676.0,2107.0
2640965,2640966,63.0,1070025,1,2,0,1,1.0,34.0,1.0,-9.0,4.0,6211,14.0,22698.0,2110.0
2640966,2640967,63.0,1070026,1,2,0,1,1.0,34.0,1.0,-9.0,4.0,6211,14.0,22675.0,2107.0
2640967,2640968,63.0,1070027,1,2,0,1,1.0,34.0,1.0,-9.0,4.0,6211,14.0,22705.0,2110.0
2640968,2640969,63.0,1070028,1,2,0,1,1.0,34.0,1.0,-9.0,4.0,6211,14.0,22702.0,2110.0
2640969,2640970,58.0,1070029,1,2,0,1,1.0,40.0,1.0,-9.0,4.0,4441Z,5.0,22676.0,2107.0
2640970,2640971,59.0,1070030,1,2,0,1,1.0,40.0,1.0,-9.0,4.0,4441Z,5.0,22702.0,2110.0
2640971,2640972,59.0,1070031,1,2,0,1,1.0,40.0,1.0,-9.0,4.0,4441Z,5.0,22681.0,2107.0
2640972,2640973,46.0,1070032,1,1,0,1,1.0,29.0,1.0,-9.0,4.0,611M1,13.0,22676.0,2107.0
2640973,2640974,49.0,1070033,1,1,0,1,1.0,40.0,1.0,-9.0,4.0,611M1,13.0,22675.0,2107.0
2640974,2640975,49.0,1070034,1,1,0,1,1.0,40.0,1.0,-9.0,4.0,611M1,13.0,22676.0,2107.0
2640975,2640976,49.0,1070035,1,1,0,1,1.0,40.0,1.0,-9.0,4.0,611M1,13.0,22676.0,2107.0
2640976,2640977,48.0,1070036,1,1,0,1,1.0,40.0,1.0,-9.0,4.0,481,6.0,22700.0,2110.0
2640977,2640978,55.0,1070037,1,1,0,1,1.0,40.0,1.0,-9.0,4.0,336M,3.0,22676.0,2107.0
2640978,2640979,61.0,1070038,1,2,0,1,6.0,-9.0,-9.0,-9.0,4.0,-9,0.0,22676.0,2107.0
2640979,2640980,68.0,1070038,2,1,1,1,6.0,-9.0,-9.0,-9.0,4.0,-9,0.0,22676.0,2107.0
2640980,2640981,61.0,1070039,1,2,0,1,6.0,-9.0,-9.0,-9.0,4.0,-9,0.0,22697.0,2110.0
2640981,2640982,68.0,1070039,2,1,1,1,6.0,-9.0,-9.0,-9.0,4.0,-9,0.0,22697.0,2110.0
2640982,2640983,61.0,1070040,1,2,0,1,6.0,-9.0,-9.0,-9.0,4.0,-9,0.0,22698.0,2110.0
2640983,2640984,68.0,1070040,2,1,1,1,6.0,-9.0,-9.0,-9.0,4.0,-9,0.0,22698.0,2110.0
2640984,2640985,61.0,1070041,1,2,0,1,6.0,-9.0,-9.0,-9.0,4.0,-9,0.0,22676.0,2107.0
2640985,2640986,68.0,1070041,2,1,1,1,6.0,-9.0,-9.0,-9.0,4.0,-9,0.0,22676.0,2107.0
2640986,2640987,61.0,1070042,1,2,0,1,6.0,-9.0,-9.0,-9.0,4.0,-9,0.0,22705.0,2110.0
2640987,2640988,68.0,1070042,2,1,1,1,6.0,-9.0,-9.0,-9.0,4.0,-9,0.0,22705.0,2110.0
2640988,2640989,56.0,1070043,1,2,0,1,6.0,-9.0,-9.0,-9.0,4.0,-9,0.0,22702.0,2110.0
2640989,2640990,45.0,1070044,1,2,0,1,6.0,-9.0,-9.0,-9.0,4.0,-9,0.0,22676.0,2107.0
2640990,2640991,62.0,1070045,1,2,0,1,6.0,-9.0,-9.0,-9.0,4.0,-9,0.0,22676.0,2107.0
2640991,2640992,45.0,1070046,1,2,0,1,6.0,-9.0,-9.0,-9.0,4.0,-9,0.0,22679.0,2107.0
2640992,2640993,45.0,1070047,1,2,0,1,6.0,-9.0,-9.0,-9.0,4.0,-9,0.0,22681.0,2107.0
2640993,2640994,61.0,1070048,1,2,0,1,6.0,-9.0,-9.0,-9.0,4.0,-9,0.0,22702.0,2110.0
2640994,2640995,45.0,1070049,1,2,0,1,6.0,-9.0,-9.0,-9.0,4.0,-9,0.0,22675.0,2107.0
2640995,2640996,63.0,1070050,1,1,0,1,6.0,-9.0,-9.0,-9.0,2.0,-9,0.0,22692.0,2110.0
2640996,2640997,63.0,1070051,1,1,0,1,6.0,-9.0,-9.0,-9.0,2.0,-9,0.0,22678.0,2107.0
2640997,2640998,63.0,1070052,1,1,0,1,6.0,-9.0,-9.0,-9.0,2.0,-9,0.0,22692.0,2110.0
2640998,2640999,52.0,1070053,1,2,0,1,1.0,40.0,1.0,-9.0,4.0,5617Z,12.0,22676.0,2107.0
2640999,2641000,49.0,1070054,1,1,0,1,1.0,16.0,5.0,-9.0,4.0,23,2.0,22707.0,2110.0
2641000,2641001,49.0,1070055,1,1,0,1,1.0,16.0,5.0,-9.0,4.0,23,2.0,22676.0,2107.0
2641001,2641002,49.0,1070056,1,1,0,1,1.0,16.0,5.0,-9.0,4.0,23,2.0,22676.0,2107.0
2641002,2641003,49.0,1070057,1,1,0,1,1.0,16.0,5.0,-9.0,4.0,23,2.0,22676.0,2107.0
2641003,2641004,49.0,1070058,1,1,0,1,1.0,16.0,5.0,-9.0,4.0,23,2.0,22679.0,2107.0
2641004,2641005,49.0,1070059,1,1,0,1,1.0,16.0,5.0,-9.0,4.0,23,2.0,22697.0,2110.0
2641005,2641006,49.0,1070060,1,1,0,1,1.0,16.0,5.0,-9.0,4.0,23,2.0,22706.0,2110.0
2641006,2641007,49.0,1070061,1,1,0,1,1.0,16.0,5.0,-9.0,4.0,23,2.0,22692.0,2110.0
2641007,2641008,49.0,1070062,1,1,0,1,1.0,16.0,5.0,-9.0,4.0,23,2.0,22676.0,2107.0
2641008,2641009,49.0,1070063,1,1,0,1,1.0,16.0,5.0,-9.0,4.0,23,2.0,22675.0,2107.0
2641009,2641010,49.0,1070064,1,1,0,1,1.0,16.0,5.0,-9.0,4.0,23,2.0,22707.0,2110.0
2641010,2641011,49.0,1070065,1,1,0,1,1.0,16.0,5.0,-9.0,4.0,23,2.0,22692.0,2110.0
2641011,2641012,49.0,1070066,1,1,0,1,1.0,16.0,5.0,-9.0,4.0,23,2.0,22708.0,2110.0
2641012,2641013,49.0,1070067,1,1,0,1,1.0,16.0,5.0,-9.0,4.0,23,2.0,22697.0,2110.0
2641013,2641014,49.0,1070068,1,1,0,1,1.0,16.0,5.0,-9.0,4.0,23,2.0,22702.0,2110.0
2641014,2641015,49.0,1070069,1,1,0,1,1.0,16.0,5.0,-9.0,4.0,23,2.0,22679.0,2107.0
2641015,2641016,49.0,1070070,1,1,0,1,1.0,16.0,5.0,-9.0,4.0,23,2.0,22676.0,2107.0
2641016,2641017,49.0,1070071,1,1,0,1,1.0,16.0,5.0,-9.0,4.0,23,2.0,22681.0,2107.0
2641017,2641018,49.0,1070072,1,1,0,1,1.0,16.0,5.0,-9.0,4.0,23,2.0,22702.0,2110.0
2641018,2641019,49.0,1070073,1,1,0,1,1.0,16.0,5.0,-9.0,4.0,23,2.0,22694.0,2110.0
2641019,2641020,49.0,1070074,1,1,0,1,1.0,16.0,5.0,-9.0,4.0,23,2.0,22694.0,2110.0
2641020,2641021,49.0,1070075,1,1,0,1,1.0,16.0,5.0,-9.0,4.0,23,2.0,22702.0,2110.0
2641021,2641022,49.0,1070076,1,1,0,1,1.0,16.0,5.0,-9.0,4.0,23,2.0,22708.0,2110.0
2641022,2641023,49.0,1070077,1,1,0,1,1.0,16.0,5.0,-9.0,4.0,23,2.0,22677.0,2107.0
2641023,2641024,49.0,1070078,1,1,0,1,1.0,16.0,5.0,-9.0,4.0,23,2.0,22710.0,2110.0
2641024,2641025,49.0,1070079,1,1,0,1,1.0,16.0,5.0,-9.0,4.0,23,2.0,22678.0,2107.0
2641025,2641026,49.0,1070080,1,1,0,1,1.0,16.0,5.0,-9.0,4.0,23,2.0,22681.0,2107.0
2641026,2641027,49.0,1070081,1,1,0,1,1.0,16.0,5.0,-9.0,4.0,23,2.0,22709.0,2110.0
2641027,2641028,49.0,1070082,1,1,0,1,1.0,16.0,5.0,-9.0,4.0,23,2.0,22676.0,2107.0
2641028,2641029,55.0,1070083,1,2,0,1,1.0,50.0,1.0,-9.0,4.0,8129,17.0,22676.0,2107.0
2641029,2641030,55.0,1070084,1,2,0,1,1.0,50.0,1.0,-9.0,4.0,8129,17.0,22676.0,2107.0
2641030,2641031,61.0,1070085,1,2,0,1,1.0,35.0,1.0,-9.0,4.0,8131,17.0,22681.0,2107.0
2641031,2641032,61.0,1070086,1,2,0,1,1.0,35.0,1.0,-9.0,4.0,8131,17.0,22694.0,2110.0
2641032,2641033,57.0,1070087,1,2,0,1,1.0,40.0,1.0,-9.0,4.0,812112,17.0,22691.0,2110.0
2641033,2641034,61.0,1070088,1,2,0,1,1.0,35.0,1.0,-9.0,4.0,8131,17.0,22676.0,2107.0
2641034,2641035,61.0,1070089,1,2,0,1,1.0,35.0,1.0,-9.0,4.0,8131,17.0,22679.0,2107.0
2641035,2641036,57.0,1070090,1,2,0,1,1.0,40.0,1.0,-9.0,4.0,812112,17.0,22693.0,2110.0
2641036,2641037,54.0,1070091,1,2,0,1,1.0,32.0,1.0,-9.0,4.0,622M,15.0,22691.0,2110.0
2641037,2641038,54.0,1070092,1,2,0,1,1.0,32.0,1.0,-9.0,4.0,622M,15.0,22675.0,2107.0
2641038,2641039,59.0,1070093,1,2,0,1,1.0,27.0,1.0,-9.0,4.0,5121,8.0,22697.0,2110.0
2641039,2641040,59.0,1070094,1,2,0,1,1.0,27.0,1.0,-9.0,4.0,5121,8.0,22679.0,2107.0
2641040,2641041,59.0,1070095,1,2,0,1,1.0,37.0,1.0,-9.0,4.0,44511,5.0,22693.0,2110.0
2641041,2641042,56.0,1070096,1,2,0,1,1.0,40.0,1.0,-9.0,4.0,4411,5.0,22702.0,2110.0
2641042,2641043,59.0,1070097,1,2,0,1,1.0,40.0,1.0,-9.0,4.0,3328,3.0,22697.0,2110.0
2641043,2641044,53.0,1070098,1,1,0,1,1.0,35.0,1.0,-9.0,4.0,5617Z,12.0,22702.0,2110.0
2641044,2641045,53.0,1070099,1,1,0,1,1.0,35.0,1.0,-9.0,4.0,5617Z,12.0,22677.0,2107.0
2641045,2641046,51.0,1070100,1,1,0,1,1.0,36.0,1.0,-9.0,2.0,531M,9.0,22676.0,2107.0
2641046,2641047,61.0,1070101,1,1,0,1,1.0,25.0,1.0,-9.0,4.0,5121,8.0,22675.0,2107.0
2641047,2641048,61.0,1070102,1,1,0,1,1.0,25.0,1.0,-9.0,4.0,5121,8.0,22708.0,2110.0
2641048,2641049,61.0,1070103,1,1,0,1,1.0,25.0,1.0,-9.0,4.0,5121,8.0,22676.0,2107.0
2641049,2641050,58.0,1070104,1,1,0,1,1.0,50.0,1.0,-9.0,4.0,45439,5.0,22678.0,2107.0
2641050,2641051,58.0,1070105,1,1,0,1,1.0,50.0,1.0,-9.0,4.0,45439,5.0,22675.0,2107.0
2641051,2641052,51.0,1070106,1,1,0,1,1.0,50.0,1.0,-9.0,4.0,3221,3.0,22676.0,2107.0
2641052,2641053,51.0,1070107,1,1,0,1,1.0,50.0,1.0,-9.0,4.0,3221,3.0,22694.0,2110.0
2641053,2641054,51.0,1070108,1,1,0,1,1.0,50.0,1.0,-9.0,4.0,3221,3.0,22707.0,2110.0
2641054,2641055,51.0,1070109,1,1,0,1,1.0,50.0,1.0,-9.0,4.0,3221,3.0,22675.0,2107.0
2641055,2641056,51.0,1070110,1,1,0,1,1.0,50.0,1.0,-9.0,4.0,3221,3.0,22697.0,2110.0
2641056,2641057,51.0,1070111,1,1,0,1,1.0,50.0,1.0,-9.0,4.0,3221,3.0,22697.0,2110.0
2641057,2641058,54.0,1070112,1,1,0,1,1.0,30.0,4.0,-9.0,4.0,23,2.0,22693.0,2110.0
2641058,2641059,54.0,1070113,1,1,0,1,1.0,30.0,4.0,-9.0,4.0,23,2.0,22676.0,2107.0
2641059,2641060,54.0,1070114,1,1,0,1,1.0,30.0,4.0,-9.0,4.0,23,2.0,22676.0,2107.0
2641060,2641061,54.0,1070115,1,1,0,1,1.0,30.0,4.0,-9.0,4.0,23,2.0,22706.0,2110.0
2641061,2641062,54.0,1070116,1,1,0,1,1.0,30.0,4.0,-9.0,4.0,23,2.0,22697.0,2110.0
2641062,2641063,54.0,1070117,1,1,0,1,1.0,30.0,4.0,-9.0,4.0,23,2.0,22676.0,2107.0
2641063,2641064,57.0,1070118,1,2,0,1,6.0,-9.0,-9.0,-9.0,4.0,447,5.0,22678.0,2107.0
2641064,2641065,83.0,1070118,2,2,6,1,6.0,-9.0,-9.0,-9.0,4.0,-9,0.0,22678.0,2107.0
2641065,2641066,59.0,1070119,1,2,0,1,6.0,-9.0,-9.0,-9.0,4.0,-9,0.0,22702.0,2110.0
2641066,2641067,61.0,1070120,1,2,0,1,6.0,-9.0,-9.0,-9.0,4.0,-9,0.0,22705.0,2110.0
2641067,2641068,62.0,1070121,1,2,0,1,6.0,-9.0,-9.0,-9.0,4.0,-9,0.0,22676.0,2107.0
2641068,2641069,62.0,1070122,1,2,0,1,6.0,-9.0,-9.0,-9.0,4.0,-9,0.0,22697.0,2110.0
2641069,2641070,62.0,1070123,1,2,0,1,6.0,-9.0,-9.0,-9.0,4.0,-9,0.0,22697.0,2110.0
2641070,2641071,61.0,1070124,1,2,0,1,6.0,-9.0,-9.0,-9.0,4.0,-9,0.0,22677.0,2107.0
2641071,2641072,62.0,1070125,1,2,0,1,6.0,-9.0,-9.0,-9.0,4.0,-9,0.0,22706.0,2110.0
2641072,2641073,63.0,1070126,1,1,0,1,6.0,-9.0,-9.0,-9.0,2.0,-9,0.0,22709.0,2110.0
2641073,2641074,62.0,1070127,1,1,0,1,6.0,-9.0,-9.0,-9.0,4.0,-9,0.0,22707.0,2110.0
2641074,2641075,58.0,1070128,1,1,0,1,6.0,-9.0,-9.0,-9.0,4.0,-9,0.0,22676.0,2107.0
2641075,2641076,62.0,1070129,1,1,0,1,6.0,-9.0,-9.0,-9.0,4.0,-9,0.0,22694.0,2110.0
2641076,2641077,63.0,1070130,1,1,0,1,6.0,-9.0,-9.0,-9.0,2.0,-9,0.0,22692.0,2110.0
2641077,2641078,62.0,1070131,1,1,0,1,6.0,-9.0,-9.0,-9.0,4.0,-9,0.0,22680.0,2107.0
2641078,2641079,63.0,1070132,1,1,0,1,6.0,-9.0,-9.0,-9.0,2.0,-9,0.0,22676.0,2107.0
2641079,2641080,62.0,1070133,1,1,0,1,6.0,-9.0,-9.0,-9.0,4.0,-9,0.0,22692.0,2110.0
2641080,2641081,57.0,1070134,1,1,0,1,6.0,-9.0,-9.0,-9.0,2.0,-9,0.0,22692.0,2110.0
2641081,2641082,63.0,1070135,1,1,0,1,6.0,-9.0,-9.0,-9.0,2.0,-9,0.0,22702.0,2110.0
2641082,2641083,63.0,1070136,1,1,0,1,6.0,-9.0,-9.0,-9.0,2.0,-9,0.0,22697.0,2110.0
2641083,2641084,58.0,1070137,1,1,0,1,6.0,-9.0,-9.0,-9.0,4.0,-9,0.0,22710.0,2110.0
2641084,2641085,57.0,1070138,1,1,0,1,6.0,-9.0,-9.0,-9.0,2.0,-9,0.0,22677.0,2107.0
2641085,2641086,57.0,1070139,1,1,0,1,3.0,-9.0,-9.0,-9.0,4.0,5413,10.0,22694.0,2110.0
2641086,2641087,58.0,1070140,1,1,0,1,6.0,-9.0,-9.0,-9.0,2.0,-9,0.0,22707.0,2110.0
2641087,2641088,56.0,1070141,1,1,0,1,1.0,40.0,1.0,-9.0,4.0,3345,3.0,22676.0,2107.0
2641088,2641089,42.0,1070141,2,2,1,1,6.0,-9.0,-9.0,-9.0,4.0,-9,0.0,22676.0,2107.0
2641089,2641090,14.0,1070141,3,2,2,1,-9.0,-9.0,-9.0,11.0,-9.0,-9,0.0,22676.0,2107.0
2641090,2641091,6.0,1070141,4,1,2,1,-9.0,-9.0,-9.0,2.0,-9.0,-9,0.0,22676.0,2107.0
2641091,2641092,69.0,1070141,5,2,8,1,6.0,-9.0,-9.0,-9.0,4.0,-9,0.0,22676.0,2107.0
2641092,2641093,64.0,1070142,1,1,0,1,6.0,-9.0,-9.0,-9.0,4.0,4411,5.0,22705.0,2110.0
2641093,2641094,68.0,1070142,2,2,1,1,6.0,-9.0,-9.0,-9.0,4.0,-9,0.0,22705.0,2110.0
2641094,2641095,47.0,1070142,3,2,4,1,1.0,40.0,1.0,-9.0,4.0,4244,4.0,22705.0,2110.0
2641095,2641096,17.0,1070142,4,2,7,1,1.0,24.0,6.0,13.0,4.0,44511,5.0,22705.0,2110.0
2641096,2641097,6.0,1070142,5,2,7,1,-9.0,-9.0,-9.0,2.0,-9.0,-9,0.0,22705.0,2110.0
2641097,2641098,64.0,1070143,1,1,0,1,6.0,-9.0,-9.0,-9.0,4.0,4411,5.0,22706.0,2110.0
2641098,2641099,68.0,1070143,2,2,1,1,6.0,-9.0,-9.0,-9.0,4.0,-9,0.0,22706.0,2110.0
2641099,2641100,47.0,1070143,3,2,4,1,1.0,40.0,1.0,-9.0,4.0,4244,4.0,22706.0,2110.0
2641100,2641101,17.0,1070143,4,2,7,1,1.0,24.0,6.0,13.0,4.0,44511,5.0,22706.0,2110.0
2641101,2641102,6.0,1070143,5,2,7,1,-9.0,-9.0,-9.0,2.0,-9.0,-9,0.0,22706.0,2110.0
2641102,2641103,64.0,1070144,1,1,0,1,6.0,-9.0,-9.0,-9.0,4.0,4411,5.0,22705.0,2110.0
2641103,2641104,68.0,1070144,2,2,1,1,6.0,-9.0,-9.0,-9.0,4.0,-9,0.0,22705.0,2110.0
2641104,2641105,47.0,1070144,3,2,4,1,1.0,40.0,1.0,-9.0,4.0,4244,4.0,22705.0,2110.0
2641105,2641106,17.0,1070144,4,2,7,1,1.0,24.0,6.0,13.0,4.0,44511,5.0,22705.0,2110.0
2641106,2641107,6.0,1070144,5,2,7,1,-9.0,-9.0,-9.0,2.0,-9.0,-9,0.0,22705.0,2110.0
2641107,2641108,45.0,1070145,1,1,0,1,1.0,50.0,1.0,-9.0,4.0,6111,13.0,22677.0,2107.0
2641108,2641109,42.0,1070145,2,2,1,1,1.0,50.0,1.0,-9.0,4.0,6111,13.0,22677.0,2107.0
2641109,2641110,15.0,1070145,3,2,2,1,-9.0,-9.0,-9.0,11.0,-9.0,-9,0.0,22677.0,2107.0
2641110,2641111,11.0,1070145,4,2,2,1,-9.0,-9.0,-9.0,7.0,-9.0,-9,0.0,22677.0,2107.0
2641111,2641112,51.0,1070146,1,2,0,1,1.0,45.0,1.0,-9.0,4.0,5617Z,12.0,22679.0,2107.0
2641112,2641113,47.0,1070146,2,1,1,1,1.0,50.0,1.0,-9.0,4.0,5617Z,12.0,22679.0,2107.0
2641113,2641114,17.0,1070146,3,2,2,1,1.0,9.0,6.0,13.0,4.0,5617Z,12.0,22679.0,2107.0
2641114,2641115,13.0,1070146,4,2,2,1,-9.0,-9.0,-9.0,9.0,-9.0,-9,0.0,22679.0,2107.0
2641115,2641116,51.0,1070147,1,2,0,1,1.0,45.0,1.0,-9.0,4.0,5617Z,12.0,22676.0,2107.0
2641116,2641117,47.0,1070147,2,1,1,1,1.0,50.0,1.0,-9.0,4.0,5617Z,12.0,22676.0,2107.0
2641117,2641118,17.0,1070147,3,2,2,1,1.0,9.0,6.0,13.0,4.0,5617Z,12.0,22676.0,2107.0
2641118,2641119,13.0,1070147,4,2,2,1,-9.0,-9.0,-9.0,9.0,-9.0,-9,0.0,22676.0,2107.0
2641119,2641120,51.0,1070148,1,2,0,1,1.0,45.0,1.0,-9.0,4.0,5617Z,12.0,22694.0,2110.0
2641120,2641121,47.0,1070148,2,1,1,1,1.0,50.0,1.0,-9.0,4.0,5617Z,12.0,22694.0,2110.0
2641121,2641122,17.0,1070148,3,2,2,1,1.0,9.0,6.0,13.0,4.0,5617Z,12.0,22694.0,2110.0
2641122,2641123,13.0,1070148,4,2,2,1,-9.0,-9.0,-9.0,9.0,-9.0,-9,0.0,22694.0,2110.0
2641123,2641124,51.0,1070149,1,2,0,1,1.0,45.0,1.0,-9.0,4.0,5617Z,12.0,22677.0,2107.0
2641124,2641125,47.0,1070149,2,1,1,1,1.0,50.0,1.0,-9.0,4.0,5617Z,12.0,22677.0,2107.0
2641125,2641126,17.0,1070149,3,2,2,1,1.0,9.0,6.0,13.0,4.0,5617Z,12.0,22677.0,2107.0
2641126,2641127,13.0,1070149,4,2,2,1,-9.0,-9.0,-9.0,9.0,-9.0,-9,0.0,22677.0,2107.0
2641127,2641128,46.0,1070150,1,2,0,1,1.0,18.0,1.0,-9.0,4.0,23,2.0,22692.0,2110.0
2641128,2641129,7.0,1070150,2,2,15,1,-9.0,-9.0,-9.0,-9.0,-9.0,-9,0.0,22692.0,2110.0
2641129,2641130,46.0,1070151,1,2,0,1,1.0,18.0,1.0,-9.0,4.0,23,2.0,22705.0,2110.0
2641130,2641131,7.0,1070151,2,2,15,1,-9.0,-9.0,-9.0,-9.0,-9.0,-9,0.0,22705.0,2110.0
2641131,2641132,40.0,1070152,1,1,0,3,1.0,50.0,1.0,-9.0,4.0,4412,5.0,22675.0,2107.0
2641132,2641133,40.0,1070153,1,1,0,3,1.0,50.0,1.0,-9.0,4.0,4412,5.0,22697.0,2110.0
2641133,2641134,25.0,1070154,1,1,0,4,3.0,8.0,6.0,-9.0,4.0,722Z,16.0,22678.0,2107.0
2641134,2641135,24.0,1070154,2,1,12,3,1.0,40.0,1.0,-9.0,4.0,722Z,16.0,22678.0,2107.0
2641135,2641136,23.0,1070154,3,1,12,1,1.0,40.0,1.0,-9.0,4.0,722Z,16.0,22678.0,2107.0
2641136,2641137,22.0,1070154,4,2,12,1,1.0,40.0,1.0,-9.0,4.0,722Z,16.0,22678.0,2107.0
2641137,2641138,25.0,1070155,1,1,0,4,3.0,8.0,6.0,-9.0,4.0,722Z,16.0,22705.0,2110.0
2641138,2641139,24.0,1070155,2,1,12,3,1.0,40.0,1.0,-9.0,4.0,722Z,16.0,22705.0,2110.0
2641139,2641140,23.0,1070155,3,1,12,1,1.0,40.0,1.0,-9.0,4.0,722Z,16.0,22705.0,2110.0
2641140,2641141,22.0,1070155,4,2,12,1,1.0,40.0,1.0,-9.0,4.0,722Z,16.0,22705.0,2110.0
2641141,2641142,25.0,1070156,1,1,0,4,3.0,8.0,6.0,-9.0,4.0,722Z,16.0,22694.0,2110.0
2641142,2641143,24.0,1070156,2,1,12,3,1.0,40.0,1.0,-9.0,4.0,722Z,16.0,22694.0,2110.0
2641143,2641144,23.0,1070156,3,1,12,1,1.0,40.0,1.0,-9.0,4.0,722Z,16.0,22694.0,2110.0
2641144,2641145,22.0,1070156,4,2,12,1,1.0,40.0,1.0,-9.0,4.0,722Z,16.0,22694.0,2110.0
2641145,2641146,25.0,1070157,1,1,0,4,3.0,8.0,6.0,-9.0,4.0,722Z,16.0,22678.0,2107.0
2641146,2641147,24.0,1070157,2,1,12,3,1.0,40.0,1.0,-9.0,4.0,722Z,16.0,22678.0,2107.0
2641147,2641148,23.0,1070157,3,1,12,1,1.0,40.0,1.0,-9.0,4.0,722Z,16.0,22678.0,2107.0
2641148,2641149,22.0,1070157,4,2,12,1,1.0,40.0,1.0,-9.0,4.0,722Z,16.0,22678.0,2107.0
2641149,2641150,25.0,1070158,1,1,0,4,3.0,8.0,6.0,-9.0,4.0,722Z,16.0,22702.0,2110.0
2641150,2641151,24.0,1070158,2,1,12,3,1.0,40.0,1.0,-9.0,4.0,722Z,16.0,22702.0,2110.0
2641151,2641152,23.0,1070158,3,1,12,1,1.0,40.0,1.0,-9.0,4.0,722Z,16.0,22702.0,2110.0
2641152,2641153,22.0,1070158,4,2,12,1,1.0,40.0,1.0,-9.0,4.0,722Z,16.0,22702.0,2110.0
2641153,2641154,25.0,1070159,1,1,0,4,3.0,8.0,6.0,-9.0,4.0,722Z,16.0,22694.0,2110.0
2641154,2641155,24.0,1070159,2,1,12,3,1.0,40.0,1.0,-9.0,4.0,722Z,16.0,22694.0,2110.0
2641155,2641156,23.0,1070159,3,1,12,1,1.0,40.0,1.0,-9.0,4.0,722Z,16.0,22694.0,2110.0
2641156,2641157,22.0,1070159,4,2,12,1,1.0,40.0,1.0,-9.0,4.0,722Z,16.0,22694.0,2110.0
2641157,2641158,25.0,1070160,1,1,0,4,3.0,8.0,6.0,-9.0,4.0,722Z,16.0,22678.0,2107.0
2641158,2641159,24.0,1070160,2,1,12,3,1.0,40.0,1.0,-9.0,4.0,722Z,16.0,22678.0,2107.0
2641159,2641160,23.0,1070160,3,1,12,1,1.0,40.0,1.0,-9.0,4.0,722Z,16.0,22678.0,2107.0
2641160,2641161,22.0,1070160,4,2,12,1,1.0,40.0,1.0,-9.0,4.0,722Z,16.0,22678.0,2107.0
2641161,2641162,25.0,1070161,1,1,0,4,3.0,8.0,6.0,-9.0,4.0,722Z,16.0,22705.0,2110.0
2641162,2641163,24.0,1070161,2,1,12,3,1.0,40.0,1.0,-9.0,4.0,722Z,16.0,22705.0,2110.0
2641163,2641164,23.0,1070161,3,1,12,1,1.0,40.0,1.0,-9.0,4.0,722Z,16.0,22705.0,2110.0
2641164,2641165,22.0,1070161,4,2,12,1,1.0,40.0,1.0,-9.0,4.0,722Z,16.0,22705.0,2110.0
2641165,2641166,25.0,1070162,1,1,0,4,1.0,30.0,1.0,15.0,4.0,443142,5.0,22675.0,2107.0
2641166,2641167,20.0,1070162,2,2,13,1,1.0,23.0,1.0,-9.0,4.0,44511,5.0,22675.0,2107.0
2641167,2641168,25.0,1070163,1,1,0,4,1.0,30.0,1.0,15.0,4.0,443142,5.0,22677.0,2107.0
2641168,2641169,20.0,1070163,2,2,13,1,1.0,23.0,1.0,-9.0,4.0,44511,5.0,22677.0,2107.0
2641169,2641170,34.0,1070164,1,1,0,4,1.0,60.0,1.0,-9.0,4.0,5415,10.0,22710.0,2110.0
2641170,2641171,31.0,1070164,2,1,5,4,1.0,40.0,1.0,15.0,4.0,5111Z,8.0,22710.0,2110.0
2641171,2641172,34.0,1070165,1,1,0,4,1.0,60.0,1.0,-9.0,4.0,5415,10.0,22676.0,2107.0
2641172,2641173,31.0,1070165,2,1,5,4,1.0,40.0,1.0,15.0,4.0,5111Z,8.0,22676.0,2107.0
2641173,2641174,44.0,1070166,1,2,0,4,1.0,50.0,1.0,-9.0,4.0,5413,10.0,22693.0,2110.0
2641174,2641175,44.0,1070166,2,1,1,1,1.0,45.0,1.0,-9.0,4.0,611M1,13.0,22693.0,2110.0
2641175,2641176,15.0,1070166,3,1,3,4,-9.0,-9.0,-9.0,11.0,-9.0,-9,0.0,22693.0,2110.0
2641176,2641177,10.0,1070166,4,1,3,4,-9.0,-9.0,-9.0,5.0,-9.0,-9,0.0,22693.0,2110.0
2641177,2641178,30.0,1070167,1,2,0,4,1.0,38.0,2.0,-9.0,4.0,6212,14.0,22697.0,2110.0
2641178,2641179,31.0,1070167,2,1,1,1,1.0,80.0,1.0,-9.0,4.0,622M,15.0,22697.0,2110.0
2641179,2641180,1.0,1070167,3,1,2,1,-9.0,-9.0,-9.0,-9.0,-9.0,-9,0.0,22697.0,2110.0
2641180,2641181,30.0,1070168,1,2,0,4,1.0,38.0,2.0,-9.0,4.0,6212,14.0,22692.0,2110.0
2641181,2641182,31.0,1070168,2,1,1,1,1.0,80.0,1.0,-9.0,4.0,622M,15.0,22692.0,2110.0
2641182,2641183,1.0,1070168,3,1,2,1,-9.0,-9.0,-9.0,-9.0,-9.0,-9,0.0,22692.0,2110.0
2641183,2641184,30.0,1070169,1,2,0,4,1.0,38.0,2.0,-9.0,4.0,6212,14.0,22676.0,2107.0
2641184,2641185,31.0,1070169,2,1,1,1,1.0,80.0,1.0,-9.0,4.0,622M,15.0,22676.0,2107.0
2641185,2641186,1.0,1070169,3,1,2,1,-9.0,-9.0,-9.0,-9.0,-9.0,-9,0.0,22676.0,2107.0
2641186,2641187,29.0,1070170,1,2,0,4,2.0,48.0,1.0,-9.0,4.0,611M1,13.0,22675.0,2107.0
2641187,2641188,29.0,1070170,2,1,1,1,1.0,32.0,1.0,-9.0,4.0,622M,15.0,22675.0,2107.0
2641188,2641189,0.0,1070170,3,2,2,4,-9.0,-9.0,-9.0,-9.0,-9.0,-9,0.0,22675.0,2107.0
2641189,2641190,29.0,1070171,1,2,0,4,2.0,48.0,1.0,-9.0,4.0,611M1,13.0,22675.0,2107.0
2641190,2641191,29.0,1070171,2,1,1,1,1.0,32.0,1.0,-9.0,4.0,622M,15.0,22675.0,2107.0
2641191,2641192,0.0,1070171,3,2,2,4,-9.0,-9.0,-9.0,-9.0,-9.0,-9,0.0,22675.0,2107.0
2641192,2641193,29.0,1070172,1,2,0,4,2.0,48.0,1.0,-9.0,4.0,611M1,13.0,22677.0,2107.0
2641193,2641194,29.0,1070172,2,1,1,1,1.0,32.0,1.0,-9.0,4.0,622M,15.0,22677.0,2107.0
2641194,2641195,0.0,1070172,3,2,2,4,-9.0,-9.0,-9.0,-9.0,-9.0,-9,0.0,22677.0,2107.0
2641195,2641196,41.0,1070173,1,2,0,4,1.0,56.0,1.0,-9.0,4.0,5613,12.0,22709.0,2110.0
2641196,2641197,39.0,1070173,2,1,1,1,6.0,-9.0,-9.0,-9.0,4.0,-9,0.0,22709.0,2110.0
2641197,2641198,3.0,1070173,3,2,2,4,-9.0,-9.0,-9.0,1.0,-9.0,-9,0.0,22709.0,2110.0
2641198,2641199,41.0,1070174,1,2,0,4,1.0,56.0,1.0,-9.0,4.0,5613,12.0,22676.0,2107.0
2641199,2641200,39.0,1070174,2,1,1,1,6.0,-9.0,-9.0,-9.0,4.0,-9,0.0,22676.0,2107.0
2641200,2641201,3.0,1070174,3,2,2,4,-9.0,-9.0,-9.0,1.0,-9.0,-9,0.0,22676.0,2107.0
2641201,2641202,41.0,1070175,1,2,0,4,1.0,56.0,1.0,-9.0,4.0,5613,12.0,22678.0,2107.0
2641202,2641203,39.0,1070175,2,1,1,1,6.0,-9.0,-9.0,-9.0,4.0,-9,0.0,22678.0,2107.0
2641203,2641204,3.0,1070175,3,2,2,4,-9.0,-9.0,-9.0,1.0,-9.0,-9,0.0,22678.0,2107.0
2641204,2641205,41.0,1070176,1,2,0,4,1.0,56.0,1.0,-9.0,4.0,5613,12.0,22694.0,2110.0
2641205,2641206,39.0,1070176,2,1,1,1,6.0,-9.0,-9.0,-9.0,4.0,-9,0.0,22694.0,2110.0
2641206,2641207,3.0,1070176,3,2,2,4,-9.0,-9.0,-9.0,1.0,-9.0,-9,0.0,22694.0,2110.0
2641207,2641208,29.0,1070177,1,1,0,2,1.0,45.0,1.0,-9.0,4.0,611M1,13.0,22675.0,2107.0
2641208,2641209,27.0,1070177,2,2,1,1,1.0,40.0,1.0,-9.0,4.0,611M3,13.0,22675.0,2107.0
2641209,2641210,29.0,1070178,1,1,0,2,1.0,45.0,1.0,-9.0,4.0,611M1,13.0,22676.0,2107.0
2641210,2641211,27.0,1070178,2,2,1,1,1.0,40.0,1.0,-9.0,4.0,611M3,13.0,22676.0,2107.0
2641211,2641212,29.0,1070179,1,1,0,2,1.0,45.0,1.0,-9.0,4.0,611M1,13.0,22679.0,2107.0
2641212,2641213,27.0,1070179,2,2,1,1,1.0,40.0,1.0,-9.0,4.0,611M3,13.0,22679.0,2107.0
2641213,2641214,39.0,1070180,1,1,0,2,1.0,30.0,1.0,-9.0,4.0,621M,14.0,22676.0,2107.0
2641214,2641215,25.0,1070180,2,2,12,1,1.0,30.0,3.0,15.0,4.0,622M,15.0,22676.0,2107.0
2641215,2641216,39.0,1070181,1,1,0,2,1.0,30.0,1.0,-9.0,4.0,621M,14.0,22691.0,2110.0
2641216,2641217,25.0,1070181,2,2,12,1,1.0,30.0,3.0,15.0,4.0,622M,15.0,22691.0,2110.0
2641217,2641218,39.0,1070182,1,1,0,2,1.0,30.0,1.0,-9.0,4.0,621M,14.0,22675.0,2107.0
2641218,2641219,25.0,1070182,2,2,12,1,1.0,30.0,3.0,15.0,4.0,622M,15.0,22675.0,2107.0
2641219,2641220,39.0,1070183,1,1,0,2,1.0,30.0,1.0,-9.0,4.0,621M,14.0,22706.0,2110.0
2641220,2641221,25.0,1070183,2,2,12,1,1.0,30.0,3.0,15.0,4.0,622M,15.0,22706.0,2110.0
2641221,2641222,44.0,1070184,1,1,0,2,1.0,60.0,1.0,-9.0,2.0,722Z,16.0,22697.0,2110.0
2641222,2641223,34.0,1070184,2,2,15,1,1.0,45.0,4.0,-9.0,4.0,722Z,16.0,22697.0,2110.0
2641223,2641224,44.0,1070185,1,1,0,2,1.0,60.0,1.0,-9.0,2.0,722Z,16.0,22698.0,2110.0
2641224,2641225,34.0,1070185,2,2,15,1,1.0,45.0,4.0,-9.0,4.0,722Z,16.0,22698.0,2110.0
2641225,2641226,44.0,1070186,1,1,0,2,1.0,35.0,1.0,-9.0,4.0,611M1,13.0,22676.0,2107.0
2641226,2641227,40.0,1070186,2,2,1,2,1.0,35.0,1.0,-9.0,4.0,6211,14.0,22676.0,2107.0
2641227,2641228,6.0,1070186,3,1,2,2,-9.0,-9.0,-9.0,3.0,-9.0,-9,0.0,22676.0,2107.0
2641228,2641229,5.0,1070186,4,2,2,2,-9.0,-9.0,-9.0,2.0,-9.0,-9,0.0,22676.0,2107.0
2641229,2641230,3.0,1070186,5,2,2,2,-9.0,-9.0,-9.0,1.0,-9.0,-9,0.0,22676.0,2107.0
2641230,2641231,42.0,1070187,1,2,0,3,1.0,20.0,1.0,-9.0,4.0,621M,14.0,22678.0,2107.0
2641231,2641232,46.0,1070187,2,1,1,4,1.0,60.0,1.0,-9.0,4.0,621M,14.0,22678.0,2107.0
2641232,2641233,16.0,1070187,3,2,2,4,6.0,-9.0,-9.0,13.0,-9.0,-9,0.0,22678.0,2107.0
2641233,2641234,11.0,1070187,4,2,2,4,-9.0,-9.0,-9.0,8.0,-9.0,-9,0.0,22678.0,2107.0
2641234,2641235,9.0,1070187,5,2,2,4,-9.0,-9.0,-9.0,6.0,-9.0,-9,0.0,22678.0,2107.0
2641235,2641236,42.0,1070188,1,2,0,3,1.0,20.0,1.0,-9.0,4.0,621M,14.0,22697.0,2110.0
2641236,2641237,46.0,1070188,2,1,1,4,1.0,60.0,1.0,-9.0,4.0,621M,14.0,22697.0,2110.0
2641237,2641238,16.0,1070188,3,2,2,4,6.0,-9.0,-9.0,13.0,-9.0,-9,0.0,22697.0,2110.0
2641238,2641239,11.0,1070188,4,2,2,4,-9.0,-9.0,-9.0,8.0,-9.0,-9,0.0,22697.0,2110.0
2641239,2641240,9.0,1070188,5,2,2,4,-9.0,-9.0,-9.0,6.0,-9.0,-9,0.0,22697.0,2110.0
2641240,2641241,42.0,1070189,1,2,0,3,1.0,20.0,1.0,-9.0,4.0,621M,14.0,22702.0,2110.0
2641241,2641242,46.0,1070189,2,1,1,4,1.0,60.0,1.0,-9.0,4.0,621M,14.0,22702.0,2110.0
2641242,2641243,16.0,1070189,3,2,2,4,6.0,-9.0,-9.0,13.0,-9.0,-9,0.0,22702.0,2110.0
2641243,2641244,11.0,1070189,4,2,2,4,-9.0,-9.0,-9.0,8.0,-9.0,-9,0.0,22702.0,2110.0
2641244,2641245,9.0,1070189,5,2,2,4,-9.0,-9.0,-9.0,6.0,-9.0,-9,0.0,22702.0,2110.0
2641245,2641246,42.0,1070190,1,2,0,3,1.0,20.0,1.0,-9.0,4.0,621M,14.0,22697.0,2110.0
2641246,2641247,46.0,1070190,2,1,1,4,1.0,60.0,1.0,-9.0,4.0,621M,14.0,22697.0,2110.0
2641247,2641248,16.0,1070190,3,2,2,4,6.0,-9.0,-9.0,13.0,-9.0,-9,0.0,22697.0,2110.0
2641248,2641249,11.0,1070190,4,2,2,4,-9.0,-9.0,-9.0,8.0,-9.0,-9,0.0,22697.0,2110.0
2641249,2641250,9.0,1070190,5,2,2,4,-9.0,-9.0,-9.0,6.0,-9.0,-9,0.0,22697.0,2110.0
2641250,2641251,42.0,1070191,1,2,0,3,1.0,20.0,1.0,-9.0,4.0,621M,14.0,22700.0,2110.0
2641251,2641252,46.0,1070191,2,1,1,4,1.0,60.0,1.0,-9.0,4.0,621M,14.0,22700.0,2110.0
2641252,2641253,16.0,1070191,3,2,2,4,6.0,-9.0,-9.0,13.0,-9.0,-9,0.0,22700.0,2110.0
2641253,2641254,11.0,1070191,4,2,2,4,-9.0,-9.0,-9.0,8.0,-9.0,-9,0.0,22700.0,2110.0
2641254,2641255,9.0,1070191,5,2,2,4,-9.0,-9.0,-9.0,6.0,-9.0,-9,0.0,22700.0,2110.0
2641255,2641256,37.0,1070192,1,1,0,3,1.0,50.0,2.0,-9.0,4.0,23,2.0,22705.0,2110.0
2641256,2641257,34.0,1070192,2,2,1,3,6.0,-9.0,-9.0,-9.0,4.0,-9,0.0,22705.0,2110.0
2641257,2641258,9.0,1070192,3,1,2,3,-9.0,-9.0,-9.0,7.0,-9.0,-9,0.0,22705.0,2110.0
2641258,2641259,4.0,1070192,4,1,2,3,-9.0,-9.0,-9.0,1.0,-9.0,-9,0.0,22705.0,2110.0
2641259,2641260,37.0,1070193,1,1,0,3,1.0,50.0,2.0,-9.0,4.0,23,2.0,22700.0,2110.0
2641260,2641261,34.0,1070193,2,2,1,3,6.0,-9.0,-9.0,-9.0,4.0,-9,0.0,22700.0,2110.0
2641261,2641262,9.0,1070193,3,1,2,3,-9.0,-9.0,-9.0,7.0,-9.0,-9,0.0,22700.0,2110.0
2641262,2641263,4.0,1070193,4,1,2,3,-9.0,-9.0,-9.0,1.0,-9.0,-9,0.0,22700.0,2110.0
2641263,2641264,42.0,1070194,1,1,0,1,1.0,35.0,1.0,-9.0,2.0,23,2.0,22700.0,2110.0
2641264,2641265,38.0,1070194,2,2,1,1,1.0,50.0,1.0,-9.0,4.0,23,2.0,22700.0,2110.0
2641265,2641266,27.0,1070195,1,1,0,1,1.0,40.0,1.0,-9.0,4.0,51913,8.0,22698.0,2110.0
2641266,2641267,25.0,1070195,2,1,12,1,1.0,40.0,1.0,-9.0,4.0,5412,10.0,22698.0,2110.0
2641267,2641268,37.0,1070196,1,1,0,1,1.0,47.0,1.0,-9.0,4.0,3113,3.0,22700.0,2110.0
2641268,2641269,34.0,1070196,2,2,1,1,1.0,63.0,1.0,16.0,4.0,3399ZM,3.0,22700.0,2110.0
2641269,2641270,30.0,1070197,1,1,0,1,1.0,40.0,1.0,-9.0,4.0,44611,5.0,22676.0,2107.0
2641270,2641271,30.0,1070198,1,1,0,1,1.0,40.0,1.0,-9.0,4.0,44611,5.0,22693.0,2110.0
2641271,2641272,38.0,1070199,1,2,0,1,1.0,50.0,1.0,-9.0,4.0,611M1,13.0,22677.0,2107.0
2641272,2641273,36.0,1070199,2,1,1,1,1.0,60.0,1.0,-9.0,4.0,6211,14.0,22677.0,2107.0
2641273,2641274,29.0,1070200,1,2,0,1,1.0,40.0,1.0,-9.0,4.0,221MP,7.0,22694.0,2110.0
2641274,2641275,37.0,1070201,1,1,0,1,1.0,60.0,1.0,-9.0,4.0,5617Z,12.0,22697.0,2110.0
2641275,2641276,28.0,1070202,1,1,0,1,1.0,40.0,1.0,15.0,2.0,5613,12.0,22702.0,2110.0
2641276,2641277,37.0,1070203,1,1,0,1,1.0,60.0,1.0,-9.0,4.0,5617Z,12.0,22694.0,2110.0
2641277,2641278,42.0,1070204,1,1,0,1,1.0,40.0,1.0,-9.0,4.0,5415,10.0,22679.0,2107.0
2641278,2641279,37.0,1070205,1,1,0,1,1.0,60.0,1.0,-9.0,4.0,5617Z,12.0,22694.0,2110.0
2641279,2641280,42.0,1070206,1,1,0,1,1.0,40.0,1.0,-9.0,4.0,5415,10.0,22678.0,2107.0
2641280,2641281,42.0,1070207,1,1,0,1,1.0,40.0,1.0,-9.0,4.0,5415,10.0,22700.0,2110.0
2641281,2641282,42.0,1070208,1,1,0,1,1.0,40.0,1.0,-9.0,4.0,5415,10.0,22697.0,2110.0
2641282,2641283,37.0,1070209,1,1,0,1,1.0,60.0,1.0,-9.0,4.0,5617Z,12.0,22676.0,2107.0
2641283,2641284,42.0,1070210,1,1,0,1,1.0,40.0,1.0,-9.0,4.0,5415,10.0,22675.0,2107.0
2641284,2641285,37.0,1070211,1,1,0,1,1.0,60.0,1.0,-9.0,4.0,5617Z,12.0,22691.0,2110.0
2641285,2641286,42.0,1070212,1,1,0,1,1.0,40.0,1.0,-9.0,4.0,5415,10.0,22706.0,2110.0
2641286,2641287,37.0,1070213,1,1,0,1,1.0,60.0,1.0,-9.0,4.0,5617Z,12.0,22697.0,2110.0
2641287,2641288,28.0,1070214,1,1,0,1,1.0,40.0,1.0,-9.0,4.0,3231,3.0,22676.0,2107.0
2641288,2641289,24.0,1070214,2,2,13,1,1.0,40.0,1.0,-9.0,4.0,3231,3.0,22676.0,2107.0
2641289,2641290,33.0,1070215,1,1,0,1,1.0,40.0,1.0,-9.0,4.0,5412,10.0,22676.0,2107.0
2641290,2641291,33.0,1070216,1,1,0,1,1.0,40.0,1.0,-9.0,4.0,5412,10.0,22706.0,2110.0
2641291,2641292,33.0,1070217,1,1,0,1,1.0,40.0,1.0,-9.0,4.0,5412,10.0,22709.0,2110.0
2641292,2641293,33.0,1070218,1,1,0,1,1.0,40.0,1.0,-9.0,4.0,5412,10.0,22676.0,2107.0
2641293,2641294,39.0,1070219,1,1,0,1,1.0,40.0,1.0,-9.0,4.0,5112,8.0,22705.0,2110.0
2641294,2641295,35.0,1070220,1,1,0,1,1.0,50.0,3.0,-9.0,4.0,5111Z,8.0,22708.0,2110.0
2641295,2641296,35.0,1070221,1,1,0,1,1.0,50.0,3.0,-9.0,4.0,5111Z,8.0,22694.0,2110.0
2641296,2641297,35.0,1070222,1,1,0,1,1.0,50.0,3.0,-9.0,4.0,5111Z,8.0,22697.0,2110.0
2641297,2641298,39.0,1070223,1,1,0,1,1.0,40.0,1.0,-9.0,4.0,5112,8.0,22677.0,2107.0
2641298,2641299,39.0,1070224,1,1,0,1,1.0,40.0,1.0,-9.0,4.0,5112,8.0,22676.0,2107.0
2641299,2641300,39.0,1070225,1,1,0,1,1.0,40.0,1.0,-9.0,4.0,5112,8.0,22677.0,2107.0
2641300,2641301,39.0,1070226,1,1,0,1,1.0,40.0,1.0,-9.0,4.0,5112,8.0,22681.0,2107.0
2641301,2641302,39.0,1070227,1,1,0,1,1.0,40.0,1.0,-9.0,4.0,5112,8.0,22676.0,2107.0
2641302,2641303,35.0,1070228,1,1,0,1,1.0,50.0,3.0,-9.0,4.0,5111Z,8.0,22692.0,2110.0
2641303,2641304,35.0,1070229,1,1,0,1,1.0,50.0,3.0,-9.0,4.0,5111Z,8.0,22679.0,2107.0
2641304,2641305,35.0,1070230,1,1,0,1,1.0,50.0,3.0,-9.0,4.0,5111Z,8.0,22694.0,2110.0
2641305,2641306,35.0,1070231,1,1,0,1,1.0,50.0,3.0,-9.0,4.0,5111Z,8.0,22694.0,2110.0
2641306,2641307,40.0,1070232,1,1,0,1,1.0,45.0,1.0,-9.0,4.0,336M,3.0,22676.0,2107.0
2641307,2641308,40.0,1070233,1,1,0,1,1.0,45.0,1.0,-9.0,4.0,336M,3.0,22676.0,2107.0
2641308,2641309,27.0,1070234,1,1,0,1,1.0,50.0,1.0,-9.0,4.0,336M,3.0,22676.0,2107.0
2641309,2641310,33.0,1070235,1,1,0,1,1.0,50.0,1.0,-9.0,4.0,332MZ,3.0,22697.0,2110.0
2641310,2641311,33.0,1070236,1,1,0,1,1.0,50.0,1.0,-9.0,4.0,332MZ,3.0,22705.0,2110.0
2641311,2641312,40.0,1070237,1,1,0,1,1.0,45.0,1.0,-9.0,4.0,336M,3.0,22706.0,2110.0
2641312,2641313,38.0,1070238,1,2,0,1,1.0,36.0,1.0,-9.0,4.0,622M,15.0,22676.0,2107.0
2641313,2641314,44.0,1070239,1,1,0,1,1.0,40.0,1.0,-9.0,4.0,5616,12.0,22702.0,2110.0
2641314,2641315,44.0,1070240,1,1,0,1,1.0,40.0,1.0,-9.0,4.0,5616,12.0,22702.0,2110.0
2641315,2641316,44.0,1070241,1,1,0,1,1.0,40.0,1.0,-9.0,4.0,5616,12.0,22702.0,2110.0
2641316,2641317,26.0,1070242,1,1,0,1,1.0,34.0,1.0,15.0,4.0,4523,5.0,22676.0,2107.0
2641317,2641318,25.0,1070242,2,1,12,1,1.0,36.0,1.0,15.0,4.0,45221,5.0,22676.0,2107.0
2641318,2641319,39.0,1070243,1,2,0,1,1.0,40.0,1.0,-9.0,4.0,622M,15.0,22679.0,2107.0
2641319,2641320,37.0,1070244,1,2,0,1,1.0,40.0,1.0,-9.0,4.0,5418,10.0,22675.0,2107.0
2641320,2641321,25.0,1070245,1,1,0,1,1.0,55.0,1.0,16.0,4.0,611M1,13.0,22676.0,2107.0
2641321,2641322,27.0,1070245,2,2,1,1,1.0,60.0,6.0,16.0,4.0,611M1,13.0,22676.0,2107.0
2641322,2641323,30.0,1070246,1,1,0,1,1.0,40.0,1.0,-9.0,4.0,23,2.0,22676.0,2107.0
2641323,2641324,30.0,1070247,1,1,0,1,1.0,40.0,1.0,-9.0,4.0,23,2.0,22694.0,2110.0
2641324,2641325,30.0,1070248,1,1,0,1,1.0,40.0,1.0,-9.0,4.0,23,2.0,22694.0,2110.0
2641325,2641326,30.0,1070249,1,1,0,1,1.0,40.0,1.0,-9.0,4.0,23,2.0,22700.0,2110.0
2641326,2641327,30.0,1070250,1,1,0,1,1.0,40.0,1.0,-9.0,4.0,23,2.0,22676.0,2107.0
2641327,2641328,30.0,1070251,1,1,0,1,1.0,40.0,1.0,-9.0,4.0,23,2.0,22705.0,2110.0
2641328,2641329,30.0,1070252,1,1,0,1,1.0,40.0,1.0,-9.0,4.0,23,2.0,22692.0,2110.0
2641329,2641330,30.0,1070253,1,1,0,1,1.0,40.0,1.0,-9.0,4.0,23,2.0,22691.0,2110.0
2641330,2641331,30.0,1070254,1,1,0,1,1.0,40.0,1.0,-9.0,4.0,23,2.0,22676.0,2107.0
2641331,2641332,27.0,1070255,1,2,0,1,1.0,40.0,3.0,15.0,4.0,44511,5.0,22678.0,2107.0
2641332,2641333,53.0,1070255,2,1,1,1,1.0,32.0,2.0,-9.0,2.0,44511,5.0,22678.0,2107.0
2641333,2641334,38.0,1070256,1,1,0,1,1.0,40.0,3.0,-9.0,4.0,6211,14.0,22705.0,2110.0
2641334,2641335,36.0,1070256,2,2,1,1,2.0,40.0,3.0,-9.0,4.0,622M,15.0,22705.0,2110.0
2641335,2641336,5.0,1070256,3,2,2,1,-9.0,-9.0,-9.0,2.0,-9.0,-9,0.0,22705.0,2110.0
2641336,2641337,2.0,1070256,4,2,2,1,-9.0,-9.0,-9.0,-9.0,-9.0,-9,0.0,22705.0,2110.0
2641337,2641338,0.0,1070256,5,2,2,1,-9.0,-9.0,-9.0,-9.0,-9.0,-9,0.0,22705.0,2110.0
2641338,2641339,36.0,1070257,1,1,0,1,1.0,40.0,1.0,-9.0,4.0,5415,10.0,22675.0,2107.0
2641339,2641340,36.0,1070257,2,2,1,1,1.0,45.0,1.0,-9.0,4.0,5416,10.0,22675.0,2107.0
2641340,2641341,10.0,1070257,3,2,2,1,-9.0,-9.0,-9.0,7.0,-9.0,-9,0.0,22675.0,2107.0
2641341,2641342,4.0,1070257,4,1,2,1,-9.0,-9.0,-9.0,1.0,-9.0,-9,0.0,22675.0,2107.0
2641342,2641343,1.0,1070257,5,2,2,1,-9.0,-9.0,-9.0,-9.0,-9.0,-9,0.0,22675.0,2107.0
2641343,2641344,36.0,1070258,1,1,0,1,1.0,40.0,1.0,-9.0,4.0,5415,10.0,22677.0,2107.0
2641344,2641345,36.0,1070258,2,2,1,1,1.0,45.0,1.0,-9.0,4.0,5416,10.0,22677.0,2107.0
2641345,2641346,10.0,1070258,3,2,2,1,-9.0,-9.0,-9.0,7.0,-9.0,-9,0.0,22677.0,2107.0
2641346,2641347,4.0,1070258,4,1,2,1,-9.0,-9.0,-9.0,1.0,-9.0,-9,0.0,22677.0,2107.0
2641347,2641348,1.0,1070258,5,2,2,1,-9.0,-9.0,-9.0,-9.0,-9.0,-9,0.0,22677.0,2107.0
2641348,2641349,36.0,1070259,1,1,0,1,1.0,40.0,1.0,-9.0,4.0,5415,10.0,22676.0,2107.0
2641349,2641350,36.0,1070259,2,2,1,1,1.0,45.0,1.0,-9.0,4.0,5416,10.0,22676.0,2107.0
2641350,2641351,10.0,1070259,3,2,2,1,-9.0,-9.0,-9.0,7.0,-9.0,-9,0.0,22676.0,2107.0
2641351,2641352,4.0,1070259,4,1,2,1,-9.0,-9.0,-9.0,1.0,-9.0,-9,0.0,22676.0,2107.0
2641352,2641353,1.0,1070259,5,2,2,1,-9.0,-9.0,-9.0,-9.0,-9.0,-9,0.0,22676.0,2107.0
2641353,2641354,36.0,1070260,1,1,0,1,1.0,40.0,1.0,-9.0,4.0,5415,10.0,22675.0,2107.0
2641354,2641355,36.0,1070260,2,2,1,1,1.0,45.0,1.0,-9.0,4.0,5416,10.0,22675.0,2107.0
2641355,2641356,10.0,1070260,3,2,2,1,-9.0,-9.0,-9.0,7.0,-9.0,-9,0.0,22675.0,2107.0
2641356,2641357,4.0,1070260,4,1,2,1,-9.0,-9.0,-9.0,1.0,-9.0,-9,0.0,22675.0,2107.0
2641357,2641358,1.0,1070260,5,2,2,1,-9.0,-9.0,-9.0,-9.0,-9.0,-9,0.0,22675.0,2107.0
2641358,2641359,37.0,1070261,1,1,0,1,1.0,40.0,1.0,-9.0,4.0,611M1,13.0,22694.0,2110.0
2641359,2641360,38.0,1070261,2,2,1,1,1.0,38.0,3.0,16.0,4.0,6111,13.0,22694.0,2110.0
2641360,2641361,12.0,1070261,3,1,2,1,-9.0,-9.0,-9.0,9.0,-9.0,-9,0.0,22694.0,2110.0
2641361,2641362,10.0,1070261,4,2,2,1,-9.0,-9.0,-9.0,7.0,-9.0,-9,0.0,22694.0,2110.0
2641362,2641363,4.0,1070261,5,1,2,1,-9.0,-9.0,-9.0,1.0,-9.0,-9,0.0,22694.0,2110.0
2641363,2641364,37.0,1070262,1,2,0,1,1.0,24.0,1.0,-9.0,4.0,5415,10.0,22697.0,2110.0
2641364,2641365,42.0,1070262,2,1,1,1,1.0,40.0,1.0,-9.0,4.0,5413,10.0,22697.0,2110.0
2641365,2641366,4.0,1070262,3,2,2,1,-9.0,-9.0,-9.0,1.0,-9.0,-9,0.0,22697.0,2110.0
2641366,2641367,2.0,1070262,4,2,2,1,-9.0,-9.0,-9.0,-9.0,-9.0,-9,0.0,22697.0,2110.0
2641367,2641368,40.0,1070263,1,1,0,1,1.0,60.0,1.0,-9.0,4.0,8131,17.0,22698.0,2110.0
2641368,2641369,39.0,1070263,2,2,1,1,1.0,60.0,1.0,-9.0,4.0,8131,17.0,22698.0,2110.0
2641369,2641370,10.0,1070263,3,2,2,1,-9.0,-9.0,-9.0,6.0,-9.0,-9,0.0,22698.0,2110.0
2641370,2641371,5.0,1070263,4,2,2,1,-9.0,-9.0,-9.0,1.0,-9.0,-9,0.0,22698.0,2110.0
2641371,2641372,61.0,1070263,5,2,6,1,6.0,-9.0,-9.0,-9.0,4.0,-9,0.0,22698.0,2110.0
2641372,2641373,40.0,1070264,1,1,0,1,1.0,60.0,1.0,-9.0,4.0,8131,17.0,22678.0,2107.0
2641373,2641374,39.0,1070264,2,2,1,1,1.0,60.0,1.0,-9.0,4.0,8131,17.0,22678.0,2107.0
2641374,2641375,10.0,1070264,3,2,2,1,-9.0,-9.0,-9.0,6.0,-9.0,-9,0.0,22678.0,2107.0
2641375,2641376,5.0,1070264,4,2,2,1,-9.0,-9.0,-9.0,1.0,-9.0,-9,0.0,22678.0,2107.0
2641376,2641377,61.0,1070264,5,2,6,1,6.0,-9.0,-9.0,-9.0,4.0,-9,0.0,22678.0,2107.0
2641377,2641378,40.0,1070265,1,1,0,1,1.0,60.0,1.0,-9.0,4.0,8131,17.0,22702.0,2110.0
2641378,2641379,39.0,1070265,2,2,1,1,1.0,60.0,1.0,-9.0,4.0,8131,17.0,22702.0,2110.0
2641379,2641380,10.0,1070265,3,2,2,1,-9.0,-9.0,-9.0,6.0,-9.0,-9,0.0,22702.0,2110.0
2641380,2641381,5.0,1070265,4,2,2,1,-9.0,-9.0,-9.0,1.0,-9.0,-9,0.0,22702.0,2110.0
2641381,2641382,61.0,1070265,5,2,6,1,6.0,-9.0,-9.0,-9.0,4.0,-9,0.0,22702.0,2110.0
2641382,2641383,40.0,1070266,1,1,0,1,1.0,60.0,1.0,-9.0,4.0,8131,17.0,22678.0,2107.0
2641383,2641384,39.0,1070266,2,2,1,1,1.0,60.0,1.0,-9.0,4.0,8131,17.0,22678.0,2107.0
2641384,2641385,10.0,1070266,3,2,2,1,-9.0,-9.0,-9.0,6.0,-9.0,-9,0.0,22678.0,2107.0
2641385,2641386,5.0,1070266,4,2,2,1,-9.0,-9.0,-9.0,1.0,-9.0,-9,0.0,22678.0,2107.0
2641386,2641387,61.0,1070266,5,2,6,1,6.0,-9.0,-9.0,-9.0,4.0,-9,0.0,22678.0,2107.0
2641387,2641388,40.0,1070267,1,1,0,1,1.0,60.0,1.0,-9.0,4.0,8131,17.0,22676.0,2107.0
2641388,2641389,39.0,1070267,2,2,1,1,1.0,60.0,1.0,-9.0,4.0,8131,17.0,22676.0,2107.0
2641389,2641390,10.0,1070267,3,2,2,1,-9.0,-9.0,-9.0,6.0,-9.0,-9,0.0,22676.0,2107.0
2641390,2641391,5.0,1070267,4,2,2,1,-9.0,-9.0,-9.0,1.0,-9.0,-9,0.0,22676.0,2107.0
2641391,2641392,61.0,1070267,5,2,6,1,6.0,-9.0,-9.0,-9.0,4.0,-9,0.0,22676.0,2107.0
2641392,2641393,38.0,1070268,1,1,0,1,1.0,15.0,1.0,-9.0,4.0,3279,3.0,22693.0,2110.0
2641393,2641394,2.0,1070268,2,1,2,1,-9.0,-9.0,-9.0,-9.0,-9.0,-9,0.0,22693.0,2110.0
2641394,2641395,0.0,1070268,3,2,2,1,-9.0,-9.0,-9.0,-9.0,-9.0,-9,0.0,22693.0,2110.0
2641395,2641396,0.0,1070268,4,2,2,1,-9.0,-9.0,-9.0,-9.0,-9.0,-9,0.0,22693.0,2110.0
2641396,2641397,31.0,1070268,5,2,13,1,1.0,55.0,1.0,-9.0,4.0,3115,3.0,22693.0,2110.0
2641397,2641398,42.0,1070269,1,1,0,1,1.0,45.0,2.0,-9.0,4.0,56173,12.0,22707.0,2110.0
2641398,2641399,10.0,1070269,2,2,2,1,-9.0,-9.0,-9.0,7.0,-9.0,-9,0.0,22707.0,2110.0
2641399,2641400,8.0,1070269,3,1,2,1,-9.0,-9.0,-9.0,5.0,-9.0,-9,0.0,22707.0,2110.0
2641400,2641401,35.0,1070269,4,2,13,1,1.0,43.0,1.0,-9.0,4.0,5415,10.0,22707.0,2110.0
2641401,2641402,40.0,1070270,1,1,0,1,1.0,40.0,1.0,-9.0,4.0,484,6.0,22702.0,2110.0
2641402,2641403,26.0,1070270,2,2,1,1,6.0,-9.0,-9.0,-9.0,4.0,484,6.0,22702.0,2110.0
2641403,2641404,16.0,1070270,3,2,2,1,6.0,-9.0,-9.0,12.0,-9.0,-9,0.0,22702.0,2110.0
2641404,2641405,0.0,1070270,4,1,2,1,-9.0,-9.0,-9.0,-9.0,-9.0,-9,0.0,22702.0,2110.0
2641405,2641406,68.0,1070270,5,1,10,1,6.0,-9.0,-9.0,-9.0,2.0,-9,0.0,22702.0,2110.0
2641406,2641407,57.0,1070270,6,2,10,1,6.0,-9.0,-9.0,-9.0,4.0,-9,0.0,22702.0,2110.0
2641407,2641408,40.0,1070271,1,1,0,1,1.0,40.0,1.0,-9.0,4.0,484,6.0,22697.0,2110.0
2641408,2641409,26.0,1070271,2,2,1,1,6.0,-9.0,-9.0,-9.0,4.0,484,6.0,22697.0,2110.0
2641409,2641410,16.0,1070271,3,2,2,1,6.0,-9.0,-9.0,12.0,-9.0,-9,0.0,22697.0,2110.0
2641410,2641411,0.0,1070271,4,1,2,1,-9.0,-9.0,-9.0,-9.0,-9.0,-9,0.0,22697.0,2110.0
2641411,2641412,68.0,1070271,5,1,10,1,6.0,-9.0,-9.0,-9.0,2.0,-9,0.0,22697.0,2110.0
2641412,2641413,57.0,1070271,6,2,10,1,6.0,-9.0,-9.0,-9.0,4.0,-9,0.0,22697.0,2110.0
2641413,2641414,40.0,1070272,1,1,0,1,1.0,40.0,1.0,-9.0,4.0,484,6.0,22694.0,2110.0
2641414,2641415,26.0,1070272,2,2,1,1,6.0,-9.0,-9.0,-9.0,4.0,484,6.0,22694.0,2110.0
2641415,2641416,16.0,1070272,3,2,2,1,6.0,-9.0,-9.0,12.0,-9.0,-9,0.0,22694.0,2110.0
2641416,2641417,0.0,1070272,4,1,2,1,-9.0,-9.0,-9.0,-9.0,-9.0,-9,0.0,22694.0,2110.0
2641417,2641418,68.0,1070272,5,1,10,1,6.0,-9.0,-9.0,-9.0,2.0,-9,0.0,22694.0,2110.0
2641418,2641419,57.0,1070272,6,2,10,1,6.0,-9.0,-9.0,-9.0,4.0,-9,0.0,22694.0,2110.0
2641419,2641420,40.0,1070273,1,1,0,1,1.0,40.0,1.0,-9.0,4.0,484,6.0,22692.0,2110.0
2641420,2641421,26.0,1070273,2,2,1,1,6.0,-9.0,-9.0,-9.0,4.0,484,6.0,22692.0,2110.0
2641421,2641422,16.0,1070273,3,2,2,1,6.0,-9.0,-9.0,12.0,-9.0,-9,0.0,22692.0,2110.0
2641422,2641423,0.0,1070273,4,1,2,1,-9.0,-9.0,-9.0,-9.0,-9.0,-9,0.0,22692.0,2110.0
2641423,2641424,68.0,1070273,5,1,10,1,6.0,-9.0,-9.0,-9.0,2.0,-9,0.0,22692.0,2110.0
2641424,2641425,57.0,1070273,6,2,10,1,6.0,-9.0,-9.0,-9.0,4.0,-9,0.0,22692.0,2110.0
2641425,2641426,40.0,1070274,1,1,0,1,1.0,40.0,1.0,-9.0,4.0,484,6.0,22675.0,2107.0
2641426,2641427,26.0,1070274,2,2,1,1,6.0,-9.0,-9.0,-9.0,4.0,484,6.0,22675.0,2107.0
2641427,2641428,16.0,1070274,3,2,2,1,6.0,-9.0,-9.0,12.0,-9.0,-9,0.0,22675.0,2107.0
2641428,2641429,0.0,1070274,4,1,2,1,-9.0,-9.0,-9.0,-9.0,-9.0,-9,0.0,22675.0,2107.0
2641429,2641430,68.0,1070274,5,1,10,1,6.0,-9.0,-9.0,-9.0,2.0,-9,0.0,22675.0,2107.0
2641430,2641431,57.0,1070274,6,2,10,1,6.0,-9.0,-9.0,-9.0,4.0,-9,0.0,22675.0,2107.0
2641431,2641432,40.0,1070275,1,1,0,1,1.0,40.0,1.0,-9.0,4.0,484,6.0,22676.0,2107.0
2641432,2641433,26.0,1070275,2,2,1,1,6.0,-9.0,-9.0,-9.0,4.0,484,6.0,22676.0,2107.0
2641433,2641434,16.0,1070275,3,2,2,1,6.0,-9.0,-9.0,12.0,-9.0,-9,0.0,22676.0,2107.0
2641434,2641435,0.0,1070275,4,1,2,1,-9.0,-9.0,-9.0,-9.0,-9.0,-9,0.0,22676.0,2107.0
2641435,2641436,68.0,1070275,5,1,10,1,6.0,-9.0,-9.0,-9.0,2.0,-9,0.0,22676.0,2107.0
2641436,2641437,57.0,1070275,6,2,10,1,6.0,-9.0,-9.0,-9.0,4.0,-9,0.0,22676.0,2107.0
2641437,2641438,40.0,1070276,1,1,0,1,1.0,40.0,1.0,-9.0,4.0,484,6.0,22705.0,2110.0
2641438,2641439,26.0,1070276,2,2,1,1,6.0,-9.0,-9.0,-9.0,4.0,484,6.0,22705.0,2110.0
2641439,2641440,16.0,1070276,3,2,2,1,6.0,-9.0,-9.0,12.0,-9.0,-9,0.0,22705.0,2110.0
2641440,2641441,0.0,1070276,4,1,2,1,-9.0,-9.0,-9.0,-9.0,-9.0,-9,0.0,22705.0,2110.0
2641441,2641442,68.0,1070276,5,1,10,1,6.0,-9.0,-9.0,-9.0,2.0,-9,0.0,22705.0,2110.0
2641442,2641443,57.0,1070276,6,2,10,1,6.0,-9.0,-9.0,-9.0,4.0,-9,0.0,22705.0,2110.0
2641443,2641444,40.0,1070277,1,1,0,1,1.0,40.0,1.0,-9.0,4.0,484,6.0,22702.0,2110.0
2641444,2641445,26.0,1070277,2,2,1,1,6.0,-9.0,-9.0,-9.0,4.0,484,6.0,22702.0,2110.0
2641445,2641446,16.0,1070277,3,2,2,1,6.0,-9.0,-9.0,12.0,-9.0,-9,0.0,22702.0,2110.0
2641446,2641447,0.0,1070277,4,1,2,1,-9.0,-9.0,-9.0,-9.0,-9.0,-9,0.0,22702.0,2110.0
2641447,2641448,68.0,1070277,5,1,10,1,6.0,-9.0,-9.0,-9.0,2.0,-9,0.0,22702.0,2110.0
2641448,2641449,57.0,1070277,6,2,10,1,6.0,-9.0,-9.0,-9.0,4.0,-9,0.0,22702.0,2110.0
2641449,2641450,40.0,1070278,1,1,0,1,1.0,40.0,1.0,-9.0,4.0,484,6.0,22702.0,2110.0
2641450,2641451,26.0,1070278,2,2,1,1,6.0,-9.0,-9.0,-9.0,4.0,484,6.0,22702.0,2110.0
2641451,2641452,16.0,1070278,3,2,2,1,6.0,-9.0,-9.0,12.0,-9.0,-9,0.0,22702.0,2110.0
2641452,2641453,0.0,1070278,4,1,2,1,-9.0,-9.0,-9.0,-9.0,-9.0,-9,0.0,22702.0,2110.0
2641453,2641454,68.0,1070278,5,1,10,1,6.0,-9.0,-9.0,-9.0,2.0,-9,0.0,22702.0,2110.0
2641454,2641455,57.0,1070278,6,2,10,1,6.0,-9.0,-9.0,-9.0,4.0,-9,0.0,22702.0,2110.0
2641455,2641456,40.0,1070279,1,1,0,1,1.0,40.0,1.0,-9.0,4.0,484,6.0,22698.0,2110.0
2641456,2641457,26.0,1070279,2,2,1,1,6.0,-9.0,-9.0,-9.0,4.0,484,6.0,22698.0,2110.0
2641457,2641458,16.0,1070279,3,2,2,1,6.0,-9.0,-9.0,12.0,-9.0,-9,0.0,22698.0,2110.0
2641458,2641459,0.0,1070279,4,1,2,1,-9.0,-9.0,-9.0,-9.0,-9.0,-9,0.0,22698.0,2110.0
2641459,2641460,68.0,1070279,5,1,10,1,6.0,-9.0,-9.0,-9.0,2.0,-9,0.0,22698.0,2110.0
2641460,2641461,57.0,1070279,6,2,10,1,6.0,-9.0,-9.0,-9.0,4.0,-9,0.0,22698.0,2110.0
2641461,2641462,40.0,1070280,1,1,0,1,1.0,40.0,1.0,-9.0,4.0,484,6.0,22697.0,2110.0
2641462,2641463,26.0,1070280,2,2,1,1,6.0,-9.0,-9.0,-9.0,4.0,484,6.0,22697.0,2110.0
2641463,2641464,16.0,1070280,3,2,2,1,6.0,-9.0,-9.0,12.0,-9.0,-9,0.0,22697.0,2110.0
2641464,2641465,0.0,1070280,4,1,2,1,-9.0,-9.0,-9.0,-9.0,-9.0,-9,0.0,22697.0,2110.0
2641465,2641466,68.0,1070280,5,1,10,1,6.0,-9.0,-9.0,-9.0,2.0,-9,0.0,22697.0,2110.0
2641466,2641467,57.0,1070280,6,2,10,1,6.0,-9.0,-9.0,-9.0,4.0,-9,0.0,22697.0,2110.0
2641467,2641468,40.0,1070281,1,1,0,1,1.0,40.0,1.0,-9.0,4.0,484,6.0,22677.0,2107.0
2641468,2641469,26.0,1070281,2,2,1,1,6.0,-9.0,-9.0,-9.0,4.0,484,6.0,22677.0,2107.0
2641469,2641470,16.0,1070281,3,2,2,1,6.0,-9.0,-9.0,12.0,-9.0,-9,0.0,22677.0,2107.0
2641470,2641471,0.0,1070281,4,1,2,1,-9.0,-9.0,-9.0,-9.0,-9.0,-9,0.0,22677.0,2107.0
2641471,2641472,68.0,1070281,5,1,10,1,6.0,-9.0,-9.0,-9.0,2.0,-9,0.0,22677.0,2107.0
2641472,2641473,57.0,1070281,6,2,10,1,6.0,-9.0,-9.0,-9.0,4.0,-9,0.0,22677.0,2107.0
2641473,2641474,40.0,1070282,1,1,0,1,1.0,40.0,1.0,-9.0,4.0,484,6.0,22675.0,2107.0
2641474,2641475,26.0,1070282,2,2,1,1,6.0,-9.0,-9.0,-9.0,4.0,484,6.0,22675.0,2107.0
2641475,2641476,16.0,1070282,3,2,2,1,6.0,-9.0,-9.0,12.0,-9.0,-9,0.0,22675.0,2107.0
2641476,2641477,0.0,1070282,4,1,2,1,-9.0,-9.0,-9.0,-9.0,-9.0,-9,0.0,22675.0,2107.0
2641477,2641478,68.0,1070282,5,1,10,1,6.0,-9.0,-9.0,-9.0,2.0,-9,0.0,22675.0,2107.0
2641478,2641479,57.0,1070282,6,2,10,1,6.0,-9.0,-9.0,-9.0,4.0,-9,0.0,22675.0,2107.0
2641479,2641480,40.0,1070283,1,1,0,1,1.0,40.0,1.0,-9.0,4.0,484,6.0,22697.0,2110.0
2641480,2641481,26.0,1070283,2,2,1,1,6.0,-9.0,-9.0,-9.0,4.0,484,6.0,22697.0,2110.0
2641481,2641482,16.0,1070283,3,2,2,1,6.0,-9.0,-9.0,12.0,-9.0,-9,0.0,22697.0,2110.0
2641482,2641483,0.0,1070283,4,1,2,1,-9.0,-9.0,-9.0,-9.0,-9.0,-9,0.0,22697.0,2110.0
2641483,2641484,68.0,1070283,5,1,10,1,6.0,-9.0,-9.0,-9.0,2.0,-9,0.0,22697.0,2110.0
2641484,2641485,57.0,1070283,6,2,10,1,6.0,-9.0,-9.0,-9.0,4.0,-9,0.0,22697.0,2110.0
2641485,2641486,40.0,1070284,1,1,0,1,1.0,40.0,1.0,-9.0,4.0,484,6.0,22675.0,2107.0
2641486,2641487,26.0,1070284,2,2,1,1,6.0,-9.0,-9.0,-9.0,4.0,484,6.0,22675.0,2107.0
2641487,2641488,16.0,1070284,3,2,2,1,6.0,-9.0,-9.0,12.0,-9.0,-9,0.0,22675.0,2107.0
2641488,2641489,0.0,1070284,4,1,2,1,-9.0,-9.0,-9.0,-9.0,-9.0,-9,0.0,22675.0,2107.0
2641489,2641490,68.0,1070284,5,1,10,1,6.0,-9.0,-9.0,-9.0,2.0,-9,0.0,22675.0,2107.0
2641490,2641491,57.0,1070284,6,2,10,1,6.0,-9.0,-9.0,-9.0,4.0,-9,0.0,22675.0,2107.0
2641491,2641492,40.0,1070285,1,1,0,1,1.0,40.0,1.0,-9.0,4.0,484,6.0,22702.0,2110.0
2641492,2641493,26.0,1070285,2,2,1,1,6.0,-9.0,-9.0,-9.0,4.0,484,6.0,22702.0,2110.0
2641493,2641494,16.0,1070285,3,2,2,1,6.0,-9.0,-9.0,12.0,-9.0,-9,0.0,22702.0,2110.0
2641494,2641495,0.0,1070285,4,1,2,1,-9.0,-9.0,-9.0,-9.0,-9.0,-9,0.0,22702.0,2110.0
2641495,2641496,68.0,1070285,5,1,10,1,6.0,-9.0,-9.0,-9.0,2.0,-9,0.0,22702.0,2110.0
2641496,2641497,57.0,1070285,6,2,10,1,6.0,-9.0,-9.0,-9.0,4.0,-9,0.0,22702.0,2110.0
2641497,2641498,40.0,1070286,1,1,0,1,1.0,40.0,1.0,-9.0,4.0,484,6.0,22679.0,2107.0
2641498,2641499,26.0,1070286,2,2,1,1,6.0,-9.0,-9.0,-9.0,4.0,484,6.0,22679.0,2107.0
2641499,2641500,16.0,1070286,3,2,2,1,6.0,-9.0,-9.0,12.0,-9.0,-9,0.0,22679.0,2107.0
2641500,2641501,0.0,1070286,4,1,2,1,-9.0,-9.0,-9.0,-9.0,-9.0,-9,0.0,22679.0,2107.0
2641501,2641502,68.0,1070286,5,1,10,1,6.0,-9.0,-9.0,-9.0,2.0,-9,0.0,22679.0,2107.0
2641502,2641503,57.0,1070286,6,2,10,1,6.0,-9.0,-9.0,-9.0,4.0,-9,0.0,22679.0,2107.0
2641503,2641504,40.0,1070287,1,1,0,1,1.0,40.0,1.0,-9.0,4.0,484,6.0,22708.0,2110.0
2641504,2641505,26.0,1070287,2,2,1,1,6.0,-9.0,-9.0,-9.0,4.0,484,6.0,22708.0,2110.0
2641505,2641506,16.0,1070287,3,2,2,1,6.0,-9.0,-9.0,12.0,-9.0,-9,0.0,22708.0,2110.0
2641506,2641507,0.0,1070287,4,1,2,1,-9.0,-9.0,-9.0,-9.0,-9.0,-9,0.0,22708.0,2110.0
2641507,2641508,68.0,1070287,5,1,10,1,6.0,-9.0,-9.0,-9.0,2.0,-9,0.0,22708.0,2110.0
2641508,2641509,57.0,1070287,6,2,10,1,6.0,-9.0,-9.0,-9.0,4.0,-9,0.0,22708.0,2110.0
2641509,2641510,40.0,1070288,1,1,0,1,1.0,40.0,1.0,-9.0,4.0,484,6.0,22697.0,2110.0
2641510,2641511,26.0,1070288,2,2,1,1,6.0,-9.0,-9.0,-9.0,4.0,484,6.0,22697.0,2110.0
2641511,2641512,16.0,1070288,3,2,2,1,6.0,-9.0,-9.0,12.0,-9.0,-9,0.0,22697.0,2110.0
2641512,2641513,0.0,1070288,4,1,2,1,-9.0,-9.0,-9.0,-9.0,-9.0,-9,0.0,22697.0,2110.0
2641513,2641514,68.0,1070288,5,1,10,1,6.0,-9.0,-9.0,-9.0,2.0,-9,0.0,22697.0,2110.0
2641514,2641515,57.0,1070288,6,2,10,1,6.0,-9.0,-9.0,-9.0,4.0,-9,0.0,22697.0,2110.0
2641515,2641516,40.0,1070289,1,1,0,1,1.0,40.0,1.0,-9.0,4.0,484,6.0,22675.0,2107.0
2641516,2641517,26.0,1070289,2,2,1,1,6.0,-9.0,-9.0,-9.0,4.0,484,6.0,22675.0,2107.0
2641517,2641518,16.0,1070289,3,2,2,1,6.0,-9.0,-9.0,12.0,-9.0,-9,0.0,22675.0,2107.0
2641518,2641519,0.0,1070289,4,1,2,1,-9.0,-9.0,-9.0,-9.0,-9.0,-9,0.0,22675.0,2107.0
2641519,2641520,68.0,1070289,5,1,10,1,6.0,-9.0,-9.0,-9.0,2.0,-9,0.0,22675.0,2107.0
2641520,2641521,57.0,1070289,6,2,10,1,6.0,-9.0,-9.0,-9.0,4.0,-9,0.0,22675.0,2107.0
2641521,2641522,40.0,1070290,1,1,0,1,1.0,40.0,1.0,-9.0,4.0,484,6.0,22694.0,2110.0
2641522,2641523,26.0,1070290,2,2,1,1,6.0,-9.0,-9.0,-9.0,4.0,484,6.0,22694.0,2110.0
2641523,2641524,16.0,1070290,3,2,2,1,6.0,-9.0,-9.0,12.0,-9.0,-9,0.0,22694.0,2110.0
2641524,2641525,0.0,1070290,4,1,2,1,-9.0,-9.0,-9.0,-9.0,-9.0,-9,0.0,22694.0,2110.0
2641525,2641526,68.0,1070290,5,1,10,1,6.0,-9.0,-9.0,-9.0,2.0,-9,0.0,22694.0,2110.0
2641526,2641527,57.0,1070290,6,2,10,1,6.0,-9.0,-9.0,-9.0,4.0,-9,0.0,22694.0,2110.0
2641527,2641528,40.0,1070291,1,1,0,1,1.0,40.0,1.0,-9.0,4.0,484,6.0,22700.0,2110.0
2641528,2641529,26.0,1070291,2,2,1,1,6.0,-9.0,-9.0,-9.0,4.0,484,6.0,22700.0,2110.0
2641529,2641530,16.0,1070291,3,2,2,1,6.0,-9.0,-9.0,12.0,-9.0,-9,0.0,22700.0,2110.0
2641530,2641531,0.0,1070291,4,1,2,1,-9.0,-9.0,-9.0,-9.0,-9.0,-9,0.0,22700.0,2110.0
2641531,2641532,68.0,1070291,5,1,10,1,6.0,-9.0,-9.0,-9.0,2.0,-9,0.0,22700.0,2110.0
2641532,2641533,57.0,1070291,6,2,10,1,6.0,-9.0,-9.0,-9.0,4.0,-9,0.0,22700.0,2110.0
2641533,2641534,40.0,1070292,1,1,0,1,1.0,40.0,1.0,-9.0,4.0,484,6.0,22676.0,2107.0
2641534,2641535,26.0,1070292,2,2,1,1,6.0,-9.0,-9.0,-9.0,4.0,484,6.0,22676.0,2107.0
2641535,2641536,16.0,1070292,3,2,2,1,6.0,-9.0,-9.0,12.0,-9.0,-9,0.0,22676.0,2107.0
2641536,2641537,0.0,1070292,4,1,2,1,-9.0,-9.0,-9.0,-9.0,-9.0,-9,0.0,22676.0,2107.0
2641537,2641538,68.0,1070292,5,1,10,1,6.0,-9.0,-9.0,-9.0,2.0,-9,0.0,22676.0,2107.0
2641538,2641539,57.0,1070292,6,2,10,1,6.0,-9.0,-9.0,-9.0,4.0,-9,0.0,22676.0,2107.0
2641539,2641540,40.0,1070293,1,1,0,1,1.0,40.0,1.0,-9.0,4.0,484,6.0,22675.0,2107.0
2641540,2641541,26.0,1070293,2,2,1,1,6.0,-9.0,-9.0,-9.0,4.0,484,6.0,22675.0,2107.0
2641541,2641542,16.0,1070293,3,2,2,1,6.0,-9.0,-9.0,12.0,-9.0,-9,0.0,22675.0,2107.0
2641542,2641543,0.0,1070293,4,1,2,1,-9.0,-9.0,-9.0,-9.0,-9.0,-9,0.0,22675.0,2107.0
2641543,2641544,68.0,1070293,5,1,10,1,6.0,-9.0,-9.0,-9.0,2.0,-9,0.0,22675.0,2107.0
2641544,2641545,57.0,1070293,6,2,10,1,6.0,-9.0,-9.0,-9.0,4.0,-9,0.0,22675.0,2107.0
2641545,2641546,43.0,1070294,1,2,0,1,6.0,-9.0,-9.0,-9.0,4.0,447,5.0,22681.0,2107.0
2641546,2641547,44.0,1070294,2,1,1,1,6.0,-9.0,-9.0,-9.0,4.0,-9,0.0,22681.0,2107.0
2641547,2641548,23.0,1070294,3,2,2,1,1.0,25.0,1.0,-9.0,4.0,44512,5.0,22681.0,2107.0
2641548,2641549,19.0,1070294,4,2,2,1,1.0,30.0,1.0,14.0,4.0,4523,5.0,22681.0,2107.0
2641549,2641550,2.0,1070294,5,1,7,1,-9.0,-9.0,-9.0,-9.0,-9.0,-9,0.0,22681.0,2107.0
2641550,2641551,43.0,1070295,1,2,0,1,6.0,-9.0,-9.0,-9.0,4.0,447,5.0,22693.0,2110.0
2641551,2641552,44.0,1070295,2,1,1,1,6.0,-9.0,-9.0,-9.0,4.0,-9,0.0,22693.0,2110.0
2641552,2641553,23.0,1070295,3,2,2,1,1.0,25.0,1.0,-9.0,4.0,44512,5.0,22693.0,2110.0
2641553,2641554,19.0,1070295,4,2,2,1,1.0,30.0,1.0,14.0,4.0,4523,5.0,22693.0,2110.0
2641554,2641555,2.0,1070295,5,1,7,1,-9.0,-9.0,-9.0,-9.0,-9.0,-9,0.0,22693.0,2110.0
2641555,2641556,43.0,1070296,1,2,0,1,6.0,-9.0,-9.0,-9.0,4.0,447,5.0,22702.0,2110.0
2641556,2641557,44.0,1070296,2,1,1,1,6.0,-9.0,-9.0,-9.0,4.0,-9,0.0,22702.0,2110.0
2641557,2641558,23.0,1070296,3,2,2,1,1.0,25.0,1.0,-9.0,4.0,44512,5.0,22702.0,2110.0
2641558,2641559,19.0,1070296,4,2,2,1,1.0,30.0,1.0,14.0,4.0,4523,5.0,22702.0,2110.0
2641559,2641560,2.0,1070296,5,1,7,1,-9.0,-9.0,-9.0,-9.0,-9.0,-9,0.0,22702.0,2110.0
2641560,2641561,43.0,1070297,1,2,0,1,6.0,-9.0,-9.0,-9.0,4.0,447,5.0,22698.0,2110.0
2641561,2641562,44.0,1070297,2,1,1,1,6.0,-9.0,-9.0,-9.0,4.0,-9,0.0,22698.0,2110.0
2641562,2641563,23.0,1070297,3,2,2,1,1.0,25.0,1.0,-9.0,4.0,44512,5.0,22698.0,2110.0
2641563,2641564,19.0,1070297,4,2,2,1,1.0,30.0,1.0,14.0,4.0,4523,5.0,22698.0,2110.0
2641564,2641565,2.0,1070297,5,1,7,1,-9.0,-9.0,-9.0,-9.0,-9.0,-9,0.0,22698.0,2110.0
2641565,2641566,43.0,1070298,1,2,0,1,6.0,-9.0,-9.0,-9.0,4.0,447,5.0,22706.0,2110.0
2641566,2641567,44.0,1070298,2,1,1,1,6.0,-9.0,-9.0,-9.0,4.0,-9,0.0,22706.0,2110.0
2641567,2641568,23.0,1070298,3,2,2,1,1.0,25.0,1.0,-9.0,4.0,44512,5.0,22706.0,2110.0
2641568,2641569,19.0,1070298,4,2,2,1,1.0,30.0,1.0,14.0,4.0,4523,5.0,22706.0,2110.0
2641569,2641570,2.0,1070298,5,1,7,1,-9.0,-9.0,-9.0,-9.0,-9.0,-9,0.0,22706.0,2110.0
2641570,2641571,41.0,1070299,1,2,0,1,1.0,15.0,6.0,-9.0,4.0,4481,5.0,22676.0,2107.0
2641571,2641572,13.0,1070299,2,1,2,1,-9.0,-9.0,-9.0,7.0,-9.0,-9,0.0,22676.0,2107.0
2641572,2641573,2.0,1070299,3,2,2,1,-9.0,-9.0,-9.0,-9.0,-9.0,-9,0.0,22676.0,2107.0
2641573,2641574,85.0,1070299,4,1,15,1,6.0,-9.0,-9.0,-9.0,2.0,-9,0.0,22676.0,2107.0
2641574,2641575,41.0,1070300,1,2,0,1,1.0,15.0,6.0,-9.0,4.0,4481,5.0,22710.0,2110.0
2641575,2641576,13.0,1070300,2,1,2,1,-9.0,-9.0,-9.0,7.0,-9.0,-9,0.0,22710.0,2110.0
2641576,2641577,2.0,1070300,3,2,2,1,-9.0,-9.0,-9.0,-9.0,-9.0,-9,0.0,22710.0,2110.0
2641577,2641578,85.0,1070300,4,1,15,1,6.0,-9.0,-9.0,-9.0,2.0,-9,0.0,22710.0,2110.0
2641578,2641579,41.0,1070301,1,2,0,1,1.0,15.0,6.0,-9.0,4.0,4481,5.0,22680.0,2107.0
2641579,2641580,13.0,1070301,2,1,2,1,-9.0,-9.0,-9.0,7.0,-9.0,-9,0.0,22680.0,2107.0
2641580,2641581,2.0,1070301,3,2,2,1,-9.0,-9.0,-9.0,-9.0,-9.0,-9,0.0,22680.0,2107.0
2641581,2641582,85.0,1070301,4,1,15,1,6.0,-9.0,-9.0,-9.0,2.0,-9,0.0,22680.0,2107.0
2641582,2641583,41.0,1070302,1,2,0,1,1.0,15.0,6.0,-9.0,4.0,4481,5.0,22676.0,2107.0
2641583,2641584,13.0,1070302,2,1,2,1,-9.0,-9.0,-9.0,7.0,-9.0,-9,0.0,22676.0,2107.0
2641584,2641585,2.0,1070302,3,2,2,1,-9.0,-9.0,-9.0,-9.0,-9.0,-9,0.0,22676.0,2107.0
2641585,2641586,85.0,1070302,4,1,15,1,6.0,-9.0,-9.0,-9.0,2.0,-9,0.0,22676.0,2107.0
2641586,2641587,41.0,1070303,1,2,0,1,1.0,15.0,6.0,-9.0,4.0,4481,5.0,22702.0,2110.0
2641587,2641588,13.0,1070303,2,1,2,1,-9.0,-9.0,-9.0,7.0,-9.0,-9,0.0,22702.0,2110.0
2641588,2641589,2.0,1070303,3,2,2,1,-9.0,-9.0,-9.0,-9.0,-9.0,-9,0.0,22702.0,2110.0
2641589,2641590,85.0,1070303,4,1,15,1,6.0,-9.0,-9.0,-9.0,2.0,-9,0.0,22702.0,2110.0
2641590,2641591,41.0,1070304,1,2,0,1,1.0,15.0,6.0,-9.0,4.0,4481,5.0,22676.0,2107.0
2641591,2641592,13.0,1070304,2,1,2,1,-9.0,-9.0,-9.0,7.0,-9.0,-9,0.0,22676.0,2107.0
2641592,2641593,2.0,1070304,3,2,2,1,-9.0,-9.0,-9.0,-9.0,-9.0,-9,0.0,22676.0,2107.0
2641593,2641594,85.0,1070304,4,1,15,1,6.0,-9.0,-9.0,-9.0,2.0,-9,0.0,22676.0,2107.0
2641594,2641595,41.0,1070305,1,2,0,1,1.0,15.0,6.0,-9.0,4.0,4481,5.0,22675.0,2107.0
2641595,2641596,13.0,1070305,2,1,2,1,-9.0,-9.0,-9.0,7.0,-9.0,-9,0.0,22675.0,2107.0
2641596,2641597,2.0,1070305,3,2,2,1,-9.0,-9.0,-9.0,-9.0,-9.0,-9,0.0,22675.0,2107.0
2641597,2641598,85.0,1070305,4,1,15,1,6.0,-9.0,-9.0,-9.0,2.0,-9,0.0,22675.0,2107.0
2641598,2641599,41.0,1070306,1,1,0,1,6.0,-9.0,-9.0,15.0,4.0,-9,0.0,22679.0,2107.0
2641599,2641600,31.0,1070306,2,2,1,1,6.0,-9.0,-9.0,15.0,4.0,-9,0.0,22679.0,2107.0
2641600,2641601,6.0,1070306,3,2,2,1,-9.0,-9.0,-9.0,3.0,-9.0,-9,0.0,22679.0,2107.0
2641601,2641602,2.0,1070306,4,1,2,1,-9.0,-9.0,-9.0,-9.0,-9.0,-9,0.0,22679.0,2107.0
2641602,2641603,37.0,1070307,1,1,0,1,1.0,40.0,1.0,-9.0,4.0,8121M,17.0,22676.0,2107.0
2641603,2641604,6.0,1070307,2,1,2,1,-9.0,-9.0,-9.0,3.0,-9.0,-9,0.0,22676.0,2107.0
2641604,2641605,37.0,1070308,1,1,0,1,1.0,40.0,1.0,-9.0,4.0,8121M,17.0,22697.0,2110.0
2641605,2641606,6.0,1070308,2,1,2,1,-9.0,-9.0,-9.0,3.0,-9.0,-9,0.0,22697.0,2110.0
2641606,2641607,37.0,1070309,1,1,0,1,1.0,40.0,1.0,-9.0,4.0,8121M,17.0,22693.0,2110.0
2641607,2641608,6.0,1070309,2,1,2,1,-9.0,-9.0,-9.0,3.0,-9.0,-9,0.0,22693.0,2110.0
2641608,2641609,37.0,1070310,1,1,0,1,1.0,40.0,1.0,-9.0,4.0,8121M,17.0,22707.0,2110.0
2641609,2641610,6.0,1070310,2,1,2,1,-9.0,-9.0,-9.0,3.0,-9.0,-9,0.0,22707.0,2110.0
2641610,2641611,37.0,1070311,1,1,0,1,1.0,40.0,1.0,-9.0,4.0,8121M,17.0,22694.0,2110.0
2641611,2641612,6.0,1070311,2,1,2,1,-9.0,-9.0,-9.0,3.0,-9.0,-9,0.0,22694.0,2110.0
2641612,2641613,37.0,1070312,1,1,0,1,1.0,40.0,1.0,-9.0,4.0,8121M,17.0,22694.0,2110.0
2641613,2641614,6.0,1070312,2,1,2,1,-9.0,-9.0,-9.0,3.0,-9.0,-9,0.0,22694.0,2110.0
2641614,2641615,37.0,1070313,1,1,0,1,1.0,40.0,1.0,-9.0,4.0,8121M,17.0,22706.0,2110.0
2641615,2641616,6.0,1070313,2,1,2,1,-9.0,-9.0,-9.0,3.0,-9.0,-9,0.0,22706.0,2110.0
2641616,2641617,37.0,1070314,1,1,0,1,1.0,40.0,1.0,-9.0,4.0,8121M,17.0,22679.0,2107.0
2641617,2641618,6.0,1070314,2,1,2,1,-9.0,-9.0,-9.0,3.0,-9.0,-9,0.0,22679.0,2107.0
2641618,2641619,44.0,1070315,1,2,0,1,6.0,-9.0,-9.0,-9.0,4.0,-9,0.0,22676.0,2107.0
2641619,2641620,14.0,1070315,2,1,2,1,-9.0,-9.0,-9.0,10.0,-9.0,-9,0.0,22676.0,2107.0
2641620,2641621,9.0,1070315,3,2,2,1,-9.0,-9.0,-9.0,6.0,-9.0,-9,0.0,22676.0,2107.0
2641621,2641622,4.0,1070315,4,1,2,1,-9.0,-9.0,-9.0,-9.0,-9.0,-9,0.0,22676.0,2107.0
2641622,2641623,81.0,1070316,1,2,0,4,6.0,-9.0,-9.0,-9.0,4.0,-9,0.0,22715.0,2112.0
2641623,2641624,53.0,1070316,2,1,2,4,1.0,50.0,1.0,-9.0,4.0,336M,3.0,22715.0,2112.0
2641624,2641625,56.0,1070316,3,1,9,4,1.0,48.0,1.0,-9.0,4.0,3254,3.0,22715.0,2112.0
2641625,2641626,81.0,1070317,1,2,0,4,6.0,-9.0,-9.0,-9.0,4.0,-9,0.0,22690.0,2110.0
2641626,2641627,53.0,1070317,2,1,2,4,1.0,50.0,1.0,-9.0,4.0,336M,3.0,22690.0,2110.0
2641627,2641628,56.0,1070317,3,1,9,4,1.0,48.0,1.0,-9.0,4.0,3254,3.0,22690.0,2110.0
2641628,2641629,81.0,1070318,1,2,0,4,6.0,-9.0,-9.0,-9.0,4.0,-9,0.0,22714.0,2112.0
2641629,2641630,53.0,1070318,2,1,2,4,1.0,50.0,1.0,-9.0,4.0,336M,3.0,22714.0,2112.0
2641630,2641631,56.0,1070318,3,1,9,4,1.0,48.0,1.0,-9.0,4.0,3254,3.0,22714.0,2112.0
2641631,2641632,69.0,1070319,1,1,0,1,6.0,12.0,4.0,-9.0,2.0,6241,14.0,22704.0,2110.0
2641632,2641633,68.0,1070319,2,2,1,1,1.0,10.0,1.0,-9.0,4.0,611M1,13.0,22704.0,2110.0
2641633,2641634,33.0,1070319,3,2,2,1,1.0,36.0,1.0,15.0,4.0,622M,15.0,22704.0,2110.0
2641634,2641635,69.0,1070320,1,1,0,1,6.0,12.0,4.0,-9.0,2.0,6241,14.0,22718.0,2112.0
2641635,2641636,68.0,1070320,2,2,1,1,1.0,10.0,1.0,-9.0,4.0,611M1,13.0,22718.0,2112.0
2641636,2641637,33.0,1070320,3,2,2,1,1.0,36.0,1.0,15.0,4.0,622M,15.0,22718.0,2112.0
2641637,2641638,69.0,1070321,1,1,0,1,6.0,12.0,4.0,-9.0,2.0,6241,14.0,22718.0,2112.0
2641638,2641639,68.0,1070321,2,2,1,1,1.0,10.0,1.0,-9.0,4.0,611M1,13.0,22718.0,2112.0
2641639,2641640,33.0,1070321,3,2,2,1,1.0,36.0,1.0,15.0,4.0,622M,15.0,22718.0,2112.0
2641640,2641641,70.0,1070322,1,2,0,1,1.0,32.0,1.0,-9.0,4.0,4411,5.0,22717.0,2112.0
2641641,2641642,62.0,1070322,2,2,13,1,1.0,40.0,1.0,-9.0,4.0,23,2.0,22717.0,2112.0
2641642,2641643,70.0,1070323,1,2,0,1,1.0,32.0,1.0,-9.0,4.0,4411,5.0,22714.0,2112.0
2641643,2641644,62.0,1070323,2,2,13,1,1.0,40.0,1.0,-9.0,4.0,23,2.0,22714.0,2112.0
2641644,2641645,70.0,1070324,1,2,0,1,1.0,32.0,1.0,-9.0,4.0,4411,5.0,22716.0,2112.0
2641645,2641646,62.0,1070324,2,2,13,1,1.0,40.0,1.0,-9.0,4.0,23,2.0,22716.0,2112.0
2641646,2641647,70.0,1070325,1,2,0,1,1.0,32.0,1.0,-9.0,4.0,4411,5.0,22716.0,2112.0
2641647,2641648,62.0,1070325,2,2,13,1,1.0,40.0,1.0,-9.0,4.0,23,2.0,22716.0,2112.0
2641648,2641649,70.0,1070326,1,2,0,1,1.0,32.0,1.0,-9.0,4.0,4411,5.0,22690.0,2110.0
2641649,2641650,62.0,1070326,2,2,13,1,1.0,40.0,1.0,-9.0,4.0,23,2.0,22690.0,2110.0
2641650,2641651,70.0,1070327,1,2,0,1,1.0,32.0,1.0,-9.0,4.0,4411,5.0,22716.0,2112.0
2641651,2641652,62.0,1070327,2,2,13,1,1.0,40.0,1.0,-9.0,4.0,23,2.0,22716.0,2112.0
2641652,2641653,70.0,1070328,1,2,0,1,1.0,32.0,1.0,-9.0,4.0,4411,5.0,22719.0,2112.0
2641653,2641654,62.0,1070328,2,2,13,1,1.0,40.0,1.0,-9.0,4.0,23,2.0,22719.0,2112.0
2641654,2641655,70.0,1070329,1,1,0,1,1.0,3.0,1.0,-9.0,4.0,622M,15.0,22717.0,2112.0
2641655,2641656,62.0,1070329,2,2,1,1,1.0,50.0,1.0,-9.0,4.0,622M,15.0,22717.0,2112.0
2641656,2641657,67.0,1070330,1,1,0,1,6.0,-9.0,-9.0,-9.0,4.0,-9,0.0,22715.0,2112.0
2641657,2641658,64.0,1070330,2,2,1,1,6.0,-9.0,-9.0,-9.0,4.0,-9,0.0,22715.0,2112.0
2641658,2641659,65.0,1070331,1,1,0,1,1.0,20.0,4.0,-9.0,2.0,6111,13.0,22704.0,2110.0
2641659,2641660,60.0,1070331,2,2,1,1,1.0,12.0,4.0,-9.0,4.0,611M1,13.0,22704.0,2110.0
2641660,2641661,65.0,1070332,1,1,0,1,1.0,20.0,4.0,-9.0,2.0,6111,13.0,22717.0,2112.0
2641661,2641662,60.0,1070332,2,2,1,1,1.0,12.0,4.0,-9.0,4.0,611M1,13.0,22717.0,2112.0
2641662,2641663,65.0,1070333,1,1,0,1,1.0,20.0,4.0,-9.0,2.0,6111,13.0,22715.0,2112.0
2641663,2641664,60.0,1070333,2,2,1,1,1.0,12.0,4.0,-9.0,4.0,611M1,13.0,22715.0,2112.0
2641664,2641665,65.0,1070334,1,1,0,1,1.0,20.0,4.0,-9.0,2.0,6111,13.0,22699.0,2110.0
2641665,2641666,60.0,1070334,2,2,1,1,1.0,12.0,4.0,-9.0,4.0,611M1,13.0,22699.0,2110.0
2641666,2641667,65.0,1070335,1,1,0,1,1.0,20.0,4.0,-9.0,2.0,6111,13.0,22714.0,2112.0
2641667,2641668,60.0,1070335,2,2,1,1,1.0,12.0,4.0,-9.0,4.0,611M1,13.0,22714.0,2112.0
2641668,2641669,65.0,1070336,1,1,0,1,1.0,20.0,4.0,-9.0,2.0,6111,13.0,22683.0,2108.0
2641669,2641670,60.0,1070336,2,2,1,1,1.0,12.0,4.0,-9.0,4.0,611M1,13.0,22683.0,2108.0
2641670,2641671,65.0,1070337,1,1,0,1,1.0,20.0,4.0,-9.0,2.0,6111,13.0,22704.0,2110.0
2641671,2641672,60.0,1070337,2,2,1,1,1.0,12.0,4.0,-9.0,4.0,611M1,13.0,22704.0,2110.0
2641672,2641673,65.0,1070338,1,1,0,1,1.0,20.0,4.0,-9.0,2.0,6111,13.0,22714.0,2112.0
2641673,2641674,60.0,1070338,2,2,1,1,1.0,12.0,4.0,-9.0,4.0,611M1,13.0,22714.0,2112.0
2641674,2641675,65.0,1070339,1,1,0,1,1.0,20.0,4.0,-9.0,2.0,6111,13.0,22690.0,2110.0
2641675,2641676,60.0,1070339,2,2,1,1,1.0,12.0,4.0,-9.0,4.0,611M1,13.0,22690.0,2110.0
2641676,2641677,65.0,1070340,1,1,0,1,1.0,20.0,4.0,-9.0,2.0,6111,13.0,22719.0,2112.0
2641677,2641678,60.0,1070340,2,2,1,1,1.0,12.0,4.0,-9.0,4.0,611M1,13.0,22719.0,2112.0
2641678,2641679,65.0,1070341,1,1,0,1,1.0,20.0,4.0,-9.0,2.0,6111,13.0,22716.0,2112.0
2641679,2641680,60.0,1070341,2,2,1,1,1.0,12.0,4.0,-9.0,4.0,611M1,13.0,22716.0,2112.0
2641680,2641681,65.0,1070342,1,1,0,1,1.0,20.0,4.0,-9.0,2.0,6111,13.0,22717.0,2112.0
2641681,2641682,60.0,1070342,2,2,1,1,1.0,12.0,4.0,-9.0,4.0,611M1,13.0,22717.0,2112.0
2641682,2641683,65.0,1070343,1,1,0,1,1.0,20.0,4.0,-9.0,2.0,6111,13.0,22715.0,2112.0
2641683,2641684,60.0,1070343,2,2,1,1,1.0,12.0,4.0,-9.0,4.0,611M1,13.0,22715.0,2112.0
2641684,2641685,90.0,1070344,1,1,0,1,6.0,-9.0,-9.0,-9.0,3.0,-9,0.0,22714.0,2112.0
2641685,2641686,86.0,1070344,2,2,1,1,6.0,-9.0,-9.0,-9.0,4.0,-9,0.0,22714.0,2112.0
2641686,2641687,56.0,1070344,3,1,2,1,1.0,40.0,1.0,-9.0,4.0,4238,4.0,22714.0,2112.0
2641687,2641688,73.0,1070345,1,1,0,1,6.0,-9.0,-9.0,-9.0,4.0,-9,0.0,22714.0,2112.0
2641688,2641689,57.0,1070345,2,2,1,1,1.0,60.0,1.0,-9.0,4.0,6212,14.0,22714.0,2112.0
2641689,2641690,73.0,1070346,1,1,0,1,6.0,-9.0,-9.0,-9.0,4.0,-9,0.0,22715.0,2112.0
2641690,2641691,57.0,1070346,2,2,1,1,1.0,60.0,1.0,-9.0,4.0,6212,14.0,22715.0,2112.0
2641691,2641692,73.0,1070347,1,1,0,1,6.0,-9.0,-9.0,-9.0,4.0,-9,0.0,22699.0,2110.0
2641692,2641693,57.0,1070347,2,2,1,1,1.0,60.0,1.0,-9.0,4.0,6212,14.0,22699.0,2110.0
2641693,2641694,65.0,1070348,1,2,0,1,6.0,-9.0,-9.0,-9.0,4.0,-9,0.0,22717.0,2112.0
2641694,2641695,61.0,1070348,2,1,1,1,1.0,50.0,3.0,-9.0,4.0,23,2.0,22717.0,2112.0
2641695,2641696,65.0,1070349,1,2,0,1,6.0,-9.0,-9.0,-9.0,4.0,-9,0.0,22690.0,2110.0
2641696,2641697,61.0,1070349,2,1,1,1,1.0,50.0,3.0,-9.0,4.0,23,2.0,22690.0,2110.0
2641697,2641698,65.0,1070350,1,2,0,1,6.0,-9.0,-9.0,-9.0,4.0,-9,0.0,22683.0,2108.0
2641698,2641699,61.0,1070350,2,1,1,1,1.0,50.0,3.0,-9.0,4.0,23,2.0,22683.0,2108.0
2641699,2641700,65.0,1070351,1,2,0,1,6.0,-9.0,-9.0,-9.0,4.0,-9,0.0,22715.0,2112.0
2641700,2641701,61.0,1070351,2,1,1,1,1.0,50.0,3.0,-9.0,4.0,23,2.0,22715.0,2112.0
2641701,2641702,65.0,1070352,1,2,0,1,6.0,-9.0,-9.0,-9.0,4.0,-9,0.0,22714.0,2112.0
2641702,2641703,61.0,1070352,2,1,1,1,1.0,50.0,3.0,-9.0,4.0,23,2.0,22714.0,2112.0
2641703,2641704,65.0,1070353,1,2,0,1,6.0,-9.0,-9.0,-9.0,4.0,-9,0.0,22704.0,2110.0
2641704,2641705,61.0,1070353,2,1,1,1,1.0,50.0,3.0,-9.0,4.0,23,2.0,22704.0,2110.0
2641705,2641706,72.0,1070354,1,2,0,1,6.0,-9.0,-9.0,-9.0,4.0,-9,0.0,22704.0,2110.0
2641706,2641707,35.0,1070354,2,2,2,1,6.0,-9.0,-9.0,-9.0,4.0,-9,0.0,22704.0,2110.0
2641707,2641708,72.0,1070355,1,2,0,1,6.0,-9.0,-9.0,-9.0,4.0,-9,0.0,22718.0,2112.0
2641708,2641709,35.0,1070355,2,2,2,1,6.0,-9.0,-9.0,-9.0,4.0,-9,0.0,22718.0,2112.0
2641709,2641710,72.0,1070356,1,2,0,1,6.0,-9.0,-9.0,-9.0,4.0,-9,0.0,22690.0,2110.0
2641710,2641711,35.0,1070356,2,2,2,1,6.0,-9.0,-9.0,-9.0,4.0,-9,0.0,22690.0,2110.0
2641711,2641712,72.0,1070357,1,2,0,1,6.0,-9.0,-9.0,-9.0,4.0,-9,0.0,22718.0,2112.0
2641712,2641713,35.0,1070357,2,2,2,1,6.0,-9.0,-9.0,-9.0,4.0,-9,0.0,22718.0,2112.0
2641713,2641714,72.0,1070358,1,2,0,1,6.0,-9.0,-9.0,-9.0,4.0,-9,0.0,22714.0,2112.0
2641714,2641715,35.0,1070358,2,2,2,1,6.0,-9.0,-9.0,-9.0,4.0,-9,0.0,22714.0,2112.0
2641715,2641716,72.0,1070359,1,2,0,1,6.0,-9.0,-9.0,-9.0,4.0,-9,0.0,22717.0,2112.0
2641716,2641717,35.0,1070359,2,2,2,1,6.0,-9.0,-9.0,-9.0,4.0,-9,0.0,22717.0,2112.0
2641717,2641718,72.0,1070360,1,2,0,1,6.0,-9.0,-9.0,-9.0,4.0,-9,0.0,22699.0,2110.0
2641718,2641719,35.0,1070360,2,2,2,1,6.0,-9.0,-9.0,-9.0,4.0,-9,0.0,22699.0,2110.0
2641719,2641720,72.0,1070361,1,2,0,1,6.0,-9.0,-9.0,-9.0,4.0,-9,0.0,22716.0,2112.0
2641720,2641721,35.0,1070361,2,2,2,1,6.0,-9.0,-9.0,-9.0,4.0,-9,0.0,22716.0,2112.0
2641721,2641722,72.0,1070362,1,2,0,1,6.0,-9.0,-9.0,-9.0,4.0,-9,0.0,22719.0,2112.0
2641722,2641723,35.0,1070362,2,2,2,1,6.0,-9.0,-9.0,-9.0,4.0,-9,0.0,22719.0,2112.0
2641723,2641724,72.0,1070363,1,2,0,1,6.0,-9.0,-9.0,-9.0,4.0,-9,0.0,22719.0,2112.0
2641724,2641725,35.0,1070363,2,2,2,1,6.0,-9.0,-9.0,-9.0,4.0,-9,0.0,22719.0,2112.0
2641725,2641726,72.0,1070364,1,2,0,1,6.0,-9.0,-9.0,-9.0,4.0,-9,0.0,22690.0,2110.0
2641726,2641727,35.0,1070364,2,2,2,1,6.0,-9.0,-9.0,-9.0,4.0,-9,0.0,22690.0,2110.0
2641727,2641728,72.0,1070365,1,2,0,1,6.0,-9.0,-9.0,-9.0,4.0,-9,0.0,22715.0,2112.0
2641728,2641729,35.0,1070365,2,2,2,1,6.0,-9.0,-9.0,-9.0,4.0,-9,0.0,22715.0,2112.0
2641729,2641730,72.0,1070366,1,2,0,1,6.0,-9.0,-9.0,-9.0,4.0,-9,0.0,22717.0,2112.0
2641730,2641731,35.0,1070366,2,2,2,1,6.0,-9.0,-9.0,-9.0,4.0,-9,0.0,22717.0,2112.0
2641731,2641732,72.0,1070367,1,2,0,1,6.0,-9.0,-9.0,-9.0,4.0,-9,0.0,22718.0,2112.0
2641732,2641733,35.0,1070367,2,2,2,1,6.0,-9.0,-9.0,-9.0,4.0,-9,0.0,22718.0,2112.0
2641733,2641734,72.0,1070368,1,2,0,1,6.0,-9.0,-9.0,-9.0,4.0,-9,0.0,22716.0,2112.0
2641734,2641735,35.0,1070368,2,2,2,1,6.0,-9.0,-9.0,-9.0,4.0,-9,0.0,22716.0,2112.0
2641735,2641736,72.0,1070369,1,2,0,1,6.0,-9.0,-9.0,-9.0,4.0,-9,0.0,22718.0,2112.0
2641736,2641737,35.0,1070369,2,2,2,1,6.0,-9.0,-9.0,-9.0,4.0,-9,0.0,22718.0,2112.0
2641737,2641738,72.0,1070370,1,2,0,1,6.0,-9.0,-9.0,-9.0,4.0,-9,0.0,22715.0,2112.0
2641738,2641739,35.0,1070370,2,2,2,1,6.0,-9.0,-9.0,-9.0,4.0,-9,0.0,22715.0,2112.0
2641739,2641740,72.0,1070371,1,2,0,1,6.0,-9.0,-9.0,-9.0,4.0,-9,0.0,22715.0,2112.0
2641740,2641741,35.0,1070371,2,2,2,1,6.0,-9.0,-9.0,-9.0,4.0,-9,0.0,22715.0,2112.0
2641741,2641742,72.0,1070372,1,2,0,1,6.0,-9.0,-9.0,-9.0,4.0,-9,0.0,22704.0,2110.0
2641742,2641743,35.0,1070372,2,2,2,1,6.0,-9.0,-9.0,-9.0,4.0,-9,0.0,22704.0,2110.0
2641743,2641744,72.0,1070373,1,2,0,1,6.0,-9.0,-9.0,-9.0,4.0,-9,0.0,22715.0,2112.0
2641744,2641745,35.0,1070373,2,2,2,1,6.0,-9.0,-9.0,-9.0,4.0,-9,0.0,22715.0,2112.0
2641745,2641746,72.0,1070374,1,2,0,1,6.0,-9.0,-9.0,-9.0,4.0,-9,0.0,22690.0,2110.0
2641746,2641747,35.0,1070374,2,2,2,1,6.0,-9.0,-9.0,-9.0,4.0,-9,0.0,22690.0,2110.0
2641747,2641748,72.0,1070375,1,2,0,1,6.0,-9.0,-9.0,-9.0,4.0,-9,0.0,22690.0,2110.0
2641748,2641749,35.0,1070375,2,2,2,1,6.0,-9.0,-9.0,-9.0,4.0,-9,0.0,22690.0,2110.0
2641749,2641750,89.0,1070376,1,1,0,1,6.0,-9.0,-9.0,-9.0,2.0,-9,0.0,22704.0,2110.0
2641750,2641751,61.0,1070376,2,1,2,1,6.0,-9.0,-9.0,-9.0,4.0,-9,0.0,22704.0,2110.0
2641751,2641752,89.0,1070377,1,1,0,1,6.0,-9.0,-9.0,-9.0,2.0,-9,0.0,22719.0,2112.0
2641752,2641753,61.0,1070377,2,1,2,1,6.0,-9.0,-9.0,-9.0,4.0,-9,0.0,22719.0,2112.0
2641753,2641754,89.0,1070378,1,1,0,1,6.0,-9.0,-9.0,-9.0,2.0,-9,0.0,22716.0,2112.0
2641754,2641755,61.0,1070378,2,1,2,1,6.0,-9.0,-9.0,-9.0,4.0,-9,0.0,22716.0,2112.0
2641755,2641756,89.0,1070379,1,1,0,1,6.0,-9.0,-9.0,-9.0,2.0,-9,0.0,22682.0,2108.0
2641756,2641757,61.0,1070379,2,1,2,1,6.0,-9.0,-9.0,-9.0,4.0,-9,0.0,22682.0,2108.0
2641757,2641758,89.0,1070380,1,1,0,1,6.0,-9.0,-9.0,-9.0,2.0,-9,0.0,22714.0,2112.0
2641758,2641759,61.0,1070380,2,1,2,1,6.0,-9.0,-9.0,-9.0,4.0,-9,0.0,22714.0,2112.0
2641759,2641760,89.0,1070381,1,1,0,1,6.0,-9.0,-9.0,-9.0,2.0,-9,0.0,22715.0,2112.0
2641760,2641761,61.0,1070381,2,1,2,1,6.0,-9.0,-9.0,-9.0,4.0,-9,0.0,22715.0,2112.0
2641761,2641762,89.0,1070382,1,1,0,1,6.0,-9.0,-9.0,-9.0,2.0,-9,0.0,22715.0,2112.0
2641762,2641763,61.0,1070382,2,1,2,1,6.0,-9.0,-9.0,-9.0,4.0,-9,0.0,22715.0,2112.0
2641763,2641764,89.0,1070383,1,1,0,1,6.0,-9.0,-9.0,-9.0,2.0,-9,0.0,22690.0,2110.0
2641764,2641765,61.0,1070383,2,1,2,1,6.0,-9.0,-9.0,-9.0,4.0,-9,0.0,22690.0,2110.0
2641765,2641766,77.0,1070384,1,1,0,1,6.0,-9.0,-9.0,-9.0,4.0,-9,0.0,22715.0,2112.0
2641766,2641767,52.0,1070384,2,1,2,1,6.0,30.0,2.0,-9.0,4.0,23,2.0,22715.0,2112.0
2641767,2641768,77.0,1070385,1,1,0,1,6.0,-9.0,-9.0,-9.0,4.0,-9,0.0,22715.0,2112.0
2641768,2641769,52.0,1070385,2,1,2,1,6.0,30.0,2.0,-9.0,4.0,23,2.0,22715.0,2112.0
2641769,2641770,65.0,1070386,1,2,0,1,1.0,25.0,2.0,-9.0,4.0,3255,3.0,22699.0,2110.0
2641770,2641771,42.0,1070386,2,1,2,4,6.0,-9.0,-9.0,-9.0,4.0,-9,0.0,22699.0,2110.0
2641771,2641772,65.0,1070387,1,2,0,1,1.0,25.0,2.0,-9.0,4.0,3255,3.0,22699.0,2110.0
2641772,2641773,42.0,1070387,2,1,2,4,6.0,-9.0,-9.0,-9.0,4.0,-9,0.0,22699.0,2110.0
2641773,2641774,77.0,1070388,1,2,0,1,6.0,-9.0,-9.0,-9.0,4.0,-9,0.0,22718.0,2112.0
2641774,2641775,50.0,1070388,2,2,2,1,1.0,50.0,1.0,-9.0,4.0,8131,17.0,22718.0,2112.0
2641775,2641776,77.0,1070389,1,2,0,1,6.0,-9.0,-9.0,-9.0,4.0,-9,0.0,22699.0,2110.0
2641776,2641777,50.0,1070389,2,2,2,1,1.0,50.0,1.0,-9.0,4.0,8131,17.0,22699.0,2110.0
2641777,2641778,77.0,1070390,1,2,0,1,6.0,-9.0,-9.0,-9.0,4.0,-9,0.0,22719.0,2112.0
2641778,2641779,50.0,1070390,2,2,2,1,1.0,50.0,1.0,-9.0,4.0,8131,17.0,22719.0,2112.0
2641779,2641780,77.0,1070391,1,2,0,1,6.0,-9.0,-9.0,-9.0,4.0,-9,0.0,22715.0,2112.0
2641780,2641781,50.0,1070391,2,2,2,1,1.0,50.0,1.0,-9.0,4.0,8131,17.0,22715.0,2112.0
2641781,2641782,77.0,1070392,1,2,0,1,6.0,-9.0,-9.0,-9.0,4.0,-9,0.0,22717.0,2112.0
2641782,2641783,50.0,1070392,2,2,2,1,1.0,50.0,1.0,-9.0,4.0,8131,17.0,22717.0,2112.0
2641783,2641784,77.0,1070393,1,2,0,1,6.0,-9.0,-9.0,-9.0,4.0,-9,0.0,22704.0,2110.0
2641784,2641785,50.0,1070393,2,2,2,1,1.0,50.0,1.0,-9.0,4.0,8131,17.0,22704.0,2110.0
2641785,2641786,77.0,1070394,1,2,0,1,6.0,-9.0,-9.0,-9.0,4.0,-9,0.0,22699.0,2110.0
2641786,2641787,50.0,1070394,2,2,2,1,1.0,50.0,1.0,-9.0,4.0,8131,17.0,22699.0,2110.0
2641787,2641788,77.0,1070395,1,2,0,1,6.0,-9.0,-9.0,-9.0,4.0,-9,0.0,22704.0,2110.0
2641788,2641789,50.0,1070395,2,2,2,1,1.0,50.0,1.0,-9.0,4.0,8131,17.0,22704.0,2110.0
2641789,2641790,77.0,1070396,1,2,0,1,6.0,-9.0,-9.0,-9.0,4.0,-9,0.0,22717.0,2112.0
2641790,2641791,50.0,1070396,2,2,2,1,1.0,50.0,1.0,-9.0,4.0,8131,17.0,22717.0,2112.0
2641791,2641792,77.0,1070397,1,2,0,1,6.0,-9.0,-9.0,-9.0,4.0,-9,0.0,22690.0,2110.0
2641792,2641793,50.0,1070397,2,2,2,1,1.0,50.0,1.0,-9.0,4.0,8131,17.0,22690.0,2110.0
2641793,2641794,77.0,1070398,1,2,0,1,6.0,-9.0,-9.0,-9.0,4.0,-9,0.0,22714.0,2112.0
2641794,2641795,50.0,1070398,2,2,2,1,1.0,50.0,1.0,-9.0,4.0,8131,17.0,22714.0,2112.0
2641795,2641796,77.0,1070399,1,2,0,1,6.0,-9.0,-9.0,-9.0,4.0,-9,0.0,22715.0,2112.0
2641796,2641797,50.0,1070399,2,2,2,1,1.0,50.0,1.0,-9.0,4.0,8131,17.0,22715.0,2112.0
2641797,2641798,77.0,1070400,1,2,0,1,6.0,-9.0,-9.0,-9.0,4.0,-9,0.0,22716.0,2112.0
2641798,2641799,50.0,1070400,2,2,2,1,1.0,50.0,1.0,-9.0,4.0,8131,17.0,22716.0,2112.0
2641799,2641800,77.0,1070401,1,2,0,1,6.0,-9.0,-9.0,-9.0,4.0,-9,0.0,22718.0,2112.0
2641800,2641801,50.0,1070401,2,2,2,1,1.0,50.0,1.0,-9.0,4.0,8131,17.0,22718.0,2112.0
2641801,2641802,77.0,1070402,1,2,0,1,6.0,-9.0,-9.0,-9.0,4.0,-9,0.0,22704.0,2110.0
2641802,2641803,50.0,1070402,2,2,2,1,1.0,50.0,1.0,-9.0,4.0,8131,17.0,22704.0,2110.0
2641803,2641804,68.0,1070403,1,1,0,1,6.0,-9.0,-9.0,-9.0,2.0,-9,0.0,22704.0,2110.0
2641804,2641805,62.0,1070403,2,2,1,1,1.0,28.0,4.0,-9.0,4.0,722Z,16.0,22704.0,2110.0
2641805,2641806,40.0,1070403,3,2,2,1,1.0,27.0,1.0,-9.0,4.0,722Z,16.0,22704.0,2110.0
2641806,2641807,1.0,1070403,4,2,7,1,-9.0,-9.0,-9.0,-9.0,-9.0,-9,0.0,22704.0,2110.0
2641807,2641808,68.0,1070404,1,1,0,1,6.0,-9.0,-9.0,-9.0,2.0,-9,0.0,22690.0,2110.0
2641808,2641809,62.0,1070404,2,2,1,1,1.0,28.0,4.0,-9.0,4.0,722Z,16.0,22690.0,2110.0
2641809,2641810,40.0,1070404,3,2,2,1,1.0,27.0,1.0,-9.0,4.0,722Z,16.0,22690.0,2110.0
2641810,2641811,1.0,1070404,4,2,7,1,-9.0,-9.0,-9.0,-9.0,-9.0,-9,0.0,22690.0,2110.0
2641811,2641812,68.0,1070405,1,1,0,1,6.0,-9.0,-9.0,-9.0,2.0,-9,0.0,22704.0,2110.0
2641812,2641813,62.0,1070405,2,2,1,1,1.0,28.0,4.0,-9.0,4.0,722Z,16.0,22704.0,2110.0
2641813,2641814,40.0,1070405,3,2,2,1,1.0,27.0,1.0,-9.0,4.0,722Z,16.0,22704.0,2110.0
2641814,2641815,1.0,1070405,4,2,7,1,-9.0,-9.0,-9.0,-9.0,-9.0,-9,0.0,22704.0,2110.0
2641815,2641816,68.0,1070406,1,1,0,1,6.0,-9.0,-9.0,-9.0,2.0,-9,0.0,22704.0,2110.0
2641816,2641817,62.0,1070406,2,2,1,1,1.0,28.0,4.0,-9.0,4.0,722Z,16.0,22704.0,2110.0
2641817,2641818,40.0,1070406,3,2,2,1,1.0,27.0,1.0,-9.0,4.0,722Z,16.0,22704.0,2110.0
2641818,2641819,1.0,1070406,4,2,7,1,-9.0,-9.0,-9.0,-9.0,-9.0,-9,0.0,22704.0,2110.0
2641819,2641820,68.0,1070407,1,1,0,1,6.0,-9.0,-9.0,-9.0,2.0,-9,0.0,22715.0,2112.0
2641820,2641821,62.0,1070407,2,2,1,1,1.0,28.0,4.0,-9.0,4.0,722Z,16.0,22715.0,2112.0
2641821,2641822,40.0,1070407,3,2,2,1,1.0,27.0,1.0,-9.0,4.0,722Z,16.0,22715.0,2112.0
2641822,2641823,1.0,1070407,4,2,7,1,-9.0,-9.0,-9.0,-9.0,-9.0,-9,0.0,22715.0,2112.0
2641823,2641824,68.0,1070408,1,1,0,1,6.0,-9.0,-9.0,-9.0,2.0,-9,0.0,22715.0,2112.0
2641824,2641825,62.0,1070408,2,2,1,1,1.0,28.0,4.0,-9.0,4.0,722Z,16.0,22715.0,2112.0
2641825,2641826,40.0,1070408,3,2,2,1,1.0,27.0,1.0,-9.0,4.0,722Z,16.0,22715.0,2112.0
2641826,2641827,1.0,1070408,4,2,7,1,-9.0,-9.0,-9.0,-9.0,-9.0,-9,0.0,22715.0,2112.0
2641827,2641828,76.0,1070409,1,2,0,1,6.0,-9.0,-9.0,-9.0,4.0,8131,17.0,22719.0,2112.0
2641828,2641829,36.0,1070409,2,1,2,1,1.0,40.0,1.0,-9.0,4.0,4411,5.0,22719.0,2112.0
2641829,2641830,0.0,1070409,3,1,7,1,-9.0,-9.0,-9.0,-9.0,-9.0,-9,0.0,22719.0,2112.0
2641830,2641831,35.0,1070409,4,2,9,1,1.0,40.0,4.0,-9.0,4.0,4411,5.0,22719.0,2112.0
2641831,2641832,76.0,1070410,1,2,0,1,6.0,-9.0,-9.0,-9.0,4.0,8131,17.0,22715.0,2112.0
2641832,2641833,36.0,1070410,2,1,2,1,1.0,40.0,1.0,-9.0,4.0,4411,5.0,22715.0,2112.0
2641833,2641834,0.0,1070410,3,1,7,1,-9.0,-9.0,-9.0,-9.0,-9.0,-9,0.0,22715.0,2112.0
2641834,2641835,35.0,1070410,4,2,9,1,1.0,40.0,4.0,-9.0,4.0,4411,5.0,22715.0,2112.0
2641835,2641836,56.0,1070411,1,2,0,3,1.0,35.0,3.0,-9.0,4.0,531M,9.0,22690.0,2110.0
2641836,2641837,61.0,1070411,2,1,1,1,1.0,40.0,1.0,-9.0,4.0,3272,3.0,22690.0,2110.0
2641837,2641838,21.0,1070411,3,1,2,1,3.0,15.0,6.0,15.0,4.0,53M,9.0,22690.0,2110.0
2641838,2641839,53.0,1070412,1,1,0,4,1.0,45.0,1.0,-9.0,4.0,5417,10.0,22704.0,2110.0
2641839,2641840,46.0,1070413,1,1,0,4,1.0,38.0,1.0,-9.0,4.0,722Z,16.0,22717.0,2112.0
2641840,2641841,44.0,1070413,2,2,12,1,1.0,33.0,1.0,-9.0,4.0,722Z,16.0,22717.0,2112.0
2641841,2641842,40.0,1070413,3,1,12,1,1.0,20.0,5.0,-9.0,4.0,722Z,16.0,22717.0,2112.0
2641842,2641843,38.0,1070413,4,1,12,1,6.0,-9.0,-9.0,-9.0,4.0,-9,0.0,22717.0,2112.0
2641843,2641844,60.0,1070414,1,2,0,4,6.0,-9.0,-9.0,-9.0,4.0,5416,10.0,22717.0,2112.0
2641844,2641845,71.0,1070414,2,1,1,1,6.0,-9.0,-9.0,-9.0,4.0,-9,0.0,22717.0,2112.0
2641845,2641846,60.0,1070415,1,2,0,4,6.0,-9.0,-9.0,-9.0,4.0,5416,10.0,22690.0,2110.0
2641846,2641847,71.0,1070415,2,1,1,1,6.0,-9.0,-9.0,-9.0,4.0,-9,0.0,22690.0,2110.0
2641847,2641848,60.0,1070416,1,2,0,4,6.0,-9.0,-9.0,-9.0,4.0,5416,10.0,22714.0,2112.0
2641848,2641849,71.0,1070416,2,1,1,1,6.0,-9.0,-9.0,-9.0,4.0,-9,0.0,22714.0,2112.0
2641849,2641850,60.0,1070417,1,2,0,4,6.0,-9.0,-9.0,-9.0,4.0,5416,10.0,22714.0,2112.0
2641850,2641851,71.0,1070417,2,1,1,1,6.0,-9.0,-9.0,-9.0,4.0,-9,0.0,22714.0,2112.0
2641851,2641852,54.0,1070418,1,2,0,4,1.0,15.0,4.0,-9.0,4.0,4452,5.0,22690.0,2110.0
2641852,2641853,58.0,1070419,1,2,0,3,2.0,40.0,1.0,-9.0,4.0,611M1,13.0,22690.0,2110.0
2641853,2641854,23.0,1070419,2,2,2,4,1.0,40.0,1.0,16.0,4.0,611M1,13.0,22690.0,2110.0
2641854,2641855,58.0,1070420,1,2,0,3,2.0,40.0,1.0,-9.0,4.0,611M1,13.0,22715.0,2112.0
2641855,2641856,23.0,1070420,2,2,2,4,1.0,40.0,1.0,16.0,4.0,611M1,13.0,22715.0,2112.0
2641856,2641857,58.0,1070421,1,2,0,3,2.0,40.0,1.0,-9.0,4.0,611M1,13.0,22682.0,2108.0
2641857,2641858,23.0,1070421,2,2,2,4,1.0,40.0,1.0,16.0,4.0,611M1,13.0,22682.0,2108.0
2641858,2641859,58.0,1070422,1,2,0,3,2.0,40.0,1.0,-9.0,4.0,611M1,13.0,22704.0,2110.0
2641859,2641860,23.0,1070422,2,2,2,4,1.0,40.0,1.0,16.0,4.0,611M1,13.0,22704.0,2110.0
2641860,2641861,58.0,1070423,1,2,0,3,2.0,40.0,1.0,-9.0,4.0,611M1,13.0,22714.0,2112.0
2641861,2641862,23.0,1070423,2,2,2,4,1.0,40.0,1.0,16.0,4.0,611M1,13.0,22714.0,2112.0
2641862,2641863,58.0,1070424,1,2,0,3,2.0,40.0,1.0,-9.0,4.0,611M1,13.0,22714.0,2112.0
2641863,2641864,23.0,1070424,2,2,2,4,1.0,40.0,1.0,16.0,4.0,611M1,13.0,22714.0,2112.0
2641864,2641865,58.0,1070425,1,2,0,3,2.0,40.0,1.0,-9.0,4.0,611M1,13.0,22714.0,2112.0
2641865,2641866,23.0,1070425,2,2,2,4,1.0,40.0,1.0,16.0,4.0,611M1,13.0,22714.0,2112.0
2641866,2641867,58.0,1070426,1,2,0,3,2.0,40.0,1.0,-9.0,4.0,611M1,13.0,22716.0,2112.0
2641867,2641868,23.0,1070426,2,2,2,4,1.0,40.0,1.0,16.0,4.0,611M1,13.0,22716.0,2112.0
2641868,2641869,58.0,1070427,1,2,0,3,2.0,40.0,1.0,-9.0,4.0,611M1,13.0,22716.0,2112.0
2641869,2641870,23.0,1070427,2,2,2,4,1.0,40.0,1.0,16.0,4.0,611M1,13.0,22716.0,2112.0
2641870,2641871,58.0,1070428,1,2,0,3,2.0,40.0,1.0,-9.0,4.0,611M1,13.0,22704.0,2110.0
2641871,2641872,23.0,1070428,2,2,2,4,1.0,40.0,1.0,16.0,4.0,611M1,13.0,22704.0,2110.0
2641872,2641873,58.0,1070429,1,2,0,3,2.0,40.0,1.0,-9.0,4.0,611M1,13.0,22715.0,2112.0
2641873,2641874,23.0,1070429,2,2,2,4,1.0,40.0,1.0,16.0,4.0,611M1,13.0,22715.0,2112.0
2641874,2641875,58.0,1070430,1,2,0,3,2.0,40.0,1.0,-9.0,4.0,611M1,13.0,22714.0,2112.0
2641875,2641876,23.0,1070430,2,2,2,4,1.0,40.0,1.0,16.0,4.0,611M1,13.0,22714.0,2112.0
2641876,2641877,58.0,1070431,1,2,0,3,2.0,40.0,1.0,-9.0,4.0,611M1,13.0,22699.0,2110.0
2641877,2641878,23.0,1070431,2,2,2,4,1.0,40.0,1.0,16.0,4.0,611M1,13.0,22699.0,2110.0
2641878,2641879,58.0,1070432,1,2,0,3,2.0,40.0,1.0,-9.0,4.0,611M1,13.0,22690.0,2110.0
2641879,2641880,23.0,1070432,2,2,2,4,1.0,40.0,1.0,16.0,4.0,611M1,13.0,22690.0,2110.0
2641880,2641881,58.0,1070433,1,2,0,3,2.0,40.0,1.0,-9.0,4.0,611M1,13.0,22717.0,2112.0
2641881,2641882,23.0,1070433,2,2,2,4,1.0,40.0,1.0,16.0,4.0,611M1,13.0,22717.0,2112.0
2641882,2641883,58.0,1070434,1,2,0,3,2.0,40.0,1.0,-9.0,4.0,611M1,13.0,22718.0,2112.0
2641883,2641884,23.0,1070434,2,2,2,4,1.0,40.0,1.0,16.0,4.0,611M1,13.0,22718.0,2112.0
2641884,2641885,58.0,1070435,1,2,0,3,2.0,40.0,1.0,-9.0,4.0,611M1,13.0,22682.0,2108.0
2641885,2641886,23.0,1070435,2,2,2,4,1.0,40.0,1.0,16.0,4.0,611M1,13.0,22682.0,2108.0
2641886,2641887,48.0,1070436,1,2,0,1,1.0,65.0,1.0,-9.0,4.0,5411,10.0,22718.0,2112.0
2641887,2641888,60.0,1070436,2,1,1,1,1.0,65.0,1.0,-9.0,4.0,23,2.0,22718.0,2112.0
2641888,2641889,67.0,1070436,3,2,6,1,6.0,-9.0,-9.0,-9.0,4.0,-9,0.0,22718.0,2112.0
2641889,2641890,64.0,1070437,1,2,0,1,1.0,45.0,1.0,-9.0,4.0,611M1,13.0,22699.0,2110.0
2641890,2641891,65.0,1070437,2,1,1,1,1.0,45.0,1.0,-9.0,4.0,611M1,13.0,22699.0,2110.0
2641891,2641892,64.0,1070438,1,2,0,1,1.0,40.0,4.0,-9.0,4.0,5411,10.0,22717.0,2112.0
2641892,2641893,69.0,1070438,2,1,13,1,1.0,30.0,1.0,-9.0,2.0,5411,10.0,22717.0,2112.0
2641893,2641894,55.0,1070439,1,2,0,1,1.0,45.0,1.0,-9.0,4.0,622M,15.0,22683.0,2108.0
2641894,2641895,52.0,1070439,2,2,12,1,1.0,32.0,1.0,-9.0,4.0,622M,15.0,22683.0,2108.0
2641895,2641896,64.0,1070440,1,1,0,1,1.0,35.0,4.0,-9.0,4.0,6211,14.0,22716.0,2112.0
2641896,2641897,61.0,1070440,2,2,1,1,1.0,25.0,4.0,-9.0,4.0,6211,14.0,22716.0,2112.0
2641897,2641898,54.0,1070441,1,1,0,1,1.0,40.0,1.0,-9.0,4.0,5418,10.0,22683.0,2108.0
2641898,2641899,50.0,1070441,2,2,1,1,1.0,40.0,1.0,-9.0,4.0,5418,10.0,22683.0,2108.0
2641899,2641900,52.0,1070442,1,2,0,1,1.0,60.0,1.0,-9.0,4.0,454110,5.0,22699.0,2110.0
2641900,2641901,60.0,1070442,2,1,1,1,1.0,25.0,3.0,-9.0,4.0,4411,5.0,22699.0,2110.0
2641901,2641902,52.0,1070443,1,2,0,1,1.0,60.0,1.0,-9.0,4.0,454110,5.0,22717.0,2112.0
2641902,2641903,60.0,1070443,2,1,1,1,1.0,25.0,3.0,-9.0,4.0,4411,5.0,22717.0,2112.0
2641903,2641904,64.0,1070444,1,1,0,1,1.0,50.0,1.0,-9.0,2.0,5411,10.0,22717.0,2112.0
2641904,2641905,69.0,1070444,2,2,1,1,6.0,-9.0,-9.0,-9.0,4.0,-9,0.0,22717.0,2112.0
2641905,2641906,53.0,1070445,1,1,0,1,1.0,40.0,2.0,-9.0,4.0,336M,3.0,22718.0,2112.0
2641906,2641907,69.0,1070445,2,1,1,1,6.0,-9.0,-9.0,-9.0,4.0,-9,0.0,22718.0,2112.0
2641907,2641908,53.0,1070446,1,1,0,1,1.0,40.0,2.0,-9.0,4.0,336M,3.0,22690.0,2110.0
2641908,2641909,69.0,1070446,2,1,1,1,6.0,-9.0,-9.0,-9.0,4.0,-9,0.0,22690.0,2110.0
2641909,2641910,53.0,1070447,1,1,0,1,1.0,40.0,2.0,-9.0,4.0,336M,3.0,22699.0,2110.0
2641910,2641911,69.0,1070447,2,1,1,1,6.0,-9.0,-9.0,-9.0,4.0,-9,0.0,22699.0,2110.0
2641911,2641912,53.0,1070448,1,1,0,1,1.0,40.0,2.0,-9.0,4.0,336M,3.0,22715.0,2112.0
2641912,2641913,69.0,1070448,2,1,1,1,6.0,-9.0,-9.0,-9.0,4.0,-9,0.0,22715.0,2112.0
2641913,2641914,53.0,1070449,1,1,0,1,1.0,40.0,2.0,-9.0,4.0,336M,3.0,22715.0,2112.0
2641914,2641915,69.0,1070449,2,1,1,1,6.0,-9.0,-9.0,-9.0,4.0,-9,0.0,22715.0,2112.0
2641915,2641916,53.0,1070450,1,1,0,1,1.0,40.0,2.0,-9.0,4.0,336M,3.0,22714.0,2112.0
2641916,2641917,69.0,1070450,2,1,1,1,6.0,-9.0,-9.0,-9.0,4.0,-9,0.0,22714.0,2112.0
2641917,2641918,53.0,1070451,1,1,0,1,1.0,40.0,2.0,-9.0,4.0,336M,3.0,22683.0,2108.0
2641918,2641919,69.0,1070451,2,1,1,1,6.0,-9.0,-9.0,-9.0,4.0,-9,0.0,22683.0,2108.0
2641919,2641920,53.0,1070452,1,1,0,1,1.0,40.0,2.0,-9.0,4.0,336M,3.0,22716.0,2112.0
2641920,2641921,69.0,1070452,2,1,1,1,6.0,-9.0,-9.0,-9.0,4.0,-9,0.0,22716.0,2112.0
2641921,2641922,53.0,1070453,1,1,0,1,1.0,40.0,2.0,-9.0,4.0,336M,3.0,22682.0,2108.0
2641922,2641923,69.0,1070453,2,1,1,1,6.0,-9.0,-9.0,-9.0,4.0,-9,0.0,22682.0,2108.0
2641923,2641924,53.0,1070454,1,1,0,1,1.0,40.0,2.0,-9.0,4.0,336M,3.0,22716.0,2112.0
2641924,2641925,69.0,1070454,2,1,1,1,6.0,-9.0,-9.0,-9.0,4.0,-9,0.0,22716.0,2112.0
2641925,2641926,53.0,1070455,1,1,0,1,1.0,40.0,2.0,-9.0,4.0,336M,3.0,22699.0,2110.0
2641926,2641927,69.0,1070455,2,1,1,1,6.0,-9.0,-9.0,-9.0,4.0,-9,0.0,22699.0,2110.0
2641927,2641928,53.0,1070456,1,1,0,1,1.0,40.0,2.0,-9.0,4.0,336M,3.0,22718.0,2112.0
2641928,2641929,69.0,1070456,2,1,1,1,6.0,-9.0,-9.0,-9.0,4.0,-9,0.0,22718.0,2112.0
2641929,2641930,53.0,1070457,1,1,0,1,1.0,40.0,2.0,-9.0,4.0,336M,3.0,22699.0,2110.0
2641930,2641931,69.0,1070457,2,1,1,1,6.0,-9.0,-9.0,-9.0,4.0,-9,0.0,22699.0,2110.0
2641931,2641932,52.0,1070458,1,1,0,1,1.0,50.0,1.0,-9.0,4.0,6241,14.0,22704.0,2110.0
2641932,2641933,52.0,1070459,1,1,0,1,1.0,50.0,1.0,-9.0,4.0,6241,14.0,22704.0,2110.0
2641933,2641934,62.0,1070460,1,1,0,1,1.0,50.0,1.0,-9.0,4.0,5416,10.0,22714.0,2112.0
2641934,2641935,62.0,1070461,1,1,0,1,1.0,50.0,1.0,-9.0,4.0,5416,10.0,22716.0,2112.0
2641935,2641936,62.0,1070462,1,1,0,1,1.0,50.0,1.0,-9.0,4.0,5416,10.0,22704.0,2110.0
2641936,2641937,63.0,1070463,1,1,0,1,1.0,40.0,1.0,-9.0,4.0,5413,10.0,22715.0,2112.0
2641937,2641938,62.0,1070464,1,1,0,1,1.0,50.0,1.0,-9.0,4.0,5416,10.0,22715.0,2112.0
2641938,2641939,62.0,1070465,1,1,0,1,1.0,50.0,1.0,-9.0,4.0,5416,10.0,22715.0,2112.0
2641939,2641940,60.0,1070466,1,1,0,1,1.0,30.0,1.0,-9.0,4.0,52M2,9.0,22683.0,2108.0
2641940,2641941,51.0,1070467,1,1,0,1,1.0,50.0,1.0,-9.0,4.0,4411,5.0,22682.0,2108.0
2641941,2641942,51.0,1070468,1,1,0,1,1.0,50.0,1.0,-9.0,4.0,4411,5.0,22719.0,2112.0
2641942,2641943,51.0,1070469,1,1,0,1,1.0,50.0,1.0,-9.0,4.0,4411,5.0,22715.0,2112.0
2641943,2641944,51.0,1070470,1,1,0,1,1.0,50.0,1.0,-9.0,4.0,4411,5.0,22715.0,2112.0
2641944,2641945,51.0,1070471,1,1,0,1,1.0,50.0,1.0,-9.0,4.0,4411,5.0,22704.0,2110.0
2641945,2641946,51.0,1070472,1,1,0,1,1.0,50.0,1.0,-9.0,4.0,4411,5.0,22716.0,2112.0
2641946,2641947,60.0,1070473,1,2,0,1,1.0,55.0,1.0,-9.0,4.0,8139Z,17.0,22715.0,2112.0
2641947,2641948,55.0,1070474,1,2,0,1,1.0,51.0,1.0,-9.0,4.0,81393,17.0,22690.0,2110.0
2641948,2641949,55.0,1070475,1,2,0,1,1.0,51.0,1.0,-9.0,4.0,81393,17.0,22718.0,2112.0
2641949,2641950,55.0,1070476,1,2,0,1,1.0,51.0,1.0,-9.0,4.0,81393,17.0,22715.0,2112.0
2641950,2641951,60.0,1070477,1,2,0,1,1.0,40.0,1.0,-9.0,4.0,622M,15.0,22715.0,2112.0
2641951,2641952,48.0,1070478,1,2,0,1,1.0,40.0,1.0,-9.0,4.0,5417,10.0,22690.0,2110.0
2641952,2641953,48.0,1070479,1,2,0,1,1.0,40.0,1.0,-9.0,4.0,5417,10.0,22718.0,2112.0
2641953,2641954,64.0,1070480,1,2,0,1,6.0,-9.0,-9.0,-9.0,4.0,-9,0.0,22699.0,2110.0
2641954,2641955,64.0,1070481,1,2,0,1,6.0,-9.0,-9.0,-9.0,4.0,-9,0.0,22704.0,2110.0
2641955,2641956,64.0,1070482,1,2,0,1,1.0,10.0,1.0,-9.0,4.0,5121,8.0,22719.0,2112.0
2641956,2641957,42.0,1070482,2,1,2,1,2.0,30.0,6.0,-9.0,4.0,23,2.0,22719.0,2112.0
2641957,2641958,87.0,1070482,3,2,6,1,6.0,-9.0,-9.0,-9.0,4.0,-9,0.0,22719.0,2112.0
2641958,2641959,62.0,1070483,1,1,0,1,6.0,-9.0,-9.0,-9.0,4.0,6212,14.0,22716.0,2112.0
2641959,2641960,65.0,1070483,2,2,1,1,1.0,40.0,1.0,-9.0,4.0,622M,15.0,22716.0,2112.0
2641960,2641961,52.0,1070484,1,2,0,1,1.0,48.0,1.0,-9.0,4.0,622M,15.0,22690.0,2110.0
2641961,2641962,53.0,1070485,1,1,0,1,1.0,40.0,1.0,-9.0,4.0,611M1,13.0,22717.0,2112.0
2641962,2641963,63.0,1070486,1,2,0,1,6.0,-9.0,-9.0,-9.0,4.0,-9,0.0,22704.0,2110.0
2641963,2641964,66.0,1070486,2,1,1,1,6.0,-9.0,-9.0,-9.0,4.0,-9,0.0,22704.0,2110.0
2641964,2641965,63.0,1070487,1,2,0,1,6.0,-9.0,-9.0,-9.0,4.0,-9,0.0,22690.0,2110.0
2641965,2641966,66.0,1070487,2,1,1,1,6.0,-9.0,-9.0,-9.0,4.0,-9,0.0,22690.0,2110.0
2641966,2641967,63.0,1070488,1,2,0,1,6.0,-9.0,-9.0,-9.0,4.0,-9,0.0,22718.0,2112.0
2641967,2641968,66.0,1070488,2,1,1,1,6.0,-9.0,-9.0,-9.0,4.0,-9,0.0,22718.0,2112.0
2641968,2641969,63.0,1070489,1,2,0,1,6.0,-9.0,-9.0,-9.0,4.0,-9,0.0,22719.0,2112.0
2641969,2641970,66.0,1070489,2,1,1,1,6.0,-9.0,-9.0,-9.0,4.0,-9,0.0,22719.0,2112.0
2641970,2641971,63.0,1070490,1,2,0,1,6.0,-9.0,-9.0,-9.0,4.0,-9,0.0,22714.0,2112.0
2641971,2641972,66.0,1070490,2,1,1,1,6.0,-9.0,-9.0,-9.0,4.0,-9,0.0,22714.0,2112.0
2641972,2641973,63.0,1070491,1,2,0,1,6.0,-9.0,-9.0,-9.0,4.0,-9,0.0,22704.0,2110.0
2641973,2641974,66.0,1070491,2,1,1,1,6.0,-9.0,-9.0,-9.0,4.0,-9,0.0,22704.0,2110.0
2641974,2641975,63.0,1070492,1,2,0,1,6.0,-9.0,-9.0,-9.0,4.0,-9,0.0,22716.0,2112.0
2641975,2641976,66.0,1070492,2,1,1,1,6.0,-9.0,-9.0,-9.0,4.0,-9,0.0,22716.0,2112.0
2641976,2641977,63.0,1070493,1,2,0,1,6.0,-9.0,-9.0,-9.0,4.0,-9,0.0,22682.0,2108.0
2641977,2641978,66.0,1070493,2,1,1,1,6.0,-9.0,-9.0,-9.0,4.0,-9,0.0,22682.0,2108.0
2641978,2641979,63.0,1070494,1,2,0,1,6.0,-9.0,-9.0,-9.0,4.0,-9,0.0,22716.0,2112.0
2641979,2641980,66.0,1070494,2,1,1,1,6.0,-9.0,-9.0,-9.0,4.0,-9,0.0,22716.0,2112.0
2641980,2641981,63.0,1070495,1,2,0,1,6.0,-9.0,-9.0,-9.0,4.0,-9,0.0,22704.0,2110.0
2641981,2641982,66.0,1070495,2,1,1,1,6.0,-9.0,-9.0,-9.0,4.0,-9,0.0,22704.0,2110.0
2641982,2641983,63.0,1070496,1,2,0,1,6.0,-9.0,-9.0,-9.0,4.0,-9,0.0,22704.0,2110.0
2641983,2641984,66.0,1070496,2,1,1,1,6.0,-9.0,-9.0,-9.0,4.0,-9,0.0,22704.0,2110.0
2641984,2641985,63.0,1070497,1,2,0,1,6.0,-9.0,-9.0,-9.0,4.0,-9,0.0,22718.0,2112.0
2641985,2641986,66.0,1070497,2,1,1,1,6.0,-9.0,-9.0,-9.0,4.0,-9,0.0,22718.0,2112.0
2641986,2641987,63.0,1070498,1,2,0,1,6.0,-9.0,-9.0,-9.0,4.0,-9,0.0,22682.0,2108.0
2641987,2641988,66.0,1070498,2,1,1,1,6.0,-9.0,-9.0,-9.0,4.0,-9,0.0,22682.0,2108.0
2641988,2641989,63.0,1070499,1,2,0,1,6.0,-9.0,-9.0,-9.0,4.0,-9,0.0,22704.0,2110.0
2641989,2641990,66.0,1070499,2,1,1,1,6.0,-9.0,-9.0,-9.0,4.0,-9,0.0,22704.0,2110.0
2641990,2641991,63.0,1070500,1,2,0,1,6.0,-9.0,-9.0,-9.0,4.0,-9,0.0,22704.0,2110.0
2641991,2641992,66.0,1070500,2,1,1,1,6.0,-9.0,-9.0,-9.0,4.0,-9,0.0,22704.0,2110.0
2641992,2641993,63.0,1070501,1,2,0,1,6.0,-9.0,-9.0,-9.0,4.0,-9,0.0,22718.0,2112.0
2641993,2641994,66.0,1070501,2,1,1,1,6.0,-9.0,-9.0,-9.0,4.0,-9,0.0,22718.0,2112.0
2641994,2641995,63.0,1070502,1,2,0,1,6.0,-9.0,-9.0,-9.0,4.0,-9,0.0,22718.0,2112.0
2641995,2641996,66.0,1070502,2,1,1,1,6.0,-9.0,-9.0,-9.0,4.0,-9,0.0,22718.0,2112.0
2641996,2641997,63.0,1070503,1,2,0,1,6.0,-9.0,-9.0,-9.0,4.0,-9,0.0,22715.0,2112.0
2641997,2641998,66.0,1070503,2,1,1,1,6.0,-9.0,-9.0,-9.0,4.0,-9,0.0,22715.0,2112.0
2641998,2641999,63.0,1070504,1,2,0,1,6.0,-9.0,-9.0,-9.0,4.0,-9,0.0,22716.0,2112.0
2641999,2642000,66.0,1070504,2,1,1,1,6.0,-9.0,-9.0,-9.0,4.0,-9,0.0,22716.0,2112.0
2642000,2642001,63.0,1070505,1,2,0,1,6.0,-9.0,-9.0,-9.0,4.0,-9,0.0,22715.0,2112.0
2642001,2642002,66.0,1070505,2,1,1,1,6.0,-9.0,-9.0,-9.0,4.0,-9,0.0,22715.0,2112.0
2642002,2642003,63.0,1070506,1,2,0,1,6.0,-9.0,-9.0,-9.0,4.0,-9,0.0,22717.0,2112.0
2642003,2642004,66.0,1070506,2,1,1,1,6.0,-9.0,-9.0,-9.0,4.0,-9,0.0,22717.0,2112.0
2642004,2642005,63.0,1070507,1,2,0,1,6.0,-9.0,-9.0,-9.0,4.0,-9,0.0,22715.0,2112.0
2642005,2642006,66.0,1070507,2,1,1,1,6.0,-9.0,-9.0,-9.0,4.0,-9,0.0,22715.0,2112.0
2642006,2642007,61.0,1070508,1,2,0,1,1.0,30.0,1.0,-9.0,4.0,622M,15.0,22699.0,2110.0
2642007,2642008,60.0,1070509,1,2,0,1,2.0,50.0,1.0,-9.0,4.0,611M1,13.0,22715.0,2112.0
2642008,2642009,52.0,1070510,1,2,0,1,1.0,40.0,1.0,-9.0,4.0,6111,13.0,22699.0,2110.0
2642009,2642010,53.0,1070511,1,2,0,1,1.0,40.0,1.0,-9.0,4.0,5613,12.0,22719.0,2112.0
2642010,2642011,53.0,1070512,1,2,0,1,1.0,40.0,1.0,-9.0,4.0,5613,12.0,22718.0,2112.0
2642011,2642012,63.0,1070513,1,2,0,1,1.0,40.0,1.0,-9.0,4.0,55,11.0,22718.0,2112.0
2642012,2642013,53.0,1070514,1,2,0,1,1.0,40.0,1.0,-9.0,4.0,5613,12.0,22704.0,2110.0
2642013,2642014,53.0,1070515,1,2,0,1,1.0,40.0,1.0,-9.0,4.0,5613,12.0,22704.0,2110.0
2642014,2642015,55.0,1070516,1,2,0,1,1.0,40.0,1.0,-9.0,4.0,51912,8.0,22716.0,2112.0
2642015,2642016,55.0,1070517,1,2,0,1,1.0,40.0,1.0,-9.0,4.0,51912,8.0,22699.0,2110.0
2642016,2642017,45.0,1070518,1,2,0,1,1.0,45.0,1.0,-9.0,4.0,2211P,7.0,22716.0,2112.0
2642017,2642018,45.0,1070519,1,2,0,1,1.0,45.0,1.0,-9.0,4.0,2211P,7.0,22704.0,2110.0
2642018,2642019,56.0,1070520,1,2,0,1,1.0,40.0,2.0,-9.0,4.0,3327,3.0,22682.0,2108.0
2642019,2642020,48.0,1070521,1,1,0,1,1.0,42.0,1.0,-9.0,4.0,8131,17.0,22704.0,2110.0
2642020,2642021,48.0,1070522,1,1,0,1,1.0,42.0,1.0,-9.0,4.0,8131,17.0,22719.0,2112.0
2642021,2642022,48.0,1070523,1,1,0,1,1.0,42.0,1.0,-9.0,4.0,8131,17.0,22716.0,2112.0
2642022,2642023,48.0,1070524,1,1,0,1,1.0,42.0,1.0,-9.0,4.0,8131,17.0,22714.0,2112.0
2642023,2642024,48.0,1070525,1,1,0,1,1.0,42.0,1.0,-9.0,4.0,8131,17.0,22690.0,2110.0
2642024,2642025,55.0,1070526,1,1,0,1,1.0,50.0,1.0,15.0,4.0,611M1,13.0,22715.0,2112.0
2642025,2642026,55.0,1070527,1,1,0,1,1.0,50.0,1.0,15.0,4.0,611M1,13.0,22719.0,2112.0
2642026,2642027,54.0,1070528,1,1,0,1,1.0,45.0,1.0,-9.0,2.0,5417,10.0,22690.0,2110.0
2642027,2642028,54.0,1070529,1,1,0,1,1.0,45.0,1.0,-9.0,2.0,5417,10.0,22714.0,2112.0
2642028,2642029,54.0,1070530,1,1,0,1,1.0,45.0,1.0,-9.0,2.0,5417,10.0,22715.0,2112.0
2642029,2642030,57.0,1070531,1,1,0,1,1.0,50.0,1.0,-9.0,4.0,5182,8.0,22716.0,2112.0
2642030,2642031,57.0,1070532,1,1,0,1,1.0,50.0,1.0,-9.0,4.0,5182,8.0,22715.0,2112.0
2642031,2642032,57.0,1070533,1,1,0,1,1.0,50.0,1.0,-9.0,4.0,5182,8.0,22704.0,2110.0
2642032,2642033,45.0,1070534,1,1,0,1,1.0,40.0,1.0,-9.0,4.0,336M,3.0,22704.0,2110.0
2642033,2642034,45.0,1070535,1,1,0,1,1.0,40.0,1.0,-9.0,4.0,336M,3.0,22704.0,2110.0
2642034,2642035,64.0,1070536,1,2,0,1,1.0,44.0,1.0,-9.0,4.0,623M,14.0,22715.0,2112.0
2642035,2642036,61.0,1070537,1,2,0,1,6.0,-9.0,-9.0,-9.0,4.0,-9,0.0,22704.0,2110.0
2642036,2642037,68.0,1070537,2,1,1,1,6.0,-9.0,-9.0,-9.0,4.0,-9,0.0,22704.0,2110.0
2642037,2642038,45.0,1070538,1,2,0,1,6.0,-9.0,-9.0,-9.0,4.0,-9,0.0,22704.0,2110.0
2642038,2642039,56.0,1070539,1,1,0,1,1.0,40.0,1.0,-9.0,4.0,3345,3.0,22699.0,2110.0
2642039,2642040,42.0,1070539,2,2,1,1,6.0,-9.0,-9.0,-9.0,4.0,-9,0.0,22699.0,2110.0
2642040,2642041,14.0,1070539,3,2,2,1,-9.0,-9.0,-9.0,11.0,-9.0,-9,0.0,22699.0,2110.0
2642041,2642042,6.0,1070539,4,1,2,1,-9.0,-9.0,-9.0,2.0,-9.0,-9,0.0,22699.0,2110.0
2642042,2642043,69.0,1070539,5,2,8,1,6.0,-9.0,-9.0,-9.0,4.0,-9,0.0,22699.0,2110.0
2642043,2642044,52.0,1070540,1,2,0,1,2.0,50.0,2.0,-9.0,4.0,611M1,13.0,22714.0,2112.0
2642044,2642045,16.0,1070540,2,2,14,3,6.0,-9.0,-9.0,13.0,-9.0,-9,0.0,22714.0,2112.0
2642045,2642046,54.0,1070541,1,1,0,1,1.0,50.0,4.0,-9.0,4.0,8131,17.0,22690.0,2110.0
2642046,2642047,46.0,1070541,2,2,1,1,6.0,-9.0,-9.0,-9.0,4.0,-9,0.0,22690.0,2110.0
2642047,2642048,22.0,1070541,3,1,2,1,1.0,40.0,1.0,-9.0,4.0,8131,17.0,22690.0,2110.0
2642048,2642049,17.0,1070541,4,1,2,1,1.0,25.0,6.0,13.0,4.0,722Z,16.0,22690.0,2110.0
2642049,2642050,17.0,1070541,5,1,2,1,6.0,40.0,6.0,12.0,4.0,721M,16.0,22690.0,2110.0
2642050,2642051,14.0,1070541,6,2,2,1,-9.0,-9.0,-9.0,11.0,-9.0,-9,0.0,22690.0,2110.0
2642051,2642052,13.0,1070541,7,2,2,1,-9.0,-9.0,-9.0,9.0,-9.0,-9,0.0,22690.0,2110.0
2642052,2642053,10.0,1070541,8,1,2,1,-9.0,-9.0,-9.0,6.0,-9.0,-9,0.0,22690.0,2110.0
2642053,2642054,9.0,1070541,9,1,2,1,-9.0,-9.0,-9.0,7.0,-9.0,-9,0.0,22690.0,2110.0
2642054,2642055,5.0,1070541,10,2,2,1,-9.0,-9.0,-9.0,-9.0,-9.0,-9,0.0,22690.0,2110.0
2642055,2642056,4.0,1070541,11,1,2,1,-9.0,-9.0,-9.0,-9.0,-9.0,-9,0.0,22690.0,2110.0
2642056,2642057,20.0,1070541,12,2,3,2,1.0,25.0,6.0,-9.0,4.0,722Z,16.0,22690.0,2110.0
2642057,2642058,64.0,1070542,1,1,0,1,6.0,-9.0,-9.0,-9.0,4.0,4411,5.0,22690.0,2110.0
2642058,2642059,68.0,1070542,2,2,1,1,6.0,-9.0,-9.0,-9.0,4.0,-9,0.0,22690.0,2110.0
2642059,2642060,47.0,1070542,3,2,4,1,1.0,40.0,1.0,-9.0,4.0,4244,4.0,22690.0,2110.0
2642060,2642061,17.0,1070542,4,2,7,1,1.0,24.0,6.0,13.0,4.0,44511,5.0,22690.0,2110.0
2642061,2642062,6.0,1070542,5,2,7,1,-9.0,-9.0,-9.0,2.0,-9.0,-9,0.0,22690.0,2110.0
2642062,2642063,64.0,1070543,1,1,0,1,6.0,-9.0,-9.0,-9.0,4.0,4411,5.0,22690.0,2110.0
2642063,2642064,68.0,1070543,2,2,1,1,6.0,-9.0,-9.0,-9.0,4.0,-9,0.0,22690.0,2110.0
2642064,2642065,47.0,1070543,3,2,4,1,1.0,40.0,1.0,-9.0,4.0,4244,4.0,22690.0,2110.0
2642065,2642066,17.0,1070543,4,2,7,1,1.0,24.0,6.0,13.0,4.0,44511,5.0,22690.0,2110.0
2642066,2642067,6.0,1070543,5,2,7,1,-9.0,-9.0,-9.0,2.0,-9.0,-9,0.0,22690.0,2110.0
2642067,2642068,64.0,1070544,1,1,0,1,6.0,-9.0,-9.0,-9.0,4.0,4411,5.0,22715.0,2112.0
2642068,2642069,68.0,1070544,2,2,1,1,6.0,-9.0,-9.0,-9.0,4.0,-9,0.0,22715.0,2112.0
2642069,2642070,47.0,1070544,3,2,4,1,1.0,40.0,1.0,-9.0,4.0,4244,4.0,22715.0,2112.0
2642070,2642071,17.0,1070544,4,2,7,1,1.0,24.0,6.0,13.0,4.0,44511,5.0,22715.0,2112.0
2642071,2642072,6.0,1070544,5,2,7,1,-9.0,-9.0,-9.0,2.0,-9.0,-9,0.0,22715.0,2112.0
2642072,2642073,40.0,1070545,1,1,0,4,1.0,20.0,1.0,-9.0,4.0,611M1,13.0,22718.0,2112.0
2642073,2642074,40.0,1070546,1,1,0,4,1.0,20.0,1.0,-9.0,4.0,611M1,13.0,22718.0,2112.0
2642074,2642075,25.0,1070547,1,1,0,4,3.0,8.0,6.0,-9.0,4.0,722Z,16.0,22715.0,2112.0
2642075,2642076,24.0,1070547,2,1,12,3,1.0,40.0,1.0,-9.0,4.0,722Z,16.0,22715.0,2112.0
2642076,2642077,23.0,1070547,3,1,12,1,1.0,40.0,1.0,-9.0,4.0,722Z,16.0,22715.0,2112.0
2642077,2642078,22.0,1070547,4,2,12,1,1.0,40.0,1.0,-9.0,4.0,722Z,16.0,22715.0,2112.0
2642078,2642079,25.0,1070548,1,1,0,4,3.0,8.0,6.0,-9.0,4.0,722Z,16.0,22690.0,2110.0
2642079,2642080,24.0,1070548,2,1,12,3,1.0,40.0,1.0,-9.0,4.0,722Z,16.0,22690.0,2110.0
2642080,2642081,23.0,1070548,3,1,12,1,1.0,40.0,1.0,-9.0,4.0,722Z,16.0,22690.0,2110.0
2642081,2642082,22.0,1070548,4,2,12,1,1.0,40.0,1.0,-9.0,4.0,722Z,16.0,22690.0,2110.0
2642082,2642083,25.0,1070549,1,1,0,4,3.0,8.0,6.0,-9.0,4.0,722Z,16.0,22716.0,2112.0
2642083,2642084,24.0,1070549,2,1,12,3,1.0,40.0,1.0,-9.0,4.0,722Z,16.0,22716.0,2112.0
2642084,2642085,23.0,1070549,3,1,12,1,1.0,40.0,1.0,-9.0,4.0,722Z,16.0,22716.0,2112.0
2642085,2642086,22.0,1070549,4,2,12,1,1.0,40.0,1.0,-9.0,4.0,722Z,16.0,22716.0,2112.0
2642086,2642087,25.0,1070550,1,1,0,4,3.0,8.0,6.0,-9.0,4.0,722Z,16.0,22714.0,2112.0
2642087,2642088,24.0,1070550,2,1,12,3,1.0,40.0,1.0,-9.0,4.0,722Z,16.0,22714.0,2112.0
2642088,2642089,23.0,1070550,3,1,12,1,1.0,40.0,1.0,-9.0,4.0,722Z,16.0,22714.0,2112.0
2642089,2642090,22.0,1070550,4,2,12,1,1.0,40.0,1.0,-9.0,4.0,722Z,16.0,22714.0,2112.0
2642090,2642091,25.0,1070551,1,1,0,4,3.0,8.0,6.0,-9.0,4.0,722Z,16.0,22718.0,2112.0
2642091,2642092,24.0,1070551,2,1,12,3,1.0,40.0,1.0,-9.0,4.0,722Z,16.0,22718.0,2112.0
2642092,2642093,23.0,1070551,3,1,12,1,1.0,40.0,1.0,-9.0,4.0,722Z,16.0,22718.0,2112.0
2642093,2642094,22.0,1070551,4,2,12,1,1.0,40.0,1.0,-9.0,4.0,722Z,16.0,22718.0,2112.0
2642094,2642095,25.0,1070552,1,1,0,4,3.0,8.0,6.0,-9.0,4.0,722Z,16.0,22714.0,2112.0
2642095,2642096,24.0,1070552,2,1,12,3,1.0,40.0,1.0,-9.0,4.0,722Z,16.0,22714.0,2112.0
2642096,2642097,23.0,1070552,3,1,12,1,1.0,40.0,1.0,-9.0,4.0,722Z,16.0,22714.0,2112.0
2642097,2642098,22.0,1070552,4,2,12,1,1.0,40.0,1.0,-9.0,4.0,722Z,16.0,22714.0,2112.0
2642098,2642099,25.0,1070553,1,1,0,4,3.0,8.0,6.0,-9.0,4.0,722Z,16.0,22717.0,2112.0
2642099,2642100,24.0,1070553,2,1,12,3,1.0,40.0,1.0,-9.0,4.0,722Z,16.0,22717.0,2112.0
2642100,2642101,23.0,1070553,3,1,12,1,1.0,40.0,1.0,-9.0,4.0,722Z,16.0,22717.0,2112.0
2642101,2642102,22.0,1070553,4,2,12,1,1.0,40.0,1.0,-9.0,4.0,722Z,16.0,22717.0,2112.0
2642102,2642103,25.0,1070554,1,1,0,4,3.0,8.0,6.0,-9.0,4.0,722Z,16.0,22704.0,2110.0
2642103,2642104,24.0,1070554,2,1,12,3,1.0,40.0,1.0,-9.0,4.0,722Z,16.0,22704.0,2110.0
2642104,2642105,23.0,1070554,3,1,12,1,1.0,40.0,1.0,-9.0,4.0,722Z,16.0,22704.0,2110.0
2642105,2642106,22.0,1070554,4,2,12,1,1.0,40.0,1.0,-9.0,4.0,722Z,16.0,22704.0,2110.0
2642106,2642107,25.0,1070555,1,1,0,4,3.0,8.0,6.0,-9.0,4.0,722Z,16.0,22682.0,2108.0
2642107,2642108,24.0,1070555,2,1,12,3,1.0,40.0,1.0,-9.0,4.0,722Z,16.0,22682.0,2108.0
2642108,2642109,23.0,1070555,3,1,12,1,1.0,40.0,1.0,-9.0,4.0,722Z,16.0,22682.0,2108.0
2642109,2642110,22.0,1070555,4,2,12,1,1.0,40.0,1.0,-9.0,4.0,722Z,16.0,22682.0,2108.0
2642110,2642111,25.0,1070556,1,1,0,4,3.0,8.0,6.0,-9.0,4.0,722Z,16.0,22717.0,2112.0
2642111,2642112,24.0,1070556,2,1,12,3,1.0,40.0,1.0,-9.0,4.0,722Z,16.0,22717.0,2112.0
2642112,2642113,23.0,1070556,3,1,12,1,1.0,40.0,1.0,-9.0,4.0,722Z,16.0,22717.0,2112.0
2642113,2642114,22.0,1070556,4,2,12,1,1.0,40.0,1.0,-9.0,4.0,722Z,16.0,22717.0,2112.0
2642114,2642115,25.0,1070557,1,1,0,4,3.0,8.0,6.0,-9.0,4.0,722Z,16.0,22719.0,2112.0
2642115,2642116,24.0,1070557,2,1,12,3,1.0,40.0,1.0,-9.0,4.0,722Z,16.0,22719.0,2112.0
2642116,2642117,23.0,1070557,3,1,12,1,1.0,40.0,1.0,-9.0,4.0,722Z,16.0,22719.0,2112.0
2642117,2642118,22.0,1070557,4,2,12,1,1.0,40.0,1.0,-9.0,4.0,722Z,16.0,22719.0,2112.0
2642118,2642119,25.0,1070558,1,1,0,4,3.0,8.0,6.0,-9.0,4.0,722Z,16.0,22719.0,2112.0
2642119,2642120,24.0,1070558,2,1,12,3,1.0,40.0,1.0,-9.0,4.0,722Z,16.0,22719.0,2112.0
2642120,2642121,23.0,1070558,3,1,12,1,1.0,40.0,1.0,-9.0,4.0,722Z,16.0,22719.0,2112.0
2642121,2642122,22.0,1070558,4,2,12,1,1.0,40.0,1.0,-9.0,4.0,722Z,16.0,22719.0,2112.0
2642122,2642123,25.0,1070559,1,1,0,4,3.0,8.0,6.0,-9.0,4.0,722Z,16.0,22715.0,2112.0
2642123,2642124,24.0,1070559,2,1,12,3,1.0,40.0,1.0,-9.0,4.0,722Z,16.0,22715.0,2112.0
2642124,2642125,23.0,1070559,3,1,12,1,1.0,40.0,1.0,-9.0,4.0,722Z,16.0,22715.0,2112.0
2642125,2642126,22.0,1070559,4,2,12,1,1.0,40.0,1.0,-9.0,4.0,722Z,16.0,22715.0,2112.0
2642126,2642127,25.0,1070560,1,1,0,4,3.0,8.0,6.0,-9.0,4.0,722Z,16.0,22714.0,2112.0
2642127,2642128,24.0,1070560,2,1,12,3,1.0,40.0,1.0,-9.0,4.0,722Z,16.0,22714.0,2112.0
2642128,2642129,23.0,1070560,3,1,12,1,1.0,40.0,1.0,-9.0,4.0,722Z,16.0,22714.0,2112.0
2642129,2642130,22.0,1070560,4,2,12,1,1.0,40.0,1.0,-9.0,4.0,722Z,16.0,22714.0,2112.0
2642130,2642131,25.0,1070561,1,1,0,4,3.0,8.0,6.0,-9.0,4.0,722Z,16.0,22683.0,2108.0
2642131,2642132,24.0,1070561,2,1,12,3,1.0,40.0,1.0,-9.0,4.0,722Z,16.0,22683.0,2108.0
2642132,2642133,23.0,1070561,3,1,12,1,1.0,40.0,1.0,-9.0,4.0,722Z,16.0,22683.0,2108.0
2642133,2642134,22.0,1070561,4,2,12,1,1.0,40.0,1.0,-9.0,4.0,722Z,16.0,22683.0,2108.0
2642134,2642135,25.0,1070562,1,1,0,4,3.0,8.0,6.0,-9.0,4.0,722Z,16.0,22716.0,2112.0
2642135,2642136,24.0,1070562,2,1,12,3,1.0,40.0,1.0,-9.0,4.0,722Z,16.0,22716.0,2112.0
2642136,2642137,23.0,1070562,3,1,12,1,1.0,40.0,1.0,-9.0,4.0,722Z,16.0,22716.0,2112.0
2642137,2642138,22.0,1070562,4,2,12,1,1.0,40.0,1.0,-9.0,4.0,722Z,16.0,22716.0,2112.0
2642138,2642139,25.0,1070563,1,1,0,4,3.0,8.0,6.0,-9.0,4.0,722Z,16.0,22719.0,2112.0
2642139,2642140,24.0,1070563,2,1,12,3,1.0,40.0,1.0,-9.0,4.0,722Z,16.0,22719.0,2112.0
2642140,2642141,23.0,1070563,3,1,12,1,1.0,40.0,1.0,-9.0,4.0,722Z,16.0,22719.0,2112.0
2642141,2642142,22.0,1070563,4,2,12,1,1.0,40.0,1.0,-9.0,4.0,722Z,16.0,22719.0,2112.0
2642142,2642143,25.0,1070564,1,1,0,4,3.0,8.0,6.0,-9.0,4.0,722Z,16.0,22716.0,2112.0
2642143,2642144,24.0,1070564,2,1,12,3,1.0,40.0,1.0,-9.0,4.0,722Z,16.0,22716.0,2112.0
2642144,2642145,23.0,1070564,3,1,12,1,1.0,40.0,1.0,-9.0,4.0,722Z,16.0,22716.0,2112.0
2642145,2642146,22.0,1070564,4,2,12,1,1.0,40.0,1.0,-9.0,4.0,722Z,16.0,22716.0,2112.0
2642146,2642147,25.0,1070565,1,1,0,4,3.0,8.0,6.0,-9.0,4.0,722Z,16.0,22717.0,2112.0
2642147,2642148,24.0,1070565,2,1,12,3,1.0,40.0,1.0,-9.0,4.0,722Z,16.0,22717.0,2112.0
2642148,2642149,23.0,1070565,3,1,12,1,1.0,40.0,1.0,-9.0,4.0,722Z,16.0,22717.0,2112.0
2642149,2642150,22.0,1070565,4,2,12,1,1.0,40.0,1.0,-9.0,4.0,722Z,16.0,22717.0,2112.0
2642150,2642151,37.0,1070566,1,1,0,4,1.0,42.0,1.0,15.0,4.0,713Z,16.0,22714.0,2112.0
2642151,2642152,38.0,1070566,2,1,13,1,1.0,40.0,1.0,-9.0,4.0,45221,5.0,22714.0,2112.0
2642152,2642153,38.0,1070567,1,2,0,4,1.0,70.0,4.0,-9.0,4.0,522M,9.0,22718.0,2112.0
2642153,2642154,35.0,1070568,1,2,0,4,1.0,18.0,1.0,-9.0,4.0,6214,14.0,22682.0,2108.0
2642154,2642155,35.0,1070568,2,1,1,1,1.0,50.0,1.0,-9.0,4.0,5415,10.0,22682.0,2108.0
2642155,2642156,2.0,1070568,3,1,2,4,-9.0,-9.0,-9.0,-9.0,-9.0,-9,0.0,22682.0,2108.0
2642156,2642157,26.0,1070569,1,1,0,4,6.0,-9.0,-9.0,16.0,4.0,-9,0.0,22718.0,2112.0
2642157,2642158,25.0,1070569,2,2,1,4,6.0,-9.0,-9.0,15.0,4.0,-9,0.0,22718.0,2112.0
2642158,2642159,1.0,1070569,3,1,2,1,-9.0,-9.0,-9.0,-9.0,-9.0,-9,0.0,22718.0,2112.0
2642159,2642160,26.0,1070570,1,1,0,4,6.0,-9.0,-9.0,16.0,4.0,-9,0.0,22718.0,2112.0
2642160,2642161,25.0,1070570,2,2,1,4,6.0,-9.0,-9.0,15.0,4.0,-9,0.0,22718.0,2112.0
2642161,2642162,1.0,1070570,3,1,2,1,-9.0,-9.0,-9.0,-9.0,-9.0,-9,0.0,22718.0,2112.0
2642162,2642163,32.0,1070571,1,2,0,2,1.0,20.0,1.0,-9.0,4.0,8131,17.0,22682.0,2108.0
2642163,2642164,29.0,1070571,2,1,1,1,1.0,40.0,1.0,-9.0,3.0,8131,17.0,22682.0,2108.0
2642164,2642165,3.0,1070571,3,1,2,4,-9.0,-9.0,-9.0,-9.0,-9.0,-9,0.0,22682.0,2108.0
2642165,2642166,32.0,1070572,1,2,0,2,1.0,20.0,1.0,-9.0,4.0,8131,17.0,22683.0,2108.0
2642166,2642167,29.0,1070572,2,1,1,1,1.0,40.0,1.0,-9.0,3.0,8131,17.0,22683.0,2108.0
2642167,2642168,3.0,1070572,3,1,2,4,-9.0,-9.0,-9.0,-9.0,-9.0,-9,0.0,22683.0,2108.0
2642168,2642169,32.0,1070573,1,2,0,2,1.0,20.0,1.0,-9.0,4.0,8131,17.0,22699.0,2110.0
2642169,2642170,29.0,1070573,2,1,1,1,1.0,40.0,1.0,-9.0,3.0,8131,17.0,22699.0,2110.0
2642170,2642171,3.0,1070573,3,1,2,4,-9.0,-9.0,-9.0,-9.0,-9.0,-9,0.0,22699.0,2110.0
2642171,2642172,32.0,1070574,1,2,0,2,1.0,20.0,1.0,-9.0,4.0,8131,17.0,22683.0,2108.0
2642172,2642173,29.0,1070574,2,1,1,1,1.0,40.0,1.0,-9.0,3.0,8131,17.0,22683.0,2108.0
2642173,2642174,3.0,1070574,3,1,2,4,-9.0,-9.0,-9.0,-9.0,-9.0,-9,0.0,22683.0,2108.0
2642174,2642175,32.0,1070575,1,2,0,2,1.0,20.0,1.0,-9.0,4.0,8131,17.0,22714.0,2112.0
2642175,2642176,29.0,1070575,2,1,1,1,1.0,40.0,1.0,-9.0,3.0,8131,17.0,22714.0,2112.0
2642176,2642177,3.0,1070575,3,1,2,4,-9.0,-9.0,-9.0,-9.0,-9.0,-9,0.0,22714.0,2112.0
2642177,2642178,32.0,1070576,1,2,0,2,1.0,20.0,1.0,-9.0,4.0,8131,17.0,22716.0,2112.0
2642178,2642179,29.0,1070576,2,1,1,1,1.0,40.0,1.0,-9.0,3.0,8131,17.0,22716.0,2112.0
2642179,2642180,3.0,1070576,3,1,2,4,-9.0,-9.0,-9.0,-9.0,-9.0,-9,0.0,22716.0,2112.0
2642180,2642181,32.0,1070577,1,2,0,2,1.0,20.0,1.0,-9.0,4.0,8131,17.0,22715.0,2112.0
2642181,2642182,29.0,1070577,2,1,1,1,1.0,40.0,1.0,-9.0,3.0,8131,17.0,22715.0,2112.0
2642182,2642183,3.0,1070577,3,1,2,4,-9.0,-9.0,-9.0,-9.0,-9.0,-9,0.0,22715.0,2112.0
2642183,2642184,32.0,1070578,1,2,0,2,1.0,20.0,1.0,-9.0,4.0,8131,17.0,22682.0,2108.0
2642184,2642185,29.0,1070578,2,1,1,1,1.0,40.0,1.0,-9.0,3.0,8131,17.0,22682.0,2108.0
2642185,2642186,3.0,1070578,3,1,2,4,-9.0,-9.0,-9.0,-9.0,-9.0,-9,0.0,22682.0,2108.0
2642186,2642187,32.0,1070579,1,2,0,2,1.0,20.0,1.0,-9.0,4.0,8131,17.0,22714.0,2112.0
2642187,2642188,29.0,1070579,2,1,1,1,1.0,40.0,1.0,-9.0,3.0,8131,17.0,22714.0,2112.0
2642188,2642189,3.0,1070579,3,1,2,4,-9.0,-9.0,-9.0,-9.0,-9.0,-9,0.0,22714.0,2112.0
2642189,2642190,32.0,1070580,1,2,0,2,1.0,20.0,1.0,-9.0,4.0,8131,17.0,22717.0,2112.0
2642190,2642191,29.0,1070580,2,1,1,1,1.0,40.0,1.0,-9.0,3.0,8131,17.0,22717.0,2112.0
2642191,2642192,3.0,1070580,3,1,2,4,-9.0,-9.0,-9.0,-9.0,-9.0,-9,0.0,22717.0,2112.0
2642192,2642193,32.0,1070581,1,2,0,2,1.0,20.0,1.0,-9.0,4.0,8131,17.0,22714.0,2112.0
2642193,2642194,29.0,1070581,2,1,1,1,1.0,40.0,1.0,-9.0,3.0,8131,17.0,22714.0,2112.0
2642194,2642195,3.0,1070581,3,1,2,4,-9.0,-9.0,-9.0,-9.0,-9.0,-9,0.0,22714.0,2112.0
2642195,2642196,32.0,1070582,1,2,0,2,1.0,20.0,1.0,-9.0,4.0,8131,17.0,22719.0,2112.0
2642196,2642197,29.0,1070582,2,1,1,1,1.0,40.0,1.0,-9.0,3.0,8131,17.0,22719.0,2112.0
2642197,2642198,3.0,1070582,3,1,2,4,-9.0,-9.0,-9.0,-9.0,-9.0,-9,0.0,22719.0,2112.0
2642198,2642199,32.0,1070583,1,2,0,2,1.0,20.0,1.0,-9.0,4.0,8131,17.0,22714.0,2112.0
2642199,2642200,29.0,1070583,2,1,1,1,1.0,40.0,1.0,-9.0,3.0,8131,17.0,22714.0,2112.0
2642200,2642201,3.0,1070583,3,1,2,4,-9.0,-9.0,-9.0,-9.0,-9.0,-9,0.0,22714.0,2112.0
2642201,2642202,32.0,1070584,1,2,0,2,1.0,20.0,1.0,-9.0,4.0,8131,17.0,22690.0,2110.0
2642202,2642203,29.0,1070584,2,1,1,1,1.0,40.0,1.0,-9.0,3.0,8131,17.0,22690.0,2110.0
2642203,2642204,3.0,1070584,3,1,2,4,-9.0,-9.0,-9.0,-9.0,-9.0,-9,0.0,22690.0,2110.0
2642204,2642205,38.0,1070585,1,2,0,2,1.0,32.0,1.0,-9.0,4.0,622M,15.0,22714.0,2112.0
2642205,2642206,19.0,1070585,2,1,2,2,6.0,-9.0,-9.0,-9.0,4.0,-9,0.0,22714.0,2112.0
2642206,2642207,17.0,1070585,3,2,2,2,1.0,40.0,1.0,-9.0,4.0,812112,17.0,22714.0,2112.0
2642207,2642208,15.0,1070585,4,2,2,2,-9.0,-9.0,-9.0,12.0,-9.0,-9,0.0,22714.0,2112.0
2642208,2642209,13.0,1070585,5,2,2,2,-9.0,-9.0,-9.0,9.0,-9.0,-9,0.0,22714.0,2112.0
2642209,2642210,11.0,1070585,6,1,2,2,-9.0,-9.0,-9.0,8.0,-9.0,-9,0.0,22714.0,2112.0
2642210,2642211,9.0,1070585,7,2,2,2,-9.0,-9.0,-9.0,6.0,-9.0,-9,0.0,22714.0,2112.0
2642211,2642212,2.0,1070585,8,2,2,2,-9.0,-9.0,-9.0,-9.0,-9.0,-9,0.0,22714.0,2112.0
2642212,2642213,17.0,1070585,9,1,10,2,6.0,-9.0,-9.0,-9.0,4.0,-9,0.0,22714.0,2112.0
2642213,2642214,38.0,1070586,1,2,0,2,1.0,32.0,1.0,-9.0,4.0,622M,15.0,22690.0,2110.0
2642214,2642215,19.0,1070586,2,1,2,2,6.0,-9.0,-9.0,-9.0,4.0,-9,0.0,22690.0,2110.0
2642215,2642216,17.0,1070586,3,2,2,2,1.0,40.0,1.0,-9.0,4.0,812112,17.0,22690.0,2110.0
2642216,2642217,15.0,1070586,4,2,2,2,-9.0,-9.0,-9.0,12.0,-9.0,-9,0.0,22690.0,2110.0
2642217,2642218,13.0,1070586,5,2,2,2,-9.0,-9.0,-9.0,9.0,-9.0,-9,0.0,22690.0,2110.0
2642218,2642219,11.0,1070586,6,1,2,2,-9.0,-9.0,-9.0,8.0,-9.0,-9,0.0,22690.0,2110.0
2642219,2642220,9.0,1070586,7,2,2,2,-9.0,-9.0,-9.0,6.0,-9.0,-9,0.0,22690.0,2110.0
2642220,2642221,2.0,1070586,8,2,2,2,-9.0,-9.0,-9.0,-9.0,-9.0,-9,0.0,22690.0,2110.0
2642221,2642222,17.0,1070586,9,1,10,2,6.0,-9.0,-9.0,-9.0,4.0,-9,0.0,22690.0,2110.0
2642222,2642223,38.0,1070587,1,2,0,2,1.0,32.0,1.0,-9.0,4.0,622M,15.0,22704.0,2110.0
2642223,2642224,19.0,1070587,2,1,2,2,6.0,-9.0,-9.0,-9.0,4.0,-9,0.0,22704.0,2110.0
2642224,2642225,17.0,1070587,3,2,2,2,1.0,40.0,1.0,-9.0,4.0,812112,17.0,22704.0,2110.0
2642225,2642226,15.0,1070587,4,2,2,2,-9.0,-9.0,-9.0,12.0,-9.0,-9,0.0,22704.0,2110.0
2642226,2642227,13.0,1070587,5,2,2,2,-9.0,-9.0,-9.0,9.0,-9.0,-9,0.0,22704.0,2110.0
2642227,2642228,11.0,1070587,6,1,2,2,-9.0,-9.0,-9.0,8.0,-9.0,-9,0.0,22704.0,2110.0
2642228,2642229,9.0,1070587,7,2,2,2,-9.0,-9.0,-9.0,6.0,-9.0,-9,0.0,22704.0,2110.0
2642229,2642230,2.0,1070587,8,2,2,2,-9.0,-9.0,-9.0,-9.0,-9.0,-9,0.0,22704.0,2110.0
2642230,2642231,17.0,1070587,9,1,10,2,6.0,-9.0,-9.0,-9.0,4.0,-9,0.0,22704.0,2110.0
2642231,2642232,38.0,1070588,1,2,0,2,1.0,32.0,1.0,-9.0,4.0,622M,15.0,22704.0,2110.0
2642232,2642233,19.0,1070588,2,1,2,2,6.0,-9.0,-9.0,-9.0,4.0,-9,0.0,22704.0,2110.0
2642233,2642234,17.0,1070588,3,2,2,2,1.0,40.0,1.0,-9.0,4.0,812112,17.0,22704.0,2110.0
2642234,2642235,15.0,1070588,4,2,2,2,-9.0,-9.0,-9.0,12.0,-9.0,-9,0.0,22704.0,2110.0
2642235,2642236,13.0,1070588,5,2,2,2,-9.0,-9.0,-9.0,9.0,-9.0,-9,0.0,22704.0,2110.0
2642236,2642237,11.0,1070588,6,1,2,2,-9.0,-9.0,-9.0,8.0,-9.0,-9,0.0,22704.0,2110.0
2642237,2642238,9.0,1070588,7,2,2,2,-9.0,-9.0,-9.0,6.0,-9.0,-9,0.0,22704.0,2110.0
2642238,2642239,2.0,1070588,8,2,2,2,-9.0,-9.0,-9.0,-9.0,-9.0,-9,0.0,22704.0,2110.0
2642239,2642240,17.0,1070588,9,1,10,2,6.0,-9.0,-9.0,-9.0,4.0,-9,0.0,22704.0,2110.0
2642240,2642241,38.0,1070589,1,2,0,2,1.0,32.0,1.0,-9.0,4.0,622M,15.0,22704.0,2110.0
2642241,2642242,19.0,1070589,2,1,2,2,6.0,-9.0,-9.0,-9.0,4.0,-9,0.0,22704.0,2110.0
2642242,2642243,17.0,1070589,3,2,2,2,1.0,40.0,1.0,-9.0,4.0,812112,17.0,22704.0,2110.0
2642243,2642244,15.0,1070589,4,2,2,2,-9.0,-9.0,-9.0,12.0,-9.0,-9,0.0,22704.0,2110.0
2642244,2642245,13.0,1070589,5,2,2,2,-9.0,-9.0,-9.0,9.0,-9.0,-9,0.0,22704.0,2110.0
2642245,2642246,11.0,1070589,6,1,2,2,-9.0,-9.0,-9.0,8.0,-9.0,-9,0.0,22704.0,2110.0
2642246,2642247,9.0,1070589,7,2,2,2,-9.0,-9.0,-9.0,6.0,-9.0,-9,0.0,22704.0,2110.0
2642247,2642248,2.0,1070589,8,2,2,2,-9.0,-9.0,-9.0,-9.0,-9.0,-9,0.0,22704.0,2110.0
2642248,2642249,17.0,1070589,9,1,10,2,6.0,-9.0,-9.0,-9.0,4.0,-9,0.0,22704.0,2110.0
2642249,2642250,38.0,1070590,1,2,0,2,1.0,32.0,1.0,-9.0,4.0,622M,15.0,22690.0,2110.0
2642250,2642251,19.0,1070590,2,1,2,2,6.0,-9.0,-9.0,-9.0,4.0,-9,0.0,22690.0,2110.0
2642251,2642252,17.0,1070590,3,2,2,2,1.0,40.0,1.0,-9.0,4.0,812112,17.0,22690.0,2110.0
2642252,2642253,15.0,1070590,4,2,2,2,-9.0,-9.0,-9.0,12.0,-9.0,-9,0.0,22690.0,2110.0
2642253,2642254,13.0,1070590,5,2,2,2,-9.0,-9.0,-9.0,9.0,-9.0,-9,0.0,22690.0,2110.0
2642254,2642255,11.0,1070590,6,1,2,2,-9.0,-9.0,-9.0,8.0,-9.0,-9,0.0,22690.0,2110.0
2642255,2642256,9.0,1070590,7,2,2,2,-9.0,-9.0,-9.0,6.0,-9.0,-9,0.0,22690.0,2110.0
2642256,2642257,2.0,1070590,8,2,2,2,-9.0,-9.0,-9.0,-9.0,-9.0,-9,0.0,22690.0,2110.0
2642257,2642258,17.0,1070590,9,1,10,2,6.0,-9.0,-9.0,-9.0,4.0,-9,0.0,22690.0,2110.0
2642258,2642259,38.0,1070591,1,2,0,2,1.0,32.0,1.0,-9.0,4.0,622M,15.0,22690.0,2110.0
2642259,2642260,19.0,1070591,2,1,2,2,6.0,-9.0,-9.0,-9.0,4.0,-9,0.0,22690.0,2110.0
2642260,2642261,17.0,1070591,3,2,2,2,1.0,40.0,1.0,-9.0,4.0,812112,17.0,22690.0,2110.0
2642261,2642262,15.0,1070591,4,2,2,2,-9.0,-9.0,-9.0,12.0,-9.0,-9,0.0,22690.0,2110.0
2642262,2642263,13.0,1070591,5,2,2,2,-9.0,-9.0,-9.0,9.0,-9.0,-9,0.0,22690.0,2110.0
2642263,2642264,11.0,1070591,6,1,2,2,-9.0,-9.0,-9.0,8.0,-9.0,-9,0.0,22690.0,2110.0
2642264,2642265,9.0,1070591,7,2,2,2,-9.0,-9.0,-9.0,6.0,-9.0,-9,0.0,22690.0,2110.0
2642265,2642266,2.0,1070591,8,2,2,2,-9.0,-9.0,-9.0,-9.0,-9.0,-9,0.0,22690.0,2110.0
2642266,2642267,17.0,1070591,9,1,10,2,6.0,-9.0,-9.0,-9.0,4.0,-9,0.0,22690.0,2110.0
2642267,2642268,38.0,1070592,1,2,0,2,1.0,32.0,1.0,-9.0,4.0,622M,15.0,22717.0,2112.0
2642268,2642269,19.0,1070592,2,1,2,2,6.0,-9.0,-9.0,-9.0,4.0,-9,0.0,22717.0,2112.0
2642269,2642270,17.0,1070592,3,2,2,2,1.0,40.0,1.0,-9.0,4.0,812112,17.0,22717.0,2112.0
2642270,2642271,15.0,1070592,4,2,2,2,-9.0,-9.0,-9.0,12.0,-9.0,-9,0.0,22717.0,2112.0
2642271,2642272,13.0,1070592,5,2,2,2,-9.0,-9.0,-9.0,9.0,-9.0,-9,0.0,22717.0,2112.0
2642272,2642273,11.0,1070592,6,1,2,2,-9.0,-9.0,-9.0,8.0,-9.0,-9,0.0,22717.0,2112.0
2642273,2642274,9.0,1070592,7,2,2,2,-9.0,-9.0,-9.0,6.0,-9.0,-9,0.0,22717.0,2112.0
2642274,2642275,2.0,1070592,8,2,2,2,-9.0,-9.0,-9.0,-9.0,-9.0,-9,0.0,22717.0,2112.0
2642275,2642276,17.0,1070592,9,1,10,2,6.0,-9.0,-9.0,-9.0,4.0,-9,0.0,22717.0,2112.0
2642276,2642277,38.0,1070593,1,2,0,2,1.0,32.0,1.0,-9.0,4.0,622M,15.0,22682.0,2108.0
2642277,2642278,19.0,1070593,2,1,2,2,6.0,-9.0,-9.0,-9.0,4.0,-9,0.0,22682.0,2108.0
2642278,2642279,17.0,1070593,3,2,2,2,1.0,40.0,1.0,-9.0,4.0,812112,17.0,22682.0,2108.0
2642279,2642280,15.0,1070593,4,2,2,2,-9.0,-9.0,-9.0,12.0,-9.0,-9,0.0,22682.0,2108.0
2642280,2642281,13.0,1070593,5,2,2,2,-9.0,-9.0,-9.0,9.0,-9.0,-9,0.0,22682.0,2108.0
2642281,2642282,11.0,1070593,6,1,2,2,-9.0,-9.0,-9.0,8.0,-9.0,-9,0.0,22682.0,2108.0
2642282,2642283,9.0,1070593,7,2,2,2,-9.0,-9.0,-9.0,6.0,-9.0,-9,0.0,22682.0,2108.0
2642283,2642284,2.0,1070593,8,2,2,2,-9.0,-9.0,-9.0,-9.0,-9.0,-9,0.0,22682.0,2108.0
2642284,2642285,17.0,1070593,9,1,10,2,6.0,-9.0,-9.0,-9.0,4.0,-9,0.0,22682.0,2108.0
2642285,2642286,38.0,1070594,1,2,0,2,1.0,32.0,1.0,-9.0,4.0,622M,15.0,22715.0,2112.0
2642286,2642287,19.0,1070594,2,1,2,2,6.0,-9.0,-9.0,-9.0,4.0,-9,0.0,22715.0,2112.0
2642287,2642288,17.0,1070594,3,2,2,2,1.0,40.0,1.0,-9.0,4.0,812112,17.0,22715.0,2112.0
2642288,2642289,15.0,1070594,4,2,2,2,-9.0,-9.0,-9.0,12.0,-9.0,-9,0.0,22715.0,2112.0
2642289,2642290,13.0,1070594,5,2,2,2,-9.0,-9.0,-9.0,9.0,-9.0,-9,0.0,22715.0,2112.0
2642290,2642291,11.0,1070594,6,1,2,2,-9.0,-9.0,-9.0,8.0,-9.0,-9,0.0,22715.0,2112.0
2642291,2642292,9.0,1070594,7,2,2,2,-9.0,-9.0,-9.0,6.0,-9.0,-9,0.0,22715.0,2112.0
2642292,2642293,2.0,1070594,8,2,2,2,-9.0,-9.0,-9.0,-9.0,-9.0,-9,0.0,22715.0,2112.0
2642293,2642294,17.0,1070594,9,1,10,2,6.0,-9.0,-9.0,-9.0,4.0,-9,0.0,22715.0,2112.0
2642294,2642295,38.0,1070595,1,2,0,2,1.0,32.0,1.0,-9.0,4.0,622M,15.0,22715.0,2112.0
2642295,2642296,19.0,1070595,2,1,2,2,6.0,-9.0,-9.0,-9.0,4.0,-9,0.0,22715.0,2112.0
2642296,2642297,17.0,1070595,3,2,2,2,1.0,40.0,1.0,-9.0,4.0,812112,17.0,22715.0,2112.0
2642297,2642298,15.0,1070595,4,2,2,2,-9.0,-9.0,-9.0,12.0,-9.0,-9,0.0,22715.0,2112.0
2642298,2642299,13.0,1070595,5,2,2,2,-9.0,-9.0,-9.0,9.0,-9.0,-9,0.0,22715.0,2112.0
2642299,2642300,11.0,1070595,6,1,2,2,-9.0,-9.0,-9.0,8.0,-9.0,-9,0.0,22715.0,2112.0
2642300,2642301,9.0,1070595,7,2,2,2,-9.0,-9.0,-9.0,6.0,-9.0,-9,0.0,22715.0,2112.0
2642301,2642302,2.0,1070595,8,2,2,2,-9.0,-9.0,-9.0,-9.0,-9.0,-9,0.0,22715.0,2112.0
2642302,2642303,17.0,1070595,9,1,10,2,6.0,-9.0,-9.0,-9.0,4.0,-9,0.0,22715.0,2112.0
2642303,2642304,38.0,1070596,1,2,0,2,1.0,32.0,1.0,-9.0,4.0,622M,15.0,22719.0,2112.0
2642304,2642305,19.0,1070596,2,1,2,2,6.0,-9.0,-9.0,-9.0,4.0,-9,0.0,22719.0,2112.0
2642305,2642306,17.0,1070596,3,2,2,2,1.0,40.0,1.0,-9.0,4.0,812112,17.0,22719.0,2112.0
2642306,2642307,15.0,1070596,4,2,2,2,-9.0,-9.0,-9.0,12.0,-9.0,-9,0.0,22719.0,2112.0
2642307,2642308,13.0,1070596,5,2,2,2,-9.0,-9.0,-9.0,9.0,-9.0,-9,0.0,22719.0,2112.0
2642308,2642309,11.0,1070596,6,1,2,2,-9.0,-9.0,-9.0,8.0,-9.0,-9,0.0,22719.0,2112.0
2642309,2642310,9.0,1070596,7,2,2,2,-9.0,-9.0,-9.0,6.0,-9.0,-9,0.0,22719.0,2112.0
2642310,2642311,2.0,1070596,8,2,2,2,-9.0,-9.0,-9.0,-9.0,-9.0,-9,0.0,22719.0,2112.0
2642311,2642312,17.0,1070596,9,1,10,2,6.0,-9.0,-9.0,-9.0,4.0,-9,0.0,22719.0,2112.0
2642312,2642313,38.0,1070597,1,2,0,2,1.0,32.0,1.0,-9.0,4.0,622M,15.0,22714.0,2112.0
2642313,2642314,19.0,1070597,2,1,2,2,6.0,-9.0,-9.0,-9.0,4.0,-9,0.0,22714.0,2112.0
2642314,2642315,17.0,1070597,3,2,2,2,1.0,40.0,1.0,-9.0,4.0,812112,17.0,22714.0,2112.0
2642315,2642316,15.0,1070597,4,2,2,2,-9.0,-9.0,-9.0,12.0,-9.0,-9,0.0,22714.0,2112.0
2642316,2642317,13.0,1070597,5,2,2,2,-9.0,-9.0,-9.0,9.0,-9.0,-9,0.0,22714.0,2112.0
2642317,2642318,11.0,1070597,6,1,2,2,-9.0,-9.0,-9.0,8.0,-9.0,-9,0.0,22714.0,2112.0
2642318,2642319,9.0,1070597,7,2,2,2,-9.0,-9.0,-9.0,6.0,-9.0,-9,0.0,22714.0,2112.0
2642319,2642320,2.0,1070597,8,2,2,2,-9.0,-9.0,-9.0,-9.0,-9.0,-9,0.0,22714.0,2112.0
2642320,2642321,17.0,1070597,9,1,10,2,6.0,-9.0,-9.0,-9.0,4.0,-9,0.0,22714.0,2112.0
2642321,2642322,38.0,1070598,1,2,0,2,1.0,32.0,1.0,-9.0,4.0,622M,15.0,22719.0,2112.0
2642322,2642323,19.0,1070598,2,1,2,2,6.0,-9.0,-9.0,-9.0,4.0,-9,0.0,22719.0,2112.0
2642323,2642324,17.0,1070598,3,2,2,2,1.0,40.0,1.0,-9.0,4.0,812112,17.0,22719.0,2112.0
2642324,2642325,15.0,1070598,4,2,2,2,-9.0,-9.0,-9.0,12.0,-9.0,-9,0.0,22719.0,2112.0
2642325,2642326,13.0,1070598,5,2,2,2,-9.0,-9.0,-9.0,9.0,-9.0,-9,0.0,22719.0,2112.0
2642326,2642327,11.0,1070598,6,1,2,2,-9.0,-9.0,-9.0,8.0,-9.0,-9,0.0,22719.0,2112.0
2642327,2642328,9.0,1070598,7,2,2,2,-9.0,-9.0,-9.0,6.0,-9.0,-9,0.0,22719.0,2112.0
2642328,2642329,2.0,1070598,8,2,2,2,-9.0,-9.0,-9.0,-9.0,-9.0,-9,0.0,22719.0,2112.0
2642329,2642330,17.0,1070598,9,1,10,2,6.0,-9.0,-9.0,-9.0,4.0,-9,0.0,22719.0,2112.0
2642330,2642331,38.0,1070599,1,2,0,2,1.0,32.0,1.0,-9.0,4.0,622M,15.0,22714.0,2112.0
2642331,2642332,19.0,1070599,2,1,2,2,6.0,-9.0,-9.0,-9.0,4.0,-9,0.0,22714.0,2112.0
2642332,2642333,17.0,1070599,3,2,2,2,1.0,40.0,1.0,-9.0,4.0,812112,17.0,22714.0,2112.0
2642333,2642334,15.0,1070599,4,2,2,2,-9.0,-9.0,-9.0,12.0,-9.0,-9,0.0,22714.0,2112.0
2642334,2642335,13.0,1070599,5,2,2,2,-9.0,-9.0,-9.0,9.0,-9.0,-9,0.0,22714.0,2112.0
2642335,2642336,11.0,1070599,6,1,2,2,-9.0,-9.0,-9.0,8.0,-9.0,-9,0.0,22714.0,2112.0
2642336,2642337,9.0,1070599,7,2,2,2,-9.0,-9.0,-9.0,6.0,-9.0,-9,0.0,22714.0,2112.0
2642337,2642338,2.0,1070599,8,2,2,2,-9.0,-9.0,-9.0,-9.0,-9.0,-9,0.0,22714.0,2112.0
2642338,2642339,17.0,1070599,9,1,10,2,6.0,-9.0,-9.0,-9.0,4.0,-9,0.0,22714.0,2112.0
2642339,2642340,38.0,1070600,1,2,0,2,1.0,32.0,1.0,-9.0,4.0,622M,15.0,22716.0,2112.0
2642340,2642341,19.0,1070600,2,1,2,2,6.0,-9.0,-9.0,-9.0,4.0,-9,0.0,22716.0,2112.0
2642341,2642342,17.0,1070600,3,2,2,2,1.0,40.0,1.0,-9.0,4.0,812112,17.0,22716.0,2112.0
2642342,2642343,15.0,1070600,4,2,2,2,-9.0,-9.0,-9.0,12.0,-9.0,-9,0.0,22716.0,2112.0
2642343,2642344,13.0,1070600,5,2,2,2,-9.0,-9.0,-9.0,9.0,-9.0,-9,0.0,22716.0,2112.0
2642344,2642345,11.0,1070600,6,1,2,2,-9.0,-9.0,-9.0,8.0,-9.0,-9,0.0,22716.0,2112.0
2642345,2642346,9.0,1070600,7,2,2,2,-9.0,-9.0,-9.0,6.0,-9.0,-9,0.0,22716.0,2112.0
2642346,2642347,2.0,1070600,8,2,2,2,-9.0,-9.0,-9.0,-9.0,-9.0,-9,0.0,22716.0,2112.0
2642347,2642348,17.0,1070600,9,1,10,2,6.0,-9.0,-9.0,-9.0,4.0,-9,0.0,22716.0,2112.0
2642348,2642349,38.0,1070601,1,2,0,2,1.0,32.0,1.0,-9.0,4.0,622M,15.0,22716.0,2112.0
2642349,2642350,19.0,1070601,2,1,2,2,6.0,-9.0,-9.0,-9.0,4.0,-9,0.0,22716.0,2112.0
2642350,2642351,17.0,1070601,3,2,2,2,1.0,40.0,1.0,-9.0,4.0,812112,17.0,22716.0,2112.0
2642351,2642352,15.0,1070601,4,2,2,2,-9.0,-9.0,-9.0,12.0,-9.0,-9,0.0,22716.0,2112.0
2642352,2642353,13.0,1070601,5,2,2,2,-9.0,-9.0,-9.0,9.0,-9.0,-9,0.0,22716.0,2112.0
2642353,2642354,11.0,1070601,6,1,2,2,-9.0,-9.0,-9.0,8.0,-9.0,-9,0.0,22716.0,2112.0
2642354,2642355,9.0,1070601,7,2,2,2,-9.0,-9.0,-9.0,6.0,-9.0,-9,0.0,22716.0,2112.0
2642355,2642356,2.0,1070601,8,2,2,2,-9.0,-9.0,-9.0,-9.0,-9.0,-9,0.0,22716.0,2112.0
2642356,2642357,17.0,1070601,9,1,10,2,6.0,-9.0,-9.0,-9.0,4.0,-9,0.0,22716.0,2112.0
2642357,2642358,38.0,1070602,1,2,0,2,1.0,32.0,1.0,-9.0,4.0,622M,15.0,22690.0,2110.0
2642358,2642359,19.0,1070602,2,1,2,2,6.0,-9.0,-9.0,-9.0,4.0,-9,0.0,22690.0,2110.0
2642359,2642360,17.0,1070602,3,2,2,2,1.0,40.0,1.0,-9.0,4.0,812112,17.0,22690.0,2110.0
2642360,2642361,15.0,1070602,4,2,2,2,-9.0,-9.0,-9.0,12.0,-9.0,-9,0.0,22690.0,2110.0
2642361,2642362,13.0,1070602,5,2,2,2,-9.0,-9.0,-9.0,9.0,-9.0,-9,0.0,22690.0,2110.0
2642362,2642363,11.0,1070602,6,1,2,2,-9.0,-9.0,-9.0,8.0,-9.0,-9,0.0,22690.0,2110.0
2642363,2642364,9.0,1070602,7,2,2,2,-9.0,-9.0,-9.0,6.0,-9.0,-9,0.0,22690.0,2110.0
2642364,2642365,2.0,1070602,8,2,2,2,-9.0,-9.0,-9.0,-9.0,-9.0,-9,0.0,22690.0,2110.0
2642365,2642366,17.0,1070602,9,1,10,2,6.0,-9.0,-9.0,-9.0,4.0,-9,0.0,22690.0,2110.0
2642366,2642367,38.0,1070603,1,2,0,2,1.0,32.0,1.0,-9.0,4.0,622M,15.0,22714.0,2112.0
2642367,2642368,19.0,1070603,2,1,2,2,6.0,-9.0,-9.0,-9.0,4.0,-9,0.0,22714.0,2112.0
2642368,2642369,17.0,1070603,3,2,2,2,1.0,40.0,1.0,-9.0,4.0,812112,17.0,22714.0,2112.0
2642369,2642370,15.0,1070603,4,2,2,2,-9.0,-9.0,-9.0,12.0,-9.0,-9,0.0,22714.0,2112.0
2642370,2642371,13.0,1070603,5,2,2,2,-9.0,-9.0,-9.0,9.0,-9.0,-9,0.0,22714.0,2112.0
2642371,2642372,11.0,1070603,6,1,2,2,-9.0,-9.0,-9.0,8.0,-9.0,-9,0.0,22714.0,2112.0
2642372,2642373,9.0,1070603,7,2,2,2,-9.0,-9.0,-9.0,6.0,-9.0,-9,0.0,22714.0,2112.0
2642373,2642374,2.0,1070603,8,2,2,2,-9.0,-9.0,-9.0,-9.0,-9.0,-9,0.0,22714.0,2112.0
2642374,2642375,17.0,1070603,9,1,10,2,6.0,-9.0,-9.0,-9.0,4.0,-9,0.0,22714.0,2112.0
2642375,2642376,38.0,1070604,1,2,0,2,1.0,32.0,1.0,-9.0,4.0,622M,15.0,22704.0,2110.0
2642376,2642377,19.0,1070604,2,1,2,2,6.0,-9.0,-9.0,-9.0,4.0,-9,0.0,22704.0,2110.0
2642377,2642378,17.0,1070604,3,2,2,2,1.0,40.0,1.0,-9.0,4.0,812112,17.0,22704.0,2110.0
2642378,2642379,15.0,1070604,4,2,2,2,-9.0,-9.0,-9.0,12.0,-9.0,-9,0.0,22704.0,2110.0
2642379,2642380,13.0,1070604,5,2,2,2,-9.0,-9.0,-9.0,9.0,-9.0,-9,0.0,22704.0,2110.0
2642380,2642381,11.0,1070604,6,1,2,2,-9.0,-9.0,-9.0,8.0,-9.0,-9,0.0,22704.0,2110.0
2642381,2642382,9.0,1070604,7,2,2,2,-9.0,-9.0,-9.0,6.0,-9.0,-9,0.0,22704.0,2110.0
2642382,2642383,2.0,1070604,8,2,2,2,-9.0,-9.0,-9.0,-9.0,-9.0,-9,0.0,22704.0,2110.0
2642383,2642384,17.0,1070604,9,1,10,2,6.0,-9.0,-9.0,-9.0,4.0,-9,0.0,22704.0,2110.0
2642384,2642385,38.0,1070605,1,2,0,2,1.0,32.0,1.0,-9.0,4.0,622M,15.0,22717.0,2112.0
2642385,2642386,19.0,1070605,2,1,2,2,6.0,-9.0,-9.0,-9.0,4.0,-9,0.0,22717.0,2112.0
2642386,2642387,17.0,1070605,3,2,2,2,1.0,40.0,1.0,-9.0,4.0,812112,17.0,22717.0,2112.0
2642387,2642388,15.0,1070605,4,2,2,2,-9.0,-9.0,-9.0,12.0,-9.0,-9,0.0,22717.0,2112.0
2642388,2642389,13.0,1070605,5,2,2,2,-9.0,-9.0,-9.0,9.0,-9.0,-9,0.0,22717.0,2112.0
2642389,2642390,11.0,1070605,6,1,2,2,-9.0,-9.0,-9.0,8.0,-9.0,-9,0.0,22717.0,2112.0
2642390,2642391,9.0,1070605,7,2,2,2,-9.0,-9.0,-9.0,6.0,-9.0,-9,0.0,22717.0,2112.0
2642391,2642392,2.0,1070605,8,2,2,2,-9.0,-9.0,-9.0,-9.0,-9.0,-9,0.0,22717.0,2112.0
2642392,2642393,17.0,1070605,9,1,10,2,6.0,-9.0,-9.0,-9.0,4.0,-9,0.0,22717.0,2112.0
2642393,2642394,32.0,1070606,1,2,0,1,1.0,40.0,1.0,-9.0,4.0,6213ZM,14.0,22699.0,2110.0
2642394,2642395,30.0,1070606,2,2,12,1,1.0,45.0,1.0,16.0,4.0,611M1,13.0,22699.0,2110.0
2642395,2642396,32.0,1070607,1,2,0,1,1.0,40.0,1.0,-9.0,4.0,6213ZM,14.0,22716.0,2112.0
2642396,2642397,30.0,1070607,2,2,12,1,1.0,45.0,1.0,16.0,4.0,611M1,13.0,22716.0,2112.0
2642397,2642398,34.0,1070608,1,1,0,1,1.0,55.0,1.0,-9.0,4.0,611M1,13.0,22682.0,2108.0
2642398,2642399,34.0,1070608,2,2,1,1,1.0,55.0,1.0,-9.0,4.0,622M,15.0,22682.0,2108.0
2642399,2642400,38.0,1070609,1,1,0,1,1.0,40.0,1.0,-9.0,4.0,5412,10.0,22682.0,2108.0
2642400,2642401,40.0,1070609,2,2,1,1,1.0,45.0,1.0,-9.0,4.0,5412,10.0,22682.0,2108.0
2642401,2642402,37.0,1070610,1,1,0,1,1.0,47.0,1.0,-9.0,4.0,3113,3.0,22717.0,2112.0
2642402,2642403,34.0,1070610,2,2,1,1,1.0,63.0,1.0,16.0,4.0,3399ZM,3.0,22717.0,2112.0
2642403,2642404,32.0,1070611,1,1,0,1,1.0,50.0,1.0,-9.0,4.0,622M,15.0,22704.0,2110.0
2642404,2642405,30.0,1070611,2,1,5,1,1.0,50.0,1.0,-9.0,4.0,622M,15.0,22704.0,2110.0
2642405,2642406,32.0,1070612,1,1,0,1,1.0,50.0,1.0,-9.0,4.0,622M,15.0,22714.0,2112.0
2642406,2642407,30.0,1070612,2,1,5,1,1.0,50.0,1.0,-9.0,4.0,622M,15.0,22714.0,2112.0
2642407,2642408,39.0,1070613,1,2,0,1,1.0,40.0,1.0,-9.0,4.0,611M1,13.0,22716.0,2112.0
2642408,2642409,41.0,1070613,2,1,1,1,1.0,40.0,1.0,-9.0,4.0,623M,14.0,22716.0,2112.0
2642409,2642410,43.0,1070614,1,2,0,1,1.0,40.0,1.0,-9.0,4.0,336M,3.0,22717.0,2112.0
2642410,2642411,35.0,1070615,1,2,0,1,1.0,45.0,1.0,-9.0,4.0,611M1,13.0,22690.0,2110.0
2642411,2642412,31.0,1070616,1,2,0,1,1.0,52.0,1.0,-9.0,4.0,3391,3.0,22699.0,2110.0
2642412,2642413,33.0,1070617,1,1,0,1,1.0,40.0,1.0,-9.0,4.0,5412,10.0,22690.0,2110.0
2642413,2642414,33.0,1070618,1,1,0,1,1.0,40.0,1.0,-9.0,4.0,5412,10.0,22699.0,2110.0
2642414,2642415,35.0,1070619,1,1,0,1,1.0,50.0,3.0,-9.0,4.0,5111Z,8.0,22699.0,2110.0
2642415,2642416,35.0,1070620,1,1,0,1,1.0,50.0,3.0,-9.0,4.0,5111Z,8.0,22717.0,2112.0
2642416,2642417,39.0,1070621,1,1,0,1,1.0,40.0,1.0,-9.0,4.0,5112,8.0,22715.0,2112.0
2642417,2642418,35.0,1070622,1,1,0,1,1.0,50.0,3.0,-9.0,4.0,5111Z,8.0,22715.0,2112.0
2642418,2642419,33.0,1070623,1,1,0,1,1.0,50.0,1.0,-9.0,4.0,332MZ,3.0,22716.0,2112.0
2642419,2642420,33.0,1070624,1,1,0,1,1.0,50.0,1.0,-9.0,4.0,332MZ,3.0,22699.0,2110.0
2642420,2642421,36.0,1070625,1,2,0,1,1.0,40.0,1.0,-9.0,4.0,812112,17.0,22682.0,2108.0
2642421,2642422,35.0,1070625,2,2,13,1,1.0,45.0,1.0,-9.0,4.0,8121M,17.0,22682.0,2108.0
2642422,2642423,36.0,1070626,1,2,0,1,1.0,40.0,1.0,-9.0,4.0,812112,17.0,22719.0,2112.0
2642423,2642424,35.0,1070626,2,2,13,1,1.0,45.0,1.0,-9.0,4.0,8121M,17.0,22719.0,2112.0
2642424,2642425,44.0,1070627,1,1,0,1,1.0,38.0,1.0,-9.0,4.0,722Z,16.0,22690.0,2110.0
2642425,2642426,45.0,1070627,2,1,12,1,1.0,37.0,1.0,-9.0,4.0,722Z,16.0,22690.0,2110.0
2642426,2642427,33.0,1070628,1,1,0,1,1.0,32.0,1.0,16.0,4.0,6214,14.0,22714.0,2112.0
2642427,2642428,34.0,1070628,2,2,1,4,2.0,40.0,1.0,16.0,4.0,6214,14.0,22714.0,2112.0
2642428,2642429,0.0,1070628,3,1,2,4,-9.0,-9.0,-9.0,-9.0,-9.0,-9,0.0,22714.0,2112.0
2642429,2642430,66.0,1070628,4,1,8,4,6.0,25.0,4.0,-9.0,4.0,5241,9.0,22714.0,2112.0
2642430,2642431,61.0,1070628,5,2,8,4,6.0,-9.0,-9.0,-9.0,4.0,5241,9.0,22714.0,2112.0
2642431,2642432,33.0,1070629,1,1,0,1,1.0,32.0,1.0,16.0,4.0,6214,14.0,22715.0,2112.0
2642432,2642433,34.0,1070629,2,2,1,4,2.0,40.0,1.0,16.0,4.0,6214,14.0,22715.0,2112.0
2642433,2642434,0.0,1070629,3,1,2,4,-9.0,-9.0,-9.0,-9.0,-9.0,-9,0.0,22715.0,2112.0
2642434,2642435,66.0,1070629,4,1,8,4,6.0,25.0,4.0,-9.0,4.0,5241,9.0,22715.0,2112.0
2642435,2642436,61.0,1070629,5,2,8,4,6.0,-9.0,-9.0,-9.0,4.0,5241,9.0,22715.0,2112.0
2642436,2642437,33.0,1070630,1,1,0,1,1.0,32.0,1.0,16.0,4.0,6214,14.0,22715.0,2112.0
2642437,2642438,34.0,1070630,2,2,1,4,2.0,40.0,1.0,16.0,4.0,6214,14.0,22715.0,2112.0
2642438,2642439,0.0,1070630,3,1,2,4,-9.0,-9.0,-9.0,-9.0,-9.0,-9,0.0,22715.0,2112.0
2642439,2642440,66.0,1070630,4,1,8,4,6.0,25.0,4.0,-9.0,4.0,5241,9.0,22715.0,2112.0
2642440,2642441,61.0,1070630,5,2,8,4,6.0,-9.0,-9.0,-9.0,4.0,5241,9.0,22715.0,2112.0
2642441,2642442,33.0,1070631,1,1,0,1,1.0,32.0,1.0,16.0,4.0,6214,14.0,22704.0,2110.0
2642442,2642443,34.0,1070631,2,2,1,4,2.0,40.0,1.0,16.0,4.0,6214,14.0,22704.0,2110.0
2642443,2642444,0.0,1070631,3,1,2,4,-9.0,-9.0,-9.0,-9.0,-9.0,-9,0.0,22704.0,2110.0
2642444,2642445,66.0,1070631,4,1,8,4,6.0,25.0,4.0,-9.0,4.0,5241,9.0,22704.0,2110.0
2642445,2642446,61.0,1070631,5,2,8,4,6.0,-9.0,-9.0,-9.0,4.0,5241,9.0,22704.0,2110.0
2642446,2642447,33.0,1070632,1,1,0,1,1.0,32.0,1.0,16.0,4.0,6214,14.0,22704.0,2110.0
2642447,2642448,34.0,1070632,2,2,1,4,2.0,40.0,1.0,16.0,4.0,6214,14.0,22704.0,2110.0
2642448,2642449,0.0,1070632,3,1,2,4,-9.0,-9.0,-9.0,-9.0,-9.0,-9,0.0,22704.0,2110.0
2642449,2642450,66.0,1070632,4,1,8,4,6.0,25.0,4.0,-9.0,4.0,5241,9.0,22704.0,2110.0
2642450,2642451,61.0,1070632,5,2,8,4,6.0,-9.0,-9.0,-9.0,4.0,5241,9.0,22704.0,2110.0
2642451,2642452,33.0,1070633,1,1,0,1,1.0,32.0,1.0,16.0,4.0,6214,14.0,22714.0,2112.0
2642452,2642453,34.0,1070633,2,2,1,4,2.0,40.0,1.0,16.0,4.0,6214,14.0,22714.0,2112.0
2642453,2642454,0.0,1070633,3,1,2,4,-9.0,-9.0,-9.0,-9.0,-9.0,-9,0.0,22714.0,2112.0
2642454,2642455,66.0,1070633,4,1,8,4,6.0,25.0,4.0,-9.0,4.0,5241,9.0,22714.0,2112.0
2642455,2642456,61.0,1070633,5,2,8,4,6.0,-9.0,-9.0,-9.0,4.0,5241,9.0,22714.0,2112.0
2642456,2642457,33.0,1070634,1,1,0,1,1.0,32.0,1.0,16.0,4.0,6214,14.0,22715.0,2112.0
2642457,2642458,34.0,1070634,2,2,1,4,2.0,40.0,1.0,16.0,4.0,6214,14.0,22715.0,2112.0
2642458,2642459,0.0,1070634,3,1,2,4,-9.0,-9.0,-9.0,-9.0,-9.0,-9,0.0,22715.0,2112.0
2642459,2642460,66.0,1070634,4,1,8,4,6.0,25.0,4.0,-9.0,4.0,5241,9.0,22715.0,2112.0
2642460,2642461,61.0,1070634,5,2,8,4,6.0,-9.0,-9.0,-9.0,4.0,5241,9.0,22715.0,2112.0
2642461,2642462,33.0,1070635,1,1,0,1,1.0,32.0,1.0,16.0,4.0,6214,14.0,22714.0,2112.0
2642462,2642463,34.0,1070635,2,2,1,4,2.0,40.0,1.0,16.0,4.0,6214,14.0,22714.0,2112.0
2642463,2642464,0.0,1070635,3,1,2,4,-9.0,-9.0,-9.0,-9.0,-9.0,-9,0.0,22714.0,2112.0
2642464,2642465,66.0,1070635,4,1,8,4,6.0,25.0,4.0,-9.0,4.0,5241,9.0,22714.0,2112.0
2642465,2642466,61.0,1070635,5,2,8,4,6.0,-9.0,-9.0,-9.0,4.0,5241,9.0,22714.0,2112.0
2642466,2642467,36.0,1070636,1,1,0,1,1.0,40.0,1.0,-9.0,4.0,5415,10.0,22714.0,2112.0
2642467,2642468,36.0,1070636,2,2,1,1,1.0,45.0,1.0,-9.0,4.0,5416,10.0,22714.0,2112.0
2642468,2642469,10.0,1070636,3,2,2,1,-9.0,-9.0,-9.0,7.0,-9.0,-9,0.0,22714.0,2112.0
2642469,2642470,4.0,1070636,4,1,2,1,-9.0,-9.0,-9.0,1.0,-9.0,-9,0.0,22714.0,2112.0
2642470,2642471,1.0,1070636,5,2,2,1,-9.0,-9.0,-9.0,-9.0,-9.0,-9,0.0,22714.0,2112.0
2642471,2642472,36.0,1070637,1,1,0,1,1.0,40.0,1.0,-9.0,4.0,5415,10.0,22704.0,2110.0
2642472,2642473,36.0,1070637,2,2,1,1,1.0,45.0,1.0,-9.0,4.0,5416,10.0,22704.0,2110.0
2642473,2642474,10.0,1070637,3,2,2,1,-9.0,-9.0,-9.0,7.0,-9.0,-9,0.0,22704.0,2110.0
2642474,2642475,4.0,1070637,4,1,2,1,-9.0,-9.0,-9.0,1.0,-9.0,-9,0.0,22704.0,2110.0
2642475,2642476,1.0,1070637,5,2,2,1,-9.0,-9.0,-9.0,-9.0,-9.0,-9,0.0,22704.0,2110.0
2642476,2642477,42.0,1070638,1,2,0,1,1.0,40.0,1.0,-9.0,4.0,622M,15.0,22704.0,2110.0
2642477,2642478,44.0,1070638,2,1,1,1,1.0,40.0,1.0,-9.0,4.0,611M1,13.0,22704.0,2110.0
2642478,2642479,9.0,1070638,3,2,2,1,-9.0,-9.0,-9.0,5.0,-9.0,-9,0.0,22704.0,2110.0
2642479,2642480,6.0,1070638,4,2,2,1,-9.0,-9.0,-9.0,3.0,-9.0,-9,0.0,22704.0,2110.0
2642480,2642481,37.0,1070639,1,2,0,1,1.0,24.0,1.0,-9.0,4.0,5415,10.0,22716.0,2112.0
2642481,2642482,42.0,1070639,2,1,1,1,1.0,40.0,1.0,-9.0,4.0,5413,10.0,22716.0,2112.0
2642482,2642483,4.0,1070639,3,2,2,1,-9.0,-9.0,-9.0,1.0,-9.0,-9,0.0,22716.0,2112.0
2642483,2642484,2.0,1070639,4,2,2,1,-9.0,-9.0,-9.0,-9.0,-9.0,-9,0.0,22716.0,2112.0
2642484,2642485,37.0,1070640,1,2,0,1,1.0,24.0,1.0,-9.0,4.0,5415,10.0,22715.0,2112.0
2642485,2642486,42.0,1070640,2,1,1,1,1.0,40.0,1.0,-9.0,4.0,5413,10.0,22715.0,2112.0
2642486,2642487,4.0,1070640,3,2,2,1,-9.0,-9.0,-9.0,1.0,-9.0,-9,0.0,22715.0,2112.0
2642487,2642488,2.0,1070640,4,2,2,1,-9.0,-9.0,-9.0,-9.0,-9.0,-9,0.0,22715.0,2112.0
2642488,2642489,37.0,1070641,1,2,0,1,1.0,24.0,1.0,-9.0,4.0,5415,10.0,22715.0,2112.0
2642489,2642490,42.0,1070641,2,1,1,1,1.0,40.0,1.0,-9.0,4.0,5413,10.0,22715.0,2112.0
2642490,2642491,4.0,1070641,3,2,2,1,-9.0,-9.0,-9.0,1.0,-9.0,-9,0.0,22715.0,2112.0
2642491,2642492,2.0,1070641,4,2,2,1,-9.0,-9.0,-9.0,-9.0,-9.0,-9,0.0,22715.0,2112.0
2642492,2642493,42.0,1070642,1,1,0,1,1.0,50.0,1.0,-9.0,4.0,6211,14.0,22704.0,2110.0
2642493,2642494,42.0,1070642,2,2,1,1,1.0,15.0,1.0,-9.0,4.0,6213ZM,14.0,22704.0,2110.0
2642494,2642495,10.0,1070642,3,1,2,1,-9.0,-9.0,-9.0,6.0,-9.0,-9,0.0,22704.0,2110.0
2642495,2642496,8.0,1070642,4,1,2,1,-9.0,-9.0,-9.0,4.0,-9.0,-9,0.0,22704.0,2110.0
2642496,2642497,42.0,1070643,1,1,0,1,1.0,50.0,1.0,-9.0,4.0,6211,14.0,22714.0,2112.0
2642497,2642498,42.0,1070643,2,2,1,1,1.0,15.0,1.0,-9.0,4.0,6213ZM,14.0,22714.0,2112.0
2642498,2642499,10.0,1070643,3,1,2,1,-9.0,-9.0,-9.0,6.0,-9.0,-9,0.0,22714.0,2112.0
2642499,2642500,8.0,1070643,4,1,2,1,-9.0,-9.0,-9.0,4.0,-9.0,-9,0.0,22714.0,2112.0
2642500,2642501,43.0,1070644,1,1,0,1,1.0,52.0,2.0,-9.0,4.0,52M2,9.0,22716.0,2112.0
2642501,2642502,43.0,1070644,2,2,1,1,6.0,-9.0,-9.0,-9.0,4.0,-9,0.0,22716.0,2112.0
2642502,2642503,16.0,1070644,3,1,2,1,1.0,5.0,6.0,13.0,-9.0,52M2,9.0,22716.0,2112.0
2642503,2642504,14.0,1070644,4,1,2,1,-9.0,-9.0,-9.0,11.0,-9.0,-9,0.0,22716.0,2112.0
2642504,2642505,28.0,1070645,1,2,0,1,1.0,36.0,1.0,-9.0,4.0,622M,15.0,22715.0,2112.0
2642505,2642506,29.0,1070645,2,1,1,1,1.0,40.0,1.0,-9.0,4.0,622M,15.0,22715.0,2112.0
2642506,2642507,1.0,1070645,3,2,2,1,-9.0,-9.0,-9.0,-9.0,-9.0,-9,0.0,22715.0,2112.0
2642507,2642508,37.0,1070646,1,1,0,1,1.0,50.0,1.0,-9.0,4.0,481,6.0,22716.0,2112.0
2642508,2642509,37.0,1070646,2,2,1,1,1.0,40.0,1.0,-9.0,4.0,481,6.0,22716.0,2112.0
2642509,2642510,12.0,1070646,3,2,2,1,-9.0,-9.0,-9.0,9.0,-9.0,-9,0.0,22716.0,2112.0
2642510,2642511,33.0,1070647,1,2,0,1,1.0,50.0,1.0,-9.0,4.0,6111,13.0,22718.0,2112.0
2642511,2642512,36.0,1070647,2,1,1,1,1.0,40.0,1.0,-9.0,4.0,6111,13.0,22718.0,2112.0
2642512,2642513,0.0,1070647,3,1,2,1,-9.0,-9.0,-9.0,-9.0,-9.0,-9,0.0,22718.0,2112.0
2642513,2642514,44.0,1070648,1,1,0,1,1.0,40.0,1.0,-9.0,4.0,611M1,13.0,22714.0,2112.0
2642514,2642515,42.0,1070648,2,2,1,1,1.0,40.0,1.0,-9.0,4.0,6111,13.0,22714.0,2112.0
2642515,2642516,7.0,1070648,3,1,2,1,-9.0,-9.0,-9.0,-9.0,-9.0,-9,0.0,22714.0,2112.0
2642516,2642517,33.0,1070649,1,2,0,1,1.0,50.0,1.0,-9.0,4.0,6111,13.0,22704.0,2110.0
2642517,2642518,36.0,1070649,2,1,1,1,1.0,40.0,1.0,-9.0,4.0,6111,13.0,22704.0,2110.0
2642518,2642519,0.0,1070649,3,1,2,1,-9.0,-9.0,-9.0,-9.0,-9.0,-9,0.0,22704.0,2110.0
2642519,2642520,44.0,1070650,1,1,0,1,1.0,40.0,1.0,-9.0,2.0,52M2,9.0,22715.0,2112.0
2642520,2642521,43.0,1070650,2,2,1,1,1.0,10.0,5.0,-9.0,4.0,52M2,9.0,22715.0,2112.0
2642521,2642522,6.0,1070650,3,1,2,1,-9.0,-9.0,-9.0,3.0,-9.0,-9,0.0,22715.0,2112.0
2642522,2642523,41.0,1070651,1,2,0,1,1.0,45.0,1.0,-9.0,4.0,336M,3.0,22714.0,2112.0
2642523,2642524,42.0,1070651,2,1,1,1,1.0,40.0,1.0,-9.0,4.0,336M,3.0,22714.0,2112.0
2642524,2642525,3.0,1070651,3,1,2,1,-9.0,-9.0,-9.0,1.0,-9.0,-9,0.0,22714.0,2112.0
2642525,2642526,33.0,1070652,1,1,0,1,1.0,40.0,1.0,-9.0,4.0,611M1,13.0,22716.0,2112.0
2642526,2642527,33.0,1070652,2,2,1,1,1.0,40.0,1.0,-9.0,4.0,611M1,13.0,22716.0,2112.0
2642527,2642528,2.0,1070652,3,2,2,1,-9.0,-9.0,-9.0,-9.0,-9.0,-9,0.0,22716.0,2112.0
2642528,2642529,33.0,1070653,1,1,0,1,1.0,40.0,1.0,-9.0,4.0,611M1,13.0,22717.0,2112.0
2642529,2642530,33.0,1070653,2,2,1,1,1.0,40.0,1.0,-9.0,4.0,611M1,13.0,22717.0,2112.0
2642530,2642531,2.0,1070653,3,2,2,1,-9.0,-9.0,-9.0,-9.0,-9.0,-9,0.0,22717.0,2112.0
2642531,2642532,38.0,1070654,1,1,0,1,1.0,15.0,1.0,-9.0,4.0,3279,3.0,22715.0,2112.0
2642532,2642533,2.0,1070654,2,1,2,1,-9.0,-9.0,-9.0,-9.0,-9.0,-9,0.0,22715.0,2112.0
2642533,2642534,0.0,1070654,3,2,2,1,-9.0,-9.0,-9.0,-9.0,-9.0,-9,0.0,22715.0,2112.0
2642534,2642535,0.0,1070654,4,2,2,1,-9.0,-9.0,-9.0,-9.0,-9.0,-9,0.0,22715.0,2112.0
2642535,2642536,31.0,1070654,5,2,13,1,1.0,55.0,1.0,-9.0,4.0,3115,3.0,22715.0,2112.0
2642536,2642537,42.0,1070655,1,1,0,1,1.0,45.0,2.0,-9.0,4.0,56173,12.0,22699.0,2110.0
2642537,2642538,10.0,1070655,2,2,2,1,-9.0,-9.0,-9.0,7.0,-9.0,-9,0.0,22699.0,2110.0
2642538,2642539,8.0,1070655,3,1,2,1,-9.0,-9.0,-9.0,5.0,-9.0,-9,0.0,22699.0,2110.0
2642539,2642540,35.0,1070655,4,2,13,1,1.0,43.0,1.0,-9.0,4.0,5415,10.0,22699.0,2110.0
2642540,2642541,42.0,1070656,1,1,0,1,1.0,45.0,2.0,-9.0,4.0,56173,12.0,22714.0,2112.0
2642541,2642542,10.0,1070656,2,2,2,1,-9.0,-9.0,-9.0,7.0,-9.0,-9,0.0,22714.0,2112.0
2642542,2642543,8.0,1070656,3,1,2,1,-9.0,-9.0,-9.0,5.0,-9.0,-9,0.0,22714.0,2112.0
2642543,2642544,35.0,1070656,4,2,13,1,1.0,43.0,1.0,-9.0,4.0,5415,10.0,22714.0,2112.0
2642544,2642545,42.0,1070657,1,1,0,1,1.0,45.0,2.0,-9.0,4.0,56173,12.0,22717.0,2112.0
2642545,2642546,10.0,1070657,2,2,2,1,-9.0,-9.0,-9.0,7.0,-9.0,-9,0.0,22717.0,2112.0
2642546,2642547,8.0,1070657,3,1,2,1,-9.0,-9.0,-9.0,5.0,-9.0,-9,0.0,22717.0,2112.0
2642547,2642548,35.0,1070657,4,2,13,1,1.0,43.0,1.0,-9.0,4.0,5415,10.0,22717.0,2112.0
2642548,2642549,43.0,1070658,1,2,0,1,1.0,35.0,1.0,-9.0,4.0,611M1,13.0,22715.0,2112.0
2642549,2642550,19.0,1070658,2,2,2,1,3.0,-9.0,-9.0,-9.0,4.0,999920,0.0,22715.0,2112.0
2642550,2642551,8.0,1070658,3,1,2,1,-9.0,-9.0,-9.0,6.0,-9.0,-9,0.0,22715.0,2112.0
2642551,2642552,7.0,1070658,4,2,2,1,-9.0,-9.0,-9.0,4.0,-9.0,-9,0.0,22715.0,2112.0
2642552,2642553,5.0,1070658,5,1,2,1,-9.0,-9.0,-9.0,1.0,-9.0,-9,0.0,22715.0,2112.0
2642553,2642554,3.0,1070658,6,2,2,1,-9.0,-9.0,-9.0,1.0,-9.0,-9,0.0,22715.0,2112.0
2642554,2642555,3.0,1070658,7,2,2,1,-9.0,-9.0,-9.0,1.0,-9.0,-9,0.0,22715.0,2112.0
2642555,2642556,13.0,1070658,8,1,5,1,-9.0,-9.0,-9.0,10.0,-9.0,-9,0.0,22715.0,2112.0
2642556,2642557,11.0,1070658,9,1,5,1,-9.0,-9.0,-9.0,8.0,-9.0,-9,0.0,22715.0,2112.0
2642557,2642558,43.0,1070659,1,2,0,1,1.0,35.0,1.0,-9.0,4.0,611M1,13.0,22690.0,2110.0
2642558,2642559,19.0,1070659,2,2,2,1,3.0,-9.0,-9.0,-9.0,4.0,999920,0.0,22690.0,2110.0
2642559,2642560,8.0,1070659,3,1,2,1,-9.0,-9.0,-9.0,6.0,-9.0,-9,0.0,22690.0,2110.0
2642560,2642561,7.0,1070659,4,2,2,1,-9.0,-9.0,-9.0,4.0,-9.0,-9,0.0,22690.0,2110.0
2642561,2642562,5.0,1070659,5,1,2,1,-9.0,-9.0,-9.0,1.0,-9.0,-9,0.0,22690.0,2110.0
2642562,2642563,3.0,1070659,6,2,2,1,-9.0,-9.0,-9.0,1.0,-9.0,-9,0.0,22690.0,2110.0
2642563,2642564,3.0,1070659,7,2,2,1,-9.0,-9.0,-9.0,1.0,-9.0,-9,0.0,22690.0,2110.0
2642564,2642565,13.0,1070659,8,1,5,1,-9.0,-9.0,-9.0,10.0,-9.0,-9,0.0,22690.0,2110.0
2642565,2642566,11.0,1070659,9,1,5,1,-9.0,-9.0,-9.0,8.0,-9.0,-9,0.0,22690.0,2110.0
2642566,2642567,43.0,1070660,1,2,0,1,1.0,35.0,1.0,-9.0,4.0,611M1,13.0,22704.0,2110.0
2642567,2642568,19.0,1070660,2,2,2,1,3.0,-9.0,-9.0,-9.0,4.0,999920,0.0,22704.0,2110.0
2642568,2642569,8.0,1070660,3,1,2,1,-9.0,-9.0,-9.0,6.0,-9.0,-9,0.0,22704.0,2110.0
2642569,2642570,7.0,1070660,4,2,2,1,-9.0,-9.0,-9.0,4.0,-9.0,-9,0.0,22704.0,2110.0
2642570,2642571,5.0,1070660,5,1,2,1,-9.0,-9.0,-9.0,1.0,-9.0,-9,0.0,22704.0,2110.0
2642571,2642572,3.0,1070660,6,2,2,1,-9.0,-9.0,-9.0,1.0,-9.0,-9,0.0,22704.0,2110.0
2642572,2642573,3.0,1070660,7,2,2,1,-9.0,-9.0,-9.0,1.0,-9.0,-9,0.0,22704.0,2110.0
2642573,2642574,13.0,1070660,8,1,5,1,-9.0,-9.0,-9.0,10.0,-9.0,-9,0.0,22704.0,2110.0
2642574,2642575,11.0,1070660,9,1,5,1,-9.0,-9.0,-9.0,8.0,-9.0,-9,0.0,22704.0,2110.0
2642575,2642576,43.0,1070661,1,2,0,1,1.0,35.0,1.0,-9.0,4.0,611M1,13.0,22716.0,2112.0
2642576,2642577,19.0,1070661,2,2,2,1,3.0,-9.0,-9.0,-9.0,4.0,999920,0.0,22716.0,2112.0
2642577,2642578,8.0,1070661,3,1,2,1,-9.0,-9.0,-9.0,6.0,-9.0,-9,0.0,22716.0,2112.0
2642578,2642579,7.0,1070661,4,2,2,1,-9.0,-9.0,-9.0,4.0,-9.0,-9,0.0,22716.0,2112.0
2642579,2642580,5.0,1070661,5,1,2,1,-9.0,-9.0,-9.0,1.0,-9.0,-9,0.0,22716.0,2112.0
2642580,2642581,3.0,1070661,6,2,2,1,-9.0,-9.0,-9.0,1.0,-9.0,-9,0.0,22716.0,2112.0
2642581,2642582,3.0,1070661,7,2,2,1,-9.0,-9.0,-9.0,1.0,-9.0,-9,0.0,22716.0,2112.0
2642582,2642583,13.0,1070661,8,1,5,1,-9.0,-9.0,-9.0,10.0,-9.0,-9,0.0,22716.0,2112.0
2642583,2642584,11.0,1070661,9,1,5,1,-9.0,-9.0,-9.0,8.0,-9.0,-9,0.0,22716.0,2112.0
2642584,2642585,43.0,1070662,1,2,0,1,1.0,35.0,1.0,-9.0,4.0,611M1,13.0,22716.0,2112.0
2642585,2642586,19.0,1070662,2,2,2,1,3.0,-9.0,-9.0,-9.0,4.0,999920,0.0,22716.0,2112.0
2642586,2642587,8.0,1070662,3,1,2,1,-9.0,-9.0,-9.0,6.0,-9.0,-9,0.0,22716.0,2112.0
2642587,2642588,7.0,1070662,4,2,2,1,-9.0,-9.0,-9.0,4.0,-9.0,-9,0.0,22716.0,2112.0
2642588,2642589,5.0,1070662,5,1,2,1,-9.0,-9.0,-9.0,1.0,-9.0,-9,0.0,22716.0,2112.0
2642589,2642590,3.0,1070662,6,2,2,1,-9.0,-9.0,-9.0,1.0,-9.0,-9,0.0,22716.0,2112.0
2642590,2642591,3.0,1070662,7,2,2,1,-9.0,-9.0,-9.0,1.0,-9.0,-9,0.0,22716.0,2112.0
2642591,2642592,13.0,1070662,8,1,5,1,-9.0,-9.0,-9.0,10.0,-9.0,-9,0.0,22716.0,2112.0
2642592,2642593,11.0,1070662,9,1,5,1,-9.0,-9.0,-9.0,8.0,-9.0,-9,0.0,22716.0,2112.0
2642593,2642594,43.0,1070663,1,2,0,1,1.0,35.0,1.0,-9.0,4.0,611M1,13.0,22717.0,2112.0
2642594,2642595,19.0,1070663,2,2,2,1,3.0,-9.0,-9.0,-9.0,4.0,999920,0.0,22717.0,2112.0
2642595,2642596,8.0,1070663,3,1,2,1,-9.0,-9.0,-9.0,6.0,-9.0,-9,0.0,22717.0,2112.0
2642596,2642597,7.0,1070663,4,2,2,1,-9.0,-9.0,-9.0,4.0,-9.0,-9,0.0,22717.0,2112.0
2642597,2642598,5.0,1070663,5,1,2,1,-9.0,-9.0,-9.0,1.0,-9.0,-9,0.0,22717.0,2112.0
2642598,2642599,3.0,1070663,6,2,2,1,-9.0,-9.0,-9.0,1.0,-9.0,-9,0.0,22717.0,2112.0
2642599,2642600,3.0,1070663,7,2,2,1,-9.0,-9.0,-9.0,1.0,-9.0,-9,0.0,22717.0,2112.0
2642600,2642601,13.0,1070663,8,1,5,1,-9.0,-9.0,-9.0,10.0,-9.0,-9,0.0,22717.0,2112.0
2642601,2642602,11.0,1070663,9,1,5,1,-9.0,-9.0,-9.0,8.0,-9.0,-9,0.0,22717.0,2112.0
2642602,2642603,43.0,1070664,1,2,0,1,1.0,35.0,1.0,-9.0,4.0,611M1,13.0,22717.0,2112.0
2642603,2642604,19.0,1070664,2,2,2,1,3.0,-9.0,-9.0,-9.0,4.0,999920,0.0,22717.0,2112.0
2642604,2642605,8.0,1070664,3,1,2,1,-9.0,-9.0,-9.0,6.0,-9.0,-9,0.0,22717.0,2112.0
2642605,2642606,7.0,1070664,4,2,2,1,-9.0,-9.0,-9.0,4.0,-9.0,-9,0.0,22717.0,2112.0
2642606,2642607,5.0,1070664,5,1,2,1,-9.0,-9.0,-9.0,1.0,-9.0,-9,0.0,22717.0,2112.0
2642607,2642608,3.0,1070664,6,2,2,1,-9.0,-9.0,-9.0,1.0,-9.0,-9,0.0,22717.0,2112.0
2642608,2642609,3.0,1070664,7,2,2,1,-9.0,-9.0,-9.0,1.0,-9.0,-9,0.0,22717.0,2112.0
2642609,2642610,13.0,1070664,8,1,5,1,-9.0,-9.0,-9.0,10.0,-9.0,-9,0.0,22717.0,2112.0
2642610,2642611,11.0,1070664,9,1,5,1,-9.0,-9.0,-9.0,8.0,-9.0,-9,0.0,22717.0,2112.0
2642611,2642612,43.0,1070665,1,2,0,1,1.0,35.0,1.0,-9.0,4.0,611M1,13.0,22714.0,2112.0
2642612,2642613,19.0,1070665,2,2,2,1,3.0,-9.0,-9.0,-9.0,4.0,999920,0.0,22714.0,2112.0
2642613,2642614,8.0,1070665,3,1,2,1,-9.0,-9.0,-9.0,6.0,-9.0,-9,0.0,22714.0,2112.0
2642614,2642615,7.0,1070665,4,2,2,1,-9.0,-9.0,-9.0,4.0,-9.0,-9,0.0,22714.0,2112.0
2642615,2642616,5.0,1070665,5,1,2,1,-9.0,-9.0,-9.0,1.0,-9.0,-9,0.0,22714.0,2112.0
2642616,2642617,3.0,1070665,6,2,2,1,-9.0,-9.0,-9.0,1.0,-9.0,-9,0.0,22714.0,2112.0
2642617,2642618,3.0,1070665,7,2,2,1,-9.0,-9.0,-9.0,1.0,-9.0,-9,0.0,22714.0,2112.0
2642618,2642619,13.0,1070665,8,1,5,1,-9.0,-9.0,-9.0,10.0,-9.0,-9,0.0,22714.0,2112.0
2642619,2642620,11.0,1070665,9,1,5,1,-9.0,-9.0,-9.0,8.0,-9.0,-9,0.0,22714.0,2112.0
2642620,2642621,43.0,1070666,1,2,0,1,1.0,35.0,1.0,-9.0,4.0,611M1,13.0,22714.0,2112.0
2642621,2642622,19.0,1070666,2,2,2,1,3.0,-9.0,-9.0,-9.0,4.0,999920,0.0,22714.0,2112.0
2642622,2642623,8.0,1070666,3,1,2,1,-9.0,-9.0,-9.0,6.0,-9.0,-9,0.0,22714.0,2112.0
2642623,2642624,7.0,1070666,4,2,2,1,-9.0,-9.0,-9.0,4.0,-9.0,-9,0.0,22714.0,2112.0
2642624,2642625,5.0,1070666,5,1,2,1,-9.0,-9.0,-9.0,1.0,-9.0,-9,0.0,22714.0,2112.0
2642625,2642626,3.0,1070666,6,2,2,1,-9.0,-9.0,-9.0,1.0,-9.0,-9,0.0,22714.0,2112.0
2642626,2642627,3.0,1070666,7,2,2,1,-9.0,-9.0,-9.0,1.0,-9.0,-9,0.0,22714.0,2112.0
2642627,2642628,13.0,1070666,8,1,5,1,-9.0,-9.0,-9.0,10.0,-9.0,-9,0.0,22714.0,2112.0
2642628,2642629,11.0,1070666,9,1,5,1,-9.0,-9.0,-9.0,8.0,-9.0,-9,0.0,22714.0,2112.0
2642629,2642630,43.0,1070667,1,2,0,1,1.0,35.0,1.0,-9.0,4.0,611M1,13.0,22690.0,2110.0
2642630,2642631,19.0,1070667,2,2,2,1,3.0,-9.0,-9.0,-9.0,4.0,999920,0.0,22690.0,2110.0
2642631,2642632,8.0,1070667,3,1,2,1,-9.0,-9.0,-9.0,6.0,-9.0,-9,0.0,22690.0,2110.0
2642632,2642633,7.0,1070667,4,2,2,1,-9.0,-9.0,-9.0,4.0,-9.0,-9,0.0,22690.0,2110.0
2642633,2642634,5.0,1070667,5,1,2,1,-9.0,-9.0,-9.0,1.0,-9.0,-9,0.0,22690.0,2110.0
2642634,2642635,3.0,1070667,6,2,2,1,-9.0,-9.0,-9.0,1.0,-9.0,-9,0.0,22690.0,2110.0
2642635,2642636,3.0,1070667,7,2,2,1,-9.0,-9.0,-9.0,1.0,-9.0,-9,0.0,22690.0,2110.0
2642636,2642637,13.0,1070667,8,1,5,1,-9.0,-9.0,-9.0,10.0,-9.0,-9,0.0,22690.0,2110.0
2642637,2642638,11.0,1070667,9,1,5,1,-9.0,-9.0,-9.0,8.0,-9.0,-9,0.0,22690.0,2110.0
2642638,2642639,43.0,1070668,1,2,0,1,1.0,35.0,1.0,-9.0,4.0,611M1,13.0,22704.0,2110.0
2642639,2642640,19.0,1070668,2,2,2,1,3.0,-9.0,-9.0,-9.0,4.0,999920,0.0,22704.0,2110.0
2642640,2642641,8.0,1070668,3,1,2,1,-9.0,-9.0,-9.0,6.0,-9.0,-9,0.0,22704.0,2110.0
2642641,2642642,7.0,1070668,4,2,2,1,-9.0,-9.0,-9.0,4.0,-9.0,-9,0.0,22704.0,2110.0
2642642,2642643,5.0,1070668,5,1,2,1,-9.0,-9.0,-9.0,1.0,-9.0,-9,0.0,22704.0,2110.0
2642643,2642644,3.0,1070668,6,2,2,1,-9.0,-9.0,-9.0,1.0,-9.0,-9,0.0,22704.0,2110.0
2642644,2642645,3.0,1070668,7,2,2,1,-9.0,-9.0,-9.0,1.0,-9.0,-9,0.0,22704.0,2110.0
2642645,2642646,13.0,1070668,8,1,5,1,-9.0,-9.0,-9.0,10.0,-9.0,-9,0.0,22704.0,2110.0
2642646,2642647,11.0,1070668,9,1,5,1,-9.0,-9.0,-9.0,8.0,-9.0,-9,0.0,22704.0,2110.0
2642647,2642648,43.0,1070669,1,2,0,1,1.0,35.0,1.0,-9.0,4.0,611M1,13.0,22704.0,2110.0
2642648,2642649,19.0,1070669,2,2,2,1,3.0,-9.0,-9.0,-9.0,4.0,999920,0.0,22704.0,2110.0
2642649,2642650,8.0,1070669,3,1,2,1,-9.0,-9.0,-9.0,6.0,-9.0,-9,0.0,22704.0,2110.0
2642650,2642651,7.0,1070669,4,2,2,1,-9.0,-9.0,-9.0,4.0,-9.0,-9,0.0,22704.0,2110.0
2642651,2642652,5.0,1070669,5,1,2,1,-9.0,-9.0,-9.0,1.0,-9.0,-9,0.0,22704.0,2110.0
2642652,2642653,3.0,1070669,6,2,2,1,-9.0,-9.0,-9.0,1.0,-9.0,-9,0.0,22704.0,2110.0
2642653,2642654,3.0,1070669,7,2,2,1,-9.0,-9.0,-9.0,1.0,-9.0,-9,0.0,22704.0,2110.0
2642654,2642655,13.0,1070669,8,1,5,1,-9.0,-9.0,-9.0,10.0,-9.0,-9,0.0,22704.0,2110.0
2642655,2642656,11.0,1070669,9,1,5,1,-9.0,-9.0,-9.0,8.0,-9.0,-9,0.0,22704.0,2110.0
2642656,2642657,43.0,1070670,1,2,0,1,1.0,35.0,1.0,-9.0,4.0,611M1,13.0,22699.0,2110.0
2642657,2642658,19.0,1070670,2,2,2,1,3.0,-9.0,-9.0,-9.0,4.0,999920,0.0,22699.0,2110.0
2642658,2642659,8.0,1070670,3,1,2,1,-9.0,-9.0,-9.0,6.0,-9.0,-9,0.0,22699.0,2110.0
2642659,2642660,7.0,1070670,4,2,2,1,-9.0,-9.0,-9.0,4.0,-9.0,-9,0.0,22699.0,2110.0
2642660,2642661,5.0,1070670,5,1,2,1,-9.0,-9.0,-9.0,1.0,-9.0,-9,0.0,22699.0,2110.0
2642661,2642662,3.0,1070670,6,2,2,1,-9.0,-9.0,-9.0,1.0,-9.0,-9,0.0,22699.0,2110.0
2642662,2642663,3.0,1070670,7,2,2,1,-9.0,-9.0,-9.0,1.0,-9.0,-9,0.0,22699.0,2110.0
2642663,2642664,13.0,1070670,8,1,5,1,-9.0,-9.0,-9.0,10.0,-9.0,-9,0.0,22699.0,2110.0
2642664,2642665,11.0,1070670,9,1,5,1,-9.0,-9.0,-9.0,8.0,-9.0,-9,0.0,22699.0,2110.0
2642665,2642666,43.0,1070671,1,2,0,1,1.0,35.0,1.0,-9.0,4.0,611M1,13.0,22717.0,2112.0
2642666,2642667,19.0,1070671,2,2,2,1,3.0,-9.0,-9.0,-9.0,4.0,999920,0.0,22717.0,2112.0
2642667,2642668,8.0,1070671,3,1,2,1,-9.0,-9.0,-9.0,6.0,-9.0,-9,0.0,22717.0,2112.0
2642668,2642669,7.0,1070671,4,2,2,1,-9.0,-9.0,-9.0,4.0,-9.0,-9,0.0,22717.0,2112.0
2642669,2642670,5.0,1070671,5,1,2,1,-9.0,-9.0,-9.0,1.0,-9.0,-9,0.0,22717.0,2112.0
2642670,2642671,3.0,1070671,6,2,2,1,-9.0,-9.0,-9.0,1.0,-9.0,-9,0.0,22717.0,2112.0
2642671,2642672,3.0,1070671,7,2,2,1,-9.0,-9.0,-9.0,1.0,-9.0,-9,0.0,22717.0,2112.0
2642672,2642673,13.0,1070671,8,1,5,1,-9.0,-9.0,-9.0,10.0,-9.0,-9,0.0,22717.0,2112.0
2642673,2642674,11.0,1070671,9,1,5,1,-9.0,-9.0,-9.0,8.0,-9.0,-9,0.0,22717.0,2112.0
2642674,2642675,43.0,1070672,1,2,0,1,1.0,35.0,1.0,-9.0,4.0,611M1,13.0,22716.0,2112.0
2642675,2642676,19.0,1070672,2,2,2,1,3.0,-9.0,-9.0,-9.0,4.0,999920,0.0,22716.0,2112.0
2642676,2642677,8.0,1070672,3,1,2,1,-9.0,-9.0,-9.0,6.0,-9.0,-9,0.0,22716.0,2112.0
2642677,2642678,7.0,1070672,4,2,2,1,-9.0,-9.0,-9.0,4.0,-9.0,-9,0.0,22716.0,2112.0
2642678,2642679,5.0,1070672,5,1,2,1,-9.0,-9.0,-9.0,1.0,-9.0,-9,0.0,22716.0,2112.0
2642679,2642680,3.0,1070672,6,2,2,1,-9.0,-9.0,-9.0,1.0,-9.0,-9,0.0,22716.0,2112.0
2642680,2642681,3.0,1070672,7,2,2,1,-9.0,-9.0,-9.0,1.0,-9.0,-9,0.0,22716.0,2112.0
2642681,2642682,13.0,1070672,8,1,5,1,-9.0,-9.0,-9.0,10.0,-9.0,-9,0.0,22716.0,2112.0
2642682,2642683,11.0,1070672,9,1,5,1,-9.0,-9.0,-9.0,8.0,-9.0,-9,0.0,22716.0,2112.0
2642683,2642684,43.0,1070673,1,2,0,1,1.0,35.0,1.0,-9.0,4.0,611M1,13.0,22717.0,2112.0
2642684,2642685,19.0,1070673,2,2,2,1,3.0,-9.0,-9.0,-9.0,4.0,999920,0.0,22717.0,2112.0
2642685,2642686,8.0,1070673,3,1,2,1,-9.0,-9.0,-9.0,6.0,-9.0,-9,0.0,22717.0,2112.0
2642686,2642687,7.0,1070673,4,2,2,1,-9.0,-9.0,-9.0,4.0,-9.0,-9,0.0,22717.0,2112.0
2642687,2642688,5.0,1070673,5,1,2,1,-9.0,-9.0,-9.0,1.0,-9.0,-9,0.0,22717.0,2112.0
2642688,2642689,3.0,1070673,6,2,2,1,-9.0,-9.0,-9.0,1.0,-9.0,-9,0.0,22717.0,2112.0
2642689,2642690,3.0,1070673,7,2,2,1,-9.0,-9.0,-9.0,1.0,-9.0,-9,0.0,22717.0,2112.0
2642690,2642691,13.0,1070673,8,1,5,1,-9.0,-9.0,-9.0,10.0,-9.0,-9,0.0,22717.0,2112.0
2642691,2642692,11.0,1070673,9,1,5,1,-9.0,-9.0,-9.0,8.0,-9.0,-9,0.0,22717.0,2112.0
2642692,2642693,43.0,1070674,1,2,0,1,1.0,35.0,1.0,-9.0,4.0,611M1,13.0,22716.0,2112.0
2642693,2642694,19.0,1070674,2,2,2,1,3.0,-9.0,-9.0,-9.0,4.0,999920,0.0,22716.0,2112.0
2642694,2642695,8.0,1070674,3,1,2,1,-9.0,-9.0,-9.0,6.0,-9.0,-9,0.0,22716.0,2112.0
2642695,2642696,7.0,1070674,4,2,2,1,-9.0,-9.0,-9.0,4.0,-9.0,-9,0.0,22716.0,2112.0
2642696,2642697,5.0,1070674,5,1,2,1,-9.0,-9.0,-9.0,1.0,-9.0,-9,0.0,22716.0,2112.0
2642697,2642698,3.0,1070674,6,2,2,1,-9.0,-9.0,-9.0,1.0,-9.0,-9,0.0,22716.0,2112.0
2642698,2642699,3.0,1070674,7,2,2,1,-9.0,-9.0,-9.0,1.0,-9.0,-9,0.0,22716.0,2112.0
2642699,2642700,13.0,1070674,8,1,5,1,-9.0,-9.0,-9.0,10.0,-9.0,-9,0.0,22716.0,2112.0
2642700,2642701,11.0,1070674,9,1,5,1,-9.0,-9.0,-9.0,8.0,-9.0,-9,0.0,22716.0,2112.0
2642701,2642702,43.0,1070675,1,2,0,1,1.0,35.0,1.0,-9.0,4.0,611M1,13.0,22715.0,2112.0
2642702,2642703,19.0,1070675,2,2,2,1,3.0,-9.0,-9.0,-9.0,4.0,999920,0.0,22715.0,2112.0
2642703,2642704,8.0,1070675,3,1,2,1,-9.0,-9.0,-9.0,6.0,-9.0,-9,0.0,22715.0,2112.0
2642704,2642705,7.0,1070675,4,2,2,1,-9.0,-9.0,-9.0,4.0,-9.0,-9,0.0,22715.0,2112.0
2642705,2642706,5.0,1070675,5,1,2,1,-9.0,-9.0,-9.0,1.0,-9.0,-9,0.0,22715.0,2112.0
2642706,2642707,3.0,1070675,6,2,2,1,-9.0,-9.0,-9.0,1.0,-9.0,-9,0.0,22715.0,2112.0
2642707,2642708,3.0,1070675,7,2,2,1,-9.0,-9.0,-9.0,1.0,-9.0,-9,0.0,22715.0,2112.0
2642708,2642709,13.0,1070675,8,1,5,1,-9.0,-9.0,-9.0,10.0,-9.0,-9,0.0,22715.0,2112.0
2642709,2642710,11.0,1070675,9,1,5,1,-9.0,-9.0,-9.0,8.0,-9.0,-9,0.0,22715.0,2112.0
2642710,2642711,43.0,1070676,1,2,0,1,1.0,35.0,1.0,-9.0,4.0,611M1,13.0,22714.0,2112.0
2642711,2642712,19.0,1070676,2,2,2,1,3.0,-9.0,-9.0,-9.0,4.0,999920,0.0,22714.0,2112.0
2642712,2642713,8.0,1070676,3,1,2,1,-9.0,-9.0,-9.0,6.0,-9.0,-9,0.0,22714.0,2112.0
2642713,2642714,7.0,1070676,4,2,2,1,-9.0,-9.0,-9.0,4.0,-9.0,-9,0.0,22714.0,2112.0
2642714,2642715,5.0,1070676,5,1,2,1,-9.0,-9.0,-9.0,1.0,-9.0,-9,0.0,22714.0,2112.0
2642715,2642716,3.0,1070676,6,2,2,1,-9.0,-9.0,-9.0,1.0,-9.0,-9,0.0,22714.0,2112.0
2642716,2642717,3.0,1070676,7,2,2,1,-9.0,-9.0,-9.0,1.0,-9.0,-9,0.0,22714.0,2112.0
2642717,2642718,13.0,1070676,8,1,5,1,-9.0,-9.0,-9.0,10.0,-9.0,-9,0.0,22714.0,2112.0
2642718,2642719,11.0,1070676,9,1,5,1,-9.0,-9.0,-9.0,8.0,-9.0,-9,0.0,22714.0,2112.0
2642719,2642720,43.0,1070677,1,2,0,1,1.0,35.0,1.0,-9.0,4.0,611M1,13.0,22714.0,2112.0
2642720,2642721,19.0,1070677,2,2,2,1,3.0,-9.0,-9.0,-9.0,4.0,999920,0.0,22714.0,2112.0
2642721,2642722,8.0,1070677,3,1,2,1,-9.0,-9.0,-9.0,6.0,-9.0,-9,0.0,22714.0,2112.0
2642722,2642723,7.0,1070677,4,2,2,1,-9.0,-9.0,-9.0,4.0,-9.0,-9,0.0,22714.0,2112.0
2642723,2642724,5.0,1070677,5,1,2,1,-9.0,-9.0,-9.0,1.0,-9.0,-9,0.0,22714.0,2112.0
2642724,2642725,3.0,1070677,6,2,2,1,-9.0,-9.0,-9.0,1.0,-9.0,-9,0.0,22714.0,2112.0
2642725,2642726,3.0,1070677,7,2,2,1,-9.0,-9.0,-9.0,1.0,-9.0,-9,0.0,22714.0,2112.0
2642726,2642727,13.0,1070677,8,1,5,1,-9.0,-9.0,-9.0,10.0,-9.0,-9,0.0,22714.0,2112.0
2642727,2642728,11.0,1070677,9,1,5,1,-9.0,-9.0,-9.0,8.0,-9.0,-9,0.0,22714.0,2112.0
2642728,2642729,43.0,1070678,1,2,0,1,1.0,35.0,1.0,-9.0,4.0,611M1,13.0,22690.0,2110.0
2642729,2642730,19.0,1070678,2,2,2,1,3.0,-9.0,-9.0,-9.0,4.0,999920,0.0,22690.0,2110.0
2642730,2642731,8.0,1070678,3,1,2,1,-9.0,-9.0,-9.0,6.0,-9.0,-9,0.0,22690.0,2110.0
2642731,2642732,7.0,1070678,4,2,2,1,-9.0,-9.0,-9.0,4.0,-9.0,-9,0.0,22690.0,2110.0
2642732,2642733,5.0,1070678,5,1,2,1,-9.0,-9.0,-9.0,1.0,-9.0,-9,0.0,22690.0,2110.0
2642733,2642734,3.0,1070678,6,2,2,1,-9.0,-9.0,-9.0,1.0,-9.0,-9,0.0,22690.0,2110.0
2642734,2642735,3.0,1070678,7,2,2,1,-9.0,-9.0,-9.0,1.0,-9.0,-9,0.0,22690.0,2110.0
2642735,2642736,13.0,1070678,8,1,5,1,-9.0,-9.0,-9.0,10.0,-9.0,-9,0.0,22690.0,2110.0
2642736,2642737,11.0,1070678,9,1,5,1,-9.0,-9.0,-9.0,8.0,-9.0,-9,0.0,22690.0,2110.0
2642737,2642738,43.0,1070679,1,2,0,1,1.0,35.0,1.0,-9.0,4.0,611M1,13.0,22714.0,2112.0
2642738,2642739,19.0,1070679,2,2,2,1,3.0,-9.0,-9.0,-9.0,4.0,999920,0.0,22714.0,2112.0
2642739,2642740,8.0,1070679,3,1,2,1,-9.0,-9.0,-9.0,6.0,-9.0,-9,0.0,22714.0,2112.0
2642740,2642741,7.0,1070679,4,2,2,1,-9.0,-9.0,-9.0,4.0,-9.0,-9,0.0,22714.0,2112.0
2642741,2642742,5.0,1070679,5,1,2,1,-9.0,-9.0,-9.0,1.0,-9.0,-9,0.0,22714.0,2112.0
2642742,2642743,3.0,1070679,6,2,2,1,-9.0,-9.0,-9.0,1.0,-9.0,-9,0.0,22714.0,2112.0
2642743,2642744,3.0,1070679,7,2,2,1,-9.0,-9.0,-9.0,1.0,-9.0,-9,0.0,22714.0,2112.0
2642744,2642745,13.0,1070679,8,1,5,1,-9.0,-9.0,-9.0,10.0,-9.0,-9,0.0,22714.0,2112.0
2642745,2642746,11.0,1070679,9,1,5,1,-9.0,-9.0,-9.0,8.0,-9.0,-9,0.0,22714.0,2112.0
2642746,2642747,43.0,1070680,1,2,0,1,1.0,35.0,1.0,-9.0,4.0,611M1,13.0,22718.0,2112.0
2642747,2642748,19.0,1070680,2,2,2,1,3.0,-9.0,-9.0,-9.0,4.0,999920,0.0,22718.0,2112.0
2642748,2642749,8.0,1070680,3,1,2,1,-9.0,-9.0,-9.0,6.0,-9.0,-9,0.0,22718.0,2112.0
2642749,2642750,7.0,1070680,4,2,2,1,-9.0,-9.0,-9.0,4.0,-9.0,-9,0.0,22718.0,2112.0
2642750,2642751,5.0,1070680,5,1,2,1,-9.0,-9.0,-9.0,1.0,-9.0,-9,0.0,22718.0,2112.0
2642751,2642752,3.0,1070680,6,2,2,1,-9.0,-9.0,-9.0,1.0,-9.0,-9,0.0,22718.0,2112.0
2642752,2642753,3.0,1070680,7,2,2,1,-9.0,-9.0,-9.0,1.0,-9.0,-9,0.0,22718.0,2112.0
2642753,2642754,13.0,1070680,8,1,5,1,-9.0,-9.0,-9.0,10.0,-9.0,-9,0.0,22718.0,2112.0
2642754,2642755,11.0,1070680,9,1,5,1,-9.0,-9.0,-9.0,8.0,-9.0,-9,0.0,22718.0,2112.0
2642755,2642756,43.0,1070681,1,2,0,1,1.0,35.0,1.0,-9.0,4.0,611M1,13.0,22714.0,2112.0
2642756,2642757,19.0,1070681,2,2,2,1,3.0,-9.0,-9.0,-9.0,4.0,999920,0.0,22714.0,2112.0
2642757,2642758,8.0,1070681,3,1,2,1,-9.0,-9.0,-9.0,6.0,-9.0,-9,0.0,22714.0,2112.0
2642758,2642759,7.0,1070681,4,2,2,1,-9.0,-9.0,-9.0,4.0,-9.0,-9,0.0,22714.0,2112.0
2642759,2642760,5.0,1070681,5,1,2,1,-9.0,-9.0,-9.0,1.0,-9.0,-9,0.0,22714.0,2112.0
2642760,2642761,3.0,1070681,6,2,2,1,-9.0,-9.0,-9.0,1.0,-9.0,-9,0.0,22714.0,2112.0
2642761,2642762,3.0,1070681,7,2,2,1,-9.0,-9.0,-9.0,1.0,-9.0,-9,0.0,22714.0,2112.0
2642762,2642763,13.0,1070681,8,1,5,1,-9.0,-9.0,-9.0,10.0,-9.0,-9,0.0,22714.0,2112.0
2642763,2642764,11.0,1070681,9,1,5,1,-9.0,-9.0,-9.0,8.0,-9.0,-9,0.0,22714.0,2112.0
2642764,2642765,43.0,1070682,1,2,0,1,1.0,35.0,1.0,-9.0,4.0,611M1,13.0,22719.0,2112.0
2642765,2642766,19.0,1070682,2,2,2,1,3.0,-9.0,-9.0,-9.0,4.0,999920,0.0,22719.0,2112.0
2642766,2642767,8.0,1070682,3,1,2,1,-9.0,-9.0,-9.0,6.0,-9.0,-9,0.0,22719.0,2112.0
2642767,2642768,7.0,1070682,4,2,2,1,-9.0,-9.0,-9.0,4.0,-9.0,-9,0.0,22719.0,2112.0
2642768,2642769,5.0,1070682,5,1,2,1,-9.0,-9.0,-9.0,1.0,-9.0,-9,0.0,22719.0,2112.0
2642769,2642770,3.0,1070682,6,2,2,1,-9.0,-9.0,-9.0,1.0,-9.0,-9,0.0,22719.0,2112.0
2642770,2642771,3.0,1070682,7,2,2,1,-9.0,-9.0,-9.0,1.0,-9.0,-9,0.0,22719.0,2112.0
2642771,2642772,13.0,1070682,8,1,5,1,-9.0,-9.0,-9.0,10.0,-9.0,-9,0.0,22719.0,2112.0
2642772,2642773,11.0,1070682,9,1,5,1,-9.0,-9.0,-9.0,8.0,-9.0,-9,0.0,22719.0,2112.0
2642773,2642774,43.0,1070683,1,2,0,1,1.0,35.0,1.0,-9.0,4.0,611M1,13.0,22718.0,2112.0
2642774,2642775,19.0,1070683,2,2,2,1,3.0,-9.0,-9.0,-9.0,4.0,999920,0.0,22718.0,2112.0
2642775,2642776,8.0,1070683,3,1,2,1,-9.0,-9.0,-9.0,6.0,-9.0,-9,0.0,22718.0,2112.0
2642776,2642777,7.0,1070683,4,2,2,1,-9.0,-9.0,-9.0,4.0,-9.0,-9,0.0,22718.0,2112.0
2642777,2642778,5.0,1070683,5,1,2,1,-9.0,-9.0,-9.0,1.0,-9.0,-9,0.0,22718.0,2112.0
2642778,2642779,3.0,1070683,6,2,2,1,-9.0,-9.0,-9.0,1.0,-9.0,-9,0.0,22718.0,2112.0
2642779,2642780,3.0,1070683,7,2,2,1,-9.0,-9.0,-9.0,1.0,-9.0,-9,0.0,22718.0,2112.0
2642780,2642781,13.0,1070683,8,1,5,1,-9.0,-9.0,-9.0,10.0,-9.0,-9,0.0,22718.0,2112.0
2642781,2642782,11.0,1070683,9,1,5,1,-9.0,-9.0,-9.0,8.0,-9.0,-9,0.0,22718.0,2112.0
2642782,2642783,43.0,1070684,1,2,0,1,1.0,35.0,1.0,-9.0,4.0,611M1,13.0,22683.0,2108.0
2642783,2642784,19.0,1070684,2,2,2,1,3.0,-9.0,-9.0,-9.0,4.0,999920,0.0,22683.0,2108.0
2642784,2642785,8.0,1070684,3,1,2,1,-9.0,-9.0,-9.0,6.0,-9.0,-9,0.0,22683.0,2108.0
2642785,2642786,7.0,1070684,4,2,2,1,-9.0,-9.0,-9.0,4.0,-9.0,-9,0.0,22683.0,2108.0
2642786,2642787,5.0,1070684,5,1,2,1,-9.0,-9.0,-9.0,1.0,-9.0,-9,0.0,22683.0,2108.0
2642787,2642788,3.0,1070684,6,2,2,1,-9.0,-9.0,-9.0,1.0,-9.0,-9,0.0,22683.0,2108.0
2642788,2642789,3.0,1070684,7,2,2,1,-9.0,-9.0,-9.0,1.0,-9.0,-9,0.0,22683.0,2108.0
2642789,2642790,13.0,1070684,8,1,5,1,-9.0,-9.0,-9.0,10.0,-9.0,-9,0.0,22683.0,2108.0
2642790,2642791,11.0,1070684,9,1,5,1,-9.0,-9.0,-9.0,8.0,-9.0,-9,0.0,22683.0,2108.0
2642791,2642792,43.0,1070685,1,2,0,1,1.0,35.0,1.0,-9.0,4.0,611M1,13.0,22715.0,2112.0
2642792,2642793,19.0,1070685,2,2,2,1,3.0,-9.0,-9.0,-9.0,4.0,999920,0.0,22715.0,2112.0
2642793,2642794,8.0,1070685,3,1,2,1,-9.0,-9.0,-9.0,6.0,-9.0,-9,0.0,22715.0,2112.0
2642794,2642795,7.0,1070685,4,2,2,1,-9.0,-9.0,-9.0,4.0,-9.0,-9,0.0,22715.0,2112.0
2642795,2642796,5.0,1070685,5,1,2,1,-9.0,-9.0,-9.0,1.0,-9.0,-9,0.0,22715.0,2112.0
2642796,2642797,3.0,1070685,6,2,2,1,-9.0,-9.0,-9.0,1.0,-9.0,-9,0.0,22715.0,2112.0
2642797,2642798,3.0,1070685,7,2,2,1,-9.0,-9.0,-9.0,1.0,-9.0,-9,0.0,22715.0,2112.0
2642798,2642799,13.0,1070685,8,1,5,1,-9.0,-9.0,-9.0,10.0,-9.0,-9,0.0,22715.0,2112.0
2642799,2642800,11.0,1070685,9,1,5,1,-9.0,-9.0,-9.0,8.0,-9.0,-9,0.0,22715.0,2112.0
2642800,2642801,43.0,1070686,1,2,0,1,1.0,35.0,1.0,-9.0,4.0,611M1,13.0,22716.0,2112.0
2642801,2642802,19.0,1070686,2,2,2,1,3.0,-9.0,-9.0,-9.0,4.0,999920,0.0,22716.0,2112.0
2642802,2642803,8.0,1070686,3,1,2,1,-9.0,-9.0,-9.0,6.0,-9.0,-9,0.0,22716.0,2112.0
2642803,2642804,7.0,1070686,4,2,2,1,-9.0,-9.0,-9.0,4.0,-9.0,-9,0.0,22716.0,2112.0
2642804,2642805,5.0,1070686,5,1,2,1,-9.0,-9.0,-9.0,1.0,-9.0,-9,0.0,22716.0,2112.0
2642805,2642806,3.0,1070686,6,2,2,1,-9.0,-9.0,-9.0,1.0,-9.0,-9,0.0,22716.0,2112.0
2642806,2642807,3.0,1070686,7,2,2,1,-9.0,-9.0,-9.0,1.0,-9.0,-9,0.0,22716.0,2112.0
2642807,2642808,13.0,1070686,8,1,5,1,-9.0,-9.0,-9.0,10.0,-9.0,-9,0.0,22716.0,2112.0
2642808,2642809,11.0,1070686,9,1,5,1,-9.0,-9.0,-9.0,8.0,-9.0,-9,0.0,22716.0,2112.0
2642809,2642810,43.0,1070687,1,2,0,1,1.0,35.0,1.0,-9.0,4.0,611M1,13.0,22719.0,2112.0
2642810,2642811,19.0,1070687,2,2,2,1,3.0,-9.0,-9.0,-9.0,4.0,999920,0.0,22719.0,2112.0
2642811,2642812,8.0,1070687,3,1,2,1,-9.0,-9.0,-9.0,6.0,-9.0,-9,0.0,22719.0,2112.0
2642812,2642813,7.0,1070687,4,2,2,1,-9.0,-9.0,-9.0,4.0,-9.0,-9,0.0,22719.0,2112.0
2642813,2642814,5.0,1070687,5,1,2,1,-9.0,-9.0,-9.0,1.0,-9.0,-9,0.0,22719.0,2112.0
2642814,2642815,3.0,1070687,6,2,2,1,-9.0,-9.0,-9.0,1.0,-9.0,-9,0.0,22719.0,2112.0
2642815,2642816,3.0,1070687,7,2,2,1,-9.0,-9.0,-9.0,1.0,-9.0,-9,0.0,22719.0,2112.0
2642816,2642817,13.0,1070687,8,1,5,1,-9.0,-9.0,-9.0,10.0,-9.0,-9,0.0,22719.0,2112.0
2642817,2642818,11.0,1070687,9,1,5,1,-9.0,-9.0,-9.0,8.0,-9.0,-9,0.0,22719.0,2112.0
2642818,2642819,43.0,1070688,1,2,0,1,1.0,35.0,1.0,-9.0,4.0,611M1,13.0,22699.0,2110.0
2642819,2642820,19.0,1070688,2,2,2,1,3.0,-9.0,-9.0,-9.0,4.0,999920,0.0,22699.0,2110.0
2642820,2642821,8.0,1070688,3,1,2,1,-9.0,-9.0,-9.0,6.0,-9.0,-9,0.0,22699.0,2110.0
2642821,2642822,7.0,1070688,4,2,2,1,-9.0,-9.0,-9.0,4.0,-9.0,-9,0.0,22699.0,2110.0
2642822,2642823,5.0,1070688,5,1,2,1,-9.0,-9.0,-9.0,1.0,-9.0,-9,0.0,22699.0,2110.0
2642823,2642824,3.0,1070688,6,2,2,1,-9.0,-9.0,-9.0,1.0,-9.0,-9,0.0,22699.0,2110.0
2642824,2642825,3.0,1070688,7,2,2,1,-9.0,-9.0,-9.0,1.0,-9.0,-9,0.0,22699.0,2110.0
2642825,2642826,13.0,1070688,8,1,5,1,-9.0,-9.0,-9.0,10.0,-9.0,-9,0.0,22699.0,2110.0
2642826,2642827,11.0,1070688,9,1,5,1,-9.0,-9.0,-9.0,8.0,-9.0,-9,0.0,22699.0,2110.0
2642827,2642828,43.0,1070689,1,2,0,1,1.0,35.0,1.0,-9.0,4.0,611M1,13.0,22719.0,2112.0
2642828,2642829,19.0,1070689,2,2,2,1,3.0,-9.0,-9.0,-9.0,4.0,999920,0.0,22719.0,2112.0
2642829,2642830,8.0,1070689,3,1,2,1,-9.0,-9.0,-9.0,6.0,-9.0,-9,0.0,22719.0,2112.0
2642830,2642831,7.0,1070689,4,2,2,1,-9.0,-9.0,-9.0,4.0,-9.0,-9,0.0,22719.0,2112.0
2642831,2642832,5.0,1070689,5,1,2,1,-9.0,-9.0,-9.0,1.0,-9.0,-9,0.0,22719.0,2112.0
2642832,2642833,3.0,1070689,6,2,2,1,-9.0,-9.0,-9.0,1.0,-9.0,-9,0.0,22719.0,2112.0
2642833,2642834,3.0,1070689,7,2,2,1,-9.0,-9.0,-9.0,1.0,-9.0,-9,0.0,22719.0,2112.0
2642834,2642835,13.0,1070689,8,1,5,1,-9.0,-9.0,-9.0,10.0,-9.0,-9,0.0,22719.0,2112.0
2642835,2642836,11.0,1070689,9,1,5,1,-9.0,-9.0,-9.0,8.0,-9.0,-9,0.0,22719.0,2112.0
2642836,2642837,43.0,1070690,1,2,0,1,1.0,35.0,1.0,-9.0,4.0,611M1,13.0,22704.0,2110.0
2642837,2642838,19.0,1070690,2,2,2,1,3.0,-9.0,-9.0,-9.0,4.0,999920,0.0,22704.0,2110.0
2642838,2642839,8.0,1070690,3,1,2,1,-9.0,-9.0,-9.0,6.0,-9.0,-9,0.0,22704.0,2110.0
2642839,2642840,7.0,1070690,4,2,2,1,-9.0,-9.0,-9.0,4.0,-9.0,-9,0.0,22704.0,2110.0
2642840,2642841,5.0,1070690,5,1,2,1,-9.0,-9.0,-9.0,1.0,-9.0,-9,0.0,22704.0,2110.0
2642841,2642842,3.0,1070690,6,2,2,1,-9.0,-9.0,-9.0,1.0,-9.0,-9,0.0,22704.0,2110.0
2642842,2642843,3.0,1070690,7,2,2,1,-9.0,-9.0,-9.0,1.0,-9.0,-9,0.0,22704.0,2110.0
2642843,2642844,13.0,1070690,8,1,5,1,-9.0,-9.0,-9.0,10.0,-9.0,-9,0.0,22704.0,2110.0
2642844,2642845,11.0,1070690,9,1,5,1,-9.0,-9.0,-9.0,8.0,-9.0,-9,0.0,22704.0,2110.0
2642845,2642846,43.0,1070691,1,2,0,1,1.0,35.0,1.0,-9.0,4.0,611M1,13.0,22704.0,2110.0
2642846,2642847,19.0,1070691,2,2,2,1,3.0,-9.0,-9.0,-9.0,4.0,999920,0.0,22704.0,2110.0
2642847,2642848,8.0,1070691,3,1,2,1,-9.0,-9.0,-9.0,6.0,-9.0,-9,0.0,22704.0,2110.0
2642848,2642849,7.0,1070691,4,2,2,1,-9.0,-9.0,-9.0,4.0,-9.0,-9,0.0,22704.0,2110.0
2642849,2642850,5.0,1070691,5,1,2,1,-9.0,-9.0,-9.0,1.0,-9.0,-9,0.0,22704.0,2110.0
2642850,2642851,3.0,1070691,6,2,2,1,-9.0,-9.0,-9.0,1.0,-9.0,-9,0.0,22704.0,2110.0
2642851,2642852,3.0,1070691,7,2,2,1,-9.0,-9.0,-9.0,1.0,-9.0,-9,0.0,22704.0,2110.0
2642852,2642853,13.0,1070691,8,1,5,1,-9.0,-9.0,-9.0,10.0,-9.0,-9,0.0,22704.0,2110.0
2642853,2642854,11.0,1070691,9,1,5,1,-9.0,-9.0,-9.0,8.0,-9.0,-9,0.0,22704.0,2110.0
2642854,2642855,43.0,1070692,1,2,0,1,1.0,35.0,1.0,-9.0,4.0,611M1,13.0,22699.0,2110.0
2642855,2642856,19.0,1070692,2,2,2,1,3.0,-9.0,-9.0,-9.0,4.0,999920,0.0,22699.0,2110.0
2642856,2642857,8.0,1070692,3,1,2,1,-9.0,-9.0,-9.0,6.0,-9.0,-9,0.0,22699.0,2110.0
2642857,2642858,7.0,1070692,4,2,2,1,-9.0,-9.0,-9.0,4.0,-9.0,-9,0.0,22699.0,2110.0
2642858,2642859,5.0,1070692,5,1,2,1,-9.0,-9.0,-9.0,1.0,-9.0,-9,0.0,22699.0,2110.0
2642859,2642860,3.0,1070692,6,2,2,1,-9.0,-9.0,-9.0,1.0,-9.0,-9,0.0,22699.0,2110.0
2642860,2642861,3.0,1070692,7,2,2,1,-9.0,-9.0,-9.0,1.0,-9.0,-9,0.0,22699.0,2110.0
2642861,2642862,13.0,1070692,8,1,5,1,-9.0,-9.0,-9.0,10.0,-9.0,-9,0.0,22699.0,2110.0
2642862,2642863,11.0,1070692,9,1,5,1,-9.0,-9.0,-9.0,8.0,-9.0,-9,0.0,22699.0,2110.0
2642863,2642864,43.0,1070693,1,2,0,1,1.0,35.0,1.0,-9.0,4.0,611M1,13.0,22682.0,2108.0
2642864,2642865,19.0,1070693,2,2,2,1,3.0,-9.0,-9.0,-9.0,4.0,999920,0.0,22682.0,2108.0
2642865,2642866,8.0,1070693,3,1,2,1,-9.0,-9.0,-9.0,6.0,-9.0,-9,0.0,22682.0,2108.0
2642866,2642867,7.0,1070693,4,2,2,1,-9.0,-9.0,-9.0,4.0,-9.0,-9,0.0,22682.0,2108.0
2642867,2642868,5.0,1070693,5,1,2,1,-9.0,-9.0,-9.0,1.0,-9.0,-9,0.0,22682.0,2108.0
2642868,2642869,3.0,1070693,6,2,2,1,-9.0,-9.0,-9.0,1.0,-9.0,-9,0.0,22682.0,2108.0
2642869,2642870,3.0,1070693,7,2,2,1,-9.0,-9.0,-9.0,1.0,-9.0,-9,0.0,22682.0,2108.0
2642870,2642871,13.0,1070693,8,1,5,1,-9.0,-9.0,-9.0,10.0,-9.0,-9,0.0,22682.0,2108.0
2642871,2642872,11.0,1070693,9,1,5,1,-9.0,-9.0,-9.0,8.0,-9.0,-9,0.0,22682.0,2108.0
2642872,2642873,43.0,1070694,1,2,0,1,1.0,35.0,1.0,-9.0,4.0,611M1,13.0,22714.0,2112.0
2642873,2642874,19.0,1070694,2,2,2,1,3.0,-9.0,-9.0,-9.0,4.0,999920,0.0,22714.0,2112.0
2642874,2642875,8.0,1070694,3,1,2,1,-9.0,-9.0,-9.0,6.0,-9.0,-9,0.0,22714.0,2112.0
2642875,2642876,7.0,1070694,4,2,2,1,-9.0,-9.0,-9.0,4.0,-9.0,-9,0.0,22714.0,2112.0
2642876,2642877,5.0,1070694,5,1,2,1,-9.0,-9.0,-9.0,1.0,-9.0,-9,0.0,22714.0,2112.0
2642877,2642878,3.0,1070694,6,2,2,1,-9.0,-9.0,-9.0,1.0,-9.0,-9,0.0,22714.0,2112.0
2642878,2642879,3.0,1070694,7,2,2,1,-9.0,-9.0,-9.0,1.0,-9.0,-9,0.0,22714.0,2112.0
2642879,2642880,13.0,1070694,8,1,5,1,-9.0,-9.0,-9.0,10.0,-9.0,-9,0.0,22714.0,2112.0
2642880,2642881,11.0,1070694,9,1,5,1,-9.0,-9.0,-9.0,8.0,-9.0,-9,0.0,22714.0,2112.0
2642881,2642882,36.0,1070695,1,2,0,1,1.0,40.0,1.0,-9.0,4.0,622M,15.0,22715.0,2112.0
2642882,2642883,6.0,1070695,2,2,2,1,-9.0,-9.0,-9.0,3.0,-9.0,-9,0.0,22715.0,2112.0
2642883,2642884,35.0,1070696,1,2,0,1,1.0,22.0,1.0,-9.0,4.0,5112,8.0,22714.0,2112.0
2642884,2642885,11.0,1070696,2,2,2,4,-9.0,-9.0,-9.0,7.0,-9.0,-9,0.0,22714.0,2112.0
2642885,2642886,35.0,1070697,1,2,0,1,1.0,22.0,1.0,-9.0,4.0,5112,8.0,22718.0,2112.0
2642886,2642887,11.0,1070697,2,2,2,4,-9.0,-9.0,-9.0,7.0,-9.0,-9,0.0,22718.0,2112.0
2642887,2642888,35.0,1070698,1,2,0,1,1.0,22.0,1.0,-9.0,4.0,5112,8.0,22718.0,2112.0
2642888,2642889,11.0,1070698,2,2,2,4,-9.0,-9.0,-9.0,7.0,-9.0,-9,0.0,22718.0,2112.0
2642889,2642890,35.0,1070699,1,2,0,1,1.0,22.0,1.0,-9.0,4.0,5112,8.0,22719.0,2112.0
2642890,2642891,11.0,1070699,2,2,2,4,-9.0,-9.0,-9.0,7.0,-9.0,-9,0.0,22719.0,2112.0
2642891,2642892,35.0,1070700,1,2,0,1,1.0,22.0,1.0,-9.0,4.0,5112,8.0,22716.0,2112.0
2642892,2642893,11.0,1070700,2,2,2,4,-9.0,-9.0,-9.0,7.0,-9.0,-9,0.0,22716.0,2112.0
2642893,2642894,35.0,1070701,1,2,0,1,1.0,22.0,1.0,-9.0,4.0,5112,8.0,22715.0,2112.0
2642894,2642895,11.0,1070701,2,2,2,4,-9.0,-9.0,-9.0,7.0,-9.0,-9,0.0,22715.0,2112.0
2642895,2642896,35.0,1070702,1,2,0,1,1.0,25.0,1.0,-9.0,4.0,722Z,16.0,22717.0,2112.0
2642896,2642897,3.0,1070702,2,2,2,4,-9.0,-9.0,-9.0,1.0,-9.0,-9,0.0,22717.0,2112.0
2642897,2642898,65.0,1070703,1,2,0,4,6.0,-9.0,-9.0,-9.0,4.0,-9,0.0,22696.0,2110.0
2642898,2642899,74.0,1070704,1,1,0,4,1.0,40.0,1.0,-9.0,4.0,6211,14.0,22696.0,2110.0
2642899,2642900,58.0,1070704,2,2,1,4,1.0,40.0,1.0,-9.0,4.0,6211,14.0,22696.0,2110.0
2642900,2642901,74.0,1070705,1,1,0,4,1.0,40.0,1.0,-9.0,4.0,6211,14.0,22696.0,2110.0
2642901,2642902,58.0,1070705,2,2,1,4,1.0,40.0,1.0,-9.0,4.0,6211,14.0,22696.0,2110.0
2642902,2642903,68.0,1070706,1,1,0,4,1.0,50.0,1.0,-9.0,4.0,8139Z,17.0,22696.0,2110.0
2642903,2642904,62.0,1070706,2,2,1,4,6.0,-9.0,-9.0,-9.0,4.0,-9,0.0,22696.0,2110.0
2642904,2642905,68.0,1070707,1,1,0,4,1.0,50.0,1.0,-9.0,4.0,8139Z,17.0,22696.0,2110.0
2642905,2642906,62.0,1070707,2,2,1,4,6.0,-9.0,-9.0,-9.0,4.0,-9,0.0,22696.0,2110.0
2642906,2642907,67.0,1070708,1,1,0,4,1.0,8.0,2.0,-9.0,4.0,611M1,13.0,22696.0,2110.0
2642907,2642908,61.0,1070708,2,2,1,4,1.0,40.0,1.0,-9.0,4.0,622M,15.0,22696.0,2110.0
2642908,2642909,67.0,1070709,1,1,0,4,1.0,8.0,2.0,-9.0,4.0,611M1,13.0,22696.0,2110.0
2642909,2642910,61.0,1070709,2,2,1,4,1.0,40.0,1.0,-9.0,4.0,622M,15.0,22696.0,2110.0
2642910,2642911,67.0,1070710,1,1,0,4,1.0,8.0,2.0,-9.0,4.0,611M1,13.0,22701.0,2110.0
2642911,2642912,61.0,1070710,2,2,1,4,1.0,40.0,1.0,-9.0,4.0,622M,15.0,22701.0,2110.0
2642912,2642913,67.0,1070711,1,1,0,4,1.0,8.0,2.0,-9.0,4.0,611M1,13.0,22696.0,2110.0
2642913,2642914,61.0,1070711,2,2,1,4,1.0,40.0,1.0,-9.0,4.0,622M,15.0,22696.0,2110.0
2642914,2642915,67.0,1070712,1,1,0,4,1.0,8.0,2.0,-9.0,4.0,611M1,13.0,22696.0,2110.0
2642915,2642916,61.0,1070712,2,2,1,4,1.0,40.0,1.0,-9.0,4.0,622M,15.0,22696.0,2110.0
2642916,2642917,94.0,1070713,1,1,0,4,6.0,-9.0,-9.0,-9.0,2.0,-9,0.0,22696.0,2110.0
2642917,2642918,94.0,1070714,1,1,0,4,6.0,-9.0,-9.0,-9.0,2.0,-9,0.0,22696.0,2110.0
2642918,2642919,94.0,1070715,1,1,0,4,6.0,-9.0,-9.0,-9.0,2.0,-9,0.0,22696.0,2110.0
2642919,2642920,94.0,1070716,1,1,0,4,6.0,-9.0,-9.0,-9.0,2.0,-9,0.0,22696.0,2110.0
2642920,2642921,94.0,1070717,1,1,0,4,6.0,-9.0,-9.0,-9.0,2.0,-9,0.0,22701.0,2110.0
2642921,2642922,67.0,1070718,1,2,0,2,1.0,40.0,1.0,-9.0,4.0,611M1,13.0,22696.0,2110.0
2642922,2642923,64.0,1070718,2,2,5,2,2.0,25.0,1.0,-9.0,4.0,611M1,13.0,22696.0,2110.0
2642923,2642924,52.0,1070718,3,2,5,2,1.0,40.0,1.0,-9.0,4.0,622M,15.0,22696.0,2110.0
2642924,2642925,67.0,1070719,1,2,0,2,1.0,40.0,1.0,-9.0,4.0,611M1,13.0,22696.0,2110.0
2642925,2642926,64.0,1070719,2,2,5,2,2.0,25.0,1.0,-9.0,4.0,611M1,13.0,22696.0,2110.0
2642926,2642927,52.0,1070719,3,2,5,2,1.0,40.0,1.0,-9.0,4.0,622M,15.0,22696.0,2110.0
2642927,2642928,67.0,1070720,1,2,0,2,1.0,40.0,1.0,-9.0,4.0,611M1,13.0,22695.0,2110.0
2642928,2642929,64.0,1070720,2,2,5,2,2.0,25.0,1.0,-9.0,4.0,611M1,13.0,22695.0,2110.0
2642929,2642930,52.0,1070720,3,2,5,2,1.0,40.0,1.0,-9.0,4.0,622M,15.0,22695.0,2110.0
2642930,2642931,67.0,1070721,1,2,0,2,1.0,40.0,1.0,-9.0,4.0,611M1,13.0,22696.0,2110.0
2642931,2642932,64.0,1070721,2,2,5,2,2.0,25.0,1.0,-9.0,4.0,611M1,13.0,22696.0,2110.0
2642932,2642933,52.0,1070721,3,2,5,2,1.0,40.0,1.0,-9.0,4.0,622M,15.0,22696.0,2110.0
2642933,2642934,67.0,1070722,1,2,0,2,1.0,40.0,1.0,-9.0,4.0,611M1,13.0,22696.0,2110.0
2642934,2642935,64.0,1070722,2,2,5,2,2.0,25.0,1.0,-9.0,4.0,611M1,13.0,22696.0,2110.0
2642935,2642936,52.0,1070722,3,2,5,2,1.0,40.0,1.0,-9.0,4.0,622M,15.0,22696.0,2110.0
2642936,2642937,67.0,1070723,1,2,0,2,1.0,40.0,1.0,-9.0,4.0,611M1,13.0,22696.0,2110.0
2642937,2642938,64.0,1070723,2,2,5,2,2.0,25.0,1.0,-9.0,4.0,611M1,13.0,22696.0,2110.0
2642938,2642939,52.0,1070723,3,2,5,2,1.0,40.0,1.0,-9.0,4.0,622M,15.0,22696.0,2110.0
2642939,2642940,67.0,1070724,1,2,0,2,1.0,40.0,1.0,-9.0,4.0,611M1,13.0,22695.0,2110.0
2642940,2642941,64.0,1070724,2,2,5,2,2.0,25.0,1.0,-9.0,4.0,611M1,13.0,22695.0,2110.0
2642941,2642942,52.0,1070724,3,2,5,2,1.0,40.0,1.0,-9.0,4.0,622M,15.0,22695.0,2110.0
2642942,2642943,67.0,1070725,1,2,0,2,1.0,40.0,1.0,-9.0,4.0,611M1,13.0,22696.0,2110.0
2642943,2642944,64.0,1070725,2,2,5,2,2.0,25.0,1.0,-9.0,4.0,611M1,13.0,22696.0,2110.0
2642944,2642945,52.0,1070725,3,2,5,2,1.0,40.0,1.0,-9.0,4.0,622M,15.0,22696.0,2110.0
2642945,2642946,67.0,1070726,1,2,0,2,1.0,40.0,1.0,-9.0,4.0,611M1,13.0,22701.0,2110.0
2642946,2642947,64.0,1070726,2,2,5,2,2.0,25.0,1.0,-9.0,4.0,611M1,13.0,22701.0,2110.0
2642947,2642948,52.0,1070726,3,2,5,2,1.0,40.0,1.0,-9.0,4.0,622M,15.0,22701.0,2110.0
2642948,2642949,67.0,1070727,1,2,0,2,1.0,40.0,1.0,-9.0,4.0,611M1,13.0,22696.0,2110.0
2642949,2642950,64.0,1070727,2,2,5,2,2.0,25.0,1.0,-9.0,4.0,611M1,13.0,22696.0,2110.0
2642950,2642951,52.0,1070727,3,2,5,2,1.0,40.0,1.0,-9.0,4.0,622M,15.0,22696.0,2110.0
2642951,2642952,67.0,1070728,1,2,0,2,1.0,40.0,1.0,-9.0,4.0,611M1,13.0,22696.0,2110.0
2642952,2642953,64.0,1070728,2,2,5,2,2.0,25.0,1.0,-9.0,4.0,611M1,13.0,22696.0,2110.0
2642953,2642954,52.0,1070728,3,2,5,2,1.0,40.0,1.0,-9.0,4.0,622M,15.0,22696.0,2110.0
2642954,2642955,67.0,1070729,1,2,0,2,1.0,40.0,1.0,-9.0,4.0,611M1,13.0,22696.0,2110.0
2642955,2642956,64.0,1070729,2,2,5,2,2.0,25.0,1.0,-9.0,4.0,611M1,13.0,22696.0,2110.0
2642956,2642957,52.0,1070729,3,2,5,2,1.0,40.0,1.0,-9.0,4.0,622M,15.0,22696.0,2110.0
2642957,2642958,67.0,1070730,1,2,0,2,1.0,40.0,1.0,-9.0,4.0,611M1,13.0,22696.0,2110.0
2642958,2642959,64.0,1070730,2,2,5,2,2.0,25.0,1.0,-9.0,4.0,611M1,13.0,22696.0,2110.0
2642959,2642960,52.0,1070730,3,2,5,2,1.0,40.0,1.0,-9.0,4.0,622M,15.0,22696.0,2110.0
2642960,2642961,67.0,1070731,1,2,0,2,1.0,40.0,1.0,-9.0,4.0,611M1,13.0,22696.0,2110.0
2642961,2642962,64.0,1070731,2,2,5,2,2.0,25.0,1.0,-9.0,4.0,611M1,13.0,22696.0,2110.0
2642962,2642963,52.0,1070731,3,2,5,2,1.0,40.0,1.0,-9.0,4.0,622M,15.0,22696.0,2110.0
2642963,2642964,67.0,1070732,1,2,0,2,1.0,40.0,1.0,-9.0,4.0,611M1,13.0,22696.0,2110.0
2642964,2642965,64.0,1070732,2,2,5,2,2.0,25.0,1.0,-9.0,4.0,611M1,13.0,22696.0,2110.0
2642965,2642966,52.0,1070732,3,2,5,2,1.0,40.0,1.0,-9.0,4.0,622M,15.0,22696.0,2110.0
2642966,2642967,67.0,1070733,1,2,0,2,1.0,40.0,1.0,-9.0,4.0,611M1,13.0,22695.0,2110.0
2642967,2642968,64.0,1070733,2,2,5,2,2.0,25.0,1.0,-9.0,4.0,611M1,13.0,22695.0,2110.0
2642968,2642969,52.0,1070733,3,2,5,2,1.0,40.0,1.0,-9.0,4.0,622M,15.0,22695.0,2110.0
2642969,2642970,67.0,1070734,1,2,0,2,1.0,40.0,1.0,-9.0,4.0,611M1,13.0,22696.0,2110.0
2642970,2642971,64.0,1070734,2,2,5,2,2.0,25.0,1.0,-9.0,4.0,611M1,13.0,22696.0,2110.0
2642971,2642972,52.0,1070734,3,2,5,2,1.0,40.0,1.0,-9.0,4.0,622M,15.0,22696.0,2110.0
2642972,2642973,67.0,1070735,1,2,0,2,1.0,40.0,1.0,-9.0,4.0,611M1,13.0,22696.0,2110.0
2642973,2642974,64.0,1070735,2,2,5,2,2.0,25.0,1.0,-9.0,4.0,611M1,13.0,22696.0,2110.0
2642974,2642975,52.0,1070735,3,2,5,2,1.0,40.0,1.0,-9.0,4.0,622M,15.0,22696.0,2110.0
2642975,2642976,67.0,1070736,1,2,0,2,1.0,40.0,1.0,-9.0,4.0,611M1,13.0,22701.0,2110.0
2642976,2642977,64.0,1070736,2,2,5,2,2.0,25.0,1.0,-9.0,4.0,611M1,13.0,22701.0,2110.0
2642977,2642978,52.0,1070736,3,2,5,2,1.0,40.0,1.0,-9.0,4.0,622M,15.0,22701.0,2110.0
2642978,2642979,67.0,1070737,1,2,0,2,1.0,40.0,1.0,-9.0,4.0,611M1,13.0,22695.0,2110.0
2642979,2642980,64.0,1070737,2,2,5,2,2.0,25.0,1.0,-9.0,4.0,611M1,13.0,22695.0,2110.0
2642980,2642981,52.0,1070737,3,2,5,2,1.0,40.0,1.0,-9.0,4.0,622M,15.0,22695.0,2110.0
2642981,2642982,67.0,1070738,1,2,0,2,1.0,40.0,1.0,-9.0,4.0,611M1,13.0,22696.0,2110.0
2642982,2642983,64.0,1070738,2,2,5,2,2.0,25.0,1.0,-9.0,4.0,611M1,13.0,22696.0,2110.0
2642983,2642984,52.0,1070738,3,2,5,2,1.0,40.0,1.0,-9.0,4.0,622M,15.0,22696.0,2110.0
2642984,2642985,67.0,1070739,1,2,0,2,1.0,40.0,1.0,-9.0,4.0,611M1,13.0,22695.0,2110.0
2642985,2642986,64.0,1070739,2,2,5,2,2.0,25.0,1.0,-9.0,4.0,611M1,13.0,22695.0,2110.0
2642986,2642987,52.0,1070739,3,2,5,2,1.0,40.0,1.0,-9.0,4.0,622M,15.0,22695.0,2110.0
2642987,2642988,67.0,1070740,1,2,0,2,1.0,40.0,1.0,-9.0,4.0,611M1,13.0,22695.0,2110.0
2642988,2642989,64.0,1070740,2,2,5,2,2.0,25.0,1.0,-9.0,4.0,611M1,13.0,22695.0,2110.0
2642989,2642990,52.0,1070740,3,2,5,2,1.0,40.0,1.0,-9.0,4.0,622M,15.0,22695.0,2110.0
2642990,2642991,67.0,1070741,1,2,0,2,1.0,40.0,1.0,-9.0,4.0,611M1,13.0,22696.0,2110.0
2642991,2642992,64.0,1070741,2,2,5,2,2.0,25.0,1.0,-9.0,4.0,611M1,13.0,22696.0,2110.0
2642992,2642993,52.0,1070741,3,2,5,2,1.0,40.0,1.0,-9.0,4.0,622M,15.0,22696.0,2110.0
2642993,2642994,67.0,1070742,1,2,0,2,1.0,40.0,1.0,-9.0,4.0,611M1,13.0,22696.0,2110.0
2642994,2642995,64.0,1070742,2,2,5,2,2.0,25.0,1.0,-9.0,4.0,611M1,13.0,22696.0,2110.0
2642995,2642996,52.0,1070742,3,2,5,2,1.0,40.0,1.0,-9.0,4.0,622M,15.0,22696.0,2110.0
2642996,2642997,67.0,1070743,1,2,0,2,1.0,40.0,1.0,-9.0,4.0,611M1,13.0,22696.0,2110.0
2642997,2642998,64.0,1070743,2,2,5,2,2.0,25.0,1.0,-9.0,4.0,611M1,13.0,22696.0,2110.0
2642998,2642999,52.0,1070743,3,2,5,2,1.0,40.0,1.0,-9.0,4.0,622M,15.0,22696.0,2110.0
2642999,2643000,67.0,1070744,1,2,0,2,1.0,40.0,1.0,-9.0,4.0,611M1,13.0,22696.0,2110.0
2643000,2643001,64.0,1070744,2,2,5,2,2.0,25.0,1.0,-9.0,4.0,611M1,13.0,22696.0,2110.0
2643001,2643002,52.0,1070744,3,2,5,2,1.0,40.0,1.0,-9.0,4.0,622M,15.0,22696.0,2110.0
2643002,2643003,67.0,1070745,1,2,0,2,1.0,40.0,1.0,-9.0,4.0,611M1,13.0,22696.0,2110.0
2643003,2643004,64.0,1070745,2,2,5,2,2.0,25.0,1.0,-9.0,4.0,611M1,13.0,22696.0,2110.0
2643004,2643005,52.0,1070745,3,2,5,2,1.0,40.0,1.0,-9.0,4.0,622M,15.0,22696.0,2110.0
2643005,2643006,67.0,1070746,1,2,0,2,1.0,40.0,1.0,-9.0,4.0,611M1,13.0,22696.0,2110.0
2643006,2643007,64.0,1070746,2,2,5,2,2.0,25.0,1.0,-9.0,4.0,611M1,13.0,22696.0,2110.0
2643007,2643008,52.0,1070746,3,2,5,2,1.0,40.0,1.0,-9.0,4.0,622M,15.0,22696.0,2110.0
2643008,2643009,67.0,1070747,1,2,0,2,1.0,40.0,1.0,-9.0,4.0,611M1,13.0,22696.0,2110.0
2643009,2643010,64.0,1070747,2,2,5,2,2.0,25.0,1.0,-9.0,4.0,611M1,13.0,22696.0,2110.0
2643010,2643011,52.0,1070747,3,2,5,2,1.0,40.0,1.0,-9.0,4.0,622M,15.0,22696.0,2110.0
2643011,2643012,67.0,1070748,1,2,0,2,1.0,40.0,1.0,-9.0,4.0,611M1,13.0,22701.0,2110.0
2643012,2643013,64.0,1070748,2,2,5,2,2.0,25.0,1.0,-9.0,4.0,611M1,13.0,22701.0,2110.0
2643013,2643014,52.0,1070748,3,2,5,2,1.0,40.0,1.0,-9.0,4.0,622M,15.0,22701.0,2110.0
2643014,2643015,67.0,1070749,1,2,0,2,1.0,40.0,1.0,-9.0,4.0,611M1,13.0,22696.0,2110.0
2643015,2643016,64.0,1070749,2,2,5,2,2.0,25.0,1.0,-9.0,4.0,611M1,13.0,22696.0,2110.0
2643016,2643017,52.0,1070749,3,2,5,2,1.0,40.0,1.0,-9.0,4.0,622M,15.0,22696.0,2110.0
2643017,2643018,67.0,1070750,1,2,0,2,1.0,40.0,1.0,-9.0,4.0,611M1,13.0,22696.0,2110.0
2643018,2643019,64.0,1070750,2,2,5,2,2.0,25.0,1.0,-9.0,4.0,611M1,13.0,22696.0,2110.0
2643019,2643020,52.0,1070750,3,2,5,2,1.0,40.0,1.0,-9.0,4.0,622M,15.0,22696.0,2110.0
2643020,2643021,67.0,1070751,1,2,0,2,1.0,40.0,1.0,-9.0,4.0,611M1,13.0,22696.0,2110.0
2643021,2643022,64.0,1070751,2,2,5,2,2.0,25.0,1.0,-9.0,4.0,611M1,13.0,22696.0,2110.0
2643022,2643023,52.0,1070751,3,2,5,2,1.0,40.0,1.0,-9.0,4.0,622M,15.0,22696.0,2110.0
2643023,2643024,67.0,1070752,1,2,0,2,1.0,40.0,1.0,-9.0,4.0,611M1,13.0,22696.0,2110.0
2643024,2643025,64.0,1070752,2,2,5,2,2.0,25.0,1.0,-9.0,4.0,611M1,13.0,22696.0,2110.0
2643025,2643026,52.0,1070752,3,2,5,2,1.0,40.0,1.0,-9.0,4.0,622M,15.0,22696.0,2110.0
2643026,2643027,67.0,1070753,1,2,0,2,1.0,40.0,1.0,-9.0,4.0,611M1,13.0,22696.0,2110.0
2643027,2643028,64.0,1070753,2,2,5,2,2.0,25.0,1.0,-9.0,4.0,611M1,13.0,22696.0,2110.0
2643028,2643029,52.0,1070753,3,2,5,2,1.0,40.0,1.0,-9.0,4.0,622M,15.0,22696.0,2110.0
2643029,2643030,67.0,1070754,1,2,0,2,1.0,40.0,1.0,-9.0,4.0,611M1,13.0,22696.0,2110.0
2643030,2643031,64.0,1070754,2,2,5,2,2.0,25.0,1.0,-9.0,4.0,611M1,13.0,22696.0,2110.0
2643031,2643032,52.0,1070754,3,2,5,2,1.0,40.0,1.0,-9.0,4.0,622M,15.0,22696.0,2110.0
2643032,2643033,67.0,1070755,1,2,0,2,1.0,40.0,1.0,-9.0,4.0,611M1,13.0,22701.0,2110.0
2643033,2643034,64.0,1070755,2,2,5,2,2.0,25.0,1.0,-9.0,4.0,611M1,13.0,22701.0,2110.0
2643034,2643035,52.0,1070755,3,2,5,2,1.0,40.0,1.0,-9.0,4.0,622M,15.0,22701.0,2110.0
2643035,2643036,67.0,1070756,1,2,0,2,1.0,40.0,1.0,-9.0,4.0,611M1,13.0,22696.0,2110.0
2643036,2643037,64.0,1070756,2,2,5,2,2.0,25.0,1.0,-9.0,4.0,611M1,13.0,22696.0,2110.0
2643037,2643038,52.0,1070756,3,2,5,2,1.0,40.0,1.0,-9.0,4.0,622M,15.0,22696.0,2110.0
2643038,2643039,67.0,1070757,1,2,0,2,1.0,40.0,1.0,-9.0,4.0,611M1,13.0,22695.0,2110.0
2643039,2643040,64.0,1070757,2,2,5,2,2.0,25.0,1.0,-9.0,4.0,611M1,13.0,22695.0,2110.0
2643040,2643041,52.0,1070757,3,2,5,2,1.0,40.0,1.0,-9.0,4.0,622M,15.0,22695.0,2110.0
2643041,2643042,67.0,1070758,1,2,0,2,1.0,40.0,1.0,-9.0,4.0,611M1,13.0,22696.0,2110.0
2643042,2643043,64.0,1070758,2,2,5,2,2.0,25.0,1.0,-9.0,4.0,611M1,13.0,22696.0,2110.0
2643043,2643044,52.0,1070758,3,2,5,2,1.0,40.0,1.0,-9.0,4.0,622M,15.0,22696.0,2110.0
2643044,2643045,67.0,1070759,1,2,0,2,1.0,40.0,1.0,-9.0,4.0,611M1,13.0,22696.0,2110.0
2643045,2643046,64.0,1070759,2,2,5,2,2.0,25.0,1.0,-9.0,4.0,611M1,13.0,22696.0,2110.0
2643046,2643047,52.0,1070759,3,2,5,2,1.0,40.0,1.0,-9.0,4.0,622M,15.0,22696.0,2110.0
2643047,2643048,67.0,1070760,1,2,0,2,1.0,40.0,1.0,-9.0,4.0,611M1,13.0,22696.0,2110.0
2643048,2643049,64.0,1070760,2,2,5,2,2.0,25.0,1.0,-9.0,4.0,611M1,13.0,22696.0,2110.0
2643049,2643050,52.0,1070760,3,2,5,2,1.0,40.0,1.0,-9.0,4.0,622M,15.0,22696.0,2110.0
2643050,2643051,67.0,1070761,1,2,0,2,1.0,40.0,1.0,-9.0,4.0,611M1,13.0,22696.0,2110.0
2643051,2643052,64.0,1070761,2,2,5,2,2.0,25.0,1.0,-9.0,4.0,611M1,13.0,22696.0,2110.0
2643052,2643053,52.0,1070761,3,2,5,2,1.0,40.0,1.0,-9.0,4.0,622M,15.0,22696.0,2110.0
2643053,2643054,67.0,1070762,1,2,0,2,1.0,40.0,1.0,-9.0,4.0,611M1,13.0,22696.0,2110.0
2643054,2643055,64.0,1070762,2,2,5,2,2.0,25.0,1.0,-9.0,4.0,611M1,13.0,22696.0,2110.0
2643055,2643056,52.0,1070762,3,2,5,2,1.0,40.0,1.0,-9.0,4.0,622M,15.0,22696.0,2110.0
2643056,2643057,67.0,1070763,1,2,0,2,1.0,40.0,1.0,-9.0,4.0,611M1,13.0,22701.0,2110.0
2643057,2643058,64.0,1070763,2,2,5,2,2.0,25.0,1.0,-9.0,4.0,611M1,13.0,22701.0,2110.0
2643058,2643059,52.0,1070763,3,2,5,2,1.0,40.0,1.0,-9.0,4.0,622M,15.0,22701.0,2110.0
2643059,2643060,67.0,1070764,1,2,0,2,1.0,40.0,1.0,-9.0,4.0,611M1,13.0,22696.0,2110.0
2643060,2643061,64.0,1070764,2,2,5,2,2.0,25.0,1.0,-9.0,4.0,611M1,13.0,22696.0,2110.0
2643061,2643062,52.0,1070764,3,2,5,2,1.0,40.0,1.0,-9.0,4.0,622M,15.0,22696.0,2110.0
2643062,2643063,67.0,1070765,1,2,0,2,1.0,40.0,1.0,-9.0,4.0,611M1,13.0,22696.0,2110.0
2643063,2643064,64.0,1070765,2,2,5,2,2.0,25.0,1.0,-9.0,4.0,611M1,13.0,22696.0,2110.0
2643064,2643065,52.0,1070765,3,2,5,2,1.0,40.0,1.0,-9.0,4.0,622M,15.0,22696.0,2110.0
2643065,2643066,67.0,1070766,1,2,0,2,1.0,40.0,1.0,-9.0,4.0,611M1,13.0,22696.0,2110.0
2643066,2643067,64.0,1070766,2,2,5,2,2.0,25.0,1.0,-9.0,4.0,611M1,13.0,22696.0,2110.0
2643067,2643068,52.0,1070766,3,2,5,2,1.0,40.0,1.0,-9.0,4.0,622M,15.0,22696.0,2110.0
2643068,2643069,67.0,1070767,1,2,0,2,1.0,40.0,1.0,-9.0,4.0,611M1,13.0,22696.0,2110.0
2643069,2643070,64.0,1070767,2,2,5,2,2.0,25.0,1.0,-9.0,4.0,611M1,13.0,22696.0,2110.0
2643070,2643071,52.0,1070767,3,2,5,2,1.0,40.0,1.0,-9.0,4.0,622M,15.0,22696.0,2110.0
2643071,2643072,67.0,1070768,1,2,0,2,1.0,40.0,1.0,-9.0,4.0,611M1,13.0,22695.0,2110.0
2643072,2643073,64.0,1070768,2,2,5,2,2.0,25.0,1.0,-9.0,4.0,611M1,13.0,22695.0,2110.0
2643073,2643074,52.0,1070768,3,2,5,2,1.0,40.0,1.0,-9.0,4.0,622M,15.0,22695.0,2110.0
2643074,2643075,67.0,1070769,1,2,0,2,1.0,40.0,1.0,-9.0,4.0,611M1,13.0,22696.0,2110.0
2643075,2643076,64.0,1070769,2,2,5,2,2.0,25.0,1.0,-9.0,4.0,611M1,13.0,22696.0,2110.0
2643076,2643077,52.0,1070769,3,2,5,2,1.0,40.0,1.0,-9.0,4.0,622M,15.0,22696.0,2110.0
2643077,2643078,67.0,1070770,1,2,0,2,1.0,40.0,1.0,-9.0,4.0,611M1,13.0,22696.0,2110.0
2643078,2643079,64.0,1070770,2,2,5,2,2.0,25.0,1.0,-9.0,4.0,611M1,13.0,22696.0,2110.0
2643079,2643080,52.0,1070770,3,2,5,2,1.0,40.0,1.0,-9.0,4.0,622M,15.0,22696.0,2110.0
2643080,2643081,67.0,1070771,1,2,0,2,1.0,40.0,1.0,-9.0,4.0,611M1,13.0,22696.0,2110.0
2643081,2643082,64.0,1070771,2,2,5,2,2.0,25.0,1.0,-9.0,4.0,611M1,13.0,22696.0,2110.0
2643082,2643083,52.0,1070771,3,2,5,2,1.0,40.0,1.0,-9.0,4.0,622M,15.0,22696.0,2110.0
2643083,2643084,67.0,1070772,1,2,0,2,1.0,40.0,1.0,-9.0,4.0,611M1,13.0,22695.0,2110.0
2643084,2643085,64.0,1070772,2,2,5,2,2.0,25.0,1.0,-9.0,4.0,611M1,13.0,22695.0,2110.0
2643085,2643086,52.0,1070772,3,2,5,2,1.0,40.0,1.0,-9.0,4.0,622M,15.0,22695.0,2110.0
2643086,2643087,67.0,1070773,1,2,0,2,1.0,40.0,1.0,-9.0,4.0,611M1,13.0,22696.0,2110.0
2643087,2643088,64.0,1070773,2,2,5,2,2.0,25.0,1.0,-9.0,4.0,611M1,13.0,22696.0,2110.0
2643088,2643089,52.0,1070773,3,2,5,2,1.0,40.0,1.0,-9.0,4.0,622M,15.0,22696.0,2110.0
2643089,2643090,67.0,1070774,1,2,0,2,1.0,40.0,1.0,-9.0,4.0,611M1,13.0,22696.0,2110.0
2643090,2643091,64.0,1070774,2,2,5,2,2.0,25.0,1.0,-9.0,4.0,611M1,13.0,22696.0,2110.0
2643091,2643092,52.0,1070774,3,2,5,2,1.0,40.0,1.0,-9.0,4.0,622M,15.0,22696.0,2110.0
2643092,2643093,65.0,1070775,1,1,0,2,6.0,-9.0,-9.0,-9.0,2.0,-9,0.0,22696.0,2110.0
2643093,2643094,60.0,1070775,2,2,1,2,1.0,60.0,1.0,-9.0,4.0,515,8.0,22696.0,2110.0
2643094,2643095,65.0,1070776,1,1,0,2,6.0,-9.0,-9.0,-9.0,2.0,-9,0.0,22695.0,2110.0
2643095,2643096,60.0,1070776,2,2,1,2,1.0,60.0,1.0,-9.0,4.0,515,8.0,22695.0,2110.0
2643096,2643097,65.0,1070777,1,1,0,2,6.0,-9.0,-9.0,-9.0,2.0,-9,0.0,22696.0,2110.0
2643097,2643098,60.0,1070777,2,2,1,2,1.0,60.0,1.0,-9.0,4.0,515,8.0,22696.0,2110.0
2643098,2643099,76.0,1070778,1,2,0,2,6.0,-9.0,-9.0,-9.0,4.0,-9,0.0,22696.0,2110.0
2643099,2643100,27.0,1070778,2,1,10,2,1.0,40.0,1.0,15.0,4.0,454110,5.0,22696.0,2110.0
2643100,2643101,65.0,1070779,1,1,0,2,1.0,45.0,1.0,-9.0,4.0,531M,9.0,22695.0,2110.0
2643101,2643102,62.0,1070779,2,2,1,1,6.0,-9.0,-9.0,-9.0,4.0,-9,0.0,22695.0,2110.0
2643102,2643103,65.0,1070780,1,1,0,2,1.0,45.0,1.0,-9.0,4.0,531M,9.0,22696.0,2110.0
2643103,2643104,62.0,1070780,2,2,1,1,6.0,-9.0,-9.0,-9.0,4.0,-9,0.0,22696.0,2110.0
2643104,2643105,65.0,1070781,1,1,0,2,1.0,45.0,1.0,-9.0,4.0,531M,9.0,22696.0,2110.0
2643105,2643106,62.0,1070781,2,2,1,1,6.0,-9.0,-9.0,-9.0,4.0,-9,0.0,22696.0,2110.0
2643106,2643107,65.0,1070782,1,1,0,2,1.0,45.0,1.0,-9.0,4.0,531M,9.0,22701.0,2110.0
2643107,2643108,62.0,1070782,2,2,1,1,6.0,-9.0,-9.0,-9.0,4.0,-9,0.0,22701.0,2110.0
2643108,2643109,65.0,1070783,1,1,0,2,1.0,45.0,1.0,-9.0,4.0,531M,9.0,22696.0,2110.0
2643109,2643110,62.0,1070783,2,2,1,1,6.0,-9.0,-9.0,-9.0,4.0,-9,0.0,22696.0,2110.0
2643110,2643111,65.0,1070784,1,1,0,2,1.0,45.0,1.0,-9.0,4.0,531M,9.0,22696.0,2110.0
2643111,2643112,62.0,1070784,2,2,1,1,6.0,-9.0,-9.0,-9.0,4.0,-9,0.0,22696.0,2110.0
2643112,2643113,65.0,1070785,1,1,0,2,1.0,45.0,1.0,-9.0,4.0,531M,9.0,22696.0,2110.0
2643113,2643114,62.0,1070785,2,2,1,1,6.0,-9.0,-9.0,-9.0,4.0,-9,0.0,22696.0,2110.0
2643114,2643115,65.0,1070786,1,1,0,2,1.0,45.0,1.0,-9.0,4.0,531M,9.0,22696.0,2110.0
2643115,2643116,62.0,1070786,2,2,1,1,6.0,-9.0,-9.0,-9.0,4.0,-9,0.0,22696.0,2110.0
2643116,2643117,65.0,1070787,1,1,0,2,1.0,45.0,1.0,-9.0,4.0,531M,9.0,22701.0,2110.0
2643117,2643118,62.0,1070787,2,2,1,1,6.0,-9.0,-9.0,-9.0,4.0,-9,0.0,22701.0,2110.0
2643118,2643119,78.0,1070788,1,2,0,2,6.0,-9.0,-9.0,-9.0,4.0,-9,0.0,22695.0,2110.0
2643119,2643120,48.0,1070788,2,1,2,2,1.0,40.0,4.0,-9.0,4.0,336M,3.0,22695.0,2110.0
2643120,2643121,38.0,1070788,3,1,2,2,1.0,12.0,1.0,-9.0,4.0,3219ZM,3.0,22695.0,2110.0
2643121,2643122,21.0,1070788,4,1,7,2,1.0,32.0,6.0,15.0,4.0,3211,3.0,22695.0,2110.0
2643122,2643123,78.0,1070789,1,2,0,2,6.0,-9.0,-9.0,-9.0,4.0,-9,0.0,22696.0,2110.0
2643123,2643124,48.0,1070789,2,1,2,2,1.0,40.0,4.0,-9.0,4.0,336M,3.0,22696.0,2110.0
2643124,2643125,38.0,1070789,3,1,2,2,1.0,12.0,1.0,-9.0,4.0,3219ZM,3.0,22696.0,2110.0
2643125,2643126,21.0,1070789,4,1,7,2,1.0,32.0,6.0,15.0,4.0,3211,3.0,22696.0,2110.0
2643126,2643127,78.0,1070790,1,2,0,2,6.0,-9.0,-9.0,-9.0,4.0,-9,0.0,22696.0,2110.0
2643127,2643128,48.0,1070790,2,1,2,2,1.0,40.0,4.0,-9.0,4.0,336M,3.0,22696.0,2110.0
2643128,2643129,38.0,1070790,3,1,2,2,1.0,12.0,1.0,-9.0,4.0,3219ZM,3.0,22696.0,2110.0
2643129,2643130,21.0,1070790,4,1,7,2,1.0,32.0,6.0,15.0,4.0,3211,3.0,22696.0,2110.0
2643130,2643131,86.0,1070791,1,2,0,2,6.0,-9.0,-9.0,-9.0,4.0,-9,0.0,22696.0,2110.0
2643131,2643132,57.0,1070791,2,2,2,2,1.0,40.0,1.0,-9.0,4.0,622M,15.0,22696.0,2110.0
2643132,2643133,85.0,1070792,1,2,0,2,6.0,-9.0,-9.0,-9.0,4.0,-9,0.0,22696.0,2110.0
2643133,2643134,49.0,1070792,2,2,4,2,1.0,36.0,1.0,-9.0,4.0,6111,13.0,22696.0,2110.0
2643134,2643135,73.0,1070793,1,2,0,2,6.0,-9.0,-9.0,-9.0,4.0,-9,0.0,22696.0,2110.0
2643135,2643136,80.0,1070794,1,1,0,2,6.0,-9.0,-9.0,-9.0,2.0,-9,0.0,22696.0,2110.0
2643136,2643137,71.0,1070794,2,2,5,2,6.0,-9.0,-9.0,-9.0,4.0,-9,0.0,22696.0,2110.0
2643137,2643138,43.0,1070794,3,2,10,2,1.0,20.0,4.0,-9.0,4.0,6111,13.0,22696.0,2110.0
2643138,2643139,11.0,1070794,4,2,10,2,-9.0,-9.0,-9.0,7.0,-9.0,-9,0.0,22696.0,2110.0
2643139,2643140,76.0,1070795,1,1,0,3,2.0,30.0,1.0,-9.0,4.0,5413,10.0,22696.0,2110.0
2643140,2643141,77.0,1070795,2,2,1,1,6.0,-9.0,-9.0,-9.0,4.0,-9,0.0,22696.0,2110.0
2643141,2643142,50.0,1070795,3,1,2,3,3.0,-9.0,-9.0,-9.0,4.0,999920,0.0,22696.0,2110.0
2643142,2643143,18.0,1070795,4,2,7,3,6.0,-9.0,-9.0,14.0,4.0,-9,0.0,22696.0,2110.0
2643143,2643144,76.0,1070796,1,1,0,3,2.0,30.0,1.0,-9.0,4.0,5413,10.0,22696.0,2110.0
2643144,2643145,77.0,1070796,2,2,1,1,6.0,-9.0,-9.0,-9.0,4.0,-9,0.0,22696.0,2110.0
2643145,2643146,50.0,1070796,3,1,2,3,3.0,-9.0,-9.0,-9.0,4.0,999920,0.0,22696.0,2110.0
2643146,2643147,18.0,1070796,4,2,7,3,6.0,-9.0,-9.0,14.0,4.0,-9,0.0,22696.0,2110.0
2643147,2643148,76.0,1070797,1,1,0,3,2.0,30.0,1.0,-9.0,4.0,5413,10.0,22696.0,2110.0
2643148,2643149,77.0,1070797,2,2,1,1,6.0,-9.0,-9.0,-9.0,4.0,-9,0.0,22696.0,2110.0
2643149,2643150,50.0,1070797,3,1,2,3,3.0,-9.0,-9.0,-9.0,4.0,999920,0.0,22696.0,2110.0
2643150,2643151,18.0,1070797,4,2,7,3,6.0,-9.0,-9.0,14.0,4.0,-9,0.0,22696.0,2110.0
2643151,2643152,65.0,1070798,1,2,0,1,1.0,20.0,1.0,-9.0,4.0,6111,13.0,22695.0,2110.0
2643152,2643153,57.0,1070798,2,1,1,1,1.0,50.0,1.0,-9.0,4.0,611M3,13.0,22695.0,2110.0
2643153,2643154,65.0,1070799,1,2,0,1,1.0,20.0,1.0,-9.0,4.0,6111,13.0,22696.0,2110.0
2643154,2643155,57.0,1070799,2,1,1,1,1.0,50.0,1.0,-9.0,4.0,611M3,13.0,22696.0,2110.0
2643155,2643156,65.0,1070800,1,1,0,1,1.0,38.0,1.0,-9.0,3.0,5617Z,12.0,22696.0,2110.0
2643156,2643157,59.0,1070800,2,2,1,1,1.0,40.0,1.0,-9.0,4.0,442,5.0,22696.0,2110.0
2643157,2643158,74.0,1070801,1,2,0,1,6.0,-9.0,-9.0,-9.0,4.0,-9,0.0,22696.0,2110.0
2643158,2643159,69.0,1070802,1,1,0,1,6.0,-9.0,-9.0,-9.0,4.0,-9,0.0,22696.0,2110.0
2643159,2643160,67.0,1070803,1,1,0,1,6.0,-9.0,-9.0,-9.0,2.0,-9,0.0,22696.0,2110.0
2643160,2643161,81.0,1070804,1,2,0,1,6.0,-9.0,-9.0,-9.0,4.0,-9,0.0,22696.0,2110.0
2643161,2643162,50.0,1070804,2,1,2,1,1.0,40.0,1.0,-9.0,4.0,5617Z,12.0,22696.0,2110.0
2643162,2643163,84.0,1070805,1,2,0,1,6.0,-9.0,-9.0,-9.0,4.0,-9,0.0,22696.0,2110.0
2643163,2643164,64.0,1070805,2,1,2,1,6.0,-9.0,-9.0,-9.0,4.0,-9,0.0,22696.0,2110.0
2643164,2643165,66.0,1070806,1,2,0,1,6.0,-9.0,-9.0,-9.0,4.0,-9,0.0,22696.0,2110.0
2643165,2643166,64.0,1070806,2,1,13,1,6.0,-9.0,-9.0,-9.0,4.0,-9,0.0,22696.0,2110.0
2643166,2643167,66.0,1070807,1,2,0,1,6.0,-9.0,-9.0,-9.0,4.0,-9,0.0,22696.0,2110.0
2643167,2643168,64.0,1070807,2,1,13,1,6.0,-9.0,-9.0,-9.0,4.0,-9,0.0,22696.0,2110.0
2643168,2643169,66.0,1070808,1,2,0,1,6.0,-9.0,-9.0,-9.0,4.0,-9,0.0,22696.0,2110.0
2643169,2643170,64.0,1070808,2,1,13,1,6.0,-9.0,-9.0,-9.0,4.0,-9,0.0,22696.0,2110.0
2643170,2643171,70.0,1070809,1,1,0,1,6.0,-9.0,-9.0,-9.0,4.0,-9,0.0,22696.0,2110.0
2643171,2643172,51.0,1070809,2,2,15,1,6.0,-9.0,-9.0,-9.0,4.0,-9,0.0,22696.0,2110.0
2643172,2643173,70.0,1070810,1,1,0,1,6.0,-9.0,-9.0,-9.0,4.0,-9,0.0,22696.0,2110.0
2643173,2643174,51.0,1070810,2,2,15,1,6.0,-9.0,-9.0,-9.0,4.0,-9,0.0,22696.0,2110.0
2643174,2643175,83.0,1070811,1,2,0,1,6.0,-9.0,-9.0,-9.0,4.0,-9,0.0,22696.0,2110.0
2643175,2643176,83.0,1070812,1,2,0,1,6.0,-9.0,-9.0,-9.0,4.0,-9,0.0,22696.0,2110.0
2643176,2643177,76.0,1070813,1,1,0,1,6.0,-9.0,-9.0,-9.0,2.0,-9,0.0,22696.0,2110.0
2643177,2643178,70.0,1070814,1,1,0,1,6.0,-9.0,-9.0,-9.0,2.0,-9,0.0,22696.0,2110.0
2643178,2643179,73.0,1070815,1,2,0,1,6.0,-9.0,-9.0,-9.0,4.0,-9,0.0,22695.0,2110.0
2643179,2643180,58.0,1070815,2,1,2,1,6.0,-9.0,-9.0,-9.0,4.0,-9,0.0,22695.0,2110.0
2643180,2643181,73.0,1070816,1,2,0,1,6.0,-9.0,-9.0,-9.0,4.0,-9,0.0,22696.0,2110.0
2643181,2643182,58.0,1070816,2,1,2,1,6.0,-9.0,-9.0,-9.0,4.0,-9,0.0,22696.0,2110.0
2643182,2643183,65.0,1070817,1,2,0,1,6.0,-9.0,-9.0,-9.0,4.0,-9,0.0,22695.0,2110.0
2643183,2643184,65.0,1070818,1,2,0,1,6.0,-9.0,-9.0,-9.0,4.0,-9,0.0,22696.0,2110.0
2643184,2643185,72.0,1070819,1,1,0,1,6.0,-9.0,-9.0,-9.0,4.0,-9,0.0,22696.0,2110.0
2643185,2643186,80.0,1070820,1,2,0,1,1.0,15.0,1.0,-9.0,4.0,8131,17.0,22696.0,2110.0
2643186,2643187,83.0,1070821,1,2,0,1,6.0,-9.0,-9.0,-9.0,4.0,-9,0.0,22701.0,2110.0
2643187,2643188,58.0,1070821,2,2,2,1,6.0,-9.0,-9.0,-9.0,4.0,-9,0.0,22701.0,2110.0
2643188,2643189,83.0,1070822,1,2,0,1,6.0,-9.0,-9.0,-9.0,4.0,-9,0.0,22696.0,2110.0
2643189,2643190,58.0,1070822,2,2,2,1,6.0,-9.0,-9.0,-9.0,4.0,-9,0.0,22696.0,2110.0
2643190,2643191,80.0,1070823,1,2,0,1,6.0,-9.0,-9.0,-9.0,4.0,-9,0.0,22696.0,2110.0
2643191,2643192,65.0,1070824,1,1,0,1,6.0,-9.0,-9.0,-9.0,2.0,-9,0.0,22696.0,2110.0
2643192,2643193,94.0,1070825,1,2,0,1,6.0,-9.0,-9.0,-9.0,4.0,-9,0.0,22701.0,2110.0
2643193,2643194,71.0,1070826,1,2,0,1,6.0,-9.0,-9.0,-9.0,4.0,-9,0.0,22695.0,2110.0
2643194,2643195,94.0,1070827,1,2,0,1,6.0,-9.0,-9.0,-9.0,4.0,-9,0.0,22696.0,2110.0
2643195,2643196,77.0,1070828,1,2,0,1,6.0,-9.0,-9.0,-9.0,4.0,-9,0.0,22696.0,2110.0
2643196,2643197,77.0,1070829,1,2,0,1,6.0,-9.0,-9.0,-9.0,4.0,-9,0.0,22696.0,2110.0
2643197,2643198,89.0,1070830,1,2,0,1,6.0,-9.0,-9.0,-9.0,4.0,-9,0.0,22695.0,2110.0
2643198,2643199,88.0,1070831,1,2,0,1,6.0,-9.0,-9.0,-9.0,4.0,-9,0.0,22696.0,2110.0
2643199,2643200,80.0,1070832,1,2,0,1,6.0,-9.0,-9.0,-9.0,4.0,-9,0.0,22701.0,2110.0
2643200,2643201,87.0,1070833,1,2,0,1,6.0,-9.0,-9.0,-9.0,4.0,-9,0.0,22696.0,2110.0
2643201,2643202,87.0,1070834,1,2,0,1,6.0,-9.0,-9.0,-9.0,4.0,-9,0.0,22696.0,2110.0
2643202,2643203,74.0,1070835,1,2,0,1,6.0,-9.0,-9.0,-9.0,4.0,-9,0.0,22696.0,2110.0
2643203,2643204,85.0,1070836,1,2,0,1,6.0,-9.0,-9.0,-9.0,4.0,-9,0.0,22696.0,2110.0
2643204,2643205,68.0,1070837,1,2,0,1,6.0,-9.0,-9.0,-9.0,4.0,-9,0.0,22696.0,2110.0
2643205,2643206,66.0,1070838,1,2,0,1,6.0,-9.0,-9.0,-9.0,4.0,-9,0.0,22696.0,2110.0
2643206,2643207,69.0,1070839,1,1,0,1,6.0,-9.0,-9.0,-9.0,2.0,-9,0.0,22696.0,2110.0
2643207,2643208,67.0,1070840,1,1,0,1,6.0,-9.0,-9.0,-9.0,4.0,-9,0.0,22696.0,2110.0
2643208,2643209,66.0,1070841,1,1,0,1,6.0,-9.0,-9.0,-9.0,4.0,-9,0.0,22696.0,2110.0
2643209,2643210,74.0,1070842,1,1,0,1,6.0,-9.0,-9.0,-9.0,2.0,-9,0.0,22695.0,2110.0
2643210,2643211,85.0,1070843,1,1,0,1,6.0,-9.0,-9.0,-9.0,3.0,-9,0.0,22696.0,2110.0
2643211,2643212,66.0,1070844,1,1,0,1,6.0,-9.0,-9.0,-9.0,4.0,-9,0.0,22696.0,2110.0
2643212,2643213,74.0,1070845,1,1,0,1,6.0,-9.0,-9.0,-9.0,2.0,-9,0.0,22696.0,2110.0
2643213,2643214,75.0,1070846,1,1,0,1,6.0,-9.0,-9.0,-9.0,4.0,-9,0.0,22696.0,2110.0
2643214,2643215,74.0,1070847,1,1,0,1,6.0,-9.0,-9.0,-9.0,2.0,-9,0.0,22696.0,2110.0
2643215,2643216,77.0,1070848,1,1,0,1,6.0,-9.0,-9.0,-9.0,4.0,-9,0.0,22696.0,2110.0
2643216,2643217,75.0,1070849,1,1,0,1,6.0,-9.0,-9.0,-9.0,4.0,-9,0.0,22696.0,2110.0
2643217,2643218,74.0,1070850,1,1,0,1,6.0,-9.0,-9.0,-9.0,2.0,-9,0.0,22696.0,2110.0
2643218,2643219,67.0,1070851,1,1,0,1,6.0,-9.0,-9.0,-9.0,4.0,-9,0.0,22696.0,2110.0
2643219,2643220,73.0,1070852,1,2,0,1,6.0,-9.0,-9.0,-9.0,4.0,-9,0.0,22701.0,2110.0
2643220,2643221,60.0,1070852,2,1,1,1,6.0,-9.0,-9.0,-9.0,4.0,-9,0.0,22701.0,2110.0
2643221,2643222,66.0,1070853,1,2,0,1,6.0,-9.0,-9.0,-9.0,4.0,-9,0.0,22695.0,2110.0
2643222,2643223,70.0,1070854,1,1,0,1,6.0,-9.0,-9.0,-9.0,4.0,-9,0.0,22696.0,2110.0
2643223,2643224,94.0,1070855,1,2,0,1,6.0,-9.0,-9.0,-9.0,4.0,-9,0.0,22696.0,2110.0
2643224,2643225,94.0,1070856,1,2,0,1,6.0,-9.0,-9.0,-9.0,4.0,-9,0.0,22701.0,2110.0
2643225,2643226,80.0,1070857,1,2,0,1,6.0,-9.0,-9.0,-9.0,4.0,-9,0.0,22701.0,2110.0
2643226,2643227,90.0,1070858,1,1,0,1,6.0,-9.0,-9.0,-9.0,4.0,-9,0.0,22701.0,2110.0
2643227,2643228,54.0,1070859,1,2,0,3,1.0,20.0,3.0,-9.0,4.0,6111,13.0,22695.0,2110.0
2643228,2643229,52.0,1070860,1,1,0,4,1.0,40.0,1.0,-9.0,4.0,336M,3.0,22695.0,2110.0
2643229,2643230,61.0,1070861,1,1,0,4,1.0,40.0,1.0,-9.0,4.0,336M,3.0,22696.0,2110.0
2643230,2643231,61.0,1070862,1,1,0,4,1.0,40.0,1.0,-9.0,4.0,336M,3.0,22701.0,2110.0
2643231,2643232,61.0,1070863,1,1,0,4,1.0,40.0,1.0,-9.0,4.0,336M,3.0,22696.0,2110.0
2643232,2643233,61.0,1070864,1,1,0,4,1.0,40.0,1.0,-9.0,4.0,336M,3.0,22696.0,2110.0
2643233,2643234,56.0,1070865,1,2,0,4,1.0,12.0,3.0,-9.0,4.0,6111,13.0,22696.0,2110.0
2643234,2643235,67.0,1070865,2,1,1,4,6.0,-9.0,-9.0,-9.0,4.0,-9,0.0,22696.0,2110.0
2643235,2643236,56.0,1070866,1,2,0,4,1.0,12.0,3.0,-9.0,4.0,6111,13.0,22701.0,2110.0
2643236,2643237,67.0,1070866,2,1,1,4,6.0,-9.0,-9.0,-9.0,4.0,-9,0.0,22701.0,2110.0
2643237,2643238,55.0,1070867,1,2,0,4,6.0,-9.0,-9.0,-9.0,4.0,-9,0.0,22696.0,2110.0
2643238,2643239,53.0,1070867,2,1,1,1,1.0,40.0,1.0,-9.0,4.0,23,2.0,22696.0,2110.0
2643239,2643240,9.0,1070867,3,1,7,1,-9.0,-9.0,-9.0,5.0,-9.0,-9,0.0,22696.0,2110.0
2643240,2643241,2.0,1070867,4,2,7,1,-9.0,-9.0,-9.0,-9.0,-9.0,-9,0.0,22696.0,2110.0
2643241,2643242,55.0,1070868,1,2,0,4,6.0,-9.0,-9.0,-9.0,4.0,-9,0.0,22696.0,2110.0
2643242,2643243,53.0,1070868,2,1,1,1,1.0,40.0,1.0,-9.0,4.0,23,2.0,22696.0,2110.0
2643243,2643244,9.0,1070868,3,1,7,1,-9.0,-9.0,-9.0,5.0,-9.0,-9,0.0,22696.0,2110.0
2643244,2643245,2.0,1070868,4,2,7,1,-9.0,-9.0,-9.0,-9.0,-9.0,-9,0.0,22696.0,2110.0
2643245,2643246,55.0,1070869,1,2,0,4,6.0,-9.0,-9.0,-9.0,4.0,-9,0.0,22701.0,2110.0
2643246,2643247,53.0,1070869,2,1,1,1,1.0,40.0,1.0,-9.0,4.0,23,2.0,22701.0,2110.0
2643247,2643248,9.0,1070869,3,1,7,1,-9.0,-9.0,-9.0,5.0,-9.0,-9,0.0,22701.0,2110.0
2643248,2643249,2.0,1070869,4,2,7,1,-9.0,-9.0,-9.0,-9.0,-9.0,-9,0.0,22701.0,2110.0
2643249,2643250,64.0,1070870,1,1,0,2,1.0,4.0,1.0,-9.0,4.0,2212P,7.0,22696.0,2110.0
2643250,2643251,53.0,1070871,1,2,0,2,1.0,32.0,1.0,16.0,4.0,621M,14.0,22696.0,2110.0
2643251,2643252,80.0,1070871,2,2,6,2,6.0,-9.0,-9.0,-9.0,4.0,-9,0.0,22696.0,2110.0
2643252,2643253,47.0,1070872,1,1,0,2,1.0,40.0,1.0,-9.0,4.0,5413,10.0,22696.0,2110.0
2643253,2643254,60.0,1070873,1,2,0,2,1.0,40.0,1.0,-9.0,4.0,622M,15.0,22696.0,2110.0
2643254,2643255,69.0,1070873,2,1,1,2,6.0,-9.0,-9.0,-9.0,4.0,-9,0.0,22696.0,2110.0
2643255,2643256,18.0,1070873,3,1,2,2,1.0,40.0,6.0,15.0,4.0,611M1,13.0,22696.0,2110.0
2643256,2643257,60.0,1070874,1,2,0,2,1.0,40.0,1.0,-9.0,4.0,622M,15.0,22696.0,2110.0
2643257,2643258,69.0,1070874,2,1,1,2,6.0,-9.0,-9.0,-9.0,4.0,-9,0.0,22696.0,2110.0
2643258,2643259,18.0,1070874,3,1,2,2,1.0,40.0,6.0,15.0,4.0,611M1,13.0,22696.0,2110.0
2643259,2643260,60.0,1070875,1,2,0,2,1.0,40.0,1.0,-9.0,4.0,622M,15.0,22696.0,2110.0
2643260,2643261,69.0,1070875,2,1,1,2,6.0,-9.0,-9.0,-9.0,4.0,-9,0.0,22696.0,2110.0
2643261,2643262,18.0,1070875,3,1,2,2,1.0,40.0,6.0,15.0,4.0,611M1,13.0,22696.0,2110.0
2643262,2643263,54.0,1070876,1,2,0,2,1.0,40.0,1.0,-9.0,4.0,622M,15.0,22696.0,2110.0
2643263,2643264,59.0,1070877,1,1,0,2,6.0,-9.0,-9.0,-9.0,4.0,-9,0.0,22696.0,2110.0
2643264,2643265,62.0,1070878,1,1,0,2,6.0,-9.0,-9.0,-9.0,4.0,-9,0.0,22696.0,2110.0
2643265,2643266,45.0,1070879,1,1,0,2,1.0,40.0,1.0,-9.0,4.0,622M,15.0,22701.0,2110.0
2643266,2643267,24.0,1070879,2,2,1,2,2.0,25.0,1.0,15.0,4.0,623M,14.0,22701.0,2110.0
2643267,2643268,6.0,1070879,3,2,2,2,-9.0,-9.0,-9.0,3.0,-9.0,-9,0.0,22701.0,2110.0
2643268,2643269,4.0,1070879,4,1,2,2,-9.0,-9.0,-9.0,2.0,-9.0,-9,0.0,22701.0,2110.0
2643269,2643270,0.0,1070879,5,1,2,2,-9.0,-9.0,-9.0,-9.0,-9.0,-9,0.0,22701.0,2110.0
2643270,2643271,63.0,1070880,1,2,0,2,6.0,-9.0,-9.0,-9.0,4.0,-9,0.0,22695.0,2110.0
2643271,2643272,45.0,1070880,2,2,2,2,1.0,20.0,1.0,-9.0,4.0,722Z,16.0,22695.0,2110.0
2643272,2643273,18.0,1070880,3,2,7,2,1.0,25.0,1.0,-9.0,4.0,722Z,16.0,22695.0,2110.0
2643273,2643274,17.0,1070880,4,2,7,2,3.0,-9.0,-9.0,-9.0,4.0,999920,0.0,22695.0,2110.0
2643274,2643275,63.0,1070881,1,2,0,2,6.0,-9.0,-9.0,-9.0,4.0,-9,0.0,22701.0,2110.0
2643275,2643276,45.0,1070881,2,2,2,2,1.0,20.0,1.0,-9.0,4.0,722Z,16.0,22701.0,2110.0
2643276,2643277,18.0,1070881,3,2,7,2,1.0,25.0,1.0,-9.0,4.0,722Z,16.0,22701.0,2110.0
2643277,2643278,17.0,1070881,4,2,7,2,3.0,-9.0,-9.0,-9.0,4.0,999920,0.0,22701.0,2110.0
2643278,2643279,47.0,1070882,1,2,0,2,6.0,-9.0,-9.0,-9.0,4.0,-9,0.0,22701.0,2110.0
2643279,2643280,12.0,1070882,2,2,2,2,-9.0,-9.0,-9.0,9.0,-9.0,-9,0.0,22701.0,2110.0
2643280,2643281,46.0,1070883,1,1,0,1,1.0,40.0,1.0,-9.0,4.0,481,6.0,22695.0,2110.0
2643281,2643282,57.0,1070884,1,1,0,1,1.0,45.0,1.0,-9.0,4.0,336M,3.0,22696.0,2110.0
2643282,2643283,55.0,1070885,1,1,0,1,1.0,50.0,1.0,-9.0,4.0,8111Z,17.0,22696.0,2110.0
2643283,2643284,55.0,1070886,1,1,0,1,1.0,50.0,1.0,-9.0,4.0,8111Z,17.0,22696.0,2110.0
2643284,2643285,58.0,1070887,1,1,0,1,1.0,50.0,1.0,-9.0,4.0,23,2.0,22701.0,2110.0
2643285,2643286,58.0,1070888,1,1,0,1,1.0,50.0,1.0,-9.0,4.0,23,2.0,22696.0,2110.0
2643286,2643287,58.0,1070889,1,1,0,1,1.0,50.0,1.0,-9.0,4.0,23,2.0,22695.0,2110.0
2643287,2643288,61.0,1070890,1,2,0,1,1.0,14.0,1.0,-9.0,4.0,5617Z,12.0,22696.0,2110.0
2643288,2643289,54.0,1070891,1,2,0,1,1.0,35.0,1.0,-9.0,4.0,51912,8.0,22696.0,2110.0
2643289,2643290,52.0,1070892,1,1,0,1,1.0,45.0,3.0,-9.0,4.0,23,2.0,22696.0,2110.0
2643290,2643291,52.0,1070893,1,1,0,1,1.0,45.0,3.0,-9.0,4.0,23,2.0,22696.0,2110.0
2643291,2643292,52.0,1070894,1,1,0,1,1.0,45.0,3.0,-9.0,4.0,23,2.0,22696.0,2110.0
2643292,2643293,52.0,1070895,1,1,0,1,1.0,45.0,3.0,-9.0,4.0,23,2.0,22701.0,2110.0
2643293,2643294,52.0,1070896,1,1,0,1,1.0,45.0,3.0,-9.0,4.0,23,2.0,22696.0,2110.0
2643294,2643295,52.0,1070897,1,1,0,1,1.0,45.0,3.0,-9.0,4.0,23,2.0,22695.0,2110.0
2643295,2643296,52.0,1070898,1,1,0,1,1.0,45.0,3.0,-9.0,4.0,23,2.0,22695.0,2110.0
2643296,2643297,52.0,1070899,1,1,0,1,1.0,45.0,3.0,-9.0,4.0,23,2.0,22696.0,2110.0
2643297,2643298,64.0,1070900,1,2,0,1,6.0,-9.0,-9.0,-9.0,4.0,-9,0.0,22695.0,2110.0
2643298,2643299,88.0,1070900,2,2,6,1,6.0,-9.0,-9.0,-9.0,4.0,-9,0.0,22695.0,2110.0
2643299,2643300,61.0,1070901,1,1,0,1,6.0,-9.0,-9.0,-9.0,2.0,-9,0.0,22696.0,2110.0
2643300,2643301,45.0,1070902,1,2,0,1,1.0,45.0,1.0,-9.0,4.0,622M,15.0,22695.0,2110.0
2643301,2643302,58.0,1070903,1,2,0,1,1.0,25.0,1.0,-9.0,4.0,3219ZM,3.0,22696.0,2110.0
2643302,2643303,59.0,1070904,1,1,0,1,1.0,25.0,1.0,-9.0,4.0,7211,16.0,22696.0,2110.0
2643303,2643304,59.0,1070905,1,1,0,1,1.0,40.0,1.0,-9.0,4.0,6111,13.0,22701.0,2110.0
2643304,2643305,49.0,1070906,1,1,0,1,1.0,80.0,1.0,-9.0,4.0,56173,12.0,22701.0,2110.0
2643305,2643306,49.0,1070907,1,1,0,1,1.0,80.0,1.0,-9.0,4.0,56173,12.0,22696.0,2110.0
2643306,2643307,49.0,1070908,1,1,0,1,1.0,80.0,1.0,-9.0,4.0,56173,12.0,22696.0,2110.0
2643307,2643308,49.0,1070909,1,1,0,1,1.0,80.0,1.0,-9.0,4.0,56173,12.0,22701.0,2110.0
2643308,2643309,49.0,1070910,1,1,0,1,1.0,80.0,1.0,-9.0,4.0,56173,12.0,22696.0,2110.0
2643309,2643310,55.0,1070911,1,1,0,1,1.0,54.0,1.0,-9.0,4.0,32711,3.0,22696.0,2110.0
2643310,2643311,55.0,1070912,1,1,0,1,1.0,54.0,1.0,-9.0,4.0,32711,3.0,22696.0,2110.0
2643311,2643312,58.0,1070913,1,1,0,1,1.0,45.0,1.0,-9.0,4.0,23,2.0,22696.0,2110.0
2643312,2643313,58.0,1070914,1,1,0,1,1.0,45.0,1.0,-9.0,4.0,23,2.0,22696.0,2110.0
2643313,2643314,58.0,1070915,1,1,0,1,1.0,45.0,1.0,-9.0,4.0,23,2.0,22696.0,2110.0
2643314,2643315,53.0,1070916,1,1,0,1,1.0,35.0,1.0,-9.0,4.0,5617Z,12.0,22696.0,2110.0
2643315,2643316,61.0,1070917,1,1,0,1,1.0,25.0,1.0,-9.0,4.0,5121,8.0,22696.0,2110.0
2643316,2643317,61.0,1070918,1,1,0,1,1.0,25.0,1.0,-9.0,4.0,5121,8.0,22696.0,2110.0
2643317,2643318,58.0,1070919,1,1,0,1,1.0,50.0,1.0,-9.0,4.0,45439,5.0,22696.0,2110.0
2643318,2643319,51.0,1070920,1,1,0,1,1.0,50.0,1.0,-9.0,4.0,3221,3.0,22696.0,2110.0
2643319,2643320,51.0,1070921,1,1,0,1,1.0,50.0,1.0,-9.0,4.0,3221,3.0,22696.0,2110.0
2643320,2643321,54.0,1070922,1,1,0,1,1.0,30.0,4.0,-9.0,4.0,23,2.0,22701.0,2110.0
2643321,2643322,54.0,1070923,1,1,0,1,1.0,30.0,4.0,-9.0,4.0,23,2.0,22696.0,2110.0
2643322,2643323,54.0,1070924,1,1,0,1,1.0,30.0,4.0,-9.0,4.0,23,2.0,22696.0,2110.0
2643323,2643324,54.0,1070925,1,1,0,1,6.0,-9.0,-9.0,-9.0,4.0,-9,0.0,22701.0,2110.0
2643324,2643325,66.0,1070925,2,1,5,1,6.0,-9.0,-9.0,-9.0,4.0,-9,0.0,22701.0,2110.0
2643325,2643326,54.0,1070926,1,1,0,1,6.0,-9.0,-9.0,-9.0,4.0,-9,0.0,22696.0,2110.0
2643326,2643327,66.0,1070926,2,1,5,1,6.0,-9.0,-9.0,-9.0,4.0,-9,0.0,22696.0,2110.0
2643327,2643328,54.0,1070927,1,1,0,1,6.0,-9.0,-9.0,-9.0,4.0,-9,0.0,22696.0,2110.0
2643328,2643329,66.0,1070927,2,1,5,1,6.0,-9.0,-9.0,-9.0,4.0,-9,0.0,22696.0,2110.0
2643329,2643330,54.0,1070928,1,1,0,1,6.0,-9.0,-9.0,-9.0,4.0,-9,0.0,22696.0,2110.0
2643330,2643331,66.0,1070928,2,1,5,1,6.0,-9.0,-9.0,-9.0,4.0,-9,0.0,22696.0,2110.0
2643331,2643332,57.0,1070929,1,2,0,1,6.0,-9.0,-9.0,-9.0,4.0,-9,0.0,22696.0,2110.0
2643332,2643333,52.0,1070930,1,2,0,1,6.0,-9.0,-9.0,-9.0,4.0,-9,0.0,22696.0,2110.0
2643333,2643334,61.0,1070931,1,2,0,1,6.0,-9.0,-9.0,-9.0,4.0,-9,0.0,22696.0,2110.0
2643334,2643335,51.0,1070932,1,1,0,1,6.0,-9.0,-9.0,-9.0,4.0,-9,0.0,22696.0,2110.0
2643335,2643336,60.0,1070933,1,1,0,1,6.0,-9.0,-9.0,-9.0,4.0,-9,0.0,22696.0,2110.0
2643336,2643337,57.0,1070934,1,1,0,1,6.0,-9.0,-9.0,-9.0,2.0,-9,0.0,22696.0,2110.0
2643337,2643338,57.0,1070935,1,1,0,1,6.0,-9.0,-9.0,-9.0,2.0,-9,0.0,22696.0,2110.0
2643338,2643339,57.0,1070936,1,1,0,1,6.0,-9.0,-9.0,-9.0,2.0,-9,0.0,22696.0,2110.0
2643339,2643340,58.0,1070937,1,1,0,1,6.0,-9.0,-9.0,-9.0,4.0,-9,0.0,22701.0,2110.0
2643340,2643341,57.0,1070938,1,1,0,1,6.0,-9.0,-9.0,-9.0,2.0,-9,0.0,22695.0,2110.0
2643341,2643342,57.0,1070939,1,1,0,1,6.0,-9.0,-9.0,-9.0,2.0,-9,0.0,22696.0,2110.0
2643342,2643343,55.0,1070940,1,1,0,1,2.0,15.0,6.0,-9.0,2.0,23,2.0,22696.0,2110.0
2643343,2643344,55.0,1070941,1,1,0,1,2.0,15.0,6.0,-9.0,2.0,23,2.0,22696.0,2110.0
2643344,2643345,55.0,1070942,1,1,0,1,2.0,15.0,6.0,-9.0,2.0,23,2.0,22696.0,2110.0
2643345,2643346,55.0,1070943,1,1,0,1,2.0,15.0,6.0,-9.0,2.0,23,2.0,22696.0,2110.0
2643346,2643347,55.0,1070944,1,1,0,1,2.0,15.0,6.0,-9.0,2.0,23,2.0,22696.0,2110.0
2643347,2643348,55.0,1070945,1,1,0,1,2.0,15.0,6.0,-9.0,2.0,23,2.0,22696.0,2110.0
2643348,2643349,55.0,1070946,1,1,0,1,2.0,15.0,6.0,-9.0,2.0,23,2.0,22696.0,2110.0
2643349,2643350,52.0,1070947,1,1,0,1,6.0,-9.0,-9.0,-9.0,4.0,-9,0.0,22695.0,2110.0
2643350,2643351,52.0,1070948,1,1,0,1,6.0,-9.0,-9.0,-9.0,4.0,-9,0.0,22696.0,2110.0
2643351,2643352,58.0,1070949,1,1,0,1,6.0,-9.0,-9.0,-9.0,2.0,-9,0.0,22696.0,2110.0
2643352,2643353,58.0,1070950,1,1,0,1,6.0,-9.0,-9.0,-9.0,2.0,-9,0.0,22696.0,2110.0
2643353,2643354,58.0,1070951,1,1,0,1,6.0,-9.0,-9.0,-9.0,2.0,-9,0.0,22701.0,2110.0
2643354,2643355,58.0,1070952,1,1,0,1,6.0,-9.0,-9.0,-9.0,2.0,-9,0.0,22695.0,2110.0
2643355,2643356,58.0,1070953,1,1,0,1,6.0,-9.0,-9.0,-9.0,2.0,-9,0.0,22696.0,2110.0
2643356,2643357,58.0,1070954,1,1,0,1,6.0,-9.0,-9.0,-9.0,2.0,-9,0.0,22695.0,2110.0
2643357,2643358,58.0,1070955,1,1,0,1,6.0,-9.0,-9.0,-9.0,2.0,-9,0.0,22696.0,2110.0
2643358,2643359,58.0,1070956,1,1,0,1,6.0,-9.0,-9.0,-9.0,2.0,-9,0.0,22696.0,2110.0
2643359,2643360,58.0,1070957,1,1,0,1,6.0,-9.0,-9.0,-9.0,2.0,-9,0.0,22696.0,2110.0
2643360,2643361,60.0,1070958,1,1,0,1,6.0,-9.0,-9.0,-9.0,4.0,-9,0.0,22696.0,2110.0
2643361,2643362,58.0,1070959,1,1,0,1,6.0,-9.0,-9.0,-9.0,2.0,-9,0.0,22696.0,2110.0
2643362,2643363,58.0,1070960,1,1,0,1,6.0,-9.0,-9.0,-9.0,2.0,-9,0.0,22696.0,2110.0
2643363,2643364,60.0,1070961,1,1,0,1,6.0,-9.0,-9.0,-9.0,4.0,-9,0.0,22696.0,2110.0
2643364,2643365,58.0,1070962,1,1,0,1,6.0,-9.0,-9.0,-9.0,2.0,-9,0.0,22696.0,2110.0
2643365,2643366,46.0,1070963,1,2,0,1,1.0,18.0,1.0,-9.0,4.0,23,2.0,22696.0,2110.0
2643366,2643367,7.0,1070963,2,2,15,1,-9.0,-9.0,-9.0,-9.0,-9.0,-9,0.0,22696.0,2110.0
2643367,2643368,26.0,1070964,1,1,0,4,1.0,40.0,1.0,-9.0,4.0,5417,10.0,22696.0,2110.0
2643368,2643369,25.0,1070965,1,1,0,4,3.0,8.0,6.0,-9.0,4.0,722Z,16.0,22696.0,2110.0
2643369,2643370,24.0,1070965,2,1,12,3,1.0,40.0,1.0,-9.0,4.0,722Z,16.0,22696.0,2110.0
2643370,2643371,23.0,1070965,3,1,12,1,1.0,40.0,1.0,-9.0,4.0,722Z,16.0,22696.0,2110.0
2643371,2643372,22.0,1070965,4,2,12,1,1.0,40.0,1.0,-9.0,4.0,722Z,16.0,22696.0,2110.0
2643372,2643373,25.0,1070966,1,1,0,4,1.0,30.0,1.0,15.0,4.0,443142,5.0,22696.0,2110.0
2643373,2643374,20.0,1070966,2,2,13,1,1.0,23.0,1.0,-9.0,4.0,44511,5.0,22696.0,2110.0
2643374,2643375,25.0,1070967,1,1,0,4,1.0,30.0,1.0,15.0,4.0,443142,5.0,22696.0,2110.0
2643375,2643376,20.0,1070967,2,2,13,1,1.0,23.0,1.0,-9.0,4.0,44511,5.0,22696.0,2110.0
2643376,2643377,25.0,1070968,1,1,0,4,1.0,30.0,1.0,15.0,4.0,443142,5.0,22695.0,2110.0
2643377,2643378,20.0,1070968,2,2,13,1,1.0,23.0,1.0,-9.0,4.0,44511,5.0,22695.0,2110.0
2643378,2643379,25.0,1070969,1,1,0,4,1.0,30.0,1.0,15.0,4.0,443142,5.0,22696.0,2110.0
2643379,2643380,20.0,1070969,2,2,13,1,1.0,23.0,1.0,-9.0,4.0,44511,5.0,22696.0,2110.0
2643380,2643381,25.0,1070970,1,1,0,4,1.0,30.0,1.0,15.0,4.0,443142,5.0,22696.0,2110.0
2643381,2643382,20.0,1070970,2,2,13,1,1.0,23.0,1.0,-9.0,4.0,44511,5.0,22696.0,2110.0
2643382,2643383,25.0,1070971,1,1,0,4,1.0,30.0,1.0,15.0,4.0,443142,5.0,22696.0,2110.0
2643383,2643384,20.0,1070971,2,2,13,1,1.0,23.0,1.0,-9.0,4.0,44511,5.0,22696.0,2110.0
2643384,2643385,25.0,1070972,1,1,0,4,1.0,30.0,1.0,15.0,4.0,443142,5.0,22696.0,2110.0
2643385,2643386,20.0,1070972,2,2,13,1,1.0,23.0,1.0,-9.0,4.0,44511,5.0,22696.0,2110.0
2643386,2643387,25.0,1070973,1,1,0,4,1.0,30.0,1.0,15.0,4.0,443142,5.0,22696.0,2110.0
2643387,2643388,20.0,1070973,2,2,13,1,1.0,23.0,1.0,-9.0,4.0,44511,5.0,22696.0,2110.0
2643388,2643389,30.0,1070974,1,2,0,4,1.0,40.0,1.0,16.0,4.0,3118Z,3.0,22695.0,2110.0
2643389,2643390,42.0,1070975,1,1,0,4,1.0,40.0,1.0,-9.0,4.0,5613,12.0,22696.0,2110.0
2643390,2643391,33.0,1070975,2,1,12,1,1.0,40.0,1.0,-9.0,4.0,336M,3.0,22696.0,2110.0
2643391,2643392,42.0,1070976,1,1,0,4,1.0,40.0,1.0,-9.0,4.0,5613,12.0,22696.0,2110.0
2643392,2643393,33.0,1070976,2,1,12,1,1.0,40.0,1.0,-9.0,4.0,336M,3.0,22696.0,2110.0
2643393,2643394,42.0,1070977,1,1,0,4,1.0,40.0,1.0,-9.0,4.0,5613,12.0,22696.0,2110.0
2643394,2643395,33.0,1070977,2,1,12,1,1.0,40.0,1.0,-9.0,4.0,336M,3.0,22696.0,2110.0
2643395,2643396,28.0,1070978,1,2,0,4,1.0,42.0,1.0,-9.0,4.0,5412,10.0,22701.0,2110.0
2643396,2643397,34.0,1070979,1,1,0,4,1.0,40.0,1.0,-9.0,4.0,5415,10.0,22695.0,2110.0
2643397,2643398,40.0,1070980,1,2,0,4,1.0,40.0,1.0,-9.0,4.0,622M,15.0,22696.0,2110.0
2643398,2643399,39.0,1070980,2,1,1,1,1.0,40.0,1.0,-9.0,4.0,23,2.0,22696.0,2110.0
2643399,2643400,17.0,1070980,3,2,2,4,6.0,10.0,6.0,14.0,4.0,622M,15.0,22696.0,2110.0
2643400,2643401,15.0,1070980,4,1,2,4,-9.0,-9.0,-9.0,11.0,-9.0,-9,0.0,22696.0,2110.0
2643401,2643402,8.0,1070980,5,1,2,4,-9.0,-9.0,-9.0,5.0,-9.0,-9,0.0,22696.0,2110.0
2643402,2643403,4.0,1070980,6,1,2,4,-9.0,-9.0,-9.0,1.0,-9.0,-9,0.0,22696.0,2110.0
2643403,2643404,40.0,1070981,1,2,0,4,1.0,40.0,1.0,-9.0,4.0,622M,15.0,22701.0,2110.0
2643404,2643405,39.0,1070981,2,1,1,1,1.0,40.0,1.0,-9.0,4.0,23,2.0,22701.0,2110.0
2643405,2643406,17.0,1070981,3,2,2,4,6.0,10.0,6.0,14.0,4.0,622M,15.0,22701.0,2110.0
2643406,2643407,15.0,1070981,4,1,2,4,-9.0,-9.0,-9.0,11.0,-9.0,-9,0.0,22701.0,2110.0
2643407,2643408,8.0,1070981,5,1,2,4,-9.0,-9.0,-9.0,5.0,-9.0,-9,0.0,22701.0,2110.0
2643408,2643409,4.0,1070981,6,1,2,4,-9.0,-9.0,-9.0,1.0,-9.0,-9,0.0,22701.0,2110.0
2643409,2643410,40.0,1070982,1,2,0,4,1.0,40.0,1.0,-9.0,4.0,622M,15.0,22701.0,2110.0
2643410,2643411,39.0,1070982,2,1,1,1,1.0,40.0,1.0,-9.0,4.0,23,2.0,22701.0,2110.0
2643411,2643412,17.0,1070982,3,2,2,4,6.0,10.0,6.0,14.0,4.0,622M,15.0,22701.0,2110.0
2643412,2643413,15.0,1070982,4,1,2,4,-9.0,-9.0,-9.0,11.0,-9.0,-9,0.0,22701.0,2110.0
2643413,2643414,8.0,1070982,5,1,2,4,-9.0,-9.0,-9.0,5.0,-9.0,-9,0.0,22701.0,2110.0
2643414,2643415,4.0,1070982,6,1,2,4,-9.0,-9.0,-9.0,1.0,-9.0,-9,0.0,22701.0,2110.0
2643415,2643416,42.0,1070983,1,1,0,4,1.0,60.0,2.0,-9.0,4.0,336M,3.0,22696.0,2110.0
2643416,2643417,33.0,1070983,2,2,1,4,1.0,40.0,1.0,-9.0,4.0,336M,3.0,22696.0,2110.0
2643417,2643418,8.0,1070983,3,2,2,4,-9.0,-9.0,-9.0,5.0,-9.0,-9,0.0,22696.0,2110.0
2643418,2643419,3.0,1070983,4,2,2,4,-9.0,-9.0,-9.0,1.0,-9.0,-9,0.0,22696.0,2110.0
2643419,2643420,37.0,1070984,1,2,0,4,1.0,30.0,1.0,-9.0,4.0,6211,14.0,22696.0,2110.0
2643420,2643421,37.0,1070984,2,1,1,4,1.0,60.0,1.0,-9.0,4.0,622M,15.0,22696.0,2110.0
2643421,2643422,6.0,1070984,3,2,2,4,-9.0,-9.0,-9.0,3.0,-9.0,-9,0.0,22696.0,2110.0
2643422,2643423,3.0,1070984,4,2,2,4,-9.0,-9.0,-9.0,-9.0,-9.0,-9,0.0,22696.0,2110.0
2643423,2643424,43.0,1070985,1,1,0,4,1.0,40.0,1.0,-9.0,4.0,611M1,13.0,22696.0,2110.0
2643424,2643425,38.0,1070985,2,2,1,4,1.0,40.0,1.0,-9.0,4.0,611M1,13.0,22696.0,2110.0
2643425,2643426,8.0,1070985,3,2,2,4,-9.0,-9.0,-9.0,4.0,-9.0,-9,0.0,22696.0,2110.0
2643426,2643427,3.0,1070985,4,1,2,4,-9.0,-9.0,-9.0,1.0,-9.0,-9,0.0,22696.0,2110.0
2643427,2643428,39.0,1070986,1,1,0,4,1.0,40.0,1.0,-9.0,4.0,336M,3.0,22696.0,2110.0
2643428,2643429,36.0,1070986,2,1,1,4,1.0,40.0,1.0,-9.0,4.0,336M,3.0,22696.0,2110.0
2643429,2643430,10.0,1070986,3,1,2,4,-9.0,-9.0,-9.0,7.0,-9.0,-9,0.0,22696.0,2110.0
2643430,2643431,8.0,1070986,4,1,2,4,-9.0,-9.0,-9.0,5.0,-9.0,-9,0.0,22696.0,2110.0
2643431,2643432,39.0,1070987,1,1,0,4,1.0,40.0,1.0,-9.0,4.0,336M,3.0,22701.0,2110.0
2643432,2643433,36.0,1070987,2,1,1,4,1.0,40.0,1.0,-9.0,4.0,336M,3.0,22701.0,2110.0
2643433,2643434,10.0,1070987,3,1,2,4,-9.0,-9.0,-9.0,7.0,-9.0,-9,0.0,22701.0,2110.0
2643434,2643435,8.0,1070987,4,1,2,4,-9.0,-9.0,-9.0,5.0,-9.0,-9,0.0,22701.0,2110.0
2643435,2643436,39.0,1070988,1,1,0,4,1.0,40.0,1.0,-9.0,4.0,336M,3.0,22696.0,2110.0
2643436,2643437,36.0,1070988,2,1,1,4,1.0,40.0,1.0,-9.0,4.0,336M,3.0,22696.0,2110.0
2643437,2643438,10.0,1070988,3,1,2,4,-9.0,-9.0,-9.0,7.0,-9.0,-9,0.0,22696.0,2110.0
2643438,2643439,8.0,1070988,4,1,2,4,-9.0,-9.0,-9.0,5.0,-9.0,-9,0.0,22696.0,2110.0
2643439,2643440,39.0,1070989,1,1,0,4,1.0,40.0,1.0,-9.0,4.0,336M,3.0,22696.0,2110.0
2643440,2643441,36.0,1070989,2,1,1,4,1.0,40.0,1.0,-9.0,4.0,336M,3.0,22696.0,2110.0
2643441,2643442,10.0,1070989,3,1,2,4,-9.0,-9.0,-9.0,7.0,-9.0,-9,0.0,22696.0,2110.0
2643442,2643443,8.0,1070989,4,1,2,4,-9.0,-9.0,-9.0,5.0,-9.0,-9,0.0,22696.0,2110.0
2643443,2643444,39.0,1070990,1,1,0,4,1.0,40.0,1.0,-9.0,4.0,336M,3.0,22696.0,2110.0
2643444,2643445,36.0,1070990,2,1,1,4,1.0,40.0,1.0,-9.0,4.0,336M,3.0,22696.0,2110.0
2643445,2643446,10.0,1070990,3,1,2,4,-9.0,-9.0,-9.0,7.0,-9.0,-9,0.0,22696.0,2110.0
2643446,2643447,8.0,1070990,4,1,2,4,-9.0,-9.0,-9.0,5.0,-9.0,-9,0.0,22696.0,2110.0
2643447,2643448,39.0,1070991,1,1,0,4,1.0,40.0,1.0,-9.0,4.0,336M,3.0,22696.0,2110.0
2643448,2643449,36.0,1070991,2,1,1,4,1.0,40.0,1.0,-9.0,4.0,336M,3.0,22696.0,2110.0
2643449,2643450,10.0,1070991,3,1,2,4,-9.0,-9.0,-9.0,7.0,-9.0,-9,0.0,22696.0,2110.0
2643450,2643451,8.0,1070991,4,1,2,4,-9.0,-9.0,-9.0,5.0,-9.0,-9,0.0,22696.0,2110.0
2643451,2643452,39.0,1070992,1,1,0,4,1.0,40.0,1.0,-9.0,4.0,336M,3.0,22696.0,2110.0
2643452,2643453,36.0,1070992,2,1,1,4,1.0,40.0,1.0,-9.0,4.0,336M,3.0,22696.0,2110.0
2643453,2643454,10.0,1070992,3,1,2,4,-9.0,-9.0,-9.0,7.0,-9.0,-9,0.0,22696.0,2110.0
2643454,2643455,8.0,1070992,4,1,2,4,-9.0,-9.0,-9.0,5.0,-9.0,-9,0.0,22696.0,2110.0
2643455,2643456,29.0,1070993,1,2,0,4,2.0,48.0,1.0,-9.0,4.0,611M1,13.0,22696.0,2110.0
2643456,2643457,29.0,1070993,2,1,1,1,1.0,32.0,1.0,-9.0,4.0,622M,15.0,22696.0,2110.0
2643457,2643458,0.0,1070993,3,2,2,4,-9.0,-9.0,-9.0,-9.0,-9.0,-9,0.0,22696.0,2110.0
2643458,2643459,29.0,1070994,1,2,0,4,2.0,48.0,1.0,-9.0,4.0,611M1,13.0,22696.0,2110.0
2643459,2643460,29.0,1070994,2,1,1,1,1.0,32.0,1.0,-9.0,4.0,622M,15.0,22696.0,2110.0
2643460,2643461,0.0,1070994,3,2,2,4,-9.0,-9.0,-9.0,-9.0,-9.0,-9,0.0,22696.0,2110.0
2643461,2643462,29.0,1070995,1,2,0,4,2.0,48.0,1.0,-9.0,4.0,611M1,13.0,22701.0,2110.0
2643462,2643463,29.0,1070995,2,1,1,1,1.0,32.0,1.0,-9.0,4.0,622M,15.0,22701.0,2110.0
2643463,2643464,0.0,1070995,3,2,2,4,-9.0,-9.0,-9.0,-9.0,-9.0,-9,0.0,22701.0,2110.0
2643464,2643465,29.0,1070996,1,2,0,4,2.0,48.0,1.0,-9.0,4.0,611M1,13.0,22696.0,2110.0
2643465,2643466,29.0,1070996,2,1,1,1,1.0,32.0,1.0,-9.0,4.0,622M,15.0,22696.0,2110.0
2643466,2643467,0.0,1070996,3,2,2,4,-9.0,-9.0,-9.0,-9.0,-9.0,-9,0.0,22696.0,2110.0
2643467,2643468,41.0,1070997,1,1,0,2,1.0,40.0,1.0,-9.0,2.0,517311,8.0,22696.0,2110.0
2643468,2643469,41.0,1070998,1,1,0,2,1.0,40.0,1.0,-9.0,2.0,517311,8.0,22696.0,2110.0
2643469,2643470,41.0,1070999,1,1,0,2,1.0,40.0,1.0,-9.0,2.0,517311,8.0,22696.0,2110.0
2643470,2643471,41.0,1071000,1,1,0,2,1.0,40.0,1.0,-9.0,2.0,517311,8.0,22696.0,2110.0
2643471,2643472,39.0,1071001,1,1,0,2,1.0,30.0,1.0,-9.0,4.0,621M,14.0,22696.0,2110.0
2643472,2643473,25.0,1071001,2,2,12,1,1.0,30.0,3.0,15.0,4.0,622M,15.0,22696.0,2110.0
2643473,2643474,39.0,1071002,1,1,0,2,1.0,30.0,1.0,-9.0,4.0,621M,14.0,22696.0,2110.0
2643474,2643475,25.0,1071002,2,2,12,1,1.0,30.0,3.0,15.0,4.0,622M,15.0,22696.0,2110.0
2643475,2643476,39.0,1071003,1,1,0,2,1.0,30.0,1.0,-9.0,4.0,621M,14.0,22695.0,2110.0
2643476,2643477,25.0,1071003,2,2,12,1,1.0,30.0,3.0,15.0,4.0,622M,15.0,22695.0,2110.0
2643477,2643478,39.0,1071004,1,1,0,2,1.0,30.0,1.0,-9.0,4.0,621M,14.0,22696.0,2110.0
2643478,2643479,25.0,1071004,2,2,12,1,1.0,30.0,3.0,15.0,4.0,622M,15.0,22696.0,2110.0
2643479,2643480,39.0,1071005,1,1,0,2,1.0,30.0,1.0,-9.0,4.0,621M,14.0,22701.0,2110.0
2643480,2643481,25.0,1071005,2,2,12,1,1.0,30.0,3.0,15.0,4.0,622M,15.0,22701.0,2110.0
2643481,2643482,44.0,1071006,1,1,0,2,1.0,60.0,1.0,-9.0,2.0,722Z,16.0,22696.0,2110.0
2643482,2643483,34.0,1071006,2,2,15,1,1.0,45.0,4.0,-9.0,4.0,722Z,16.0,22696.0,2110.0
2643483,2643484,44.0,1071007,1,1,0,2,1.0,60.0,1.0,-9.0,2.0,722Z,16.0,22695.0,2110.0
2643484,2643485,34.0,1071007,2,2,15,1,1.0,45.0,4.0,-9.0,4.0,722Z,16.0,22695.0,2110.0
2643485,2643486,44.0,1071008,1,1,0,2,1.0,60.0,1.0,-9.0,2.0,722Z,16.0,22696.0,2110.0
2643486,2643487,34.0,1071008,2,2,15,1,1.0,45.0,4.0,-9.0,4.0,722Z,16.0,22696.0,2110.0
2643487,2643488,44.0,1071009,1,1,0,2,1.0,60.0,1.0,-9.0,2.0,722Z,16.0,22696.0,2110.0
2643488,2643489,34.0,1071009,2,2,15,1,1.0,45.0,4.0,-9.0,4.0,722Z,16.0,22696.0,2110.0
2643489,2643490,27.0,1071010,1,1,0,2,1.0,40.0,1.0,-9.0,4.0,311M2,3.0,22696.0,2110.0
2643490,2643491,24.0,1071010,2,1,12,2,1.0,45.0,1.0,15.0,4.0,3118Z,3.0,22696.0,2110.0
2643491,2643492,27.0,1071011,1,2,0,2,1.0,40.0,1.0,-9.0,4.0,5415,10.0,22696.0,2110.0
2643492,2643493,27.0,1071012,1,2,0,2,1.0,40.0,5.0,-9.0,4.0,336M,3.0,22696.0,2110.0
2643493,2643494,26.0,1071013,1,1,0,2,1.0,40.0,1.0,15.0,4.0,5415,10.0,22696.0,2110.0
2643494,2643495,28.0,1071014,1,1,0,2,1.0,40.0,1.0,-9.0,4.0,4533,5.0,22696.0,2110.0
2643495,2643496,27.0,1071015,1,1,0,2,1.0,40.0,6.0,-9.0,4.0,336M,3.0,22696.0,2110.0
2643496,2643497,27.0,1071016,1,1,0,2,1.0,40.0,6.0,-9.0,4.0,336M,3.0,22695.0,2110.0
2643497,2643498,27.0,1071017,1,1,0,2,1.0,40.0,6.0,-9.0,4.0,336M,3.0,22695.0,2110.0
2643498,2643499,37.0,1071018,1,1,0,2,1.0,40.0,1.0,-9.0,4.0,5417,10.0,22696.0,2110.0
2643499,2643500,44.0,1071019,1,1,0,2,6.0,-9.0,-9.0,-9.0,2.0,-9,0.0,22696.0,2110.0
2643500,2643501,44.0,1071020,1,1,0,2,1.0,35.0,1.0,-9.0,4.0,611M1,13.0,22696.0,2110.0
2643501,2643502,40.0,1071020,2,2,1,2,1.0,35.0,1.0,-9.0,4.0,6211,14.0,22696.0,2110.0
2643502,2643503,6.0,1071020,3,1,2,2,-9.0,-9.0,-9.0,3.0,-9.0,-9,0.0,22696.0,2110.0
2643503,2643504,5.0,1071020,4,2,2,2,-9.0,-9.0,-9.0,2.0,-9.0,-9,0.0,22696.0,2110.0
2643504,2643505,3.0,1071020,5,2,2,2,-9.0,-9.0,-9.0,1.0,-9.0,-9,0.0,22696.0,2110.0
2643505,2643506,43.0,1071021,1,2,0,2,1.0,40.0,1.0,-9.0,4.0,5241,9.0,22696.0,2110.0
2643506,2643507,13.0,1071021,2,2,2,2,-9.0,-9.0,-9.0,10.0,-9.0,-9,0.0,22696.0,2110.0
2643507,2643508,39.0,1071022,1,2,0,2,1.0,45.0,1.0,15.0,4.0,517311,8.0,22695.0,2110.0
2643508,2643509,16.0,1071022,2,2,2,3,6.0,-9.0,-9.0,12.0,-9.0,-9,0.0,22695.0,2110.0
2643509,2643510,32.0,1071023,1,2,0,2,1.0,20.0,1.0,-9.0,4.0,8131,17.0,22696.0,2110.0
2643510,2643511,29.0,1071023,2,1,1,1,1.0,40.0,1.0,-9.0,3.0,8131,17.0,22696.0,2110.0
2643511,2643512,3.0,1071023,3,1,2,4,-9.0,-9.0,-9.0,-9.0,-9.0,-9,0.0,22696.0,2110.0
2643512,2643513,32.0,1071024,1,2,0,2,1.0,20.0,1.0,-9.0,4.0,8131,17.0,22696.0,2110.0
2643513,2643514,29.0,1071024,2,1,1,1,1.0,40.0,1.0,-9.0,3.0,8131,17.0,22696.0,2110.0
2643514,2643515,3.0,1071024,3,1,2,4,-9.0,-9.0,-9.0,-9.0,-9.0,-9,0.0,22696.0,2110.0
2643515,2643516,32.0,1071025,1,2,0,2,1.0,20.0,1.0,-9.0,4.0,8131,17.0,22696.0,2110.0
2643516,2643517,29.0,1071025,2,1,1,1,1.0,40.0,1.0,-9.0,3.0,8131,17.0,22696.0,2110.0
2643517,2643518,3.0,1071025,3,1,2,4,-9.0,-9.0,-9.0,-9.0,-9.0,-9,0.0,22696.0,2110.0
2643518,2643519,32.0,1071026,1,2,0,2,1.0,20.0,1.0,-9.0,4.0,8131,17.0,22701.0,2110.0
2643519,2643520,29.0,1071026,2,1,1,1,1.0,40.0,1.0,-9.0,3.0,8131,17.0,22701.0,2110.0
2643520,2643521,3.0,1071026,3,1,2,4,-9.0,-9.0,-9.0,-9.0,-9.0,-9,0.0,22701.0,2110.0
2643521,2643522,32.0,1071027,1,2,0,2,1.0,20.0,1.0,-9.0,4.0,8131,17.0,22696.0,2110.0
2643522,2643523,29.0,1071027,2,1,1,1,1.0,40.0,1.0,-9.0,3.0,8131,17.0,22696.0,2110.0
2643523,2643524,3.0,1071027,3,1,2,4,-9.0,-9.0,-9.0,-9.0,-9.0,-9,0.0,22696.0,2110.0
2643524,2643525,32.0,1071028,1,2,0,2,1.0,20.0,1.0,-9.0,4.0,8131,17.0,22696.0,2110.0
2643525,2643526,29.0,1071028,2,1,1,1,1.0,40.0,1.0,-9.0,3.0,8131,17.0,22696.0,2110.0
2643526,2643527,3.0,1071028,3,1,2,4,-9.0,-9.0,-9.0,-9.0,-9.0,-9,0.0,22696.0,2110.0
2643527,2643528,32.0,1071029,1,2,0,2,1.0,20.0,1.0,-9.0,4.0,8131,17.0,22696.0,2110.0
2643528,2643529,29.0,1071029,2,1,1,1,1.0,40.0,1.0,-9.0,3.0,8131,17.0,22696.0,2110.0
2643529,2643530,3.0,1071029,3,1,2,4,-9.0,-9.0,-9.0,-9.0,-9.0,-9,0.0,22696.0,2110.0
2643530,2643531,32.0,1071030,1,2,0,2,1.0,20.0,1.0,-9.0,4.0,8131,17.0,22696.0,2110.0
2643531,2643532,29.0,1071030,2,1,1,1,1.0,40.0,1.0,-9.0,3.0,8131,17.0,22696.0,2110.0
2643532,2643533,3.0,1071030,3,1,2,4,-9.0,-9.0,-9.0,-9.0,-9.0,-9,0.0,22696.0,2110.0
2643533,2643534,32.0,1071031,1,2,0,2,1.0,20.0,1.0,-9.0,4.0,8131,17.0,22696.0,2110.0
2643534,2643535,29.0,1071031,2,1,1,1,1.0,40.0,1.0,-9.0,3.0,8131,17.0,22696.0,2110.0
2643535,2643536,3.0,1071031,3,1,2,4,-9.0,-9.0,-9.0,-9.0,-9.0,-9,0.0,22696.0,2110.0
2643536,2643537,32.0,1071032,1,2,0,2,1.0,20.0,1.0,-9.0,4.0,8131,17.0,22696.0,2110.0
2643537,2643538,29.0,1071032,2,1,1,1,1.0,40.0,1.0,-9.0,3.0,8131,17.0,22696.0,2110.0
2643538,2643539,3.0,1071032,3,1,2,4,-9.0,-9.0,-9.0,-9.0,-9.0,-9,0.0,22696.0,2110.0
2643539,2643540,32.0,1071033,1,2,0,2,1.0,20.0,1.0,-9.0,4.0,8131,17.0,22696.0,2110.0
2643540,2643541,29.0,1071033,2,1,1,1,1.0,40.0,1.0,-9.0,3.0,8131,17.0,22696.0,2110.0
2643541,2643542,3.0,1071033,3,1,2,4,-9.0,-9.0,-9.0,-9.0,-9.0,-9,0.0,22696.0,2110.0
2643542,2643543,32.0,1071034,1,2,0,2,1.0,20.0,1.0,-9.0,4.0,8131,17.0,22696.0,2110.0
2643543,2643544,29.0,1071034,2,1,1,1,1.0,40.0,1.0,-9.0,3.0,8131,17.0,22696.0,2110.0
2643544,2643545,3.0,1071034,3,1,2,4,-9.0,-9.0,-9.0,-9.0,-9.0,-9,0.0,22696.0,2110.0
2643545,2643546,32.0,1071035,1,2,0,2,1.0,20.0,1.0,-9.0,4.0,8131,17.0,22701.0,2110.0
2643546,2643547,29.0,1071035,2,1,1,1,1.0,40.0,1.0,-9.0,3.0,8131,17.0,22701.0,2110.0
2643547,2643548,3.0,1071035,3,1,2,4,-9.0,-9.0,-9.0,-9.0,-9.0,-9,0.0,22701.0,2110.0
2643548,2643549,32.0,1071036,1,2,0,2,1.0,20.0,1.0,-9.0,4.0,8131,17.0,22695.0,2110.0
2643549,2643550,29.0,1071036,2,1,1,1,1.0,40.0,1.0,-9.0,3.0,8131,17.0,22695.0,2110.0
2643550,2643551,3.0,1071036,3,1,2,4,-9.0,-9.0,-9.0,-9.0,-9.0,-9,0.0,22695.0,2110.0
2643551,2643552,32.0,1071037,1,2,0,2,1.0,20.0,1.0,-9.0,4.0,8131,17.0,22696.0,2110.0
2643552,2643553,29.0,1071037,2,1,1,1,1.0,40.0,1.0,-9.0,3.0,8131,17.0,22696.0,2110.0
2643553,2643554,3.0,1071037,3,1,2,4,-9.0,-9.0,-9.0,-9.0,-9.0,-9,0.0,22696.0,2110.0
2643554,2643555,32.0,1071038,1,2,0,2,1.0,20.0,1.0,-9.0,4.0,8131,17.0,22701.0,2110.0
2643555,2643556,29.0,1071038,2,1,1,1,1.0,40.0,1.0,-9.0,3.0,8131,17.0,22701.0,2110.0
2643556,2643557,3.0,1071038,3,1,2,4,-9.0,-9.0,-9.0,-9.0,-9.0,-9,0.0,22701.0,2110.0
2643557,2643558,32.0,1071039,1,2,0,2,1.0,20.0,1.0,-9.0,4.0,8131,17.0,22696.0,2110.0
2643558,2643559,29.0,1071039,2,1,1,1,1.0,40.0,1.0,-9.0,3.0,8131,17.0,22696.0,2110.0
2643559,2643560,3.0,1071039,3,1,2,4,-9.0,-9.0,-9.0,-9.0,-9.0,-9,0.0,22696.0,2110.0
2643560,2643561,42.0,1071040,1,2,0,3,1.0,20.0,1.0,-9.0,4.0,621M,14.0,22701.0,2110.0
2643561,2643562,46.0,1071040,2,1,1,4,1.0,60.0,1.0,-9.0,4.0,621M,14.0,22701.0,2110.0
2643562,2643563,16.0,1071040,3,2,2,4,6.0,-9.0,-9.0,13.0,-9.0,-9,0.0,22701.0,2110.0
2643563,2643564,11.0,1071040,4,2,2,4,-9.0,-9.0,-9.0,8.0,-9.0,-9,0.0,22701.0,2110.0
2643564,2643565,9.0,1071040,5,2,2,4,-9.0,-9.0,-9.0,6.0,-9.0,-9,0.0,22701.0,2110.0
2643565,2643566,42.0,1071041,1,2,0,3,1.0,20.0,1.0,-9.0,4.0,621M,14.0,22696.0,2110.0
2643566,2643567,46.0,1071041,2,1,1,4,1.0,60.0,1.0,-9.0,4.0,621M,14.0,22696.0,2110.0
2643567,2643568,16.0,1071041,3,2,2,4,6.0,-9.0,-9.0,13.0,-9.0,-9,0.0,22696.0,2110.0
2643568,2643569,11.0,1071041,4,2,2,4,-9.0,-9.0,-9.0,8.0,-9.0,-9,0.0,22696.0,2110.0
2643569,2643570,9.0,1071041,5,2,2,4,-9.0,-9.0,-9.0,6.0,-9.0,-9,0.0,22696.0,2110.0
2643570,2643571,42.0,1071042,1,2,0,3,1.0,20.0,1.0,-9.0,4.0,621M,14.0,22701.0,2110.0
2643571,2643572,46.0,1071042,2,1,1,4,1.0,60.0,1.0,-9.0,4.0,621M,14.0,22701.0,2110.0
2643572,2643573,16.0,1071042,3,2,2,4,6.0,-9.0,-9.0,13.0,-9.0,-9,0.0,22701.0,2110.0
2643573,2643574,11.0,1071042,4,2,2,4,-9.0,-9.0,-9.0,8.0,-9.0,-9,0.0,22701.0,2110.0
2643574,2643575,9.0,1071042,5,2,2,4,-9.0,-9.0,-9.0,6.0,-9.0,-9,0.0,22701.0,2110.0
2643575,2643576,42.0,1071043,1,2,0,3,1.0,20.0,1.0,-9.0,4.0,621M,14.0,22701.0,2110.0
2643576,2643577,46.0,1071043,2,1,1,4,1.0,60.0,1.0,-9.0,4.0,621M,14.0,22701.0,2110.0
2643577,2643578,16.0,1071043,3,2,2,4,6.0,-9.0,-9.0,13.0,-9.0,-9,0.0,22701.0,2110.0
2643578,2643579,11.0,1071043,4,2,2,4,-9.0,-9.0,-9.0,8.0,-9.0,-9,0.0,22701.0,2110.0
2643579,2643580,9.0,1071043,5,2,2,4,-9.0,-9.0,-9.0,6.0,-9.0,-9,0.0,22701.0,2110.0
2643580,2643581,37.0,1071044,1,1,0,1,1.0,60.0,1.0,-9.0,4.0,5617Z,12.0,22696.0,2110.0
2643581,2643582,37.0,1071045,1,1,0,1,1.0,60.0,1.0,-9.0,4.0,5617Z,12.0,22696.0,2110.0
2643582,2643583,42.0,1071046,1,1,0,1,1.0,40.0,1.0,-9.0,4.0,5415,10.0,22696.0,2110.0
2643583,2643584,37.0,1071047,1,1,0,1,1.0,60.0,1.0,-9.0,4.0,5617Z,12.0,22696.0,2110.0
2643584,2643585,37.0,1071048,1,1,0,1,1.0,60.0,1.0,-9.0,4.0,5617Z,12.0,22696.0,2110.0
2643585,2643586,28.0,1071049,1,1,0,1,1.0,40.0,1.0,15.0,2.0,5613,12.0,22701.0,2110.0
2643586,2643587,37.0,1071050,1,1,0,1,1.0,60.0,1.0,-9.0,4.0,5617Z,12.0,22696.0,2110.0
2643587,2643588,28.0,1071051,1,1,0,1,1.0,40.0,1.0,15.0,2.0,5613,12.0,22696.0,2110.0
2643588,2643589,42.0,1071052,1,1,0,1,1.0,40.0,1.0,-9.0,4.0,5415,10.0,22696.0,2110.0
2643589,2643590,37.0,1071053,1,1,0,1,1.0,60.0,1.0,-9.0,4.0,5617Z,12.0,22696.0,2110.0
2643590,2643591,37.0,1071054,1,1,0,1,1.0,60.0,1.0,-9.0,4.0,5617Z,12.0,22701.0,2110.0
2643591,2643592,37.0,1071055,1,1,0,1,1.0,60.0,1.0,-9.0,4.0,5617Z,12.0,22696.0,2110.0
2643592,2643593,37.0,1071056,1,1,0,1,1.0,60.0,1.0,-9.0,4.0,5617Z,12.0,22696.0,2110.0
2643593,2643594,42.0,1071057,1,1,0,1,1.0,40.0,1.0,-9.0,4.0,5415,10.0,22696.0,2110.0
2643594,2643595,37.0,1071058,1,1,0,1,1.0,60.0,1.0,-9.0,4.0,5617Z,12.0,22696.0,2110.0
2643595,2643596,37.0,1071059,1,1,0,1,1.0,60.0,1.0,-9.0,4.0,5617Z,12.0,22696.0,2110.0
2643596,2643597,42.0,1071060,1,1,0,1,1.0,40.0,1.0,-9.0,4.0,5415,10.0,22696.0,2110.0
2643597,2643598,37.0,1071061,1,1,0,1,1.0,60.0,1.0,-9.0,4.0,5617Z,12.0,22696.0,2110.0
2643598,2643599,42.0,1071062,1,1,0,1,1.0,40.0,1.0,-9.0,4.0,5415,10.0,22695.0,2110.0
2643599,2643600,37.0,1071063,1,1,0,1,1.0,60.0,1.0,-9.0,4.0,5617Z,12.0,22696.0,2110.0
2643600,2643601,37.0,1071064,1,1,0,1,1.0,60.0,1.0,-9.0,4.0,5617Z,12.0,22696.0,2110.0
2643601,2643602,42.0,1071065,1,1,0,1,1.0,40.0,1.0,-9.0,4.0,5415,10.0,22696.0,2110.0
2643602,2643603,37.0,1071066,1,1,0,1,1.0,60.0,1.0,-9.0,4.0,5617Z,12.0,22696.0,2110.0
2643603,2643604,37.0,1071067,1,1,0,1,1.0,60.0,1.0,-9.0,4.0,5617Z,12.0,22696.0,2110.0
2643604,2643605,42.0,1071068,1,1,0,1,1.0,40.0,1.0,-9.0,4.0,5415,10.0,22696.0,2110.0
2643605,2643606,37.0,1071069,1,1,0,1,1.0,60.0,1.0,-9.0,4.0,5617Z,12.0,22696.0,2110.0
2643606,2643607,37.0,1071070,1,1,0,1,1.0,60.0,1.0,-9.0,4.0,5617Z,12.0,22696.0,2110.0
2643607,2643608,37.0,1071071,1,1,0,1,1.0,60.0,1.0,-9.0,4.0,5617Z,12.0,22695.0,2110.0
2643608,2643609,42.0,1071072,1,1,0,1,1.0,40.0,1.0,-9.0,4.0,5415,10.0,22696.0,2110.0
2643609,2643610,30.0,1071073,1,2,0,1,1.0,40.0,1.0,-9.0,4.0,51913,8.0,22696.0,2110.0
2643610,2643611,43.0,1071074,1,1,0,1,1.0,50.0,1.0,-9.0,4.0,713Z,16.0,22696.0,2110.0
2643611,2643612,25.0,1071075,1,1,0,1,1.0,40.0,1.0,-9.0,4.0,5415,10.0,22696.0,2110.0
2643612,2643613,27.0,1071076,1,1,0,1,1.0,40.0,1.0,16.0,4.0,336M,3.0,22696.0,2110.0
2643613,2643614,29.0,1071077,1,2,0,1,1.0,40.0,1.0,-9.0,4.0,5416,10.0,22696.0,2110.0
2643614,2643615,25.0,1071078,1,1,0,1,1.0,40.0,1.0,-9.0,4.0,5413,10.0,22696.0,2110.0
2643615,2643616,26.0,1071079,1,1,0,1,1.0,40.0,1.0,-9.0,4.0,5412,10.0,22696.0,2110.0
2643616,2643617,41.0,1071080,1,1,0,1,1.0,40.0,1.0,-9.0,4.0,5121,8.0,22695.0,2110.0
2643617,2643618,41.0,1071081,1,1,0,1,1.0,40.0,1.0,-9.0,4.0,5121,8.0,22696.0,2110.0
2643618,2643619,41.0,1071082,1,1,0,1,1.0,40.0,1.0,-9.0,4.0,5121,8.0,22701.0,2110.0
2643619,2643620,29.0,1071083,1,1,0,1,1.0,40.0,1.0,-9.0,4.0,481,6.0,22696.0,2110.0
2643620,2643621,34.0,1071084,1,2,0,1,1.0,40.0,2.0,15.0,4.0,6231,14.0,22696.0,2110.0
2643621,2643622,35.0,1071085,1,2,0,1,1.0,40.0,1.0,-9.0,4.0,6111,13.0,22696.0,2110.0
2643622,2643623,37.0,1071086,1,2,0,1,1.0,40.0,1.0,-9.0,4.0,5418,10.0,22695.0,2110.0
2643623,2643624,37.0,1071087,1,2,0,1,1.0,40.0,1.0,-9.0,4.0,5418,10.0,22696.0,2110.0
2643624,2643625,30.0,1071088,1,2,0,1,1.0,40.0,1.0,-9.0,4.0,5413,10.0,22695.0,2110.0
2643625,2643626,37.0,1071089,1,2,0,1,1.0,40.0,1.0,-9.0,4.0,5418,10.0,22696.0,2110.0
2643626,2643627,37.0,1071090,1,2,0,1,1.0,40.0,1.0,-9.0,4.0,5418,10.0,22696.0,2110.0
2643627,2643628,37.0,1071091,1,2,0,1,1.0,40.0,1.0,-9.0,4.0,482,6.0,22696.0,2110.0
2643628,2643629,29.0,1071092,1,1,0,1,1.0,40.0,3.0,-9.0,2.0,622M,15.0,22701.0,2110.0
2643629,2643630,29.0,1071093,1,1,0,1,1.0,40.0,3.0,-9.0,2.0,622M,15.0,22696.0,2110.0
2643630,2643631,29.0,1071094,1,1,0,1,1.0,40.0,3.0,-9.0,2.0,622M,15.0,22696.0,2110.0
2643631,2643632,29.0,1071095,1,1,0,1,1.0,40.0,3.0,-9.0,2.0,622M,15.0,22696.0,2110.0
2643632,2643633,29.0,1071096,1,1,0,1,1.0,40.0,3.0,-9.0,2.0,622M,15.0,22696.0,2110.0
2643633,2643634,25.0,1071097,1,1,0,1,1.0,40.0,1.0,-9.0,4.0,5411,10.0,22696.0,2110.0
2643634,2643635,42.0,1071098,1,1,0,1,1.0,40.0,3.0,-9.0,4.0,23,2.0,22696.0,2110.0
2643635,2643636,42.0,1071099,1,1,0,1,1.0,40.0,3.0,-9.0,4.0,23,2.0,22701.0,2110.0
2643636,2643637,42.0,1071100,1,1,0,1,1.0,40.0,3.0,-9.0,4.0,23,2.0,22696.0,2110.0
2643637,2643638,26.0,1071101,1,2,0,1,2.0,24.0,3.0,-9.0,4.0,4523,5.0,22696.0,2110.0
2643638,2643639,35.0,1071102,1,2,0,1,1.0,35.0,2.0,-9.0,4.0,3121,3.0,22695.0,2110.0
2643639,2643640,35.0,1071103,1,2,0,1,1.0,35.0,2.0,-9.0,4.0,3121,3.0,22696.0,2110.0
2643640,2643641,30.0,1071104,1,1,0,1,1.0,40.0,1.0,-9.0,4.0,8111Z,17.0,22701.0,2110.0
2643641,2643642,27.0,1071105,1,1,0,1,1.0,40.0,3.0,-9.0,4.0,5417,10.0,22696.0,2110.0
2643642,2643643,25.0,1071106,1,1,0,1,1.0,40.0,1.0,-9.0,4.0,2212P,7.0,22696.0,2110.0
2643643,2643644,27.0,1071107,1,1,0,1,1.0,50.0,4.0,-9.0,4.0,3121,3.0,22696.0,2110.0
2643644,2643645,32.0,1071108,1,1,0,1,1.0,47.0,1.0,-9.0,4.0,3115,3.0,22696.0,2110.0
2643645,2643646,27.0,1071109,1,1,0,1,1.0,50.0,4.0,-9.0,4.0,3121,3.0,22695.0,2110.0
2643646,2643647,25.0,1071110,1,1,0,1,1.0,40.0,1.0,-9.0,4.0,3341,3.0,22696.0,2110.0
2643647,2643648,32.0,1071111,1,1,0,1,1.0,47.0,1.0,-9.0,4.0,3115,3.0,22696.0,2110.0
2643648,2643649,27.0,1071112,1,1,0,1,1.0,50.0,4.0,-9.0,4.0,3121,3.0,22696.0,2110.0
2643649,2643650,25.0,1071113,1,1,0,1,1.0,40.0,1.0,-9.0,4.0,3341,3.0,22696.0,2110.0
2643650,2643651,25.0,1071114,1,1,0,1,1.0,40.0,1.0,16.0,4.0,23,2.0,22696.0,2110.0
2643651,2643652,42.0,1071115,1,2,0,1,1.0,32.0,1.0,-9.0,4.0,44511,5.0,22695.0,2110.0
2643652,2643653,42.0,1071116,1,2,0,1,1.0,32.0,1.0,-9.0,4.0,44511,5.0,22696.0,2110.0
2643653,2643654,34.0,1071117,1,1,0,1,1.0,70.0,1.0,-9.0,4.0,622M,15.0,22696.0,2110.0
2643654,2643655,33.0,1071117,2,2,1,1,1.0,15.0,3.0,-9.0,4.0,611M1,13.0,22696.0,2110.0
2643655,2643656,5.0,1071117,3,2,2,1,-9.0,-9.0,-9.0,1.0,-9.0,-9,0.0,22696.0,2110.0
2643656,2643657,3.0,1071117,4,1,2,1,-9.0,-9.0,-9.0,1.0,-9.0,-9,0.0,22696.0,2110.0
2643657,2643658,0.0,1071117,5,2,2,1,-9.0,-9.0,-9.0,-9.0,-9.0,-9,0.0,22696.0,2110.0
2643658,2643659,40.0,1071118,1,1,0,1,1.0,40.0,1.0,-9.0,4.0,484,6.0,22701.0,2110.0
2643659,2643660,26.0,1071118,2,2,1,1,6.0,-9.0,-9.0,-9.0,4.0,484,6.0,22701.0,2110.0
2643660,2643661,16.0,1071118,3,2,2,1,6.0,-9.0,-9.0,12.0,-9.0,-9,0.0,22701.0,2110.0
2643661,2643662,0.0,1071118,4,1,2,1,-9.0,-9.0,-9.0,-9.0,-9.0,-9,0.0,22701.0,2110.0
2643662,2643663,68.0,1071118,5,1,10,1,6.0,-9.0,-9.0,-9.0,2.0,-9,0.0,22701.0,2110.0
2643663,2643664,57.0,1071118,6,2,10,1,6.0,-9.0,-9.0,-9.0,4.0,-9,0.0,22701.0,2110.0
2643664,2643665,40.0,1071119,1,1,0,1,1.0,40.0,1.0,-9.0,4.0,484,6.0,22696.0,2110.0
2643665,2643666,26.0,1071119,2,2,1,1,6.0,-9.0,-9.0,-9.0,4.0,484,6.0,22696.0,2110.0
2643666,2643667,16.0,1071119,3,2,2,1,6.0,-9.0,-9.0,12.0,-9.0,-9,0.0,22696.0,2110.0
2643667,2643668,0.0,1071119,4,1,2,1,-9.0,-9.0,-9.0,-9.0,-9.0,-9,0.0,22696.0,2110.0
2643668,2643669,68.0,1071119,5,1,10,1,6.0,-9.0,-9.0,-9.0,2.0,-9,0.0,22696.0,2110.0
2643669,2643670,57.0,1071119,6,2,10,1,6.0,-9.0,-9.0,-9.0,4.0,-9,0.0,22696.0,2110.0
2643670,2643671,40.0,1071120,1,1,0,1,1.0,40.0,1.0,-9.0,4.0,484,6.0,22696.0,2110.0
2643671,2643672,26.0,1071120,2,2,1,1,6.0,-9.0,-9.0,-9.0,4.0,484,6.0,22696.0,2110.0
2643672,2643673,16.0,1071120,3,2,2,1,6.0,-9.0,-9.0,12.0,-9.0,-9,0.0,22696.0,2110.0
2643673,2643674,0.0,1071120,4,1,2,1,-9.0,-9.0,-9.0,-9.0,-9.0,-9,0.0,22696.0,2110.0
2643674,2643675,68.0,1071120,5,1,10,1,6.0,-9.0,-9.0,-9.0,2.0,-9,0.0,22696.0,2110.0
2643675,2643676,57.0,1071120,6,2,10,1,6.0,-9.0,-9.0,-9.0,4.0,-9,0.0,22696.0,2110.0
2643676,2643677,40.0,1071121,1,1,0,1,1.0,40.0,1.0,-9.0,4.0,484,6.0,22696.0,2110.0
2643677,2643678,26.0,1071121,2,2,1,1,6.0,-9.0,-9.0,-9.0,4.0,484,6.0,22696.0,2110.0
2643678,2643679,16.0,1071121,3,2,2,1,6.0,-9.0,-9.0,12.0,-9.0,-9,0.0,22696.0,2110.0
2643679,2643680,0.0,1071121,4,1,2,1,-9.0,-9.0,-9.0,-9.0,-9.0,-9,0.0,22696.0,2110.0
2643680,2643681,68.0,1071121,5,1,10,1,6.0,-9.0,-9.0,-9.0,2.0,-9,0.0,22696.0,2110.0
2643681,2643682,57.0,1071121,6,2,10,1,6.0,-9.0,-9.0,-9.0,4.0,-9,0.0,22696.0,2110.0
2643682,2643683,40.0,1071122,1,1,0,1,1.0,40.0,1.0,-9.0,4.0,484,6.0,22701.0,2110.0
2643683,2643684,26.0,1071122,2,2,1,1,6.0,-9.0,-9.0,-9.0,4.0,484,6.0,22701.0,2110.0
2643684,2643685,16.0,1071122,3,2,2,1,6.0,-9.0,-9.0,12.0,-9.0,-9,0.0,22701.0,2110.0
2643685,2643686,0.0,1071122,4,1,2,1,-9.0,-9.0,-9.0,-9.0,-9.0,-9,0.0,22701.0,2110.0
2643686,2643687,68.0,1071122,5,1,10,1,6.0,-9.0,-9.0,-9.0,2.0,-9,0.0,22701.0,2110.0
2643687,2643688,57.0,1071122,6,2,10,1,6.0,-9.0,-9.0,-9.0,4.0,-9,0.0,22701.0,2110.0
2643688,2643689,40.0,1071123,1,1,0,1,1.0,40.0,1.0,-9.0,4.0,484,6.0,22701.0,2110.0
2643689,2643690,26.0,1071123,2,2,1,1,6.0,-9.0,-9.0,-9.0,4.0,484,6.0,22701.0,2110.0
2643690,2643691,16.0,1071123,3,2,2,1,6.0,-9.0,-9.0,12.0,-9.0,-9,0.0,22701.0,2110.0
2643691,2643692,0.0,1071123,4,1,2,1,-9.0,-9.0,-9.0,-9.0,-9.0,-9,0.0,22701.0,2110.0
2643692,2643693,68.0,1071123,5,1,10,1,6.0,-9.0,-9.0,-9.0,2.0,-9,0.0,22701.0,2110.0
2643693,2643694,57.0,1071123,6,2,10,1,6.0,-9.0,-9.0,-9.0,4.0,-9,0.0,22701.0,2110.0
2643694,2643695,40.0,1071124,1,1,0,1,1.0,40.0,1.0,-9.0,4.0,484,6.0,22696.0,2110.0
2643695,2643696,26.0,1071124,2,2,1,1,6.0,-9.0,-9.0,-9.0,4.0,484,6.0,22696.0,2110.0
2643696,2643697,16.0,1071124,3,2,2,1,6.0,-9.0,-9.0,12.0,-9.0,-9,0.0,22696.0,2110.0
2643697,2643698,0.0,1071124,4,1,2,1,-9.0,-9.0,-9.0,-9.0,-9.0,-9,0.0,22696.0,2110.0
2643698,2643699,68.0,1071124,5,1,10,1,6.0,-9.0,-9.0,-9.0,2.0,-9,0.0,22696.0,2110.0
2643699,2643700,57.0,1071124,6,2,10,1,6.0,-9.0,-9.0,-9.0,4.0,-9,0.0,22696.0,2110.0
2643700,2643701,40.0,1071125,1,1,0,1,1.0,40.0,1.0,-9.0,4.0,484,6.0,22696.0,2110.0
2643701,2643702,26.0,1071125,2,2,1,1,6.0,-9.0,-9.0,-9.0,4.0,484,6.0,22696.0,2110.0
2643702,2643703,16.0,1071125,3,2,2,1,6.0,-9.0,-9.0,12.0,-9.0,-9,0.0,22696.0,2110.0
2643703,2643704,0.0,1071125,4,1,2,1,-9.0,-9.0,-9.0,-9.0,-9.0,-9,0.0,22696.0,2110.0
2643704,2643705,68.0,1071125,5,1,10,1,6.0,-9.0,-9.0,-9.0,2.0,-9,0.0,22696.0,2110.0
2643705,2643706,57.0,1071125,6,2,10,1,6.0,-9.0,-9.0,-9.0,4.0,-9,0.0,22696.0,2110.0
2643706,2643707,40.0,1071126,1,1,0,1,1.0,40.0,1.0,-9.0,4.0,484,6.0,22696.0,2110.0
2643707,2643708,26.0,1071126,2,2,1,1,6.0,-9.0,-9.0,-9.0,4.0,484,6.0,22696.0,2110.0
2643708,2643709,16.0,1071126,3,2,2,1,6.0,-9.0,-9.0,12.0,-9.0,-9,0.0,22696.0,2110.0
2643709,2643710,0.0,1071126,4,1,2,1,-9.0,-9.0,-9.0,-9.0,-9.0,-9,0.0,22696.0,2110.0
2643710,2643711,68.0,1071126,5,1,10,1,6.0,-9.0,-9.0,-9.0,2.0,-9,0.0,22696.0,2110.0
2643711,2643712,57.0,1071126,6,2,10,1,6.0,-9.0,-9.0,-9.0,4.0,-9,0.0,22696.0,2110.0
2643712,2643713,40.0,1071127,1,1,0,1,1.0,40.0,1.0,-9.0,4.0,484,6.0,22696.0,2110.0
2643713,2643714,26.0,1071127,2,2,1,1,6.0,-9.0,-9.0,-9.0,4.0,484,6.0,22696.0,2110.0
2643714,2643715,16.0,1071127,3,2,2,1,6.0,-9.0,-9.0,12.0,-9.0,-9,0.0,22696.0,2110.0
2643715,2643716,0.0,1071127,4,1,2,1,-9.0,-9.0,-9.0,-9.0,-9.0,-9,0.0,22696.0,2110.0
2643716,2643717,68.0,1071127,5,1,10,1,6.0,-9.0,-9.0,-9.0,2.0,-9,0.0,22696.0,2110.0
2643717,2643718,57.0,1071127,6,2,10,1,6.0,-9.0,-9.0,-9.0,4.0,-9,0.0,22696.0,2110.0
2643718,2643719,40.0,1071128,1,1,0,1,1.0,40.0,1.0,-9.0,4.0,484,6.0,22696.0,2110.0
2643719,2643720,26.0,1071128,2,2,1,1,6.0,-9.0,-9.0,-9.0,4.0,484,6.0,22696.0,2110.0
2643720,2643721,16.0,1071128,3,2,2,1,6.0,-9.0,-9.0,12.0,-9.0,-9,0.0,22696.0,2110.0
2643721,2643722,0.0,1071128,4,1,2,1,-9.0,-9.0,-9.0,-9.0,-9.0,-9,0.0,22696.0,2110.0
2643722,2643723,68.0,1071128,5,1,10,1,6.0,-9.0,-9.0,-9.0,2.0,-9,0.0,22696.0,2110.0
2643723,2643724,57.0,1071128,6,2,10,1,6.0,-9.0,-9.0,-9.0,4.0,-9,0.0,22696.0,2110.0
2643724,2643725,40.0,1071129,1,1,0,1,1.0,40.0,1.0,-9.0,4.0,484,6.0,22696.0,2110.0
2643725,2643726,26.0,1071129,2,2,1,1,6.0,-9.0,-9.0,-9.0,4.0,484,6.0,22696.0,2110.0
2643726,2643727,16.0,1071129,3,2,2,1,6.0,-9.0,-9.0,12.0,-9.0,-9,0.0,22696.0,2110.0
2643727,2643728,0.0,1071129,4,1,2,1,-9.0,-9.0,-9.0,-9.0,-9.0,-9,0.0,22696.0,2110.0
2643728,2643729,68.0,1071129,5,1,10,1,6.0,-9.0,-9.0,-9.0,2.0,-9,0.0,22696.0,2110.0
2643729,2643730,57.0,1071129,6,2,10,1,6.0,-9.0,-9.0,-9.0,4.0,-9,0.0,22696.0,2110.0
2643730,2643731,40.0,1071130,1,1,0,1,1.0,40.0,1.0,-9.0,4.0,484,6.0,22696.0,2110.0
2643731,2643732,26.0,1071130,2,2,1,1,6.0,-9.0,-9.0,-9.0,4.0,484,6.0,22696.0,2110.0
2643732,2643733,16.0,1071130,3,2,2,1,6.0,-9.0,-9.0,12.0,-9.0,-9,0.0,22696.0,2110.0
2643733,2643734,0.0,1071130,4,1,2,1,-9.0,-9.0,-9.0,-9.0,-9.0,-9,0.0,22696.0,2110.0
2643734,2643735,68.0,1071130,5,1,10,1,6.0,-9.0,-9.0,-9.0,2.0,-9,0.0,22696.0,2110.0
2643735,2643736,57.0,1071130,6,2,10,1,6.0,-9.0,-9.0,-9.0,4.0,-9,0.0,22696.0,2110.0
2643736,2643737,40.0,1071131,1,1,0,1,1.0,40.0,1.0,-9.0,4.0,484,6.0,22696.0,2110.0
2643737,2643738,26.0,1071131,2,2,1,1,6.0,-9.0,-9.0,-9.0,4.0,484,6.0,22696.0,2110.0
2643738,2643739,16.0,1071131,3,2,2,1,6.0,-9.0,-9.0,12.0,-9.0,-9,0.0,22696.0,2110.0
2643739,2643740,0.0,1071131,4,1,2,1,-9.0,-9.0,-9.0,-9.0,-9.0,-9,0.0,22696.0,2110.0
2643740,2643741,68.0,1071131,5,1,10,1,6.0,-9.0,-9.0,-9.0,2.0,-9,0.0,22696.0,2110.0
2643741,2643742,57.0,1071131,6,2,10,1,6.0,-9.0,-9.0,-9.0,4.0,-9,0.0,22696.0,2110.0
2643742,2643743,40.0,1071132,1,1,0,1,1.0,40.0,1.0,-9.0,4.0,484,6.0,22696.0,2110.0
2643743,2643744,26.0,1071132,2,2,1,1,6.0,-9.0,-9.0,-9.0,4.0,484,6.0,22696.0,2110.0
2643744,2643745,16.0,1071132,3,2,2,1,6.0,-9.0,-9.0,12.0,-9.0,-9,0.0,22696.0,2110.0
2643745,2643746,0.0,1071132,4,1,2,1,-9.0,-9.0,-9.0,-9.0,-9.0,-9,0.0,22696.0,2110.0
2643746,2643747,68.0,1071132,5,1,10,1,6.0,-9.0,-9.0,-9.0,2.0,-9,0.0,22696.0,2110.0
2643747,2643748,57.0,1071132,6,2,10,1,6.0,-9.0,-9.0,-9.0,4.0,-9,0.0,22696.0,2110.0
2643748,2643749,40.0,1071133,1,1,0,1,1.0,40.0,1.0,-9.0,4.0,484,6.0,22701.0,2110.0
2643749,2643750,26.0,1071133,2,2,1,1,6.0,-9.0,-9.0,-9.0,4.0,484,6.0,22701.0,2110.0
2643750,2643751,16.0,1071133,3,2,2,1,6.0,-9.0,-9.0,12.0,-9.0,-9,0.0,22701.0,2110.0
2643751,2643752,0.0,1071133,4,1,2,1,-9.0,-9.0,-9.0,-9.0,-9.0,-9,0.0,22701.0,2110.0
2643752,2643753,68.0,1071133,5,1,10,1,6.0,-9.0,-9.0,-9.0,2.0,-9,0.0,22701.0,2110.0
2643753,2643754,57.0,1071133,6,2,10,1,6.0,-9.0,-9.0,-9.0,4.0,-9,0.0,22701.0,2110.0
2643754,2643755,35.0,1071134,1,2,0,1,1.0,45.0,1.0,-9.0,4.0,44511,5.0,22696.0,2110.0
2643755,2643756,16.0,1071134,2,2,2,1,1.0,15.0,6.0,12.0,-9.0,44511,5.0,22696.0,2110.0
2643756,2643757,35.0,1071135,1,2,0,1,1.0,45.0,1.0,-9.0,4.0,44511,5.0,22696.0,2110.0
2643757,2643758,16.0,1071135,2,2,2,1,1.0,15.0,6.0,12.0,-9.0,44511,5.0,22696.0,2110.0
2643758,2643759,35.0,1071136,1,2,0,1,1.0,45.0,1.0,-9.0,4.0,44511,5.0,22696.0,2110.0
2643759,2643760,16.0,1071136,2,2,2,1,1.0,15.0,6.0,12.0,-9.0,44511,5.0,22696.0,2110.0
2643760,2643761,35.0,1071137,1,2,0,1,1.0,45.0,1.0,-9.0,4.0,44511,5.0,22696.0,2110.0
2643761,2643762,16.0,1071137,2,2,2,1,1.0,15.0,6.0,12.0,-9.0,44511,5.0,22696.0,2110.0
2643762,2643763,36.0,1071138,1,2,0,1,6.0,-9.0,-9.0,15.0,4.0,-9,0.0,22696.0,2110.0
2643763,2643764,37.0,1071138,2,1,1,1,1.0,40.0,4.0,-9.0,4.0,5415,10.0,22696.0,2110.0
2643764,2643765,10.0,1071138,3,2,2,1,-9.0,-9.0,-9.0,6.0,-9.0,-9,0.0,22696.0,2110.0
2643765,2643766,8.0,1071138,4,1,2,1,-9.0,-9.0,-9.0,4.0,-9.0,-9,0.0,22696.0,2110.0
2643766,2643767,3.0,1071138,5,2,2,1,-9.0,-9.0,-9.0,1.0,-9.0,-9,0.0,22696.0,2110.0
2643767,2643768,35.0,1071139,1,2,0,1,1.0,22.0,1.0,-9.0,4.0,5112,8.0,22696.0,2110.0
2643768,2643769,11.0,1071139,2,2,2,4,-9.0,-9.0,-9.0,7.0,-9.0,-9,0.0,22696.0,2110.0
2643769,2643770,35.0,1071140,1,2,0,1,1.0,22.0,1.0,-9.0,4.0,5112,8.0,22696.0,2110.0
2643770,2643771,11.0,1071140,2,2,2,4,-9.0,-9.0,-9.0,7.0,-9.0,-9,0.0,22696.0,2110.0
2643771,2643772,35.0,1071141,1,2,0,1,1.0,22.0,1.0,-9.0,4.0,5112,8.0,22696.0,2110.0
2643772,2643773,11.0,1071141,2,2,2,4,-9.0,-9.0,-9.0,7.0,-9.0,-9,0.0,22696.0,2110.0
2643773,2643774,35.0,1071142,1,2,0,1,1.0,22.0,1.0,-9.0,4.0,5112,8.0,22695.0,2110.0
2643774,2643775,11.0,1071142,2,2,2,4,-9.0,-9.0,-9.0,7.0,-9.0,-9,0.0,22695.0,2110.0
2643775,2643776,35.0,1071143,1,2,0,1,1.0,22.0,1.0,-9.0,4.0,5112,8.0,22701.0,2110.0
2643776,2643777,11.0,1071143,2,2,2,4,-9.0,-9.0,-9.0,7.0,-9.0,-9,0.0,22701.0,2110.0
2643777,2643778,35.0,1071144,1,2,0,1,1.0,22.0,1.0,-9.0,4.0,5112,8.0,22696.0,2110.0
2643778,2643779,11.0,1071144,2,2,2,4,-9.0,-9.0,-9.0,7.0,-9.0,-9,0.0,22696.0,2110.0
2643779,2643780,35.0,1071145,1,2,0,1,1.0,22.0,1.0,-9.0,4.0,5112,8.0,22701.0,2110.0
2643780,2643781,11.0,1071145,2,2,2,4,-9.0,-9.0,-9.0,7.0,-9.0,-9,0.0,22701.0,2110.0
2643781,2643782,35.0,1071146,1,2,0,1,1.0,22.0,1.0,-9.0,4.0,5112,8.0,22701.0,2110.0
2643782,2643783,11.0,1071146,2,2,2,4,-9.0,-9.0,-9.0,7.0,-9.0,-9,0.0,22701.0,2110.0
2643783,2643784,35.0,1071147,1,2,0,1,1.0,22.0,1.0,-9.0,4.0,5112,8.0,22696.0,2110.0
2643784,2643785,11.0,1071147,2,2,2,4,-9.0,-9.0,-9.0,7.0,-9.0,-9,0.0,22696.0,2110.0
2643785,2643786,35.0,1071148,1,2,0,1,1.0,22.0,1.0,-9.0,4.0,5112,8.0,22696.0,2110.0
2643786,2643787,11.0,1071148,2,2,2,4,-9.0,-9.0,-9.0,7.0,-9.0,-9,0.0,22696.0,2110.0
2643787,2643788,35.0,1071149,1,2,0,1,1.0,22.0,1.0,-9.0,4.0,5112,8.0,22696.0,2110.0
2643788,2643789,11.0,1071149,2,2,2,4,-9.0,-9.0,-9.0,7.0,-9.0,-9,0.0,22696.0,2110.0
2643789,2643790,35.0,1071150,1,2,0,1,1.0,22.0,1.0,-9.0,4.0,5112,8.0,22701.0,2110.0
2643790,2643791,11.0,1071150,2,2,2,4,-9.0,-9.0,-9.0,7.0,-9.0,-9,0.0,22701.0,2110.0
2643791,2643792,35.0,1071151,1,2,0,1,1.0,22.0,1.0,-9.0,4.0,5112,8.0,22701.0,2110.0
2643792,2643793,11.0,1071151,2,2,2,4,-9.0,-9.0,-9.0,7.0,-9.0,-9,0.0,22701.0,2110.0
2643793,2643794,35.0,1071152,1,2,0,1,1.0,22.0,1.0,-9.0,4.0,5112,8.0,22696.0,2110.0
2643794,2643795,11.0,1071152,2,2,2,4,-9.0,-9.0,-9.0,7.0,-9.0,-9,0.0,22696.0,2110.0
2643795,2643796,35.0,1071153,1,2,0,1,1.0,22.0,1.0,-9.0,4.0,5112,8.0,22696.0,2110.0
2643796,2643797,11.0,1071153,2,2,2,4,-9.0,-9.0,-9.0,7.0,-9.0,-9,0.0,22696.0,2110.0
2643797,2643798,35.0,1071154,1,2,0,1,1.0,22.0,1.0,-9.0,4.0,5112,8.0,22696.0,2110.0
2643798,2643799,11.0,1071154,2,2,2,4,-9.0,-9.0,-9.0,7.0,-9.0,-9,0.0,22696.0,2110.0
2643799,2643800,35.0,1071155,1,2,0,1,1.0,22.0,1.0,-9.0,4.0,5112,8.0,22696.0,2110.0
2643800,2643801,11.0,1071155,2,2,2,4,-9.0,-9.0,-9.0,7.0,-9.0,-9,0.0,22696.0,2110.0
2643801,2643802,35.0,1071156,1,2,0,1,1.0,22.0,1.0,-9.0,4.0,5112,8.0,22696.0,2110.0
2643802,2643803,11.0,1071156,2,2,2,4,-9.0,-9.0,-9.0,7.0,-9.0,-9,0.0,22696.0,2110.0
2643803,2643804,35.0,1071157,1,2,0,1,1.0,22.0,1.0,-9.0,4.0,5112,8.0,22695.0,2110.0
2643804,2643805,11.0,1071157,2,2,2,4,-9.0,-9.0,-9.0,7.0,-9.0,-9,0.0,22695.0,2110.0
2643805,2643806,35.0,1071158,1,2,0,1,1.0,22.0,1.0,-9.0,4.0,5112,8.0,22695.0,2110.0
2643806,2643807,11.0,1071158,2,2,2,4,-9.0,-9.0,-9.0,7.0,-9.0,-9,0.0,22695.0,2110.0
2643807,2643808,35.0,1071159,1,2,0,1,1.0,22.0,1.0,-9.0,4.0,5112,8.0,22696.0,2110.0
2643808,2643809,11.0,1071159,2,2,2,4,-9.0,-9.0,-9.0,7.0,-9.0,-9,0.0,22696.0,2110.0
2643809,2643810,35.0,1071160,1,2,0,1,1.0,22.0,1.0,-9.0,4.0,5112,8.0,22696.0,2110.0
2643810,2643811,11.0,1071160,2,2,2,4,-9.0,-9.0,-9.0,7.0,-9.0,-9,0.0,22696.0,2110.0
2643811,2643812,35.0,1071161,1,2,0,1,1.0,22.0,1.0,-9.0,4.0,5112,8.0,22696.0,2110.0
2643812,2643813,11.0,1071161,2,2,2,4,-9.0,-9.0,-9.0,7.0,-9.0,-9,0.0,22696.0,2110.0
2643813,2643814,35.0,1071162,1,2,0,1,1.0,22.0,1.0,-9.0,4.0,5112,8.0,22696.0,2110.0
2643814,2643815,11.0,1071162,2,2,2,4,-9.0,-9.0,-9.0,7.0,-9.0,-9,0.0,22696.0,2110.0
2643815,2643816,35.0,1071163,1,2,0,1,1.0,22.0,1.0,-9.0,4.0,5112,8.0,22696.0,2110.0
2643816,2643817,11.0,1071163,2,2,2,4,-9.0,-9.0,-9.0,7.0,-9.0,-9,0.0,22696.0,2110.0
2643817,2643818,35.0,1071164,1,2,0,1,1.0,22.0,1.0,-9.0,4.0,5112,8.0,22696.0,2110.0
2643818,2643819,11.0,1071164,2,2,2,4,-9.0,-9.0,-9.0,7.0,-9.0,-9,0.0,22696.0,2110.0
2643819,2643820,35.0,1071165,1,2,0,1,1.0,22.0,1.0,-9.0,4.0,5112,8.0,22696.0,2110.0
2643820,2643821,11.0,1071165,2,2,2,4,-9.0,-9.0,-9.0,7.0,-9.0,-9,0.0,22696.0,2110.0
2643821,2643822,19.0,1071166,1,1,0,4,1.0,23.0,1.0,14.0,4.0,4411,5.0,22696.0,2110.0
2643822,2643823,56.0,1071166,2,2,10,4,6.0,-9.0,-9.0,-9.0,4.0,-9,0.0,22696.0,2110.0
2643823,2643824,19.0,1071167,1,1,0,4,1.0,23.0,1.0,14.0,4.0,4411,5.0,22696.0,2110.0
2643824,2643825,56.0,1071167,2,2,10,4,6.0,-9.0,-9.0,-9.0,4.0,-9,0.0,22696.0,2110.0
2643825,2643826,19.0,1071168,1,1,0,4,1.0,23.0,1.0,14.0,4.0,4411,5.0,22696.0,2110.0
2643826,2643827,56.0,1071168,2,2,10,4,6.0,-9.0,-9.0,-9.0,4.0,-9,0.0,22696.0,2110.0
2643827,2643828,21.0,1071169,1,2,0,2,1.0,32.0,1.0,15.0,4.0,622M,15.0,22695.0,2110.0
2643828,2643829,29.0,1071169,2,2,5,2,6.0,-9.0,-9.0,15.0,4.0,-9,0.0,22695.0,2110.0
2643829,2643830,26.0,1071169,3,2,5,2,1.0,40.0,1.0,15.0,4.0,622M,15.0,22695.0,2110.0
2643830,2643831,22.0,1071170,1,2,0,2,1.0,40.0,1.0,16.0,4.0,44511,5.0,22696.0,2110.0
2643831,2643832,25.0,1071170,2,1,13,1,1.0,40.0,4.0,-9.0,4.0,713Z,16.0,22696.0,2110.0
2643832,2643833,21.0,1071171,1,2,0,3,1.0,19.0,1.0,15.0,4.0,722Z,16.0,22696.0,2110.0
2643833,2643834,12.0,1071171,2,1,5,3,-9.0,-9.0,-9.0,9.0,-9.0,-9,0.0,22696.0,2110.0
2643834,2643835,43.0,1071171,3,2,6,3,1.0,44.0,1.0,-9.0,4.0,722Z,16.0,22696.0,2110.0
2643835,2643836,22.0,1071172,1,1,0,1,1.0,10.0,5.0,-9.0,4.0,713Z,16.0,22696.0,2110.0
2643836,2643837,25.0,1071172,2,1,15,1,1.0,40.0,1.0,-9.0,4.0,7115,16.0,22696.0,2110.0
2643837,2643838,21.0,1071172,3,2,13,1,1.0,40.0,1.0,15.0,4.0,713Z,16.0,22696.0,2110.0
2643838,2643839,22.0,1071173,1,1,0,1,1.0,10.0,5.0,-9.0,4.0,713Z,16.0,22696.0,2110.0
2643839,2643840,25.0,1071173,2,1,15,1,1.0,40.0,1.0,-9.0,4.0,7115,16.0,22696.0,2110.0
2643840,2643841,21.0,1071173,3,2,13,1,1.0,40.0,1.0,15.0,4.0,713Z,16.0,22696.0,2110.0
2643841,2643842,22.0,1071174,1,1,0,1,1.0,10.0,5.0,-9.0,4.0,713Z,16.0,22696.0,2110.0
2643842,2643843,25.0,1071174,2,1,15,1,1.0,40.0,1.0,-9.0,4.0,7115,16.0,22696.0,2110.0
2643843,2643844,21.0,1071174,3,2,13,1,1.0,40.0,1.0,15.0,4.0,713Z,16.0,22696.0,2110.0
2643844,2643845,22.0,1071175,1,1,0,1,1.0,10.0,5.0,-9.0,4.0,713Z,16.0,22696.0,2110.0
2643845,2643846,25.0,1071175,2,1,15,1,1.0,40.0,1.0,-9.0,4.0,7115,16.0,22696.0,2110.0
2643846,2643847,21.0,1071175,3,2,13,1,1.0,40.0,1.0,15.0,4.0,713Z,16.0,22696.0,2110.0
2643847,2643848,22.0,1071176,1,1,0,1,1.0,10.0,5.0,-9.0,4.0,713Z,16.0,22696.0,2110.0
2643848,2643849,25.0,1071176,2,1,15,1,1.0,40.0,1.0,-9.0,4.0,7115,16.0,22696.0,2110.0
2643849,2643850,21.0,1071176,3,2,13,1,1.0,40.0,1.0,15.0,4.0,713Z,16.0,22696.0,2110.0
2643850,2643851,22.0,1071177,1,1,0,1,1.0,10.0,5.0,-9.0,4.0,713Z,16.0,22701.0,2110.0
2643851,2643852,25.0,1071177,2,1,15,1,1.0,40.0,1.0,-9.0,4.0,7115,16.0,22701.0,2110.0
2643852,2643853,21.0,1071177,3,2,13,1,1.0,40.0,1.0,15.0,4.0,713Z,16.0,22701.0,2110.0
2643853,2643854,22.0,1071178,1,1,0,1,1.0,10.0,5.0,-9.0,4.0,713Z,16.0,22695.0,2110.0
2643854,2643855,25.0,1071178,2,1,15,1,1.0,40.0,1.0,-9.0,4.0,7115,16.0,22695.0,2110.0
2643855,2643856,21.0,1071178,3,2,13,1,1.0,40.0,1.0,15.0,4.0,713Z,16.0,22695.0,2110.0
2643856,2643857,22.0,1071179,1,1,0,1,1.0,10.0,5.0,-9.0,4.0,713Z,16.0,22696.0,2110.0
2643857,2643858,25.0,1071179,2,1,15,1,1.0,40.0,1.0,-9.0,4.0,7115,16.0,22696.0,2110.0
2643858,2643859,21.0,1071179,3,2,13,1,1.0,40.0,1.0,15.0,4.0,713Z,16.0,22696.0,2110.0
2643859,2643860,22.0,1071180,1,1,0,1,1.0,10.0,5.0,-9.0,4.0,713Z,16.0,22696.0,2110.0
2643860,2643861,25.0,1071180,2,1,15,1,1.0,40.0,1.0,-9.0,4.0,7115,16.0,22696.0,2110.0
2643861,2643862,21.0,1071180,3,2,13,1,1.0,40.0,1.0,15.0,4.0,713Z,16.0,22696.0,2110.0
2643862,2643863,24.0,1071181,1,2,0,1,1.0,30.0,1.0,-9.0,4.0,45221,5.0,22696.0,2110.0
2643863,2643864,31.0,1071181,2,1,1,4,1.0,40.0,1.0,-9.0,4.0,5617Z,12.0,22696.0,2110.0
2643864,2643865,24.0,1071182,1,2,0,1,1.0,30.0,1.0,-9.0,4.0,45221,5.0,22696.0,2110.0
2643865,2643866,31.0,1071182,2,1,1,4,1.0,40.0,1.0,-9.0,4.0,5617Z,12.0,22696.0,2110.0
2643866,2643867,24.0,1071183,1,2,0,1,1.0,30.0,1.0,-9.0,4.0,45221,5.0,22696.0,2110.0
2643867,2643868,31.0,1071183,2,1,1,4,1.0,40.0,1.0,-9.0,4.0,5617Z,12.0,22696.0,2110.0
2643868,2643869,23.0,1071184,1,2,0,1,1.0,35.0,1.0,-9.0,4.0,813M,17.0,22696.0,2110.0
2643869,2643870,37.0,1071184,2,1,12,1,1.0,35.0,3.0,-9.0,4.0,812112,17.0,22696.0,2110.0
2643870,2643871,23.0,1071185,1,2,0,1,1.0,35.0,1.0,-9.0,4.0,813M,17.0,22696.0,2110.0
2643871,2643872,37.0,1071185,2,1,12,1,1.0,35.0,3.0,-9.0,4.0,812112,17.0,22696.0,2110.0
2643872,2643873,24.0,1071186,1,2,0,1,1.0,45.0,1.0,15.0,4.0,92MP,18.0,22696.0,2110.0
2643873,2643874,11.0,1071186,2,1,4,1,-9.0,-9.0,-9.0,8.0,-9.0,-9,0.0,22696.0,2110.0
2643874,2643875,34.0,1071186,3,1,13,1,1.0,60.0,1.0,-9.0,4.0,92MP,18.0,22696.0,2110.0
2643875,2643876,24.0,1071187,1,2,0,1,1.0,45.0,1.0,15.0,4.0,92MP,18.0,22696.0,2110.0
2643876,2643877,11.0,1071187,2,1,4,1,-9.0,-9.0,-9.0,8.0,-9.0,-9,0.0,22696.0,2110.0
2643877,2643878,34.0,1071187,3,1,13,1,1.0,60.0,1.0,-9.0,4.0,92MP,18.0,22696.0,2110.0
2643878,2643879,24.0,1071188,1,2,0,1,1.0,45.0,1.0,15.0,4.0,92MP,18.0,22696.0,2110.0
2643879,2643880,11.0,1071188,2,1,4,1,-9.0,-9.0,-9.0,8.0,-9.0,-9,0.0,22696.0,2110.0
2643880,2643881,34.0,1071188,3,1,13,1,1.0,60.0,1.0,-9.0,4.0,92MP,18.0,22696.0,2110.0
2643881,2643882,24.0,1071189,1,2,0,1,1.0,45.0,1.0,15.0,4.0,92MP,18.0,22696.0,2110.0
2643882,2643883,11.0,1071189,2,1,4,1,-9.0,-9.0,-9.0,8.0,-9.0,-9,0.0,22696.0,2110.0
2643883,2643884,34.0,1071189,3,1,13,1,1.0,60.0,1.0,-9.0,4.0,92MP,18.0,22696.0,2110.0
2643884,2643885,24.0,1071190,1,2,0,1,1.0,45.0,1.0,15.0,4.0,92MP,18.0,22701.0,2110.0
2643885,2643886,11.0,1071190,2,1,4,1,-9.0,-9.0,-9.0,8.0,-9.0,-9,0.0,22701.0,2110.0
2643886,2643887,34.0,1071190,3,1,13,1,1.0,60.0,1.0,-9.0,4.0,92MP,18.0,22701.0,2110.0
2643887,2643888,24.0,1071191,1,2,0,1,1.0,45.0,1.0,15.0,4.0,92MP,18.0,22696.0,2110.0
2643888,2643889,11.0,1071191,2,1,4,1,-9.0,-9.0,-9.0,8.0,-9.0,-9,0.0,22696.0,2110.0
2643889,2643890,34.0,1071191,3,1,13,1,1.0,60.0,1.0,-9.0,4.0,92MP,18.0,22696.0,2110.0
2643890,2643891,24.0,1071192,1,2,0,1,1.0,45.0,1.0,15.0,4.0,92MP,18.0,22696.0,2110.0
2643891,2643892,11.0,1071192,2,1,4,1,-9.0,-9.0,-9.0,8.0,-9.0,-9,0.0,22696.0,2110.0
2643892,2643893,34.0,1071192,3,1,13,1,1.0,60.0,1.0,-9.0,4.0,92MP,18.0,22696.0,2110.0
2643893,2643894,24.0,1071193,1,2,0,1,1.0,45.0,1.0,15.0,4.0,92MP,18.0,22701.0,2110.0
2643894,2643895,11.0,1071193,2,1,4,1,-9.0,-9.0,-9.0,8.0,-9.0,-9,0.0,22701.0,2110.0
2643895,2643896,34.0,1071193,3,1,13,1,1.0,60.0,1.0,-9.0,4.0,92MP,18.0,22701.0,2110.0
2643896,2643897,16.0,1071194,1,1,0,1,1.0,50.0,1.0,-9.0,-9.0,23,2.0,22696.0,2110.0
2643897,2643898,2.0,1071194,2,1,2,1,-9.0,-9.0,-9.0,-9.0,-9.0,-9,0.0,22696.0,2110.0
2643898,2643899,0.0,1071194,3,2,2,1,-9.0,-9.0,-9.0,-9.0,-9.0,-9,0.0,22696.0,2110.0
2643899,2643900,28.0,1071194,4,2,13,1,1.0,30.0,1.0,-9.0,4.0,45113,5.0,22696.0,2110.0
2643900,2643901,16.0,1071195,1,1,0,1,1.0,50.0,1.0,-9.0,-9.0,23,2.0,22696.0,2110.0
2643901,2643902,2.0,1071195,2,1,2,1,-9.0,-9.0,-9.0,-9.0,-9.0,-9,0.0,22696.0,2110.0
2643902,2643903,0.0,1071195,3,2,2,1,-9.0,-9.0,-9.0,-9.0,-9.0,-9,0.0,22696.0,2110.0
2643903,2643904,28.0,1071195,4,2,13,1,1.0,30.0,1.0,-9.0,4.0,45113,5.0,22696.0,2110.0
2643904,2643905,72.0,1071196,1,2,0,4,6.0,-9.0,-9.0,-9.0,4.0,-9,0.0,22724.0,2113.0
2643905,2643906,72.0,1071197,1,2,0,4,6.0,-9.0,-9.0,-9.0,4.0,-9,0.0,22724.0,2113.0
2643906,2643907,66.0,1071198,1,2,0,4,6.0,-9.0,-9.0,-9.0,4.0,-9,0.0,22724.0,2113.0
2643907,2643908,70.0,1071198,2,1,1,2,6.0,-9.0,-9.0,-9.0,2.0,-9,0.0,22724.0,2113.0
2643908,2643909,74.0,1071199,1,2,0,4,6.0,24.0,5.0,-9.0,4.0,5242,9.0,22726.0,2113.0
2643909,2643910,82.0,1071199,2,1,1,2,6.0,-9.0,-9.0,-9.0,2.0,-9,0.0,22726.0,2113.0
2643910,2643911,65.0,1071200,1,2,0,4,6.0,-9.0,-9.0,-9.0,4.0,-9,0.0,22724.0,2113.0
2643911,2643912,65.0,1071201,1,2,0,4,6.0,-9.0,-9.0,-9.0,4.0,-9,0.0,22725.0,2113.0
2643912,2643913,76.0,1071202,1,1,0,2,1.0,30.0,3.0,-9.0,4.0,485M,6.0,22724.0,2113.0
2643913,2643914,71.0,1071202,2,2,1,2,6.0,-9.0,-9.0,-9.0,4.0,-9,0.0,22724.0,2113.0
2643914,2643915,87.0,1071203,1,1,0,2,6.0,-9.0,-9.0,-9.0,4.0,-9,0.0,22724.0,2113.0
2643915,2643916,65.0,1071203,2,1,2,2,1.0,30.0,1.0,-9.0,2.0,45221,5.0,22724.0,2113.0
2643916,2643917,87.0,1071204,1,1,0,2,6.0,-9.0,-9.0,-9.0,4.0,-9,0.0,22724.0,2113.0
2643917,2643918,65.0,1071204,2,1,2,2,1.0,30.0,1.0,-9.0,2.0,45221,5.0,22724.0,2113.0
2643918,2643919,87.0,1071205,1,1,0,2,6.0,-9.0,-9.0,-9.0,4.0,-9,0.0,22724.0,2113.0
2643919,2643920,65.0,1071205,2,1,2,2,1.0,30.0,1.0,-9.0,2.0,45221,5.0,22724.0,2113.0
2643920,2643921,87.0,1071206,1,1,0,2,6.0,-9.0,-9.0,-9.0,4.0,-9,0.0,22724.0,2113.0
2643921,2643922,65.0,1071206,2,1,2,2,1.0,30.0,1.0,-9.0,2.0,45221,5.0,22724.0,2113.0
2643922,2643923,87.0,1071207,1,1,0,2,6.0,-9.0,-9.0,-9.0,4.0,-9,0.0,22725.0,2113.0
2643923,2643924,65.0,1071207,2,1,2,2,1.0,30.0,1.0,-9.0,2.0,45221,5.0,22725.0,2113.0
2643924,2643925,87.0,1071208,1,1,0,2,6.0,-9.0,-9.0,-9.0,4.0,-9,0.0,22724.0,2113.0
2643925,2643926,65.0,1071208,2,1,2,2,1.0,30.0,1.0,-9.0,2.0,45221,5.0,22724.0,2113.0
2643926,2643927,67.0,1071209,1,2,0,2,6.0,-9.0,-9.0,-9.0,4.0,-9,0.0,22724.0,2113.0
2643927,2643928,71.0,1071209,2,1,1,2,6.0,-9.0,-9.0,-9.0,2.0,-9,0.0,22724.0,2113.0
2643928,2643929,73.0,1071210,1,2,0,2,6.0,-9.0,-9.0,-9.0,4.0,-9,0.0,22729.0,2113.0
2643929,2643930,94.0,1071211,1,1,0,2,6.0,-9.0,-9.0,-9.0,2.0,-9,0.0,22724.0,2113.0
2643930,2643931,94.0,1071212,1,1,0,2,6.0,-9.0,-9.0,-9.0,2.0,-9,0.0,22724.0,2113.0
2643931,2643932,67.0,1071213,1,1,0,2,6.0,-9.0,-9.0,-9.0,4.0,-9,0.0,22724.0,2113.0
2643932,2643933,94.0,1071214,1,1,0,2,6.0,-9.0,-9.0,-9.0,2.0,-9,0.0,22724.0,2113.0
2643933,2643934,73.0,1071215,1,1,0,2,6.0,-9.0,-9.0,-9.0,2.0,-9,0.0,22723.0,2113.0
2643934,2643935,94.0,1071216,1,1,0,2,6.0,-9.0,-9.0,-9.0,2.0,-9,0.0,22723.0,2113.0
2643935,2643936,67.0,1071217,1,1,0,2,6.0,-9.0,-9.0,-9.0,4.0,-9,0.0,22726.0,2113.0
2643936,2643937,69.0,1071218,1,2,0,2,1.0,22.0,1.0,-9.0,4.0,4523,5.0,22720.0,2113.0
2643937,2643938,69.0,1071219,1,2,0,2,1.0,22.0,1.0,-9.0,4.0,4523,5.0,22724.0,2113.0
2643938,2643939,69.0,1071220,1,2,0,2,1.0,22.0,1.0,-9.0,4.0,4523,5.0,22724.0,2113.0
2643939,2643940,69.0,1071221,1,1,0,2,6.0,-9.0,-9.0,-9.0,4.0,-9,0.0,22724.0,2113.0
2643940,2643941,68.0,1071221,2,2,1,2,6.0,-9.0,-9.0,-9.0,4.0,-9,0.0,22724.0,2113.0
2643941,2643942,94.0,1071222,1,2,0,2,6.0,-9.0,-9.0,-9.0,4.0,-9,0.0,22724.0,2113.0
2643942,2643943,65.0,1071222,2,2,2,2,6.0,-9.0,-9.0,-9.0,4.0,-9,0.0,22724.0,2113.0
2643943,2643944,94.0,1071223,1,2,0,2,6.0,-9.0,-9.0,-9.0,4.0,-9,0.0,22720.0,2113.0
2643944,2643945,65.0,1071223,2,2,2,2,6.0,-9.0,-9.0,-9.0,4.0,-9,0.0,22720.0,2113.0
2643945,2643946,94.0,1071224,1,2,0,2,6.0,-9.0,-9.0,-9.0,4.0,-9,0.0,22724.0,2113.0
2643946,2643947,65.0,1071224,2,2,2,2,6.0,-9.0,-9.0,-9.0,4.0,-9,0.0,22724.0,2113.0
2643947,2643948,69.0,1071225,1,2,0,2,6.0,-9.0,-9.0,-9.0,4.0,-9,0.0,22724.0,2113.0
2643948,2643949,66.0,1071225,2,1,1,2,6.0,-9.0,-9.0,-9.0,3.0,-9,0.0,22724.0,2113.0
2643949,2643950,68.0,1071226,1,2,0,2,6.0,-9.0,-9.0,-9.0,4.0,-9,0.0,22726.0,2113.0
2643950,2643951,65.0,1071227,1,2,0,2,6.0,-9.0,-9.0,-9.0,4.0,-9,0.0,22720.0,2113.0
2643951,2643952,65.0,1071228,1,2,0,2,6.0,-9.0,-9.0,-9.0,4.0,-9,0.0,22724.0,2113.0
2643952,2643953,68.0,1071229,1,2,0,2,6.0,-9.0,-9.0,-9.0,4.0,-9,0.0,22724.0,2113.0
2643953,2643954,65.0,1071230,1,2,0,2,6.0,-9.0,-9.0,-9.0,4.0,-9,0.0,22724.0,2113.0
2643954,2643955,66.0,1071231,1,2,0,2,6.0,-9.0,-9.0,-9.0,4.0,-9,0.0,22726.0,2113.0
2643955,2643956,71.0,1071232,1,2,0,2,6.0,-9.0,-9.0,-9.0,2.0,-9,0.0,22730.0,2113.0
2643956,2643957,91.0,1071233,1,2,0,2,6.0,-9.0,-9.0,-9.0,4.0,-9,0.0,22724.0,2113.0
2643957,2643958,75.0,1071234,1,2,0,2,6.0,-9.0,-9.0,-9.0,4.0,-9,0.0,22721.0,2113.0
2643958,2643959,66.0,1071235,1,2,0,2,6.0,-9.0,-9.0,-9.0,4.0,-9,0.0,22726.0,2113.0
2643959,2643960,75.0,1071236,1,2,0,2,6.0,-9.0,-9.0,-9.0,4.0,-9,0.0,22724.0,2113.0
2643960,2643961,91.0,1071237,1,2,0,2,6.0,-9.0,-9.0,-9.0,4.0,-9,0.0,22724.0,2113.0
2643961,2643962,71.0,1071238,1,2,0,2,6.0,-9.0,-9.0,-9.0,2.0,-9,0.0,22724.0,2113.0
2643962,2643963,66.0,1071239,1,2,0,2,6.0,-9.0,-9.0,-9.0,4.0,-9,0.0,22724.0,2113.0
2643963,2643964,71.0,1071240,1,2,0,2,6.0,-9.0,-9.0,-9.0,2.0,-9,0.0,22728.0,2113.0
2643964,2643965,90.0,1071241,1,1,0,2,6.0,-9.0,-9.0,-9.0,2.0,-9,0.0,22724.0,2113.0
2643965,2643966,90.0,1071242,1,2,0,2,6.0,-9.0,-9.0,-9.0,4.0,-9,0.0,22724.0,2113.0
2643966,2643967,90.0,1071243,1,2,0,2,6.0,-9.0,-9.0,-9.0,4.0,-9,0.0,22724.0,2113.0
2643967,2643968,90.0,1071244,1,2,0,2,6.0,-9.0,-9.0,-9.0,4.0,-9,0.0,22724.0,2113.0
2643968,2643969,90.0,1071245,1,2,0,2,6.0,-9.0,-9.0,-9.0,4.0,-9,0.0,22724.0,2113.0
2643969,2643970,87.0,1071246,1,1,0,2,1.0,40.0,1.0,-9.0,4.0,4411,5.0,22721.0,2113.0
2643970,2643971,87.0,1071247,1,1,0,2,1.0,40.0,1.0,-9.0,4.0,4411,5.0,22724.0,2113.0
2643971,2643972,81.0,1071248,1,1,0,2,6.0,-9.0,-9.0,-9.0,2.0,-9,0.0,22729.0,2113.0
2643972,2643973,66.0,1071249,1,2,0,2,6.0,-9.0,-9.0,-9.0,4.0,-9,0.0,22730.0,2113.0
2643973,2643974,73.0,1071250,1,2,0,2,6.0,-9.0,-9.0,-9.0,4.0,-9,0.0,22725.0,2113.0
2643974,2643975,65.0,1071251,1,2,0,2,6.0,-9.0,-9.0,-9.0,4.0,-9,0.0,22724.0,2113.0
2643975,2643976,66.0,1071252,1,2,0,2,6.0,-9.0,-9.0,-9.0,4.0,-9,0.0,22724.0,2113.0
2643976,2643977,66.0,1071253,1,2,0,2,6.0,-9.0,-9.0,-9.0,4.0,-9,0.0,22724.0,2113.0
2643977,2643978,72.0,1071254,1,2,0,2,6.0,-9.0,-9.0,-9.0,4.0,-9,0.0,22724.0,2113.0
2643978,2643979,73.0,1071255,1,2,0,2,6.0,-9.0,-9.0,-9.0,4.0,-9,0.0,22724.0,2113.0
2643979,2643980,65.0,1071256,1,1,0,2,6.0,-9.0,-9.0,-9.0,4.0,-9,0.0,22724.0,2113.0
2643980,2643981,87.0,1071257,1,2,0,2,6.0,-9.0,-9.0,-9.0,4.0,-9,0.0,22724.0,2113.0
2643981,2643982,84.0,1071258,1,2,0,2,6.0,-9.0,-9.0,-9.0,4.0,-9,0.0,22724.0,2113.0
2643982,2643983,73.0,1071259,1,2,0,2,6.0,-9.0,-9.0,-9.0,4.0,-9,0.0,22724.0,2113.0
2643983,2643984,73.0,1071260,1,2,0,2,6.0,-9.0,-9.0,-9.0,4.0,-9,0.0,22724.0,2113.0
2643984,2643985,73.0,1071261,1,2,0,2,6.0,-9.0,-9.0,-9.0,4.0,-9,0.0,22724.0,2113.0
2643985,2643986,90.0,1071262,1,2,0,2,6.0,-9.0,-9.0,-9.0,4.0,-9,0.0,22724.0,2113.0
2643986,2643987,65.0,1071263,1,2,0,2,6.0,-9.0,-9.0,-9.0,4.0,-9,0.0,22725.0,2113.0
2643987,2643988,66.0,1071264,1,2,0,2,6.0,-9.0,-9.0,-9.0,4.0,-9,0.0,22724.0,2113.0
2643988,2643989,78.0,1071265,1,2,0,2,6.0,-9.0,-9.0,-9.0,4.0,-9,0.0,22724.0,2113.0
2643989,2643990,78.0,1071266,1,2,0,2,6.0,-9.0,-9.0,-9.0,4.0,-9,0.0,22724.0,2113.0
2643990,2643991,90.0,1071267,1,2,0,2,6.0,-9.0,-9.0,-9.0,4.0,-9,0.0,22724.0,2113.0
2643991,2643992,78.0,1071268,1,2,0,2,6.0,-9.0,-9.0,-9.0,4.0,-9,0.0,22724.0,2113.0
2643992,2643993,73.0,1071269,1,2,0,2,6.0,-9.0,-9.0,-9.0,4.0,-9,0.0,22724.0,2113.0
2643993,2643994,90.0,1071270,1,2,0,2,6.0,-9.0,-9.0,-9.0,4.0,-9,0.0,22725.0,2113.0
2643994,2643995,78.0,1071271,1,2,0,2,6.0,-9.0,-9.0,-9.0,4.0,-9,0.0,22724.0,2113.0
2643995,2643996,90.0,1071272,1,2,0,2,6.0,-9.0,-9.0,-9.0,4.0,-9,0.0,22724.0,2113.0
2643996,2643997,65.0,1071273,1,2,0,2,6.0,-9.0,-9.0,-9.0,4.0,-9,0.0,22724.0,2113.0
2643997,2643998,73.0,1071274,1,2,0,2,6.0,-9.0,-9.0,-9.0,4.0,-9,0.0,22724.0,2113.0
2643998,2643999,73.0,1071275,1,2,0,2,6.0,-9.0,-9.0,-9.0,4.0,-9,0.0,22725.0,2113.0
2643999,2644000,90.0,1071276,1,2,0,2,6.0,-9.0,-9.0,-9.0,4.0,-9,0.0,22726.0,2113.0
2644000,2644001,90.0,1071277,1,2,0,2,6.0,-9.0,-9.0,-9.0,4.0,-9,0.0,22724.0,2113.0
2644001,2644002,78.0,1071278,1,2,0,2,6.0,-9.0,-9.0,-9.0,4.0,-9,0.0,22721.0,2113.0
2644002,2644003,90.0,1071279,1,2,0,2,6.0,-9.0,-9.0,-9.0,4.0,-9,0.0,22724.0,2113.0
2644003,2644004,73.0,1071280,1,2,0,2,6.0,-9.0,-9.0,-9.0,4.0,-9,0.0,22724.0,2113.0
2644004,2644005,73.0,1071281,1,2,0,2,6.0,-9.0,-9.0,-9.0,4.0,-9,0.0,22726.0,2113.0
2644005,2644006,90.0,1071282,1,2,0,2,6.0,-9.0,-9.0,-9.0,4.0,-9,0.0,22728.0,2113.0
2644006,2644007,73.0,1071283,1,2,0,2,6.0,-9.0,-9.0,-9.0,4.0,-9,0.0,22728.0,2113.0
2644007,2644008,90.0,1071284,1,2,0,2,6.0,-9.0,-9.0,-9.0,4.0,-9,0.0,22724.0,2113.0
2644008,2644009,90.0,1071285,1,2,0,2,6.0,-9.0,-9.0,-9.0,4.0,-9,0.0,22721.0,2113.0
2644009,2644010,73.0,1071286,1,2,0,2,6.0,-9.0,-9.0,-9.0,4.0,-9,0.0,22722.0,2113.0
2644010,2644011,68.0,1071287,1,2,0,2,6.0,-9.0,-9.0,-9.0,4.0,-9,0.0,22724.0,2113.0
2644011,2644012,82.0,1071288,1,1,0,2,6.0,-9.0,-9.0,-9.0,2.0,-9,0.0,22724.0,2113.0
2644012,2644013,82.0,1071289,1,1,0,2,6.0,-9.0,-9.0,-9.0,2.0,-9,0.0,22724.0,2113.0
2644013,2644014,82.0,1071290,1,1,0,2,6.0,-9.0,-9.0,-9.0,2.0,-9,0.0,22724.0,2113.0
2644014,2644015,76.0,1071291,1,1,0,3,2.0,30.0,1.0,-9.0,4.0,5413,10.0,22724.0,2113.0
2644015,2644016,77.0,1071291,2,2,1,1,6.0,-9.0,-9.0,-9.0,4.0,-9,0.0,22724.0,2113.0
2644016,2644017,50.0,1071291,3,1,2,3,3.0,-9.0,-9.0,-9.0,4.0,999920,0.0,22724.0,2113.0
2644017,2644018,18.0,1071291,4,2,7,3,6.0,-9.0,-9.0,14.0,4.0,-9,0.0,22724.0,2113.0
2644018,2644019,76.0,1071292,1,1,0,3,2.0,30.0,1.0,-9.0,4.0,5413,10.0,22726.0,2113.0
2644019,2644020,77.0,1071292,2,2,1,1,6.0,-9.0,-9.0,-9.0,4.0,-9,0.0,22726.0,2113.0
2644020,2644021,50.0,1071292,3,1,2,3,3.0,-9.0,-9.0,-9.0,4.0,999920,0.0,22726.0,2113.0
2644021,2644022,18.0,1071292,4,2,7,3,6.0,-9.0,-9.0,14.0,4.0,-9,0.0,22726.0,2113.0
2644022,2644023,76.0,1071293,1,1,0,3,2.0,30.0,1.0,-9.0,4.0,5413,10.0,22724.0,2113.0
2644023,2644024,77.0,1071293,2,2,1,1,6.0,-9.0,-9.0,-9.0,4.0,-9,0.0,22724.0,2113.0
2644024,2644025,50.0,1071293,3,1,2,3,3.0,-9.0,-9.0,-9.0,4.0,999920,0.0,22724.0,2113.0
2644025,2644026,18.0,1071293,4,2,7,3,6.0,-9.0,-9.0,14.0,4.0,-9,0.0,22724.0,2113.0
2644026,2644027,76.0,1071294,1,1,0,3,2.0,30.0,1.0,-9.0,4.0,5413,10.0,22724.0,2113.0
2644027,2644028,77.0,1071294,2,2,1,1,6.0,-9.0,-9.0,-9.0,4.0,-9,0.0,22724.0,2113.0
2644028,2644029,50.0,1071294,3,1,2,3,3.0,-9.0,-9.0,-9.0,4.0,999920,0.0,22724.0,2113.0
2644029,2644030,18.0,1071294,4,2,7,3,6.0,-9.0,-9.0,14.0,4.0,-9,0.0,22724.0,2113.0
2644030,2644031,76.0,1071295,1,1,0,3,2.0,30.0,1.0,-9.0,4.0,5413,10.0,22726.0,2113.0
2644031,2644032,77.0,1071295,2,2,1,1,6.0,-9.0,-9.0,-9.0,4.0,-9,0.0,22726.0,2113.0
2644032,2644033,50.0,1071295,3,1,2,3,3.0,-9.0,-9.0,-9.0,4.0,999920,0.0,22726.0,2113.0
2644033,2644034,18.0,1071295,4,2,7,3,6.0,-9.0,-9.0,14.0,4.0,-9,0.0,22726.0,2113.0
2644034,2644035,76.0,1071296,1,1,0,3,2.0,30.0,1.0,-9.0,4.0,5413,10.0,22725.0,2113.0
2644035,2644036,77.0,1071296,2,2,1,1,6.0,-9.0,-9.0,-9.0,4.0,-9,0.0,22725.0,2113.0
2644036,2644037,50.0,1071296,3,1,2,3,3.0,-9.0,-9.0,-9.0,4.0,999920,0.0,22725.0,2113.0
2644037,2644038,18.0,1071296,4,2,7,3,6.0,-9.0,-9.0,14.0,4.0,-9,0.0,22725.0,2113.0
2644038,2644039,76.0,1071297,1,1,0,3,2.0,30.0,1.0,-9.0,4.0,5413,10.0,22724.0,2113.0
2644039,2644040,77.0,1071297,2,2,1,1,6.0,-9.0,-9.0,-9.0,4.0,-9,0.0,22724.0,2113.0
2644040,2644041,50.0,1071297,3,1,2,3,3.0,-9.0,-9.0,-9.0,4.0,999920,0.0,22724.0,2113.0
2644041,2644042,18.0,1071297,4,2,7,3,6.0,-9.0,-9.0,14.0,4.0,-9,0.0,22724.0,2113.0
2644042,2644043,76.0,1071298,1,1,0,3,2.0,30.0,1.0,-9.0,4.0,5413,10.0,22725.0,2113.0
2644043,2644044,77.0,1071298,2,2,1,1,6.0,-9.0,-9.0,-9.0,4.0,-9,0.0,22725.0,2113.0
2644044,2644045,50.0,1071298,3,1,2,3,3.0,-9.0,-9.0,-9.0,4.0,999920,0.0,22725.0,2113.0
2644045,2644046,18.0,1071298,4,2,7,3,6.0,-9.0,-9.0,14.0,4.0,-9,0.0,22725.0,2113.0
2644046,2644047,76.0,1071299,1,1,0,3,2.0,30.0,1.0,-9.0,4.0,5413,10.0,22722.0,2113.0
2644047,2644048,77.0,1071299,2,2,1,1,6.0,-9.0,-9.0,-9.0,4.0,-9,0.0,22722.0,2113.0
2644048,2644049,50.0,1071299,3,1,2,3,3.0,-9.0,-9.0,-9.0,4.0,999920,0.0,22722.0,2113.0
2644049,2644050,18.0,1071299,4,2,7,3,6.0,-9.0,-9.0,14.0,4.0,-9,0.0,22722.0,2113.0
2644050,2644051,76.0,1071300,1,1,0,3,2.0,30.0,1.0,-9.0,4.0,5413,10.0,22724.0,2113.0
2644051,2644052,77.0,1071300,2,2,1,1,6.0,-9.0,-9.0,-9.0,4.0,-9,0.0,22724.0,2113.0
2644052,2644053,50.0,1071300,3,1,2,3,3.0,-9.0,-9.0,-9.0,4.0,999920,0.0,22724.0,2113.0
2644053,2644054,18.0,1071300,4,2,7,3,6.0,-9.0,-9.0,14.0,4.0,-9,0.0,22724.0,2113.0
2644054,2644055,76.0,1071301,1,1,0,3,2.0,30.0,1.0,-9.0,4.0,5413,10.0,22724.0,2113.0
2644055,2644056,77.0,1071301,2,2,1,1,6.0,-9.0,-9.0,-9.0,4.0,-9,0.0,22724.0,2113.0
2644056,2644057,50.0,1071301,3,1,2,3,3.0,-9.0,-9.0,-9.0,4.0,999920,0.0,22724.0,2113.0
2644057,2644058,18.0,1071301,4,2,7,3,6.0,-9.0,-9.0,14.0,4.0,-9,0.0,22724.0,2113.0
2644058,2644059,76.0,1071302,1,1,0,3,2.0,30.0,1.0,-9.0,4.0,5413,10.0,22721.0,2113.0
2644059,2644060,77.0,1071302,2,2,1,1,6.0,-9.0,-9.0,-9.0,4.0,-9,0.0,22721.0,2113.0
2644060,2644061,50.0,1071302,3,1,2,3,3.0,-9.0,-9.0,-9.0,4.0,999920,0.0,22721.0,2113.0
2644061,2644062,18.0,1071302,4,2,7,3,6.0,-9.0,-9.0,14.0,4.0,-9,0.0,22721.0,2113.0
2644062,2644063,76.0,1071303,1,1,0,3,2.0,30.0,1.0,-9.0,4.0,5413,10.0,22730.0,2113.0
2644063,2644064,77.0,1071303,2,2,1,1,6.0,-9.0,-9.0,-9.0,4.0,-9,0.0,22730.0,2113.0
2644064,2644065,50.0,1071303,3,1,2,3,3.0,-9.0,-9.0,-9.0,4.0,999920,0.0,22730.0,2113.0
2644065,2644066,18.0,1071303,4,2,7,3,6.0,-9.0,-9.0,14.0,4.0,-9,0.0,22730.0,2113.0
2644066,2644067,76.0,1071304,1,1,0,3,2.0,30.0,1.0,-9.0,4.0,5413,10.0,22724.0,2113.0
2644067,2644068,77.0,1071304,2,2,1,1,6.0,-9.0,-9.0,-9.0,4.0,-9,0.0,22724.0,2113.0
2644068,2644069,50.0,1071304,3,1,2,3,3.0,-9.0,-9.0,-9.0,4.0,999920,0.0,22724.0,2113.0
2644069,2644070,18.0,1071304,4,2,7,3,6.0,-9.0,-9.0,14.0,4.0,-9,0.0,22724.0,2113.0
2644070,2644071,76.0,1071305,1,1,0,3,2.0,30.0,1.0,-9.0,4.0,5413,10.0,22728.0,2113.0
2644071,2644072,77.0,1071305,2,2,1,1,6.0,-9.0,-9.0,-9.0,4.0,-9,0.0,22728.0,2113.0
2644072,2644073,50.0,1071305,3,1,2,3,3.0,-9.0,-9.0,-9.0,4.0,999920,0.0,22728.0,2113.0
2644073,2644074,18.0,1071305,4,2,7,3,6.0,-9.0,-9.0,14.0,4.0,-9,0.0,22728.0,2113.0
2644074,2644075,76.0,1071306,1,1,0,3,2.0,30.0,1.0,-9.0,4.0,5413,10.0,22724.0,2113.0
2644075,2644076,77.0,1071306,2,2,1,1,6.0,-9.0,-9.0,-9.0,4.0,-9,0.0,22724.0,2113.0
2644076,2644077,50.0,1071306,3,1,2,3,3.0,-9.0,-9.0,-9.0,4.0,999920,0.0,22724.0,2113.0
2644077,2644078,18.0,1071306,4,2,7,3,6.0,-9.0,-9.0,14.0,4.0,-9,0.0,22724.0,2113.0
2644078,2644079,76.0,1071307,1,1,0,3,2.0,30.0,1.0,-9.0,4.0,5413,10.0,22724.0,2113.0
2644079,2644080,77.0,1071307,2,2,1,1,6.0,-9.0,-9.0,-9.0,4.0,-9,0.0,22724.0,2113.0
2644080,2644081,50.0,1071307,3,1,2,3,3.0,-9.0,-9.0,-9.0,4.0,999920,0.0,22724.0,2113.0
2644081,2644082,18.0,1071307,4,2,7,3,6.0,-9.0,-9.0,14.0,4.0,-9,0.0,22724.0,2113.0
2644082,2644083,76.0,1071308,1,1,0,3,2.0,30.0,1.0,-9.0,4.0,5413,10.0,22724.0,2113.0
2644083,2644084,77.0,1071308,2,2,1,1,6.0,-9.0,-9.0,-9.0,4.0,-9,0.0,22724.0,2113.0
2644084,2644085,50.0,1071308,3,1,2,3,3.0,-9.0,-9.0,-9.0,4.0,999920,0.0,22724.0,2113.0
2644085,2644086,18.0,1071308,4,2,7,3,6.0,-9.0,-9.0,14.0,4.0,-9,0.0,22724.0,2113.0
2644086,2644087,76.0,1071309,1,1,0,3,2.0,30.0,1.0,-9.0,4.0,5413,10.0,22724.0,2113.0
2644087,2644088,77.0,1071309,2,2,1,1,6.0,-9.0,-9.0,-9.0,4.0,-9,0.0,22724.0,2113.0
2644088,2644089,50.0,1071309,3,1,2,3,3.0,-9.0,-9.0,-9.0,4.0,999920,0.0,22724.0,2113.0
2644089,2644090,18.0,1071309,4,2,7,3,6.0,-9.0,-9.0,14.0,4.0,-9,0.0,22724.0,2113.0
2644090,2644091,76.0,1071310,1,1,0,3,2.0,30.0,1.0,-9.0,4.0,5413,10.0,22724.0,2113.0
2644091,2644092,77.0,1071310,2,2,1,1,6.0,-9.0,-9.0,-9.0,4.0,-9,0.0,22724.0,2113.0
2644092,2644093,50.0,1071310,3,1,2,3,3.0,-9.0,-9.0,-9.0,4.0,999920,0.0,22724.0,2113.0
2644093,2644094,18.0,1071310,4,2,7,3,6.0,-9.0,-9.0,14.0,4.0,-9,0.0,22724.0,2113.0
2644094,2644095,76.0,1071311,1,1,0,3,2.0,30.0,1.0,-9.0,4.0,5413,10.0,22724.0,2113.0
2644095,2644096,77.0,1071311,2,2,1,1,6.0,-9.0,-9.0,-9.0,4.0,-9,0.0,22724.0,2113.0
2644096,2644097,50.0,1071311,3,1,2,3,3.0,-9.0,-9.0,-9.0,4.0,999920,0.0,22724.0,2113.0
2644097,2644098,18.0,1071311,4,2,7,3,6.0,-9.0,-9.0,14.0,4.0,-9,0.0,22724.0,2113.0
2644098,2644099,76.0,1071312,1,1,0,3,2.0,30.0,1.0,-9.0,4.0,5413,10.0,22724.0,2113.0
2644099,2644100,77.0,1071312,2,2,1,1,6.0,-9.0,-9.0,-9.0,4.0,-9,0.0,22724.0,2113.0
2644100,2644101,50.0,1071312,3,1,2,3,3.0,-9.0,-9.0,-9.0,4.0,999920,0.0,22724.0,2113.0
2644101,2644102,18.0,1071312,4,2,7,3,6.0,-9.0,-9.0,14.0,4.0,-9,0.0,22724.0,2113.0
2644102,2644103,76.0,1071313,1,1,0,3,2.0,30.0,1.0,-9.0,4.0,5413,10.0,22724.0,2113.0
2644103,2644104,77.0,1071313,2,2,1,1,6.0,-9.0,-9.0,-9.0,4.0,-9,0.0,22724.0,2113.0
2644104,2644105,50.0,1071313,3,1,2,3,3.0,-9.0,-9.0,-9.0,4.0,999920,0.0,22724.0,2113.0
2644105,2644106,18.0,1071313,4,2,7,3,6.0,-9.0,-9.0,14.0,4.0,-9,0.0,22724.0,2113.0
2644106,2644107,76.0,1071314,1,1,0,3,2.0,30.0,1.0,-9.0,4.0,5413,10.0,22729.0,2113.0
2644107,2644108,77.0,1071314,2,2,1,1,6.0,-9.0,-9.0,-9.0,4.0,-9,0.0,22729.0,2113.0
2644108,2644109,50.0,1071314,3,1,2,3,3.0,-9.0,-9.0,-9.0,4.0,999920,0.0,22729.0,2113.0
2644109,2644110,18.0,1071314,4,2,7,3,6.0,-9.0,-9.0,14.0,4.0,-9,0.0,22729.0,2113.0
2644110,2644111,76.0,1071315,1,1,0,3,2.0,30.0,1.0,-9.0,4.0,5413,10.0,22724.0,2113.0
2644111,2644112,77.0,1071315,2,2,1,1,6.0,-9.0,-9.0,-9.0,4.0,-9,0.0,22724.0,2113.0
2644112,2644113,50.0,1071315,3,1,2,3,3.0,-9.0,-9.0,-9.0,4.0,999920,0.0,22724.0,2113.0
2644113,2644114,18.0,1071315,4,2,7,3,6.0,-9.0,-9.0,14.0,4.0,-9,0.0,22724.0,2113.0
2644114,2644115,76.0,1071316,1,1,0,3,2.0,30.0,1.0,-9.0,4.0,5413,10.0,22724.0,2113.0
2644115,2644116,77.0,1071316,2,2,1,1,6.0,-9.0,-9.0,-9.0,4.0,-9,0.0,22724.0,2113.0
2644116,2644117,50.0,1071316,3,1,2,3,3.0,-9.0,-9.0,-9.0,4.0,999920,0.0,22724.0,2113.0
2644117,2644118,18.0,1071316,4,2,7,3,6.0,-9.0,-9.0,14.0,4.0,-9,0.0,22724.0,2113.0
2644118,2644119,76.0,1071317,1,1,0,3,2.0,30.0,1.0,-9.0,4.0,5413,10.0,22724.0,2113.0
2644119,2644120,77.0,1071317,2,2,1,1,6.0,-9.0,-9.0,-9.0,4.0,-9,0.0,22724.0,2113.0
2644120,2644121,50.0,1071317,3,1,2,3,3.0,-9.0,-9.0,-9.0,4.0,999920,0.0,22724.0,2113.0
2644121,2644122,18.0,1071317,4,2,7,3,6.0,-9.0,-9.0,14.0,4.0,-9,0.0,22724.0,2113.0
2644122,2644123,76.0,1071318,1,1,0,3,2.0,30.0,1.0,-9.0,4.0,5413,10.0,22724.0,2113.0
2644123,2644124,77.0,1071318,2,2,1,1,6.0,-9.0,-9.0,-9.0,4.0,-9,0.0,22724.0,2113.0
2644124,2644125,50.0,1071318,3,1,2,3,3.0,-9.0,-9.0,-9.0,4.0,999920,0.0,22724.0,2113.0
2644125,2644126,18.0,1071318,4,2,7,3,6.0,-9.0,-9.0,14.0,4.0,-9,0.0,22724.0,2113.0
2644126,2644127,76.0,1071319,1,1,0,3,2.0,30.0,1.0,-9.0,4.0,5413,10.0,22724.0,2113.0
2644127,2644128,77.0,1071319,2,2,1,1,6.0,-9.0,-9.0,-9.0,4.0,-9,0.0,22724.0,2113.0
2644128,2644129,50.0,1071319,3,1,2,3,3.0,-9.0,-9.0,-9.0,4.0,999920,0.0,22724.0,2113.0
2644129,2644130,18.0,1071319,4,2,7,3,6.0,-9.0,-9.0,14.0,4.0,-9,0.0,22724.0,2113.0
2644130,2644131,76.0,1071320,1,1,0,3,2.0,30.0,1.0,-9.0,4.0,5413,10.0,22725.0,2113.0
2644131,2644132,77.0,1071320,2,2,1,1,6.0,-9.0,-9.0,-9.0,4.0,-9,0.0,22725.0,2113.0
2644132,2644133,50.0,1071320,3,1,2,3,3.0,-9.0,-9.0,-9.0,4.0,999920,0.0,22725.0,2113.0
2644133,2644134,18.0,1071320,4,2,7,3,6.0,-9.0,-9.0,14.0,4.0,-9,0.0,22725.0,2113.0
2644134,2644135,76.0,1071321,1,1,0,3,2.0,30.0,1.0,-9.0,4.0,5413,10.0,22724.0,2113.0
2644135,2644136,77.0,1071321,2,2,1,1,6.0,-9.0,-9.0,-9.0,4.0,-9,0.0,22724.0,2113.0
2644136,2644137,50.0,1071321,3,1,2,3,3.0,-9.0,-9.0,-9.0,4.0,999920,0.0,22724.0,2113.0
2644137,2644138,18.0,1071321,4,2,7,3,6.0,-9.0,-9.0,14.0,4.0,-9,0.0,22724.0,2113.0
2644138,2644139,66.0,1071322,1,2,0,1,1.0,20.0,3.0,-9.0,4.0,7115,16.0,22724.0,2113.0
2644139,2644140,18.0,1071322,2,2,3,2,6.0,-9.0,-9.0,13.0,4.0,4481,5.0,22724.0,2113.0
2644140,2644141,66.0,1071323,1,2,0,1,1.0,20.0,3.0,-9.0,4.0,7115,16.0,22724.0,2113.0
2644141,2644142,18.0,1071323,2,2,3,2,6.0,-9.0,-9.0,13.0,4.0,4481,5.0,22724.0,2113.0
2644142,2644143,66.0,1071324,1,2,0,1,1.0,20.0,3.0,-9.0,4.0,7115,16.0,22724.0,2113.0
2644143,2644144,18.0,1071324,2,2,3,2,6.0,-9.0,-9.0,13.0,4.0,4481,5.0,22724.0,2113.0
2644144,2644145,66.0,1071325,1,2,0,1,1.0,20.0,3.0,-9.0,4.0,7115,16.0,22724.0,2113.0
2644145,2644146,18.0,1071325,2,2,3,2,6.0,-9.0,-9.0,13.0,4.0,4481,5.0,22724.0,2113.0
2644146,2644147,66.0,1071326,1,2,0,1,1.0,20.0,3.0,-9.0,4.0,7115,16.0,22724.0,2113.0
2644147,2644148,18.0,1071326,2,2,3,2,6.0,-9.0,-9.0,13.0,4.0,4481,5.0,22724.0,2113.0
2644148,2644149,66.0,1071327,1,2,0,1,1.0,20.0,3.0,-9.0,4.0,7115,16.0,22724.0,2113.0
2644149,2644150,18.0,1071327,2,2,3,2,6.0,-9.0,-9.0,13.0,4.0,4481,5.0,22724.0,2113.0
2644150,2644151,61.0,1071328,1,1,0,4,6.0,-9.0,-9.0,-9.0,4.0,621M,14.0,22724.0,2113.0
2644151,2644152,59.0,1071328,2,2,1,2,1.0,48.0,1.0,-9.0,4.0,5241,9.0,22724.0,2113.0
2644152,2644153,22.0,1071328,3,2,2,2,1.0,36.0,1.0,-9.0,4.0,6111,13.0,22724.0,2113.0
2644153,2644154,61.0,1071329,1,1,0,4,6.0,-9.0,-9.0,-9.0,4.0,621M,14.0,22729.0,2113.0
2644154,2644155,59.0,1071329,2,2,1,2,1.0,48.0,1.0,-9.0,4.0,5241,9.0,22729.0,2113.0
2644155,2644156,22.0,1071329,3,2,2,2,1.0,36.0,1.0,-9.0,4.0,6111,13.0,22729.0,2113.0
2644156,2644157,61.0,1071330,1,1,0,4,6.0,-9.0,-9.0,-9.0,4.0,621M,14.0,22724.0,2113.0
2644157,2644158,59.0,1071330,2,2,1,2,1.0,48.0,1.0,-9.0,4.0,5241,9.0,22724.0,2113.0
2644158,2644159,22.0,1071330,3,2,2,2,1.0,36.0,1.0,-9.0,4.0,6111,13.0,22724.0,2113.0
2644159,2644160,61.0,1071331,1,1,0,4,6.0,-9.0,-9.0,-9.0,4.0,621M,14.0,22724.0,2113.0
2644160,2644161,59.0,1071331,2,2,1,2,1.0,48.0,1.0,-9.0,4.0,5241,9.0,22724.0,2113.0
2644161,2644162,22.0,1071331,3,2,2,2,1.0,36.0,1.0,-9.0,4.0,6111,13.0,22724.0,2113.0
2644162,2644163,61.0,1071332,1,1,0,4,6.0,-9.0,-9.0,-9.0,4.0,621M,14.0,22730.0,2113.0
2644163,2644164,59.0,1071332,2,2,1,2,1.0,48.0,1.0,-9.0,4.0,5241,9.0,22730.0,2113.0
2644164,2644165,22.0,1071332,3,2,2,2,1.0,36.0,1.0,-9.0,4.0,6111,13.0,22730.0,2113.0
2644165,2644166,61.0,1071333,1,1,0,4,6.0,-9.0,-9.0,-9.0,4.0,621M,14.0,22722.0,2113.0
2644166,2644167,59.0,1071333,2,2,1,2,1.0,48.0,1.0,-9.0,4.0,5241,9.0,22722.0,2113.0
2644167,2644168,22.0,1071333,3,2,2,2,1.0,36.0,1.0,-9.0,4.0,6111,13.0,22722.0,2113.0
2644168,2644169,61.0,1071334,1,1,0,4,6.0,-9.0,-9.0,-9.0,4.0,621M,14.0,22724.0,2113.0
2644169,2644170,59.0,1071334,2,2,1,2,1.0,48.0,1.0,-9.0,4.0,5241,9.0,22724.0,2113.0
2644170,2644171,22.0,1071334,3,2,2,2,1.0,36.0,1.0,-9.0,4.0,6111,13.0,22724.0,2113.0
2644171,2644172,61.0,1071335,1,1,0,4,6.0,-9.0,-9.0,-9.0,4.0,621M,14.0,22726.0,2113.0
2644172,2644173,59.0,1071335,2,2,1,2,1.0,48.0,1.0,-9.0,4.0,5241,9.0,22726.0,2113.0
2644173,2644174,22.0,1071335,3,2,2,2,1.0,36.0,1.0,-9.0,4.0,6111,13.0,22726.0,2113.0
2644174,2644175,61.0,1071336,1,1,0,4,6.0,-9.0,-9.0,-9.0,4.0,621M,14.0,22724.0,2113.0
2644175,2644176,59.0,1071336,2,2,1,2,1.0,48.0,1.0,-9.0,4.0,5241,9.0,22724.0,2113.0
2644176,2644177,22.0,1071336,3,2,2,2,1.0,36.0,1.0,-9.0,4.0,6111,13.0,22724.0,2113.0
2644177,2644178,61.0,1071337,1,1,0,4,6.0,-9.0,-9.0,-9.0,4.0,621M,14.0,22724.0,2113.0
2644178,2644179,59.0,1071337,2,2,1,2,1.0,48.0,1.0,-9.0,4.0,5241,9.0,22724.0,2113.0
2644179,2644180,22.0,1071337,3,2,2,2,1.0,36.0,1.0,-9.0,4.0,6111,13.0,22724.0,2113.0
2644180,2644181,61.0,1071338,1,1,0,4,6.0,-9.0,-9.0,-9.0,4.0,621M,14.0,22720.0,2113.0
2644181,2644182,59.0,1071338,2,2,1,2,1.0,48.0,1.0,-9.0,4.0,5241,9.0,22720.0,2113.0
2644182,2644183,22.0,1071338,3,2,2,2,1.0,36.0,1.0,-9.0,4.0,6111,13.0,22720.0,2113.0
2644183,2644184,61.0,1071339,1,1,0,4,6.0,-9.0,-9.0,-9.0,4.0,621M,14.0,22725.0,2113.0
2644184,2644185,59.0,1071339,2,2,1,2,1.0,48.0,1.0,-9.0,4.0,5241,9.0,22725.0,2113.0
2644185,2644186,22.0,1071339,3,2,2,2,1.0,36.0,1.0,-9.0,4.0,6111,13.0,22725.0,2113.0
2644186,2644187,49.0,1071340,1,2,0,4,1.0,40.0,3.0,-9.0,4.0,5413,10.0,22724.0,2113.0
2644187,2644188,21.0,1071340,2,2,2,4,1.0,25.0,1.0,-9.0,4.0,6241,14.0,22724.0,2113.0
2644188,2644189,59.0,1071341,1,1,0,4,6.0,-9.0,-9.0,-9.0,4.0,-9,0.0,22726.0,2113.0
2644189,2644190,29.0,1071341,2,2,2,4,1.0,21.0,1.0,-9.0,4.0,6216,14.0,22726.0,2113.0
2644190,2644191,23.0,1071341,3,2,2,4,3.0,14.0,4.0,14.0,4.0,6216,14.0,22726.0,2113.0
2644191,2644192,11.0,1071341,4,2,7,4,-9.0,-9.0,-9.0,8.0,-9.0,-9,0.0,22726.0,2113.0
2644192,2644193,6.0,1071341,5,1,7,4,-9.0,-9.0,-9.0,3.0,-9.0,-9,0.0,22726.0,2113.0
2644193,2644194,59.0,1071342,1,1,0,4,6.0,-9.0,-9.0,-9.0,4.0,-9,0.0,22724.0,2113.0
2644194,2644195,29.0,1071342,2,2,2,4,1.0,21.0,1.0,-9.0,4.0,6216,14.0,22724.0,2113.0
2644195,2644196,23.0,1071342,3,2,2,4,3.0,14.0,4.0,14.0,4.0,6216,14.0,22724.0,2113.0
2644196,2644197,11.0,1071342,4,2,7,4,-9.0,-9.0,-9.0,8.0,-9.0,-9,0.0,22724.0,2113.0
2644197,2644198,6.0,1071342,5,1,7,4,-9.0,-9.0,-9.0,3.0,-9.0,-9,0.0,22724.0,2113.0
2644198,2644199,59.0,1071343,1,1,0,4,6.0,-9.0,-9.0,-9.0,4.0,-9,0.0,22723.0,2113.0
2644199,2644200,29.0,1071343,2,2,2,4,1.0,21.0,1.0,-9.0,4.0,6216,14.0,22723.0,2113.0
2644200,2644201,23.0,1071343,3,2,2,4,3.0,14.0,4.0,14.0,4.0,6216,14.0,22723.0,2113.0
2644201,2644202,11.0,1071343,4,2,7,4,-9.0,-9.0,-9.0,8.0,-9.0,-9,0.0,22723.0,2113.0
2644202,2644203,6.0,1071343,5,1,7,4,-9.0,-9.0,-9.0,3.0,-9.0,-9,0.0,22723.0,2113.0
2644203,2644204,59.0,1071344,1,1,0,4,6.0,-9.0,-9.0,-9.0,4.0,-9,0.0,22724.0,2113.0
2644204,2644205,29.0,1071344,2,2,2,4,1.0,21.0,1.0,-9.0,4.0,6216,14.0,22724.0,2113.0
2644205,2644206,23.0,1071344,3,2,2,4,3.0,14.0,4.0,14.0,4.0,6216,14.0,22724.0,2113.0
2644206,2644207,11.0,1071344,4,2,7,4,-9.0,-9.0,-9.0,8.0,-9.0,-9,0.0,22724.0,2113.0
2644207,2644208,6.0,1071344,5,1,7,4,-9.0,-9.0,-9.0,3.0,-9.0,-9,0.0,22724.0,2113.0
2644208,2644209,50.0,1071345,1,2,0,2,1.0,55.0,1.0,-9.0,4.0,325M,3.0,22724.0,2113.0
2644209,2644210,23.0,1071345,2,1,2,2,6.0,-9.0,-9.0,15.0,4.0,3399ZM,3.0,22724.0,2113.0
2644210,2644211,50.0,1071346,1,2,0,2,1.0,55.0,1.0,-9.0,4.0,325M,3.0,22724.0,2113.0
2644211,2644212,23.0,1071346,2,1,2,2,6.0,-9.0,-9.0,15.0,4.0,3399ZM,3.0,22724.0,2113.0
2644212,2644213,50.0,1071347,1,2,0,2,1.0,55.0,1.0,-9.0,4.0,325M,3.0,22724.0,2113.0
2644213,2644214,23.0,1071347,2,1,2,2,6.0,-9.0,-9.0,15.0,4.0,3399ZM,3.0,22724.0,2113.0
2644214,2644215,50.0,1071348,1,2,0,2,1.0,55.0,1.0,-9.0,4.0,325M,3.0,22724.0,2113.0
2644215,2644216,23.0,1071348,2,1,2,2,6.0,-9.0,-9.0,15.0,4.0,3399ZM,3.0,22724.0,2113.0
2644216,2644217,50.0,1071349,1,2,0,2,1.0,55.0,1.0,-9.0,4.0,325M,3.0,22724.0,2113.0
2644217,2644218,23.0,1071349,2,1,2,2,6.0,-9.0,-9.0,15.0,4.0,3399ZM,3.0,22724.0,2113.0
2644218,2644219,50.0,1071350,1,2,0,2,1.0,55.0,1.0,-9.0,4.0,325M,3.0,22724.0,2113.0
2644219,2644220,23.0,1071350,2,1,2,2,6.0,-9.0,-9.0,15.0,4.0,3399ZM,3.0,22724.0,2113.0
2644220,2644221,50.0,1071351,1,2,0,2,1.0,55.0,1.0,-9.0,4.0,325M,3.0,22724.0,2113.0
2644221,2644222,23.0,1071351,2,1,2,2,6.0,-9.0,-9.0,15.0,4.0,3399ZM,3.0,22724.0,2113.0
2644222,2644223,50.0,1071352,1,2,0,2,1.0,55.0,1.0,-9.0,4.0,325M,3.0,22724.0,2113.0
2644223,2644224,23.0,1071352,2,1,2,2,6.0,-9.0,-9.0,15.0,4.0,3399ZM,3.0,22724.0,2113.0
2644224,2644225,45.0,1071353,1,1,0,2,1.0,45.0,1.0,-9.0,4.0,722Z,16.0,22724.0,2113.0
2644225,2644226,21.0,1071353,2,1,2,2,1.0,40.0,4.0,-9.0,4.0,722Z,16.0,22724.0,2113.0
2644226,2644227,45.0,1071354,1,1,0,2,1.0,45.0,1.0,-9.0,4.0,722Z,16.0,22724.0,2113.0
2644227,2644228,21.0,1071354,2,1,2,2,1.0,40.0,4.0,-9.0,4.0,722Z,16.0,22724.0,2113.0
2644228,2644229,45.0,1071355,1,1,0,2,1.0,45.0,1.0,-9.0,4.0,722Z,16.0,22724.0,2113.0
2644229,2644230,21.0,1071355,2,1,2,2,1.0,40.0,4.0,-9.0,4.0,722Z,16.0,22724.0,2113.0
2644230,2644231,45.0,1071356,1,1,0,2,1.0,45.0,1.0,-9.0,4.0,722Z,16.0,22724.0,2113.0
2644231,2644232,21.0,1071356,2,1,2,2,1.0,40.0,4.0,-9.0,4.0,722Z,16.0,22724.0,2113.0
2644232,2644233,45.0,1071357,1,1,0,2,1.0,45.0,1.0,-9.0,4.0,722Z,16.0,22724.0,2113.0
2644233,2644234,21.0,1071357,2,1,2,2,1.0,40.0,4.0,-9.0,4.0,722Z,16.0,22724.0,2113.0
2644234,2644235,45.0,1071358,1,1,0,2,1.0,45.0,1.0,-9.0,4.0,722Z,16.0,22724.0,2113.0
2644235,2644236,21.0,1071358,2,1,2,2,1.0,40.0,4.0,-9.0,4.0,722Z,16.0,22724.0,2113.0
2644236,2644237,45.0,1071359,1,1,0,2,1.0,45.0,1.0,-9.0,4.0,722Z,16.0,22724.0,2113.0
2644237,2644238,21.0,1071359,2,1,2,2,1.0,40.0,4.0,-9.0,4.0,722Z,16.0,22724.0,2113.0
2644238,2644239,45.0,1071360,1,1,0,2,1.0,45.0,1.0,-9.0,4.0,722Z,16.0,22720.0,2113.0
2644239,2644240,21.0,1071360,2,1,2,2,1.0,40.0,4.0,-9.0,4.0,722Z,16.0,22720.0,2113.0
2644240,2644241,45.0,1071361,1,1,0,2,1.0,45.0,1.0,-9.0,4.0,722Z,16.0,22726.0,2113.0
2644241,2644242,21.0,1071361,2,1,2,2,1.0,40.0,4.0,-9.0,4.0,722Z,16.0,22726.0,2113.0
2644242,2644243,45.0,1071362,1,1,0,2,1.0,45.0,1.0,-9.0,4.0,722Z,16.0,22724.0,2113.0
2644243,2644244,21.0,1071362,2,1,2,2,1.0,40.0,4.0,-9.0,4.0,722Z,16.0,22724.0,2113.0
2644244,2644245,45.0,1071363,1,1,0,2,1.0,45.0,1.0,-9.0,4.0,722Z,16.0,22724.0,2113.0
2644245,2644246,21.0,1071363,2,1,2,2,1.0,40.0,4.0,-9.0,4.0,722Z,16.0,22724.0,2113.0
2644246,2644247,45.0,1071364,1,1,0,2,1.0,45.0,1.0,-9.0,4.0,722Z,16.0,22724.0,2113.0
2644247,2644248,21.0,1071364,2,1,2,2,1.0,40.0,4.0,-9.0,4.0,722Z,16.0,22724.0,2113.0
2644248,2644249,45.0,1071365,1,1,0,2,1.0,45.0,1.0,-9.0,4.0,722Z,16.0,22724.0,2113.0
2644249,2644250,21.0,1071365,2,1,2,2,1.0,40.0,4.0,-9.0,4.0,722Z,16.0,22724.0,2113.0
2644250,2644251,45.0,1071366,1,1,0,2,1.0,45.0,1.0,-9.0,4.0,722Z,16.0,22724.0,2113.0
2644251,2644252,21.0,1071366,2,1,2,2,1.0,40.0,4.0,-9.0,4.0,722Z,16.0,22724.0,2113.0
2644252,2644253,45.0,1071367,1,1,0,2,1.0,45.0,1.0,-9.0,4.0,722Z,16.0,22724.0,2113.0
2644253,2644254,21.0,1071367,2,1,2,2,1.0,40.0,4.0,-9.0,4.0,722Z,16.0,22724.0,2113.0
2644254,2644255,45.0,1071368,1,1,0,2,1.0,45.0,1.0,-9.0,4.0,722Z,16.0,22724.0,2113.0
2644255,2644256,21.0,1071368,2,1,2,2,1.0,40.0,4.0,-9.0,4.0,722Z,16.0,22724.0,2113.0
2644256,2644257,45.0,1071369,1,1,0,2,1.0,45.0,1.0,-9.0,4.0,722Z,16.0,22728.0,2113.0
2644257,2644258,21.0,1071369,2,1,2,2,1.0,40.0,4.0,-9.0,4.0,722Z,16.0,22728.0,2113.0
2644258,2644259,45.0,1071370,1,1,0,2,1.0,45.0,1.0,-9.0,4.0,722Z,16.0,22722.0,2113.0
2644259,2644260,21.0,1071370,2,1,2,2,1.0,40.0,4.0,-9.0,4.0,722Z,16.0,22722.0,2113.0
2644260,2644261,45.0,1071371,1,1,0,2,1.0,45.0,1.0,-9.0,4.0,722Z,16.0,22728.0,2113.0
2644261,2644262,21.0,1071371,2,1,2,2,1.0,40.0,4.0,-9.0,4.0,722Z,16.0,22728.0,2113.0
2644262,2644263,45.0,1071372,1,1,0,2,1.0,45.0,1.0,-9.0,4.0,722Z,16.0,22726.0,2113.0
2644263,2644264,21.0,1071372,2,1,2,2,1.0,40.0,4.0,-9.0,4.0,722Z,16.0,22726.0,2113.0
2644264,2644265,45.0,1071373,1,1,0,2,1.0,45.0,1.0,-9.0,4.0,722Z,16.0,22724.0,2113.0
2644265,2644266,21.0,1071373,2,1,2,2,1.0,40.0,4.0,-9.0,4.0,722Z,16.0,22724.0,2113.0
2644266,2644267,45.0,1071374,1,1,0,2,1.0,45.0,1.0,-9.0,4.0,722Z,16.0,22724.0,2113.0
2644267,2644268,21.0,1071374,2,1,2,2,1.0,40.0,4.0,-9.0,4.0,722Z,16.0,22724.0,2113.0
2644268,2644269,45.0,1071375,1,1,0,2,1.0,45.0,1.0,-9.0,4.0,722Z,16.0,22724.0,2113.0
2644269,2644270,21.0,1071375,2,1,2,2,1.0,40.0,4.0,-9.0,4.0,722Z,16.0,22724.0,2113.0
2644270,2644271,45.0,1071376,1,1,0,2,1.0,45.0,1.0,-9.0,4.0,722Z,16.0,22724.0,2113.0
2644271,2644272,21.0,1071376,2,1,2,2,1.0,40.0,4.0,-9.0,4.0,722Z,16.0,22724.0,2113.0
2644272,2644273,45.0,1071377,1,1,0,2,1.0,45.0,1.0,-9.0,4.0,722Z,16.0,22726.0,2113.0
2644273,2644274,21.0,1071377,2,1,2,2,1.0,40.0,4.0,-9.0,4.0,722Z,16.0,22726.0,2113.0
2644274,2644275,45.0,1071378,1,1,0,2,1.0,45.0,1.0,-9.0,4.0,722Z,16.0,22724.0,2113.0
2644275,2644276,21.0,1071378,2,1,2,2,1.0,40.0,4.0,-9.0,4.0,722Z,16.0,22724.0,2113.0
2644276,2644277,45.0,1071379,1,1,0,2,1.0,45.0,1.0,-9.0,4.0,722Z,16.0,22725.0,2113.0
2644277,2644278,21.0,1071379,2,1,2,2,1.0,40.0,4.0,-9.0,4.0,722Z,16.0,22725.0,2113.0
2644278,2644279,45.0,1071380,1,1,0,2,1.0,45.0,1.0,-9.0,4.0,722Z,16.0,22724.0,2113.0
2644279,2644280,21.0,1071380,2,1,2,2,1.0,40.0,4.0,-9.0,4.0,722Z,16.0,22724.0,2113.0
2644280,2644281,45.0,1071381,1,1,0,2,1.0,45.0,1.0,-9.0,4.0,722Z,16.0,22724.0,2113.0
2644281,2644282,21.0,1071381,2,1,2,2,1.0,40.0,4.0,-9.0,4.0,722Z,16.0,22724.0,2113.0
2644282,2644283,45.0,1071382,1,1,0,2,1.0,45.0,1.0,-9.0,4.0,722Z,16.0,22721.0,2113.0
2644283,2644284,21.0,1071382,2,1,2,2,1.0,40.0,4.0,-9.0,4.0,722Z,16.0,22721.0,2113.0
2644284,2644285,45.0,1071383,1,1,0,2,1.0,45.0,1.0,-9.0,4.0,722Z,16.0,22726.0,2113.0
2644285,2644286,21.0,1071383,2,1,2,2,1.0,40.0,4.0,-9.0,4.0,722Z,16.0,22726.0,2113.0
2644286,2644287,45.0,1071384,1,1,0,2,1.0,45.0,1.0,-9.0,4.0,722Z,16.0,22728.0,2113.0
2644287,2644288,21.0,1071384,2,1,2,2,1.0,40.0,4.0,-9.0,4.0,722Z,16.0,22728.0,2113.0
2644288,2644289,45.0,1071385,1,1,0,2,1.0,45.0,1.0,-9.0,4.0,722Z,16.0,22721.0,2113.0
2644289,2644290,21.0,1071385,2,1,2,2,1.0,40.0,4.0,-9.0,4.0,722Z,16.0,22721.0,2113.0
2644290,2644291,45.0,1071386,1,1,0,2,1.0,45.0,1.0,-9.0,4.0,722Z,16.0,22724.0,2113.0
2644291,2644292,21.0,1071386,2,1,2,2,1.0,40.0,4.0,-9.0,4.0,722Z,16.0,22724.0,2113.0
2644292,2644293,45.0,1071387,1,1,0,2,1.0,45.0,1.0,-9.0,4.0,722Z,16.0,22724.0,2113.0
2644293,2644294,21.0,1071387,2,1,2,2,1.0,40.0,4.0,-9.0,4.0,722Z,16.0,22724.0,2113.0
2644294,2644295,45.0,1071388,1,1,0,2,1.0,45.0,1.0,-9.0,4.0,722Z,16.0,22730.0,2113.0
2644295,2644296,21.0,1071388,2,1,2,2,1.0,40.0,4.0,-9.0,4.0,722Z,16.0,22730.0,2113.0
2644296,2644297,45.0,1071389,1,1,0,2,1.0,45.0,1.0,-9.0,4.0,722Z,16.0,22724.0,2113.0
2644297,2644298,21.0,1071389,2,1,2,2,1.0,40.0,4.0,-9.0,4.0,722Z,16.0,22724.0,2113.0
2644298,2644299,45.0,1071390,1,1,0,2,1.0,45.0,1.0,-9.0,4.0,722Z,16.0,22724.0,2113.0
2644299,2644300,21.0,1071390,2,1,2,2,1.0,40.0,4.0,-9.0,4.0,722Z,16.0,22724.0,2113.0
2644300,2644301,45.0,1071391,1,1,0,2,1.0,45.0,1.0,-9.0,4.0,722Z,16.0,22728.0,2113.0
2644301,2644302,21.0,1071391,2,1,2,2,1.0,40.0,4.0,-9.0,4.0,722Z,16.0,22728.0,2113.0
2644302,2644303,45.0,1071392,1,1,0,2,1.0,45.0,1.0,-9.0,4.0,722Z,16.0,22726.0,2113.0
2644303,2644304,21.0,1071392,2,1,2,2,1.0,40.0,4.0,-9.0,4.0,722Z,16.0,22726.0,2113.0
2644304,2644305,45.0,1071393,1,1,0,2,1.0,45.0,1.0,-9.0,4.0,722Z,16.0,22724.0,2113.0
2644305,2644306,21.0,1071393,2,1,2,2,1.0,40.0,4.0,-9.0,4.0,722Z,16.0,22724.0,2113.0
2644306,2644307,45.0,1071394,1,1,0,2,1.0,45.0,1.0,-9.0,4.0,722Z,16.0,22721.0,2113.0
2644307,2644308,21.0,1071394,2,1,2,2,1.0,40.0,4.0,-9.0,4.0,722Z,16.0,22721.0,2113.0
2644308,2644309,45.0,1071395,1,1,0,2,1.0,45.0,1.0,-9.0,4.0,722Z,16.0,22724.0,2113.0
2644309,2644310,21.0,1071395,2,1,2,2,1.0,40.0,4.0,-9.0,4.0,722Z,16.0,22724.0,2113.0
2644310,2644311,45.0,1071396,1,1,0,2,1.0,45.0,1.0,-9.0,4.0,722Z,16.0,22724.0,2113.0
2644311,2644312,21.0,1071396,2,1,2,2,1.0,40.0,4.0,-9.0,4.0,722Z,16.0,22724.0,2113.0
2644312,2644313,45.0,1071397,1,1,0,2,1.0,45.0,1.0,-9.0,4.0,722Z,16.0,22724.0,2113.0
2644313,2644314,21.0,1071397,2,1,2,2,1.0,40.0,4.0,-9.0,4.0,722Z,16.0,22724.0,2113.0
2644314,2644315,45.0,1071398,1,1,0,2,1.0,45.0,1.0,-9.0,4.0,722Z,16.0,22724.0,2113.0
2644315,2644316,21.0,1071398,2,1,2,2,1.0,40.0,4.0,-9.0,4.0,722Z,16.0,22724.0,2113.0
2644316,2644317,45.0,1071399,1,1,0,2,1.0,45.0,1.0,-9.0,4.0,722Z,16.0,22724.0,2113.0
2644317,2644318,21.0,1071399,2,1,2,2,1.0,40.0,4.0,-9.0,4.0,722Z,16.0,22724.0,2113.0
2644318,2644319,45.0,1071400,1,1,0,2,1.0,45.0,1.0,-9.0,4.0,722Z,16.0,22725.0,2113.0
2644319,2644320,21.0,1071400,2,1,2,2,1.0,40.0,4.0,-9.0,4.0,722Z,16.0,22725.0,2113.0
2644320,2644321,48.0,1071401,1,2,0,2,1.0,70.0,1.0,-9.0,4.0,485M,6.0,22724.0,2113.0
2644321,2644322,47.0,1071402,1,1,0,2,1.0,40.0,1.0,-9.0,4.0,5413,10.0,22724.0,2113.0
2644322,2644323,47.0,1071403,1,1,0,2,1.0,40.0,1.0,-9.0,4.0,5413,10.0,22724.0,2113.0
2644323,2644324,47.0,1071404,1,1,0,2,1.0,40.0,1.0,-9.0,4.0,5413,10.0,22725.0,2113.0
2644324,2644325,55.0,1071405,1,1,0,2,6.0,-9.0,-9.0,-9.0,4.0,-9,0.0,22724.0,2113.0
2644325,2644326,53.0,1071405,2,2,1,2,6.0,-9.0,-9.0,-9.0,4.0,-9,0.0,22724.0,2113.0
2644326,2644327,20.0,1071405,3,2,2,2,1.0,20.0,6.0,15.0,4.0,722Z,16.0,22724.0,2113.0
2644327,2644328,18.0,1071405,4,1,2,2,1.0,7.0,6.0,14.0,4.0,722Z,16.0,22724.0,2113.0
2644328,2644329,50.0,1071406,1,2,0,2,1.0,45.0,1.0,-9.0,4.0,81393,17.0,22724.0,2113.0
2644329,2644330,18.0,1071406,2,2,2,2,1.0,35.0,4.0,-9.0,4.0,454110,5.0,22724.0,2113.0
2644330,2644331,0.0,1071406,3,2,7,3,-9.0,-9.0,-9.0,-9.0,-9.0,-9,0.0,22724.0,2113.0
2644331,2644332,50.0,1071407,1,2,0,2,1.0,45.0,1.0,-9.0,4.0,81393,17.0,22724.0,2113.0
2644332,2644333,18.0,1071407,2,2,2,2,1.0,35.0,4.0,-9.0,4.0,454110,5.0,22724.0,2113.0
2644333,2644334,0.0,1071407,3,2,7,3,-9.0,-9.0,-9.0,-9.0,-9.0,-9,0.0,22724.0,2113.0
2644334,2644335,50.0,1071408,1,2,0,2,1.0,45.0,1.0,-9.0,4.0,81393,17.0,22724.0,2113.0
2644335,2644336,18.0,1071408,2,2,2,2,1.0,35.0,4.0,-9.0,4.0,454110,5.0,22724.0,2113.0
2644336,2644337,0.0,1071408,3,2,7,3,-9.0,-9.0,-9.0,-9.0,-9.0,-9,0.0,22724.0,2113.0
2644337,2644338,56.0,1071409,1,1,0,2,1.0,40.0,1.0,-9.0,4.0,623M,14.0,22724.0,2113.0
2644338,2644339,21.0,1071409,2,1,2,2,6.0,-9.0,-9.0,-9.0,4.0,-9,0.0,22724.0,2113.0
2644339,2644340,16.0,1071409,3,2,2,2,6.0,-9.0,-9.0,11.0,-9.0,-9,0.0,22724.0,2113.0
2644340,2644341,56.0,1071410,1,1,0,2,1.0,40.0,1.0,-9.0,4.0,623M,14.0,22724.0,2113.0
2644341,2644342,21.0,1071410,2,1,2,2,6.0,-9.0,-9.0,-9.0,4.0,-9,0.0,22724.0,2113.0
2644342,2644343,16.0,1071410,3,2,2,2,6.0,-9.0,-9.0,11.0,-9.0,-9,0.0,22724.0,2113.0
2644343,2644344,56.0,1071411,1,1,0,2,1.0,40.0,1.0,-9.0,4.0,623M,14.0,22724.0,2113.0
2644344,2644345,21.0,1071411,2,1,2,2,6.0,-9.0,-9.0,-9.0,4.0,-9,0.0,22724.0,2113.0
2644345,2644346,16.0,1071411,3,2,2,2,6.0,-9.0,-9.0,11.0,-9.0,-9,0.0,22724.0,2113.0
2644346,2644347,56.0,1071412,1,1,0,2,1.0,40.0,1.0,-9.0,4.0,623M,14.0,22724.0,2113.0
2644347,2644348,21.0,1071412,2,1,2,2,6.0,-9.0,-9.0,-9.0,4.0,-9,0.0,22724.0,2113.0
2644348,2644349,16.0,1071412,3,2,2,2,6.0,-9.0,-9.0,11.0,-9.0,-9,0.0,22724.0,2113.0
2644349,2644350,56.0,1071413,1,1,0,2,1.0,40.0,1.0,-9.0,4.0,623M,14.0,22724.0,2113.0
2644350,2644351,21.0,1071413,2,1,2,2,6.0,-9.0,-9.0,-9.0,4.0,-9,0.0,22724.0,2113.0
2644351,2644352,16.0,1071413,3,2,2,2,6.0,-9.0,-9.0,11.0,-9.0,-9,0.0,22724.0,2113.0
2644352,2644353,56.0,1071414,1,1,0,2,1.0,40.0,1.0,-9.0,4.0,623M,14.0,22725.0,2113.0
2644353,2644354,21.0,1071414,2,1,2,2,6.0,-9.0,-9.0,-9.0,4.0,-9,0.0,22725.0,2113.0
2644354,2644355,16.0,1071414,3,2,2,2,6.0,-9.0,-9.0,11.0,-9.0,-9,0.0,22725.0,2113.0
2644355,2644356,45.0,1071415,1,1,0,2,1.0,40.0,1.0,-9.0,4.0,622M,15.0,22724.0,2113.0
2644356,2644357,24.0,1071415,2,2,1,2,2.0,25.0,1.0,15.0,4.0,623M,14.0,22724.0,2113.0
2644357,2644358,6.0,1071415,3,2,2,2,-9.0,-9.0,-9.0,3.0,-9.0,-9,0.0,22724.0,2113.0
2644358,2644359,4.0,1071415,4,1,2,2,-9.0,-9.0,-9.0,2.0,-9.0,-9,0.0,22724.0,2113.0
2644359,2644360,0.0,1071415,5,1,2,2,-9.0,-9.0,-9.0,-9.0,-9.0,-9,0.0,22724.0,2113.0
2644360,2644361,45.0,1071416,1,1,0,2,1.0,40.0,1.0,-9.0,4.0,622M,15.0,22724.0,2113.0
2644361,2644362,24.0,1071416,2,2,1,2,2.0,25.0,1.0,15.0,4.0,623M,14.0,22724.0,2113.0
2644362,2644363,6.0,1071416,3,2,2,2,-9.0,-9.0,-9.0,3.0,-9.0,-9,0.0,22724.0,2113.0
2644363,2644364,4.0,1071416,4,1,2,2,-9.0,-9.0,-9.0,2.0,-9.0,-9,0.0,22724.0,2113.0
2644364,2644365,0.0,1071416,5,1,2,2,-9.0,-9.0,-9.0,-9.0,-9.0,-9,0.0,22724.0,2113.0
2644365,2644366,45.0,1071417,1,1,0,2,1.0,40.0,1.0,-9.0,4.0,622M,15.0,22720.0,2113.0
2644366,2644367,24.0,1071417,2,2,1,2,2.0,25.0,1.0,15.0,4.0,623M,14.0,22720.0,2113.0
2644367,2644368,6.0,1071417,3,2,2,2,-9.0,-9.0,-9.0,3.0,-9.0,-9,0.0,22720.0,2113.0
2644368,2644369,4.0,1071417,4,1,2,2,-9.0,-9.0,-9.0,2.0,-9.0,-9,0.0,22720.0,2113.0
2644369,2644370,0.0,1071417,5,1,2,2,-9.0,-9.0,-9.0,-9.0,-9.0,-9,0.0,22720.0,2113.0
2644370,2644371,45.0,1071418,1,1,0,2,1.0,40.0,1.0,-9.0,4.0,622M,15.0,22720.0,2113.0
2644371,2644372,24.0,1071418,2,2,1,2,2.0,25.0,1.0,15.0,4.0,623M,14.0,22720.0,2113.0
2644372,2644373,6.0,1071418,3,2,2,2,-9.0,-9.0,-9.0,3.0,-9.0,-9,0.0,22720.0,2113.0
2644373,2644374,4.0,1071418,4,1,2,2,-9.0,-9.0,-9.0,2.0,-9.0,-9,0.0,22720.0,2113.0
2644374,2644375,0.0,1071418,5,1,2,2,-9.0,-9.0,-9.0,-9.0,-9.0,-9,0.0,22720.0,2113.0
2644375,2644376,45.0,1071419,1,1,0,2,1.0,40.0,1.0,-9.0,4.0,622M,15.0,22724.0,2113.0
2644376,2644377,24.0,1071419,2,2,1,2,2.0,25.0,1.0,15.0,4.0,623M,14.0,22724.0,2113.0
2644377,2644378,6.0,1071419,3,2,2,2,-9.0,-9.0,-9.0,3.0,-9.0,-9,0.0,22724.0,2113.0
2644378,2644379,4.0,1071419,4,1,2,2,-9.0,-9.0,-9.0,2.0,-9.0,-9,0.0,22724.0,2113.0
2644379,2644380,0.0,1071419,5,1,2,2,-9.0,-9.0,-9.0,-9.0,-9.0,-9,0.0,22724.0,2113.0
2644380,2644381,45.0,1071420,1,1,0,2,1.0,40.0,1.0,-9.0,4.0,622M,15.0,22724.0,2113.0
2644381,2644382,24.0,1071420,2,2,1,2,2.0,25.0,1.0,15.0,4.0,623M,14.0,22724.0,2113.0
2644382,2644383,6.0,1071420,3,2,2,2,-9.0,-9.0,-9.0,3.0,-9.0,-9,0.0,22724.0,2113.0
2644383,2644384,4.0,1071420,4,1,2,2,-9.0,-9.0,-9.0,2.0,-9.0,-9,0.0,22724.0,2113.0
2644384,2644385,0.0,1071420,5,1,2,2,-9.0,-9.0,-9.0,-9.0,-9.0,-9,0.0,22724.0,2113.0
2644385,2644386,45.0,1071421,1,1,0,2,1.0,40.0,1.0,-9.0,4.0,622M,15.0,22724.0,2113.0
2644386,2644387,24.0,1071421,2,2,1,2,2.0,25.0,1.0,15.0,4.0,623M,14.0,22724.0,2113.0
2644387,2644388,6.0,1071421,3,2,2,2,-9.0,-9.0,-9.0,3.0,-9.0,-9,0.0,22724.0,2113.0
2644388,2644389,4.0,1071421,4,1,2,2,-9.0,-9.0,-9.0,2.0,-9.0,-9,0.0,22724.0,2113.0
2644389,2644390,0.0,1071421,5,1,2,2,-9.0,-9.0,-9.0,-9.0,-9.0,-9,0.0,22724.0,2113.0
2644390,2644391,45.0,1071422,1,1,0,2,1.0,40.0,1.0,-9.0,4.0,622M,15.0,22724.0,2113.0
2644391,2644392,24.0,1071422,2,2,1,2,2.0,25.0,1.0,15.0,4.0,623M,14.0,22724.0,2113.0
2644392,2644393,6.0,1071422,3,2,2,2,-9.0,-9.0,-9.0,3.0,-9.0,-9,0.0,22724.0,2113.0
2644393,2644394,4.0,1071422,4,1,2,2,-9.0,-9.0,-9.0,2.0,-9.0,-9,0.0,22724.0,2113.0
2644394,2644395,0.0,1071422,5,1,2,2,-9.0,-9.0,-9.0,-9.0,-9.0,-9,0.0,22724.0,2113.0
2644395,2644396,45.0,1071423,1,1,0,2,1.0,40.0,1.0,-9.0,4.0,622M,15.0,22724.0,2113.0
2644396,2644397,24.0,1071423,2,2,1,2,2.0,25.0,1.0,15.0,4.0,623M,14.0,22724.0,2113.0
2644397,2644398,6.0,1071423,3,2,2,2,-9.0,-9.0,-9.0,3.0,-9.0,-9,0.0,22724.0,2113.0
2644398,2644399,4.0,1071423,4,1,2,2,-9.0,-9.0,-9.0,2.0,-9.0,-9,0.0,22724.0,2113.0
2644399,2644400,0.0,1071423,5,1,2,2,-9.0,-9.0,-9.0,-9.0,-9.0,-9,0.0,22724.0,2113.0
2644400,2644401,45.0,1071424,1,1,0,2,1.0,40.0,1.0,-9.0,4.0,622M,15.0,22724.0,2113.0
2644401,2644402,24.0,1071424,2,2,1,2,2.0,25.0,1.0,15.0,4.0,623M,14.0,22724.0,2113.0
2644402,2644403,6.0,1071424,3,2,2,2,-9.0,-9.0,-9.0,3.0,-9.0,-9,0.0,22724.0,2113.0
2644403,2644404,4.0,1071424,4,1,2,2,-9.0,-9.0,-9.0,2.0,-9.0,-9,0.0,22724.0,2113.0
2644404,2644405,0.0,1071424,5,1,2,2,-9.0,-9.0,-9.0,-9.0,-9.0,-9,0.0,22724.0,2113.0
2644405,2644406,63.0,1071425,1,2,0,2,6.0,-9.0,-9.0,-9.0,4.0,-9,0.0,22724.0,2113.0
2644406,2644407,45.0,1071425,2,2,2,2,1.0,20.0,1.0,-9.0,4.0,722Z,16.0,22724.0,2113.0
2644407,2644408,18.0,1071425,3,2,7,2,1.0,25.0,1.0,-9.0,4.0,722Z,16.0,22724.0,2113.0
2644408,2644409,17.0,1071425,4,2,7,2,3.0,-9.0,-9.0,-9.0,4.0,999920,0.0,22724.0,2113.0
2644409,2644410,63.0,1071426,1,2,0,2,6.0,-9.0,-9.0,-9.0,4.0,-9,0.0,22724.0,2113.0
2644410,2644411,45.0,1071426,2,2,2,2,1.0,20.0,1.0,-9.0,4.0,722Z,16.0,22724.0,2113.0
2644411,2644412,18.0,1071426,3,2,7,2,1.0,25.0,1.0,-9.0,4.0,722Z,16.0,22724.0,2113.0
2644412,2644413,17.0,1071426,4,2,7,2,3.0,-9.0,-9.0,-9.0,4.0,999920,0.0,22724.0,2113.0
2644413,2644414,63.0,1071427,1,2,0,2,6.0,-9.0,-9.0,-9.0,4.0,-9,0.0,22724.0,2113.0
2644414,2644415,45.0,1071427,2,2,2,2,1.0,20.0,1.0,-9.0,4.0,722Z,16.0,22724.0,2113.0
2644415,2644416,18.0,1071427,3,2,7,2,1.0,25.0,1.0,-9.0,4.0,722Z,16.0,22724.0,2113.0
2644416,2644417,17.0,1071427,4,2,7,2,3.0,-9.0,-9.0,-9.0,4.0,999920,0.0,22724.0,2113.0
2644417,2644418,63.0,1071428,1,2,0,2,6.0,-9.0,-9.0,-9.0,4.0,-9,0.0,22722.0,2113.0
2644418,2644419,45.0,1071428,2,2,2,2,1.0,20.0,1.0,-9.0,4.0,722Z,16.0,22722.0,2113.0
2644419,2644420,18.0,1071428,3,2,7,2,1.0,25.0,1.0,-9.0,4.0,722Z,16.0,22722.0,2113.0
2644420,2644421,17.0,1071428,4,2,7,2,3.0,-9.0,-9.0,-9.0,4.0,999920,0.0,22722.0,2113.0
2644421,2644422,63.0,1071429,1,2,0,2,6.0,-9.0,-9.0,-9.0,4.0,-9,0.0,22724.0,2113.0
2644422,2644423,45.0,1071429,2,2,2,2,1.0,20.0,1.0,-9.0,4.0,722Z,16.0,22724.0,2113.0
2644423,2644424,18.0,1071429,3,2,7,2,1.0,25.0,1.0,-9.0,4.0,722Z,16.0,22724.0,2113.0
2644424,2644425,17.0,1071429,4,2,7,2,3.0,-9.0,-9.0,-9.0,4.0,999920,0.0,22724.0,2113.0
2644425,2644426,63.0,1071430,1,2,0,2,6.0,-9.0,-9.0,-9.0,4.0,-9,0.0,22725.0,2113.0
2644426,2644427,45.0,1071430,2,2,2,2,1.0,20.0,1.0,-9.0,4.0,722Z,16.0,22725.0,2113.0
2644427,2644428,18.0,1071430,3,2,7,2,1.0,25.0,1.0,-9.0,4.0,722Z,16.0,22725.0,2113.0
2644428,2644429,17.0,1071430,4,2,7,2,3.0,-9.0,-9.0,-9.0,4.0,999920,0.0,22725.0,2113.0
2644429,2644430,63.0,1071431,1,2,0,2,6.0,-9.0,-9.0,-9.0,4.0,-9,0.0,22724.0,2113.0
2644430,2644431,45.0,1071431,2,2,2,2,1.0,20.0,1.0,-9.0,4.0,722Z,16.0,22724.0,2113.0
2644431,2644432,18.0,1071431,3,2,7,2,1.0,25.0,1.0,-9.0,4.0,722Z,16.0,22724.0,2113.0
2644432,2644433,17.0,1071431,4,2,7,2,3.0,-9.0,-9.0,-9.0,4.0,999920,0.0,22724.0,2113.0
2644433,2644434,63.0,1071432,1,2,0,2,6.0,-9.0,-9.0,-9.0,4.0,-9,0.0,22724.0,2113.0
2644434,2644435,45.0,1071432,2,2,2,2,1.0,20.0,1.0,-9.0,4.0,722Z,16.0,22724.0,2113.0
2644435,2644436,18.0,1071432,3,2,7,2,1.0,25.0,1.0,-9.0,4.0,722Z,16.0,22724.0,2113.0
2644436,2644437,17.0,1071432,4,2,7,2,3.0,-9.0,-9.0,-9.0,4.0,999920,0.0,22724.0,2113.0
2644437,2644438,63.0,1071433,1,2,0,2,6.0,-9.0,-9.0,-9.0,4.0,-9,0.0,22724.0,2113.0
2644438,2644439,45.0,1071433,2,2,2,2,1.0,20.0,1.0,-9.0,4.0,722Z,16.0,22724.0,2113.0
2644439,2644440,18.0,1071433,3,2,7,2,1.0,25.0,1.0,-9.0,4.0,722Z,16.0,22724.0,2113.0
2644440,2644441,17.0,1071433,4,2,7,2,3.0,-9.0,-9.0,-9.0,4.0,999920,0.0,22724.0,2113.0
2644441,2644442,63.0,1071434,1,2,0,2,6.0,-9.0,-9.0,-9.0,4.0,-9,0.0,22724.0,2113.0
2644442,2644443,45.0,1071434,2,2,2,2,1.0,20.0,1.0,-9.0,4.0,722Z,16.0,22724.0,2113.0
2644443,2644444,18.0,1071434,3,2,7,2,1.0,25.0,1.0,-9.0,4.0,722Z,16.0,22724.0,2113.0
2644444,2644445,17.0,1071434,4,2,7,2,3.0,-9.0,-9.0,-9.0,4.0,999920,0.0,22724.0,2113.0
2644445,2644446,63.0,1071435,1,2,0,2,6.0,-9.0,-9.0,-9.0,4.0,-9,0.0,22724.0,2113.0
2644446,2644447,45.0,1071435,2,2,2,2,1.0,20.0,1.0,-9.0,4.0,722Z,16.0,22724.0,2113.0
2644447,2644448,18.0,1071435,3,2,7,2,1.0,25.0,1.0,-9.0,4.0,722Z,16.0,22724.0,2113.0
2644448,2644449,17.0,1071435,4,2,7,2,3.0,-9.0,-9.0,-9.0,4.0,999920,0.0,22724.0,2113.0
2644449,2644450,63.0,1071436,1,2,0,2,6.0,-9.0,-9.0,-9.0,4.0,-9,0.0,22724.0,2113.0
2644450,2644451,45.0,1071436,2,2,2,2,1.0,20.0,1.0,-9.0,4.0,722Z,16.0,22724.0,2113.0
2644451,2644452,18.0,1071436,3,2,7,2,1.0,25.0,1.0,-9.0,4.0,722Z,16.0,22724.0,2113.0
2644452,2644453,17.0,1071436,4,2,7,2,3.0,-9.0,-9.0,-9.0,4.0,999920,0.0,22724.0,2113.0
2644453,2644454,54.0,1071437,1,2,0,2,6.0,-9.0,-9.0,-9.0,4.0,-9,0.0,22724.0,2113.0
2644454,2644455,18.0,1071437,2,2,2,2,1.0,20.0,1.0,-9.0,4.0,722Z,16.0,22724.0,2113.0
2644455,2644456,1.0,1071437,3,2,7,2,-9.0,-9.0,-9.0,-9.0,-9.0,-9,0.0,22724.0,2113.0
2644456,2644457,54.0,1071438,1,2,0,2,6.0,-9.0,-9.0,-9.0,4.0,-9,0.0,22726.0,2113.0
2644457,2644458,18.0,1071438,2,2,2,2,1.0,20.0,1.0,-9.0,4.0,722Z,16.0,22726.0,2113.0
2644458,2644459,1.0,1071438,3,2,7,2,-9.0,-9.0,-9.0,-9.0,-9.0,-9,0.0,22726.0,2113.0
2644459,2644460,54.0,1071439,1,2,0,2,6.0,-9.0,-9.0,-9.0,4.0,-9,0.0,22722.0,2113.0
2644460,2644461,18.0,1071439,2,2,2,2,1.0,20.0,1.0,-9.0,4.0,722Z,16.0,22722.0,2113.0
2644461,2644462,1.0,1071439,3,2,7,2,-9.0,-9.0,-9.0,-9.0,-9.0,-9,0.0,22722.0,2113.0
2644462,2644463,54.0,1071440,1,2,0,2,6.0,-9.0,-9.0,-9.0,4.0,-9,0.0,22723.0,2113.0
2644463,2644464,18.0,1071440,2,2,2,2,1.0,20.0,1.0,-9.0,4.0,722Z,16.0,22723.0,2113.0
2644464,2644465,1.0,1071440,3,2,7,2,-9.0,-9.0,-9.0,-9.0,-9.0,-9,0.0,22723.0,2113.0
2644465,2644466,54.0,1071441,1,2,0,2,6.0,-9.0,-9.0,-9.0,4.0,-9,0.0,22720.0,2113.0
2644466,2644467,18.0,1071441,2,2,2,2,1.0,20.0,1.0,-9.0,4.0,722Z,16.0,22720.0,2113.0
2644467,2644468,1.0,1071441,3,2,7,2,-9.0,-9.0,-9.0,-9.0,-9.0,-9,0.0,22720.0,2113.0
2644468,2644469,54.0,1071442,1,2,0,2,6.0,-9.0,-9.0,-9.0,4.0,-9,0.0,22726.0,2113.0
2644469,2644470,18.0,1071442,2,2,2,2,1.0,20.0,1.0,-9.0,4.0,722Z,16.0,22726.0,2113.0
2644470,2644471,1.0,1071442,3,2,7,2,-9.0,-9.0,-9.0,-9.0,-9.0,-9,0.0,22726.0,2113.0
2644471,2644472,54.0,1071443,1,2,0,2,6.0,-9.0,-9.0,-9.0,4.0,-9,0.0,22724.0,2113.0
2644472,2644473,18.0,1071443,2,2,2,2,1.0,20.0,1.0,-9.0,4.0,722Z,16.0,22724.0,2113.0
2644473,2644474,1.0,1071443,3,2,7,2,-9.0,-9.0,-9.0,-9.0,-9.0,-9,0.0,22724.0,2113.0
2644474,2644475,54.0,1071444,1,2,0,2,6.0,-9.0,-9.0,-9.0,4.0,-9,0.0,22724.0,2113.0
2644475,2644476,18.0,1071444,2,2,2,2,1.0,20.0,1.0,-9.0,4.0,722Z,16.0,22724.0,2113.0
2644476,2644477,1.0,1071444,3,2,7,2,-9.0,-9.0,-9.0,-9.0,-9.0,-9,0.0,22724.0,2113.0
2644477,2644478,54.0,1071445,1,2,0,2,6.0,-9.0,-9.0,-9.0,4.0,-9,0.0,22724.0,2113.0
2644478,2644479,18.0,1071445,2,2,2,2,1.0,20.0,1.0,-9.0,4.0,722Z,16.0,22724.0,2113.0
2644479,2644480,1.0,1071445,3,2,7,2,-9.0,-9.0,-9.0,-9.0,-9.0,-9,0.0,22724.0,2113.0
2644480,2644481,54.0,1071446,1,2,0,2,6.0,-9.0,-9.0,-9.0,4.0,-9,0.0,22724.0,2113.0
2644481,2644482,18.0,1071446,2,2,2,2,1.0,20.0,1.0,-9.0,4.0,722Z,16.0,22724.0,2113.0
2644482,2644483,1.0,1071446,3,2,7,2,-9.0,-9.0,-9.0,-9.0,-9.0,-9,0.0,22724.0,2113.0
2644483,2644484,54.0,1071447,1,2,0,2,6.0,-9.0,-9.0,-9.0,4.0,-9,0.0,22724.0,2113.0
2644484,2644485,18.0,1071447,2,2,2,2,1.0,20.0,1.0,-9.0,4.0,722Z,16.0,22724.0,2113.0
2644485,2644486,1.0,1071447,3,2,7,2,-9.0,-9.0,-9.0,-9.0,-9.0,-9,0.0,22724.0,2113.0
2644486,2644487,54.0,1071448,1,2,0,2,6.0,-9.0,-9.0,-9.0,4.0,-9,0.0,22728.0,2113.0
2644487,2644488,18.0,1071448,2,2,2,2,1.0,20.0,1.0,-9.0,4.0,722Z,16.0,22728.0,2113.0
2644488,2644489,1.0,1071448,3,2,7,2,-9.0,-9.0,-9.0,-9.0,-9.0,-9,0.0,22728.0,2113.0
2644489,2644490,54.0,1071449,1,2,0,2,6.0,-9.0,-9.0,-9.0,4.0,-9,0.0,22723.0,2113.0
2644490,2644491,18.0,1071449,2,2,2,2,1.0,20.0,1.0,-9.0,4.0,722Z,16.0,22723.0,2113.0
2644491,2644492,1.0,1071449,3,2,7,2,-9.0,-9.0,-9.0,-9.0,-9.0,-9,0.0,22723.0,2113.0
2644492,2644493,54.0,1071450,1,2,0,2,6.0,-9.0,-9.0,-9.0,4.0,-9,0.0,22728.0,2113.0
2644493,2644494,18.0,1071450,2,2,2,2,1.0,20.0,1.0,-9.0,4.0,722Z,16.0,22728.0,2113.0
2644494,2644495,1.0,1071450,3,2,7,2,-9.0,-9.0,-9.0,-9.0,-9.0,-9,0.0,22728.0,2113.0
2644495,2644496,54.0,1071451,1,2,0,2,6.0,-9.0,-9.0,-9.0,4.0,-9,0.0,22724.0,2113.0
2644496,2644497,18.0,1071451,2,2,2,2,1.0,20.0,1.0,-9.0,4.0,722Z,16.0,22724.0,2113.0
2644497,2644498,1.0,1071451,3,2,7,2,-9.0,-9.0,-9.0,-9.0,-9.0,-9,0.0,22724.0,2113.0
2644498,2644499,54.0,1071452,1,2,0,2,6.0,-9.0,-9.0,-9.0,4.0,-9,0.0,22724.0,2113.0
2644499,2644500,18.0,1071452,2,2,2,2,1.0,20.0,1.0,-9.0,4.0,722Z,16.0,22724.0,2113.0
2644500,2644501,1.0,1071452,3,2,7,2,-9.0,-9.0,-9.0,-9.0,-9.0,-9,0.0,22724.0,2113.0
2644501,2644502,54.0,1071453,1,2,0,2,6.0,-9.0,-9.0,-9.0,4.0,-9,0.0,22724.0,2113.0
2644502,2644503,18.0,1071453,2,2,2,2,1.0,20.0,1.0,-9.0,4.0,722Z,16.0,22724.0,2113.0
2644503,2644504,1.0,1071453,3,2,7,2,-9.0,-9.0,-9.0,-9.0,-9.0,-9,0.0,22724.0,2113.0
2644504,2644505,54.0,1071454,1,2,0,2,6.0,-9.0,-9.0,-9.0,4.0,-9,0.0,22724.0,2113.0
2644505,2644506,18.0,1071454,2,2,2,2,1.0,20.0,1.0,-9.0,4.0,722Z,16.0,22724.0,2113.0
2644506,2644507,1.0,1071454,3,2,7,2,-9.0,-9.0,-9.0,-9.0,-9.0,-9,0.0,22724.0,2113.0
2644507,2644508,54.0,1071455,1,2,0,2,6.0,-9.0,-9.0,-9.0,4.0,-9,0.0,22722.0,2113.0
2644508,2644509,18.0,1071455,2,2,2,2,1.0,20.0,1.0,-9.0,4.0,722Z,16.0,22722.0,2113.0
2644509,2644510,1.0,1071455,3,2,7,2,-9.0,-9.0,-9.0,-9.0,-9.0,-9,0.0,22722.0,2113.0
2644510,2644511,54.0,1071456,1,2,0,2,6.0,-9.0,-9.0,-9.0,4.0,-9,0.0,22724.0,2113.0
2644511,2644512,18.0,1071456,2,2,2,2,1.0,20.0,1.0,-9.0,4.0,722Z,16.0,22724.0,2113.0
2644512,2644513,1.0,1071456,3,2,7,2,-9.0,-9.0,-9.0,-9.0,-9.0,-9,0.0,22724.0,2113.0
2644513,2644514,54.0,1071457,1,2,0,2,6.0,-9.0,-9.0,-9.0,4.0,-9,0.0,22724.0,2113.0
2644514,2644515,18.0,1071457,2,2,2,2,1.0,20.0,1.0,-9.0,4.0,722Z,16.0,22724.0,2113.0
2644515,2644516,1.0,1071457,3,2,7,2,-9.0,-9.0,-9.0,-9.0,-9.0,-9,0.0,22724.0,2113.0
2644516,2644517,54.0,1071458,1,2,0,2,6.0,-9.0,-9.0,-9.0,4.0,-9,0.0,22722.0,2113.0
2644517,2644518,18.0,1071458,2,2,2,2,1.0,20.0,1.0,-9.0,4.0,722Z,16.0,22722.0,2113.0
2644518,2644519,1.0,1071458,3,2,7,2,-9.0,-9.0,-9.0,-9.0,-9.0,-9,0.0,22722.0,2113.0
2644519,2644520,54.0,1071459,1,2,0,2,6.0,-9.0,-9.0,-9.0,4.0,-9,0.0,22724.0,2113.0
2644520,2644521,18.0,1071459,2,2,2,2,1.0,20.0,1.0,-9.0,4.0,722Z,16.0,22724.0,2113.0
2644521,2644522,1.0,1071459,3,2,7,2,-9.0,-9.0,-9.0,-9.0,-9.0,-9,0.0,22724.0,2113.0
2644522,2644523,54.0,1071460,1,2,0,2,6.0,-9.0,-9.0,-9.0,4.0,-9,0.0,22724.0,2113.0
2644523,2644524,18.0,1071460,2,2,2,2,1.0,20.0,1.0,-9.0,4.0,722Z,16.0,22724.0,2113.0
2644524,2644525,1.0,1071460,3,2,7,2,-9.0,-9.0,-9.0,-9.0,-9.0,-9,0.0,22724.0,2113.0
2644525,2644526,54.0,1071461,1,2,0,2,6.0,-9.0,-9.0,-9.0,4.0,-9,0.0,22724.0,2113.0
2644526,2644527,18.0,1071461,2,2,2,2,1.0,20.0,1.0,-9.0,4.0,722Z,16.0,22724.0,2113.0
2644527,2644528,1.0,1071461,3,2,7,2,-9.0,-9.0,-9.0,-9.0,-9.0,-9,0.0,22724.0,2113.0
2644528,2644529,54.0,1071462,1,2,0,2,6.0,-9.0,-9.0,-9.0,4.0,-9,0.0,22724.0,2113.0
2644529,2644530,18.0,1071462,2,2,2,2,1.0,20.0,1.0,-9.0,4.0,722Z,16.0,22724.0,2113.0
2644530,2644531,1.0,1071462,3,2,7,2,-9.0,-9.0,-9.0,-9.0,-9.0,-9,0.0,22724.0,2113.0
2644531,2644532,54.0,1071463,1,2,0,2,6.0,-9.0,-9.0,-9.0,4.0,-9,0.0,22724.0,2113.0
2644532,2644533,18.0,1071463,2,2,2,2,1.0,20.0,1.0,-9.0,4.0,722Z,16.0,22724.0,2113.0
2644533,2644534,1.0,1071463,3,2,7,2,-9.0,-9.0,-9.0,-9.0,-9.0,-9,0.0,22724.0,2113.0
2644534,2644535,54.0,1071464,1,2,0,2,6.0,-9.0,-9.0,-9.0,4.0,-9,0.0,22724.0,2113.0
2644535,2644536,18.0,1071464,2,2,2,2,1.0,20.0,1.0,-9.0,4.0,722Z,16.0,22724.0,2113.0
2644536,2644537,1.0,1071464,3,2,7,2,-9.0,-9.0,-9.0,-9.0,-9.0,-9,0.0,22724.0,2113.0
2644537,2644538,54.0,1071465,1,2,0,2,6.0,-9.0,-9.0,-9.0,4.0,-9,0.0,22724.0,2113.0
2644538,2644539,18.0,1071465,2,2,2,2,1.0,20.0,1.0,-9.0,4.0,722Z,16.0,22724.0,2113.0
2644539,2644540,1.0,1071465,3,2,7,2,-9.0,-9.0,-9.0,-9.0,-9.0,-9,0.0,22724.0,2113.0
2644540,2644541,54.0,1071466,1,2,0,2,6.0,-9.0,-9.0,-9.0,4.0,-9,0.0,22720.0,2113.0
2644541,2644542,18.0,1071466,2,2,2,2,1.0,20.0,1.0,-9.0,4.0,722Z,16.0,22720.0,2113.0
2644542,2644543,1.0,1071466,3,2,7,2,-9.0,-9.0,-9.0,-9.0,-9.0,-9,0.0,22720.0,2113.0
2644543,2644544,54.0,1071467,1,2,0,2,6.0,-9.0,-9.0,-9.0,4.0,-9,0.0,22721.0,2113.0
2644544,2644545,18.0,1071467,2,2,2,2,1.0,20.0,1.0,-9.0,4.0,722Z,16.0,22721.0,2113.0
2644545,2644546,1.0,1071467,3,2,7,2,-9.0,-9.0,-9.0,-9.0,-9.0,-9,0.0,22721.0,2113.0
2644546,2644547,54.0,1071468,1,2,0,2,6.0,-9.0,-9.0,-9.0,4.0,-9,0.0,22724.0,2113.0
2644547,2644548,18.0,1071468,2,2,2,2,1.0,20.0,1.0,-9.0,4.0,722Z,16.0,22724.0,2113.0
2644548,2644549,1.0,1071468,3,2,7,2,-9.0,-9.0,-9.0,-9.0,-9.0,-9,0.0,22724.0,2113.0
2644549,2644550,47.0,1071469,1,2,0,2,6.0,-9.0,-9.0,-9.0,4.0,-9,0.0,22724.0,2113.0
2644550,2644551,12.0,1071469,2,2,2,2,-9.0,-9.0,-9.0,9.0,-9.0,-9,0.0,22724.0,2113.0
2644551,2644552,47.0,1071470,1,2,0,3,1.0,40.0,1.0,-9.0,4.0,923,18.0,22724.0,2113.0
2644552,2644553,41.0,1071470,2,1,1,2,1.0,99.0,1.0,-9.0,2.0,928P,18.0,22724.0,2113.0
2644553,2644554,52.0,1071471,1,1,0,1,1.0,40.0,1.0,-9.0,4.0,611M1,13.0,22724.0,2113.0
2644554,2644555,50.0,1071471,2,2,1,2,1.0,40.0,1.0,-9.0,4.0,611M1,13.0,22724.0,2113.0
2644555,2644556,22.0,1071471,3,1,4,2,6.0,-9.0,-9.0,-9.0,4.0,611M1,13.0,22724.0,2113.0
2644556,2644557,52.0,1071472,1,1,0,1,1.0,40.0,1.0,-9.0,4.0,611M1,13.0,22729.0,2113.0
2644557,2644558,50.0,1071472,2,2,1,2,1.0,40.0,1.0,-9.0,4.0,611M1,13.0,22729.0,2113.0
2644558,2644559,22.0,1071472,3,1,4,2,6.0,-9.0,-9.0,-9.0,4.0,611M1,13.0,22729.0,2113.0
2644559,2644560,52.0,1071473,1,1,0,1,1.0,40.0,1.0,-9.0,4.0,611M1,13.0,22724.0,2113.0
2644560,2644561,50.0,1071473,2,2,1,2,1.0,40.0,1.0,-9.0,4.0,611M1,13.0,22724.0,2113.0
2644561,2644562,22.0,1071473,3,1,4,2,6.0,-9.0,-9.0,-9.0,4.0,611M1,13.0,22724.0,2113.0
2644562,2644563,52.0,1071474,1,1,0,1,1.0,40.0,1.0,-9.0,4.0,611M1,13.0,22728.0,2113.0
2644563,2644564,50.0,1071474,2,2,1,2,1.0,40.0,1.0,-9.0,4.0,611M1,13.0,22728.0,2113.0
2644564,2644565,22.0,1071474,3,1,4,2,6.0,-9.0,-9.0,-9.0,4.0,611M1,13.0,22728.0,2113.0
2644565,2644566,52.0,1071475,1,1,0,1,1.0,40.0,1.0,-9.0,4.0,611M1,13.0,22724.0,2113.0
2644566,2644567,50.0,1071475,2,2,1,2,1.0,40.0,1.0,-9.0,4.0,611M1,13.0,22724.0,2113.0
2644567,2644568,22.0,1071475,3,1,4,2,6.0,-9.0,-9.0,-9.0,4.0,611M1,13.0,22724.0,2113.0
2644568,2644569,52.0,1071476,1,1,0,1,1.0,40.0,1.0,-9.0,4.0,611M1,13.0,22724.0,2113.0
2644569,2644570,50.0,1071476,2,2,1,2,1.0,40.0,1.0,-9.0,4.0,611M1,13.0,22724.0,2113.0
2644570,2644571,22.0,1071476,3,1,4,2,6.0,-9.0,-9.0,-9.0,4.0,611M1,13.0,22724.0,2113.0
2644571,2644572,52.0,1071477,1,1,0,1,1.0,40.0,1.0,-9.0,4.0,611M1,13.0,22724.0,2113.0
2644572,2644573,50.0,1071477,2,2,1,2,1.0,40.0,1.0,-9.0,4.0,611M1,13.0,22724.0,2113.0
2644573,2644574,22.0,1071477,3,1,4,2,6.0,-9.0,-9.0,-9.0,4.0,611M1,13.0,22724.0,2113.0
2644574,2644575,52.0,1071478,1,1,0,1,1.0,40.0,1.0,-9.0,4.0,611M1,13.0,22721.0,2113.0
2644575,2644576,50.0,1071478,2,2,1,2,1.0,40.0,1.0,-9.0,4.0,611M1,13.0,22721.0,2113.0
2644576,2644577,22.0,1071478,3,1,4,2,6.0,-9.0,-9.0,-9.0,4.0,611M1,13.0,22721.0,2113.0
2644577,2644578,52.0,1071479,1,1,0,1,1.0,40.0,1.0,-9.0,4.0,611M1,13.0,22730.0,2113.0
2644578,2644579,50.0,1071479,2,2,1,2,1.0,40.0,1.0,-9.0,4.0,611M1,13.0,22730.0,2113.0
2644579,2644580,22.0,1071479,3,1,4,2,6.0,-9.0,-9.0,-9.0,4.0,611M1,13.0,22730.0,2113.0
2644580,2644581,52.0,1071480,1,1,0,1,1.0,40.0,1.0,-9.0,4.0,611M1,13.0,22720.0,2113.0
2644581,2644582,50.0,1071480,2,2,1,2,1.0,40.0,1.0,-9.0,4.0,611M1,13.0,22720.0,2113.0
2644582,2644583,22.0,1071480,3,1,4,2,6.0,-9.0,-9.0,-9.0,4.0,611M1,13.0,22720.0,2113.0
2644583,2644584,52.0,1071481,1,1,0,1,1.0,40.0,1.0,-9.0,4.0,611M1,13.0,22724.0,2113.0
2644584,2644585,50.0,1071481,2,2,1,2,1.0,40.0,1.0,-9.0,4.0,611M1,13.0,22724.0,2113.0
2644585,2644586,22.0,1071481,3,1,4,2,6.0,-9.0,-9.0,-9.0,4.0,611M1,13.0,22724.0,2113.0
2644586,2644587,52.0,1071482,1,1,0,1,1.0,40.0,1.0,-9.0,4.0,611M1,13.0,22724.0,2113.0
2644587,2644588,50.0,1071482,2,2,1,2,1.0,40.0,1.0,-9.0,4.0,611M1,13.0,22724.0,2113.0
2644588,2644589,22.0,1071482,3,1,4,2,6.0,-9.0,-9.0,-9.0,4.0,611M1,13.0,22724.0,2113.0
2644589,2644590,52.0,1071483,1,1,0,1,1.0,40.0,1.0,-9.0,4.0,611M1,13.0,22721.0,2113.0
2644590,2644591,50.0,1071483,2,2,1,2,1.0,40.0,1.0,-9.0,4.0,611M1,13.0,22721.0,2113.0
2644591,2644592,22.0,1071483,3,1,4,2,6.0,-9.0,-9.0,-9.0,4.0,611M1,13.0,22721.0,2113.0
2644592,2644593,52.0,1071484,1,1,0,1,1.0,40.0,1.0,-9.0,4.0,611M1,13.0,22724.0,2113.0
2644593,2644594,50.0,1071484,2,2,1,2,1.0,40.0,1.0,-9.0,4.0,611M1,13.0,22724.0,2113.0
2644594,2644595,22.0,1071484,3,1,4,2,6.0,-9.0,-9.0,-9.0,4.0,611M1,13.0,22724.0,2113.0
2644595,2644596,52.0,1071485,1,1,0,1,1.0,40.0,1.0,-9.0,4.0,611M1,13.0,22727.0,2113.0
2644596,2644597,50.0,1071485,2,2,1,2,1.0,40.0,1.0,-9.0,4.0,611M1,13.0,22727.0,2113.0
2644597,2644598,22.0,1071485,3,1,4,2,6.0,-9.0,-9.0,-9.0,4.0,611M1,13.0,22727.0,2113.0
2644598,2644599,52.0,1071486,1,1,0,1,1.0,40.0,1.0,-9.0,4.0,611M1,13.0,22724.0,2113.0
2644599,2644600,50.0,1071486,2,2,1,2,1.0,40.0,1.0,-9.0,4.0,611M1,13.0,22724.0,2113.0
2644600,2644601,22.0,1071486,3,1,4,2,6.0,-9.0,-9.0,-9.0,4.0,611M1,13.0,22724.0,2113.0
2644601,2644602,52.0,1071487,1,1,0,1,1.0,40.0,1.0,-9.0,4.0,611M1,13.0,22728.0,2113.0
2644602,2644603,50.0,1071487,2,2,1,2,1.0,40.0,1.0,-9.0,4.0,611M1,13.0,22728.0,2113.0
2644603,2644604,22.0,1071487,3,1,4,2,6.0,-9.0,-9.0,-9.0,4.0,611M1,13.0,22728.0,2113.0
2644604,2644605,52.0,1071488,1,1,0,1,1.0,40.0,1.0,-9.0,4.0,611M1,13.0,22728.0,2113.0
2644605,2644606,50.0,1071488,2,2,1,2,1.0,40.0,1.0,-9.0,4.0,611M1,13.0,22728.0,2113.0
2644606,2644607,22.0,1071488,3,1,4,2,6.0,-9.0,-9.0,-9.0,4.0,611M1,13.0,22728.0,2113.0
2644607,2644608,52.0,1071489,1,1,0,1,1.0,40.0,1.0,-9.0,4.0,611M1,13.0,22724.0,2113.0
2644608,2644609,50.0,1071489,2,2,1,2,1.0,40.0,1.0,-9.0,4.0,611M1,13.0,22724.0,2113.0
2644609,2644610,22.0,1071489,3,1,4,2,6.0,-9.0,-9.0,-9.0,4.0,611M1,13.0,22724.0,2113.0
2644610,2644611,52.0,1071490,1,1,0,1,1.0,40.0,1.0,-9.0,4.0,611M1,13.0,22728.0,2113.0
2644611,2644612,50.0,1071490,2,2,1,2,1.0,40.0,1.0,-9.0,4.0,611M1,13.0,22728.0,2113.0
2644612,2644613,22.0,1071490,3,1,4,2,6.0,-9.0,-9.0,-9.0,4.0,611M1,13.0,22728.0,2113.0
2644613,2644614,52.0,1071491,1,1,0,1,1.0,40.0,1.0,-9.0,4.0,611M1,13.0,22723.0,2113.0
2644614,2644615,50.0,1071491,2,2,1,2,1.0,40.0,1.0,-9.0,4.0,611M1,13.0,22723.0,2113.0
2644615,2644616,22.0,1071491,3,1,4,2,6.0,-9.0,-9.0,-9.0,4.0,611M1,13.0,22723.0,2113.0
2644616,2644617,52.0,1071492,1,1,0,1,1.0,40.0,1.0,-9.0,4.0,611M1,13.0,22723.0,2113.0
2644617,2644618,50.0,1071492,2,2,1,2,1.0,40.0,1.0,-9.0,4.0,611M1,13.0,22723.0,2113.0
2644618,2644619,22.0,1071492,3,1,4,2,6.0,-9.0,-9.0,-9.0,4.0,611M1,13.0,22723.0,2113.0
2644619,2644620,52.0,1071493,1,1,0,1,1.0,40.0,1.0,-9.0,4.0,611M1,13.0,22724.0,2113.0
2644620,2644621,50.0,1071493,2,2,1,2,1.0,40.0,1.0,-9.0,4.0,611M1,13.0,22724.0,2113.0
2644621,2644622,22.0,1071493,3,1,4,2,6.0,-9.0,-9.0,-9.0,4.0,611M1,13.0,22724.0,2113.0
2644622,2644623,52.0,1071494,1,1,0,1,1.0,40.0,1.0,-9.0,4.0,611M1,13.0,22724.0,2113.0
2644623,2644624,50.0,1071494,2,2,1,2,1.0,40.0,1.0,-9.0,4.0,611M1,13.0,22724.0,2113.0
2644624,2644625,22.0,1071494,3,1,4,2,6.0,-9.0,-9.0,-9.0,4.0,611M1,13.0,22724.0,2113.0
2644625,2644626,52.0,1071495,1,1,0,1,1.0,40.0,1.0,-9.0,4.0,611M1,13.0,22724.0,2113.0
2644626,2644627,50.0,1071495,2,2,1,2,1.0,40.0,1.0,-9.0,4.0,611M1,13.0,22724.0,2113.0
2644627,2644628,22.0,1071495,3,1,4,2,6.0,-9.0,-9.0,-9.0,4.0,611M1,13.0,22724.0,2113.0
2644628,2644629,52.0,1071496,1,1,0,1,1.0,40.0,1.0,-9.0,4.0,611M1,13.0,22720.0,2113.0
2644629,2644630,50.0,1071496,2,2,1,2,1.0,40.0,1.0,-9.0,4.0,611M1,13.0,22720.0,2113.0
2644630,2644631,22.0,1071496,3,1,4,2,6.0,-9.0,-9.0,-9.0,4.0,611M1,13.0,22720.0,2113.0
2644631,2644632,52.0,1071497,1,1,0,1,1.0,40.0,1.0,-9.0,4.0,611M1,13.0,22724.0,2113.0
2644632,2644633,50.0,1071497,2,2,1,2,1.0,40.0,1.0,-9.0,4.0,611M1,13.0,22724.0,2113.0
2644633,2644634,22.0,1071497,3,1,4,2,6.0,-9.0,-9.0,-9.0,4.0,611M1,13.0,22724.0,2113.0
2644634,2644635,52.0,1071498,1,1,0,1,1.0,40.0,1.0,-9.0,4.0,611M1,13.0,22720.0,2113.0
2644635,2644636,50.0,1071498,2,2,1,2,1.0,40.0,1.0,-9.0,4.0,611M1,13.0,22720.0,2113.0
2644636,2644637,22.0,1071498,3,1,4,2,6.0,-9.0,-9.0,-9.0,4.0,611M1,13.0,22720.0,2113.0
2644637,2644638,52.0,1071499,1,1,0,1,1.0,40.0,1.0,-9.0,4.0,611M1,13.0,22724.0,2113.0
2644638,2644639,50.0,1071499,2,2,1,2,1.0,40.0,1.0,-9.0,4.0,611M1,13.0,22724.0,2113.0
2644639,2644640,22.0,1071499,3,1,4,2,6.0,-9.0,-9.0,-9.0,4.0,611M1,13.0,22724.0,2113.0
2644640,2644641,52.0,1071500,1,1,0,1,1.0,40.0,1.0,-9.0,4.0,611M1,13.0,22722.0,2113.0
2644641,2644642,50.0,1071500,2,2,1,2,1.0,40.0,1.0,-9.0,4.0,611M1,13.0,22722.0,2113.0
2644642,2644643,22.0,1071500,3,1,4,2,6.0,-9.0,-9.0,-9.0,4.0,611M1,13.0,22722.0,2113.0
2644643,2644644,54.0,1071501,1,2,0,1,6.0,-9.0,-9.0,-9.0,4.0,-9,0.0,22726.0,2113.0
2644644,2644645,59.0,1071501,2,1,1,1,1.0,60.0,1.0,-9.0,4.0,484,6.0,22726.0,2113.0
2644645,2644646,18.0,1071501,3,1,2,1,6.0,-9.0,-9.0,14.0,4.0,-9,0.0,22726.0,2113.0
2644646,2644647,49.0,1071502,1,2,0,1,1.0,40.0,1.0,-9.0,4.0,622M,15.0,22724.0,2113.0
2644647,2644648,57.0,1071502,2,1,1,2,1.0,40.0,1.0,-9.0,2.0,485M,6.0,22724.0,2113.0
2644648,2644649,19.0,1071502,3,2,2,4,1.0,20.0,5.0,-9.0,4.0,485M,6.0,22724.0,2113.0
2644649,2644650,61.0,1071503,1,2,0,1,1.0,40.0,1.0,-9.0,4.0,622M,15.0,22726.0,2113.0
2644650,2644651,34.0,1071503,2,1,2,1,1.0,50.0,1.0,-9.0,4.0,5415,10.0,22726.0,2113.0
2644651,2644652,22.0,1071503,3,1,3,2,6.0,-9.0,-9.0,-9.0,4.0,-9,0.0,22726.0,2113.0
2644652,2644653,61.0,1071504,1,2,0,1,1.0,40.0,1.0,-9.0,4.0,622M,15.0,22720.0,2113.0
2644653,2644654,34.0,1071504,2,1,2,1,1.0,50.0,1.0,-9.0,4.0,5415,10.0,22720.0,2113.0
2644654,2644655,22.0,1071504,3,1,3,2,6.0,-9.0,-9.0,-9.0,4.0,-9,0.0,22720.0,2113.0
2644655,2644656,61.0,1071505,1,2,0,1,1.0,40.0,1.0,-9.0,4.0,622M,15.0,22724.0,2113.0
2644656,2644657,34.0,1071505,2,1,2,1,1.0,50.0,1.0,-9.0,4.0,5415,10.0,22724.0,2113.0
2644657,2644658,22.0,1071505,3,1,3,2,6.0,-9.0,-9.0,-9.0,4.0,-9,0.0,22724.0,2113.0
2644658,2644659,54.0,1071506,1,2,0,1,6.0,-9.0,-9.0,-9.0,4.0,-9,0.0,22721.0,2113.0
2644659,2644660,47.0,1071506,2,1,1,1,1.0,60.0,1.0,-9.0,2.0,23,2.0,22721.0,2113.0
2644660,2644661,20.0,1071506,3,1,2,1,1.0,50.0,1.0,-9.0,4.0,23,2.0,22721.0,2113.0
2644661,2644662,54.0,1071507,1,2,0,1,6.0,-9.0,-9.0,-9.0,4.0,-9,0.0,22722.0,2113.0
2644662,2644663,47.0,1071507,2,1,1,1,1.0,60.0,1.0,-9.0,2.0,23,2.0,22722.0,2113.0
2644663,2644664,20.0,1071507,3,1,2,1,1.0,50.0,1.0,-9.0,4.0,23,2.0,22722.0,2113.0
2644664,2644665,54.0,1071508,1,2,0,1,6.0,-9.0,-9.0,-9.0,4.0,-9,0.0,22725.0,2113.0
2644665,2644666,47.0,1071508,2,1,1,1,1.0,60.0,1.0,-9.0,2.0,23,2.0,22725.0,2113.0
2644666,2644667,20.0,1071508,3,1,2,1,1.0,50.0,1.0,-9.0,4.0,23,2.0,22725.0,2113.0
2644667,2644668,54.0,1071509,1,2,0,1,6.0,-9.0,-9.0,-9.0,4.0,-9,0.0,22724.0,2113.0
2644668,2644669,47.0,1071509,2,1,1,1,1.0,60.0,1.0,-9.0,2.0,23,2.0,22724.0,2113.0
2644669,2644670,20.0,1071509,3,1,2,1,1.0,50.0,1.0,-9.0,4.0,23,2.0,22724.0,2113.0
2644670,2644671,54.0,1071510,1,2,0,1,6.0,-9.0,-9.0,-9.0,4.0,-9,0.0,22724.0,2113.0
2644671,2644672,47.0,1071510,2,1,1,1,1.0,60.0,1.0,-9.0,2.0,23,2.0,22724.0,2113.0
2644672,2644673,20.0,1071510,3,1,2,1,1.0,50.0,1.0,-9.0,4.0,23,2.0,22724.0,2113.0
2644673,2644674,54.0,1071511,1,2,0,1,6.0,-9.0,-9.0,-9.0,4.0,-9,0.0,22724.0,2113.0
2644674,2644675,47.0,1071511,2,1,1,1,1.0,60.0,1.0,-9.0,2.0,23,2.0,22724.0,2113.0
2644675,2644676,20.0,1071511,3,1,2,1,1.0,50.0,1.0,-9.0,4.0,23,2.0,22724.0,2113.0
2644676,2644677,54.0,1071512,1,2,0,1,6.0,-9.0,-9.0,-9.0,4.0,-9,0.0,22730.0,2113.0
2644677,2644678,47.0,1071512,2,1,1,1,1.0,60.0,1.0,-9.0,2.0,23,2.0,22730.0,2113.0
2644678,2644679,20.0,1071512,3,1,2,1,1.0,50.0,1.0,-9.0,4.0,23,2.0,22730.0,2113.0
2644679,2644680,54.0,1071513,1,2,0,1,6.0,-9.0,-9.0,-9.0,4.0,-9,0.0,22724.0,2113.0
2644680,2644681,47.0,1071513,2,1,1,1,1.0,60.0,1.0,-9.0,2.0,23,2.0,22724.0,2113.0
2644681,2644682,20.0,1071513,3,1,2,1,1.0,50.0,1.0,-9.0,4.0,23,2.0,22724.0,2113.0
2644682,2644683,54.0,1071514,1,2,0,1,6.0,-9.0,-9.0,-9.0,4.0,-9,0.0,22723.0,2113.0
2644683,2644684,47.0,1071514,2,1,1,1,1.0,60.0,1.0,-9.0,2.0,23,2.0,22723.0,2113.0
2644684,2644685,20.0,1071514,3,1,2,1,1.0,50.0,1.0,-9.0,4.0,23,2.0,22723.0,2113.0
2644685,2644686,54.0,1071515,1,2,0,1,6.0,-9.0,-9.0,-9.0,4.0,-9,0.0,22724.0,2113.0
2644686,2644687,47.0,1071515,2,1,1,1,1.0,60.0,1.0,-9.0,2.0,23,2.0,22724.0,2113.0
2644687,2644688,20.0,1071515,3,1,2,1,1.0,50.0,1.0,-9.0,4.0,23,2.0,22724.0,2113.0
2644688,2644689,54.0,1071516,1,2,0,1,6.0,-9.0,-9.0,-9.0,4.0,-9,0.0,22730.0,2113.0
2644689,2644690,47.0,1071516,2,1,1,1,1.0,60.0,1.0,-9.0,2.0,23,2.0,22730.0,2113.0
2644690,2644691,20.0,1071516,3,1,2,1,1.0,50.0,1.0,-9.0,4.0,23,2.0,22730.0,2113.0
2644691,2644692,54.0,1071517,1,2,0,1,6.0,-9.0,-9.0,-9.0,4.0,-9,0.0,22724.0,2113.0
2644692,2644693,47.0,1071517,2,1,1,1,1.0,60.0,1.0,-9.0,2.0,23,2.0,22724.0,2113.0
2644693,2644694,20.0,1071517,3,1,2,1,1.0,50.0,1.0,-9.0,4.0,23,2.0,22724.0,2113.0
2644694,2644695,54.0,1071518,1,2,0,1,6.0,-9.0,-9.0,-9.0,4.0,-9,0.0,22724.0,2113.0
2644695,2644696,47.0,1071518,2,1,1,1,1.0,60.0,1.0,-9.0,2.0,23,2.0,22724.0,2113.0
2644696,2644697,20.0,1071518,3,1,2,1,1.0,50.0,1.0,-9.0,4.0,23,2.0,22724.0,2113.0
2644697,2644698,54.0,1071519,1,2,0,1,6.0,-9.0,-9.0,-9.0,4.0,-9,0.0,22724.0,2113.0
2644698,2644699,47.0,1071519,2,1,1,1,1.0,60.0,1.0,-9.0,2.0,23,2.0,22724.0,2113.0
2644699,2644700,20.0,1071519,3,1,2,1,1.0,50.0,1.0,-9.0,4.0,23,2.0,22724.0,2113.0
2644700,2644701,54.0,1071520,1,2,0,1,6.0,-9.0,-9.0,-9.0,4.0,-9,0.0,22724.0,2113.0
2644701,2644702,47.0,1071520,2,1,1,1,1.0,60.0,1.0,-9.0,2.0,23,2.0,22724.0,2113.0
2644702,2644703,20.0,1071520,3,1,2,1,1.0,50.0,1.0,-9.0,4.0,23,2.0,22724.0,2113.0
2644703,2644704,54.0,1071521,1,2,0,1,6.0,-9.0,-9.0,-9.0,4.0,-9,0.0,22721.0,2113.0
2644704,2644705,47.0,1071521,2,1,1,1,1.0,60.0,1.0,-9.0,2.0,23,2.0,22721.0,2113.0
2644705,2644706,20.0,1071521,3,1,2,1,1.0,50.0,1.0,-9.0,4.0,23,2.0,22721.0,2113.0
2644706,2644707,54.0,1071522,1,2,0,1,6.0,-9.0,-9.0,-9.0,4.0,-9,0.0,22724.0,2113.0
2644707,2644708,47.0,1071522,2,1,1,1,1.0,60.0,1.0,-9.0,2.0,23,2.0,22724.0,2113.0
2644708,2644709,20.0,1071522,3,1,2,1,1.0,50.0,1.0,-9.0,4.0,23,2.0,22724.0,2113.0
2644709,2644710,54.0,1071523,1,2,0,1,6.0,-9.0,-9.0,-9.0,4.0,-9,0.0,22728.0,2113.0
2644710,2644711,47.0,1071523,2,1,1,1,1.0,60.0,1.0,-9.0,2.0,23,2.0,22728.0,2113.0
2644711,2644712,20.0,1071523,3,1,2,1,1.0,50.0,1.0,-9.0,4.0,23,2.0,22728.0,2113.0
2644712,2644713,54.0,1071524,1,2,0,1,6.0,-9.0,-9.0,-9.0,4.0,-9,0.0,22724.0,2113.0
2644713,2644714,47.0,1071524,2,1,1,1,1.0,60.0,1.0,-9.0,2.0,23,2.0,22724.0,2113.0
2644714,2644715,20.0,1071524,3,1,2,1,1.0,50.0,1.0,-9.0,4.0,23,2.0,22724.0,2113.0
2644715,2644716,54.0,1071525,1,2,0,1,6.0,-9.0,-9.0,-9.0,4.0,-9,0.0,22726.0,2113.0
2644716,2644717,47.0,1071525,2,1,1,1,1.0,60.0,1.0,-9.0,2.0,23,2.0,22726.0,2113.0
2644717,2644718,20.0,1071525,3,1,2,1,1.0,50.0,1.0,-9.0,4.0,23,2.0,22726.0,2113.0
2644718,2644719,54.0,1071526,1,2,0,1,6.0,-9.0,-9.0,-9.0,4.0,-9,0.0,22720.0,2113.0
2644719,2644720,47.0,1071526,2,1,1,1,1.0,60.0,1.0,-9.0,2.0,23,2.0,22720.0,2113.0
2644720,2644721,20.0,1071526,3,1,2,1,1.0,50.0,1.0,-9.0,4.0,23,2.0,22720.0,2113.0
2644721,2644722,54.0,1071527,1,2,0,1,6.0,-9.0,-9.0,-9.0,4.0,-9,0.0,22724.0,2113.0
2644722,2644723,47.0,1071527,2,1,1,1,1.0,60.0,1.0,-9.0,2.0,23,2.0,22724.0,2113.0
2644723,2644724,20.0,1071527,3,1,2,1,1.0,50.0,1.0,-9.0,4.0,23,2.0,22724.0,2113.0
2644724,2644725,54.0,1071528,1,2,0,1,6.0,-9.0,-9.0,-9.0,4.0,-9,0.0,22725.0,2113.0
2644725,2644726,47.0,1071528,2,1,1,1,1.0,60.0,1.0,-9.0,2.0,23,2.0,22725.0,2113.0
2644726,2644727,20.0,1071528,3,1,2,1,1.0,50.0,1.0,-9.0,4.0,23,2.0,22725.0,2113.0
2644727,2644728,54.0,1071529,1,2,0,1,6.0,-9.0,-9.0,-9.0,4.0,-9,0.0,22728.0,2113.0
2644728,2644729,47.0,1071529,2,1,1,1,1.0,60.0,1.0,-9.0,2.0,23,2.0,22728.0,2113.0
2644729,2644730,20.0,1071529,3,1,2,1,1.0,50.0,1.0,-9.0,4.0,23,2.0,22728.0,2113.0
2644730,2644731,54.0,1071530,1,2,0,1,6.0,-9.0,-9.0,-9.0,4.0,-9,0.0,22724.0,2113.0
2644731,2644732,47.0,1071530,2,1,1,1,1.0,60.0,1.0,-9.0,2.0,23,2.0,22724.0,2113.0
2644732,2644733,20.0,1071530,3,1,2,1,1.0,50.0,1.0,-9.0,4.0,23,2.0,22724.0,2113.0
2644733,2644734,54.0,1071531,1,2,0,1,6.0,-9.0,-9.0,-9.0,4.0,-9,0.0,22724.0,2113.0
2644734,2644735,47.0,1071531,2,1,1,1,1.0,60.0,1.0,-9.0,2.0,23,2.0,22724.0,2113.0
2644735,2644736,20.0,1071531,3,1,2,1,1.0,50.0,1.0,-9.0,4.0,23,2.0,22724.0,2113.0
2644736,2644737,54.0,1071532,1,2,0,1,6.0,-9.0,-9.0,-9.0,4.0,-9,0.0,22724.0,2113.0
2644737,2644738,47.0,1071532,2,1,1,1,1.0,60.0,1.0,-9.0,2.0,23,2.0,22724.0,2113.0
2644738,2644739,20.0,1071532,3,1,2,1,1.0,50.0,1.0,-9.0,4.0,23,2.0,22724.0,2113.0
2644739,2644740,54.0,1071533,1,2,0,1,6.0,-9.0,-9.0,-9.0,4.0,-9,0.0,22726.0,2113.0
2644740,2644741,47.0,1071533,2,1,1,1,1.0,60.0,1.0,-9.0,2.0,23,2.0,22726.0,2113.0
2644741,2644742,20.0,1071533,3,1,2,1,1.0,50.0,1.0,-9.0,4.0,23,2.0,22726.0,2113.0
2644742,2644743,54.0,1071534,1,2,0,1,6.0,-9.0,-9.0,-9.0,4.0,-9,0.0,22724.0,2113.0
2644743,2644744,47.0,1071534,2,1,1,1,1.0,60.0,1.0,-9.0,2.0,23,2.0,22724.0,2113.0
2644744,2644745,20.0,1071534,3,1,2,1,1.0,50.0,1.0,-9.0,4.0,23,2.0,22724.0,2113.0
2644745,2644746,54.0,1071535,1,2,0,1,6.0,-9.0,-9.0,-9.0,4.0,-9,0.0,22721.0,2113.0
2644746,2644747,47.0,1071535,2,1,1,1,1.0,60.0,1.0,-9.0,2.0,23,2.0,22721.0,2113.0
2644747,2644748,20.0,1071535,3,1,2,1,1.0,50.0,1.0,-9.0,4.0,23,2.0,22721.0,2113.0
2644748,2644749,54.0,1071536,1,2,0,1,6.0,-9.0,-9.0,-9.0,4.0,-9,0.0,22724.0,2113.0
2644749,2644750,47.0,1071536,2,1,1,1,1.0,60.0,1.0,-9.0,2.0,23,2.0,22724.0,2113.0
2644750,2644751,20.0,1071536,3,1,2,1,1.0,50.0,1.0,-9.0,4.0,23,2.0,22724.0,2113.0
2644751,2644752,54.0,1071537,1,2,0,1,6.0,-9.0,-9.0,-9.0,4.0,-9,0.0,22724.0,2113.0
2644752,2644753,47.0,1071537,2,1,1,1,1.0,60.0,1.0,-9.0,2.0,23,2.0,22724.0,2113.0
2644753,2644754,20.0,1071537,3,1,2,1,1.0,50.0,1.0,-9.0,4.0,23,2.0,22724.0,2113.0
2644754,2644755,54.0,1071538,1,2,0,1,6.0,-9.0,-9.0,-9.0,4.0,-9,0.0,22724.0,2113.0
2644755,2644756,47.0,1071538,2,1,1,1,1.0,60.0,1.0,-9.0,2.0,23,2.0,22724.0,2113.0
2644756,2644757,20.0,1071538,3,1,2,1,1.0,50.0,1.0,-9.0,4.0,23,2.0,22724.0,2113.0
2644757,2644758,54.0,1071539,1,2,0,1,6.0,-9.0,-9.0,-9.0,4.0,-9,0.0,22721.0,2113.0
2644758,2644759,47.0,1071539,2,1,1,1,1.0,60.0,1.0,-9.0,2.0,23,2.0,22721.0,2113.0
2644759,2644760,20.0,1071539,3,1,2,1,1.0,50.0,1.0,-9.0,4.0,23,2.0,22721.0,2113.0
2644760,2644761,54.0,1071540,1,2,0,1,6.0,-9.0,-9.0,-9.0,4.0,-9,0.0,22724.0,2113.0
2644761,2644762,47.0,1071540,2,1,1,1,1.0,60.0,1.0,-9.0,2.0,23,2.0,22724.0,2113.0
2644762,2644763,20.0,1071540,3,1,2,1,1.0,50.0,1.0,-9.0,4.0,23,2.0,22724.0,2113.0
2644763,2644764,54.0,1071541,1,2,0,1,6.0,-9.0,-9.0,-9.0,4.0,-9,0.0,22723.0,2113.0
2644764,2644765,47.0,1071541,2,1,1,1,1.0,60.0,1.0,-9.0,2.0,23,2.0,22723.0,2113.0
2644765,2644766,20.0,1071541,3,1,2,1,1.0,50.0,1.0,-9.0,4.0,23,2.0,22723.0,2113.0
2644766,2644767,54.0,1071542,1,2,0,1,6.0,-9.0,-9.0,-9.0,4.0,-9,0.0,22723.0,2113.0
2644767,2644768,47.0,1071542,2,1,1,1,1.0,60.0,1.0,-9.0,2.0,23,2.0,22723.0,2113.0
2644768,2644769,20.0,1071542,3,1,2,1,1.0,50.0,1.0,-9.0,4.0,23,2.0,22723.0,2113.0
2644769,2644770,54.0,1071543,1,2,0,1,6.0,-9.0,-9.0,-9.0,4.0,-9,0.0,22724.0,2113.0
2644770,2644771,47.0,1071543,2,1,1,1,1.0,60.0,1.0,-9.0,2.0,23,2.0,22724.0,2113.0
2644771,2644772,20.0,1071543,3,1,2,1,1.0,50.0,1.0,-9.0,4.0,23,2.0,22724.0,2113.0
2644772,2644773,54.0,1071544,1,2,0,1,6.0,-9.0,-9.0,-9.0,4.0,-9,0.0,22724.0,2113.0
2644773,2644774,47.0,1071544,2,1,1,1,1.0,60.0,1.0,-9.0,2.0,23,2.0,22724.0,2113.0
2644774,2644775,20.0,1071544,3,1,2,1,1.0,50.0,1.0,-9.0,4.0,23,2.0,22724.0,2113.0
2644775,2644776,54.0,1071545,1,2,0,1,6.0,-9.0,-9.0,-9.0,4.0,-9,0.0,22724.0,2113.0
2644776,2644777,47.0,1071545,2,1,1,1,1.0,60.0,1.0,-9.0,2.0,23,2.0,22724.0,2113.0
2644777,2644778,20.0,1071545,3,1,2,1,1.0,50.0,1.0,-9.0,4.0,23,2.0,22724.0,2113.0
2644778,2644779,54.0,1071546,1,2,0,1,6.0,-9.0,-9.0,-9.0,4.0,-9,0.0,22724.0,2113.0
2644779,2644780,47.0,1071546,2,1,1,1,1.0,60.0,1.0,-9.0,2.0,23,2.0,22724.0,2113.0
2644780,2644781,20.0,1071546,3,1,2,1,1.0,50.0,1.0,-9.0,4.0,23,2.0,22724.0,2113.0
2644781,2644782,54.0,1071547,1,2,0,1,6.0,-9.0,-9.0,-9.0,4.0,-9,0.0,22724.0,2113.0
2644782,2644783,47.0,1071547,2,1,1,1,1.0,60.0,1.0,-9.0,2.0,23,2.0,22724.0,2113.0
2644783,2644784,20.0,1071547,3,1,2,1,1.0,50.0,1.0,-9.0,4.0,23,2.0,22724.0,2113.0
2644784,2644785,52.0,1071548,1,2,0,1,1.0,48.0,1.0,-9.0,4.0,6214,14.0,22724.0,2113.0
2644785,2644786,23.0,1071548,2,2,2,1,1.0,10.0,1.0,15.0,4.0,6111,13.0,22724.0,2113.0
2644786,2644787,22.0,1071548,3,2,2,1,1.0,25.0,4.0,15.0,4.0,6111,13.0,22724.0,2113.0
2644787,2644788,52.0,1071549,1,2,0,1,1.0,48.0,1.0,-9.0,4.0,6214,14.0,22721.0,2113.0
2644788,2644789,23.0,1071549,2,2,2,1,1.0,10.0,1.0,15.0,4.0,6111,13.0,22721.0,2113.0
2644789,2644790,22.0,1071549,3,2,2,1,1.0,25.0,4.0,15.0,4.0,6111,13.0,22721.0,2113.0
2644790,2644791,52.0,1071550,1,2,0,1,1.0,48.0,1.0,-9.0,4.0,6214,14.0,22730.0,2113.0
2644791,2644792,23.0,1071550,2,2,2,1,1.0,10.0,1.0,15.0,4.0,6111,13.0,22730.0,2113.0
2644792,2644793,22.0,1071550,3,2,2,1,1.0,25.0,4.0,15.0,4.0,6111,13.0,22730.0,2113.0
2644793,2644794,52.0,1071551,1,2,0,1,1.0,48.0,1.0,-9.0,4.0,6214,14.0,22721.0,2113.0
2644794,2644795,23.0,1071551,2,2,2,1,1.0,10.0,1.0,15.0,4.0,6111,13.0,22721.0,2113.0
2644795,2644796,22.0,1071551,3,2,2,1,1.0,25.0,4.0,15.0,4.0,6111,13.0,22721.0,2113.0
2644796,2644797,45.0,1071552,1,2,0,1,1.0,35.0,1.0,-9.0,4.0,6242,14.0,22730.0,2113.0
2644797,2644798,21.0,1071552,2,2,3,1,1.0,38.0,1.0,15.0,4.0,623M,14.0,22730.0,2113.0
2644798,2644799,45.0,1071553,1,2,0,1,1.0,35.0,1.0,-9.0,4.0,6242,14.0,22724.0,2113.0
2644799,2644800,21.0,1071553,2,2,3,1,1.0,38.0,1.0,15.0,4.0,623M,14.0,22724.0,2113.0
2644800,2644801,45.0,1071554,1,2,0,1,1.0,35.0,1.0,-9.0,4.0,6242,14.0,22724.0,2113.0
2644801,2644802,21.0,1071554,2,2,3,1,1.0,38.0,1.0,15.0,4.0,623M,14.0,22724.0,2113.0
2644802,2644803,45.0,1071555,1,2,0,1,1.0,35.0,1.0,-9.0,4.0,6242,14.0,22728.0,2113.0
2644803,2644804,21.0,1071555,2,2,3,1,1.0,38.0,1.0,15.0,4.0,623M,14.0,22728.0,2113.0
2644804,2644805,46.0,1071556,1,2,0,1,6.0,-9.0,-9.0,-9.0,4.0,454110,5.0,22724.0,2113.0
2644805,2644806,53.0,1071556,2,1,1,2,6.0,-9.0,-9.0,-9.0,2.0,-9,0.0,22724.0,2113.0
2644806,2644807,18.0,1071556,3,2,2,1,1.0,40.0,1.0,15.0,4.0,6231,14.0,22724.0,2113.0
2644807,2644808,46.0,1071557,1,2,0,1,6.0,-9.0,-9.0,-9.0,4.0,454110,5.0,22724.0,2113.0
2644808,2644809,53.0,1071557,2,1,1,2,6.0,-9.0,-9.0,-9.0,2.0,-9,0.0,22724.0,2113.0
2644809,2644810,18.0,1071557,3,2,2,1,1.0,40.0,1.0,15.0,4.0,6231,14.0,22724.0,2113.0
2644810,2644811,46.0,1071558,1,2,0,1,6.0,-9.0,-9.0,-9.0,4.0,454110,5.0,22720.0,2113.0
2644811,2644812,53.0,1071558,2,1,1,2,6.0,-9.0,-9.0,-9.0,2.0,-9,0.0,22720.0,2113.0
2644812,2644813,18.0,1071558,3,2,2,1,1.0,40.0,1.0,15.0,4.0,6231,14.0,22720.0,2113.0
2644813,2644814,46.0,1071559,1,2,0,1,6.0,-9.0,-9.0,-9.0,4.0,454110,5.0,22726.0,2113.0
2644814,2644815,53.0,1071559,2,1,1,2,6.0,-9.0,-9.0,-9.0,2.0,-9,0.0,22726.0,2113.0
2644815,2644816,18.0,1071559,3,2,2,1,1.0,40.0,1.0,15.0,4.0,6231,14.0,22726.0,2113.0
2644816,2644817,46.0,1071560,1,2,0,1,6.0,-9.0,-9.0,-9.0,4.0,454110,5.0,22728.0,2113.0
2644817,2644818,53.0,1071560,2,1,1,2,6.0,-9.0,-9.0,-9.0,2.0,-9,0.0,22728.0,2113.0
2644818,2644819,18.0,1071560,3,2,2,1,1.0,40.0,1.0,15.0,4.0,6231,14.0,22728.0,2113.0
2644819,2644820,46.0,1071561,1,2,0,1,6.0,-9.0,-9.0,-9.0,4.0,454110,5.0,22725.0,2113.0
2644820,2644821,53.0,1071561,2,1,1,2,6.0,-9.0,-9.0,-9.0,2.0,-9,0.0,22725.0,2113.0
2644821,2644822,18.0,1071561,3,2,2,1,1.0,40.0,1.0,15.0,4.0,6231,14.0,22725.0,2113.0
2644822,2644823,46.0,1071562,1,2,0,1,6.0,-9.0,-9.0,-9.0,4.0,454110,5.0,22724.0,2113.0
2644823,2644824,53.0,1071562,2,1,1,2,6.0,-9.0,-9.0,-9.0,2.0,-9,0.0,22724.0,2113.0
2644824,2644825,18.0,1071562,3,2,2,1,1.0,40.0,1.0,15.0,4.0,6231,14.0,22724.0,2113.0
2644825,2644826,52.0,1071563,1,1,0,1,1.0,45.0,1.0,-9.0,4.0,4413,5.0,22724.0,2113.0
2644826,2644827,45.0,1071563,2,2,1,1,6.0,-9.0,-9.0,-9.0,4.0,-9,0.0,22724.0,2113.0
2644827,2644828,18.0,1071563,3,2,2,1,6.0,40.0,5.0,14.0,4.0,4413,5.0,22724.0,2113.0
2644828,2644829,15.0,1071563,4,2,2,1,-9.0,-9.0,-9.0,12.0,-9.0,-9,0.0,22724.0,2113.0
2644829,2644830,12.0,1071563,5,2,2,1,-9.0,-9.0,-9.0,9.0,-9.0,-9,0.0,22724.0,2113.0
2644830,2644831,10.0,1071563,6,1,2,1,-9.0,-9.0,-9.0,6.0,-9.0,-9,0.0,22724.0,2113.0
2644831,2644832,52.0,1071564,1,1,0,1,1.0,45.0,1.0,-9.0,4.0,4413,5.0,22724.0,2113.0
2644832,2644833,45.0,1071564,2,2,1,1,6.0,-9.0,-9.0,-9.0,4.0,-9,0.0,22724.0,2113.0
2644833,2644834,18.0,1071564,3,2,2,1,6.0,40.0,5.0,14.0,4.0,4413,5.0,22724.0,2113.0
2644834,2644835,15.0,1071564,4,2,2,1,-9.0,-9.0,-9.0,12.0,-9.0,-9,0.0,22724.0,2113.0
2644835,2644836,12.0,1071564,5,2,2,1,-9.0,-9.0,-9.0,9.0,-9.0,-9,0.0,22724.0,2113.0
2644836,2644837,10.0,1071564,6,1,2,1,-9.0,-9.0,-9.0,6.0,-9.0,-9,0.0,22724.0,2113.0
2644837,2644838,52.0,1071565,1,1,0,1,1.0,45.0,1.0,-9.0,4.0,4413,5.0,22720.0,2113.0
2644838,2644839,45.0,1071565,2,2,1,1,6.0,-9.0,-9.0,-9.0,4.0,-9,0.0,22720.0,2113.0
2644839,2644840,18.0,1071565,3,2,2,1,6.0,40.0,5.0,14.0,4.0,4413,5.0,22720.0,2113.0
2644840,2644841,15.0,1071565,4,2,2,1,-9.0,-9.0,-9.0,12.0,-9.0,-9,0.0,22720.0,2113.0
2644841,2644842,12.0,1071565,5,2,2,1,-9.0,-9.0,-9.0,9.0,-9.0,-9,0.0,22720.0,2113.0
2644842,2644843,10.0,1071565,6,1,2,1,-9.0,-9.0,-9.0,6.0,-9.0,-9,0.0,22720.0,2113.0
2644843,2644844,52.0,1071566,1,1,0,1,1.0,45.0,1.0,-9.0,4.0,4413,5.0,22724.0,2113.0
2644844,2644845,45.0,1071566,2,2,1,1,6.0,-9.0,-9.0,-9.0,4.0,-9,0.0,22724.0,2113.0
2644845,2644846,18.0,1071566,3,2,2,1,6.0,40.0,5.0,14.0,4.0,4413,5.0,22724.0,2113.0
2644846,2644847,15.0,1071566,4,2,2,1,-9.0,-9.0,-9.0,12.0,-9.0,-9,0.0,22724.0,2113.0
2644847,2644848,12.0,1071566,5,2,2,1,-9.0,-9.0,-9.0,9.0,-9.0,-9,0.0,22724.0,2113.0
2644848,2644849,10.0,1071566,6,1,2,1,-9.0,-9.0,-9.0,6.0,-9.0,-9,0.0,22724.0,2113.0
2644849,2644850,52.0,1071567,1,1,0,1,1.0,45.0,1.0,-9.0,4.0,4413,5.0,22724.0,2113.0
2644850,2644851,45.0,1071567,2,2,1,1,6.0,-9.0,-9.0,-9.0,4.0,-9,0.0,22724.0,2113.0
2644851,2644852,18.0,1071567,3,2,2,1,6.0,40.0,5.0,14.0,4.0,4413,5.0,22724.0,2113.0
2644852,2644853,15.0,1071567,4,2,2,1,-9.0,-9.0,-9.0,12.0,-9.0,-9,0.0,22724.0,2113.0
2644853,2644854,12.0,1071567,5,2,2,1,-9.0,-9.0,-9.0,9.0,-9.0,-9,0.0,22724.0,2113.0
2644854,2644855,10.0,1071567,6,1,2,1,-9.0,-9.0,-9.0,6.0,-9.0,-9,0.0,22724.0,2113.0
2644855,2644856,51.0,1071568,1,1,0,1,1.0,40.0,1.0,-9.0,4.0,44611,5.0,22724.0,2113.0
2644856,2644857,45.0,1071568,2,2,1,1,6.0,-9.0,-9.0,-9.0,4.0,-9,0.0,22724.0,2113.0
2644857,2644858,16.0,1071568,3,2,2,1,6.0,-9.0,-9.0,12.0,-9.0,-9,0.0,22724.0,2113.0
2644858,2644859,4.0,1071568,4,2,2,1,-9.0,-9.0,-9.0,1.0,-9.0,-9,0.0,22724.0,2113.0
2644859,2644860,20.0,1071568,5,1,5,1,1.0,25.0,6.0,15.0,4.0,44611,5.0,22724.0,2113.0
2644860,2644861,17.0,1071568,6,1,5,1,1.0,20.0,6.0,14.0,4.0,531M,9.0,22724.0,2113.0
2644861,2644862,51.0,1071569,1,1,0,1,1.0,40.0,1.0,-9.0,4.0,44611,5.0,22724.0,2113.0
2644862,2644863,45.0,1071569,2,2,1,1,6.0,-9.0,-9.0,-9.0,4.0,-9,0.0,22724.0,2113.0
2644863,2644864,16.0,1071569,3,2,2,1,6.0,-9.0,-9.0,12.0,-9.0,-9,0.0,22724.0,2113.0
2644864,2644865,4.0,1071569,4,2,2,1,-9.0,-9.0,-9.0,1.0,-9.0,-9,0.0,22724.0,2113.0
2644865,2644866,20.0,1071569,5,1,5,1,1.0,25.0,6.0,15.0,4.0,44611,5.0,22724.0,2113.0
2644866,2644867,17.0,1071569,6,1,5,1,1.0,20.0,6.0,14.0,4.0,531M,9.0,22724.0,2113.0
2644867,2644868,47.0,1071570,1,2,0,1,6.0,-9.0,-9.0,-9.0,4.0,-9,0.0,22724.0,2113.0
2644868,2644869,25.0,1071570,2,1,2,1,6.0,-9.0,-9.0,15.0,4.0,-9,0.0,22724.0,2113.0
2644869,2644870,18.0,1071570,3,1,2,1,6.0,-9.0,-9.0,14.0,4.0,-9,0.0,22724.0,2113.0
2644870,2644871,14.0,1071570,4,2,2,1,-9.0,-9.0,-9.0,11.0,-9.0,-9,0.0,22724.0,2113.0
2644871,2644872,12.0,1071570,5,2,3,1,-9.0,-9.0,-9.0,8.0,-9.0,-9,0.0,22724.0,2113.0
2644872,2644873,57.0,1071570,6,1,13,1,1.0,15.0,3.0,-9.0,4.0,9211MP,18.0,22724.0,2113.0
2644873,2644874,47.0,1071571,1,2,0,1,6.0,-9.0,-9.0,-9.0,4.0,-9,0.0,22730.0,2113.0
2644874,2644875,25.0,1071571,2,1,2,1,6.0,-9.0,-9.0,15.0,4.0,-9,0.0,22730.0,2113.0
2644875,2644876,18.0,1071571,3,1,2,1,6.0,-9.0,-9.0,14.0,4.0,-9,0.0,22730.0,2113.0
2644876,2644877,14.0,1071571,4,2,2,1,-9.0,-9.0,-9.0,11.0,-9.0,-9,0.0,22730.0,2113.0
2644877,2644878,12.0,1071571,5,2,3,1,-9.0,-9.0,-9.0,8.0,-9.0,-9,0.0,22730.0,2113.0
2644878,2644879,57.0,1071571,6,1,13,1,1.0,15.0,3.0,-9.0,4.0,9211MP,18.0,22730.0,2113.0
2644879,2644880,47.0,1071572,1,2,0,1,6.0,-9.0,-9.0,-9.0,4.0,-9,0.0,22723.0,2113.0
2644880,2644881,25.0,1071572,2,1,2,1,6.0,-9.0,-9.0,15.0,4.0,-9,0.0,22723.0,2113.0
2644881,2644882,18.0,1071572,3,1,2,1,6.0,-9.0,-9.0,14.0,4.0,-9,0.0,22723.0,2113.0
2644882,2644883,14.0,1071572,4,2,2,1,-9.0,-9.0,-9.0,11.0,-9.0,-9,0.0,22723.0,2113.0
2644883,2644884,12.0,1071572,5,2,3,1,-9.0,-9.0,-9.0,8.0,-9.0,-9,0.0,22723.0,2113.0
2644884,2644885,57.0,1071572,6,1,13,1,1.0,15.0,3.0,-9.0,4.0,9211MP,18.0,22723.0,2113.0
2644885,2644886,47.0,1071573,1,2,0,1,6.0,-9.0,-9.0,-9.0,4.0,-9,0.0,22724.0,2113.0
2644886,2644887,25.0,1071573,2,1,2,1,6.0,-9.0,-9.0,15.0,4.0,-9,0.0,22724.0,2113.0
2644887,2644888,18.0,1071573,3,1,2,1,6.0,-9.0,-9.0,14.0,4.0,-9,0.0,22724.0,2113.0
2644888,2644889,14.0,1071573,4,2,2,1,-9.0,-9.0,-9.0,11.0,-9.0,-9,0.0,22724.0,2113.0
2644889,2644890,12.0,1071573,5,2,3,1,-9.0,-9.0,-9.0,8.0,-9.0,-9,0.0,22724.0,2113.0
2644890,2644891,57.0,1071573,6,1,13,1,1.0,15.0,3.0,-9.0,4.0,9211MP,18.0,22724.0,2113.0
2644891,2644892,47.0,1071574,1,2,0,1,6.0,-9.0,-9.0,-9.0,4.0,-9,0.0,22724.0,2113.0
2644892,2644893,25.0,1071574,2,1,2,1,6.0,-9.0,-9.0,15.0,4.0,-9,0.0,22724.0,2113.0
2644893,2644894,18.0,1071574,3,1,2,1,6.0,-9.0,-9.0,14.0,4.0,-9,0.0,22724.0,2113.0
2644894,2644895,14.0,1071574,4,2,2,1,-9.0,-9.0,-9.0,11.0,-9.0,-9,0.0,22724.0,2113.0
2644895,2644896,12.0,1071574,5,2,3,1,-9.0,-9.0,-9.0,8.0,-9.0,-9,0.0,22724.0,2113.0
2644896,2644897,57.0,1071574,6,1,13,1,1.0,15.0,3.0,-9.0,4.0,9211MP,18.0,22724.0,2113.0
2644897,2644898,47.0,1071575,1,2,0,1,6.0,-9.0,-9.0,-9.0,4.0,-9,0.0,22724.0,2113.0
2644898,2644899,25.0,1071575,2,1,2,1,6.0,-9.0,-9.0,15.0,4.0,-9,0.0,22724.0,2113.0
2644899,2644900,18.0,1071575,3,1,2,1,6.0,-9.0,-9.0,14.0,4.0,-9,0.0,22724.0,2113.0
2644900,2644901,14.0,1071575,4,2,2,1,-9.0,-9.0,-9.0,11.0,-9.0,-9,0.0,22724.0,2113.0
2644901,2644902,12.0,1071575,5,2,3,1,-9.0,-9.0,-9.0,8.0,-9.0,-9,0.0,22724.0,2113.0
2644902,2644903,57.0,1071575,6,1,13,1,1.0,15.0,3.0,-9.0,4.0,9211MP,18.0,22724.0,2113.0
2644903,2644904,47.0,1071576,1,2,0,1,6.0,-9.0,-9.0,-9.0,4.0,-9,0.0,22724.0,2113.0
2644904,2644905,25.0,1071576,2,1,2,1,6.0,-9.0,-9.0,15.0,4.0,-9,0.0,22724.0,2113.0
2644905,2644906,18.0,1071576,3,1,2,1,6.0,-9.0,-9.0,14.0,4.0,-9,0.0,22724.0,2113.0
2644906,2644907,14.0,1071576,4,2,2,1,-9.0,-9.0,-9.0,11.0,-9.0,-9,0.0,22724.0,2113.0
2644907,2644908,12.0,1071576,5,2,3,1,-9.0,-9.0,-9.0,8.0,-9.0,-9,0.0,22724.0,2113.0
2644908,2644909,57.0,1071576,6,1,13,1,1.0,15.0,3.0,-9.0,4.0,9211MP,18.0,22724.0,2113.0
2644909,2644910,47.0,1071577,1,2,0,1,6.0,-9.0,-9.0,-9.0,4.0,-9,0.0,22721.0,2113.0
2644910,2644911,25.0,1071577,2,1,2,1,6.0,-9.0,-9.0,15.0,4.0,-9,0.0,22721.0,2113.0
2644911,2644912,18.0,1071577,3,1,2,1,6.0,-9.0,-9.0,14.0,4.0,-9,0.0,22721.0,2113.0
2644912,2644913,14.0,1071577,4,2,2,1,-9.0,-9.0,-9.0,11.0,-9.0,-9,0.0,22721.0,2113.0
2644913,2644914,12.0,1071577,5,2,3,1,-9.0,-9.0,-9.0,8.0,-9.0,-9,0.0,22721.0,2113.0
2644914,2644915,57.0,1071577,6,1,13,1,1.0,15.0,3.0,-9.0,4.0,9211MP,18.0,22721.0,2113.0
2644915,2644916,47.0,1071578,1,2,0,1,6.0,-9.0,-9.0,-9.0,4.0,-9,0.0,22724.0,2113.0
2644916,2644917,25.0,1071578,2,1,2,1,6.0,-9.0,-9.0,15.0,4.0,-9,0.0,22724.0,2113.0
2644917,2644918,18.0,1071578,3,1,2,1,6.0,-9.0,-9.0,14.0,4.0,-9,0.0,22724.0,2113.0
2644918,2644919,14.0,1071578,4,2,2,1,-9.0,-9.0,-9.0,11.0,-9.0,-9,0.0,22724.0,2113.0
2644919,2644920,12.0,1071578,5,2,3,1,-9.0,-9.0,-9.0,8.0,-9.0,-9,0.0,22724.0,2113.0
2644920,2644921,57.0,1071578,6,1,13,1,1.0,15.0,3.0,-9.0,4.0,9211MP,18.0,22724.0,2113.0
2644921,2644922,47.0,1071579,1,2,0,1,6.0,-9.0,-9.0,-9.0,4.0,-9,0.0,22724.0,2113.0
2644922,2644923,25.0,1071579,2,1,2,1,6.0,-9.0,-9.0,15.0,4.0,-9,0.0,22724.0,2113.0
2644923,2644924,18.0,1071579,3,1,2,1,6.0,-9.0,-9.0,14.0,4.0,-9,0.0,22724.0,2113.0
2644924,2644925,14.0,1071579,4,2,2,1,-9.0,-9.0,-9.0,11.0,-9.0,-9,0.0,22724.0,2113.0
2644925,2644926,12.0,1071579,5,2,3,1,-9.0,-9.0,-9.0,8.0,-9.0,-9,0.0,22724.0,2113.0
2644926,2644927,57.0,1071579,6,1,13,1,1.0,15.0,3.0,-9.0,4.0,9211MP,18.0,22724.0,2113.0
2644927,2644928,47.0,1071580,1,2,0,1,6.0,-9.0,-9.0,-9.0,4.0,-9,0.0,22725.0,2113.0
2644928,2644929,25.0,1071580,2,1,2,1,6.0,-9.0,-9.0,15.0,4.0,-9,0.0,22725.0,2113.0
2644929,2644930,18.0,1071580,3,1,2,1,6.0,-9.0,-9.0,14.0,4.0,-9,0.0,22725.0,2113.0
2644930,2644931,14.0,1071580,4,2,2,1,-9.0,-9.0,-9.0,11.0,-9.0,-9,0.0,22725.0,2113.0
2644931,2644932,12.0,1071580,5,2,3,1,-9.0,-9.0,-9.0,8.0,-9.0,-9,0.0,22725.0,2113.0
2644932,2644933,57.0,1071580,6,1,13,1,1.0,15.0,3.0,-9.0,4.0,9211MP,18.0,22725.0,2113.0
2644933,2644934,47.0,1071581,1,2,0,1,6.0,-9.0,-9.0,-9.0,4.0,-9,0.0,22721.0,2113.0
2644934,2644935,25.0,1071581,2,1,2,1,6.0,-9.0,-9.0,15.0,4.0,-9,0.0,22721.0,2113.0
2644935,2644936,18.0,1071581,3,1,2,1,6.0,-9.0,-9.0,14.0,4.0,-9,0.0,22721.0,2113.0
2644936,2644937,14.0,1071581,4,2,2,1,-9.0,-9.0,-9.0,11.0,-9.0,-9,0.0,22721.0,2113.0
2644937,2644938,12.0,1071581,5,2,3,1,-9.0,-9.0,-9.0,8.0,-9.0,-9,0.0,22721.0,2113.0
2644938,2644939,57.0,1071581,6,1,13,1,1.0,15.0,3.0,-9.0,4.0,9211MP,18.0,22721.0,2113.0
2644939,2644940,40.0,1071582,1,1,0,3,1.0,50.0,1.0,-9.0,4.0,4412,5.0,22730.0,2113.0
2644940,2644941,40.0,1071583,1,1,0,3,1.0,50.0,1.0,-9.0,4.0,4412,5.0,22724.0,2113.0
2644941,2644942,40.0,1071584,1,1,0,3,1.0,50.0,1.0,-9.0,4.0,4412,5.0,22724.0,2113.0
2644942,2644943,40.0,1071585,1,1,0,3,1.0,50.0,1.0,-9.0,4.0,4412,5.0,22722.0,2113.0
2644943,2644944,40.0,1071586,1,1,0,3,1.0,50.0,1.0,-9.0,4.0,4412,5.0,22724.0,2113.0
2644944,2644945,40.0,1071587,1,1,0,3,1.0,50.0,1.0,-9.0,4.0,4412,5.0,22724.0,2113.0
2644945,2644946,40.0,1071588,1,1,0,3,1.0,50.0,1.0,-9.0,4.0,4412,5.0,22724.0,2113.0
2644946,2644947,40.0,1071589,1,1,0,3,1.0,50.0,1.0,-9.0,4.0,4412,5.0,22722.0,2113.0
2644947,2644948,40.0,1071590,1,1,0,3,1.0,50.0,1.0,-9.0,4.0,4412,5.0,22726.0,2113.0
2644948,2644949,40.0,1071591,1,1,0,3,1.0,50.0,1.0,-9.0,4.0,4412,5.0,22728.0,2113.0
2644949,2644950,40.0,1071592,1,1,0,3,1.0,50.0,1.0,-9.0,4.0,4412,5.0,22728.0,2113.0
2644950,2644951,40.0,1071593,1,1,0,3,1.0,50.0,1.0,-9.0,4.0,4412,5.0,22722.0,2113.0
2644951,2644952,40.0,1071594,1,1,0,3,1.0,50.0,1.0,-9.0,4.0,4412,5.0,22724.0,2113.0
2644952,2644953,28.0,1071595,1,2,0,4,2.0,40.0,1.0,15.0,4.0,92MP,18.0,22724.0,2113.0
2644953,2644954,46.0,1071595,2,2,12,2,1.0,40.0,1.0,-9.0,4.0,92MP,18.0,22724.0,2113.0
2644954,2644955,28.0,1071596,1,2,0,4,2.0,40.0,1.0,15.0,4.0,92MP,18.0,22724.0,2113.0
2644955,2644956,46.0,1071596,2,2,12,2,1.0,40.0,1.0,-9.0,4.0,92MP,18.0,22724.0,2113.0
2644956,2644957,28.0,1071597,1,2,0,4,2.0,40.0,1.0,15.0,4.0,92MP,18.0,22730.0,2113.0
2644957,2644958,46.0,1071597,2,2,12,2,1.0,40.0,1.0,-9.0,4.0,92MP,18.0,22730.0,2113.0
2644958,2644959,28.0,1071598,1,2,0,4,2.0,40.0,1.0,15.0,4.0,92MP,18.0,22724.0,2113.0
2644959,2644960,46.0,1071598,2,2,12,2,1.0,40.0,1.0,-9.0,4.0,92MP,18.0,22724.0,2113.0
2644960,2644961,28.0,1071599,1,2,0,4,2.0,40.0,1.0,15.0,4.0,92MP,18.0,22724.0,2113.0
2644961,2644962,46.0,1071599,2,2,12,2,1.0,40.0,1.0,-9.0,4.0,92MP,18.0,22724.0,2113.0
2644962,2644963,28.0,1071600,1,2,0,4,2.0,40.0,1.0,15.0,4.0,92MP,18.0,22724.0,2113.0
2644963,2644964,46.0,1071600,2,2,12,2,1.0,40.0,1.0,-9.0,4.0,92MP,18.0,22724.0,2113.0
2644964,2644965,28.0,1071601,1,2,0,4,2.0,40.0,1.0,15.0,4.0,92MP,18.0,22724.0,2113.0
2644965,2644966,46.0,1071601,2,2,12,2,1.0,40.0,1.0,-9.0,4.0,92MP,18.0,22724.0,2113.0
2644966,2644967,28.0,1071602,1,2,0,4,2.0,40.0,1.0,15.0,4.0,92MP,18.0,22724.0,2113.0
2644967,2644968,46.0,1071602,2,2,12,2,1.0,40.0,1.0,-9.0,4.0,92MP,18.0,22724.0,2113.0
2644968,2644969,28.0,1071603,1,2,0,4,2.0,40.0,1.0,15.0,4.0,92MP,18.0,22724.0,2113.0
2644969,2644970,46.0,1071603,2,2,12,2,1.0,40.0,1.0,-9.0,4.0,92MP,18.0,22724.0,2113.0
2644970,2644971,28.0,1071604,1,2,0,4,2.0,40.0,1.0,15.0,4.0,92MP,18.0,22724.0,2113.0
2644971,2644972,46.0,1071604,2,2,12,2,1.0,40.0,1.0,-9.0,4.0,92MP,18.0,22724.0,2113.0
2644972,2644973,28.0,1071605,1,2,0,4,2.0,40.0,1.0,15.0,4.0,92MP,18.0,22721.0,2113.0
2644973,2644974,46.0,1071605,2,2,12,2,1.0,40.0,1.0,-9.0,4.0,92MP,18.0,22721.0,2113.0
2644974,2644975,28.0,1071606,1,2,0,4,2.0,40.0,1.0,15.0,4.0,92MP,18.0,22724.0,2113.0
2644975,2644976,46.0,1071606,2,2,12,2,1.0,40.0,1.0,-9.0,4.0,92MP,18.0,22724.0,2113.0
2644976,2644977,28.0,1071607,1,2,0,4,2.0,40.0,1.0,15.0,4.0,92MP,18.0,22724.0,2113.0
2644977,2644978,46.0,1071607,2,2,12,2,1.0,40.0,1.0,-9.0,4.0,92MP,18.0,22724.0,2113.0
2644978,2644979,28.0,1071608,1,2,0,4,2.0,40.0,1.0,15.0,4.0,92MP,18.0,22724.0,2113.0
2644979,2644980,46.0,1071608,2,2,12,2,1.0,40.0,1.0,-9.0,4.0,92MP,18.0,22724.0,2113.0
2644980,2644981,28.0,1071609,1,2,0,4,2.0,40.0,1.0,15.0,4.0,92MP,18.0,22730.0,2113.0
2644981,2644982,46.0,1071609,2,2,12,2,1.0,40.0,1.0,-9.0,4.0,92MP,18.0,22730.0,2113.0
2644982,2644983,28.0,1071610,1,2,0,4,2.0,40.0,1.0,15.0,4.0,92MP,18.0,22724.0,2113.0
2644983,2644984,46.0,1071610,2,2,12,2,1.0,40.0,1.0,-9.0,4.0,92MP,18.0,22724.0,2113.0
2644984,2644985,28.0,1071611,1,2,0,4,2.0,40.0,1.0,15.0,4.0,92MP,18.0,22724.0,2113.0
2644985,2644986,46.0,1071611,2,2,12,2,1.0,40.0,1.0,-9.0,4.0,92MP,18.0,22724.0,2113.0
2644986,2644987,28.0,1071612,1,2,0,4,2.0,40.0,1.0,15.0,4.0,92MP,18.0,22724.0,2113.0
2644987,2644988,46.0,1071612,2,2,12,2,1.0,40.0,1.0,-9.0,4.0,92MP,18.0,22724.0,2113.0
2644988,2644989,28.0,1071613,1,2,0,4,2.0,40.0,1.0,15.0,4.0,92MP,18.0,22724.0,2113.0
2644989,2644990,46.0,1071613,2,2,12,2,1.0,40.0,1.0,-9.0,4.0,92MP,18.0,22724.0,2113.0
2644990,2644991,28.0,1071614,1,2,0,4,2.0,40.0,1.0,15.0,4.0,92MP,18.0,22724.0,2113.0
2644991,2644992,46.0,1071614,2,2,12,2,1.0,40.0,1.0,-9.0,4.0,92MP,18.0,22724.0,2113.0
2644992,2644993,28.0,1071615,1,2,0,4,2.0,40.0,1.0,15.0,4.0,92MP,18.0,22720.0,2113.0
2644993,2644994,46.0,1071615,2,2,12,2,1.0,40.0,1.0,-9.0,4.0,92MP,18.0,22720.0,2113.0
2644994,2644995,28.0,1071616,1,2,0,4,2.0,40.0,1.0,15.0,4.0,92MP,18.0,22724.0,2113.0
2644995,2644996,46.0,1071616,2,2,12,2,1.0,40.0,1.0,-9.0,4.0,92MP,18.0,22724.0,2113.0
2644996,2644997,28.0,1071617,1,2,0,4,2.0,40.0,1.0,15.0,4.0,92MP,18.0,22728.0,2113.0
2644997,2644998,46.0,1071617,2,2,12,2,1.0,40.0,1.0,-9.0,4.0,92MP,18.0,22728.0,2113.0
2644998,2644999,28.0,1071618,1,2,0,4,2.0,40.0,1.0,15.0,4.0,92MP,18.0,22722.0,2113.0
2644999,2645000,46.0,1071618,2,2,12,2,1.0,40.0,1.0,-9.0,4.0,92MP,18.0,22722.0,2113.0
2645000,2645001,28.0,1071619,1,2,0,4,2.0,40.0,1.0,15.0,4.0,92MP,18.0,22728.0,2113.0
2645001,2645002,46.0,1071619,2,2,12,2,1.0,40.0,1.0,-9.0,4.0,92MP,18.0,22728.0,2113.0
2645002,2645003,28.0,1071620,1,2,0,4,2.0,40.0,1.0,15.0,4.0,92MP,18.0,22724.0,2113.0
2645003,2645004,46.0,1071620,2,2,12,2,1.0,40.0,1.0,-9.0,4.0,92MP,18.0,22724.0,2113.0
2645004,2645005,28.0,1071621,1,2,0,4,2.0,40.0,1.0,15.0,4.0,92MP,18.0,22724.0,2113.0
2645005,2645006,46.0,1071621,2,2,12,2,1.0,40.0,1.0,-9.0,4.0,92MP,18.0,22724.0,2113.0
2645006,2645007,28.0,1071622,1,2,0,4,2.0,40.0,1.0,15.0,4.0,92MP,18.0,22724.0,2113.0
2645007,2645008,46.0,1071622,2,2,12,2,1.0,40.0,1.0,-9.0,4.0,92MP,18.0,22724.0,2113.0
2645008,2645009,28.0,1071623,1,1,0,4,1.0,40.0,1.0,-9.0,4.0,5617Z,12.0,22724.0,2113.0
2645009,2645010,25.0,1071623,2,2,13,2,1.0,40.0,1.0,-9.0,4.0,484,6.0,22724.0,2113.0
2645010,2645011,28.0,1071624,1,1,0,4,1.0,40.0,1.0,-9.0,4.0,5617Z,12.0,22722.0,2113.0
2645011,2645012,25.0,1071624,2,2,13,2,1.0,40.0,1.0,-9.0,4.0,484,6.0,22722.0,2113.0
2645012,2645013,28.0,1071625,1,1,0,4,1.0,40.0,1.0,-9.0,4.0,5617Z,12.0,22724.0,2113.0
2645013,2645014,25.0,1071625,2,2,13,2,1.0,40.0,1.0,-9.0,4.0,484,6.0,22724.0,2113.0
2645014,2645015,28.0,1071626,1,1,0,4,1.0,40.0,1.0,-9.0,4.0,5617Z,12.0,22724.0,2113.0
2645015,2645016,25.0,1071626,2,2,13,2,1.0,40.0,1.0,-9.0,4.0,484,6.0,22724.0,2113.0
2645016,2645017,28.0,1071627,1,1,0,4,1.0,40.0,1.0,-9.0,4.0,5617Z,12.0,22726.0,2113.0
2645017,2645018,25.0,1071627,2,2,13,2,1.0,40.0,1.0,-9.0,4.0,484,6.0,22726.0,2113.0
2645018,2645019,28.0,1071628,1,1,0,4,1.0,40.0,1.0,-9.0,4.0,5617Z,12.0,22724.0,2113.0
2645019,2645020,25.0,1071628,2,2,13,2,1.0,40.0,1.0,-9.0,4.0,484,6.0,22724.0,2113.0
2645020,2645021,28.0,1071629,1,1,0,4,1.0,40.0,1.0,-9.0,4.0,5617Z,12.0,22724.0,2113.0
2645021,2645022,25.0,1071629,2,2,13,2,1.0,40.0,1.0,-9.0,4.0,484,6.0,22724.0,2113.0
2645022,2645023,28.0,1071630,1,1,0,4,1.0,40.0,1.0,-9.0,4.0,5617Z,12.0,22724.0,2113.0
2645023,2645024,25.0,1071630,2,2,13,2,1.0,40.0,1.0,-9.0,4.0,484,6.0,22724.0,2113.0
2645024,2645025,28.0,1071631,1,1,0,4,1.0,40.0,1.0,-9.0,4.0,5617Z,12.0,22728.0,2113.0
2645025,2645026,25.0,1071631,2,2,13,2,1.0,40.0,1.0,-9.0,4.0,484,6.0,22728.0,2113.0
2645026,2645027,28.0,1071632,1,1,0,4,1.0,40.0,1.0,-9.0,4.0,5617Z,12.0,22724.0,2113.0
2645027,2645028,25.0,1071632,2,2,13,2,1.0,40.0,1.0,-9.0,4.0,484,6.0,22724.0,2113.0
2645028,2645029,28.0,1071633,1,1,0,4,1.0,40.0,1.0,-9.0,4.0,5617Z,12.0,22725.0,2113.0
2645029,2645030,25.0,1071633,2,2,13,2,1.0,40.0,1.0,-9.0,4.0,484,6.0,22725.0,2113.0
2645030,2645031,28.0,1071634,1,1,0,4,1.0,40.0,1.0,-9.0,4.0,5617Z,12.0,22724.0,2113.0
2645031,2645032,25.0,1071634,2,2,13,2,1.0,40.0,1.0,-9.0,4.0,484,6.0,22724.0,2113.0
2645032,2645033,28.0,1071635,1,1,0,4,1.0,40.0,1.0,-9.0,4.0,5617Z,12.0,22724.0,2113.0
2645033,2645034,25.0,1071635,2,2,13,2,1.0,40.0,1.0,-9.0,4.0,484,6.0,22724.0,2113.0
2645034,2645035,28.0,1071636,1,1,0,4,1.0,40.0,1.0,-9.0,4.0,5617Z,12.0,22724.0,2113.0
2645035,2645036,25.0,1071636,2,2,13,2,1.0,40.0,1.0,-9.0,4.0,484,6.0,22724.0,2113.0
2645036,2645037,28.0,1071637,1,1,0,4,1.0,40.0,1.0,-9.0,4.0,5617Z,12.0,22724.0,2113.0
2645037,2645038,25.0,1071637,2,2,13,2,1.0,40.0,1.0,-9.0,4.0,484,6.0,22724.0,2113.0
2645038,2645039,28.0,1071638,1,1,0,4,1.0,40.0,1.0,-9.0,4.0,5617Z,12.0,22724.0,2113.0
2645039,2645040,25.0,1071638,2,2,13,2,1.0,40.0,1.0,-9.0,4.0,484,6.0,22724.0,2113.0
2645040,2645041,28.0,1071639,1,1,0,4,1.0,40.0,1.0,-9.0,4.0,5617Z,12.0,22724.0,2113.0
2645041,2645042,25.0,1071639,2,2,13,2,1.0,40.0,1.0,-9.0,4.0,484,6.0,22724.0,2113.0
2645042,2645043,38.0,1071640,1,2,0,4,1.0,70.0,4.0,-9.0,4.0,522M,9.0,22724.0,2113.0
2645043,2645044,38.0,1071641,1,2,0,4,1.0,70.0,4.0,-9.0,4.0,522M,9.0,22726.0,2113.0
2645044,2645045,38.0,1071642,1,2,0,4,1.0,70.0,4.0,-9.0,4.0,522M,9.0,22724.0,2113.0
2645045,2645046,38.0,1071643,1,2,0,4,1.0,70.0,4.0,-9.0,4.0,522M,9.0,22724.0,2113.0
2645046,2645047,38.0,1071644,1,2,0,4,1.0,70.0,4.0,-9.0,4.0,522M,9.0,22725.0,2113.0
2645047,2645048,38.0,1071645,1,2,0,4,1.0,70.0,4.0,-9.0,4.0,522M,9.0,22720.0,2113.0
2645048,2645049,38.0,1071646,1,2,0,4,1.0,70.0,4.0,-9.0,4.0,522M,9.0,22724.0,2113.0
2645049,2645050,38.0,1071647,1,2,0,4,1.0,70.0,4.0,-9.0,4.0,522M,9.0,22726.0,2113.0
2645050,2645051,38.0,1071648,1,2,0,4,1.0,70.0,4.0,-9.0,4.0,522M,9.0,22724.0,2113.0
2645051,2645052,38.0,1071649,1,2,0,4,1.0,70.0,4.0,-9.0,4.0,522M,9.0,22728.0,2113.0
2645052,2645053,38.0,1071650,1,2,0,4,1.0,70.0,4.0,-9.0,4.0,522M,9.0,22724.0,2113.0
2645053,2645054,38.0,1071651,1,2,0,4,1.0,70.0,4.0,-9.0,4.0,522M,9.0,22726.0,2113.0
2645054,2645055,38.0,1071652,1,2,0,4,1.0,70.0,4.0,-9.0,4.0,522M,9.0,22724.0,2113.0
2645055,2645056,38.0,1071653,1,2,0,4,1.0,70.0,4.0,-9.0,4.0,522M,9.0,22726.0,2113.0
2645056,2645057,38.0,1071654,1,2,0,4,1.0,70.0,4.0,-9.0,4.0,522M,9.0,22724.0,2113.0
2645057,2645058,38.0,1071655,1,2,0,4,1.0,70.0,4.0,-9.0,4.0,522M,9.0,22726.0,2113.0
2645058,2645059,26.0,1071656,1,2,0,3,1.0,60.0,1.0,15.0,4.0,5415,10.0,22724.0,2113.0
2645059,2645060,5.0,1071656,2,2,2,2,-9.0,-9.0,-9.0,1.0,-9.0,-9,0.0,22724.0,2113.0
2645060,2645061,26.0,1071657,1,2,0,3,1.0,60.0,1.0,15.0,4.0,5415,10.0,22725.0,2113.0
2645061,2645062,5.0,1071657,2,2,2,2,-9.0,-9.0,-9.0,1.0,-9.0,-9,0.0,22725.0,2113.0
2645062,2645063,39.0,1071658,1,2,0,2,1.0,50.0,1.0,-9.0,4.0,515,8.0,22724.0,2113.0
2645063,2645064,18.0,1071658,2,2,2,4,1.0,28.0,1.0,14.0,4.0,722Z,16.0,22724.0,2113.0
2645064,2645065,30.0,1071659,1,1,0,2,1.0,60.0,1.0,-9.0,4.0,8131,17.0,22722.0,2113.0
2645065,2645066,30.0,1071660,1,1,0,2,1.0,60.0,1.0,-9.0,4.0,8131,17.0,22728.0,2113.0
2645066,2645067,30.0,1071661,1,1,0,2,1.0,60.0,1.0,-9.0,4.0,8131,17.0,22724.0,2113.0
2645067,2645068,30.0,1071662,1,1,0,2,1.0,60.0,1.0,-9.0,4.0,8131,17.0,22720.0,2113.0
2645068,2645069,30.0,1071663,1,1,0,2,1.0,60.0,1.0,-9.0,4.0,8131,17.0,22724.0,2113.0
2645069,2645070,30.0,1071664,1,1,0,2,1.0,60.0,1.0,-9.0,4.0,8131,17.0,22724.0,2113.0
2645070,2645071,30.0,1071665,1,1,0,2,1.0,60.0,1.0,-9.0,4.0,8131,17.0,22724.0,2113.0
2645071,2645072,30.0,1071666,1,1,0,2,1.0,60.0,1.0,-9.0,4.0,8131,17.0,22724.0,2113.0
2645072,2645073,30.0,1071667,1,1,0,2,1.0,60.0,1.0,-9.0,4.0,8131,17.0,22724.0,2113.0
2645073,2645074,30.0,1071668,1,1,0,2,1.0,60.0,1.0,-9.0,4.0,8131,17.0,22722.0,2113.0
2645074,2645075,30.0,1071669,1,1,0,2,1.0,60.0,1.0,-9.0,4.0,8131,17.0,22724.0,2113.0
2645075,2645076,30.0,1071670,1,1,0,2,1.0,60.0,1.0,-9.0,4.0,8131,17.0,22730.0,2113.0
2645076,2645077,30.0,1071671,1,1,0,2,1.0,60.0,1.0,-9.0,4.0,8131,17.0,22724.0,2113.0
2645077,2645078,30.0,1071672,1,1,0,2,1.0,60.0,1.0,-9.0,4.0,8131,17.0,22728.0,2113.0
2645078,2645079,30.0,1071673,1,1,0,2,1.0,60.0,1.0,-9.0,4.0,8131,17.0,22724.0,2113.0
2645079,2645080,30.0,1071674,1,1,0,2,1.0,60.0,1.0,-9.0,4.0,8131,17.0,22721.0,2113.0
2645080,2645081,30.0,1071675,1,1,0,2,1.0,60.0,1.0,-9.0,4.0,8131,17.0,22724.0,2113.0
2645081,2645082,30.0,1071676,1,1,0,2,1.0,60.0,1.0,-9.0,4.0,8131,17.0,22724.0,2113.0
2645082,2645083,30.0,1071677,1,1,0,2,1.0,60.0,1.0,-9.0,4.0,8131,17.0,22726.0,2113.0
2645083,2645084,30.0,1071678,1,1,0,2,1.0,60.0,1.0,-9.0,4.0,8131,17.0,22721.0,2113.0
2645084,2645085,30.0,1071679,1,1,0,2,1.0,60.0,1.0,-9.0,4.0,8131,17.0,22724.0,2113.0
2645085,2645086,30.0,1071680,1,1,0,2,1.0,60.0,1.0,-9.0,4.0,8131,17.0,22724.0,2113.0
2645086,2645087,30.0,1071681,1,1,0,2,1.0,60.0,1.0,-9.0,4.0,8131,17.0,22724.0,2113.0
2645087,2645088,30.0,1071682,1,1,0,2,1.0,60.0,1.0,-9.0,4.0,8131,17.0,22724.0,2113.0
2645088,2645089,30.0,1071683,1,1,0,2,1.0,60.0,1.0,-9.0,4.0,8131,17.0,22724.0,2113.0
2645089,2645090,30.0,1071684,1,1,0,2,1.0,60.0,1.0,-9.0,4.0,8131,17.0,22724.0,2113.0
2645090,2645091,27.0,1071685,1,1,0,2,1.0,40.0,1.0,-9.0,4.0,311M2,3.0,22724.0,2113.0
2645091,2645092,24.0,1071685,2,1,12,2,1.0,45.0,1.0,15.0,4.0,3118Z,3.0,22724.0,2113.0
2645092,2645093,27.0,1071686,1,1,0,2,1.0,40.0,1.0,-9.0,4.0,311M2,3.0,22724.0,2113.0
2645093,2645094,24.0,1071686,2,1,12,2,1.0,45.0,1.0,15.0,4.0,3118Z,3.0,22724.0,2113.0
2645094,2645095,27.0,1071687,1,1,0,2,1.0,40.0,1.0,-9.0,4.0,311M2,3.0,22724.0,2113.0
2645095,2645096,24.0,1071687,2,1,12,2,1.0,45.0,1.0,15.0,4.0,3118Z,3.0,22724.0,2113.0
2645096,2645097,27.0,1071688,1,1,0,2,1.0,40.0,1.0,-9.0,4.0,311M2,3.0,22721.0,2113.0
2645097,2645098,24.0,1071688,2,1,12,2,1.0,45.0,1.0,15.0,4.0,3118Z,3.0,22721.0,2113.0
2645098,2645099,27.0,1071689,1,1,0,2,1.0,40.0,1.0,-9.0,4.0,311M2,3.0,22720.0,2113.0
2645099,2645100,24.0,1071689,2,1,12,2,1.0,45.0,1.0,15.0,4.0,3118Z,3.0,22720.0,2113.0
2645100,2645101,27.0,1071690,1,1,0,2,1.0,40.0,1.0,-9.0,4.0,311M2,3.0,22724.0,2113.0
2645101,2645102,24.0,1071690,2,1,12,2,1.0,45.0,1.0,15.0,4.0,3118Z,3.0,22724.0,2113.0
2645102,2645103,27.0,1071691,1,1,0,2,1.0,40.0,1.0,-9.0,4.0,311M2,3.0,22724.0,2113.0
2645103,2645104,24.0,1071691,2,1,12,2,1.0,45.0,1.0,15.0,4.0,3118Z,3.0,22724.0,2113.0
2645104,2645105,27.0,1071692,1,1,0,2,1.0,40.0,1.0,-9.0,4.0,311M2,3.0,22724.0,2113.0
2645105,2645106,24.0,1071692,2,1,12,2,1.0,45.0,1.0,15.0,4.0,3118Z,3.0,22724.0,2113.0
2645106,2645107,27.0,1071693,1,1,0,2,1.0,40.0,1.0,-9.0,4.0,311M2,3.0,22724.0,2113.0
2645107,2645108,24.0,1071693,2,1,12,2,1.0,45.0,1.0,15.0,4.0,3118Z,3.0,22724.0,2113.0
2645108,2645109,27.0,1071694,1,1,0,2,1.0,40.0,1.0,-9.0,4.0,311M2,3.0,22724.0,2113.0
2645109,2645110,24.0,1071694,2,1,12,2,1.0,45.0,1.0,15.0,4.0,3118Z,3.0,22724.0,2113.0
2645110,2645111,27.0,1071695,1,1,0,2,1.0,40.0,1.0,-9.0,4.0,311M2,3.0,22724.0,2113.0
2645111,2645112,24.0,1071695,2,1,12,2,1.0,45.0,1.0,15.0,4.0,3118Z,3.0,22724.0,2113.0
2645112,2645113,27.0,1071696,1,1,0,2,1.0,40.0,1.0,-9.0,4.0,311M2,3.0,22728.0,2113.0
2645113,2645114,24.0,1071696,2,1,12,2,1.0,45.0,1.0,15.0,4.0,3118Z,3.0,22728.0,2113.0
2645114,2645115,27.0,1071697,1,1,0,2,1.0,40.0,1.0,-9.0,4.0,311M2,3.0,22724.0,2113.0
2645115,2645116,24.0,1071697,2,1,12,2,1.0,45.0,1.0,15.0,4.0,3118Z,3.0,22724.0,2113.0
2645116,2645117,27.0,1071698,1,1,0,2,1.0,40.0,1.0,-9.0,4.0,311M2,3.0,22724.0,2113.0
2645117,2645118,24.0,1071698,2,1,12,2,1.0,45.0,1.0,15.0,4.0,3118Z,3.0,22724.0,2113.0
2645118,2645119,27.0,1071699,1,1,0,2,1.0,40.0,1.0,-9.0,4.0,311M2,3.0,22728.0,2113.0
2645119,2645120,24.0,1071699,2,1,12,2,1.0,45.0,1.0,15.0,4.0,3118Z,3.0,22728.0,2113.0
2645120,2645121,27.0,1071700,1,1,0,2,1.0,40.0,1.0,-9.0,4.0,311M2,3.0,22724.0,2113.0
2645121,2645122,24.0,1071700,2,1,12,2,1.0,45.0,1.0,15.0,4.0,3118Z,3.0,22724.0,2113.0
2645122,2645123,27.0,1071701,1,1,0,2,1.0,40.0,1.0,-9.0,4.0,311M2,3.0,22724.0,2113.0
2645123,2645124,24.0,1071701,2,1,12,2,1.0,45.0,1.0,15.0,4.0,3118Z,3.0,22724.0,2113.0
2645124,2645125,27.0,1071702,1,1,0,2,1.0,40.0,1.0,-9.0,4.0,311M2,3.0,22724.0,2113.0
2645125,2645126,24.0,1071702,2,1,12,2,1.0,45.0,1.0,15.0,4.0,3118Z,3.0,22724.0,2113.0
2645126,2645127,27.0,1071703,1,1,0,2,1.0,40.0,1.0,-9.0,4.0,311M2,3.0,22724.0,2113.0
2645127,2645128,24.0,1071703,2,1,12,2,1.0,45.0,1.0,15.0,4.0,3118Z,3.0,22724.0,2113.0
2645128,2645129,27.0,1071704,1,1,0,2,1.0,40.0,1.0,-9.0,4.0,311M2,3.0,22728.0,2113.0
2645129,2645130,24.0,1071704,2,1,12,2,1.0,45.0,1.0,15.0,4.0,3118Z,3.0,22728.0,2113.0
2645130,2645131,27.0,1071705,1,1,0,2,1.0,40.0,1.0,-9.0,4.0,311M2,3.0,22724.0,2113.0
2645131,2645132,24.0,1071705,2,1,12,2,1.0,45.0,1.0,15.0,4.0,3118Z,3.0,22724.0,2113.0
2645132,2645133,27.0,1071706,1,1,0,2,1.0,40.0,1.0,-9.0,4.0,311M2,3.0,22724.0,2113.0
2645133,2645134,24.0,1071706,2,1,12,2,1.0,45.0,1.0,15.0,4.0,3118Z,3.0,22724.0,2113.0
2645134,2645135,27.0,1071707,1,1,0,2,1.0,40.0,1.0,-9.0,4.0,311M2,3.0,22724.0,2113.0
2645135,2645136,24.0,1071707,2,1,12,2,1.0,45.0,1.0,15.0,4.0,3118Z,3.0,22724.0,2113.0
2645136,2645137,27.0,1071708,1,1,0,2,1.0,40.0,1.0,-9.0,4.0,311M2,3.0,22724.0,2113.0
2645137,2645138,24.0,1071708,2,1,12,2,1.0,45.0,1.0,15.0,4.0,3118Z,3.0,22724.0,2113.0
2645138,2645139,27.0,1071709,1,1,0,2,1.0,40.0,1.0,-9.0,4.0,311M2,3.0,22724.0,2113.0
2645139,2645140,24.0,1071709,2,1,12,2,1.0,45.0,1.0,15.0,4.0,3118Z,3.0,22724.0,2113.0
2645140,2645141,27.0,1071710,1,1,0,2,1.0,40.0,1.0,-9.0,4.0,311M2,3.0,22724.0,2113.0
2645141,2645142,24.0,1071710,2,1,12,2,1.0,45.0,1.0,15.0,4.0,3118Z,3.0,22724.0,2113.0
2645142,2645143,27.0,1071711,1,1,0,2,1.0,40.0,1.0,-9.0,4.0,311M2,3.0,22724.0,2113.0
2645143,2645144,24.0,1071711,2,1,12,2,1.0,45.0,1.0,15.0,4.0,3118Z,3.0,22724.0,2113.0
2645144,2645145,27.0,1071712,1,1,0,2,1.0,40.0,1.0,-9.0,4.0,311M2,3.0,22724.0,2113.0
2645145,2645146,24.0,1071712,2,1,12,2,1.0,45.0,1.0,15.0,4.0,3118Z,3.0,22724.0,2113.0
2645146,2645147,27.0,1071713,1,1,0,2,1.0,40.0,1.0,-9.0,4.0,311M2,3.0,22721.0,2113.0
2645147,2645148,24.0,1071713,2,1,12,2,1.0,45.0,1.0,15.0,4.0,3118Z,3.0,22721.0,2113.0
2645148,2645149,27.0,1071714,1,1,0,2,1.0,40.0,1.0,-9.0,4.0,311M2,3.0,22725.0,2113.0
2645149,2645150,24.0,1071714,2,1,12,2,1.0,45.0,1.0,15.0,4.0,3118Z,3.0,22725.0,2113.0
2645150,2645151,27.0,1071715,1,1,0,2,1.0,40.0,1.0,-9.0,4.0,311M2,3.0,22726.0,2113.0
2645151,2645152,24.0,1071715,2,1,12,2,1.0,45.0,1.0,15.0,4.0,3118Z,3.0,22726.0,2113.0
2645152,2645153,27.0,1071716,1,1,0,2,1.0,40.0,1.0,-9.0,4.0,311M2,3.0,22724.0,2113.0
2645153,2645154,24.0,1071716,2,1,12,2,1.0,45.0,1.0,15.0,4.0,3118Z,3.0,22724.0,2113.0
2645154,2645155,27.0,1071717,1,1,0,2,1.0,40.0,1.0,-9.0,4.0,311M2,3.0,22724.0,2113.0
2645155,2645156,24.0,1071717,2,1,12,2,1.0,45.0,1.0,15.0,4.0,3118Z,3.0,22724.0,2113.0
2645156,2645157,27.0,1071718,1,1,0,2,1.0,40.0,1.0,-9.0,4.0,311M2,3.0,22726.0,2113.0
2645157,2645158,24.0,1071718,2,1,12,2,1.0,45.0,1.0,15.0,4.0,3118Z,3.0,22726.0,2113.0
2645158,2645159,27.0,1071719,1,1,0,2,1.0,40.0,1.0,-9.0,4.0,311M2,3.0,22724.0,2113.0
2645159,2645160,24.0,1071719,2,1,12,2,1.0,45.0,1.0,15.0,4.0,3118Z,3.0,22724.0,2113.0
2645160,2645161,27.0,1071720,1,1,0,2,1.0,40.0,1.0,-9.0,4.0,311M2,3.0,22724.0,2113.0
2645161,2645162,24.0,1071720,2,1,12,2,1.0,45.0,1.0,15.0,4.0,3118Z,3.0,22724.0,2113.0
2645162,2645163,27.0,1071721,1,1,0,2,1.0,40.0,1.0,-9.0,4.0,311M2,3.0,22724.0,2113.0
2645163,2645164,24.0,1071721,2,1,12,2,1.0,45.0,1.0,15.0,4.0,3118Z,3.0,22724.0,2113.0
2645164,2645165,27.0,1071722,1,1,0,2,1.0,40.0,1.0,-9.0,4.0,311M2,3.0,22724.0,2113.0
2645165,2645166,24.0,1071722,2,1,12,2,1.0,45.0,1.0,15.0,4.0,3118Z,3.0,22724.0,2113.0
2645166,2645167,27.0,1071723,1,1,0,2,1.0,40.0,1.0,-9.0,4.0,311M2,3.0,22724.0,2113.0
2645167,2645168,24.0,1071723,2,1,12,2,1.0,45.0,1.0,15.0,4.0,3118Z,3.0,22724.0,2113.0
2645168,2645169,27.0,1071724,1,1,0,2,1.0,40.0,1.0,-9.0,4.0,311M2,3.0,22724.0,2113.0
2645169,2645170,24.0,1071724,2,1,12,2,1.0,45.0,1.0,15.0,4.0,3118Z,3.0,22724.0,2113.0
2645170,2645171,27.0,1071725,1,1,0,2,1.0,40.0,1.0,-9.0,4.0,311M2,3.0,22724.0,2113.0
2645171,2645172,24.0,1071725,2,1,12,2,1.0,45.0,1.0,15.0,4.0,3118Z,3.0,22724.0,2113.0
2645172,2645173,27.0,1071726,1,1,0,2,1.0,40.0,1.0,-9.0,4.0,311M2,3.0,22724.0,2113.0
2645173,2645174,24.0,1071726,2,1,12,2,1.0,45.0,1.0,15.0,4.0,3118Z,3.0,22724.0,2113.0
2645174,2645175,27.0,1071727,1,1,0,2,1.0,40.0,1.0,-9.0,4.0,311M2,3.0,22724.0,2113.0
2645175,2645176,24.0,1071727,2,1,12,2,1.0,45.0,1.0,15.0,4.0,3118Z,3.0,22724.0,2113.0
2645176,2645177,27.0,1071728,1,1,0,2,1.0,40.0,1.0,-9.0,4.0,311M2,3.0,22728.0,2113.0
2645177,2645178,24.0,1071728,2,1,12,2,1.0,45.0,1.0,15.0,4.0,3118Z,3.0,22728.0,2113.0
2645178,2645179,27.0,1071729,1,1,0,2,1.0,40.0,1.0,-9.0,4.0,311M2,3.0,22724.0,2113.0
2645179,2645180,24.0,1071729,2,1,12,2,1.0,45.0,1.0,15.0,4.0,3118Z,3.0,22724.0,2113.0
2645180,2645181,27.0,1071730,1,1,0,2,1.0,40.0,1.0,-9.0,4.0,311M2,3.0,22724.0,2113.0
2645181,2645182,24.0,1071730,2,1,12,2,1.0,45.0,1.0,15.0,4.0,3118Z,3.0,22724.0,2113.0
2645182,2645183,27.0,1071731,1,1,0,2,1.0,40.0,1.0,-9.0,4.0,311M2,3.0,22724.0,2113.0
2645183,2645184,24.0,1071731,2,1,12,2,1.0,45.0,1.0,15.0,4.0,3118Z,3.0,22724.0,2113.0
2645184,2645185,27.0,1071732,1,1,0,2,1.0,40.0,1.0,-9.0,4.0,311M2,3.0,22724.0,2113.0
2645185,2645186,24.0,1071732,2,1,12,2,1.0,45.0,1.0,15.0,4.0,3118Z,3.0,22724.0,2113.0
2645186,2645187,27.0,1071733,1,1,0,2,1.0,40.0,1.0,-9.0,4.0,311M2,3.0,22724.0,2113.0
2645187,2645188,24.0,1071733,2,1,12,2,1.0,45.0,1.0,15.0,4.0,3118Z,3.0,22724.0,2113.0
2645188,2645189,27.0,1071734,1,1,0,2,1.0,40.0,1.0,-9.0,4.0,311M2,3.0,22725.0,2113.0
2645189,2645190,24.0,1071734,2,1,12,2,1.0,45.0,1.0,15.0,4.0,3118Z,3.0,22725.0,2113.0
2645190,2645191,27.0,1071735,1,1,0,2,1.0,40.0,1.0,-9.0,4.0,311M2,3.0,22724.0,2113.0
2645191,2645192,24.0,1071735,2,1,12,2,1.0,45.0,1.0,15.0,4.0,3118Z,3.0,22724.0,2113.0
2645192,2645193,27.0,1071736,1,1,0,2,1.0,40.0,1.0,-9.0,4.0,311M2,3.0,22725.0,2113.0
2645193,2645194,24.0,1071736,2,1,12,2,1.0,45.0,1.0,15.0,4.0,3118Z,3.0,22725.0,2113.0
2645194,2645195,27.0,1071737,1,1,0,2,1.0,40.0,1.0,-9.0,4.0,311M2,3.0,22724.0,2113.0
2645195,2645196,24.0,1071737,2,1,12,2,1.0,45.0,1.0,15.0,4.0,3118Z,3.0,22724.0,2113.0
2645196,2645197,27.0,1071738,1,1,0,2,1.0,40.0,1.0,-9.0,4.0,311M2,3.0,22724.0,2113.0
2645197,2645198,24.0,1071738,2,1,12,2,1.0,45.0,1.0,15.0,4.0,3118Z,3.0,22724.0,2113.0
2645198,2645199,27.0,1071739,1,1,0,2,1.0,40.0,1.0,-9.0,4.0,311M2,3.0,22724.0,2113.0
2645199,2645200,24.0,1071739,2,1,12,2,1.0,45.0,1.0,15.0,4.0,3118Z,3.0,22724.0,2113.0
2645200,2645201,27.0,1071740,1,1,0,2,1.0,40.0,1.0,-9.0,4.0,311M2,3.0,22724.0,2113.0
2645201,2645202,24.0,1071740,2,1,12,2,1.0,45.0,1.0,15.0,4.0,3118Z,3.0,22724.0,2113.0
2645202,2645203,27.0,1071741,1,1,0,2,1.0,40.0,1.0,-9.0,4.0,311M2,3.0,22720.0,2113.0
2645203,2645204,24.0,1071741,2,1,12,2,1.0,45.0,1.0,15.0,4.0,3118Z,3.0,22720.0,2113.0
2645204,2645205,27.0,1071742,1,1,0,2,1.0,40.0,1.0,-9.0,4.0,311M2,3.0,22724.0,2113.0
2645205,2645206,24.0,1071742,2,1,12,2,1.0,45.0,1.0,15.0,4.0,3118Z,3.0,22724.0,2113.0
2645206,2645207,27.0,1071743,1,1,0,2,1.0,40.0,1.0,-9.0,4.0,311M2,3.0,22724.0,2113.0
2645207,2645208,24.0,1071743,2,1,12,2,1.0,45.0,1.0,15.0,4.0,3118Z,3.0,22724.0,2113.0
2645208,2645209,27.0,1071744,1,1,0,2,1.0,40.0,1.0,-9.0,4.0,311M2,3.0,22724.0,2113.0
2645209,2645210,24.0,1071744,2,1,12,2,1.0,45.0,1.0,15.0,4.0,3118Z,3.0,22724.0,2113.0
2645210,2645211,27.0,1071745,1,1,0,2,1.0,40.0,1.0,-9.0,4.0,311M2,3.0,22724.0,2113.0
2645211,2645212,24.0,1071745,2,1,12,2,1.0,45.0,1.0,15.0,4.0,3118Z,3.0,22724.0,2113.0
2645212,2645213,27.0,1071746,1,1,0,2,1.0,40.0,1.0,-9.0,4.0,311M2,3.0,22724.0,2113.0
2645213,2645214,24.0,1071746,2,1,12,2,1.0,45.0,1.0,15.0,4.0,3118Z,3.0,22724.0,2113.0
2645214,2645215,43.0,1071747,1,2,0,2,1.0,40.0,1.0,-9.0,4.0,622M,15.0,22724.0,2113.0
2645215,2645216,43.0,1071748,1,2,0,2,1.0,40.0,1.0,-9.0,4.0,622M,15.0,22724.0,2113.0
2645216,2645217,43.0,1071749,1,2,0,2,1.0,40.0,1.0,-9.0,4.0,5413,10.0,22728.0,2113.0
2645217,2645218,43.0,1071750,1,2,0,2,1.0,40.0,1.0,-9.0,4.0,5413,10.0,22724.0,2113.0
2645218,2645219,27.0,1071751,1,2,0,2,1.0,40.0,1.0,-9.0,4.0,5415,10.0,22724.0,2113.0
2645219,2645220,43.0,1071752,1,2,0,2,1.0,40.0,1.0,-9.0,4.0,5413,10.0,22728.0,2113.0
2645220,2645221,43.0,1071753,1,2,0,2,1.0,40.0,1.0,-9.0,4.0,5413,10.0,22724.0,2113.0
2645221,2645222,27.0,1071754,1,2,0,2,1.0,40.0,1.0,-9.0,4.0,5415,10.0,22724.0,2113.0
2645222,2645223,32.0,1071755,1,2,0,2,1.0,40.0,1.0,-9.0,4.0,5412,10.0,22724.0,2113.0
2645223,2645224,32.0,1071756,1,2,0,2,1.0,40.0,1.0,-9.0,4.0,5412,10.0,22726.0,2113.0
2645224,2645225,43.0,1071757,1,2,0,2,1.0,40.0,1.0,-9.0,4.0,5413,10.0,22724.0,2113.0
2645225,2645226,27.0,1071758,1,2,0,2,1.0,40.0,1.0,-9.0,4.0,5415,10.0,22724.0,2113.0
2645226,2645227,32.0,1071759,1,2,0,2,1.0,40.0,1.0,-9.0,4.0,5412,10.0,22724.0,2113.0
2645227,2645228,43.0,1071760,1,2,0,2,1.0,40.0,1.0,-9.0,4.0,5413,10.0,22724.0,2113.0
2645228,2645229,27.0,1071761,1,2,0,2,1.0,40.0,1.0,-9.0,4.0,5415,10.0,22726.0,2113.0
2645229,2645230,27.0,1071762,1,2,0,2,1.0,40.0,1.0,-9.0,4.0,5415,10.0,22726.0,2113.0
2645230,2645231,43.0,1071763,1,2,0,2,1.0,40.0,1.0,-9.0,4.0,5413,10.0,22720.0,2113.0
2645231,2645232,43.0,1071764,1,2,0,2,1.0,40.0,1.0,-9.0,4.0,5413,10.0,22724.0,2113.0
2645232,2645233,27.0,1071765,1,2,0,2,1.0,40.0,1.0,-9.0,4.0,5415,10.0,22724.0,2113.0
2645233,2645234,43.0,1071766,1,2,0,2,1.0,40.0,1.0,-9.0,4.0,5413,10.0,22724.0,2113.0
2645234,2645235,27.0,1071767,1,2,0,2,1.0,40.0,1.0,-9.0,4.0,5415,10.0,22724.0,2113.0
2645235,2645236,27.0,1071768,1,2,0,2,1.0,40.0,1.0,-9.0,4.0,5415,10.0,22724.0,2113.0
2645236,2645237,27.0,1071769,1,2,0,2,1.0,43.0,1.0,-9.0,4.0,5241,9.0,22724.0,2113.0
2645237,2645238,27.0,1071770,1,2,0,2,1.0,43.0,1.0,-9.0,4.0,5241,9.0,22724.0,2113.0
2645238,2645239,27.0,1071771,1,2,0,2,1.0,43.0,1.0,-9.0,4.0,5241,9.0,22724.0,2113.0
2645239,2645240,27.0,1071772,1,2,0,2,1.0,43.0,1.0,-9.0,4.0,5241,9.0,22724.0,2113.0
2645240,2645241,27.0,1071773,1,2,0,2,1.0,43.0,1.0,-9.0,4.0,5241,9.0,22724.0,2113.0
2645241,2645242,27.0,1071774,1,2,0,2,1.0,43.0,1.0,-9.0,4.0,5241,9.0,22724.0,2113.0
2645242,2645243,27.0,1071775,1,2,0,2,1.0,43.0,1.0,-9.0,4.0,5241,9.0,22724.0,2113.0
2645243,2645244,27.0,1071776,1,2,0,2,1.0,43.0,1.0,-9.0,4.0,5241,9.0,22724.0,2113.0
2645244,2645245,27.0,1071777,1,2,0,2,1.0,43.0,1.0,-9.0,4.0,5241,9.0,22729.0,2113.0
2645245,2645246,27.0,1071778,1,2,0,2,1.0,43.0,1.0,-9.0,4.0,5241,9.0,22724.0,2113.0
2645246,2645247,27.0,1071779,1,2,0,2,1.0,43.0,1.0,-9.0,4.0,5241,9.0,22730.0,2113.0
2645247,2645248,27.0,1071780,1,2,0,2,1.0,43.0,1.0,-9.0,4.0,5241,9.0,22724.0,2113.0
2645248,2645249,27.0,1071781,1,2,0,2,1.0,40.0,5.0,-9.0,4.0,336M,3.0,22724.0,2113.0
2645249,2645250,27.0,1071782,1,2,0,2,1.0,47.0,1.0,16.0,4.0,5221M,9.0,22724.0,2113.0
2645250,2645251,25.0,1071783,1,2,0,2,1.0,40.0,1.0,-9.0,4.0,5313,9.0,22724.0,2113.0
2645251,2645252,25.0,1071784,1,2,0,2,1.0,40.0,1.0,-9.0,4.0,52M1,9.0,22725.0,2113.0
2645252,2645253,25.0,1071785,1,2,0,2,1.0,40.0,1.0,-9.0,4.0,52M1,9.0,22724.0,2113.0
2645253,2645254,28.0,1071786,1,2,0,2,1.0,20.0,1.0,-9.0,4.0,722Z,16.0,22730.0,2113.0
2645254,2645255,35.0,1071787,1,2,0,2,1.0,10.0,4.0,16.0,4.0,611M1,13.0,22724.0,2113.0
2645255,2645256,25.0,1071788,1,1,0,2,1.0,40.0,1.0,-9.0,4.0,7211,16.0,22724.0,2113.0
2645256,2645257,37.0,1071789,1,1,0,2,1.0,40.0,1.0,-9.0,4.0,5417,10.0,22725.0,2113.0
2645257,2645258,37.0,1071790,1,1,0,2,1.0,40.0,1.0,-9.0,4.0,5417,10.0,22724.0,2113.0
2645258,2645259,37.0,1071791,1,1,0,2,1.0,40.0,1.0,-9.0,4.0,5417,10.0,22724.0,2113.0
2645259,2645260,37.0,1071792,1,1,0,2,1.0,40.0,1.0,-9.0,4.0,5417,10.0,22724.0,2113.0
2645260,2645261,37.0,1071793,1,1,0,2,1.0,40.0,1.0,-9.0,4.0,5417,10.0,22724.0,2113.0
2645261,2645262,30.0,1071794,1,1,0,2,1.0,20.0,1.0,15.0,4.0,44511,5.0,22724.0,2113.0
2645262,2645263,30.0,1071795,1,1,0,2,1.0,20.0,1.0,15.0,4.0,44511,5.0,22722.0,2113.0
2645263,2645264,44.0,1071796,1,1,0,2,6.0,-9.0,-9.0,-9.0,2.0,-9,0.0,22724.0,2113.0
2645264,2645265,43.0,1071797,1,2,0,2,1.0,40.0,1.0,-9.0,4.0,5241,9.0,22724.0,2113.0
2645265,2645266,13.0,1071797,2,2,2,2,-9.0,-9.0,-9.0,10.0,-9.0,-9,0.0,22724.0,2113.0
2645266,2645267,43.0,1071798,1,2,0,2,1.0,40.0,1.0,-9.0,4.0,5241,9.0,22728.0,2113.0
2645267,2645268,13.0,1071798,2,2,2,2,-9.0,-9.0,-9.0,10.0,-9.0,-9,0.0,22728.0,2113.0
2645268,2645269,44.0,1071799,1,2,0,2,1.0,50.0,1.0,-9.0,4.0,813M,17.0,22724.0,2113.0
2645269,2645270,8.0,1071799,2,1,2,2,-9.0,-9.0,-9.0,5.0,-9.0,-9,0.0,22724.0,2113.0
2645270,2645271,44.0,1071800,1,2,0,2,1.0,50.0,1.0,-9.0,4.0,813M,17.0,22724.0,2113.0
2645271,2645272,8.0,1071800,2,1,2,2,-9.0,-9.0,-9.0,5.0,-9.0,-9,0.0,22724.0,2113.0
2645272,2645273,44.0,1071801,1,2,0,2,1.0,50.0,1.0,-9.0,4.0,813M,17.0,22724.0,2113.0
2645273,2645274,8.0,1071801,2,1,2,2,-9.0,-9.0,-9.0,5.0,-9.0,-9,0.0,22724.0,2113.0
2645274,2645275,44.0,1071802,1,2,0,2,1.0,50.0,1.0,-9.0,4.0,813M,17.0,22724.0,2113.0
2645275,2645276,8.0,1071802,2,1,2,2,-9.0,-9.0,-9.0,5.0,-9.0,-9,0.0,22724.0,2113.0
2645276,2645277,44.0,1071803,1,2,0,2,1.0,50.0,1.0,-9.0,4.0,813M,17.0,22724.0,2113.0
2645277,2645278,8.0,1071803,2,1,2,2,-9.0,-9.0,-9.0,5.0,-9.0,-9,0.0,22724.0,2113.0
2645278,2645279,35.0,1071804,1,2,0,2,1.0,24.0,1.0,15.0,4.0,622M,15.0,22724.0,2113.0
2645279,2645280,20.0,1071804,2,2,2,2,1.0,40.0,1.0,15.0,4.0,622M,15.0,22724.0,2113.0
2645280,2645281,3.0,1071804,3,1,2,2,-9.0,-9.0,-9.0,-9.0,-9.0,-9,0.0,22724.0,2113.0
2645281,2645282,35.0,1071805,1,2,0,2,1.0,24.0,1.0,15.0,4.0,622M,15.0,22726.0,2113.0
2645282,2645283,20.0,1071805,2,2,2,2,1.0,40.0,1.0,15.0,4.0,622M,15.0,22726.0,2113.0
2645283,2645284,3.0,1071805,3,1,2,2,-9.0,-9.0,-9.0,-9.0,-9.0,-9,0.0,22726.0,2113.0
2645284,2645285,35.0,1071806,1,2,0,2,1.0,24.0,1.0,15.0,4.0,622M,15.0,22724.0,2113.0
2645285,2645286,20.0,1071806,2,2,2,2,1.0,40.0,1.0,15.0,4.0,622M,15.0,22724.0,2113.0
2645286,2645287,3.0,1071806,3,1,2,2,-9.0,-9.0,-9.0,-9.0,-9.0,-9,0.0,22724.0,2113.0
2645287,2645288,35.0,1071807,1,2,0,2,1.0,24.0,1.0,15.0,4.0,622M,15.0,22724.0,2113.0
2645288,2645289,20.0,1071807,2,2,2,2,1.0,40.0,1.0,15.0,4.0,622M,15.0,22724.0,2113.0
2645289,2645290,3.0,1071807,3,1,2,2,-9.0,-9.0,-9.0,-9.0,-9.0,-9,0.0,22724.0,2113.0
2645290,2645291,35.0,1071808,1,2,0,2,1.0,24.0,1.0,15.0,4.0,622M,15.0,22724.0,2113.0
2645291,2645292,20.0,1071808,2,2,2,2,1.0,40.0,1.0,15.0,4.0,622M,15.0,22724.0,2113.0
2645292,2645293,3.0,1071808,3,1,2,2,-9.0,-9.0,-9.0,-9.0,-9.0,-9,0.0,22724.0,2113.0
2645293,2645294,35.0,1071809,1,2,0,2,1.0,24.0,1.0,15.0,4.0,622M,15.0,22725.0,2113.0
2645294,2645295,20.0,1071809,2,2,2,2,1.0,40.0,1.0,15.0,4.0,622M,15.0,22725.0,2113.0
2645295,2645296,3.0,1071809,3,1,2,2,-9.0,-9.0,-9.0,-9.0,-9.0,-9,0.0,22725.0,2113.0
2645296,2645297,25.0,1071810,1,2,0,2,1.0,40.0,1.0,-9.0,4.0,492,6.0,22724.0,2113.0
2645297,2645298,7.0,1071810,2,1,2,2,-9.0,-9.0,-9.0,3.0,-9.0,-9,0.0,22724.0,2113.0
2645298,2645299,25.0,1071811,1,2,0,2,1.0,40.0,1.0,-9.0,4.0,492,6.0,22724.0,2113.0
2645299,2645300,7.0,1071811,2,1,2,2,-9.0,-9.0,-9.0,3.0,-9.0,-9,0.0,22724.0,2113.0
2645300,2645301,25.0,1071812,1,2,0,2,1.0,40.0,1.0,-9.0,4.0,492,6.0,22730.0,2113.0
2645301,2645302,7.0,1071812,2,1,2,2,-9.0,-9.0,-9.0,3.0,-9.0,-9,0.0,22730.0,2113.0
2645302,2645303,25.0,1071813,1,2,0,2,1.0,40.0,1.0,-9.0,4.0,492,6.0,22721.0,2113.0
2645303,2645304,7.0,1071813,2,1,2,2,-9.0,-9.0,-9.0,3.0,-9.0,-9,0.0,22721.0,2113.0
2645304,2645305,25.0,1071814,1,2,0,2,1.0,40.0,1.0,-9.0,4.0,492,6.0,22724.0,2113.0
2645305,2645306,7.0,1071814,2,1,2,2,-9.0,-9.0,-9.0,3.0,-9.0,-9,0.0,22724.0,2113.0
2645306,2645307,25.0,1071815,1,2,0,2,1.0,40.0,1.0,-9.0,4.0,492,6.0,22724.0,2113.0
2645307,2645308,7.0,1071815,2,1,2,2,-9.0,-9.0,-9.0,3.0,-9.0,-9,0.0,22724.0,2113.0
2645308,2645309,25.0,1071816,1,2,0,2,1.0,40.0,1.0,-9.0,4.0,492,6.0,22724.0,2113.0
2645309,2645310,7.0,1071816,2,1,2,2,-9.0,-9.0,-9.0,3.0,-9.0,-9,0.0,22724.0,2113.0
2645310,2645311,25.0,1071817,1,2,0,2,1.0,40.0,1.0,-9.0,4.0,492,6.0,22724.0,2113.0
2645311,2645312,7.0,1071817,2,1,2,2,-9.0,-9.0,-9.0,3.0,-9.0,-9,0.0,22724.0,2113.0
2645312,2645313,29.0,1071818,1,2,0,2,6.0,-9.0,-9.0,-9.0,4.0,-9,0.0,22724.0,2113.0
2645313,2645314,5.0,1071818,2,2,2,2,-9.0,-9.0,-9.0,2.0,-9.0,-9,0.0,22724.0,2113.0
2645314,2645315,2.0,1071818,3,2,2,2,-9.0,-9.0,-9.0,-9.0,-9.0,-9,0.0,22724.0,2113.0
2645315,2645316,29.0,1071819,1,2,0,2,6.0,-9.0,-9.0,-9.0,4.0,-9,0.0,22724.0,2113.0
2645316,2645317,5.0,1071819,2,2,2,2,-9.0,-9.0,-9.0,2.0,-9.0,-9,0.0,22724.0,2113.0
2645317,2645318,2.0,1071819,3,2,2,2,-9.0,-9.0,-9.0,-9.0,-9.0,-9,0.0,22724.0,2113.0
2645318,2645319,28.0,1071820,1,1,0,1,1.0,40.0,1.0,-9.0,4.0,44511,5.0,22720.0,2113.0
2645319,2645320,23.0,1071820,2,1,15,1,1.0,24.0,2.0,15.0,4.0,442,5.0,22720.0,2113.0
2645320,2645321,20.0,1071820,3,1,15,2,1.0,16.0,1.0,15.0,4.0,611M1,13.0,22720.0,2113.0
2645321,2645322,28.0,1071821,1,1,0,1,1.0,40.0,1.0,-9.0,4.0,44511,5.0,22724.0,2113.0
2645322,2645323,23.0,1071821,2,1,15,1,1.0,24.0,2.0,15.0,4.0,442,5.0,22724.0,2113.0
2645323,2645324,20.0,1071821,3,1,15,2,1.0,16.0,1.0,15.0,4.0,611M1,13.0,22724.0,2113.0
2645324,2645325,28.0,1071822,1,1,0,1,1.0,40.0,1.0,-9.0,4.0,44511,5.0,22723.0,2113.0
2645325,2645326,23.0,1071822,2,1,15,1,1.0,24.0,2.0,15.0,4.0,442,5.0,22723.0,2113.0
2645326,2645327,20.0,1071822,3,1,15,2,1.0,16.0,1.0,15.0,4.0,611M1,13.0,22723.0,2113.0
2645327,2645328,28.0,1071823,1,1,0,1,1.0,40.0,1.0,-9.0,4.0,44511,5.0,22728.0,2113.0
2645328,2645329,23.0,1071823,2,1,15,1,1.0,24.0,2.0,15.0,4.0,442,5.0,22728.0,2113.0
2645329,2645330,20.0,1071823,3,1,15,2,1.0,16.0,1.0,15.0,4.0,611M1,13.0,22728.0,2113.0
2645330,2645331,28.0,1071824,1,1,0,1,1.0,40.0,1.0,-9.0,4.0,44511,5.0,22726.0,2113.0
2645331,2645332,23.0,1071824,2,1,15,1,1.0,24.0,2.0,15.0,4.0,442,5.0,22726.0,2113.0
2645332,2645333,20.0,1071824,3,1,15,2,1.0,16.0,1.0,15.0,4.0,611M1,13.0,22726.0,2113.0
2645333,2645334,43.0,1071825,1,2,0,1,6.0,-9.0,-9.0,-9.0,4.0,447,5.0,22722.0,2113.0
2645334,2645335,44.0,1071825,2,1,1,1,6.0,-9.0,-9.0,-9.0,4.0,-9,0.0,22722.0,2113.0
2645335,2645336,23.0,1071825,3,2,2,1,1.0,25.0,1.0,-9.0,4.0,44512,5.0,22722.0,2113.0
2645336,2645337,19.0,1071825,4,2,2,1,1.0,30.0,1.0,14.0,4.0,4523,5.0,22722.0,2113.0
2645337,2645338,2.0,1071825,5,1,7,1,-9.0,-9.0,-9.0,-9.0,-9.0,-9,0.0,22722.0,2113.0
2645338,2645339,43.0,1071826,1,2,0,1,6.0,-9.0,-9.0,-9.0,4.0,447,5.0,22724.0,2113.0
2645339,2645340,44.0,1071826,2,1,1,1,6.0,-9.0,-9.0,-9.0,4.0,-9,0.0,22724.0,2113.0
2645340,2645341,23.0,1071826,3,2,2,1,1.0,25.0,1.0,-9.0,4.0,44512,5.0,22724.0,2113.0
2645341,2645342,19.0,1071826,4,2,2,1,1.0,30.0,1.0,14.0,4.0,4523,5.0,22724.0,2113.0
2645342,2645343,2.0,1071826,5,1,7,1,-9.0,-9.0,-9.0,-9.0,-9.0,-9,0.0,22724.0,2113.0
2645343,2645344,43.0,1071827,1,2,0,1,6.0,-9.0,-9.0,-9.0,4.0,447,5.0,22724.0,2113.0
2645344,2645345,44.0,1071827,2,1,1,1,6.0,-9.0,-9.0,-9.0,4.0,-9,0.0,22724.0,2113.0
2645345,2645346,23.0,1071827,3,2,2,1,1.0,25.0,1.0,-9.0,4.0,44512,5.0,22724.0,2113.0
2645346,2645347,19.0,1071827,4,2,2,1,1.0,30.0,1.0,14.0,4.0,4523,5.0,22724.0,2113.0
2645347,2645348,2.0,1071827,5,1,7,1,-9.0,-9.0,-9.0,-9.0,-9.0,-9,0.0,22724.0,2113.0
2645348,2645349,40.0,1071828,1,1,0,1,1.0,40.0,1.0,-9.0,4.0,8121M,17.0,22725.0,2113.0
2645349,2645350,31.0,1071828,2,2,1,1,6.0,-9.0,-9.0,-9.0,4.0,8121M,17.0,22725.0,2113.0
2645350,2645351,18.0,1071828,3,2,2,1,3.0,20.0,6.0,15.0,4.0,722Z,16.0,22725.0,2113.0
2645351,2645352,15.0,1071828,4,1,2,1,-9.0,-9.0,-9.0,10.0,-9.0,-9,0.0,22725.0,2113.0
2645352,2645353,12.0,1071828,5,2,2,1,-9.0,-9.0,-9.0,9.0,-9.0,-9,0.0,22725.0,2113.0
2645353,2645354,9.0,1071828,6,1,2,1,-9.0,-9.0,-9.0,5.0,-9.0,-9,0.0,22725.0,2113.0
2645354,2645355,38.0,1071829,1,1,0,1,2.0,45.0,1.0,-9.0,4.0,623M,14.0,22726.0,2113.0
2645355,2645356,17.0,1071829,2,1,2,4,6.0,-9.0,-9.0,14.0,4.0,-9,0.0,22726.0,2113.0
2645356,2645357,42.0,1071829,3,2,12,2,1.0,32.0,1.0,-9.0,4.0,6231,14.0,22726.0,2113.0
2645357,2645358,21.0,1071829,4,1,12,2,6.0,-9.0,-9.0,-9.0,4.0,-9,0.0,22726.0,2113.0
2645358,2645359,38.0,1071830,1,1,0,1,2.0,45.0,1.0,-9.0,4.0,623M,14.0,22721.0,2113.0
2645359,2645360,17.0,1071830,2,1,2,4,6.0,-9.0,-9.0,14.0,4.0,-9,0.0,22721.0,2113.0
2645360,2645361,42.0,1071830,3,2,12,2,1.0,32.0,1.0,-9.0,4.0,6231,14.0,22721.0,2113.0
2645361,2645362,21.0,1071830,4,1,12,2,6.0,-9.0,-9.0,-9.0,4.0,-9,0.0,22721.0,2113.0
2645362,2645363,38.0,1071831,1,1,0,1,2.0,45.0,1.0,-9.0,4.0,623M,14.0,22724.0,2113.0
2645363,2645364,17.0,1071831,2,1,2,4,6.0,-9.0,-9.0,14.0,4.0,-9,0.0,22724.0,2113.0
2645364,2645365,42.0,1071831,3,2,12,2,1.0,32.0,1.0,-9.0,4.0,6231,14.0,22724.0,2113.0
2645365,2645366,21.0,1071831,4,1,12,2,6.0,-9.0,-9.0,-9.0,4.0,-9,0.0,22724.0,2113.0
2645366,2645367,38.0,1071832,1,1,0,1,2.0,45.0,1.0,-9.0,4.0,623M,14.0,22724.0,2113.0
2645367,2645368,17.0,1071832,2,1,2,4,6.0,-9.0,-9.0,14.0,4.0,-9,0.0,22724.0,2113.0
2645368,2645369,42.0,1071832,3,2,12,2,1.0,32.0,1.0,-9.0,4.0,6231,14.0,22724.0,2113.0
2645369,2645370,21.0,1071832,4,1,12,2,6.0,-9.0,-9.0,-9.0,4.0,-9,0.0,22724.0,2113.0
2645370,2645371,38.0,1071833,1,1,0,1,2.0,45.0,1.0,-9.0,4.0,623M,14.0,22724.0,2113.0
2645371,2645372,17.0,1071833,2,1,2,4,6.0,-9.0,-9.0,14.0,4.0,-9,0.0,22724.0,2113.0
2645372,2645373,42.0,1071833,3,2,12,2,1.0,32.0,1.0,-9.0,4.0,6231,14.0,22724.0,2113.0
2645373,2645374,21.0,1071833,4,1,12,2,6.0,-9.0,-9.0,-9.0,4.0,-9,0.0,22724.0,2113.0
2645374,2645375,38.0,1071834,1,1,0,1,2.0,45.0,1.0,-9.0,4.0,623M,14.0,22724.0,2113.0
2645375,2645376,17.0,1071834,2,1,2,4,6.0,-9.0,-9.0,14.0,4.0,-9,0.0,22724.0,2113.0
2645376,2645377,42.0,1071834,3,2,12,2,1.0,32.0,1.0,-9.0,4.0,6231,14.0,22724.0,2113.0
2645377,2645378,21.0,1071834,4,1,12,2,6.0,-9.0,-9.0,-9.0,4.0,-9,0.0,22724.0,2113.0
2645378,2645379,38.0,1071835,1,1,0,1,2.0,45.0,1.0,-9.0,4.0,623M,14.0,22724.0,2113.0
2645379,2645380,17.0,1071835,2,1,2,4,6.0,-9.0,-9.0,14.0,4.0,-9,0.0,22724.0,2113.0
2645380,2645381,42.0,1071835,3,2,12,2,1.0,32.0,1.0,-9.0,4.0,6231,14.0,22724.0,2113.0
2645381,2645382,21.0,1071835,4,1,12,2,6.0,-9.0,-9.0,-9.0,4.0,-9,0.0,22724.0,2113.0
2645382,2645383,38.0,1071836,1,1,0,1,2.0,45.0,1.0,-9.0,4.0,623M,14.0,22724.0,2113.0
2645383,2645384,17.0,1071836,2,1,2,4,6.0,-9.0,-9.0,14.0,4.0,-9,0.0,22724.0,2113.0
2645384,2645385,42.0,1071836,3,2,12,2,1.0,32.0,1.0,-9.0,4.0,6231,14.0,22724.0,2113.0
2645385,2645386,21.0,1071836,4,1,12,2,6.0,-9.0,-9.0,-9.0,4.0,-9,0.0,22724.0,2113.0
2645386,2645387,38.0,1071837,1,1,0,1,2.0,45.0,1.0,-9.0,4.0,623M,14.0,22724.0,2113.0
2645387,2645388,17.0,1071837,2,1,2,4,6.0,-9.0,-9.0,14.0,4.0,-9,0.0,22724.0,2113.0
2645388,2645389,42.0,1071837,3,2,12,2,1.0,32.0,1.0,-9.0,4.0,6231,14.0,22724.0,2113.0
2645389,2645390,21.0,1071837,4,1,12,2,6.0,-9.0,-9.0,-9.0,4.0,-9,0.0,22724.0,2113.0
2645390,2645391,38.0,1071838,1,1,0,1,2.0,45.0,1.0,-9.0,4.0,623M,14.0,22724.0,2113.0
2645391,2645392,17.0,1071838,2,1,2,4,6.0,-9.0,-9.0,14.0,4.0,-9,0.0,22724.0,2113.0
2645392,2645393,42.0,1071838,3,2,12,2,1.0,32.0,1.0,-9.0,4.0,6231,14.0,22724.0,2113.0
2645393,2645394,21.0,1071838,4,1,12,2,6.0,-9.0,-9.0,-9.0,4.0,-9,0.0,22724.0,2113.0
2645394,2645395,38.0,1071839,1,1,0,1,2.0,45.0,1.0,-9.0,4.0,623M,14.0,22728.0,2113.0
2645395,2645396,17.0,1071839,2,1,2,4,6.0,-9.0,-9.0,14.0,4.0,-9,0.0,22728.0,2113.0
2645396,2645397,42.0,1071839,3,2,12,2,1.0,32.0,1.0,-9.0,4.0,6231,14.0,22728.0,2113.0
2645397,2645398,21.0,1071839,4,1,12,2,6.0,-9.0,-9.0,-9.0,4.0,-9,0.0,22728.0,2113.0
2645398,2645399,38.0,1071840,1,1,0,1,2.0,45.0,1.0,-9.0,4.0,623M,14.0,22724.0,2113.0
2645399,2645400,17.0,1071840,2,1,2,4,6.0,-9.0,-9.0,14.0,4.0,-9,0.0,22724.0,2113.0
2645400,2645401,42.0,1071840,3,2,12,2,1.0,32.0,1.0,-9.0,4.0,6231,14.0,22724.0,2113.0
2645401,2645402,21.0,1071840,4,1,12,2,6.0,-9.0,-9.0,-9.0,4.0,-9,0.0,22724.0,2113.0
2645402,2645403,38.0,1071841,1,1,0,1,2.0,45.0,1.0,-9.0,4.0,623M,14.0,22724.0,2113.0
2645403,2645404,17.0,1071841,2,1,2,4,6.0,-9.0,-9.0,14.0,4.0,-9,0.0,22724.0,2113.0
2645404,2645405,42.0,1071841,3,2,12,2,1.0,32.0,1.0,-9.0,4.0,6231,14.0,22724.0,2113.0
2645405,2645406,21.0,1071841,4,1,12,2,6.0,-9.0,-9.0,-9.0,4.0,-9,0.0,22724.0,2113.0
2645406,2645407,38.0,1071842,1,1,0,1,2.0,45.0,1.0,-9.0,4.0,623M,14.0,22726.0,2113.0
2645407,2645408,17.0,1071842,2,1,2,4,6.0,-9.0,-9.0,14.0,4.0,-9,0.0,22726.0,2113.0
2645408,2645409,42.0,1071842,3,2,12,2,1.0,32.0,1.0,-9.0,4.0,6231,14.0,22726.0,2113.0
2645409,2645410,21.0,1071842,4,1,12,2,6.0,-9.0,-9.0,-9.0,4.0,-9,0.0,22726.0,2113.0
2645410,2645411,38.0,1071843,1,1,0,1,2.0,45.0,1.0,-9.0,4.0,623M,14.0,22724.0,2113.0
2645411,2645412,17.0,1071843,2,1,2,4,6.0,-9.0,-9.0,14.0,4.0,-9,0.0,22724.0,2113.0
2645412,2645413,42.0,1071843,3,2,12,2,1.0,32.0,1.0,-9.0,4.0,6231,14.0,22724.0,2113.0
2645413,2645414,21.0,1071843,4,1,12,2,6.0,-9.0,-9.0,-9.0,4.0,-9,0.0,22724.0,2113.0
2645414,2645415,38.0,1071844,1,1,0,1,2.0,45.0,1.0,-9.0,4.0,623M,14.0,22726.0,2113.0
2645415,2645416,17.0,1071844,2,1,2,4,6.0,-9.0,-9.0,14.0,4.0,-9,0.0,22726.0,2113.0
2645416,2645417,42.0,1071844,3,2,12,2,1.0,32.0,1.0,-9.0,4.0,6231,14.0,22726.0,2113.0
2645417,2645418,21.0,1071844,4,1,12,2,6.0,-9.0,-9.0,-9.0,4.0,-9,0.0,22726.0,2113.0
2645418,2645419,38.0,1071845,1,1,0,1,2.0,45.0,1.0,-9.0,4.0,623M,14.0,22724.0,2113.0
2645419,2645420,17.0,1071845,2,1,2,4,6.0,-9.0,-9.0,14.0,4.0,-9,0.0,22724.0,2113.0
2645420,2645421,42.0,1071845,3,2,12,2,1.0,32.0,1.0,-9.0,4.0,6231,14.0,22724.0,2113.0
2645421,2645422,21.0,1071845,4,1,12,2,6.0,-9.0,-9.0,-9.0,4.0,-9,0.0,22724.0,2113.0
2645422,2645423,38.0,1071846,1,1,0,1,2.0,45.0,1.0,-9.0,4.0,623M,14.0,22726.0,2113.0
2645423,2645424,17.0,1071846,2,1,2,4,6.0,-9.0,-9.0,14.0,4.0,-9,0.0,22726.0,2113.0
2645424,2645425,42.0,1071846,3,2,12,2,1.0,32.0,1.0,-9.0,4.0,6231,14.0,22726.0,2113.0
2645425,2645426,21.0,1071846,4,1,12,2,6.0,-9.0,-9.0,-9.0,4.0,-9,0.0,22726.0,2113.0
2645426,2645427,38.0,1071847,1,1,0,1,2.0,45.0,1.0,-9.0,4.0,623M,14.0,22730.0,2113.0
2645427,2645428,17.0,1071847,2,1,2,4,6.0,-9.0,-9.0,14.0,4.0,-9,0.0,22730.0,2113.0
2645428,2645429,42.0,1071847,3,2,12,2,1.0,32.0,1.0,-9.0,4.0,6231,14.0,22730.0,2113.0
2645429,2645430,21.0,1071847,4,1,12,2,6.0,-9.0,-9.0,-9.0,4.0,-9,0.0,22730.0,2113.0
2645430,2645431,38.0,1071848,1,1,0,1,2.0,45.0,1.0,-9.0,4.0,623M,14.0,22724.0,2113.0
2645431,2645432,17.0,1071848,2,1,2,4,6.0,-9.0,-9.0,14.0,4.0,-9,0.0,22724.0,2113.0
2645432,2645433,42.0,1071848,3,2,12,2,1.0,32.0,1.0,-9.0,4.0,6231,14.0,22724.0,2113.0
2645433,2645434,21.0,1071848,4,1,12,2,6.0,-9.0,-9.0,-9.0,4.0,-9,0.0,22724.0,2113.0
2645434,2645435,38.0,1071849,1,1,0,1,2.0,45.0,1.0,-9.0,4.0,623M,14.0,22724.0,2113.0
2645435,2645436,17.0,1071849,2,1,2,4,6.0,-9.0,-9.0,14.0,4.0,-9,0.0,22724.0,2113.0
2645436,2645437,42.0,1071849,3,2,12,2,1.0,32.0,1.0,-9.0,4.0,6231,14.0,22724.0,2113.0
2645437,2645438,21.0,1071849,4,1,12,2,6.0,-9.0,-9.0,-9.0,4.0,-9,0.0,22724.0,2113.0
2645438,2645439,38.0,1071850,1,1,0,1,2.0,45.0,1.0,-9.0,4.0,623M,14.0,22724.0,2113.0
2645439,2645440,17.0,1071850,2,1,2,4,6.0,-9.0,-9.0,14.0,4.0,-9,0.0,22724.0,2113.0
2645440,2645441,42.0,1071850,3,2,12,2,1.0,32.0,1.0,-9.0,4.0,6231,14.0,22724.0,2113.0
2645441,2645442,21.0,1071850,4,1,12,2,6.0,-9.0,-9.0,-9.0,4.0,-9,0.0,22724.0,2113.0
2645442,2645443,38.0,1071851,1,1,0,1,2.0,45.0,1.0,-9.0,4.0,623M,14.0,22724.0,2113.0
2645443,2645444,17.0,1071851,2,1,2,4,6.0,-9.0,-9.0,14.0,4.0,-9,0.0,22724.0,2113.0
2645444,2645445,42.0,1071851,3,2,12,2,1.0,32.0,1.0,-9.0,4.0,6231,14.0,22724.0,2113.0
2645445,2645446,21.0,1071851,4,1,12,2,6.0,-9.0,-9.0,-9.0,4.0,-9,0.0,22724.0,2113.0
2645446,2645447,38.0,1071852,1,1,0,1,2.0,45.0,1.0,-9.0,4.0,623M,14.0,22724.0,2113.0
2645447,2645448,17.0,1071852,2,1,2,4,6.0,-9.0,-9.0,14.0,4.0,-9,0.0,22724.0,2113.0
2645448,2645449,42.0,1071852,3,2,12,2,1.0,32.0,1.0,-9.0,4.0,6231,14.0,22724.0,2113.0
2645449,2645450,21.0,1071852,4,1,12,2,6.0,-9.0,-9.0,-9.0,4.0,-9,0.0,22724.0,2113.0
2645450,2645451,38.0,1071853,1,1,0,1,2.0,45.0,1.0,-9.0,4.0,623M,14.0,22726.0,2113.0
2645451,2645452,17.0,1071853,2,1,2,4,6.0,-9.0,-9.0,14.0,4.0,-9,0.0,22726.0,2113.0
2645452,2645453,42.0,1071853,3,2,12,2,1.0,32.0,1.0,-9.0,4.0,6231,14.0,22726.0,2113.0
2645453,2645454,21.0,1071853,4,1,12,2,6.0,-9.0,-9.0,-9.0,4.0,-9,0.0,22726.0,2113.0
2645454,2645455,38.0,1071854,1,1,0,1,2.0,45.0,1.0,-9.0,4.0,623M,14.0,22724.0,2113.0
2645455,2645456,17.0,1071854,2,1,2,4,6.0,-9.0,-9.0,14.0,4.0,-9,0.0,22724.0,2113.0
2645456,2645457,42.0,1071854,3,2,12,2,1.0,32.0,1.0,-9.0,4.0,6231,14.0,22724.0,2113.0
2645457,2645458,21.0,1071854,4,1,12,2,6.0,-9.0,-9.0,-9.0,4.0,-9,0.0,22724.0,2113.0
2645458,2645459,38.0,1071855,1,1,0,1,2.0,45.0,1.0,-9.0,4.0,623M,14.0,22724.0,2113.0
2645459,2645460,17.0,1071855,2,1,2,4,6.0,-9.0,-9.0,14.0,4.0,-9,0.0,22724.0,2113.0
2645460,2645461,42.0,1071855,3,2,12,2,1.0,32.0,1.0,-9.0,4.0,6231,14.0,22724.0,2113.0
2645461,2645462,21.0,1071855,4,1,12,2,6.0,-9.0,-9.0,-9.0,4.0,-9,0.0,22724.0,2113.0
2645462,2645463,38.0,1071856,1,1,0,1,2.0,45.0,1.0,-9.0,4.0,623M,14.0,22724.0,2113.0
2645463,2645464,17.0,1071856,2,1,2,4,6.0,-9.0,-9.0,14.0,4.0,-9,0.0,22724.0,2113.0
2645464,2645465,42.0,1071856,3,2,12,2,1.0,32.0,1.0,-9.0,4.0,6231,14.0,22724.0,2113.0
2645465,2645466,21.0,1071856,4,1,12,2,6.0,-9.0,-9.0,-9.0,4.0,-9,0.0,22724.0,2113.0
2645466,2645467,38.0,1071857,1,1,0,1,2.0,45.0,1.0,-9.0,4.0,623M,14.0,22724.0,2113.0
2645467,2645468,17.0,1071857,2,1,2,4,6.0,-9.0,-9.0,14.0,4.0,-9,0.0,22724.0,2113.0
2645468,2645469,42.0,1071857,3,2,12,2,1.0,32.0,1.0,-9.0,4.0,6231,14.0,22724.0,2113.0
2645469,2645470,21.0,1071857,4,1,12,2,6.0,-9.0,-9.0,-9.0,4.0,-9,0.0,22724.0,2113.0
2645470,2645471,38.0,1071858,1,1,0,1,2.0,45.0,1.0,-9.0,4.0,623M,14.0,22724.0,2113.0
2645471,2645472,17.0,1071858,2,1,2,4,6.0,-9.0,-9.0,14.0,4.0,-9,0.0,22724.0,2113.0
2645472,2645473,42.0,1071858,3,2,12,2,1.0,32.0,1.0,-9.0,4.0,6231,14.0,22724.0,2113.0
2645473,2645474,21.0,1071858,4,1,12,2,6.0,-9.0,-9.0,-9.0,4.0,-9,0.0,22724.0,2113.0
2645474,2645475,38.0,1071859,1,1,0,1,2.0,45.0,1.0,-9.0,4.0,623M,14.0,22726.0,2113.0
2645475,2645476,17.0,1071859,2,1,2,4,6.0,-9.0,-9.0,14.0,4.0,-9,0.0,22726.0,2113.0
2645476,2645477,42.0,1071859,3,2,12,2,1.0,32.0,1.0,-9.0,4.0,6231,14.0,22726.0,2113.0
2645477,2645478,21.0,1071859,4,1,12,2,6.0,-9.0,-9.0,-9.0,4.0,-9,0.0,22726.0,2113.0
2645478,2645479,38.0,1071860,1,1,0,1,2.0,45.0,1.0,-9.0,4.0,623M,14.0,22724.0,2113.0
2645479,2645480,17.0,1071860,2,1,2,4,6.0,-9.0,-9.0,14.0,4.0,-9,0.0,22724.0,2113.0
2645480,2645481,42.0,1071860,3,2,12,2,1.0,32.0,1.0,-9.0,4.0,6231,14.0,22724.0,2113.0
2645481,2645482,21.0,1071860,4,1,12,2,6.0,-9.0,-9.0,-9.0,4.0,-9,0.0,22724.0,2113.0
2645482,2645483,38.0,1071861,1,1,0,1,2.0,45.0,1.0,-9.0,4.0,623M,14.0,22724.0,2113.0
2645483,2645484,17.0,1071861,2,1,2,4,6.0,-9.0,-9.0,14.0,4.0,-9,0.0,22724.0,2113.0
2645484,2645485,42.0,1071861,3,2,12,2,1.0,32.0,1.0,-9.0,4.0,6231,14.0,22724.0,2113.0
2645485,2645486,21.0,1071861,4,1,12,2,6.0,-9.0,-9.0,-9.0,4.0,-9,0.0,22724.0,2113.0
2645486,2645487,38.0,1071862,1,1,0,1,2.0,45.0,1.0,-9.0,4.0,623M,14.0,22724.0,2113.0
2645487,2645488,17.0,1071862,2,1,2,4,6.0,-9.0,-9.0,14.0,4.0,-9,0.0,22724.0,2113.0
2645488,2645489,42.0,1071862,3,2,12,2,1.0,32.0,1.0,-9.0,4.0,6231,14.0,22724.0,2113.0
2645489,2645490,21.0,1071862,4,1,12,2,6.0,-9.0,-9.0,-9.0,4.0,-9,0.0,22724.0,2113.0
2645490,2645491,38.0,1071863,1,1,0,1,2.0,45.0,1.0,-9.0,4.0,623M,14.0,22726.0,2113.0
2645491,2645492,17.0,1071863,2,1,2,4,6.0,-9.0,-9.0,14.0,4.0,-9,0.0,22726.0,2113.0
2645492,2645493,42.0,1071863,3,2,12,2,1.0,32.0,1.0,-9.0,4.0,6231,14.0,22726.0,2113.0
2645493,2645494,21.0,1071863,4,1,12,2,6.0,-9.0,-9.0,-9.0,4.0,-9,0.0,22726.0,2113.0
2645494,2645495,38.0,1071864,1,1,0,1,2.0,45.0,1.0,-9.0,4.0,623M,14.0,22724.0,2113.0
2645495,2645496,17.0,1071864,2,1,2,4,6.0,-9.0,-9.0,14.0,4.0,-9,0.0,22724.0,2113.0
2645496,2645497,42.0,1071864,3,2,12,2,1.0,32.0,1.0,-9.0,4.0,6231,14.0,22724.0,2113.0
2645497,2645498,21.0,1071864,4,1,12,2,6.0,-9.0,-9.0,-9.0,4.0,-9,0.0,22724.0,2113.0
2645498,2645499,38.0,1071865,1,1,0,1,2.0,45.0,1.0,-9.0,4.0,623M,14.0,22724.0,2113.0
2645499,2645500,17.0,1071865,2,1,2,4,6.0,-9.0,-9.0,14.0,4.0,-9,0.0,22724.0,2113.0
2645500,2645501,42.0,1071865,3,2,12,2,1.0,32.0,1.0,-9.0,4.0,6231,14.0,22724.0,2113.0
2645501,2645502,21.0,1071865,4,1,12,2,6.0,-9.0,-9.0,-9.0,4.0,-9,0.0,22724.0,2113.0
2645502,2645503,38.0,1071866,1,1,0,1,2.0,45.0,1.0,-9.0,4.0,623M,14.0,22724.0,2113.0
2645503,2645504,17.0,1071866,2,1,2,4,6.0,-9.0,-9.0,14.0,4.0,-9,0.0,22724.0,2113.0
2645504,2645505,42.0,1071866,3,2,12,2,1.0,32.0,1.0,-9.0,4.0,6231,14.0,22724.0,2113.0
2645505,2645506,21.0,1071866,4,1,12,2,6.0,-9.0,-9.0,-9.0,4.0,-9,0.0,22724.0,2113.0
2645506,2645507,38.0,1071867,1,1,0,1,2.0,45.0,1.0,-9.0,4.0,623M,14.0,22724.0,2113.0
2645507,2645508,17.0,1071867,2,1,2,4,6.0,-9.0,-9.0,14.0,4.0,-9,0.0,22724.0,2113.0
2645508,2645509,42.0,1071867,3,2,12,2,1.0,32.0,1.0,-9.0,4.0,6231,14.0,22724.0,2113.0
2645509,2645510,21.0,1071867,4,1,12,2,6.0,-9.0,-9.0,-9.0,4.0,-9,0.0,22724.0,2113.0
2645510,2645511,38.0,1071868,1,1,0,1,2.0,45.0,1.0,-9.0,4.0,623M,14.0,22724.0,2113.0
2645511,2645512,17.0,1071868,2,1,2,4,6.0,-9.0,-9.0,14.0,4.0,-9,0.0,22724.0,2113.0
2645512,2645513,42.0,1071868,3,2,12,2,1.0,32.0,1.0,-9.0,4.0,6231,14.0,22724.0,2113.0
2645513,2645514,21.0,1071868,4,1,12,2,6.0,-9.0,-9.0,-9.0,4.0,-9,0.0,22724.0,2113.0
2645514,2645515,38.0,1071869,1,1,0,1,2.0,45.0,1.0,-9.0,4.0,623M,14.0,22724.0,2113.0
2645515,2645516,17.0,1071869,2,1,2,4,6.0,-9.0,-9.0,14.0,4.0,-9,0.0,22724.0,2113.0
2645516,2645517,42.0,1071869,3,2,12,2,1.0,32.0,1.0,-9.0,4.0,6231,14.0,22724.0,2113.0
2645517,2645518,21.0,1071869,4,1,12,2,6.0,-9.0,-9.0,-9.0,4.0,-9,0.0,22724.0,2113.0
2645518,2645519,38.0,1071870,1,1,0,1,2.0,45.0,1.0,-9.0,4.0,623M,14.0,22724.0,2113.0
2645519,2645520,17.0,1071870,2,1,2,4,6.0,-9.0,-9.0,14.0,4.0,-9,0.0,22724.0,2113.0
2645520,2645521,42.0,1071870,3,2,12,2,1.0,32.0,1.0,-9.0,4.0,6231,14.0,22724.0,2113.0
2645521,2645522,21.0,1071870,4,1,12,2,6.0,-9.0,-9.0,-9.0,4.0,-9,0.0,22724.0,2113.0
2645522,2645523,38.0,1071871,1,1,0,1,2.0,45.0,1.0,-9.0,4.0,623M,14.0,22724.0,2113.0
2645523,2645524,17.0,1071871,2,1,2,4,6.0,-9.0,-9.0,14.0,4.0,-9,0.0,22724.0,2113.0
2645524,2645525,42.0,1071871,3,2,12,2,1.0,32.0,1.0,-9.0,4.0,6231,14.0,22724.0,2113.0
2645525,2645526,21.0,1071871,4,1,12,2,6.0,-9.0,-9.0,-9.0,4.0,-9,0.0,22724.0,2113.0
2645526,2645527,38.0,1071872,1,1,0,1,2.0,45.0,1.0,-9.0,4.0,623M,14.0,22725.0,2113.0
2645527,2645528,17.0,1071872,2,1,2,4,6.0,-9.0,-9.0,14.0,4.0,-9,0.0,22725.0,2113.0
2645528,2645529,42.0,1071872,3,2,12,2,1.0,32.0,1.0,-9.0,4.0,6231,14.0,22725.0,2113.0
2645529,2645530,21.0,1071872,4,1,12,2,6.0,-9.0,-9.0,-9.0,4.0,-9,0.0,22725.0,2113.0
2645530,2645531,38.0,1071873,1,1,0,1,2.0,45.0,1.0,-9.0,4.0,623M,14.0,22722.0,2113.0
2645531,2645532,17.0,1071873,2,1,2,4,6.0,-9.0,-9.0,14.0,4.0,-9,0.0,22722.0,2113.0
2645532,2645533,42.0,1071873,3,2,12,2,1.0,32.0,1.0,-9.0,4.0,6231,14.0,22722.0,2113.0
2645533,2645534,21.0,1071873,4,1,12,2,6.0,-9.0,-9.0,-9.0,4.0,-9,0.0,22722.0,2113.0
2645534,2645535,38.0,1071874,1,1,0,1,2.0,45.0,1.0,-9.0,4.0,623M,14.0,22724.0,2113.0
2645535,2645536,17.0,1071874,2,1,2,4,6.0,-9.0,-9.0,14.0,4.0,-9,0.0,22724.0,2113.0
2645536,2645537,42.0,1071874,3,2,12,2,1.0,32.0,1.0,-9.0,4.0,6231,14.0,22724.0,2113.0
2645537,2645538,21.0,1071874,4,1,12,2,6.0,-9.0,-9.0,-9.0,4.0,-9,0.0,22724.0,2113.0
2645538,2645539,38.0,1071875,1,1,0,1,2.0,45.0,1.0,-9.0,4.0,623M,14.0,22724.0,2113.0
2645539,2645540,17.0,1071875,2,1,2,4,6.0,-9.0,-9.0,14.0,4.0,-9,0.0,22724.0,2113.0
2645540,2645541,42.0,1071875,3,2,12,2,1.0,32.0,1.0,-9.0,4.0,6231,14.0,22724.0,2113.0
2645541,2645542,21.0,1071875,4,1,12,2,6.0,-9.0,-9.0,-9.0,4.0,-9,0.0,22724.0,2113.0
2645542,2645543,19.0,1071876,1,1,0,4,1.0,23.0,1.0,14.0,4.0,4411,5.0,22722.0,2113.0
2645543,2645544,56.0,1071876,2,2,10,4,6.0,-9.0,-9.0,-9.0,4.0,-9,0.0,22722.0,2113.0
2645544,2645545,19.0,1071877,1,1,0,4,1.0,23.0,1.0,14.0,4.0,4411,5.0,22724.0,2113.0
2645545,2645546,56.0,1071877,2,2,10,4,6.0,-9.0,-9.0,-9.0,4.0,-9,0.0,22724.0,2113.0
2645546,2645547,19.0,1071878,1,1,0,4,1.0,23.0,1.0,14.0,4.0,4411,5.0,22726.0,2113.0
2645547,2645548,56.0,1071878,2,2,10,4,6.0,-9.0,-9.0,-9.0,4.0,-9,0.0,22726.0,2113.0
2645548,2645549,24.0,1071879,1,2,0,4,1.0,38.0,1.0,15.0,4.0,44511,5.0,22724.0,2113.0
2645549,2645550,24.0,1071880,1,2,0,4,1.0,38.0,1.0,15.0,4.0,44511,5.0,22724.0,2113.0
2645550,2645551,24.0,1071881,1,2,0,4,1.0,38.0,1.0,15.0,4.0,44511,5.0,22724.0,2113.0
2645551,2645552,24.0,1071882,1,2,0,4,1.0,38.0,1.0,15.0,4.0,44511,5.0,22724.0,2113.0
2645552,2645553,24.0,1071883,1,2,0,4,1.0,38.0,1.0,15.0,4.0,44511,5.0,22723.0,2113.0
2645553,2645554,24.0,1071884,1,2,0,4,1.0,38.0,1.0,15.0,4.0,44511,5.0,22724.0,2113.0
2645554,2645555,24.0,1071885,1,2,0,4,1.0,38.0,1.0,15.0,4.0,44511,5.0,22724.0,2113.0
2645555,2645556,24.0,1071886,1,2,0,4,1.0,38.0,1.0,15.0,4.0,44511,5.0,22721.0,2113.0
2645556,2645557,24.0,1071887,1,2,0,4,1.0,38.0,1.0,15.0,4.0,44511,5.0,22728.0,2113.0
2645557,2645558,24.0,1071888,1,2,0,4,1.0,38.0,1.0,15.0,4.0,44511,5.0,22724.0,2113.0
2645558,2645559,23.0,1071889,1,1,0,2,1.0,36.0,1.0,15.0,4.0,52M1,9.0,22729.0,2113.0
2645559,2645560,22.0,1071889,2,2,13,2,1.0,35.0,1.0,15.0,4.0,6231,14.0,22729.0,2113.0
2645560,2645561,19.0,1071890,1,1,0,2,6.0,-9.0,-9.0,15.0,4.0,-9,0.0,22723.0,2113.0
2645561,2645562,20.0,1071890,2,1,12,2,6.0,-9.0,-9.0,15.0,4.0,-9,0.0,22723.0,2113.0
2645562,2645563,19.0,1071891,1,1,0,2,6.0,-9.0,-9.0,15.0,4.0,-9,0.0,22724.0,2113.0
2645563,2645564,20.0,1071891,2,1,12,2,6.0,-9.0,-9.0,15.0,4.0,-9,0.0,22724.0,2113.0
2645564,2645565,23.0,1071892,1,2,0,2,1.0,36.0,1.0,16.0,4.0,622M,15.0,22724.0,2113.0
2645565,2645566,23.0,1071893,1,2,0,2,1.0,36.0,1.0,16.0,4.0,622M,15.0,22724.0,2113.0
2645566,2645567,23.0,1071894,1,2,0,2,1.0,36.0,1.0,16.0,4.0,622M,15.0,22724.0,2113.0
2645567,2645568,23.0,1071895,1,2,0,2,1.0,36.0,1.0,16.0,4.0,622M,15.0,22724.0,2113.0
2645568,2645569,23.0,1071896,1,2,0,2,1.0,36.0,1.0,16.0,4.0,622M,15.0,22724.0,2113.0
2645569,2645570,23.0,1071897,1,2,0,2,1.0,36.0,1.0,16.0,4.0,622M,15.0,22722.0,2113.0
2645570,2645571,23.0,1071898,1,2,0,2,1.0,36.0,1.0,16.0,4.0,622M,15.0,22724.0,2113.0
2645571,2645572,23.0,1071899,1,2,0,2,1.0,36.0,1.0,16.0,4.0,622M,15.0,22724.0,2113.0
2645572,2645573,23.0,1071900,1,2,0,2,1.0,36.0,1.0,16.0,4.0,622M,15.0,22724.0,2113.0
2645573,2645574,23.0,1071901,1,2,0,2,1.0,36.0,1.0,16.0,4.0,622M,15.0,22726.0,2113.0
2645574,2645575,23.0,1071902,1,2,0,2,1.0,36.0,1.0,16.0,4.0,622M,15.0,22724.0,2113.0
2645575,2645576,23.0,1071903,1,2,0,2,1.0,36.0,1.0,16.0,4.0,622M,15.0,22724.0,2113.0
2645576,2645577,20.0,1071904,1,1,0,2,1.0,40.0,1.0,15.0,4.0,92MP,18.0,22725.0,2113.0
2645577,2645578,21.0,1071904,2,1,5,2,1.0,30.0,5.0,-9.0,4.0,8111Z,17.0,22725.0,2113.0
2645578,2645579,20.0,1071905,1,1,0,2,1.0,40.0,1.0,15.0,4.0,92MP,18.0,22724.0,2113.0
2645579,2645580,21.0,1071905,2,1,5,2,1.0,30.0,5.0,-9.0,4.0,8111Z,17.0,22724.0,2113.0
2645580,2645581,20.0,1071906,1,1,0,2,1.0,40.0,1.0,15.0,4.0,92MP,18.0,22730.0,2113.0
2645581,2645582,21.0,1071906,2,1,5,2,1.0,30.0,5.0,-9.0,4.0,8111Z,17.0,22730.0,2113.0
2645582,2645583,20.0,1071907,1,1,0,2,1.0,40.0,1.0,15.0,4.0,92MP,18.0,22726.0,2113.0
2645583,2645584,21.0,1071907,2,1,5,2,1.0,30.0,5.0,-9.0,4.0,8111Z,17.0,22726.0,2113.0
2645584,2645585,20.0,1071908,1,1,0,2,1.0,40.0,1.0,15.0,4.0,92MP,18.0,22728.0,2113.0
2645585,2645586,21.0,1071908,2,1,5,2,1.0,30.0,5.0,-9.0,4.0,8111Z,17.0,22728.0,2113.0
2645586,2645587,20.0,1071909,1,1,0,2,1.0,40.0,1.0,15.0,4.0,92MP,18.0,22728.0,2113.0
2645587,2645588,21.0,1071909,2,1,5,2,1.0,30.0,5.0,-9.0,4.0,8111Z,17.0,22728.0,2113.0
2645588,2645589,21.0,1071910,1,1,0,2,1.0,32.0,1.0,15.0,4.0,7211,16.0,22721.0,2113.0
2645589,2645590,21.0,1071910,2,1,12,2,1.0,32.0,1.0,15.0,4.0,7211,16.0,22721.0,2113.0
2645590,2645591,21.0,1071911,1,1,0,2,1.0,32.0,1.0,15.0,4.0,7211,16.0,22725.0,2113.0
2645591,2645592,21.0,1071911,2,1,12,2,1.0,32.0,1.0,15.0,4.0,7211,16.0,22725.0,2113.0
2645592,2645593,21.0,1071912,1,1,0,2,1.0,32.0,1.0,15.0,4.0,7211,16.0,22728.0,2113.0
2645593,2645594,21.0,1071912,2,1,12,2,1.0,32.0,1.0,15.0,4.0,7211,16.0,22728.0,2113.0
2645594,2645595,21.0,1071913,1,1,0,2,1.0,32.0,1.0,15.0,4.0,7211,16.0,22724.0,2113.0
2645595,2645596,21.0,1071913,2,1,12,2,1.0,32.0,1.0,15.0,4.0,7211,16.0,22724.0,2113.0
2645596,2645597,21.0,1071914,1,1,0,2,1.0,32.0,1.0,15.0,4.0,7211,16.0,22730.0,2113.0
2645597,2645598,21.0,1071914,2,1,12,2,1.0,32.0,1.0,15.0,4.0,7211,16.0,22730.0,2113.0
2645598,2645599,21.0,1071915,1,1,0,2,1.0,32.0,1.0,15.0,4.0,7211,16.0,22724.0,2113.0
2645599,2645600,21.0,1071915,2,1,12,2,1.0,32.0,1.0,15.0,4.0,7211,16.0,22724.0,2113.0
2645600,2645601,21.0,1071916,1,1,0,2,1.0,32.0,1.0,15.0,4.0,7211,16.0,22724.0,2113.0
2645601,2645602,21.0,1071916,2,1,12,2,1.0,32.0,1.0,15.0,4.0,7211,16.0,22724.0,2113.0
2645602,2645603,21.0,1071917,1,1,0,2,1.0,32.0,1.0,15.0,4.0,7211,16.0,22722.0,2113.0
2645603,2645604,21.0,1071917,2,1,12,2,1.0,32.0,1.0,15.0,4.0,7211,16.0,22722.0,2113.0
2645604,2645605,21.0,1071918,1,1,0,2,1.0,32.0,1.0,15.0,4.0,7211,16.0,22724.0,2113.0
2645605,2645606,21.0,1071918,2,1,12,2,1.0,32.0,1.0,15.0,4.0,7211,16.0,22724.0,2113.0
2645606,2645607,21.0,1071919,1,1,0,2,1.0,32.0,1.0,15.0,4.0,7211,16.0,22724.0,2113.0
2645607,2645608,21.0,1071919,2,1,12,2,1.0,32.0,1.0,15.0,4.0,7211,16.0,22724.0,2113.0
2645608,2645609,21.0,1071920,1,1,0,2,1.0,32.0,1.0,15.0,4.0,7211,16.0,22724.0,2113.0
2645609,2645610,21.0,1071920,2,1,12,2,1.0,32.0,1.0,15.0,4.0,7211,16.0,22724.0,2113.0
2645610,2645611,21.0,1071921,1,1,0,2,1.0,32.0,1.0,15.0,4.0,7211,16.0,22724.0,2113.0
2645611,2645612,21.0,1071921,2,1,12,2,1.0,32.0,1.0,15.0,4.0,7211,16.0,22724.0,2113.0
2645612,2645613,21.0,1071922,1,1,0,2,1.0,32.0,1.0,15.0,4.0,7211,16.0,22724.0,2113.0
2645613,2645614,21.0,1071922,2,1,12,2,1.0,32.0,1.0,15.0,4.0,7211,16.0,22724.0,2113.0
2645614,2645615,21.0,1071923,1,1,0,2,1.0,32.0,1.0,15.0,4.0,7211,16.0,22724.0,2113.0
2645615,2645616,21.0,1071923,2,1,12,2,1.0,32.0,1.0,15.0,4.0,7211,16.0,22724.0,2113.0
2645616,2645617,21.0,1071924,1,1,0,2,1.0,32.0,1.0,15.0,4.0,7211,16.0,22724.0,2113.0
2645617,2645618,21.0,1071924,2,1,12,2,1.0,32.0,1.0,15.0,4.0,7211,16.0,22724.0,2113.0
2645618,2645619,21.0,1071925,1,1,0,2,1.0,32.0,1.0,15.0,4.0,7211,16.0,22720.0,2113.0
2645619,2645620,21.0,1071925,2,1,12,2,1.0,32.0,1.0,15.0,4.0,7211,16.0,22720.0,2113.0
2645620,2645621,21.0,1071926,1,1,0,2,1.0,32.0,1.0,15.0,4.0,7211,16.0,22724.0,2113.0
2645621,2645622,21.0,1071926,2,1,12,2,1.0,32.0,1.0,15.0,4.0,7211,16.0,22724.0,2113.0
2645622,2645623,21.0,1071927,1,1,0,2,1.0,32.0,1.0,15.0,4.0,7211,16.0,22723.0,2113.0
2645623,2645624,21.0,1071927,2,1,12,2,1.0,32.0,1.0,15.0,4.0,7211,16.0,22723.0,2113.0
2645624,2645625,21.0,1071928,1,1,0,2,1.0,32.0,1.0,15.0,4.0,7211,16.0,22723.0,2113.0
2645625,2645626,21.0,1071928,2,1,12,2,1.0,32.0,1.0,15.0,4.0,7211,16.0,22723.0,2113.0
2645626,2645627,21.0,1071929,1,1,0,2,1.0,32.0,1.0,15.0,4.0,7211,16.0,22724.0,2113.0
2645627,2645628,21.0,1071929,2,1,12,2,1.0,32.0,1.0,15.0,4.0,7211,16.0,22724.0,2113.0
2645628,2645629,21.0,1071930,1,1,0,2,1.0,32.0,1.0,15.0,4.0,7211,16.0,22721.0,2113.0
2645629,2645630,21.0,1071930,2,1,12,2,1.0,32.0,1.0,15.0,4.0,7211,16.0,22721.0,2113.0
2645630,2645631,21.0,1071931,1,1,0,2,1.0,32.0,1.0,15.0,4.0,7211,16.0,22724.0,2113.0
2645631,2645632,21.0,1071931,2,1,12,2,1.0,32.0,1.0,15.0,4.0,7211,16.0,22724.0,2113.0
2645632,2645633,21.0,1071932,1,1,0,2,1.0,32.0,1.0,15.0,4.0,7211,16.0,22724.0,2113.0
2645633,2645634,21.0,1071932,2,1,12,2,1.0,32.0,1.0,15.0,4.0,7211,16.0,22724.0,2113.0
2645634,2645635,21.0,1071933,1,1,0,2,1.0,32.0,1.0,15.0,4.0,7211,16.0,22724.0,2113.0
2645635,2645636,21.0,1071933,2,1,12,2,1.0,32.0,1.0,15.0,4.0,7211,16.0,22724.0,2113.0
2645636,2645637,21.0,1071934,1,1,0,2,1.0,32.0,1.0,15.0,4.0,7211,16.0,22720.0,2113.0
2645637,2645638,21.0,1071934,2,1,12,2,1.0,32.0,1.0,15.0,4.0,7211,16.0,22720.0,2113.0
2645638,2645639,21.0,1071935,1,1,0,2,1.0,32.0,1.0,15.0,4.0,7211,16.0,22724.0,2113.0
2645639,2645640,21.0,1071935,2,1,12,2,1.0,32.0,1.0,15.0,4.0,7211,16.0,22724.0,2113.0
2645640,2645641,21.0,1071936,1,1,0,2,1.0,32.0,1.0,15.0,4.0,7211,16.0,22726.0,2113.0
2645641,2645642,21.0,1071936,2,1,12,2,1.0,32.0,1.0,15.0,4.0,7211,16.0,22726.0,2113.0
2645642,2645643,21.0,1071937,1,1,0,2,1.0,32.0,1.0,15.0,4.0,7211,16.0,22724.0,2113.0
2645643,2645644,21.0,1071937,2,1,12,2,1.0,32.0,1.0,15.0,4.0,7211,16.0,22724.0,2113.0
2645644,2645645,23.0,1071938,1,2,0,2,1.0,30.0,1.0,16.0,4.0,4483,5.0,22724.0,2113.0
2645645,2645646,23.0,1071939,1,2,0,2,1.0,30.0,1.0,16.0,4.0,4483,5.0,22724.0,2113.0
2645646,2645647,23.0,1071940,1,2,0,2,1.0,30.0,1.0,16.0,4.0,4483,5.0,22721.0,2113.0
2645647,2645648,23.0,1071941,1,2,0,2,1.0,30.0,1.0,16.0,4.0,4483,5.0,22720.0,2113.0
2645648,2645649,23.0,1071942,1,2,0,2,1.0,30.0,1.0,16.0,4.0,4483,5.0,22724.0,2113.0
2645649,2645650,23.0,1071943,1,2,0,2,1.0,30.0,1.0,16.0,4.0,4483,5.0,22722.0,2113.0
2645650,2645651,23.0,1071944,1,2,0,2,1.0,30.0,1.0,16.0,4.0,4483,5.0,22725.0,2113.0
2645651,2645652,23.0,1071945,1,2,0,2,1.0,30.0,1.0,16.0,4.0,4483,5.0,22726.0,2113.0
2645652,2645653,23.0,1071946,1,2,0,2,1.0,30.0,1.0,16.0,4.0,4483,5.0,22724.0,2113.0
2645653,2645654,23.0,1071947,1,2,0,2,1.0,30.0,1.0,16.0,4.0,4483,5.0,22729.0,2113.0
2645654,2645655,23.0,1071948,1,2,0,2,1.0,30.0,1.0,16.0,4.0,4483,5.0,22724.0,2113.0
2645655,2645656,23.0,1071949,1,2,0,2,1.0,30.0,1.0,16.0,4.0,4483,5.0,22724.0,2113.0
2645656,2645657,23.0,1071950,1,2,0,2,1.0,30.0,1.0,16.0,4.0,4483,5.0,22726.0,2113.0
2645657,2645658,23.0,1071951,1,2,0,2,1.0,30.0,1.0,16.0,4.0,4483,5.0,22721.0,2113.0
2645658,2645659,23.0,1071952,1,2,0,2,1.0,30.0,1.0,16.0,4.0,4483,5.0,22722.0,2113.0
2645659,2645660,23.0,1071953,1,2,0,2,1.0,30.0,1.0,16.0,4.0,4483,5.0,22724.0,2113.0
2645660,2645661,23.0,1071954,1,2,0,2,1.0,30.0,1.0,16.0,4.0,4483,5.0,22724.0,2113.0
2645661,2645662,19.0,1071955,1,2,0,2,1.0,30.0,1.0,15.0,4.0,722Z,16.0,22725.0,2113.0
2645662,2645663,19.0,1071955,2,2,12,2,1.0,25.0,4.0,15.0,4.0,722Z,16.0,22725.0,2113.0
2645663,2645664,19.0,1071956,1,2,0,2,1.0,30.0,1.0,15.0,4.0,722Z,16.0,22724.0,2113.0
2645664,2645665,19.0,1071956,2,2,12,2,1.0,25.0,4.0,15.0,4.0,722Z,16.0,22724.0,2113.0
2645665,2645666,19.0,1071957,1,2,0,2,1.0,30.0,1.0,15.0,4.0,722Z,16.0,22724.0,2113.0
2645666,2645667,19.0,1071957,2,2,12,2,1.0,25.0,4.0,15.0,4.0,722Z,16.0,22724.0,2113.0
2645667,2645668,19.0,1071958,1,2,0,2,1.0,30.0,1.0,15.0,4.0,722Z,16.0,22724.0,2113.0
2645668,2645669,19.0,1071958,2,2,12,2,1.0,25.0,4.0,15.0,4.0,722Z,16.0,22724.0,2113.0
2645669,2645670,19.0,1071959,1,2,0,2,1.0,30.0,1.0,15.0,4.0,722Z,16.0,22724.0,2113.0
2645670,2645671,19.0,1071959,2,2,12,2,1.0,25.0,4.0,15.0,4.0,722Z,16.0,22724.0,2113.0
2645671,2645672,19.0,1071960,1,2,0,2,1.0,30.0,1.0,15.0,4.0,722Z,16.0,22724.0,2113.0
2645672,2645673,19.0,1071960,2,2,12,2,1.0,25.0,4.0,15.0,4.0,722Z,16.0,22724.0,2113.0
2645673,2645674,24.0,1071961,1,2,0,2,1.0,15.0,4.0,-9.0,4.0,622M,15.0,22724.0,2113.0
2645674,2645675,24.0,1071962,1,2,0,2,1.0,15.0,4.0,-9.0,4.0,622M,15.0,22724.0,2113.0
2645675,2645676,24.0,1071963,1,2,0,2,1.0,15.0,4.0,-9.0,4.0,622M,15.0,22724.0,2113.0
2645676,2645677,23.0,1071964,1,2,0,2,1.0,25.0,1.0,-9.0,4.0,4481,5.0,22724.0,2113.0
2645677,2645678,23.0,1071965,1,2,0,2,1.0,25.0,1.0,-9.0,4.0,4481,5.0,22726.0,2113.0
2645678,2645679,23.0,1071966,1,2,0,2,1.0,25.0,1.0,-9.0,4.0,4481,5.0,22724.0,2113.0
2645679,2645680,23.0,1071967,1,2,0,2,1.0,25.0,1.0,-9.0,4.0,4481,5.0,22728.0,2113.0
2645680,2645681,23.0,1071968,1,1,0,2,1.0,40.0,5.0,16.0,4.0,722Z,16.0,22724.0,2113.0
2645681,2645682,23.0,1071969,1,1,0,2,1.0,40.0,5.0,16.0,4.0,722Z,16.0,22724.0,2113.0
2645682,2645683,23.0,1071970,1,1,0,2,1.0,38.0,1.0,-9.0,4.0,722Z,16.0,22724.0,2113.0
2645683,2645684,23.0,1071971,1,1,0,2,1.0,38.0,1.0,-9.0,4.0,722Z,16.0,22724.0,2113.0
2645684,2645685,23.0,1071972,1,1,0,2,1.0,40.0,5.0,16.0,4.0,722Z,16.0,22722.0,2113.0
2645685,2645686,23.0,1071973,1,1,0,2,1.0,38.0,1.0,-9.0,4.0,722Z,16.0,22728.0,2113.0
2645686,2645687,23.0,1071974,1,1,0,2,1.0,38.0,1.0,-9.0,4.0,722Z,16.0,22724.0,2113.0
2645687,2645688,23.0,1071975,1,1,0,2,1.0,38.0,1.0,-9.0,4.0,722Z,16.0,22724.0,2113.0
2645688,2645689,23.0,1071976,1,1,0,2,1.0,40.0,5.0,16.0,4.0,722Z,16.0,22724.0,2113.0
2645689,2645690,23.0,1071977,1,1,0,2,1.0,40.0,5.0,16.0,4.0,722Z,16.0,22721.0,2113.0
2645690,2645691,23.0,1071978,1,1,0,2,1.0,38.0,1.0,-9.0,4.0,722Z,16.0,22724.0,2113.0
2645691,2645692,23.0,1071979,1,1,0,2,1.0,38.0,1.0,-9.0,4.0,722Z,16.0,22724.0,2113.0
2645692,2645693,23.0,1071980,1,1,0,2,1.0,38.0,1.0,-9.0,4.0,722Z,16.0,22724.0,2113.0
2645693,2645694,23.0,1071981,1,1,0,2,1.0,38.0,1.0,-9.0,4.0,722Z,16.0,22724.0,2113.0
2645694,2645695,23.0,1071982,1,1,0,2,1.0,38.0,1.0,-9.0,4.0,722Z,16.0,22724.0,2113.0
2645695,2645696,23.0,1071983,1,1,0,2,1.0,38.0,1.0,-9.0,4.0,722Z,16.0,22728.0,2113.0
2645696,2645697,23.0,1071984,1,1,0,2,1.0,40.0,5.0,16.0,4.0,722Z,16.0,22724.0,2113.0
2645697,2645698,23.0,1071985,1,1,0,2,1.0,38.0,1.0,-9.0,4.0,722Z,16.0,22724.0,2113.0
2645698,2645699,23.0,1071986,1,1,0,2,1.0,40.0,5.0,16.0,4.0,722Z,16.0,22724.0,2113.0
2645699,2645700,23.0,1071987,1,1,0,2,1.0,40.0,5.0,16.0,4.0,722Z,16.0,22724.0,2113.0
2645700,2645701,24.0,1071988,1,1,0,2,1.0,50.0,4.0,-9.0,4.0,622M,15.0,22724.0,2113.0
2645701,2645702,23.0,1071989,1,1,0,2,1.0,32.0,1.0,15.0,4.0,44512,5.0,22724.0,2113.0
2645702,2645703,24.0,1071990,1,1,0,2,1.0,20.0,6.0,15.0,2.0,4511M,5.0,22724.0,2113.0
2645703,2645704,24.0,1071991,1,1,0,2,1.0,20.0,6.0,15.0,2.0,4511M,5.0,22724.0,2113.0
2645704,2645705,24.0,1071992,1,1,0,2,1.0,20.0,6.0,15.0,2.0,4511M,5.0,22721.0,2113.0
2645705,2645706,24.0,1071993,1,1,0,2,1.0,20.0,6.0,15.0,2.0,4511M,5.0,22724.0,2113.0
2645706,2645707,23.0,1071994,1,1,0,2,1.0,32.0,1.0,15.0,4.0,44512,5.0,22729.0,2113.0
2645707,2645708,24.0,1071995,1,1,0,2,1.0,20.0,6.0,15.0,2.0,4511M,5.0,22722.0,2113.0
2645708,2645709,23.0,1071996,1,1,0,2,1.0,32.0,1.0,15.0,4.0,44512,5.0,22724.0,2113.0
2645709,2645710,24.0,1071997,1,1,0,2,1.0,20.0,6.0,15.0,2.0,4511M,5.0,22724.0,2113.0
2645710,2645711,23.0,1071998,1,1,0,2,1.0,32.0,1.0,15.0,4.0,44512,5.0,22724.0,2113.0
2645711,2645712,24.0,1071999,1,1,0,2,1.0,20.0,6.0,15.0,2.0,4511M,5.0,22721.0,2113.0
2645712,2645713,22.0,1072000,1,2,0,2,1.0,30.0,1.0,15.0,4.0,447,5.0,22724.0,2113.0
2645713,2645714,22.0,1072001,1,2,0,2,1.0,30.0,1.0,15.0,4.0,447,5.0,22724.0,2113.0
2645714,2645715,22.0,1072002,1,2,0,2,1.0,30.0,1.0,15.0,4.0,447,5.0,22724.0,2113.0
2645715,2645716,22.0,1072003,1,2,0,2,1.0,30.0,1.0,15.0,4.0,447,5.0,22724.0,2113.0
2645716,2645717,22.0,1072004,1,2,0,2,1.0,30.0,1.0,15.0,4.0,447,5.0,22722.0,2113.0
2645717,2645718,23.0,1072005,1,1,0,2,1.0,29.0,3.0,15.0,4.0,6111,13.0,22724.0,2113.0
2645718,2645719,23.0,1072006,1,1,0,2,1.0,29.0,3.0,15.0,4.0,6111,13.0,22724.0,2113.0
2645719,2645720,23.0,1072007,1,1,0,2,1.0,29.0,3.0,15.0,4.0,6111,13.0,22723.0,2113.0
2645720,2645721,23.0,1072008,1,1,0,2,1.0,25.0,1.0,16.0,4.0,6111,13.0,22724.0,2113.0
2645721,2645722,23.0,1072009,1,1,0,2,1.0,29.0,3.0,15.0,4.0,6111,13.0,22724.0,2113.0
2645722,2645723,23.0,1072010,1,1,0,2,1.0,25.0,1.0,16.0,4.0,6111,13.0,22724.0,2113.0
2645723,2645724,23.0,1072011,1,2,0,2,1.0,43.0,1.0,-9.0,4.0,6241,14.0,22724.0,2113.0
2645724,2645725,5.0,1072011,2,2,2,2,-9.0,-9.0,-9.0,1.0,-9.0,-9,0.0,22724.0,2113.0
2645725,2645726,1.0,1072011,3,2,2,2,-9.0,-9.0,-9.0,-9.0,-9.0,-9,0.0,22724.0,2113.0
2645726,2645727,23.0,1072012,1,2,0,2,1.0,43.0,1.0,-9.0,4.0,6241,14.0,22725.0,2113.0
2645727,2645728,5.0,1072012,2,2,2,2,-9.0,-9.0,-9.0,1.0,-9.0,-9,0.0,22725.0,2113.0
2645728,2645729,1.0,1072012,3,2,2,2,-9.0,-9.0,-9.0,-9.0,-9.0,-9,0.0,22725.0,2113.0
2645729,2645730,23.0,1072013,1,2,0,2,1.0,43.0,1.0,-9.0,4.0,6241,14.0,22724.0,2113.0
2645730,2645731,5.0,1072013,2,2,2,2,-9.0,-9.0,-9.0,1.0,-9.0,-9,0.0,22724.0,2113.0
2645731,2645732,1.0,1072013,3,2,2,2,-9.0,-9.0,-9.0,-9.0,-9.0,-9,0.0,22724.0,2113.0
2645732,2645733,23.0,1072014,1,2,0,2,1.0,43.0,1.0,-9.0,4.0,6241,14.0,22724.0,2113.0
2645733,2645734,5.0,1072014,2,2,2,2,-9.0,-9.0,-9.0,1.0,-9.0,-9,0.0,22724.0,2113.0
2645734,2645735,1.0,1072014,3,2,2,2,-9.0,-9.0,-9.0,-9.0,-9.0,-9,0.0,22724.0,2113.0
2645735,2645736,23.0,1072015,1,2,0,2,1.0,43.0,1.0,-9.0,4.0,6241,14.0,22725.0,2113.0
2645736,2645737,5.0,1072015,2,2,2,2,-9.0,-9.0,-9.0,1.0,-9.0,-9,0.0,22725.0,2113.0
2645737,2645738,1.0,1072015,3,2,2,2,-9.0,-9.0,-9.0,-9.0,-9.0,-9,0.0,22725.0,2113.0
2645738,2645739,23.0,1072016,1,2,0,2,1.0,43.0,1.0,-9.0,4.0,6241,14.0,22722.0,2113.0
2645739,2645740,5.0,1072016,2,2,2,2,-9.0,-9.0,-9.0,1.0,-9.0,-9,0.0,22722.0,2113.0
2645740,2645741,1.0,1072016,3,2,2,2,-9.0,-9.0,-9.0,-9.0,-9.0,-9,0.0,22722.0,2113.0
2645741,2645742,23.0,1072017,1,2,0,2,1.0,43.0,1.0,-9.0,4.0,6241,14.0,22724.0,2113.0
2645742,2645743,5.0,1072017,2,2,2,2,-9.0,-9.0,-9.0,1.0,-9.0,-9,0.0,22724.0,2113.0
2645743,2645744,1.0,1072017,3,2,2,2,-9.0,-9.0,-9.0,-9.0,-9.0,-9,0.0,22724.0,2113.0
2645744,2645745,23.0,1072018,1,2,0,2,1.0,43.0,1.0,-9.0,4.0,6241,14.0,22730.0,2113.0
2645745,2645746,5.0,1072018,2,2,2,2,-9.0,-9.0,-9.0,1.0,-9.0,-9,0.0,22730.0,2113.0
2645746,2645747,1.0,1072018,3,2,2,2,-9.0,-9.0,-9.0,-9.0,-9.0,-9,0.0,22730.0,2113.0
2645747,2645748,23.0,1072019,1,2,0,2,1.0,43.0,1.0,-9.0,4.0,6241,14.0,22724.0,2113.0
2645748,2645749,5.0,1072019,2,2,2,2,-9.0,-9.0,-9.0,1.0,-9.0,-9,0.0,22724.0,2113.0
2645749,2645750,1.0,1072019,3,2,2,2,-9.0,-9.0,-9.0,-9.0,-9.0,-9,0.0,22724.0,2113.0
2645750,2645751,23.0,1072020,1,2,0,2,1.0,43.0,1.0,-9.0,4.0,6241,14.0,22724.0,2113.0
2645751,2645752,5.0,1072020,2,2,2,2,-9.0,-9.0,-9.0,1.0,-9.0,-9,0.0,22724.0,2113.0
2645752,2645753,1.0,1072020,3,2,2,2,-9.0,-9.0,-9.0,-9.0,-9.0,-9,0.0,22724.0,2113.0
2645753,2645754,23.0,1072021,1,2,0,2,1.0,43.0,1.0,-9.0,4.0,6241,14.0,22728.0,2113.0
2645754,2645755,5.0,1072021,2,2,2,2,-9.0,-9.0,-9.0,1.0,-9.0,-9,0.0,22728.0,2113.0
2645755,2645756,1.0,1072021,3,2,2,2,-9.0,-9.0,-9.0,-9.0,-9.0,-9,0.0,22728.0,2113.0
2645756,2645757,23.0,1072022,1,2,0,2,1.0,43.0,1.0,-9.0,4.0,6241,14.0,22724.0,2113.0
2645757,2645758,5.0,1072022,2,2,2,2,-9.0,-9.0,-9.0,1.0,-9.0,-9,0.0,22724.0,2113.0
2645758,2645759,1.0,1072022,3,2,2,2,-9.0,-9.0,-9.0,-9.0,-9.0,-9,0.0,22724.0,2113.0
2645759,2645760,23.0,1072023,1,2,0,2,1.0,43.0,1.0,-9.0,4.0,6241,14.0,22722.0,2113.0
2645760,2645761,5.0,1072023,2,2,2,2,-9.0,-9.0,-9.0,1.0,-9.0,-9,0.0,22722.0,2113.0
2645761,2645762,1.0,1072023,3,2,2,2,-9.0,-9.0,-9.0,-9.0,-9.0,-9,0.0,22722.0,2113.0
2645762,2645763,23.0,1072024,1,2,0,2,1.0,43.0,1.0,-9.0,4.0,6241,14.0,22724.0,2113.0
2645763,2645764,5.0,1072024,2,2,2,2,-9.0,-9.0,-9.0,1.0,-9.0,-9,0.0,22724.0,2113.0
2645764,2645765,1.0,1072024,3,2,2,2,-9.0,-9.0,-9.0,-9.0,-9.0,-9,0.0,22724.0,2113.0
2645765,2645766,23.0,1072025,1,2,0,2,1.0,43.0,1.0,-9.0,4.0,6241,14.0,22724.0,2113.0
2645766,2645767,5.0,1072025,2,2,2,2,-9.0,-9.0,-9.0,1.0,-9.0,-9,0.0,22724.0,2113.0
2645767,2645768,1.0,1072025,3,2,2,2,-9.0,-9.0,-9.0,-9.0,-9.0,-9,0.0,22724.0,2113.0
2645768,2645769,23.0,1072026,1,2,0,2,1.0,43.0,1.0,-9.0,4.0,6241,14.0,22724.0,2113.0
2645769,2645770,5.0,1072026,2,2,2,2,-9.0,-9.0,-9.0,1.0,-9.0,-9,0.0,22724.0,2113.0
2645770,2645771,1.0,1072026,3,2,2,2,-9.0,-9.0,-9.0,-9.0,-9.0,-9,0.0,22724.0,2113.0
2645771,2645772,23.0,1072027,1,2,0,2,1.0,43.0,1.0,-9.0,4.0,6241,14.0,22720.0,2113.0
2645772,2645773,5.0,1072027,2,2,2,2,-9.0,-9.0,-9.0,1.0,-9.0,-9,0.0,22720.0,2113.0
2645773,2645774,1.0,1072027,3,2,2,2,-9.0,-9.0,-9.0,-9.0,-9.0,-9,0.0,22720.0,2113.0
2645774,2645775,23.0,1072028,1,2,0,2,1.0,43.0,1.0,-9.0,4.0,6241,14.0,22724.0,2113.0
2645775,2645776,5.0,1072028,2,2,2,2,-9.0,-9.0,-9.0,1.0,-9.0,-9,0.0,22724.0,2113.0
2645776,2645777,1.0,1072028,3,2,2,2,-9.0,-9.0,-9.0,-9.0,-9.0,-9,0.0,22724.0,2113.0
2645777,2645778,23.0,1072029,1,2,0,2,1.0,43.0,1.0,-9.0,4.0,6241,14.0,22724.0,2113.0
2645778,2645779,5.0,1072029,2,2,2,2,-9.0,-9.0,-9.0,1.0,-9.0,-9,0.0,22724.0,2113.0
2645779,2645780,1.0,1072029,3,2,2,2,-9.0,-9.0,-9.0,-9.0,-9.0,-9,0.0,22724.0,2113.0
2645780,2645781,24.0,1072030,1,2,0,2,1.0,40.0,1.0,-9.0,4.0,621M,14.0,22725.0,2113.0
2645781,2645782,4.0,1072030,2,2,2,2,-9.0,-9.0,-9.0,-9.0,-9.0,-9,0.0,22725.0,2113.0
2645782,2645783,24.0,1072031,1,2,0,2,1.0,40.0,1.0,-9.0,4.0,621M,14.0,22720.0,2113.0
2645783,2645784,4.0,1072031,2,2,2,2,-9.0,-9.0,-9.0,-9.0,-9.0,-9,0.0,22720.0,2113.0
2645784,2645785,24.0,1072032,1,2,0,2,1.0,20.0,1.0,16.0,4.0,611M1,13.0,22728.0,2113.0
2645785,2645786,3.0,1072032,2,2,2,2,-9.0,-9.0,-9.0,1.0,-9.0,-9,0.0,22728.0,2113.0
2645786,2645787,24.0,1072033,1,2,0,2,1.0,40.0,1.0,-9.0,4.0,621M,14.0,22728.0,2113.0
2645787,2645788,4.0,1072033,2,2,2,2,-9.0,-9.0,-9.0,-9.0,-9.0,-9,0.0,22728.0,2113.0
2645788,2645789,24.0,1072034,1,2,0,2,1.0,40.0,1.0,-9.0,4.0,621M,14.0,22724.0,2113.0
2645789,2645790,4.0,1072034,2,2,2,2,-9.0,-9.0,-9.0,-9.0,-9.0,-9,0.0,22724.0,2113.0
2645790,2645791,24.0,1072035,1,2,0,2,1.0,40.0,1.0,-9.0,4.0,621M,14.0,22721.0,2113.0
2645791,2645792,4.0,1072035,2,2,2,2,-9.0,-9.0,-9.0,-9.0,-9.0,-9,0.0,22721.0,2113.0
2645792,2645793,24.0,1072036,1,2,0,2,1.0,40.0,1.0,-9.0,4.0,621M,14.0,22724.0,2113.0
2645793,2645794,4.0,1072036,2,2,2,2,-9.0,-9.0,-9.0,-9.0,-9.0,-9,0.0,22724.0,2113.0
2645794,2645795,24.0,1072037,1,2,0,2,1.0,40.0,1.0,-9.0,4.0,621M,14.0,22724.0,2113.0
2645795,2645796,4.0,1072037,2,2,2,2,-9.0,-9.0,-9.0,-9.0,-9.0,-9,0.0,22724.0,2113.0
2645796,2645797,24.0,1072038,1,2,0,2,1.0,40.0,1.0,-9.0,4.0,621M,14.0,22724.0,2113.0
2645797,2645798,4.0,1072038,2,2,2,2,-9.0,-9.0,-9.0,-9.0,-9.0,-9,0.0,22724.0,2113.0
2645798,2645799,24.0,1072039,1,2,0,2,1.0,40.0,1.0,-9.0,4.0,621M,14.0,22725.0,2113.0
2645799,2645800,4.0,1072039,2,2,2,2,-9.0,-9.0,-9.0,-9.0,-9.0,-9,0.0,22725.0,2113.0
2645800,2645801,24.0,1072040,1,2,0,2,1.0,40.0,1.0,-9.0,4.0,621M,14.0,22728.0,2113.0
2645801,2645802,4.0,1072040,2,2,2,2,-9.0,-9.0,-9.0,-9.0,-9.0,-9,0.0,22728.0,2113.0
2645802,2645803,24.0,1072041,1,2,0,2,1.0,40.0,1.0,-9.0,4.0,621M,14.0,22726.0,2113.0
2645803,2645804,4.0,1072041,2,2,2,2,-9.0,-9.0,-9.0,-9.0,-9.0,-9,0.0,22726.0,2113.0
2645804,2645805,24.0,1072042,1,2,0,2,1.0,20.0,1.0,16.0,4.0,611M1,13.0,22724.0,2113.0
2645805,2645806,3.0,1072042,2,2,2,2,-9.0,-9.0,-9.0,1.0,-9.0,-9,0.0,22724.0,2113.0
2645806,2645807,24.0,1072043,1,2,0,2,1.0,25.0,5.0,-9.0,4.0,7211,16.0,22724.0,2113.0
2645807,2645808,1.0,1072043,2,1,2,2,-9.0,-9.0,-9.0,-9.0,-9.0,-9,0.0,22724.0,2113.0
2645808,2645809,23.0,1072044,1,2,0,2,1.0,38.0,4.0,15.0,4.0,7211,16.0,22724.0,2113.0
2645809,2645810,2.0,1072044,2,1,2,2,-9.0,-9.0,-9.0,-9.0,-9.0,-9,0.0,22724.0,2113.0
2645810,2645811,23.0,1072045,1,2,0,2,1.0,38.0,4.0,15.0,4.0,7211,16.0,22724.0,2113.0
2645811,2645812,2.0,1072045,2,1,2,2,-9.0,-9.0,-9.0,-9.0,-9.0,-9,0.0,22724.0,2113.0
2645812,2645813,23.0,1072046,1,2,0,2,1.0,38.0,4.0,15.0,4.0,7211,16.0,22723.0,2113.0
2645813,2645814,2.0,1072046,2,1,2,2,-9.0,-9.0,-9.0,-9.0,-9.0,-9,0.0,22723.0,2113.0
2645814,2645815,24.0,1072047,1,2,0,2,1.0,25.0,5.0,-9.0,4.0,7211,16.0,22724.0,2113.0
2645815,2645816,1.0,1072047,2,1,2,2,-9.0,-9.0,-9.0,-9.0,-9.0,-9,0.0,22724.0,2113.0
2645816,2645817,24.0,1072048,1,2,0,2,1.0,25.0,5.0,-9.0,4.0,7211,16.0,22724.0,2113.0
2645817,2645818,1.0,1072048,2,1,2,2,-9.0,-9.0,-9.0,-9.0,-9.0,-9,0.0,22724.0,2113.0
2645818,2645819,24.0,1072049,1,2,0,2,1.0,25.0,5.0,-9.0,4.0,7211,16.0,22722.0,2113.0
2645819,2645820,1.0,1072049,2,1,2,2,-9.0,-9.0,-9.0,-9.0,-9.0,-9,0.0,22722.0,2113.0
2645820,2645821,24.0,1072050,1,2,0,2,1.0,25.0,5.0,-9.0,4.0,7211,16.0,22724.0,2113.0
2645821,2645822,1.0,1072050,2,1,2,2,-9.0,-9.0,-9.0,-9.0,-9.0,-9,0.0,22724.0,2113.0
2645822,2645823,21.0,1072051,1,2,0,1,1.0,35.0,3.0,15.0,4.0,622M,15.0,22724.0,2113.0
2645823,2645824,21.0,1072051,2,2,15,1,1.0,24.0,1.0,15.0,4.0,622M,15.0,22724.0,2113.0
2645824,2645825,21.0,1072052,1,2,0,1,1.0,35.0,3.0,15.0,4.0,622M,15.0,22724.0,2113.0
2645825,2645826,21.0,1072052,2,2,15,1,1.0,24.0,1.0,15.0,4.0,622M,15.0,22724.0,2113.0
2645826,2645827,21.0,1072053,1,2,0,1,1.0,35.0,3.0,15.0,4.0,622M,15.0,22724.0,2113.0
2645827,2645828,21.0,1072053,2,2,15,1,1.0,24.0,1.0,15.0,4.0,622M,15.0,22724.0,2113.0
2645828,2645829,21.0,1072054,1,2,0,1,1.0,35.0,3.0,15.0,4.0,622M,15.0,22724.0,2113.0
2645829,2645830,21.0,1072054,2,2,15,1,1.0,24.0,1.0,15.0,4.0,622M,15.0,22724.0,2113.0
2645830,2645831,21.0,1072055,1,2,0,1,1.0,35.0,3.0,15.0,4.0,622M,15.0,22724.0,2113.0
2645831,2645832,21.0,1072055,2,2,15,1,1.0,24.0,1.0,15.0,4.0,622M,15.0,22724.0,2113.0
2645832,2645833,21.0,1072056,1,2,0,1,1.0,35.0,3.0,15.0,4.0,622M,15.0,22724.0,2113.0
2645833,2645834,21.0,1072056,2,2,15,1,1.0,24.0,1.0,15.0,4.0,622M,15.0,22724.0,2113.0
2645834,2645835,21.0,1072057,1,2,0,1,1.0,35.0,3.0,15.0,4.0,622M,15.0,22724.0,2113.0
2645835,2645836,21.0,1072057,2,2,15,1,1.0,24.0,1.0,15.0,4.0,622M,15.0,22724.0,2113.0
2645836,2645837,21.0,1072058,1,2,0,1,1.0,35.0,3.0,15.0,4.0,622M,15.0,22724.0,2113.0
2645837,2645838,21.0,1072058,2,2,15,1,1.0,24.0,1.0,15.0,4.0,622M,15.0,22724.0,2113.0
2645838,2645839,21.0,1072059,1,2,0,1,1.0,35.0,3.0,15.0,4.0,622M,15.0,22724.0,2113.0
2645839,2645840,21.0,1072059,2,2,15,1,1.0,24.0,1.0,15.0,4.0,622M,15.0,22724.0,2113.0
2645840,2645841,21.0,1072060,1,2,0,1,1.0,35.0,3.0,15.0,4.0,622M,15.0,22724.0,2113.0
2645841,2645842,21.0,1072060,2,2,15,1,1.0,24.0,1.0,15.0,4.0,622M,15.0,22724.0,2113.0
2645842,2645843,21.0,1072061,1,2,0,1,1.0,35.0,3.0,15.0,4.0,622M,15.0,22723.0,2113.0
2645843,2645844,21.0,1072061,2,2,15,1,1.0,24.0,1.0,15.0,4.0,622M,15.0,22723.0,2113.0
2645844,2645845,21.0,1072062,1,2,0,1,1.0,35.0,3.0,15.0,4.0,622M,15.0,22724.0,2113.0
2645845,2645846,21.0,1072062,2,2,15,1,1.0,24.0,1.0,15.0,4.0,622M,15.0,22724.0,2113.0
2645846,2645847,21.0,1072063,1,2,0,1,1.0,35.0,3.0,15.0,4.0,622M,15.0,22724.0,2113.0
2645847,2645848,21.0,1072063,2,2,15,1,1.0,24.0,1.0,15.0,4.0,622M,15.0,22724.0,2113.0
2645848,2645849,21.0,1072064,1,2,0,1,1.0,35.0,3.0,15.0,4.0,622M,15.0,22728.0,2113.0
2645849,2645850,21.0,1072064,2,2,15,1,1.0,24.0,1.0,15.0,4.0,622M,15.0,22728.0,2113.0
2645850,2645851,21.0,1072065,1,2,0,1,1.0,35.0,3.0,15.0,4.0,622M,15.0,22724.0,2113.0
2645851,2645852,21.0,1072065,2,2,15,1,1.0,24.0,1.0,15.0,4.0,622M,15.0,22724.0,2113.0
2645852,2645853,21.0,1072066,1,2,0,1,1.0,35.0,3.0,15.0,4.0,622M,15.0,22724.0,2113.0
2645853,2645854,21.0,1072066,2,2,15,1,1.0,24.0,1.0,15.0,4.0,622M,15.0,22724.0,2113.0
2645854,2645855,24.0,1072067,1,2,0,1,1.0,25.0,1.0,-9.0,4.0,5613,12.0,22724.0,2113.0
2645855,2645856,9.0,1072067,2,2,2,1,-9.0,-9.0,-9.0,5.0,-9.0,-9,0.0,22724.0,2113.0
2645856,2645857,4.0,1072067,3,1,2,1,-9.0,-9.0,-9.0,1.0,-9.0,-9,0.0,22724.0,2113.0
2645857,2645858,24.0,1072068,1,2,0,1,1.0,25.0,1.0,-9.0,4.0,5613,12.0,22725.0,2113.0
2645858,2645859,9.0,1072068,2,2,2,1,-9.0,-9.0,-9.0,5.0,-9.0,-9,0.0,22725.0,2113.0
2645859,2645860,4.0,1072068,3,1,2,1,-9.0,-9.0,-9.0,1.0,-9.0,-9,0.0,22725.0,2113.0
2645860,2645861,24.0,1072069,1,2,0,1,1.0,25.0,1.0,-9.0,4.0,5613,12.0,22724.0,2113.0
2645861,2645862,9.0,1072069,2,2,2,1,-9.0,-9.0,-9.0,5.0,-9.0,-9,0.0,22724.0,2113.0
2645862,2645863,4.0,1072069,3,1,2,1,-9.0,-9.0,-9.0,1.0,-9.0,-9,0.0,22724.0,2113.0
2645863,2645864,24.0,1072070,1,2,0,1,1.0,25.0,1.0,-9.0,4.0,5613,12.0,22724.0,2113.0
2645864,2645865,9.0,1072070,2,2,2,1,-9.0,-9.0,-9.0,5.0,-9.0,-9,0.0,22724.0,2113.0
2645865,2645866,4.0,1072070,3,1,2,1,-9.0,-9.0,-9.0,1.0,-9.0,-9,0.0,22724.0,2113.0
2645866,2645867,24.0,1072071,1,2,0,1,1.0,25.0,1.0,-9.0,4.0,5613,12.0,22723.0,2113.0
2645867,2645868,9.0,1072071,2,2,2,1,-9.0,-9.0,-9.0,5.0,-9.0,-9,0.0,22723.0,2113.0
2645868,2645869,4.0,1072071,3,1,2,1,-9.0,-9.0,-9.0,1.0,-9.0,-9,0.0,22723.0,2113.0
2645869,2645870,24.0,1072072,1,2,0,1,1.0,25.0,1.0,-9.0,4.0,5613,12.0,22724.0,2113.0
2645870,2645871,9.0,1072072,2,2,2,1,-9.0,-9.0,-9.0,5.0,-9.0,-9,0.0,22724.0,2113.0
2645871,2645872,4.0,1072072,3,1,2,1,-9.0,-9.0,-9.0,1.0,-9.0,-9,0.0,22724.0,2113.0
2645872,2645873,72.0,1072073,1,2,0,4,3.0,-9.0,-9.0,-9.0,4.0,999920,0.0,22711.0,2111.0
2645873,2645874,78.0,1072074,1,2,0,4,6.0,-9.0,-9.0,-9.0,4.0,-9,0.0,22712.0,2111.0
2645874,2645875,78.0,1072075,1,2,0,4,6.0,-9.0,-9.0,-9.0,4.0,-9,0.0,22711.0,2111.0
2645875,2645876,78.0,1072076,1,2,0,4,6.0,-9.0,-9.0,-9.0,4.0,-9,0.0,22711.0,2111.0
2645876,2645877,94.0,1072077,1,1,0,4,6.0,-9.0,-9.0,-9.0,2.0,-9,0.0,22711.0,2111.0
2645877,2645878,87.0,1072078,1,1,0,2,6.0,-9.0,-9.0,-9.0,4.0,-9,0.0,22712.0,2111.0
2645878,2645879,65.0,1072078,2,1,2,2,1.0,30.0,1.0,-9.0,2.0,45221,5.0,22712.0,2111.0
2645879,2645880,74.0,1072079,1,1,0,2,1.0,40.0,1.0,-9.0,2.0,4523,5.0,22712.0,2111.0
2645880,2645881,74.0,1072080,1,1,0,2,1.0,40.0,1.0,-9.0,2.0,4523,5.0,22712.0,2111.0
2645881,2645882,65.0,1072081,1,1,0,2,6.0,-9.0,-9.0,-9.0,4.0,-9,0.0,22711.0,2111.0
2645882,2645883,69.0,1072082,1,1,0,2,6.0,-9.0,-9.0,-9.0,4.0,-9,0.0,22711.0,2111.0
2645883,2645884,76.0,1072083,1,1,0,3,2.0,30.0,1.0,-9.0,4.0,5413,10.0,22712.0,2111.0
2645884,2645885,77.0,1072083,2,2,1,1,6.0,-9.0,-9.0,-9.0,4.0,-9,0.0,22712.0,2111.0
2645885,2645886,50.0,1072083,3,1,2,3,3.0,-9.0,-9.0,-9.0,4.0,999920,0.0,22712.0,2111.0
2645886,2645887,18.0,1072083,4,2,7,3,6.0,-9.0,-9.0,14.0,4.0,-9,0.0,22712.0,2111.0
2645887,2645888,76.0,1072084,1,1,0,3,2.0,30.0,1.0,-9.0,4.0,5413,10.0,22711.0,2111.0
2645888,2645889,77.0,1072084,2,2,1,1,6.0,-9.0,-9.0,-9.0,4.0,-9,0.0,22711.0,2111.0
2645889,2645890,50.0,1072084,3,1,2,3,3.0,-9.0,-9.0,-9.0,4.0,999920,0.0,22711.0,2111.0
2645890,2645891,18.0,1072084,4,2,7,3,6.0,-9.0,-9.0,14.0,4.0,-9,0.0,22711.0,2111.0
2645891,2645892,76.0,1072085,1,1,0,3,2.0,30.0,1.0,-9.0,4.0,5413,10.0,22711.0,2111.0
2645892,2645893,77.0,1072085,2,2,1,1,6.0,-9.0,-9.0,-9.0,4.0,-9,0.0,22711.0,2111.0
2645893,2645894,50.0,1072085,3,1,2,3,3.0,-9.0,-9.0,-9.0,4.0,999920,0.0,22711.0,2111.0
2645894,2645895,18.0,1072085,4,2,7,3,6.0,-9.0,-9.0,14.0,4.0,-9,0.0,22711.0,2111.0
2645895,2645896,76.0,1072086,1,1,0,3,2.0,30.0,1.0,-9.0,4.0,5413,10.0,22711.0,2111.0
2645896,2645897,77.0,1072086,2,2,1,1,6.0,-9.0,-9.0,-9.0,4.0,-9,0.0,22711.0,2111.0
2645897,2645898,50.0,1072086,3,1,2,3,3.0,-9.0,-9.0,-9.0,4.0,999920,0.0,22711.0,2111.0
2645898,2645899,18.0,1072086,4,2,7,3,6.0,-9.0,-9.0,14.0,4.0,-9,0.0,22711.0,2111.0
2645899,2645900,76.0,1072087,1,1,0,3,2.0,30.0,1.0,-9.0,4.0,5413,10.0,22713.0,2111.0
2645900,2645901,77.0,1072087,2,2,1,1,6.0,-9.0,-9.0,-9.0,4.0,-9,0.0,22713.0,2111.0
2645901,2645902,50.0,1072087,3,1,2,3,3.0,-9.0,-9.0,-9.0,4.0,999920,0.0,22713.0,2111.0
2645902,2645903,18.0,1072087,4,2,7,3,6.0,-9.0,-9.0,14.0,4.0,-9,0.0,22713.0,2111.0
2645903,2645904,76.0,1072088,1,1,0,3,2.0,30.0,1.0,-9.0,4.0,5413,10.0,22711.0,2111.0
2645904,2645905,77.0,1072088,2,2,1,1,6.0,-9.0,-9.0,-9.0,4.0,-9,0.0,22711.0,2111.0
2645905,2645906,50.0,1072088,3,1,2,3,3.0,-9.0,-9.0,-9.0,4.0,999920,0.0,22711.0,2111.0
2645906,2645907,18.0,1072088,4,2,7,3,6.0,-9.0,-9.0,14.0,4.0,-9,0.0,22711.0,2111.0
2645907,2645908,76.0,1072089,1,1,0,3,2.0,30.0,1.0,-9.0,4.0,5413,10.0,22711.0,2111.0
2645908,2645909,77.0,1072089,2,2,1,1,6.0,-9.0,-9.0,-9.0,4.0,-9,0.0,22711.0,2111.0
2645909,2645910,50.0,1072089,3,1,2,3,3.0,-9.0,-9.0,-9.0,4.0,999920,0.0,22711.0,2111.0
2645910,2645911,18.0,1072089,4,2,7,3,6.0,-9.0,-9.0,14.0,4.0,-9,0.0,22711.0,2111.0
2645911,2645912,68.0,1072090,1,2,0,1,1.0,40.0,1.0,-9.0,4.0,8123,17.0,22711.0,2111.0
2645912,2645913,68.0,1072091,1,2,0,1,1.0,20.0,3.0,-9.0,4.0,812111,17.0,22711.0,2111.0
2645913,2645914,68.0,1072092,1,2,0,1,1.0,20.0,3.0,-9.0,4.0,812111,17.0,22712.0,2111.0
2645914,2645915,68.0,1072093,1,2,0,1,1.0,40.0,1.0,-9.0,4.0,8123,17.0,22711.0,2111.0
2645915,2645916,76.0,1072094,1,1,0,1,1.0,15.0,1.0,-9.0,4.0,8114,17.0,22711.0,2111.0
2645916,2645917,76.0,1072095,1,1,0,1,1.0,15.0,1.0,-9.0,4.0,8114,17.0,22712.0,2111.0
2645917,2645918,76.0,1072096,1,1,0,1,1.0,15.0,1.0,-9.0,4.0,8114,17.0,22731.0,2114.0
2645918,2645919,76.0,1072097,1,1,0,1,1.0,15.0,1.0,-9.0,4.0,8114,17.0,22731.0,2114.0
2645919,2645920,69.0,1072098,1,1,0,1,1.0,40.0,1.0,-9.0,2.0,8122,17.0,22711.0,2111.0
2645920,2645921,72.0,1072098,2,2,1,1,6.0,-9.0,-9.0,-9.0,4.0,-9,0.0,22711.0,2111.0
2645921,2645922,72.0,1072099,1,1,0,1,6.0,-9.0,-9.0,-9.0,2.0,-9,0.0,22712.0,2111.0
2645922,2645923,66.0,1072099,2,2,1,1,2.0,4.0,1.0,-9.0,4.0,814,17.0,22712.0,2111.0
2645923,2645924,70.0,1072100,1,2,0,1,1.0,36.0,1.0,-9.0,4.0,8114,17.0,22711.0,2111.0
2645924,2645925,70.0,1072101,1,2,0,1,1.0,36.0,1.0,-9.0,4.0,8114,17.0,22712.0,2111.0
2645925,2645926,70.0,1072102,1,2,0,1,1.0,36.0,1.0,-9.0,4.0,8114,17.0,22731.0,2114.0
2645926,2645927,70.0,1072103,1,2,0,1,1.0,36.0,1.0,-9.0,4.0,8114,17.0,22711.0,2111.0
2645927,2645928,70.0,1072104,1,2,0,1,1.0,36.0,1.0,-9.0,4.0,8114,17.0,22712.0,2111.0
2645928,2645929,81.0,1072105,1,2,0,1,1.0,2.0,3.0,-9.0,4.0,44821,5.0,22711.0,2111.0
2645929,2645930,83.0,1072106,1,2,0,1,6.0,-9.0,-9.0,-9.0,4.0,-9,0.0,22711.0,2111.0
2645930,2645931,66.0,1072107,1,2,0,1,6.0,-9.0,-9.0,-9.0,4.0,-9,0.0,22712.0,2111.0
2645931,2645932,80.0,1072108,1,2,0,1,6.0,-9.0,-9.0,-9.0,4.0,-9,0.0,22731.0,2114.0
2645932,2645933,70.0,1072109,1,1,0,1,6.0,-9.0,-9.0,-9.0,2.0,-9,0.0,22711.0,2111.0
2645933,2645934,87.0,1072110,1,2,0,1,6.0,-9.0,-9.0,-9.0,4.0,-9,0.0,22712.0,2111.0
2645934,2645935,65.0,1072111,1,2,0,1,6.0,-9.0,-9.0,-9.0,4.0,-9,0.0,22711.0,2111.0
2645935,2645936,80.0,1072112,1,2,0,1,1.0,15.0,1.0,-9.0,4.0,8131,17.0,22711.0,2111.0
2645936,2645937,65.0,1072113,1,2,0,1,1.0,35.0,1.0,-9.0,4.0,814,17.0,22711.0,2111.0
2645937,2645938,65.0,1072114,1,2,0,1,1.0,35.0,1.0,-9.0,4.0,814,17.0,22711.0,2111.0
2645938,2645939,80.0,1072115,1,2,0,1,1.0,15.0,1.0,-9.0,4.0,8131,17.0,22711.0,2111.0
2645939,2645940,80.0,1072116,1,2,0,1,1.0,15.0,1.0,-9.0,4.0,8131,17.0,22711.0,2111.0
2645940,2645941,65.0,1072117,1,2,0,1,2.0,5.0,3.0,-9.0,4.0,814,17.0,22712.0,2111.0
2645941,2645942,65.0,1072118,1,2,0,1,2.0,5.0,3.0,-9.0,4.0,814,17.0,22712.0,2111.0
2645942,2645943,80.0,1072119,1,2,0,1,1.0,15.0,1.0,-9.0,4.0,8131,17.0,22711.0,2111.0
2645943,2645944,65.0,1072120,1,2,0,1,1.0,35.0,1.0,-9.0,4.0,814,17.0,22711.0,2111.0
2645944,2645945,94.0,1072121,1,2,0,1,6.0,-9.0,-9.0,-9.0,4.0,-9,0.0,22711.0,2111.0
2645945,2645946,77.0,1072122,1,2,0,1,6.0,-9.0,-9.0,-9.0,4.0,-9,0.0,22711.0,2111.0
2645946,2645947,67.0,1072123,1,1,0,1,6.0,-9.0,-9.0,-9.0,4.0,-9,0.0,22712.0,2111.0
2645947,2645948,88.0,1072124,1,2,0,1,6.0,-9.0,-9.0,-9.0,4.0,-9,0.0,22711.0,2111.0
2645948,2645949,70.0,1072125,1,1,0,1,6.0,-9.0,-9.0,-9.0,4.0,-9,0.0,22711.0,2111.0
2645949,2645950,85.0,1072126,1,2,0,1,6.0,-9.0,-9.0,-9.0,4.0,-9,0.0,22711.0,2111.0
2645950,2645951,53.0,1072127,1,1,0,4,1.0,45.0,1.0,-9.0,4.0,5417,10.0,22711.0,2111.0
2645951,2645952,50.0,1072128,1,1,0,4,1.0,36.0,2.0,-9.0,4.0,6231,14.0,22711.0,2111.0
2645952,2645953,47.0,1072128,2,2,1,4,6.0,-9.0,-9.0,-9.0,4.0,-9,0.0,22711.0,2111.0
2645953,2645954,18.0,1072128,3,2,2,4,6.0,-9.0,-9.0,14.0,4.0,-9,0.0,22711.0,2111.0
2645954,2645955,54.0,1072129,1,2,0,2,1.0,45.0,1.0,-9.0,4.0,492,6.0,22712.0,2111.0
2645955,2645956,54.0,1072130,1,2,0,2,1.0,45.0,1.0,-9.0,4.0,492,6.0,22712.0,2111.0
2645956,2645957,45.0,1072131,1,2,0,2,1.0,45.0,1.0,16.0,4.0,5241,9.0,22713.0,2111.0
2645957,2645958,45.0,1072132,1,2,0,2,1.0,45.0,1.0,16.0,4.0,5241,9.0,22711.0,2111.0
2645958,2645959,45.0,1072133,1,2,0,2,1.0,45.0,1.0,16.0,4.0,5241,9.0,22712.0,2111.0
2645959,2645960,45.0,1072134,1,2,0,2,1.0,45.0,1.0,16.0,4.0,5241,9.0,22713.0,2111.0
2645960,2645961,45.0,1072135,1,2,0,2,1.0,45.0,1.0,16.0,4.0,5241,9.0,22712.0,2111.0
2645961,2645962,59.0,1072136,1,1,0,2,1.0,48.0,1.0,-9.0,4.0,2213M,7.0,22712.0,2111.0
2645962,2645963,59.0,1072137,1,1,0,2,1.0,48.0,1.0,-9.0,4.0,2213M,7.0,22712.0,2111.0
2645963,2645964,59.0,1072138,1,1,0,2,1.0,48.0,1.0,-9.0,4.0,2213M,7.0,22712.0,2111.0
2645964,2645965,46.0,1072139,1,2,0,2,1.0,43.0,1.0,13.0,4.0,442,5.0,22712.0,2111.0
2645965,2645966,25.0,1072139,2,1,2,2,6.0,-9.0,-9.0,-9.0,4.0,-9,0.0,22712.0,2111.0
2645966,2645967,63.0,1072140,1,2,0,2,1.0,36.0,1.0,-9.0,4.0,622M,15.0,22711.0,2111.0
2645967,2645968,48.0,1072141,1,2,0,2,1.0,40.0,1.0,-9.0,4.0,51912,8.0,22712.0,2111.0
2645968,2645969,46.0,1072142,1,1,0,2,1.0,40.0,1.0,-9.0,4.0,5617Z,12.0,22711.0,2111.0
2645969,2645970,53.0,1072143,1,1,0,2,6.0,-9.0,-9.0,-9.0,4.0,-9,0.0,22711.0,2111.0
2645970,2645971,51.0,1072143,2,2,1,2,1.0,60.0,4.0,-9.0,4.0,488,6.0,22711.0,2111.0
2645971,2645972,62.0,1072144,1,1,0,2,1.0,20.0,1.0,-9.0,4.0,5321,9.0,22712.0,2111.0
2645972,2645973,49.0,1072145,1,1,0,2,1.0,20.0,1.0,-9.0,4.0,492,6.0,22711.0,2111.0
2645973,2645974,49.0,1072146,1,1,0,2,1.0,20.0,1.0,-9.0,4.0,492,6.0,22711.0,2111.0
2645974,2645975,49.0,1072147,1,1,0,2,1.0,20.0,1.0,-9.0,4.0,492,6.0,22711.0,2111.0
2645975,2645976,49.0,1072148,1,1,0,2,1.0,20.0,1.0,-9.0,4.0,492,6.0,22712.0,2111.0
2645976,2645977,56.0,1072149,1,1,0,2,6.0,-9.0,-9.0,-9.0,4.0,-9,0.0,22711.0,2111.0
2645977,2645978,58.0,1072150,1,2,0,3,2.0,40.0,1.0,-9.0,4.0,611M1,13.0,22711.0,2111.0
2645978,2645979,23.0,1072150,2,2,2,4,1.0,40.0,1.0,16.0,4.0,611M1,13.0,22711.0,2111.0
2645979,2645980,58.0,1072151,1,2,0,3,2.0,40.0,1.0,-9.0,4.0,611M1,13.0,22711.0,2111.0
2645980,2645981,23.0,1072151,2,2,2,4,1.0,40.0,1.0,16.0,4.0,611M1,13.0,22711.0,2111.0
2645981,2645982,58.0,1072152,1,2,0,3,2.0,40.0,1.0,-9.0,4.0,611M1,13.0,22712.0,2111.0
2645982,2645983,23.0,1072152,2,2,2,4,1.0,40.0,1.0,16.0,4.0,611M1,13.0,22712.0,2111.0
2645983,2645984,52.0,1072153,1,1,0,1,1.0,40.0,1.0,-9.0,4.0,611M1,13.0,22712.0,2111.0
2645984,2645985,50.0,1072153,2,2,1,2,1.0,40.0,1.0,-9.0,4.0,611M1,13.0,22712.0,2111.0
2645985,2645986,22.0,1072153,3,1,4,2,6.0,-9.0,-9.0,-9.0,4.0,611M1,13.0,22712.0,2111.0
2645986,2645987,52.0,1072154,1,1,0,1,1.0,40.0,1.0,-9.0,4.0,611M1,13.0,22712.0,2111.0
2645987,2645988,50.0,1072154,2,2,1,2,1.0,40.0,1.0,-9.0,4.0,611M1,13.0,22712.0,2111.0
2645988,2645989,22.0,1072154,3,1,4,2,6.0,-9.0,-9.0,-9.0,4.0,611M1,13.0,22712.0,2111.0
2645989,2645990,52.0,1072155,1,1,0,1,1.0,40.0,1.0,-9.0,4.0,611M1,13.0,22711.0,2111.0
2645990,2645991,50.0,1072155,2,2,1,2,1.0,40.0,1.0,-9.0,4.0,611M1,13.0,22711.0,2111.0
2645991,2645992,22.0,1072155,3,1,4,2,6.0,-9.0,-9.0,-9.0,4.0,611M1,13.0,22711.0,2111.0
2645992,2645993,52.0,1072156,1,1,0,1,1.0,40.0,1.0,-9.0,4.0,611M1,13.0,22712.0,2111.0
2645993,2645994,50.0,1072156,2,2,1,2,1.0,40.0,1.0,-9.0,4.0,611M1,13.0,22712.0,2111.0
2645994,2645995,22.0,1072156,3,1,4,2,6.0,-9.0,-9.0,-9.0,4.0,611M1,13.0,22712.0,2111.0
2645995,2645996,52.0,1072157,1,1,0,1,1.0,40.0,1.0,-9.0,4.0,611M1,13.0,22712.0,2111.0
2645996,2645997,50.0,1072157,2,2,1,2,1.0,40.0,1.0,-9.0,4.0,611M1,13.0,22712.0,2111.0
2645997,2645998,22.0,1072157,3,1,4,2,6.0,-9.0,-9.0,-9.0,4.0,611M1,13.0,22712.0,2111.0
2645998,2645999,52.0,1072158,1,1,0,1,1.0,40.0,1.0,-9.0,4.0,611M1,13.0,22712.0,2111.0
2645999,2646000,50.0,1072158,2,2,1,2,1.0,40.0,1.0,-9.0,4.0,611M1,13.0,22712.0,2111.0
2646000,2646001,22.0,1072158,3,1,4,2,6.0,-9.0,-9.0,-9.0,4.0,611M1,13.0,22712.0,2111.0
2646001,2646002,52.0,1072159,1,1,0,1,1.0,40.0,1.0,-9.0,4.0,611M1,13.0,22711.0,2111.0
2646002,2646003,50.0,1072159,2,2,1,2,1.0,40.0,1.0,-9.0,4.0,611M1,13.0,22711.0,2111.0
2646003,2646004,22.0,1072159,3,1,4,2,6.0,-9.0,-9.0,-9.0,4.0,611M1,13.0,22711.0,2111.0
2646004,2646005,52.0,1072160,1,1,0,1,1.0,40.0,1.0,-9.0,4.0,611M1,13.0,22712.0,2111.0
2646005,2646006,50.0,1072160,2,2,1,2,1.0,40.0,1.0,-9.0,4.0,611M1,13.0,22712.0,2111.0
2646006,2646007,22.0,1072160,3,1,4,2,6.0,-9.0,-9.0,-9.0,4.0,611M1,13.0,22712.0,2111.0
2646007,2646008,52.0,1072161,1,1,0,1,1.0,40.0,1.0,-9.0,4.0,611M1,13.0,22711.0,2111.0
2646008,2646009,50.0,1072161,2,2,1,2,1.0,40.0,1.0,-9.0,4.0,611M1,13.0,22711.0,2111.0
2646009,2646010,22.0,1072161,3,1,4,2,6.0,-9.0,-9.0,-9.0,4.0,611M1,13.0,22711.0,2111.0
2646010,2646011,52.0,1072162,1,1,0,1,1.0,40.0,1.0,-9.0,4.0,611M1,13.0,22711.0,2111.0
2646011,2646012,50.0,1072162,2,2,1,2,1.0,40.0,1.0,-9.0,4.0,611M1,13.0,22711.0,2111.0
2646012,2646013,22.0,1072162,3,1,4,2,6.0,-9.0,-9.0,-9.0,4.0,611M1,13.0,22711.0,2111.0
2646013,2646014,52.0,1072163,1,1,0,1,1.0,40.0,1.0,-9.0,4.0,611M1,13.0,22712.0,2111.0
2646014,2646015,50.0,1072163,2,2,1,2,1.0,40.0,1.0,-9.0,4.0,611M1,13.0,22712.0,2111.0
2646015,2646016,22.0,1072163,3,1,4,2,6.0,-9.0,-9.0,-9.0,4.0,611M1,13.0,22712.0,2111.0
2646016,2646017,52.0,1072164,1,1,0,1,1.0,40.0,1.0,-9.0,4.0,611M1,13.0,22731.0,2114.0
2646017,2646018,50.0,1072164,2,2,1,2,1.0,40.0,1.0,-9.0,4.0,611M1,13.0,22731.0,2114.0
2646018,2646019,22.0,1072164,3,1,4,2,6.0,-9.0,-9.0,-9.0,4.0,611M1,13.0,22731.0,2114.0
2646019,2646020,52.0,1072165,1,1,0,1,1.0,40.0,1.0,-9.0,4.0,611M1,13.0,22711.0,2111.0
2646020,2646021,50.0,1072165,2,2,1,2,1.0,40.0,1.0,-9.0,4.0,611M1,13.0,22711.0,2111.0
2646021,2646022,22.0,1072165,3,1,4,2,6.0,-9.0,-9.0,-9.0,4.0,611M1,13.0,22711.0,2111.0
2646022,2646023,52.0,1072166,1,1,0,1,1.0,40.0,1.0,-9.0,4.0,611M1,13.0,22711.0,2111.0
2646023,2646024,50.0,1072166,2,2,1,2,1.0,40.0,1.0,-9.0,4.0,611M1,13.0,22711.0,2111.0
2646024,2646025,22.0,1072166,3,1,4,2,6.0,-9.0,-9.0,-9.0,4.0,611M1,13.0,22711.0,2111.0
2646025,2646026,52.0,1072167,1,1,0,1,1.0,40.0,1.0,-9.0,4.0,611M1,13.0,22731.0,2114.0
2646026,2646027,50.0,1072167,2,2,1,2,1.0,40.0,1.0,-9.0,4.0,611M1,13.0,22731.0,2114.0
2646027,2646028,22.0,1072167,3,1,4,2,6.0,-9.0,-9.0,-9.0,4.0,611M1,13.0,22731.0,2114.0
2646028,2646029,52.0,1072168,1,1,0,1,1.0,40.0,1.0,-9.0,4.0,611M1,13.0,22712.0,2111.0
2646029,2646030,50.0,1072168,2,2,1,2,1.0,40.0,1.0,-9.0,4.0,611M1,13.0,22712.0,2111.0
2646030,2646031,22.0,1072168,3,1,4,2,6.0,-9.0,-9.0,-9.0,4.0,611M1,13.0,22712.0,2111.0
2646031,2646032,52.0,1072169,1,1,0,1,1.0,40.0,1.0,-9.0,4.0,611M1,13.0,22711.0,2111.0
2646032,2646033,50.0,1072169,2,2,1,2,1.0,40.0,1.0,-9.0,4.0,611M1,13.0,22711.0,2111.0
2646033,2646034,22.0,1072169,3,1,4,2,6.0,-9.0,-9.0,-9.0,4.0,611M1,13.0,22711.0,2111.0
2646034,2646035,52.0,1072170,1,1,0,1,1.0,40.0,1.0,-9.0,4.0,611M1,13.0,22711.0,2111.0
2646035,2646036,50.0,1072170,2,2,1,2,1.0,40.0,1.0,-9.0,4.0,611M1,13.0,22711.0,2111.0
2646036,2646037,22.0,1072170,3,1,4,2,6.0,-9.0,-9.0,-9.0,4.0,611M1,13.0,22711.0,2111.0
2646037,2646038,52.0,1072171,1,1,0,1,1.0,40.0,1.0,-9.0,4.0,611M1,13.0,22711.0,2111.0
2646038,2646039,50.0,1072171,2,2,1,2,1.0,40.0,1.0,-9.0,4.0,611M1,13.0,22711.0,2111.0
2646039,2646040,22.0,1072171,3,1,4,2,6.0,-9.0,-9.0,-9.0,4.0,611M1,13.0,22711.0,2111.0
2646040,2646041,52.0,1072172,1,1,0,1,1.0,40.0,1.0,-9.0,4.0,611M1,13.0,22711.0,2111.0
2646041,2646042,50.0,1072172,2,2,1,2,1.0,40.0,1.0,-9.0,4.0,611M1,13.0,22711.0,2111.0
2646042,2646043,22.0,1072172,3,1,4,2,6.0,-9.0,-9.0,-9.0,4.0,611M1,13.0,22711.0,2111.0
2646043,2646044,52.0,1072173,1,1,0,1,1.0,40.0,1.0,-9.0,4.0,611M1,13.0,22711.0,2111.0
2646044,2646045,50.0,1072173,2,2,1,2,1.0,40.0,1.0,-9.0,4.0,611M1,13.0,22711.0,2111.0
2646045,2646046,22.0,1072173,3,1,4,2,6.0,-9.0,-9.0,-9.0,4.0,611M1,13.0,22711.0,2111.0
2646046,2646047,52.0,1072174,1,1,0,1,1.0,40.0,1.0,-9.0,4.0,611M1,13.0,22711.0,2111.0
2646047,2646048,50.0,1072174,2,2,1,2,1.0,40.0,1.0,-9.0,4.0,611M1,13.0,22711.0,2111.0
2646048,2646049,22.0,1072174,3,1,4,2,6.0,-9.0,-9.0,-9.0,4.0,611M1,13.0,22711.0,2111.0
2646049,2646050,52.0,1072175,1,1,0,1,1.0,40.0,1.0,-9.0,4.0,611M1,13.0,22711.0,2111.0
2646050,2646051,50.0,1072175,2,2,1,2,1.0,40.0,1.0,-9.0,4.0,611M1,13.0,22711.0,2111.0
2646051,2646052,22.0,1072175,3,1,4,2,6.0,-9.0,-9.0,-9.0,4.0,611M1,13.0,22711.0,2111.0
2646052,2646053,52.0,1072176,1,1,0,1,1.0,40.0,1.0,-9.0,4.0,611M1,13.0,22712.0,2111.0
2646053,2646054,50.0,1072176,2,2,1,2,1.0,40.0,1.0,-9.0,4.0,611M1,13.0,22712.0,2111.0
2646054,2646055,22.0,1072176,3,1,4,2,6.0,-9.0,-9.0,-9.0,4.0,611M1,13.0,22712.0,2111.0
2646055,2646056,52.0,1072177,1,1,0,1,1.0,40.0,1.0,-9.0,4.0,611M1,13.0,22711.0,2111.0
2646056,2646057,50.0,1072177,2,2,1,2,1.0,40.0,1.0,-9.0,4.0,611M1,13.0,22711.0,2111.0
2646057,2646058,22.0,1072177,3,1,4,2,6.0,-9.0,-9.0,-9.0,4.0,611M1,13.0,22711.0,2111.0
2646058,2646059,52.0,1072178,1,1,0,1,1.0,40.0,1.0,-9.0,4.0,611M1,13.0,22711.0,2111.0
2646059,2646060,50.0,1072178,2,2,1,2,1.0,40.0,1.0,-9.0,4.0,611M1,13.0,22711.0,2111.0
2646060,2646061,22.0,1072178,3,1,4,2,6.0,-9.0,-9.0,-9.0,4.0,611M1,13.0,22711.0,2111.0
2646061,2646062,54.0,1072179,1,2,0,1,6.0,-9.0,-9.0,-9.0,4.0,-9,0.0,22712.0,2111.0
2646062,2646063,59.0,1072179,2,1,1,1,1.0,60.0,1.0,-9.0,4.0,484,6.0,22712.0,2111.0
2646063,2646064,18.0,1072179,3,1,2,1,6.0,-9.0,-9.0,14.0,4.0,-9,0.0,22712.0,2111.0
2646064,2646065,54.0,1072180,1,2,0,1,6.0,-9.0,-9.0,-9.0,4.0,-9,0.0,22711.0,2111.0
2646065,2646066,59.0,1072180,2,1,1,1,1.0,60.0,1.0,-9.0,4.0,484,6.0,22711.0,2111.0
2646066,2646067,18.0,1072180,3,1,2,1,6.0,-9.0,-9.0,14.0,4.0,-9,0.0,22711.0,2111.0
2646067,2646068,54.0,1072181,1,2,0,1,6.0,-9.0,-9.0,-9.0,4.0,-9,0.0,22711.0,2111.0
2646068,2646069,59.0,1072181,2,1,1,1,1.0,60.0,1.0,-9.0,4.0,484,6.0,22711.0,2111.0
2646069,2646070,18.0,1072181,3,1,2,1,6.0,-9.0,-9.0,14.0,4.0,-9,0.0,22711.0,2111.0
2646070,2646071,54.0,1072182,1,2,0,1,6.0,-9.0,-9.0,-9.0,4.0,-9,0.0,22711.0,2111.0
2646071,2646072,59.0,1072182,2,1,1,1,1.0,60.0,1.0,-9.0,4.0,484,6.0,22711.0,2111.0
2646072,2646073,18.0,1072182,3,1,2,1,6.0,-9.0,-9.0,14.0,4.0,-9,0.0,22711.0,2111.0
2646073,2646074,54.0,1072183,1,2,0,1,6.0,-9.0,-9.0,-9.0,4.0,-9,0.0,22711.0,2111.0
2646074,2646075,59.0,1072183,2,1,1,1,1.0,60.0,1.0,-9.0,4.0,484,6.0,22711.0,2111.0
2646075,2646076,18.0,1072183,3,1,2,1,6.0,-9.0,-9.0,14.0,4.0,-9,0.0,22711.0,2111.0
2646076,2646077,54.0,1072184,1,2,0,1,6.0,-9.0,-9.0,-9.0,4.0,-9,0.0,22711.0,2111.0
2646077,2646078,59.0,1072184,2,1,1,1,1.0,60.0,1.0,-9.0,4.0,484,6.0,22711.0,2111.0
2646078,2646079,18.0,1072184,3,1,2,1,6.0,-9.0,-9.0,14.0,4.0,-9,0.0,22711.0,2111.0
2646079,2646080,54.0,1072185,1,2,0,1,6.0,-9.0,-9.0,-9.0,4.0,-9,0.0,22731.0,2114.0
2646080,2646081,59.0,1072185,2,1,1,1,1.0,60.0,1.0,-9.0,4.0,484,6.0,22731.0,2114.0
2646081,2646082,18.0,1072185,3,1,2,1,6.0,-9.0,-9.0,14.0,4.0,-9,0.0,22731.0,2114.0
2646082,2646083,54.0,1072186,1,2,0,1,6.0,-9.0,-9.0,-9.0,4.0,-9,0.0,22712.0,2111.0
2646083,2646084,59.0,1072186,2,1,1,1,1.0,60.0,1.0,-9.0,4.0,484,6.0,22712.0,2111.0
2646084,2646085,18.0,1072186,3,1,2,1,6.0,-9.0,-9.0,14.0,4.0,-9,0.0,22712.0,2111.0
2646085,2646086,63.0,1072187,1,1,0,1,1.0,70.0,1.0,-9.0,2.0,492,6.0,22711.0,2111.0
2646086,2646087,19.0,1072187,2,1,2,1,6.0,-9.0,-9.0,13.0,4.0,-9,0.0,22711.0,2111.0
2646087,2646088,63.0,1072188,1,1,0,1,1.0,70.0,1.0,-9.0,2.0,492,6.0,22711.0,2111.0
2646088,2646089,19.0,1072188,2,1,2,1,6.0,-9.0,-9.0,13.0,4.0,-9,0.0,22711.0,2111.0
2646089,2646090,63.0,1072189,1,1,0,1,1.0,70.0,1.0,-9.0,2.0,492,6.0,22711.0,2111.0
2646090,2646091,19.0,1072189,2,1,2,1,6.0,-9.0,-9.0,13.0,4.0,-9,0.0,22711.0,2111.0
2646091,2646092,63.0,1072190,1,1,0,1,1.0,70.0,1.0,-9.0,2.0,492,6.0,22711.0,2111.0
2646092,2646093,19.0,1072190,2,1,2,1,6.0,-9.0,-9.0,13.0,4.0,-9,0.0,22711.0,2111.0
2646093,2646094,63.0,1072191,1,1,0,1,1.0,70.0,1.0,-9.0,2.0,492,6.0,22711.0,2111.0
2646094,2646095,19.0,1072191,2,1,2,1,6.0,-9.0,-9.0,13.0,4.0,-9,0.0,22711.0,2111.0
2646095,2646096,63.0,1072192,1,1,0,1,1.0,70.0,1.0,-9.0,2.0,492,6.0,22711.0,2111.0
2646096,2646097,19.0,1072192,2,1,2,1,6.0,-9.0,-9.0,13.0,4.0,-9,0.0,22711.0,2111.0
2646097,2646098,63.0,1072193,1,1,0,1,1.0,70.0,1.0,-9.0,2.0,492,6.0,22712.0,2111.0
2646098,2646099,19.0,1072193,2,1,2,1,6.0,-9.0,-9.0,13.0,4.0,-9,0.0,22712.0,2111.0
2646099,2646100,63.0,1072194,1,1,0,1,1.0,70.0,1.0,-9.0,2.0,492,6.0,22712.0,2111.0
2646100,2646101,19.0,1072194,2,1,2,1,6.0,-9.0,-9.0,13.0,4.0,-9,0.0,22712.0,2111.0
2646101,2646102,63.0,1072195,1,1,0,1,1.0,70.0,1.0,-9.0,2.0,492,6.0,22712.0,2111.0
2646102,2646103,19.0,1072195,2,1,2,1,6.0,-9.0,-9.0,13.0,4.0,-9,0.0,22712.0,2111.0
2646103,2646104,63.0,1072196,1,1,0,1,1.0,70.0,1.0,-9.0,2.0,492,6.0,22712.0,2111.0
2646104,2646105,19.0,1072196,2,1,2,1,6.0,-9.0,-9.0,13.0,4.0,-9,0.0,22712.0,2111.0
2646105,2646106,63.0,1072197,1,1,0,1,1.0,70.0,1.0,-9.0,2.0,492,6.0,22712.0,2111.0
2646106,2646107,19.0,1072197,2,1,2,1,6.0,-9.0,-9.0,13.0,4.0,-9,0.0,22712.0,2111.0
2646107,2646108,63.0,1072198,1,1,0,1,1.0,70.0,1.0,-9.0,2.0,492,6.0,22711.0,2111.0
2646108,2646109,19.0,1072198,2,1,2,1,6.0,-9.0,-9.0,13.0,4.0,-9,0.0,22711.0,2111.0
2646109,2646110,63.0,1072199,1,1,0,1,1.0,70.0,1.0,-9.0,2.0,492,6.0,22731.0,2114.0
2646110,2646111,19.0,1072199,2,1,2,1,6.0,-9.0,-9.0,13.0,4.0,-9,0.0,22731.0,2114.0
2646111,2646112,63.0,1072200,1,1,0,1,1.0,70.0,1.0,-9.0,2.0,492,6.0,22712.0,2111.0
2646112,2646113,19.0,1072200,2,1,2,1,6.0,-9.0,-9.0,13.0,4.0,-9,0.0,22712.0,2111.0
2646113,2646114,63.0,1072201,1,1,0,1,1.0,70.0,1.0,-9.0,2.0,492,6.0,22711.0,2111.0
2646114,2646115,19.0,1072201,2,1,2,1,6.0,-9.0,-9.0,13.0,4.0,-9,0.0,22711.0,2111.0
2646115,2646116,63.0,1072202,1,1,0,1,1.0,70.0,1.0,-9.0,2.0,492,6.0,22712.0,2111.0
2646116,2646117,19.0,1072202,2,1,2,1,6.0,-9.0,-9.0,13.0,4.0,-9,0.0,22712.0,2111.0
2646117,2646118,63.0,1072203,1,1,0,1,1.0,70.0,1.0,-9.0,2.0,492,6.0,22712.0,2111.0
2646118,2646119,19.0,1072203,2,1,2,1,6.0,-9.0,-9.0,13.0,4.0,-9,0.0,22712.0,2111.0
2646119,2646120,63.0,1072204,1,1,0,1,1.0,70.0,1.0,-9.0,2.0,492,6.0,22711.0,2111.0
2646120,2646121,19.0,1072204,2,1,2,1,6.0,-9.0,-9.0,13.0,4.0,-9,0.0,22711.0,2111.0
2646121,2646122,63.0,1072205,1,1,0,1,1.0,70.0,1.0,-9.0,2.0,492,6.0,22712.0,2111.0
2646122,2646123,19.0,1072205,2,1,2,1,6.0,-9.0,-9.0,13.0,4.0,-9,0.0,22712.0,2111.0
2646123,2646124,63.0,1072206,1,1,0,1,1.0,70.0,1.0,-9.0,2.0,492,6.0,22711.0,2111.0
2646124,2646125,19.0,1072206,2,1,2,1,6.0,-9.0,-9.0,13.0,4.0,-9,0.0,22711.0,2111.0
2646125,2646126,63.0,1072207,1,1,0,1,1.0,70.0,1.0,-9.0,2.0,492,6.0,22711.0,2111.0
2646126,2646127,19.0,1072207,2,1,2,1,6.0,-9.0,-9.0,13.0,4.0,-9,0.0,22711.0,2111.0
2646127,2646128,55.0,1072208,1,1,0,1,1.0,50.0,1.0,-9.0,4.0,8111Z,17.0,22711.0,2111.0
2646128,2646129,48.0,1072209,1,1,0,1,1.0,42.0,1.0,-9.0,4.0,8131,17.0,22711.0,2111.0
2646129,2646130,48.0,1072210,1,1,0,1,1.0,42.0,1.0,-9.0,4.0,8131,17.0,22712.0,2111.0
2646130,2646131,45.0,1072211,1,2,0,1,1.0,35.0,1.0,-9.0,4.0,6242,14.0,22711.0,2111.0
2646131,2646132,21.0,1072211,2,2,3,1,1.0,38.0,1.0,15.0,4.0,623M,14.0,22711.0,2111.0
2646132,2646133,45.0,1072212,1,2,0,1,1.0,35.0,1.0,-9.0,4.0,6242,14.0,22712.0,2111.0
2646133,2646134,21.0,1072212,2,2,3,1,1.0,38.0,1.0,15.0,4.0,623M,14.0,22712.0,2111.0
2646134,2646135,45.0,1072213,1,2,0,1,1.0,35.0,1.0,-9.0,4.0,6242,14.0,22711.0,2111.0
2646135,2646136,21.0,1072213,2,2,3,1,1.0,38.0,1.0,15.0,4.0,623M,14.0,22711.0,2111.0
2646136,2646137,45.0,1072214,1,2,0,1,1.0,35.0,1.0,-9.0,4.0,6242,14.0,22711.0,2111.0
2646137,2646138,21.0,1072214,2,2,3,1,1.0,38.0,1.0,15.0,4.0,623M,14.0,22711.0,2111.0
2646138,2646139,45.0,1072215,1,2,0,1,1.0,35.0,1.0,-9.0,4.0,6242,14.0,22711.0,2111.0
2646139,2646140,21.0,1072215,2,2,3,1,1.0,38.0,1.0,15.0,4.0,623M,14.0,22711.0,2111.0
2646140,2646141,45.0,1072216,1,2,0,1,1.0,35.0,1.0,-9.0,4.0,6242,14.0,22712.0,2111.0
2646141,2646142,21.0,1072216,2,2,3,1,1.0,38.0,1.0,15.0,4.0,623M,14.0,22712.0,2111.0
2646142,2646143,45.0,1072217,1,2,0,1,1.0,35.0,1.0,-9.0,4.0,6242,14.0,22711.0,2111.0
2646143,2646144,21.0,1072217,2,2,3,1,1.0,38.0,1.0,15.0,4.0,623M,14.0,22711.0,2111.0
2646144,2646145,45.0,1072218,1,2,0,1,1.0,35.0,1.0,-9.0,4.0,6242,14.0,22711.0,2111.0
2646145,2646146,21.0,1072218,2,2,3,1,1.0,38.0,1.0,15.0,4.0,623M,14.0,22711.0,2111.0
2646146,2646147,45.0,1072219,1,2,0,1,1.0,35.0,1.0,-9.0,4.0,6242,14.0,22712.0,2111.0
2646147,2646148,21.0,1072219,2,2,3,1,1.0,38.0,1.0,15.0,4.0,623M,14.0,22712.0,2111.0
2646148,2646149,52.0,1072220,1,1,0,1,1.0,45.0,3.0,-9.0,4.0,23,2.0,22712.0,2111.0
2646149,2646150,46.0,1072221,1,1,0,1,1.0,60.0,1.0,-9.0,4.0,4853,6.0,22731.0,2114.0
2646150,2646151,64.0,1072221,2,2,1,2,3.0,20.0,6.0,-9.0,4.0,814,17.0,22731.0,2114.0
2646151,2646152,61.0,1072222,1,2,0,1,1.0,35.0,1.0,-9.0,4.0,8131,17.0,22712.0,2111.0
2646152,2646153,61.0,1072223,1,2,0,1,1.0,35.0,1.0,-9.0,4.0,8131,17.0,22712.0,2111.0
2646153,2646154,49.0,1072224,1,1,0,1,1.0,40.0,1.0,15.0,4.0,485M,6.0,22711.0,2111.0
2646154,2646155,41.0,1072224,2,2,1,1,6.0,-9.0,-9.0,-9.0,4.0,-9,0.0,22711.0,2111.0
2646155,2646156,18.0,1072224,3,1,2,1,6.0,-9.0,-9.0,15.0,4.0,-9,0.0,22711.0,2111.0
2646156,2646157,16.0,1072224,4,1,2,1,6.0,-9.0,-9.0,13.0,-9.0,-9,0.0,22711.0,2111.0
2646157,2646158,12.0,1072224,5,1,2,1,-9.0,-9.0,-9.0,8.0,-9.0,-9,0.0,22711.0,2111.0
2646158,2646159,28.0,1072225,1,2,0,4,2.0,40.0,1.0,15.0,4.0,92MP,18.0,22711.0,2111.0
2646159,2646160,46.0,1072225,2,2,12,2,1.0,40.0,1.0,-9.0,4.0,92MP,18.0,22711.0,2111.0
2646160,2646161,28.0,1072226,1,2,0,4,2.0,40.0,1.0,15.0,4.0,92MP,18.0,22711.0,2111.0
2646161,2646162,46.0,1072226,2,2,12,2,1.0,40.0,1.0,-9.0,4.0,92MP,18.0,22711.0,2111.0
2646162,2646163,28.0,1072227,1,2,0,4,2.0,40.0,1.0,15.0,4.0,92MP,18.0,22711.0,2111.0
2646163,2646164,46.0,1072227,2,2,12,2,1.0,40.0,1.0,-9.0,4.0,92MP,18.0,22711.0,2111.0
2646164,2646165,39.0,1072228,1,2,0,4,1.0,70.0,3.0,-9.0,4.0,4411,5.0,22731.0,2114.0
2646165,2646166,26.0,1072229,1,1,0,4,1.0,40.0,1.0,-9.0,4.0,5417,10.0,22711.0,2111.0
2646166,2646167,26.0,1072230,1,1,0,4,1.0,40.0,1.0,-9.0,4.0,5417,10.0,22712.0,2111.0
2646167,2646168,41.0,1072231,1,1,0,4,1.0,40.0,1.0,-9.0,4.0,491,6.0,22712.0,2111.0
2646168,2646169,41.0,1072232,1,1,0,4,1.0,40.0,1.0,-9.0,4.0,491,6.0,22712.0,2111.0
2646169,2646170,41.0,1072233,1,1,0,4,1.0,40.0,1.0,-9.0,4.0,491,6.0,22712.0,2111.0
2646170,2646171,41.0,1072234,1,1,0,4,1.0,40.0,1.0,-9.0,4.0,491,6.0,22712.0,2111.0
2646171,2646172,28.0,1072235,1,1,0,4,1.0,40.0,1.0,-9.0,4.0,5617Z,12.0,22712.0,2111.0
2646172,2646173,25.0,1072235,2,2,13,2,1.0,40.0,1.0,-9.0,4.0,484,6.0,22712.0,2111.0
2646173,2646174,28.0,1072236,1,1,0,4,1.0,40.0,1.0,-9.0,4.0,5617Z,12.0,22712.0,2111.0
2646174,2646175,25.0,1072236,2,2,13,2,1.0,40.0,1.0,-9.0,4.0,484,6.0,22712.0,2111.0
2646175,2646176,38.0,1072237,1,2,0,4,1.0,70.0,4.0,-9.0,4.0,522M,9.0,22712.0,2111.0
2646176,2646177,30.0,1072238,1,1,0,2,1.0,60.0,1.0,-9.0,4.0,8131,17.0,22711.0,2111.0
2646177,2646178,30.0,1072239,1,1,0,2,1.0,60.0,1.0,-9.0,4.0,8131,17.0,22711.0,2111.0
2646178,2646179,30.0,1072240,1,1,0,2,1.0,60.0,1.0,-9.0,4.0,8131,17.0,22712.0,2111.0
2646179,2646180,30.0,1072241,1,1,0,2,1.0,60.0,1.0,-9.0,4.0,8131,17.0,22711.0,2111.0
2646180,2646181,30.0,1072242,1,1,0,2,1.0,60.0,1.0,-9.0,4.0,8131,17.0,22712.0,2111.0
2646181,2646182,30.0,1072243,1,1,0,2,1.0,60.0,1.0,-9.0,4.0,8131,17.0,22712.0,2111.0
2646182,2646183,30.0,1072244,1,1,0,2,1.0,60.0,1.0,-9.0,4.0,8131,17.0,22731.0,2114.0
2646183,2646184,30.0,1072245,1,1,0,2,1.0,60.0,1.0,-9.0,4.0,8131,17.0,22713.0,2111.0
2646184,2646185,30.0,1072246,1,1,0,2,1.0,60.0,1.0,-9.0,4.0,8131,17.0,22711.0,2111.0
2646185,2646186,30.0,1072247,1,1,0,2,1.0,60.0,1.0,-9.0,4.0,8131,17.0,22711.0,2111.0
2646186,2646187,30.0,1072248,1,1,0,2,1.0,60.0,1.0,-9.0,4.0,8131,17.0,22711.0,2111.0
2646187,2646188,32.0,1072249,1,2,0,2,1.0,40.0,1.0,-9.0,4.0,5412,10.0,22711.0,2111.0
2646188,2646189,27.0,1072250,1,2,0,2,1.0,40.0,1.0,-9.0,4.0,5415,10.0,22711.0,2111.0
2646189,2646190,32.0,1072251,1,2,0,2,1.0,40.0,1.0,-9.0,4.0,5412,10.0,22711.0,2111.0
2646190,2646191,27.0,1072252,1,2,0,2,1.0,40.0,1.0,-9.0,4.0,5415,10.0,22711.0,2111.0
2646191,2646192,27.0,1072253,1,2,0,2,1.0,43.0,1.0,-9.0,4.0,5241,9.0,22731.0,2114.0
2646192,2646193,27.0,1072254,1,2,0,2,1.0,43.0,1.0,-9.0,4.0,5241,9.0,22711.0,2111.0
2646193,2646194,35.0,1072255,1,1,0,2,1.0,44.0,1.0,-9.0,4.0,92MP,18.0,22711.0,2111.0
2646194,2646195,35.0,1072256,1,1,0,2,1.0,44.0,1.0,-9.0,4.0,92MP,18.0,22711.0,2111.0
2646195,2646196,35.0,1072257,1,1,0,2,1.0,44.0,1.0,-9.0,4.0,92MP,18.0,22712.0,2111.0
2646196,2646197,35.0,1072258,1,1,0,2,1.0,44.0,1.0,-9.0,4.0,92MP,18.0,22711.0,2111.0
2646197,2646198,35.0,1072259,1,1,0,2,1.0,44.0,1.0,-9.0,4.0,92MP,18.0,22711.0,2111.0
2646198,2646199,35.0,1072260,1,1,0,2,1.0,44.0,1.0,-9.0,4.0,92MP,18.0,22712.0,2111.0
2646199,2646200,35.0,1072261,1,1,0,2,1.0,44.0,1.0,-9.0,4.0,92MP,18.0,22712.0,2111.0
2646200,2646201,35.0,1072262,1,1,0,2,1.0,44.0,1.0,-9.0,4.0,92MP,18.0,22711.0,2111.0
2646201,2646202,35.0,1072263,1,1,0,2,1.0,44.0,1.0,-9.0,4.0,92MP,18.0,22712.0,2111.0
2646202,2646203,35.0,1072264,1,1,0,2,1.0,44.0,1.0,-9.0,4.0,92MP,18.0,22712.0,2111.0
2646203,2646204,35.0,1072265,1,1,0,2,1.0,44.0,1.0,-9.0,4.0,92MP,18.0,22711.0,2111.0
2646204,2646205,35.0,1072266,1,1,0,2,1.0,44.0,1.0,-9.0,4.0,92MP,18.0,22711.0,2111.0
2646205,2646206,35.0,1072267,1,1,0,2,1.0,44.0,1.0,-9.0,4.0,92MP,18.0,22731.0,2114.0
2646206,2646207,35.0,1072268,1,1,0,2,1.0,44.0,1.0,-9.0,4.0,92MP,18.0,22711.0,2111.0
2646207,2646208,35.0,1072269,1,1,0,2,1.0,44.0,1.0,-9.0,4.0,92MP,18.0,22711.0,2111.0
2646208,2646209,35.0,1072270,1,1,0,2,1.0,44.0,1.0,-9.0,4.0,92MP,18.0,22711.0,2111.0
2646209,2646210,35.0,1072271,1,1,0,2,1.0,44.0,1.0,-9.0,4.0,92MP,18.0,22711.0,2111.0
2646210,2646211,35.0,1072272,1,1,0,2,1.0,44.0,1.0,-9.0,4.0,92MP,18.0,22712.0,2111.0
2646211,2646212,35.0,1072273,1,1,0,2,1.0,44.0,1.0,-9.0,4.0,92MP,18.0,22712.0,2111.0
2646212,2646213,35.0,1072274,1,1,0,2,1.0,44.0,1.0,-9.0,4.0,92MP,18.0,22712.0,2111.0
2646213,2646214,35.0,1072275,1,1,0,2,1.0,44.0,1.0,-9.0,4.0,92MP,18.0,22711.0,2111.0
2646214,2646215,35.0,1072276,1,1,0,2,1.0,44.0,1.0,-9.0,4.0,92MP,18.0,22711.0,2111.0
2646215,2646216,43.0,1072277,1,1,0,2,1.0,40.0,1.0,15.0,4.0,722Z,16.0,22712.0,2111.0
2646216,2646217,39.0,1072278,1,1,0,2,1.0,70.0,1.0,-9.0,4.0,623M,14.0,22711.0,2111.0
2646217,2646218,26.0,1072279,1,1,0,2,1.0,40.0,1.0,15.0,4.0,5415,10.0,22711.0,2111.0
2646218,2646219,30.0,1072280,1,1,0,2,1.0,40.0,1.0,-9.0,2.0,5416,10.0,22711.0,2111.0
2646219,2646220,30.0,1072281,1,1,0,2,1.0,40.0,1.0,-9.0,2.0,5416,10.0,22711.0,2111.0
2646220,2646221,26.0,1072282,1,1,0,2,1.0,40.0,1.0,15.0,4.0,5415,10.0,22712.0,2111.0
2646221,2646222,30.0,1072283,1,1,0,2,1.0,40.0,1.0,-9.0,2.0,5416,10.0,22711.0,2111.0
2646222,2646223,30.0,1072284,1,1,0,2,1.0,40.0,1.0,-9.0,2.0,5416,10.0,22711.0,2111.0
2646223,2646224,26.0,1072285,1,1,0,2,1.0,40.0,1.0,15.0,4.0,5415,10.0,22713.0,2111.0
2646224,2646225,26.0,1072286,1,1,0,2,1.0,40.0,1.0,15.0,4.0,5415,10.0,22711.0,2111.0
2646225,2646226,30.0,1072287,1,1,0,2,1.0,40.0,1.0,-9.0,2.0,5416,10.0,22711.0,2111.0
2646226,2646227,30.0,1072288,1,1,0,2,1.0,40.0,1.0,-9.0,2.0,5416,10.0,22711.0,2111.0
2646227,2646228,26.0,1072289,1,1,0,2,1.0,40.0,1.0,15.0,4.0,5415,10.0,22711.0,2111.0
2646228,2646229,26.0,1072290,1,1,0,2,1.0,40.0,1.0,15.0,4.0,5415,10.0,22712.0,2111.0
2646229,2646230,26.0,1072291,1,1,0,2,1.0,40.0,1.0,15.0,4.0,5415,10.0,22712.0,2111.0
2646230,2646231,27.0,1072292,1,2,0,2,1.0,47.0,1.0,16.0,4.0,5221M,9.0,22711.0,2111.0
2646231,2646232,27.0,1072293,1,2,0,2,1.0,47.0,1.0,16.0,4.0,5221M,9.0,22712.0,2111.0
2646232,2646233,25.0,1072294,1,2,0,2,1.0,40.0,1.0,-9.0,4.0,5313,9.0,22712.0,2111.0
2646233,2646234,27.0,1072295,1,2,0,2,1.0,47.0,1.0,16.0,4.0,5221M,9.0,22711.0,2111.0
2646234,2646235,25.0,1072296,1,2,0,2,1.0,40.0,1.0,-9.0,4.0,52M1,9.0,22711.0,2111.0
2646235,2646236,27.0,1072297,1,2,0,2,1.0,47.0,1.0,16.0,4.0,5221M,9.0,22712.0,2111.0
2646236,2646237,27.0,1072298,1,2,0,2,1.0,47.0,1.0,16.0,4.0,5221M,9.0,22711.0,2111.0
2646237,2646238,27.0,1072299,1,2,0,2,1.0,47.0,1.0,16.0,4.0,5221M,9.0,22711.0,2111.0
2646238,2646239,27.0,1072300,1,2,0,2,1.0,47.0,1.0,16.0,4.0,5221M,9.0,22711.0,2111.0
2646239,2646240,27.0,1072301,1,2,0,2,1.0,47.0,1.0,16.0,4.0,5221M,9.0,22711.0,2111.0
2646240,2646241,25.0,1072302,1,2,0,2,1.0,40.0,1.0,-9.0,4.0,52M1,9.0,22711.0,2111.0
2646241,2646242,25.0,1072303,1,2,0,2,1.0,40.0,1.0,-9.0,4.0,5313,9.0,22712.0,2111.0
2646242,2646243,27.0,1072304,1,2,0,2,1.0,47.0,1.0,16.0,4.0,5221M,9.0,22712.0,2111.0
2646243,2646244,27.0,1072305,1,2,0,2,1.0,47.0,1.0,16.0,4.0,5221M,9.0,22711.0,2111.0
2646244,2646245,25.0,1072306,1,2,0,2,1.0,40.0,1.0,-9.0,4.0,5313,9.0,22712.0,2111.0
2646245,2646246,27.0,1072307,1,2,0,2,1.0,47.0,1.0,16.0,4.0,5221M,9.0,22711.0,2111.0
2646246,2646247,27.0,1072308,1,2,0,2,1.0,47.0,1.0,16.0,4.0,5221M,9.0,22712.0,2111.0
2646247,2646248,25.0,1072309,1,2,0,2,1.0,40.0,1.0,-9.0,4.0,5313,9.0,22712.0,2111.0
2646248,2646249,32.0,1072310,1,1,0,2,1.0,35.0,1.0,-9.0,4.0,4853,6.0,22712.0,2111.0
2646249,2646250,32.0,1072311,1,1,0,2,1.0,35.0,1.0,-9.0,4.0,4853,6.0,22711.0,2111.0
2646250,2646251,32.0,1072312,1,1,0,2,1.0,35.0,1.0,-9.0,4.0,4853,6.0,22712.0,2111.0
2646251,2646252,32.0,1072313,1,1,0,2,1.0,35.0,1.0,-9.0,4.0,4853,6.0,22711.0,2111.0
2646252,2646253,32.0,1072314,1,1,0,2,1.0,35.0,1.0,-9.0,4.0,4853,6.0,22711.0,2111.0
2646253,2646254,32.0,1072315,1,1,0,2,1.0,35.0,1.0,-9.0,4.0,4853,6.0,22712.0,2111.0
2646254,2646255,32.0,1072316,1,1,0,2,1.0,35.0,1.0,-9.0,4.0,4853,6.0,22711.0,2111.0
2646255,2646256,28.0,1072317,1,1,0,2,1.0,40.0,1.0,-9.0,4.0,4533,5.0,22711.0,2111.0
2646256,2646257,43.0,1072318,1,2,0,2,1.0,40.0,1.0,-9.0,4.0,5241,9.0,22711.0,2111.0
2646257,2646258,13.0,1072318,2,2,2,2,-9.0,-9.0,-9.0,10.0,-9.0,-9,0.0,22711.0,2111.0
2646258,2646259,39.0,1072319,1,2,0,2,1.0,45.0,1.0,15.0,4.0,517311,8.0,22711.0,2111.0
2646259,2646260,16.0,1072319,2,2,2,3,6.0,-9.0,-9.0,12.0,-9.0,-9,0.0,22711.0,2111.0
2646260,2646261,39.0,1072320,1,2,0,2,1.0,45.0,1.0,15.0,4.0,517311,8.0,22711.0,2111.0
2646261,2646262,16.0,1072320,2,2,2,3,6.0,-9.0,-9.0,12.0,-9.0,-9,0.0,22711.0,2111.0
2646262,2646263,40.0,1072321,1,2,0,2,1.0,40.0,1.0,-9.0,4.0,623M,14.0,22712.0,2111.0
2646263,2646264,4.0,1072321,2,2,2,2,-9.0,-9.0,-9.0,-9.0,-9.0,-9,0.0,22712.0,2111.0
2646264,2646265,35.0,1072322,1,1,0,3,1.0,40.0,1.0,-9.0,4.0,814,17.0,22731.0,2114.0
2646265,2646266,36.0,1072322,2,2,1,3,1.0,40.0,1.0,-9.0,4.0,814,17.0,22731.0,2114.0
2646266,2646267,10.0,1072322,3,2,2,3,-9.0,-9.0,-9.0,6.0,-9.0,-9,0.0,22731.0,2114.0
2646267,2646268,9.0,1072322,4,2,2,3,-9.0,-9.0,-9.0,5.0,-9.0,-9,0.0,22731.0,2114.0
2646268,2646269,2.0,1072322,5,2,2,3,-9.0,-9.0,-9.0,-9.0,-9.0,-9,0.0,22731.0,2114.0
2646269,2646270,35.0,1072323,1,1,0,3,1.0,40.0,1.0,-9.0,4.0,814,17.0,22712.0,2111.0
2646270,2646271,36.0,1072323,2,2,1,3,1.0,40.0,1.0,-9.0,4.0,814,17.0,22712.0,2111.0
2646271,2646272,10.0,1072323,3,2,2,3,-9.0,-9.0,-9.0,6.0,-9.0,-9,0.0,22712.0,2111.0
2646272,2646273,9.0,1072323,4,2,2,3,-9.0,-9.0,-9.0,5.0,-9.0,-9,0.0,22712.0,2111.0
2646273,2646274,2.0,1072323,5,2,2,3,-9.0,-9.0,-9.0,-9.0,-9.0,-9,0.0,22712.0,2111.0
2646274,2646275,35.0,1072324,1,1,0,3,1.0,40.0,1.0,-9.0,4.0,814,17.0,22711.0,2111.0
2646275,2646276,36.0,1072324,2,2,1,3,1.0,40.0,1.0,-9.0,4.0,814,17.0,22711.0,2111.0
2646276,2646277,10.0,1072324,3,2,2,3,-9.0,-9.0,-9.0,6.0,-9.0,-9,0.0,22711.0,2111.0
2646277,2646278,9.0,1072324,4,2,2,3,-9.0,-9.0,-9.0,5.0,-9.0,-9,0.0,22711.0,2111.0
2646278,2646279,2.0,1072324,5,2,2,3,-9.0,-9.0,-9.0,-9.0,-9.0,-9,0.0,22711.0,2111.0
2646279,2646280,35.0,1072325,1,1,0,3,1.0,40.0,1.0,-9.0,4.0,814,17.0,22711.0,2111.0
2646280,2646281,36.0,1072325,2,2,1,3,1.0,40.0,1.0,-9.0,4.0,814,17.0,22711.0,2111.0
2646281,2646282,10.0,1072325,3,2,2,3,-9.0,-9.0,-9.0,6.0,-9.0,-9,0.0,22711.0,2111.0
2646282,2646283,9.0,1072325,4,2,2,3,-9.0,-9.0,-9.0,5.0,-9.0,-9,0.0,22711.0,2111.0
2646283,2646284,2.0,1072325,5,2,2,3,-9.0,-9.0,-9.0,-9.0,-9.0,-9,0.0,22711.0,2111.0
2646284,2646285,35.0,1072326,1,1,0,3,1.0,40.0,1.0,-9.0,4.0,814,17.0,22711.0,2111.0
2646285,2646286,36.0,1072326,2,2,1,3,1.0,40.0,1.0,-9.0,4.0,814,17.0,22711.0,2111.0
2646286,2646287,10.0,1072326,3,2,2,3,-9.0,-9.0,-9.0,6.0,-9.0,-9,0.0,22711.0,2111.0
2646287,2646288,9.0,1072326,4,2,2,3,-9.0,-9.0,-9.0,5.0,-9.0,-9,0.0,22711.0,2111.0
2646288,2646289,2.0,1072326,5,2,2,3,-9.0,-9.0,-9.0,-9.0,-9.0,-9,0.0,22711.0,2111.0
2646289,2646290,35.0,1072327,1,1,0,3,1.0,40.0,1.0,-9.0,4.0,814,17.0,22711.0,2111.0
2646290,2646291,36.0,1072327,2,2,1,3,1.0,40.0,1.0,-9.0,4.0,814,17.0,22711.0,2111.0
2646291,2646292,10.0,1072327,3,2,2,3,-9.0,-9.0,-9.0,6.0,-9.0,-9,0.0,22711.0,2111.0
2646292,2646293,9.0,1072327,4,2,2,3,-9.0,-9.0,-9.0,5.0,-9.0,-9,0.0,22711.0,2111.0
2646293,2646294,2.0,1072327,5,2,2,3,-9.0,-9.0,-9.0,-9.0,-9.0,-9,0.0,22711.0,2111.0
2646294,2646295,35.0,1072328,1,1,0,3,1.0,40.0,1.0,-9.0,4.0,814,17.0,22711.0,2111.0
2646295,2646296,36.0,1072328,2,2,1,3,1.0,40.0,1.0,-9.0,4.0,814,17.0,22711.0,2111.0
2646296,2646297,10.0,1072328,3,2,2,3,-9.0,-9.0,-9.0,6.0,-9.0,-9,0.0,22711.0,2111.0
2646297,2646298,9.0,1072328,4,2,2,3,-9.0,-9.0,-9.0,5.0,-9.0,-9,0.0,22711.0,2111.0
2646298,2646299,2.0,1072328,5,2,2,3,-9.0,-9.0,-9.0,-9.0,-9.0,-9,0.0,22711.0,2111.0
2646299,2646300,35.0,1072329,1,1,0,3,1.0,40.0,1.0,-9.0,4.0,814,17.0,22711.0,2111.0
2646300,2646301,36.0,1072329,2,2,1,3,1.0,40.0,1.0,-9.0,4.0,814,17.0,22711.0,2111.0
2646301,2646302,10.0,1072329,3,2,2,3,-9.0,-9.0,-9.0,6.0,-9.0,-9,0.0,22711.0,2111.0
2646302,2646303,9.0,1072329,4,2,2,3,-9.0,-9.0,-9.0,5.0,-9.0,-9,0.0,22711.0,2111.0
2646303,2646304,2.0,1072329,5,2,2,3,-9.0,-9.0,-9.0,-9.0,-9.0,-9,0.0,22711.0,2111.0
2646304,2646305,35.0,1072330,1,1,0,3,1.0,40.0,1.0,-9.0,4.0,814,17.0,22711.0,2111.0
2646305,2646306,36.0,1072330,2,2,1,3,1.0,40.0,1.0,-9.0,4.0,814,17.0,22711.0,2111.0
2646306,2646307,10.0,1072330,3,2,2,3,-9.0,-9.0,-9.0,6.0,-9.0,-9,0.0,22711.0,2111.0
2646307,2646308,9.0,1072330,4,2,2,3,-9.0,-9.0,-9.0,5.0,-9.0,-9,0.0,22711.0,2111.0
2646308,2646309,2.0,1072330,5,2,2,3,-9.0,-9.0,-9.0,-9.0,-9.0,-9,0.0,22711.0,2111.0
2646309,2646310,35.0,1072331,1,1,0,3,1.0,40.0,1.0,-9.0,4.0,814,17.0,22711.0,2111.0
2646310,2646311,36.0,1072331,2,2,1,3,1.0,40.0,1.0,-9.0,4.0,814,17.0,22711.0,2111.0
2646311,2646312,10.0,1072331,3,2,2,3,-9.0,-9.0,-9.0,6.0,-9.0,-9,0.0,22711.0,2111.0
2646312,2646313,9.0,1072331,4,2,2,3,-9.0,-9.0,-9.0,5.0,-9.0,-9,0.0,22711.0,2111.0
2646313,2646314,2.0,1072331,5,2,2,3,-9.0,-9.0,-9.0,-9.0,-9.0,-9,0.0,22711.0,2111.0
2646314,2646315,35.0,1072332,1,1,0,3,1.0,40.0,1.0,-9.0,4.0,814,17.0,22712.0,2111.0
2646315,2646316,36.0,1072332,2,2,1,3,1.0,40.0,1.0,-9.0,4.0,814,17.0,22712.0,2111.0
2646316,2646317,10.0,1072332,3,2,2,3,-9.0,-9.0,-9.0,6.0,-9.0,-9,0.0,22712.0,2111.0
2646317,2646318,9.0,1072332,4,2,2,3,-9.0,-9.0,-9.0,5.0,-9.0,-9,0.0,22712.0,2111.0
2646318,2646319,2.0,1072332,5,2,2,3,-9.0,-9.0,-9.0,-9.0,-9.0,-9,0.0,22712.0,2111.0
2646319,2646320,35.0,1072333,1,1,0,3,1.0,40.0,1.0,-9.0,4.0,814,17.0,22711.0,2111.0
2646320,2646321,36.0,1072333,2,2,1,3,1.0,40.0,1.0,-9.0,4.0,814,17.0,22711.0,2111.0
2646321,2646322,10.0,1072333,3,2,2,3,-9.0,-9.0,-9.0,6.0,-9.0,-9,0.0,22711.0,2111.0
2646322,2646323,9.0,1072333,4,2,2,3,-9.0,-9.0,-9.0,5.0,-9.0,-9,0.0,22711.0,2111.0
2646323,2646324,2.0,1072333,5,2,2,3,-9.0,-9.0,-9.0,-9.0,-9.0,-9,0.0,22711.0,2111.0
2646324,2646325,35.0,1072334,1,1,0,3,1.0,40.0,1.0,-9.0,4.0,814,17.0,22712.0,2111.0
2646325,2646326,36.0,1072334,2,2,1,3,1.0,40.0,1.0,-9.0,4.0,814,17.0,22712.0,2111.0
2646326,2646327,10.0,1072334,3,2,2,3,-9.0,-9.0,-9.0,6.0,-9.0,-9,0.0,22712.0,2111.0
2646327,2646328,9.0,1072334,4,2,2,3,-9.0,-9.0,-9.0,5.0,-9.0,-9,0.0,22712.0,2111.0
2646328,2646329,2.0,1072334,5,2,2,3,-9.0,-9.0,-9.0,-9.0,-9.0,-9,0.0,22712.0,2111.0
2646329,2646330,35.0,1072335,1,1,0,3,1.0,40.0,1.0,-9.0,4.0,814,17.0,22711.0,2111.0
2646330,2646331,36.0,1072335,2,2,1,3,1.0,40.0,1.0,-9.0,4.0,814,17.0,22711.0,2111.0
2646331,2646332,10.0,1072335,3,2,2,3,-9.0,-9.0,-9.0,6.0,-9.0,-9,0.0,22711.0,2111.0
2646332,2646333,9.0,1072335,4,2,2,3,-9.0,-9.0,-9.0,5.0,-9.0,-9,0.0,22711.0,2111.0
2646333,2646334,2.0,1072335,5,2,2,3,-9.0,-9.0,-9.0,-9.0,-9.0,-9,0.0,22711.0,2111.0
2646334,2646335,31.0,1072336,1,2,0,1,2.0,40.0,1.0,-9.0,4.0,5417,10.0,22712.0,2111.0
2646335,2646336,25.0,1072336,2,2,15,1,1.0,40.0,4.0,-9.0,4.0,5613,12.0,22712.0,2111.0
2646336,2646337,25.0,1072336,3,1,15,2,1.0,40.0,1.0,-9.0,4.0,813M,17.0,22712.0,2111.0
2646337,2646338,31.0,1072337,1,2,0,1,2.0,40.0,1.0,-9.0,4.0,5417,10.0,22712.0,2111.0
2646338,2646339,25.0,1072337,2,2,15,1,1.0,40.0,4.0,-9.0,4.0,5613,12.0,22712.0,2111.0
2646339,2646340,25.0,1072337,3,1,15,2,1.0,40.0,1.0,-9.0,4.0,813M,17.0,22712.0,2111.0
2646340,2646341,31.0,1072338,1,2,0,1,2.0,40.0,1.0,-9.0,4.0,5417,10.0,22712.0,2111.0
2646341,2646342,25.0,1072338,2,2,15,1,1.0,40.0,4.0,-9.0,4.0,5613,12.0,22712.0,2111.0
2646342,2646343,25.0,1072338,3,1,15,2,1.0,40.0,1.0,-9.0,4.0,813M,17.0,22712.0,2111.0
2646343,2646344,28.0,1072339,1,1,0,1,1.0,40.0,1.0,-9.0,4.0,3231,3.0,22711.0,2111.0
2646344,2646345,24.0,1072339,2,2,13,1,1.0,40.0,1.0,-9.0,4.0,3231,3.0,22711.0,2111.0
2646345,2646346,39.0,1072340,1,1,0,1,1.0,40.0,1.0,-9.0,4.0,5112,8.0,22711.0,2111.0
2646346,2646347,34.0,1072341,1,2,0,1,3.0,-9.0,-9.0,-9.0,4.0,999920,0.0,22711.0,2111.0
2646347,2646348,35.0,1072341,2,2,15,1,1.0,40.0,1.0,-9.0,4.0,44512,5.0,22711.0,2111.0
2646348,2646349,36.0,1072342,1,2,0,1,1.0,40.0,1.0,-9.0,4.0,812112,17.0,22731.0,2114.0
2646349,2646350,35.0,1072342,2,2,13,1,1.0,45.0,1.0,-9.0,4.0,8121M,17.0,22731.0,2114.0
2646350,2646351,44.0,1072343,1,1,0,1,1.0,40.0,1.0,-9.0,4.0,5616,12.0,22731.0,2114.0
2646351,2646352,25.0,1072344,1,1,0,1,1.0,40.0,1.0,-9.0,4.0,5413,10.0,22712.0,2111.0
2646352,2646353,29.0,1072345,1,1,0,1,1.0,40.0,1.0,-9.0,4.0,481,6.0,22711.0,2111.0
2646353,2646354,28.0,1072346,1,2,0,1,1.0,40.0,1.0,-9.0,4.0,5418,10.0,22711.0,2111.0
2646354,2646355,30.0,1072347,1,2,0,1,1.0,40.0,1.0,-9.0,4.0,5413,10.0,22711.0,2111.0
2646355,2646356,37.0,1072348,1,2,0,1,1.0,40.0,1.0,-9.0,4.0,482,6.0,22712.0,2111.0
2646356,2646357,37.0,1072349,1,2,0,1,1.0,40.0,1.0,-9.0,4.0,482,6.0,22712.0,2111.0
2646357,2646358,37.0,1072350,1,2,0,1,1.0,40.0,1.0,-9.0,4.0,482,6.0,22711.0,2111.0
2646358,2646359,38.0,1072351,1,1,0,1,2.0,45.0,1.0,-9.0,4.0,623M,14.0,22711.0,2111.0
2646359,2646360,17.0,1072351,2,1,2,4,6.0,-9.0,-9.0,14.0,4.0,-9,0.0,22711.0,2111.0
2646360,2646361,42.0,1072351,3,2,12,2,1.0,32.0,1.0,-9.0,4.0,6231,14.0,22711.0,2111.0
2646361,2646362,21.0,1072351,4,1,12,2,6.0,-9.0,-9.0,-9.0,4.0,-9,0.0,22711.0,2111.0
2646362,2646363,38.0,1072352,1,1,0,1,2.0,45.0,1.0,-9.0,4.0,623M,14.0,22711.0,2111.0
2646363,2646364,17.0,1072352,2,1,2,4,6.0,-9.0,-9.0,14.0,4.0,-9,0.0,22711.0,2111.0
2646364,2646365,42.0,1072352,3,2,12,2,1.0,32.0,1.0,-9.0,4.0,6231,14.0,22711.0,2111.0
2646365,2646366,21.0,1072352,4,1,12,2,6.0,-9.0,-9.0,-9.0,4.0,-9,0.0,22711.0,2111.0
2646366,2646367,38.0,1072353,1,1,0,1,2.0,45.0,1.0,-9.0,4.0,623M,14.0,22711.0,2111.0
2646367,2646368,17.0,1072353,2,1,2,4,6.0,-9.0,-9.0,14.0,4.0,-9,0.0,22711.0,2111.0
2646368,2646369,42.0,1072353,3,2,12,2,1.0,32.0,1.0,-9.0,4.0,6231,14.0,22711.0,2111.0
2646369,2646370,21.0,1072353,4,1,12,2,6.0,-9.0,-9.0,-9.0,4.0,-9,0.0,22711.0,2111.0
2646370,2646371,38.0,1072354,1,1,0,1,2.0,45.0,1.0,-9.0,4.0,623M,14.0,22711.0,2111.0
2646371,2646372,17.0,1072354,2,1,2,4,6.0,-9.0,-9.0,14.0,4.0,-9,0.0,22711.0,2111.0
2646372,2646373,42.0,1072354,3,2,12,2,1.0,32.0,1.0,-9.0,4.0,6231,14.0,22711.0,2111.0
2646373,2646374,21.0,1072354,4,1,12,2,6.0,-9.0,-9.0,-9.0,4.0,-9,0.0,22711.0,2111.0
2646374,2646375,38.0,1072355,1,1,0,1,2.0,45.0,1.0,-9.0,4.0,623M,14.0,22712.0,2111.0
2646375,2646376,17.0,1072355,2,1,2,4,6.0,-9.0,-9.0,14.0,4.0,-9,0.0,22712.0,2111.0
2646376,2646377,42.0,1072355,3,2,12,2,1.0,32.0,1.0,-9.0,4.0,6231,14.0,22712.0,2111.0
2646377,2646378,21.0,1072355,4,1,12,2,6.0,-9.0,-9.0,-9.0,4.0,-9,0.0,22712.0,2111.0
2646378,2646379,38.0,1072356,1,1,0,1,2.0,45.0,1.0,-9.0,4.0,623M,14.0,22711.0,2111.0
2646379,2646380,17.0,1072356,2,1,2,4,6.0,-9.0,-9.0,14.0,4.0,-9,0.0,22711.0,2111.0
2646380,2646381,42.0,1072356,3,2,12,2,1.0,32.0,1.0,-9.0,4.0,6231,14.0,22711.0,2111.0
2646381,2646382,21.0,1072356,4,1,12,2,6.0,-9.0,-9.0,-9.0,4.0,-9,0.0,22711.0,2111.0
2646382,2646383,38.0,1072357,1,1,0,1,2.0,45.0,1.0,-9.0,4.0,623M,14.0,22731.0,2114.0
2646383,2646384,17.0,1072357,2,1,2,4,6.0,-9.0,-9.0,14.0,4.0,-9,0.0,22731.0,2114.0
2646384,2646385,42.0,1072357,3,2,12,2,1.0,32.0,1.0,-9.0,4.0,6231,14.0,22731.0,2114.0
2646385,2646386,21.0,1072357,4,1,12,2,6.0,-9.0,-9.0,-9.0,4.0,-9,0.0,22731.0,2114.0
2646386,2646387,38.0,1072358,1,1,0,1,2.0,45.0,1.0,-9.0,4.0,623M,14.0,22711.0,2111.0
2646387,2646388,17.0,1072358,2,1,2,4,6.0,-9.0,-9.0,14.0,4.0,-9,0.0,22711.0,2111.0
2646388,2646389,42.0,1072358,3,2,12,2,1.0,32.0,1.0,-9.0,4.0,6231,14.0,22711.0,2111.0
2646389,2646390,21.0,1072358,4,1,12,2,6.0,-9.0,-9.0,-9.0,4.0,-9,0.0,22711.0,2111.0
2646390,2646391,38.0,1072359,1,1,0,1,2.0,45.0,1.0,-9.0,4.0,623M,14.0,22712.0,2111.0
2646391,2646392,17.0,1072359,2,1,2,4,6.0,-9.0,-9.0,14.0,4.0,-9,0.0,22712.0,2111.0
2646392,2646393,42.0,1072359,3,2,12,2,1.0,32.0,1.0,-9.0,4.0,6231,14.0,22712.0,2111.0
2646393,2646394,21.0,1072359,4,1,12,2,6.0,-9.0,-9.0,-9.0,4.0,-9,0.0,22712.0,2111.0
2646394,2646395,38.0,1072360,1,1,0,1,2.0,45.0,1.0,-9.0,4.0,623M,14.0,22712.0,2111.0
2646395,2646396,17.0,1072360,2,1,2,4,6.0,-9.0,-9.0,14.0,4.0,-9,0.0,22712.0,2111.0
2646396,2646397,42.0,1072360,3,2,12,2,1.0,32.0,1.0,-9.0,4.0,6231,14.0,22712.0,2111.0
2646397,2646398,21.0,1072360,4,1,12,2,6.0,-9.0,-9.0,-9.0,4.0,-9,0.0,22712.0,2111.0
2646398,2646399,38.0,1072361,1,1,0,1,2.0,45.0,1.0,-9.0,4.0,623M,14.0,22711.0,2111.0
2646399,2646400,17.0,1072361,2,1,2,4,6.0,-9.0,-9.0,14.0,4.0,-9,0.0,22711.0,2111.0
2646400,2646401,42.0,1072361,3,2,12,2,1.0,32.0,1.0,-9.0,4.0,6231,14.0,22711.0,2111.0
2646401,2646402,21.0,1072361,4,1,12,2,6.0,-9.0,-9.0,-9.0,4.0,-9,0.0,22711.0,2111.0
2646402,2646403,38.0,1072362,1,1,0,1,2.0,45.0,1.0,-9.0,4.0,623M,14.0,22711.0,2111.0
2646403,2646404,17.0,1072362,2,1,2,4,6.0,-9.0,-9.0,14.0,4.0,-9,0.0,22711.0,2111.0
2646404,2646405,42.0,1072362,3,2,12,2,1.0,32.0,1.0,-9.0,4.0,6231,14.0,22711.0,2111.0
2646405,2646406,21.0,1072362,4,1,12,2,6.0,-9.0,-9.0,-9.0,4.0,-9,0.0,22711.0,2111.0
2646406,2646407,38.0,1072363,1,1,0,1,2.0,45.0,1.0,-9.0,4.0,623M,14.0,22711.0,2111.0
2646407,2646408,17.0,1072363,2,1,2,4,6.0,-9.0,-9.0,14.0,4.0,-9,0.0,22711.0,2111.0
2646408,2646409,42.0,1072363,3,2,12,2,1.0,32.0,1.0,-9.0,4.0,6231,14.0,22711.0,2111.0
2646409,2646410,21.0,1072363,4,1,12,2,6.0,-9.0,-9.0,-9.0,4.0,-9,0.0,22711.0,2111.0
2646410,2646411,38.0,1072364,1,1,0,1,2.0,45.0,1.0,-9.0,4.0,623M,14.0,22712.0,2111.0
2646411,2646412,17.0,1072364,2,1,2,4,6.0,-9.0,-9.0,14.0,4.0,-9,0.0,22712.0,2111.0
2646412,2646413,42.0,1072364,3,2,12,2,1.0,32.0,1.0,-9.0,4.0,6231,14.0,22712.0,2111.0
2646413,2646414,21.0,1072364,4,1,12,2,6.0,-9.0,-9.0,-9.0,4.0,-9,0.0,22712.0,2111.0
2646414,2646415,38.0,1072365,1,1,0,1,2.0,45.0,1.0,-9.0,4.0,623M,14.0,22711.0,2111.0
2646415,2646416,17.0,1072365,2,1,2,4,6.0,-9.0,-9.0,14.0,4.0,-9,0.0,22711.0,2111.0
2646416,2646417,42.0,1072365,3,2,12,2,1.0,32.0,1.0,-9.0,4.0,6231,14.0,22711.0,2111.0
2646417,2646418,21.0,1072365,4,1,12,2,6.0,-9.0,-9.0,-9.0,4.0,-9,0.0,22711.0,2111.0
2646418,2646419,38.0,1072366,1,1,0,1,2.0,45.0,1.0,-9.0,4.0,623M,14.0,22711.0,2111.0
2646419,2646420,17.0,1072366,2,1,2,4,6.0,-9.0,-9.0,14.0,4.0,-9,0.0,22711.0,2111.0
2646420,2646421,42.0,1072366,3,2,12,2,1.0,32.0,1.0,-9.0,4.0,6231,14.0,22711.0,2111.0
2646421,2646422,21.0,1072366,4,1,12,2,6.0,-9.0,-9.0,-9.0,4.0,-9,0.0,22711.0,2111.0
2646422,2646423,38.0,1072367,1,1,0,1,2.0,45.0,1.0,-9.0,4.0,623M,14.0,22711.0,2111.0
2646423,2646424,17.0,1072367,2,1,2,4,6.0,-9.0,-9.0,14.0,4.0,-9,0.0,22711.0,2111.0
2646424,2646425,42.0,1072367,3,2,12,2,1.0,32.0,1.0,-9.0,4.0,6231,14.0,22711.0,2111.0
2646425,2646426,21.0,1072367,4,1,12,2,6.0,-9.0,-9.0,-9.0,4.0,-9,0.0,22711.0,2111.0
2646426,2646427,38.0,1072368,1,1,0,1,2.0,45.0,1.0,-9.0,4.0,623M,14.0,22711.0,2111.0
2646427,2646428,17.0,1072368,2,1,2,4,6.0,-9.0,-9.0,14.0,4.0,-9,0.0,22711.0,2111.0
2646428,2646429,42.0,1072368,3,2,12,2,1.0,32.0,1.0,-9.0,4.0,6231,14.0,22711.0,2111.0
2646429,2646430,21.0,1072368,4,1,12,2,6.0,-9.0,-9.0,-9.0,4.0,-9,0.0,22711.0,2111.0
2646430,2646431,38.0,1072369,1,1,0,1,2.0,45.0,1.0,-9.0,4.0,623M,14.0,22712.0,2111.0
2646431,2646432,17.0,1072369,2,1,2,4,6.0,-9.0,-9.0,14.0,4.0,-9,0.0,22712.0,2111.0
2646432,2646433,42.0,1072369,3,2,12,2,1.0,32.0,1.0,-9.0,4.0,6231,14.0,22712.0,2111.0
2646433,2646434,21.0,1072369,4,1,12,2,6.0,-9.0,-9.0,-9.0,4.0,-9,0.0,22712.0,2111.0
2646434,2646435,38.0,1072370,1,1,0,1,2.0,45.0,1.0,-9.0,4.0,623M,14.0,22711.0,2111.0
2646435,2646436,17.0,1072370,2,1,2,4,6.0,-9.0,-9.0,14.0,4.0,-9,0.0,22711.0,2111.0
2646436,2646437,42.0,1072370,3,2,12,2,1.0,32.0,1.0,-9.0,4.0,6231,14.0,22711.0,2111.0
2646437,2646438,21.0,1072370,4,1,12,2,6.0,-9.0,-9.0,-9.0,4.0,-9,0.0,22711.0,2111.0
2646438,2646439,38.0,1072371,1,1,0,1,2.0,45.0,1.0,-9.0,4.0,623M,14.0,22712.0,2111.0
2646439,2646440,17.0,1072371,2,1,2,4,6.0,-9.0,-9.0,14.0,4.0,-9,0.0,22712.0,2111.0
2646440,2646441,42.0,1072371,3,2,12,2,1.0,32.0,1.0,-9.0,4.0,6231,14.0,22712.0,2111.0
2646441,2646442,21.0,1072371,4,1,12,2,6.0,-9.0,-9.0,-9.0,4.0,-9,0.0,22712.0,2111.0
2646442,2646443,38.0,1072372,1,1,0,1,2.0,45.0,1.0,-9.0,4.0,623M,14.0,22711.0,2111.0
2646443,2646444,17.0,1072372,2,1,2,4,6.0,-9.0,-9.0,14.0,4.0,-9,0.0,22711.0,2111.0
2646444,2646445,42.0,1072372,3,2,12,2,1.0,32.0,1.0,-9.0,4.0,6231,14.0,22711.0,2111.0
2646445,2646446,21.0,1072372,4,1,12,2,6.0,-9.0,-9.0,-9.0,4.0,-9,0.0,22711.0,2111.0
2646446,2646447,38.0,1072373,1,1,0,1,2.0,45.0,1.0,-9.0,4.0,623M,14.0,22713.0,2111.0
2646447,2646448,17.0,1072373,2,1,2,4,6.0,-9.0,-9.0,14.0,4.0,-9,0.0,22713.0,2111.0
2646448,2646449,42.0,1072373,3,2,12,2,1.0,32.0,1.0,-9.0,4.0,6231,14.0,22713.0,2111.0
2646449,2646450,21.0,1072373,4,1,12,2,6.0,-9.0,-9.0,-9.0,4.0,-9,0.0,22713.0,2111.0
2646450,2646451,38.0,1072374,1,1,0,1,2.0,45.0,1.0,-9.0,4.0,623M,14.0,22711.0,2111.0
2646451,2646452,17.0,1072374,2,1,2,4,6.0,-9.0,-9.0,14.0,4.0,-9,0.0,22711.0,2111.0
2646452,2646453,42.0,1072374,3,2,12,2,1.0,32.0,1.0,-9.0,4.0,6231,14.0,22711.0,2111.0
2646453,2646454,21.0,1072374,4,1,12,2,6.0,-9.0,-9.0,-9.0,4.0,-9,0.0,22711.0,2111.0
2646454,2646455,38.0,1072375,1,1,0,1,2.0,45.0,1.0,-9.0,4.0,623M,14.0,22711.0,2111.0
2646455,2646456,17.0,1072375,2,1,2,4,6.0,-9.0,-9.0,14.0,4.0,-9,0.0,22711.0,2111.0
2646456,2646457,42.0,1072375,3,2,12,2,1.0,32.0,1.0,-9.0,4.0,6231,14.0,22711.0,2111.0
2646457,2646458,21.0,1072375,4,1,12,2,6.0,-9.0,-9.0,-9.0,4.0,-9,0.0,22711.0,2111.0
2646458,2646459,38.0,1072376,1,1,0,1,2.0,45.0,1.0,-9.0,4.0,623M,14.0,22711.0,2111.0
2646459,2646460,17.0,1072376,2,1,2,4,6.0,-9.0,-9.0,14.0,4.0,-9,0.0,22711.0,2111.0
2646460,2646461,42.0,1072376,3,2,12,2,1.0,32.0,1.0,-9.0,4.0,6231,14.0,22711.0,2111.0
2646461,2646462,21.0,1072376,4,1,12,2,6.0,-9.0,-9.0,-9.0,4.0,-9,0.0,22711.0,2111.0
2646462,2646463,38.0,1072377,1,1,0,1,2.0,45.0,1.0,-9.0,4.0,623M,14.0,22711.0,2111.0
2646463,2646464,17.0,1072377,2,1,2,4,6.0,-9.0,-9.0,14.0,4.0,-9,0.0,22711.0,2111.0
2646464,2646465,42.0,1072377,3,2,12,2,1.0,32.0,1.0,-9.0,4.0,6231,14.0,22711.0,2111.0
2646465,2646466,21.0,1072377,4,1,12,2,6.0,-9.0,-9.0,-9.0,4.0,-9,0.0,22711.0,2111.0
2646466,2646467,38.0,1072378,1,1,0,1,2.0,45.0,1.0,-9.0,4.0,623M,14.0,22711.0,2111.0
2646467,2646468,17.0,1072378,2,1,2,4,6.0,-9.0,-9.0,14.0,4.0,-9,0.0,22711.0,2111.0
2646468,2646469,42.0,1072378,3,2,12,2,1.0,32.0,1.0,-9.0,4.0,6231,14.0,22711.0,2111.0
2646469,2646470,21.0,1072378,4,1,12,2,6.0,-9.0,-9.0,-9.0,4.0,-9,0.0,22711.0,2111.0
2646470,2646471,38.0,1072379,1,1,0,1,2.0,45.0,1.0,-9.0,4.0,623M,14.0,22711.0,2111.0
2646471,2646472,17.0,1072379,2,1,2,4,6.0,-9.0,-9.0,14.0,4.0,-9,0.0,22711.0,2111.0
2646472,2646473,42.0,1072379,3,2,12,2,1.0,32.0,1.0,-9.0,4.0,6231,14.0,22711.0,2111.0
2646473,2646474,21.0,1072379,4,1,12,2,6.0,-9.0,-9.0,-9.0,4.0,-9,0.0,22711.0,2111.0
2646474,2646475,38.0,1072380,1,1,0,1,2.0,45.0,1.0,-9.0,4.0,623M,14.0,22712.0,2111.0
2646475,2646476,17.0,1072380,2,1,2,4,6.0,-9.0,-9.0,14.0,4.0,-9,0.0,22712.0,2111.0
2646476,2646477,42.0,1072380,3,2,12,2,1.0,32.0,1.0,-9.0,4.0,6231,14.0,22712.0,2111.0
2646477,2646478,21.0,1072380,4,1,12,2,6.0,-9.0,-9.0,-9.0,4.0,-9,0.0,22712.0,2111.0
2646478,2646479,38.0,1072381,1,1,0,1,2.0,45.0,1.0,-9.0,4.0,623M,14.0,22711.0,2111.0
2646479,2646480,17.0,1072381,2,1,2,4,6.0,-9.0,-9.0,14.0,4.0,-9,0.0,22711.0,2111.0
2646480,2646481,42.0,1072381,3,2,12,2,1.0,32.0,1.0,-9.0,4.0,6231,14.0,22711.0,2111.0
2646481,2646482,21.0,1072381,4,1,12,2,6.0,-9.0,-9.0,-9.0,4.0,-9,0.0,22711.0,2111.0
2646482,2646483,38.0,1072382,1,1,0,1,2.0,45.0,1.0,-9.0,4.0,623M,14.0,22712.0,2111.0
2646483,2646484,17.0,1072382,2,1,2,4,6.0,-9.0,-9.0,14.0,4.0,-9,0.0,22712.0,2111.0
2646484,2646485,42.0,1072382,3,2,12,2,1.0,32.0,1.0,-9.0,4.0,6231,14.0,22712.0,2111.0
2646485,2646486,21.0,1072382,4,1,12,2,6.0,-9.0,-9.0,-9.0,4.0,-9,0.0,22712.0,2111.0
2646486,2646487,38.0,1072383,1,1,0,1,2.0,45.0,1.0,-9.0,4.0,623M,14.0,22711.0,2111.0
2646487,2646488,17.0,1072383,2,1,2,4,6.0,-9.0,-9.0,14.0,4.0,-9,0.0,22711.0,2111.0
2646488,2646489,42.0,1072383,3,2,12,2,1.0,32.0,1.0,-9.0,4.0,6231,14.0,22711.0,2111.0
2646489,2646490,21.0,1072383,4,1,12,2,6.0,-9.0,-9.0,-9.0,4.0,-9,0.0,22711.0,2111.0
2646490,2646491,38.0,1072384,1,1,0,1,2.0,45.0,1.0,-9.0,4.0,623M,14.0,22712.0,2111.0
2646491,2646492,17.0,1072384,2,1,2,4,6.0,-9.0,-9.0,14.0,4.0,-9,0.0,22712.0,2111.0
2646492,2646493,42.0,1072384,3,2,12,2,1.0,32.0,1.0,-9.0,4.0,6231,14.0,22712.0,2111.0
2646493,2646494,21.0,1072384,4,1,12,2,6.0,-9.0,-9.0,-9.0,4.0,-9,0.0,22712.0,2111.0
2646494,2646495,38.0,1072385,1,1,0,1,2.0,45.0,1.0,-9.0,4.0,623M,14.0,22711.0,2111.0
2646495,2646496,17.0,1072385,2,1,2,4,6.0,-9.0,-9.0,14.0,4.0,-9,0.0,22711.0,2111.0
2646496,2646497,42.0,1072385,3,2,12,2,1.0,32.0,1.0,-9.0,4.0,6231,14.0,22711.0,2111.0
2646497,2646498,21.0,1072385,4,1,12,2,6.0,-9.0,-9.0,-9.0,4.0,-9,0.0,22711.0,2111.0
2646498,2646499,38.0,1072386,1,1,0,1,2.0,45.0,1.0,-9.0,4.0,623M,14.0,22711.0,2111.0
2646499,2646500,17.0,1072386,2,1,2,4,6.0,-9.0,-9.0,14.0,4.0,-9,0.0,22711.0,2111.0
2646500,2646501,42.0,1072386,3,2,12,2,1.0,32.0,1.0,-9.0,4.0,6231,14.0,22711.0,2111.0
2646501,2646502,21.0,1072386,4,1,12,2,6.0,-9.0,-9.0,-9.0,4.0,-9,0.0,22711.0,2111.0
2646502,2646503,38.0,1072387,1,1,0,1,2.0,45.0,1.0,-9.0,4.0,623M,14.0,22711.0,2111.0
2646503,2646504,17.0,1072387,2,1,2,4,6.0,-9.0,-9.0,14.0,4.0,-9,0.0,22711.0,2111.0
2646504,2646505,42.0,1072387,3,2,12,2,1.0,32.0,1.0,-9.0,4.0,6231,14.0,22711.0,2111.0
2646505,2646506,21.0,1072387,4,1,12,2,6.0,-9.0,-9.0,-9.0,4.0,-9,0.0,22711.0,2111.0
2646506,2646507,38.0,1072388,1,1,0,1,2.0,45.0,1.0,-9.0,4.0,623M,14.0,22711.0,2111.0
2646507,2646508,17.0,1072388,2,1,2,4,6.0,-9.0,-9.0,14.0,4.0,-9,0.0,22711.0,2111.0
2646508,2646509,42.0,1072388,3,2,12,2,1.0,32.0,1.0,-9.0,4.0,6231,14.0,22711.0,2111.0
2646509,2646510,21.0,1072388,4,1,12,2,6.0,-9.0,-9.0,-9.0,4.0,-9,0.0,22711.0,2111.0
2646510,2646511,38.0,1072389,1,1,0,1,2.0,45.0,1.0,-9.0,4.0,623M,14.0,22711.0,2111.0
2646511,2646512,17.0,1072389,2,1,2,4,6.0,-9.0,-9.0,14.0,4.0,-9,0.0,22711.0,2111.0
2646512,2646513,42.0,1072389,3,2,12,2,1.0,32.0,1.0,-9.0,4.0,6231,14.0,22711.0,2111.0
2646513,2646514,21.0,1072389,4,1,12,2,6.0,-9.0,-9.0,-9.0,4.0,-9,0.0,22711.0,2111.0
2646514,2646515,38.0,1072390,1,1,0,1,2.0,45.0,1.0,-9.0,4.0,623M,14.0,22711.0,2111.0
2646515,2646516,17.0,1072390,2,1,2,4,6.0,-9.0,-9.0,14.0,4.0,-9,0.0,22711.0,2111.0
2646516,2646517,42.0,1072390,3,2,12,2,1.0,32.0,1.0,-9.0,4.0,6231,14.0,22711.0,2111.0
2646517,2646518,21.0,1072390,4,1,12,2,6.0,-9.0,-9.0,-9.0,4.0,-9,0.0,22711.0,2111.0
2646518,2646519,37.0,1072391,1,1,0,1,1.0,40.0,1.0,-9.0,4.0,8121M,17.0,22711.0,2111.0
2646519,2646520,6.0,1072391,2,1,2,1,-9.0,-9.0,-9.0,3.0,-9.0,-9,0.0,22711.0,2111.0
2646520,2646521,37.0,1072392,1,1,0,1,1.0,40.0,1.0,-9.0,4.0,8121M,17.0,22711.0,2111.0
2646521,2646522,6.0,1072392,2,1,2,1,-9.0,-9.0,-9.0,3.0,-9.0,-9,0.0,22711.0,2111.0
2646522,2646523,19.0,1072393,1,1,0,4,1.0,23.0,1.0,14.0,4.0,4411,5.0,22711.0,2111.0
2646523,2646524,56.0,1072393,2,2,10,4,6.0,-9.0,-9.0,-9.0,4.0,-9,0.0,22711.0,2111.0
2646524,2646525,19.0,1072394,1,1,0,4,1.0,23.0,1.0,14.0,4.0,4411,5.0,22712.0,2111.0
2646525,2646526,56.0,1072394,2,2,10,4,6.0,-9.0,-9.0,-9.0,4.0,-9,0.0,22712.0,2111.0
2646526,2646527,23.0,1072395,1,1,0,4,1.0,40.0,1.0,15.0,4.0,446Z,5.0,22712.0,2111.0
2646527,2646528,23.0,1072396,1,1,0,4,1.0,40.0,1.0,15.0,4.0,446Z,5.0,22711.0,2111.0
2646528,2646529,23.0,1072397,1,1,0,4,1.0,40.0,1.0,15.0,4.0,446Z,5.0,22712.0,2111.0
2646529,2646530,23.0,1072398,1,1,0,4,1.0,40.0,1.0,15.0,4.0,446Z,5.0,22712.0,2111.0
2646530,2646531,23.0,1072399,1,1,0,4,1.0,40.0,1.0,15.0,4.0,446Z,5.0,22712.0,2111.0
2646531,2646532,23.0,1072400,1,1,0,4,1.0,40.0,1.0,15.0,4.0,446Z,5.0,22711.0,2111.0
2646532,2646533,23.0,1072401,1,1,0,1,1.0,45.0,1.0,-9.0,4.0,51913,8.0,22711.0,2111.0
2646533,2646534,23.0,1072402,1,1,0,1,1.0,45.0,1.0,-9.0,4.0,51913,8.0,22712.0,2111.0
2646534,2646535,23.0,1072403,1,1,0,1,1.0,45.0,1.0,-9.0,4.0,51913,8.0,22731.0,2114.0
2646535,2646536,23.0,1072404,1,1,0,1,1.0,45.0,1.0,-9.0,4.0,51913,8.0,22711.0,2111.0
2646536,2646537,23.0,1072405,1,1,0,1,1.0,45.0,1.0,-9.0,4.0,51913,8.0,22712.0,2111.0
2646537,2646538,23.0,1072406,1,1,0,1,1.0,45.0,1.0,-9.0,4.0,51913,8.0,22711.0,2111.0
2646538,2646539,23.0,1072407,1,1,0,1,1.0,45.0,1.0,-9.0,4.0,51913,8.0,22711.0,2111.0
2646539,2646540,23.0,1072408,1,2,0,1,1.0,40.0,1.0,15.0,4.0,44511,5.0,22712.0,2111.0
2646540,2646541,20.0,1072408,2,2,13,1,1.0,30.0,1.0,15.0,4.0,447,5.0,22712.0,2111.0
2646541,2646542,24.0,1072408,3,1,12,1,1.0,40.0,1.0,-9.0,4.0,44511,5.0,22712.0,2111.0
2646542,2646543,23.0,1072409,1,2,0,1,1.0,40.0,1.0,15.0,4.0,44511,5.0,22711.0,2111.0
2646543,2646544,20.0,1072409,2,2,13,1,1.0,30.0,1.0,15.0,4.0,447,5.0,22711.0,2111.0
2646544,2646545,24.0,1072409,3,1,12,1,1.0,40.0,1.0,-9.0,4.0,44511,5.0,22711.0,2111.0
2646545,2646546,22.0,1072410,1,2,0,1,1.0,35.0,1.0,-9.0,4.0,812112,17.0,22711.0,2111.0
2646546,2646547,22.0,1072410,2,2,12,1,1.0,35.0,1.0,-9.0,4.0,722Z,16.0,22711.0,2111.0
2646547,2646548,21.0,1072411,1,2,0,1,3.0,35.0,3.0,15.0,4.0,722Z,16.0,22711.0,2111.0
2646548,2646549,19.0,1072411,2,1,13,1,1.0,35.0,2.0,-9.0,4.0,722Z,16.0,22711.0,2111.0
2646549,2646550,21.0,1072412,1,2,0,1,3.0,35.0,3.0,15.0,4.0,722Z,16.0,22712.0,2111.0
2646550,2646551,19.0,1072412,2,1,13,1,1.0,35.0,2.0,-9.0,4.0,722Z,16.0,22712.0,2111.0
2646551,2646552,22.0,1072413,1,2,0,1,6.0,30.0,4.0,-9.0,4.0,814,17.0,22712.0,2111.0
2646552,2646553,24.0,1072413,2,1,1,1,1.0,50.0,1.0,-9.0,2.0,4441Z,5.0,22712.0,2111.0
2646553,2646554,23.0,1072414,1,2,0,1,1.0,40.0,1.0,-9.0,4.0,622M,15.0,22712.0,2111.0
2646554,2646555,24.0,1072415,1,2,0,1,1.0,40.0,1.0,-9.0,4.0,5242,9.0,22711.0,2111.0
2646555,2646556,24.0,1072416,1,1,0,1,1.0,40.0,1.0,-9.0,4.0,51912,8.0,22711.0,2111.0
2646556,2646557,24.0,1072417,1,1,0,1,1.0,40.0,1.0,-9.0,4.0,51912,8.0,22711.0,2111.0
2646557,2646558,24.0,1072418,1,1,0,1,1.0,40.0,1.0,-9.0,4.0,51912,8.0,22711.0,2111.0
2646558,2646559,24.0,1072419,1,1,0,1,1.0,40.0,1.0,-9.0,4.0,51912,8.0,22731.0,2114.0
2646559,2646560,24.0,1072420,1,1,0,1,1.0,40.0,1.0,-9.0,4.0,51912,8.0,22712.0,2111.0
2646560,2646561,24.0,1072421,1,1,0,1,1.0,40.0,1.0,-9.0,4.0,51912,8.0,22712.0,2111.0
2646561,2646562,24.0,1072422,1,1,0,1,1.0,40.0,1.0,-9.0,4.0,51912,8.0,22712.0,2111.0
2646562,2646563,24.0,1072423,1,1,0,1,1.0,40.0,1.0,-9.0,4.0,51912,8.0,22712.0,2111.0
2646563,2646564,22.0,1072424,1,1,0,1,1.0,40.0,5.0,-9.0,4.0,336M,3.0,22711.0,2111.0
2646564,2646565,23.0,1072425,1,1,0,1,1.0,42.0,1.0,-9.0,4.0,484,6.0,22711.0,2111.0
2646565,2646566,18.0,1072425,2,2,5,1,1.0,20.0,5.0,-9.0,4.0,484,6.0,22711.0,2111.0
2646566,2646567,23.0,1072426,1,1,0,1,1.0,42.0,1.0,-9.0,4.0,484,6.0,22711.0,2111.0
2646567,2646568,18.0,1072426,2,2,5,1,1.0,20.0,5.0,-9.0,4.0,484,6.0,22711.0,2111.0
2646568,2646569,23.0,1072427,1,1,0,1,1.0,42.0,1.0,-9.0,4.0,484,6.0,22711.0,2111.0
2646569,2646570,18.0,1072427,2,2,5,1,1.0,20.0,5.0,-9.0,4.0,484,6.0,22711.0,2111.0
2646570,2646571,23.0,1072428,1,1,0,1,1.0,42.0,1.0,-9.0,4.0,484,6.0,22712.0,2111.0
2646571,2646572,18.0,1072428,2,2,5,1,1.0,20.0,5.0,-9.0,4.0,484,6.0,22712.0,2111.0
2646572,2646573,23.0,1072429,1,1,0,1,1.0,42.0,1.0,-9.0,4.0,484,6.0,22711.0,2111.0
2646573,2646574,18.0,1072429,2,2,5,1,1.0,20.0,5.0,-9.0,4.0,484,6.0,22711.0,2111.0
2646574,2646575,23.0,1072430,1,1,0,1,1.0,42.0,1.0,-9.0,4.0,484,6.0,22711.0,2111.0
2646575,2646576,18.0,1072430,2,2,5,1,1.0,20.0,5.0,-9.0,4.0,484,6.0,22711.0,2111.0
2646576,2646577,23.0,1072431,1,2,0,1,1.0,5.0,1.0,-9.0,4.0,814,17.0,22711.0,2111.0
2646577,2646578,23.0,1072432,1,2,0,1,1.0,5.0,1.0,-9.0,4.0,814,17.0,22712.0,2111.0
2646578,2646579,23.0,1072433,1,2,0,1,1.0,5.0,1.0,-9.0,4.0,814,17.0,22711.0,2111.0
2646579,2646580,23.0,1072434,1,2,0,1,1.0,5.0,1.0,-9.0,4.0,814,17.0,22712.0,2111.0
2646580,2646581,23.0,1072435,1,2,0,1,1.0,5.0,1.0,-9.0,4.0,814,17.0,22711.0,2111.0
2646581,2646582,23.0,1072436,1,2,0,1,1.0,5.0,1.0,-9.0,4.0,814,17.0,22712.0,2111.0
2646582,2646583,23.0,1072437,1,2,0,1,1.0,5.0,1.0,-9.0,4.0,814,17.0,22712.0,2111.0
2646583,2646584,23.0,1072438,1,2,0,1,1.0,5.0,1.0,-9.0,4.0,814,17.0,22711.0,2111.0
2646584,2646585,23.0,1072439,1,2,0,1,1.0,5.0,1.0,-9.0,4.0,814,17.0,22713.0,2111.0
2646585,2646586,23.0,1072440,1,2,0,1,1.0,5.0,1.0,-9.0,4.0,814,17.0,22711.0,2111.0
2646586,2646587,23.0,1072441,1,2,0,1,1.0,42.0,6.0,-9.0,4.0,336M,3.0,22711.0,2111.0
2646587,2646588,23.0,1072442,1,2,0,1,1.0,40.0,3.0,-9.0,4.0,522M,9.0,22712.0,2111.0
2646588,2646589,4.0,1072442,2,1,2,1,-9.0,-9.0,-9.0,1.0,-9.0,-9,0.0,22712.0,2111.0
2646589,2646590,3.0,1072442,3,2,2,1,-9.0,-9.0,-9.0,1.0,-9.0,-9,0.0,22712.0,2111.0
2646590,2646591,0.0,1072442,4,2,2,3,-9.0,-9.0,-9.0,-9.0,-9.0,-9,0.0,22712.0,2111.0
2646591,2646592,23.0,1072443,1,2,0,1,1.0,40.0,3.0,-9.0,4.0,522M,9.0,22711.0,2111.0
2646592,2646593,4.0,1072443,2,1,2,1,-9.0,-9.0,-9.0,1.0,-9.0,-9,0.0,22711.0,2111.0
2646593,2646594,3.0,1072443,3,2,2,1,-9.0,-9.0,-9.0,1.0,-9.0,-9,0.0,22711.0,2111.0
2646594,2646595,0.0,1072443,4,2,2,3,-9.0,-9.0,-9.0,-9.0,-9.0,-9,0.0,22711.0,2111.0
2646595,2646596,23.0,1072444,1,2,0,1,1.0,40.0,3.0,-9.0,4.0,522M,9.0,22711.0,2111.0
2646596,2646597,4.0,1072444,2,1,2,1,-9.0,-9.0,-9.0,1.0,-9.0,-9,0.0,22711.0,2111.0
2646597,2646598,3.0,1072444,3,2,2,1,-9.0,-9.0,-9.0,1.0,-9.0,-9,0.0,22711.0,2111.0
2646598,2646599,0.0,1072444,4,2,2,3,-9.0,-9.0,-9.0,-9.0,-9.0,-9,0.0,22711.0,2111.0
2646599,2646600,22.0,1072445,1,2,0,1,1.0,30.0,1.0,-9.0,4.0,484,6.0,22711.0,2111.0
2646600,2646601,1.0,1072445,2,1,2,1,-9.0,-9.0,-9.0,-9.0,-9.0,-9,0.0,22711.0,2111.0
2646601,2646602,22.0,1072446,1,2,0,1,1.0,30.0,1.0,-9.0,4.0,484,6.0,22711.0,2111.0
2646602,2646603,1.0,1072446,2,1,2,1,-9.0,-9.0,-9.0,-9.0,-9.0,-9,0.0,22711.0,2111.0
2646603,2646604,22.0,1072447,1,2,0,1,1.0,30.0,1.0,-9.0,4.0,484,6.0,22713.0,2111.0
2646604,2646605,1.0,1072447,2,1,2,1,-9.0,-9.0,-9.0,-9.0,-9.0,-9,0.0,22713.0,2111.0
2646605,2646606,22.0,1072448,1,2,0,1,1.0,30.0,1.0,-9.0,4.0,484,6.0,22711.0,2111.0
2646606,2646607,1.0,1072448,2,1,2,1,-9.0,-9.0,-9.0,-9.0,-9.0,-9,0.0,22711.0,2111.0
2646607,2646608,24.0,1072449,1,1,0,1,1.0,15.0,1.0,15.0,4.0,722Z,16.0,22711.0,2111.0
2646608,2646609,2.0,1072449,2,1,2,1,-9.0,-9.0,-9.0,-9.0,-9.0,-9,0.0,22711.0,2111.0
2646609,2646610,24.0,1072450,1,2,0,1,1.0,25.0,1.0,-9.0,4.0,5613,12.0,22711.0,2111.0
2646610,2646611,9.0,1072450,2,2,2,1,-9.0,-9.0,-9.0,5.0,-9.0,-9,0.0,22711.0,2111.0
2646611,2646612,4.0,1072450,3,1,2,1,-9.0,-9.0,-9.0,1.0,-9.0,-9,0.0,22711.0,2111.0
2647051,2647052,54.0,1072597,1,1,0,1,6.0,-9.0,-9.0,-9.0,4.0,-9,0.0,22728.0,2113.0
2647052,2647053,55.0,1072597,2,1,5,1,6.0,-9.0,-9.0,-9.0,4.0,-9,0.0,22728.0,2113.0
2647715,2647716,19.0,1072801,1,1,0,2,6.0,-9.0,-9.0,15.0,4.0,-9,0.0,22728.0,2113.0
2647716,2647717,20.0,1072801,2,1,12,2,6.0,-9.0,-9.0,15.0,4.0,-9,0.0,22728.0,2113.0
2661321,2661322,81.0,1078697,1,2,0,1,6.0,-9.0,-9.0,-9.0,4.0,-9,0.0,22655.0,2102.0
2661322,2661323,50.0,1078697,2,1,2,1,1.0,40.0,1.0,-9.0,4.0,5617Z,12.0,22655.0,2102.0
2661323,2661324,90.0,1078698,1,1,0,1,6.0,-9.0,-9.0,-9.0,2.0,-9,0.0,22650.0,2102.0
2661324,2661325,89.0,1078698,2,2,1,1,6.0,-9.0,-9.0,-9.0,4.0,-9,0.0,22650.0,2102.0
2661325,2661326,74.0,1078699,1,2,0,1,6.0,-9.0,-9.0,-9.0,4.0,-9,0.0,22650.0,2102.0
2661326,2661327,69.0,1078699,2,2,5,1,6.0,-9.0,-9.0,-9.0,4.0,-9,0.0,22650.0,2102.0
2661327,2661328,83.0,1078700,1,1,0,1,6.0,-9.0,-9.0,-9.0,3.0,-9,0.0,22650.0,2102.0
2661328,2661329,71.0,1078700,2,2,1,1,6.0,-9.0,-9.0,-9.0,4.0,-9,0.0,22650.0,2102.0
2661329,2661330,83.0,1078701,1,1,0,1,6.0,-9.0,-9.0,-9.0,3.0,-9,0.0,22651.0,2102.0
2661330,2661331,71.0,1078701,2,2,1,1,6.0,-9.0,-9.0,-9.0,4.0,-9,0.0,22651.0,2102.0
2661331,2661332,58.0,1078702,1,1,0,1,1.0,40.0,5.0,-9.0,4.0,44512,5.0,22650.0,2102.0
2661332,2661333,34.0,1078702,2,2,1,1,1.0,44.0,1.0,-9.0,4.0,44511,5.0,22650.0,2102.0
2661333,2661334,58.0,1078703,1,1,0,1,1.0,40.0,5.0,-9.0,4.0,44512,5.0,22650.0,2102.0
2661334,2661335,34.0,1078703,2,2,1,1,1.0,44.0,1.0,-9.0,4.0,44511,5.0,22650.0,2102.0
2661335,2661336,58.0,1078704,1,1,0,1,1.0,40.0,5.0,-9.0,4.0,44512,5.0,22655.0,2102.0
2661336,2661337,34.0,1078704,2,2,1,1,1.0,44.0,1.0,-9.0,4.0,44511,5.0,22655.0,2102.0
2661337,2661338,58.0,1078705,1,1,0,1,1.0,40.0,5.0,-9.0,4.0,44512,5.0,22650.0,2102.0
2661338,2661339,34.0,1078705,2,2,1,1,1.0,44.0,1.0,-9.0,4.0,44511,5.0,22650.0,2102.0
2661339,2661340,58.0,1078706,1,1,0,1,1.0,40.0,5.0,-9.0,4.0,44512,5.0,22651.0,2102.0
2661340,2661341,34.0,1078706,2,2,1,1,1.0,44.0,1.0,-9.0,4.0,44511,5.0,22651.0,2102.0
2661341,2661342,60.0,1078707,1,1,0,1,6.0,-9.0,-9.0,-9.0,2.0,-9,0.0,22655.0,2102.0
2661342,2661343,59.0,1078707,2,2,1,1,1.0,6.0,1.0,-9.0,4.0,8131,17.0,22655.0,2102.0
2661343,2661344,60.0,1078708,1,1,0,1,6.0,-9.0,-9.0,-9.0,2.0,-9,0.0,22650.0,2102.0
2661344,2661345,59.0,1078708,2,2,1,1,1.0,6.0,1.0,-9.0,4.0,8131,17.0,22650.0,2102.0
2661345,2661346,59.0,1078709,1,1,0,1,6.0,1.0,6.0,-9.0,4.0,5413,10.0,22655.0,2102.0
2661346,2661347,58.0,1078709,2,2,1,1,1.0,40.0,5.0,-9.0,4.0,5613,12.0,22655.0,2102.0
2661347,2661348,48.0,1078710,1,2,0,1,1.0,40.0,1.0,-9.0,4.0,4244,4.0,22650.0,2102.0
2661348,2661349,55.0,1078710,2,1,1,1,6.0,-9.0,-9.0,-9.0,4.0,-9,0.0,22650.0,2102.0
2661349,2661350,46.0,1078711,1,1,0,1,1.0,45.0,1.0,15.0,2.0,622M,15.0,22650.0,2102.0
2661350,2661351,59.0,1078711,2,2,1,1,6.0,-9.0,-9.0,-9.0,4.0,-9,0.0,22650.0,2102.0
2661351,2661352,48.0,1078712,1,1,0,1,1.0,30.0,1.0,-9.0,4.0,7115,16.0,22654.0,2102.0
2661352,2661353,43.0,1078712,2,2,13,1,6.0,-9.0,-9.0,-9.0,4.0,-9,0.0,22654.0,2102.0
2661353,2661354,64.0,1078713,1,1,0,1,1.0,54.0,1.0,-9.0,4.0,45114,5.0,22650.0,2102.0
2661354,2661355,58.0,1078713,2,2,13,1,6.0,-9.0,-9.0,-9.0,4.0,-9,0.0,22650.0,2102.0
2661355,2661356,64.0,1078714,1,1,0,1,1.0,54.0,1.0,-9.0,4.0,45114,5.0,22655.0,2102.0
2661356,2661357,58.0,1078714,2,2,13,1,6.0,-9.0,-9.0,-9.0,4.0,-9,0.0,22655.0,2102.0
2661357,2661358,64.0,1078715,1,2,0,1,6.0,-9.0,-9.0,-9.0,4.0,-9,0.0,22651.0,2102.0
2661358,2661359,27.0,1078715,2,1,2,1,3.0,-9.0,-9.0,-9.0,4.0,999920,0.0,22651.0,2102.0
2661359,2661360,64.0,1078716,1,2,0,1,6.0,-9.0,-9.0,-9.0,4.0,-9,0.0,22655.0,2102.0
2661360,2661361,27.0,1078716,2,1,2,1,3.0,-9.0,-9.0,-9.0,4.0,999920,0.0,22655.0,2102.0
2661361,2661362,64.0,1078717,1,2,0,1,6.0,-9.0,-9.0,-9.0,4.0,-9,0.0,22651.0,2102.0
2661362,2661363,64.0,1078717,2,1,1,1,6.0,-9.0,-9.0,-9.0,4.0,-9,0.0,22651.0,2102.0
2661363,2661364,64.0,1078718,1,2,0,1,6.0,-9.0,-9.0,-9.0,4.0,-9,0.0,22650.0,2102.0
2661364,2661365,64.0,1078718,2,1,1,1,6.0,-9.0,-9.0,-9.0,4.0,-9,0.0,22650.0,2102.0
2661365,2661366,64.0,1078719,1,2,0,1,6.0,-9.0,-9.0,-9.0,4.0,-9,0.0,22651.0,2102.0
2661366,2661367,64.0,1078719,2,1,1,1,6.0,-9.0,-9.0,-9.0,4.0,-9,0.0,22651.0,2102.0
2661367,2661368,63.0,1078720,1,1,0,1,6.0,-9.0,-9.0,-9.0,4.0,-9,0.0,22650.0,2102.0
2661368,2661369,40.0,1078720,2,1,4,1,1.0,45.0,6.0,-9.0,4.0,3341,3.0,22650.0,2102.0
2661369,2661370,59.0,1078721,1,1,0,1,1.0,25.0,1.0,-9.0,4.0,7211,16.0,22651.0,2102.0
2661370,2661371,59.0,1078722,1,1,0,1,1.0,25.0,1.0,-9.0,4.0,7211,16.0,22651.0,2102.0
2661371,2661372,59.0,1078723,1,1,0,1,1.0,25.0,1.0,-9.0,4.0,7211,16.0,22651.0,2102.0
2661372,2661373,49.0,1078724,1,1,0,1,1.0,80.0,1.0,-9.0,4.0,56173,12.0,22655.0,2102.0
2661373,2661374,49.0,1078725,1,1,0,1,1.0,80.0,1.0,-9.0,4.0,56173,12.0,22651.0,2102.0
2661374,2661375,49.0,1078726,1,1,0,1,1.0,80.0,1.0,-9.0,4.0,56173,12.0,22650.0,2102.0
2661375,2661376,49.0,1078727,1,1,0,1,1.0,80.0,1.0,-9.0,4.0,56173,12.0,22651.0,2102.0
2661376,2661377,49.0,1078728,1,1,0,1,1.0,80.0,1.0,-9.0,4.0,56173,12.0,22651.0,2102.0
2661377,2661378,49.0,1078729,1,1,0,1,1.0,80.0,1.0,-9.0,4.0,56173,12.0,22651.0,2102.0
2661378,2661379,49.0,1078730,1,1,0,1,1.0,80.0,1.0,-9.0,4.0,56173,12.0,22651.0,2102.0
2661379,2661380,49.0,1078731,1,1,0,1,1.0,80.0,1.0,-9.0,4.0,56173,12.0,22650.0,2102.0
2661380,2661381,49.0,1078732,1,1,0,1,1.0,80.0,1.0,-9.0,4.0,56173,12.0,22650.0,2102.0
2661381,2661382,49.0,1078733,1,1,0,1,1.0,80.0,1.0,-9.0,4.0,56173,12.0,22650.0,2102.0
2661382,2661383,59.0,1078734,1,1,0,1,1.0,18.0,6.0,-9.0,2.0,5313,9.0,22651.0,2102.0
2661383,2661384,59.0,1078735,1,1,0,1,1.0,18.0,6.0,-9.0,2.0,5313,9.0,22650.0,2102.0
2661384,2661385,59.0,1078736,1,1,0,1,1.0,18.0,6.0,-9.0,2.0,5313,9.0,22650.0,2102.0
2661385,2661386,59.0,1078737,1,1,0,1,1.0,16.0,1.0,-9.0,4.0,45439,5.0,22655.0,2102.0
2661386,2661387,55.0,1078738,1,1,0,1,1.0,54.0,1.0,-9.0,4.0,32711,3.0,22651.0,2102.0
2661387,2661388,55.0,1078739,1,1,0,1,1.0,54.0,1.0,-9.0,4.0,32711,3.0,22654.0,2102.0
2661388,2661389,55.0,1078740,1,1,0,1,1.0,54.0,1.0,-9.0,4.0,32711,3.0,22655.0,2102.0
2661389,2661390,58.0,1078741,1,1,0,1,1.0,45.0,1.0,-9.0,4.0,23,2.0,22650.0,2102.0
2661390,2661391,54.0,1078742,1,2,0,1,6.0,-9.0,-9.0,-9.0,4.0,-9,0.0,22655.0,2102.0
2661391,2661392,28.0,1078742,2,2,2,1,6.0,-9.0,-9.0,-9.0,4.0,-9,0.0,22655.0,2102.0
2661392,2661393,64.0,1078743,1,1,0,1,6.0,-9.0,-9.0,-9.0,2.0,-9,0.0,22650.0,2102.0
2661393,2661394,59.0,1078743,2,2,1,1,3.0,-9.0,-9.0,-9.0,4.0,999920,0.0,22650.0,2102.0
2661394,2661395,51.0,1078744,1,1,0,1,6.0,-9.0,-9.0,-9.0,4.0,-9,0.0,22651.0,2102.0
2661395,2661396,44.0,1078744,2,2,1,1,6.0,-9.0,-9.0,-9.0,4.0,-9,0.0,22651.0,2102.0
2661396,2661397,60.0,1078745,1,1,0,1,6.0,-9.0,-9.0,-9.0,4.0,-9,0.0,22651.0,2102.0
2661397,2661398,60.0,1078746,1,1,0,1,6.0,-9.0,-9.0,-9.0,4.0,-9,0.0,22655.0,2102.0
2661398,2661399,60.0,1078747,1,1,0,1,6.0,-9.0,-9.0,-9.0,4.0,-9,0.0,22650.0,2102.0
2661399,2661400,46.0,1078748,1,1,0,1,1.0,40.0,1.0,-9.0,4.0,5241,9.0,22655.0,2102.0
2661400,2661401,7.0,1078748,2,2,2,1,-9.0,-9.0,-9.0,-9.0,-9.0,-9,0.0,22655.0,2102.0
2661401,2661402,46.0,1078749,1,2,0,1,1.0,18.0,1.0,-9.0,4.0,23,2.0,22650.0,2102.0
2661402,2661403,7.0,1078749,2,2,15,1,-9.0,-9.0,-9.0,-9.0,-9.0,-9,0.0,22650.0,2102.0
2661403,2661404,61.0,1078750,1,2,0,1,6.0,-9.0,-9.0,-9.0,4.0,-9,0.0,22650.0,2102.0
2661404,2661405,17.0,1078750,2,1,7,1,6.0,-9.0,-9.0,14.0,4.0,-9,0.0,22650.0,2102.0
2661405,2661406,78.0,1078751,1,2,0,2,6.0,-9.0,-9.0,-9.0,4.0,-9,0.0,22640.0,2101.0
2661406,2661407,48.0,1078751,2,1,2,2,1.0,40.0,4.0,-9.0,4.0,336M,3.0,22640.0,2101.0
2661407,2661408,38.0,1078751,3,1,2,2,1.0,12.0,1.0,-9.0,4.0,3219ZM,3.0,22640.0,2101.0
2661408,2661409,21.0,1078751,4,1,7,2,1.0,32.0,6.0,15.0,4.0,3211,3.0,22640.0,2101.0
2661409,2661410,68.0,1078752,1,2,0,2,6.0,-9.0,-9.0,-9.0,4.0,-9,0.0,22640.0,2101.0
2661410,2661411,65.0,1078753,1,2,0,2,6.0,-9.0,-9.0,-9.0,4.0,-9,0.0,22647.0,2101.0
2661411,2661412,14.0,1078753,2,1,7,2,-9.0,-9.0,-9.0,10.0,-9.0,-9,0.0,22647.0,2101.0
2661412,2661413,65.0,1078754,1,2,0,2,6.0,-9.0,-9.0,-9.0,4.0,-9,0.0,22647.0,2101.0
2661413,2661414,14.0,1078754,2,1,7,2,-9.0,-9.0,-9.0,10.0,-9.0,-9,0.0,22647.0,2101.0
2661414,2661415,90.0,1078755,1,1,0,1,6.0,-9.0,-9.0,-9.0,3.0,-9,0.0,22654.0,2102.0
2661415,2661416,86.0,1078755,2,2,1,1,6.0,-9.0,-9.0,-9.0,4.0,-9,0.0,22654.0,2102.0
2661416,2661417,56.0,1078755,3,1,2,1,1.0,40.0,1.0,-9.0,4.0,4238,4.0,22654.0,2102.0
2661417,2661418,90.0,1078756,1,1,0,1,6.0,-9.0,-9.0,-9.0,3.0,-9,0.0,22654.0,2102.0
2661418,2661419,86.0,1078756,2,2,1,1,6.0,-9.0,-9.0,-9.0,4.0,-9,0.0,22654.0,2102.0
2661419,2661420,56.0,1078756,3,1,2,1,1.0,40.0,1.0,-9.0,4.0,4238,4.0,22654.0,2102.0
2661420,2661421,90.0,1078757,1,1,0,1,6.0,-9.0,-9.0,-9.0,3.0,-9,0.0,22639.0,2101.0
2661421,2661422,86.0,1078757,2,2,1,1,6.0,-9.0,-9.0,-9.0,4.0,-9,0.0,22639.0,2101.0
2661422,2661423,56.0,1078757,3,1,2,1,1.0,40.0,1.0,-9.0,4.0,4238,4.0,22639.0,2101.0
2661423,2661424,90.0,1078758,1,1,0,1,6.0,-9.0,-9.0,-9.0,3.0,-9,0.0,22647.0,2101.0
2661424,2661425,86.0,1078758,2,2,1,1,6.0,-9.0,-9.0,-9.0,4.0,-9,0.0,22647.0,2101.0
2661425,2661426,56.0,1078758,3,1,2,1,1.0,40.0,1.0,-9.0,4.0,4238,4.0,22647.0,2101.0
2661426,2661427,90.0,1078759,1,1,0,1,6.0,-9.0,-9.0,-9.0,3.0,-9,0.0,22647.0,2101.0
2661427,2661428,86.0,1078759,2,2,1,1,6.0,-9.0,-9.0,-9.0,4.0,-9,0.0,22647.0,2101.0
2661428,2661429,56.0,1078759,3,1,2,1,1.0,40.0,1.0,-9.0,4.0,4238,4.0,22647.0,2101.0
2661429,2661430,90.0,1078760,1,1,0,1,6.0,-9.0,-9.0,-9.0,3.0,-9,0.0,22643.0,2101.0
2661430,2661431,86.0,1078760,2,2,1,1,6.0,-9.0,-9.0,-9.0,4.0,-9,0.0,22643.0,2101.0
2661431,2661432,56.0,1078760,3,1,2,1,1.0,40.0,1.0,-9.0,4.0,4238,4.0,22643.0,2101.0
2661432,2661433,90.0,1078761,1,1,0,1,6.0,-9.0,-9.0,-9.0,3.0,-9,0.0,22654.0,2102.0
2661433,2661434,86.0,1078761,2,2,1,1,6.0,-9.0,-9.0,-9.0,4.0,-9,0.0,22654.0,2102.0
2661434,2661435,56.0,1078761,3,1,2,1,1.0,40.0,1.0,-9.0,4.0,4238,4.0,22654.0,2102.0
2661435,2661436,90.0,1078762,1,1,0,1,6.0,-9.0,-9.0,-9.0,3.0,-9,0.0,22654.0,2102.0
2661436,2661437,86.0,1078762,2,2,1,1,6.0,-9.0,-9.0,-9.0,4.0,-9,0.0,22654.0,2102.0
2661437,2661438,56.0,1078762,3,1,2,1,1.0,40.0,1.0,-9.0,4.0,4238,4.0,22654.0,2102.0
2661438,2661439,90.0,1078763,1,1,0,1,6.0,-9.0,-9.0,-9.0,3.0,-9,0.0,22648.0,2101.0
2661439,2661440,86.0,1078763,2,2,1,1,6.0,-9.0,-9.0,-9.0,4.0,-9,0.0,22648.0,2101.0
2661440,2661441,56.0,1078763,3,1,2,1,1.0,40.0,1.0,-9.0,4.0,4238,4.0,22648.0,2101.0
2661441,2661442,90.0,1078764,1,1,0,1,6.0,-9.0,-9.0,-9.0,3.0,-9,0.0,22646.0,2101.0
2661442,2661443,86.0,1078764,2,2,1,1,6.0,-9.0,-9.0,-9.0,4.0,-9,0.0,22646.0,2101.0
2661443,2661444,56.0,1078764,3,1,2,1,1.0,40.0,1.0,-9.0,4.0,4238,4.0,22646.0,2101.0
2661444,2661445,90.0,1078765,1,1,0,1,6.0,-9.0,-9.0,-9.0,3.0,-9,0.0,22654.0,2102.0
2661445,2661446,86.0,1078765,2,2,1,1,6.0,-9.0,-9.0,-9.0,4.0,-9,0.0,22654.0,2102.0
2661446,2661447,56.0,1078765,3,1,2,1,1.0,40.0,1.0,-9.0,4.0,4238,4.0,22654.0,2102.0
2661447,2661448,80.0,1078766,1,1,0,1,6.0,-9.0,-9.0,-9.0,2.0,-9,0.0,22647.0,2101.0
2661448,2661449,71.0,1078766,2,2,1,1,6.0,-9.0,-9.0,-9.0,4.0,-9,0.0,22647.0,2101.0
2661449,2661450,69.0,1078767,1,1,0,1,6.0,-9.0,-9.0,-9.0,4.0,-9,0.0,22647.0,2101.0
2661450,2661451,67.0,1078767,2,2,1,1,6.0,-9.0,-9.0,-9.0,4.0,-9,0.0,22647.0,2101.0
2661451,2661452,75.0,1078768,1,1,0,1,6.0,-9.0,-9.0,-9.0,4.0,-9,0.0,22654.0,2102.0
2661452,2661453,67.0,1078768,2,2,1,1,6.0,-9.0,-9.0,-9.0,4.0,-9,0.0,22654.0,2102.0
2661453,2661454,84.0,1078769,1,2,0,1,6.0,-9.0,-9.0,-9.0,4.0,-9,0.0,22648.0,2101.0
2661454,2661455,85.0,1078769,2,1,1,1,6.0,-9.0,-9.0,-9.0,2.0,-9,0.0,22648.0,2101.0
2661455,2661456,77.0,1078770,1,1,0,1,6.0,-9.0,-9.0,-9.0,4.0,-9,0.0,22643.0,2101.0
2661456,2661457,76.0,1078770,2,2,1,1,6.0,-9.0,-9.0,-9.0,4.0,-9,0.0,22643.0,2101.0
2661457,2661458,82.0,1078771,1,1,0,1,6.0,-9.0,-9.0,-9.0,2.0,-9,0.0,22640.0,2101.0
2661458,2661459,70.0,1078771,2,2,1,1,6.0,-9.0,-9.0,-9.0,4.0,-9,0.0,22640.0,2101.0
2661459,2661460,47.0,1078771,3,1,2,1,1.0,36.0,3.0,-9.0,4.0,443142,5.0,22640.0,2101.0
2661460,2661461,69.0,1078772,1,1,0,1,1.0,40.0,1.0,-9.0,2.0,8122,17.0,22648.0,2101.0
2661461,2661462,72.0,1078772,2,2,1,1,6.0,-9.0,-9.0,-9.0,4.0,-9,0.0,22648.0,2101.0
2661462,2661463,72.0,1078773,1,2,0,1,1.0,25.0,6.0,-9.0,4.0,5321,9.0,22639.0,2101.0
2661463,2661464,61.0,1078773,2,1,1,1,6.0,-9.0,-9.0,-9.0,2.0,-9,0.0,22639.0,2101.0
2661464,2661465,72.0,1078774,1,2,0,1,1.0,25.0,6.0,-9.0,4.0,5321,9.0,22646.0,2101.0
2661465,2661466,61.0,1078774,2,1,1,1,6.0,-9.0,-9.0,-9.0,2.0,-9,0.0,22646.0,2101.0
2661466,2661467,72.0,1078775,1,2,0,1,1.0,25.0,6.0,-9.0,4.0,5321,9.0,22640.0,2101.0
2661467,2661468,61.0,1078775,2,1,1,1,6.0,-9.0,-9.0,-9.0,2.0,-9,0.0,22640.0,2101.0
2661468,2661469,72.0,1078776,1,2,0,1,1.0,25.0,6.0,-9.0,4.0,5321,9.0,22654.0,2102.0
2661469,2661470,61.0,1078776,2,1,1,1,6.0,-9.0,-9.0,-9.0,2.0,-9,0.0,22654.0,2102.0
2661470,2661471,72.0,1078777,1,2,0,1,1.0,25.0,6.0,-9.0,4.0,5321,9.0,22646.0,2101.0
2661471,2661472,61.0,1078777,2,1,1,1,6.0,-9.0,-9.0,-9.0,2.0,-9,0.0,22646.0,2101.0
2661472,2661473,72.0,1078778,1,2,0,1,1.0,25.0,6.0,-9.0,4.0,5321,9.0,22648.0,2101.0
2661473,2661474,61.0,1078778,2,1,1,1,6.0,-9.0,-9.0,-9.0,2.0,-9,0.0,22648.0,2101.0
2661474,2661475,88.0,1078779,1,2,0,1,6.0,-9.0,-9.0,-9.0,4.0,-9,0.0,22643.0,2101.0
2661475,2661476,59.0,1078779,2,1,2,1,1.0,39.0,1.0,-9.0,4.0,443141,5.0,22643.0,2101.0
2661476,2661477,88.0,1078780,1,2,0,1,6.0,-9.0,-9.0,-9.0,4.0,-9,0.0,22654.0,2102.0
2661477,2661478,59.0,1078780,2,1,2,1,1.0,39.0,1.0,-9.0,4.0,443141,5.0,22654.0,2102.0
2661478,2661479,66.0,1078781,1,1,0,1,6.0,-9.0,-9.0,-9.0,2.0,-9,0.0,22648.0,2101.0
2661479,2661480,60.0,1078781,2,2,1,1,6.0,-9.0,-9.0,-9.0,4.0,-9,0.0,22648.0,2101.0
2661480,2661481,81.0,1078781,3,2,6,1,6.0,-9.0,-9.0,-9.0,4.0,-9,0.0,22648.0,2101.0
2661481,2661482,76.0,1078782,1,2,0,1,6.0,-9.0,-9.0,-9.0,4.0,-9,0.0,22648.0,2101.0
2661482,2661483,78.0,1078782,2,1,1,1,6.0,-9.0,-9.0,-9.0,4.0,-9,0.0,22648.0,2101.0
2661483,2661484,73.0,1078783,1,2,0,1,6.0,-9.0,-9.0,-9.0,4.0,-9,0.0,22639.0,2101.0
2661484,2661485,75.0,1078783,2,1,1,1,6.0,-9.0,-9.0,-9.0,2.0,-9,0.0,22639.0,2101.0
2661485,2661486,81.0,1078784,1,2,0,1,6.0,-9.0,-9.0,-9.0,4.0,-9,0.0,22640.0,2101.0
2661486,2661487,48.0,1078784,2,1,2,1,6.0,-9.0,-9.0,-9.0,4.0,-9,0.0,22640.0,2101.0
2661487,2661488,65.0,1078785,1,1,0,1,6.0,-9.0,-9.0,-9.0,4.0,-9,0.0,22646.0,2101.0
2661488,2661489,64.0,1078785,2,2,1,1,6.0,-9.0,-9.0,-9.0,4.0,-9,0.0,22646.0,2101.0
2661489,2661490,81.0,1078786,1,2,0,1,6.0,-9.0,-9.0,-9.0,4.0,-9,0.0,22654.0,2102.0
2661490,2661491,48.0,1078786,2,1,2,1,6.0,-9.0,-9.0,-9.0,4.0,-9,0.0,22654.0,2102.0
2661491,2661492,65.0,1078787,1,1,0,1,6.0,-9.0,-9.0,-9.0,4.0,-9,0.0,22640.0,2101.0
2661492,2661493,64.0,1078787,2,2,1,1,6.0,-9.0,-9.0,-9.0,4.0,-9,0.0,22640.0,2101.0
2661493,2661494,81.0,1078788,1,2,0,1,6.0,-9.0,-9.0,-9.0,4.0,-9,0.0,22646.0,2101.0
2661494,2661495,48.0,1078788,2,1,2,1,6.0,-9.0,-9.0,-9.0,4.0,-9,0.0,22646.0,2101.0
2661495,2661496,65.0,1078789,1,1,0,1,6.0,-9.0,-9.0,-9.0,4.0,-9,0.0,22654.0,2102.0
2661496,2661497,64.0,1078789,2,2,1,1,6.0,-9.0,-9.0,-9.0,4.0,-9,0.0,22654.0,2102.0
2661497,2661498,81.0,1078790,1,1,0,1,6.0,-9.0,-9.0,-9.0,2.0,-9,0.0,22654.0,2102.0
2661498,2661499,73.0,1078791,1,2,0,1,6.0,-9.0,-9.0,-9.0,4.0,-9,0.0,22645.0,2101.0
2661499,2661500,67.0,1078792,1,1,0,1,6.0,-9.0,-9.0,-9.0,2.0,-9,0.0,22648.0,2101.0
2661500,2661501,82.0,1078793,1,1,0,1,6.0,-9.0,-9.0,-9.0,3.0,-9,0.0,22640.0,2101.0
2661501,2661502,67.0,1078794,1,1,0,1,6.0,-9.0,-9.0,-9.0,2.0,-9,0.0,22639.0,2101.0
2661502,2661503,67.0,1078795,1,1,0,1,6.0,-9.0,-9.0,-9.0,2.0,-9,0.0,22645.0,2101.0
2661503,2661504,77.0,1078796,1,2,0,1,6.0,-9.0,-9.0,-9.0,4.0,-9,0.0,22654.0,2102.0
2661504,2661505,50.0,1078796,2,2,2,1,1.0,50.0,1.0,-9.0,4.0,8131,17.0,22654.0,2102.0
2661505,2661506,67.0,1078797,1,2,0,1,1.0,40.0,1.0,-9.0,4.0,44511,5.0,22639.0,2101.0
2661506,2661507,90.0,1078798,1,1,0,1,6.0,-9.0,-9.0,-9.0,2.0,-9,0.0,22640.0,2101.0
2661507,2661508,89.0,1078798,2,2,1,1,6.0,-9.0,-9.0,-9.0,4.0,-9,0.0,22640.0,2101.0
2661508,2661509,70.0,1078799,1,1,0,1,6.0,-9.0,-9.0,-9.0,4.0,-9,0.0,22639.0,2101.0
2661509,2661510,51.0,1078799,2,2,15,1,6.0,-9.0,-9.0,-9.0,4.0,-9,0.0,22639.0,2101.0
2661510,2661511,82.0,1078800,1,2,0,1,6.0,-9.0,-9.0,-9.0,4.0,-9,0.0,22654.0,2102.0
2661511,2661512,74.0,1078801,1,2,0,1,6.0,-9.0,-9.0,-9.0,4.0,-9,0.0,22648.0,2101.0
2661512,2661513,65.0,1078802,1,2,0,1,6.0,-9.0,-9.0,-9.0,4.0,-9,0.0,22646.0,2101.0
2661513,2661514,83.0,1078803,1,2,0,1,6.0,-9.0,-9.0,-9.0,4.0,-9,0.0,22643.0,2101.0
2661514,2661515,66.0,1078804,1,1,0,1,6.0,-9.0,-9.0,-9.0,4.0,-9,0.0,22645.0,2101.0
2661515,2661516,76.0,1078805,1,1,0,1,6.0,-9.0,-9.0,-9.0,2.0,-9,0.0,22654.0,2102.0
2661516,2661517,76.0,1078806,1,1,0,1,6.0,-9.0,-9.0,-9.0,2.0,-9,0.0,22639.0,2101.0
2661517,2661518,76.0,1078807,1,2,0,1,6.0,-9.0,-9.0,-9.0,4.0,-9,0.0,22648.0,2101.0
2661518,2661519,87.0,1078808,1,2,0,1,6.0,-9.0,-9.0,-9.0,4.0,-9,0.0,22644.0,2101.0
2661519,2661520,86.0,1078809,1,2,0,1,6.0,-9.0,-9.0,-9.0,4.0,-9,0.0,22654.0,2102.0
2661520,2661521,70.0,1078810,1,2,0,1,6.0,-9.0,-9.0,-9.0,4.0,-9,0.0,22654.0,2102.0
2661521,2661522,73.0,1078811,1,2,0,1,6.0,-9.0,-9.0,-9.0,4.0,-9,0.0,22644.0,2101.0
2661522,2661523,65.0,1078812,1,2,0,1,6.0,-9.0,-9.0,-9.0,4.0,-9,0.0,22648.0,2101.0
2661523,2661524,71.0,1078813,1,2,0,1,6.0,-9.0,-9.0,-9.0,4.0,-9,0.0,22648.0,2101.0
2661524,2661525,71.0,1078814,1,2,0,1,6.0,-9.0,-9.0,-9.0,4.0,-9,0.0,22646.0,2101.0
2661525,2661526,73.0,1078815,1,2,0,1,6.0,-9.0,-9.0,-9.0,4.0,-9,0.0,22644.0,2101.0
2661526,2661527,80.0,1078816,1,2,0,1,1.0,15.0,1.0,-9.0,4.0,8131,17.0,22639.0,2101.0
2661527,2661528,67.0,1078817,1,2,0,1,6.0,-9.0,-9.0,-9.0,4.0,-9,0.0,22643.0,2101.0
2661528,2661529,85.0,1078818,1,2,0,1,6.0,-9.0,-9.0,-9.0,4.0,-9,0.0,22643.0,2101.0
2661529,2661530,71.0,1078819,1,1,0,1,6.0,-9.0,-9.0,-9.0,4.0,-9,0.0,22647.0,2101.0
2661530,2661531,66.0,1078820,1,1,0,1,6.0,-9.0,-9.0,-9.0,4.0,-9,0.0,22646.0,2101.0
2661531,2661532,70.0,1078821,1,1,0,1,6.0,-9.0,-9.0,-9.0,4.0,-9,0.0,22648.0,2101.0
2661532,2661533,77.0,1078822,1,2,0,1,6.0,-9.0,-9.0,-9.0,4.0,-9,0.0,22639.0,2101.0
2661533,2661534,71.0,1078823,1,2,0,1,6.0,-9.0,-9.0,-9.0,4.0,-9,0.0,22643.0,2101.0
2661534,2661535,74.0,1078824,1,2,0,1,6.0,-9.0,-9.0,-9.0,4.0,-9,0.0,22643.0,2101.0
2661535,2661536,73.0,1078825,1,2,0,1,6.0,-9.0,-9.0,-9.0,4.0,-9,0.0,22651.0,2102.0
2661536,2661537,74.0,1078826,1,2,0,1,6.0,-9.0,-9.0,-9.0,4.0,-9,0.0,22648.0,2101.0
2661537,2661538,87.0,1078827,1,2,0,1,6.0,-9.0,-9.0,-9.0,4.0,-9,0.0,22643.0,2101.0
2661538,2661539,79.0,1078828,1,2,0,1,6.0,-9.0,-9.0,-9.0,4.0,-9,0.0,22648.0,2101.0
2661539,2661540,68.0,1078829,1,2,0,1,6.0,-9.0,-9.0,-9.0,4.0,-9,0.0,22643.0,2101.0
2661540,2661541,94.0,1078830,1,2,0,1,6.0,-9.0,-9.0,-9.0,4.0,-9,0.0,22651.0,2102.0
2661541,2661542,94.0,1078831,1,2,0,1,6.0,-9.0,-9.0,-9.0,4.0,-9,0.0,22640.0,2101.0
2661542,2661543,73.0,1078832,1,2,0,1,6.0,-9.0,-9.0,-9.0,4.0,-9,0.0,22654.0,2102.0
2661543,2661544,77.0,1078833,1,2,0,1,6.0,-9.0,-9.0,-9.0,4.0,-9,0.0,22640.0,2101.0
2661544,2661545,69.0,1078834,1,1,0,1,6.0,-9.0,-9.0,-9.0,2.0,-9,0.0,22651.0,2102.0
2661545,2661546,66.0,1078835,1,1,0,1,6.0,-9.0,-9.0,-9.0,4.0,-9,0.0,22654.0,2102.0
2661546,2661547,45.0,1078836,1,1,0,2,1.0,45.0,1.0,-9.0,4.0,722Z,16.0,22654.0,2102.0
2661547,2661548,21.0,1078836,2,1,2,2,1.0,40.0,4.0,-9.0,4.0,722Z,16.0,22654.0,2102.0
2661548,2661549,45.0,1078837,1,1,0,2,1.0,45.0,1.0,-9.0,4.0,722Z,16.0,22646.0,2101.0
2661549,2661550,21.0,1078837,2,1,2,2,1.0,40.0,4.0,-9.0,4.0,722Z,16.0,22646.0,2101.0
2661550,2661551,45.0,1078838,1,2,0,2,1.0,45.0,1.0,16.0,4.0,5241,9.0,22639.0,2101.0
2661551,2661552,45.0,1078839,1,2,0,2,1.0,45.0,1.0,16.0,4.0,5241,9.0,22639.0,2101.0
2661552,2661553,45.0,1078840,1,2,0,2,1.0,45.0,1.0,16.0,4.0,5241,9.0,22654.0,2102.0
2661553,2661554,45.0,1078841,1,2,0,2,1.0,45.0,1.0,16.0,4.0,5241,9.0,22643.0,2101.0
2661554,2661555,64.0,1078842,1,2,0,2,1.0,30.0,1.0,-9.0,4.0,6216,14.0,22647.0,2101.0
2661555,2661556,46.0,1078843,1,1,0,2,1.0,40.0,1.0,-9.0,4.0,5617Z,12.0,22654.0,2102.0
2661556,2661557,46.0,1078844,1,1,0,2,1.0,40.0,1.0,-9.0,4.0,5617Z,12.0,22646.0,2101.0
2661557,2661558,55.0,1078845,1,1,0,2,6.0,-9.0,-9.0,-9.0,4.0,-9,0.0,22654.0,2102.0
2661558,2661559,53.0,1078845,2,2,1,2,6.0,-9.0,-9.0,-9.0,4.0,-9,0.0,22654.0,2102.0
2661559,2661560,20.0,1078845,3,2,2,2,1.0,20.0,6.0,15.0,4.0,722Z,16.0,22654.0,2102.0
2661560,2661561,18.0,1078845,4,1,2,2,1.0,7.0,6.0,14.0,4.0,722Z,16.0,22654.0,2102.0
2661561,2661562,47.0,1078846,1,2,0,2,6.0,-9.0,-9.0,-9.0,4.0,-9,0.0,22645.0,2101.0
2661562,2661563,12.0,1078846,2,2,2,2,-9.0,-9.0,-9.0,9.0,-9.0,-9,0.0,22645.0,2101.0
2661563,2661564,47.0,1078847,1,2,0,2,6.0,-9.0,-9.0,-9.0,4.0,-9,0.0,22640.0,2101.0
2661564,2661565,12.0,1078847,2,2,2,2,-9.0,-9.0,-9.0,9.0,-9.0,-9,0.0,22640.0,2101.0
2661565,2661566,47.0,1078848,1,2,0,2,6.0,-9.0,-9.0,-9.0,4.0,-9,0.0,22651.0,2102.0
2661566,2661567,12.0,1078848,2,2,2,2,-9.0,-9.0,-9.0,9.0,-9.0,-9,0.0,22651.0,2102.0
2661567,2661568,47.0,1078849,1,2,0,2,6.0,-9.0,-9.0,-9.0,4.0,-9,0.0,22654.0,2102.0
2661568,2661569,12.0,1078849,2,2,2,2,-9.0,-9.0,-9.0,9.0,-9.0,-9,0.0,22654.0,2102.0
2661569,2661570,52.0,1078850,1,1,0,1,1.0,40.0,1.0,-9.0,4.0,611M1,13.0,22644.0,2101.0
2661570,2661571,50.0,1078850,2,2,1,2,1.0,40.0,1.0,-9.0,4.0,611M1,13.0,22644.0,2101.0
2661571,2661572,22.0,1078850,3,1,4,2,6.0,-9.0,-9.0,-9.0,4.0,611M1,13.0,22644.0,2101.0
2661572,2661573,52.0,1078851,1,1,0,1,1.0,40.0,1.0,-9.0,4.0,611M1,13.0,22647.0,2101.0
2661573,2661574,50.0,1078851,2,2,1,2,1.0,40.0,1.0,-9.0,4.0,611M1,13.0,22647.0,2101.0
2661574,2661575,22.0,1078851,3,1,4,2,6.0,-9.0,-9.0,-9.0,4.0,611M1,13.0,22647.0,2101.0
2661575,2661576,52.0,1078852,1,1,0,1,1.0,40.0,1.0,-9.0,4.0,611M1,13.0,22640.0,2101.0
2661576,2661577,50.0,1078852,2,2,1,2,1.0,40.0,1.0,-9.0,4.0,611M1,13.0,22640.0,2101.0
2661577,2661578,22.0,1078852,3,1,4,2,6.0,-9.0,-9.0,-9.0,4.0,611M1,13.0,22640.0,2101.0
2661578,2661579,52.0,1078853,1,1,0,1,1.0,40.0,1.0,-9.0,4.0,611M1,13.0,22643.0,2101.0
2661579,2661580,50.0,1078853,2,2,1,2,1.0,40.0,1.0,-9.0,4.0,611M1,13.0,22643.0,2101.0
2661580,2661581,22.0,1078853,3,1,4,2,6.0,-9.0,-9.0,-9.0,4.0,611M1,13.0,22643.0,2101.0
2661581,2661582,52.0,1078854,1,2,0,1,1.0,60.0,1.0,-9.0,4.0,454110,5.0,22654.0,2102.0
2661582,2661583,60.0,1078854,2,1,1,1,1.0,25.0,3.0,-9.0,4.0,4411,5.0,22654.0,2102.0
2661583,2661584,63.0,1078855,1,1,0,1,1.0,40.0,1.0,-9.0,4.0,5413,10.0,22639.0,2101.0
2661584,2661585,51.0,1078856,1,1,0,1,1.0,50.0,1.0,-9.0,4.0,4411,5.0,22640.0,2101.0
2661585,2661586,54.0,1078857,1,2,0,1,6.0,-9.0,-9.0,-9.0,4.0,-9,0.0,22654.0,2102.0
2661586,2661587,47.0,1078857,2,1,1,1,1.0,60.0,1.0,-9.0,2.0,23,2.0,22654.0,2102.0
2661587,2661588,20.0,1078857,3,1,2,1,1.0,50.0,1.0,-9.0,4.0,23,2.0,22654.0,2102.0
2661588,2661589,54.0,1078858,1,2,0,1,6.0,-9.0,-9.0,-9.0,4.0,-9,0.0,22643.0,2101.0
2661589,2661590,47.0,1078858,2,1,1,1,1.0,60.0,1.0,-9.0,2.0,23,2.0,22643.0,2101.0
2661590,2661591,20.0,1078858,3,1,2,1,1.0,50.0,1.0,-9.0,4.0,23,2.0,22643.0,2101.0
2661591,2661592,54.0,1078859,1,2,0,1,6.0,-9.0,-9.0,-9.0,4.0,-9,0.0,22643.0,2101.0
2661592,2661593,47.0,1078859,2,1,1,1,1.0,60.0,1.0,-9.0,2.0,23,2.0,22643.0,2101.0
2661593,2661594,20.0,1078859,3,1,2,1,1.0,50.0,1.0,-9.0,4.0,23,2.0,22643.0,2101.0
2661594,2661595,54.0,1078860,1,2,0,1,6.0,-9.0,-9.0,-9.0,4.0,-9,0.0,22654.0,2102.0
2661595,2661596,47.0,1078860,2,1,1,1,1.0,60.0,1.0,-9.0,2.0,23,2.0,22654.0,2102.0
2661596,2661597,20.0,1078860,3,1,2,1,1.0,50.0,1.0,-9.0,4.0,23,2.0,22654.0,2102.0
2661597,2661598,54.0,1078861,1,2,0,1,6.0,-9.0,-9.0,-9.0,4.0,-9,0.0,22647.0,2101.0
2661598,2661599,47.0,1078861,2,1,1,1,1.0,60.0,1.0,-9.0,2.0,23,2.0,22647.0,2101.0
2661599,2661600,20.0,1078861,3,1,2,1,1.0,50.0,1.0,-9.0,4.0,23,2.0,22647.0,2101.0
2661600,2661601,54.0,1078862,1,2,0,1,1.0,20.0,3.0,-9.0,4.0,5416,10.0,22639.0,2101.0
2661601,2661602,53.0,1078862,2,1,1,1,1.0,60.0,1.0,-9.0,4.0,5415,10.0,22639.0,2101.0
2661602,2661603,54.0,1078863,1,2,0,1,1.0,20.0,3.0,-9.0,4.0,5416,10.0,22640.0,2101.0
2661603,2661604,53.0,1078863,2,1,1,1,1.0,60.0,1.0,-9.0,4.0,5415,10.0,22640.0,2101.0
2661604,2661605,54.0,1078864,1,2,0,1,1.0,20.0,3.0,-9.0,4.0,5416,10.0,22639.0,2101.0
2661605,2661606,53.0,1078864,2,1,1,1,1.0,60.0,1.0,-9.0,4.0,5415,10.0,22639.0,2101.0
2661606,2661607,54.0,1078865,1,2,0,1,1.0,20.0,3.0,-9.0,4.0,5416,10.0,22645.0,2101.0
2661607,2661608,53.0,1078865,2,1,1,1,1.0,60.0,1.0,-9.0,4.0,5415,10.0,22645.0,2101.0
2661608,2661609,54.0,1078866,1,2,0,1,1.0,20.0,3.0,-9.0,4.0,5416,10.0,22639.0,2101.0
2661609,2661610,53.0,1078866,2,1,1,1,1.0,60.0,1.0,-9.0,4.0,5415,10.0,22639.0,2101.0
2661610,2661611,54.0,1078867,1,2,0,1,1.0,20.0,3.0,-9.0,4.0,5416,10.0,22648.0,2101.0
2661611,2661612,53.0,1078867,2,1,1,1,1.0,60.0,1.0,-9.0,4.0,5415,10.0,22648.0,2101.0
2661612,2661613,54.0,1078868,1,2,0,1,1.0,20.0,3.0,-9.0,4.0,5416,10.0,22654.0,2102.0
2661613,2661614,53.0,1078868,2,1,1,1,1.0,60.0,1.0,-9.0,4.0,5415,10.0,22654.0,2102.0
2661614,2661615,54.0,1078869,1,2,0,1,1.0,20.0,3.0,-9.0,4.0,5416,10.0,22644.0,2101.0
2661615,2661616,53.0,1078869,2,1,1,1,1.0,60.0,1.0,-9.0,4.0,5415,10.0,22644.0,2101.0
2661616,2661617,54.0,1078870,1,2,0,1,1.0,20.0,3.0,-9.0,4.0,5416,10.0,22648.0,2101.0
2661617,2661618,53.0,1078870,2,1,1,1,1.0,60.0,1.0,-9.0,4.0,5415,10.0,22648.0,2101.0
2661618,2661619,54.0,1078871,1,2,0,1,1.0,20.0,3.0,-9.0,4.0,5416,10.0,22654.0,2102.0
2661619,2661620,53.0,1078871,2,1,1,1,1.0,60.0,1.0,-9.0,4.0,5415,10.0,22654.0,2102.0
2661620,2661621,54.0,1078872,1,2,0,1,1.0,20.0,3.0,-9.0,4.0,5416,10.0,22648.0,2101.0
2661621,2661622,53.0,1078872,2,1,1,1,1.0,60.0,1.0,-9.0,4.0,5415,10.0,22648.0,2101.0
2661622,2661623,54.0,1078873,1,2,0,1,1.0,20.0,3.0,-9.0,4.0,5416,10.0,22639.0,2101.0
2661623,2661624,53.0,1078873,2,1,1,1,1.0,60.0,1.0,-9.0,4.0,5415,10.0,22639.0,2101.0
2661624,2661625,54.0,1078874,1,2,0,1,1.0,20.0,3.0,-9.0,4.0,5416,10.0,22654.0,2102.0
2661625,2661626,53.0,1078874,2,1,1,1,1.0,60.0,1.0,-9.0,4.0,5415,10.0,22654.0,2102.0
2661626,2661627,54.0,1078875,1,2,0,1,1.0,20.0,3.0,-9.0,4.0,5416,10.0,22639.0,2101.0
2661627,2661628,53.0,1078875,2,1,1,1,1.0,60.0,1.0,-9.0,4.0,5415,10.0,22639.0,2101.0
2661628,2661629,54.0,1078876,1,2,0,1,1.0,20.0,3.0,-9.0,4.0,5416,10.0,22654.0,2102.0
2661629,2661630,53.0,1078876,2,1,1,1,1.0,60.0,1.0,-9.0,4.0,5415,10.0,22654.0,2102.0
2661630,2661631,47.0,1078877,1,1,0,1,6.0,-9.0,-9.0,-9.0,4.0,-9,0.0,22651.0,2102.0
2661631,2661632,53.0,1078877,2,1,1,1,1.0,40.0,1.0,-9.0,2.0,53M,9.0,22651.0,2102.0
2661632,2661633,62.0,1078878,1,2,0,1,1.0,40.0,1.0,-9.0,4.0,5614,12.0,22654.0,2102.0
2661633,2661634,34.0,1078878,2,1,2,1,3.0,20.0,4.0,-9.0,4.0,5415,10.0,22654.0,2102.0
2661634,2661635,62.0,1078879,1,2,0,1,1.0,40.0,1.0,-9.0,4.0,5614,12.0,22646.0,2101.0
2661635,2661636,34.0,1078879,2,1,2,1,3.0,20.0,4.0,-9.0,4.0,5415,10.0,22646.0,2101.0
2661636,2661637,56.0,1078880,1,1,0,1,1.0,50.0,1.0,-9.0,4.0,4244,4.0,22654.0,2102.0
2661637,2661638,60.0,1078880,2,2,1,1,6.0,-9.0,-9.0,-9.0,4.0,-9,0.0,22654.0,2102.0
2661638,2661639,56.0,1078881,1,1,0,1,1.0,50.0,1.0,-9.0,4.0,4244,4.0,22648.0,2101.0
2661639,2661640,60.0,1078881,2,2,1,1,6.0,-9.0,-9.0,-9.0,4.0,-9,0.0,22648.0,2101.0
2661640,2661641,63.0,1078882,1,2,0,1,6.0,-9.0,-9.0,-9.0,4.0,-9,0.0,22639.0,2101.0
2661641,2661642,66.0,1078882,2,1,1,1,6.0,-9.0,-9.0,-9.0,4.0,-9,0.0,22639.0,2101.0
2661642,2661643,63.0,1078883,1,2,0,1,6.0,-9.0,-9.0,-9.0,4.0,-9,0.0,22643.0,2101.0
2661643,2661644,66.0,1078883,2,1,1,1,6.0,-9.0,-9.0,-9.0,4.0,-9,0.0,22643.0,2101.0
2661644,2661645,63.0,1078884,1,2,0,1,6.0,-9.0,-9.0,-9.0,4.0,-9,0.0,22645.0,2101.0
2661645,2661646,66.0,1078884,2,1,1,1,6.0,-9.0,-9.0,-9.0,4.0,-9,0.0,22645.0,2101.0
2661646,2661647,63.0,1078885,1,2,0,1,6.0,-9.0,-9.0,-9.0,4.0,-9,0.0,22639.0,2101.0
2661647,2661648,66.0,1078885,2,1,1,1,6.0,-9.0,-9.0,-9.0,4.0,-9,0.0,22639.0,2101.0
2661648,2661649,63.0,1078886,1,2,0,1,6.0,-9.0,-9.0,-9.0,4.0,-9,0.0,22644.0,2101.0
2661649,2661650,66.0,1078886,2,1,1,1,6.0,-9.0,-9.0,-9.0,4.0,-9,0.0,22644.0,2101.0
2661650,2661651,62.0,1078887,1,1,0,1,6.0,-9.0,-9.0,-9.0,4.0,-9,0.0,22648.0,2101.0
2661651,2661652,61.0,1078887,2,2,1,1,1.0,40.0,1.0,-9.0,4.0,522M,9.0,22648.0,2101.0
2661652,2661653,55.0,1078888,1,1,0,1,1.0,50.0,1.0,-9.0,4.0,8111Z,17.0,22639.0,2101.0
2661653,2661654,55.0,1078889,1,1,0,1,1.0,50.0,1.0,-9.0,4.0,8111Z,17.0,22648.0,2101.0
2661654,2661655,62.0,1078890,1,1,0,1,1.0,40.0,1.0,-9.0,2.0,713Z,16.0,22643.0,2101.0
2661655,2661656,53.0,1078891,1,2,0,1,1.0,40.0,1.0,-9.0,4.0,5613,12.0,22645.0,2101.0
2661656,2661657,53.0,1078892,1,2,0,1,1.0,40.0,1.0,-9.0,4.0,5613,12.0,22644.0,2101.0
2661657,2661658,48.0,1078893,1,1,0,1,1.0,42.0,1.0,-9.0,4.0,8131,17.0,22645.0,2101.0
2661658,2661659,48.0,1078894,1,1,0,1,1.0,42.0,1.0,-9.0,4.0,8131,17.0,22647.0,2101.0
2661659,2661660,48.0,1078895,1,1,0,1,1.0,42.0,1.0,-9.0,4.0,8131,17.0,22646.0,2101.0
2661660,2661661,54.0,1078896,1,1,0,1,1.0,45.0,1.0,-9.0,2.0,5417,10.0,22654.0,2102.0
2661661,2661662,54.0,1078897,1,1,0,1,1.0,45.0,1.0,-9.0,2.0,5417,10.0,22654.0,2102.0
2661662,2661663,45.0,1078898,1,1,0,1,1.0,40.0,1.0,-9.0,4.0,336M,3.0,22646.0,2101.0
2661663,2661664,58.0,1078899,1,1,0,1,1.0,40.0,5.0,-9.0,4.0,44512,5.0,22648.0,2101.0
2661664,2661665,34.0,1078899,2,2,1,1,1.0,44.0,1.0,-9.0,4.0,44511,5.0,22648.0,2101.0
2661665,2661666,58.0,1078900,1,1,0,1,1.0,40.0,5.0,-9.0,4.0,44512,5.0,22646.0,2101.0
2661666,2661667,34.0,1078900,2,2,1,1,1.0,44.0,1.0,-9.0,4.0,44511,5.0,22646.0,2101.0
2661667,2661668,58.0,1078901,1,1,0,1,1.0,40.0,5.0,-9.0,4.0,44512,5.0,22648.0,2101.0
2661668,2661669,34.0,1078901,2,2,1,1,1.0,44.0,1.0,-9.0,4.0,44511,5.0,22648.0,2101.0
2661669,2661670,45.0,1078902,1,2,0,1,1.0,35.0,1.0,-9.0,4.0,6242,14.0,22640.0,2101.0
2661670,2661671,21.0,1078902,2,2,3,1,1.0,38.0,1.0,15.0,4.0,623M,14.0,22640.0,2101.0
2661671,2661672,63.0,1078903,1,1,0,1,1.0,20.0,5.0,-9.0,4.0,56173,12.0,22639.0,2101.0
2661672,2661673,65.0,1078903,2,2,1,1,6.0,-9.0,-9.0,-9.0,4.0,-9,0.0,22639.0,2101.0
2661673,2661674,60.0,1078904,1,1,0,1,6.0,-9.0,-9.0,-9.0,2.0,-9,0.0,22643.0,2101.0
2661674,2661675,59.0,1078904,2,2,1,1,1.0,6.0,1.0,-9.0,4.0,8131,17.0,22643.0,2101.0
2661675,2661676,60.0,1078905,1,1,0,1,6.0,-9.0,-9.0,-9.0,2.0,-9,0.0,22643.0,2101.0
2661676,2661677,59.0,1078905,2,2,1,1,1.0,6.0,1.0,-9.0,4.0,8131,17.0,22643.0,2101.0
2661677,2661678,59.0,1078906,1,1,0,1,6.0,1.0,6.0,-9.0,4.0,5413,10.0,22647.0,2101.0
2661678,2661679,58.0,1078906,2,2,1,1,1.0,40.0,5.0,-9.0,4.0,5613,12.0,22647.0,2101.0
2661679,2661680,48.0,1078907,1,2,0,1,1.0,40.0,1.0,-9.0,4.0,4244,4.0,22640.0,2101.0
2661680,2661681,55.0,1078907,2,1,1,1,6.0,-9.0,-9.0,-9.0,4.0,-9,0.0,22640.0,2101.0
2661681,2661682,45.0,1078908,1,1,0,1,1.0,14.0,1.0,-9.0,4.0,713Z,16.0,22640.0,2101.0
2661682,2661683,45.0,1078909,1,1,0,1,1.0,14.0,1.0,-9.0,4.0,713Z,16.0,22643.0,2101.0
2661683,2661684,45.0,1078910,1,1,0,1,1.0,14.0,1.0,-9.0,4.0,713Z,16.0,22647.0,2101.0
2661684,2661685,45.0,1078911,1,1,0,1,1.0,14.0,1.0,-9.0,4.0,713Z,16.0,22646.0,2101.0
2661685,2661686,45.0,1078912,1,1,0,1,1.0,14.0,1.0,-9.0,4.0,713Z,16.0,22646.0,2101.0
2661686,2661687,45.0,1078913,1,1,0,1,1.0,14.0,1.0,-9.0,4.0,713Z,16.0,22643.0,2101.0
2661687,2661688,45.0,1078914,1,1,0,1,1.0,14.0,1.0,-9.0,4.0,713Z,16.0,22640.0,2101.0
2661688,2661689,45.0,1078915,1,1,0,1,1.0,14.0,1.0,-9.0,4.0,713Z,16.0,22644.0,2101.0
2661689,2661690,45.0,1078916,1,1,0,1,1.0,14.0,1.0,-9.0,4.0,713Z,16.0,22648.0,2101.0
2661690,2661691,45.0,1078917,1,1,0,1,1.0,14.0,1.0,-9.0,4.0,713Z,16.0,22644.0,2101.0
2661691,2661692,45.0,1078918,1,1,0,1,1.0,14.0,1.0,-9.0,4.0,713Z,16.0,22645.0,2101.0
2661692,2661693,45.0,1078919,1,1,0,1,1.0,14.0,1.0,-9.0,4.0,713Z,16.0,22645.0,2101.0
2661693,2661694,45.0,1078920,1,1,0,1,1.0,14.0,1.0,-9.0,4.0,713Z,16.0,22654.0,2102.0
2661694,2661695,45.0,1078921,1,1,0,1,1.0,14.0,1.0,-9.0,4.0,713Z,16.0,22654.0,2102.0
2661695,2661696,45.0,1078922,1,1,0,1,1.0,14.0,1.0,-9.0,4.0,713Z,16.0,22645.0,2101.0
2661696,2661697,45.0,1078923,1,1,0,1,1.0,14.0,1.0,-9.0,4.0,713Z,16.0,22639.0,2101.0
2661697,2661698,45.0,1078924,1,1,0,1,1.0,14.0,1.0,-9.0,4.0,713Z,16.0,22647.0,2101.0
2661698,2661699,45.0,1078925,1,1,0,1,1.0,14.0,1.0,-9.0,4.0,713Z,16.0,22643.0,2101.0
2661699,2661700,45.0,1078926,1,1,0,1,1.0,14.0,1.0,-9.0,4.0,713Z,16.0,22654.0,2102.0
2661700,2661701,54.0,1078927,1,2,0,1,1.0,32.0,1.0,-9.0,4.0,6214,14.0,22640.0,2101.0
2661701,2661702,56.0,1078928,1,2,0,1,1.0,15.0,1.0,-9.0,4.0,45113,5.0,22644.0,2101.0
2661702,2661703,56.0,1078929,1,2,0,1,1.0,15.0,1.0,-9.0,4.0,45113,5.0,22648.0,2101.0
2661703,2661704,56.0,1078930,1,2,0,1,1.0,15.0,1.0,-9.0,4.0,45113,5.0,22639.0,2101.0
2661704,2661705,50.0,1078931,1,1,0,1,1.0,40.0,1.0,-9.0,4.0,4523,5.0,22643.0,2101.0
2661705,2661706,50.0,1078932,1,1,0,1,1.0,40.0,1.0,-9.0,4.0,4523,5.0,22644.0,2101.0
2661706,2661707,50.0,1078933,1,1,0,1,1.0,40.0,1.0,-9.0,4.0,4523,5.0,22640.0,2101.0
2661707,2661708,50.0,1078934,1,1,0,1,1.0,40.0,1.0,-9.0,4.0,4523,5.0,22654.0,2102.0
2661708,2661709,50.0,1078935,1,1,0,1,1.0,40.0,1.0,-9.0,4.0,4523,5.0,22643.0,2101.0
2661709,2661710,50.0,1078936,1,1,0,1,1.0,40.0,1.0,-9.0,4.0,4523,5.0,22643.0,2101.0
2661710,2661711,62.0,1078937,1,1,0,1,6.0,-9.0,-9.0,-9.0,4.0,-9,0.0,22645.0,2101.0
2661711,2661712,62.0,1078938,1,1,0,1,6.0,-9.0,-9.0,-9.0,4.0,-9,0.0,22645.0,2101.0
2661712,2661713,62.0,1078939,1,1,0,1,6.0,-9.0,-9.0,-9.0,4.0,-9,0.0,22654.0,2102.0
2661713,2661714,62.0,1078940,1,1,0,1,6.0,-9.0,-9.0,-9.0,4.0,-9,0.0,22654.0,2102.0
2661714,2661715,62.0,1078941,1,1,0,1,6.0,-9.0,-9.0,-9.0,4.0,-9,0.0,22648.0,2101.0
2661715,2661716,62.0,1078942,1,1,0,1,6.0,-9.0,-9.0,-9.0,4.0,-9,0.0,22654.0,2102.0
2661716,2661717,62.0,1078943,1,1,0,1,6.0,-9.0,-9.0,-9.0,4.0,-9,0.0,22643.0,2101.0
2661717,2661718,64.0,1078944,1,1,0,1,6.0,-9.0,-9.0,-9.0,2.0,-9,0.0,22644.0,2101.0
2661718,2661719,62.0,1078945,1,1,0,1,6.0,-9.0,-9.0,-9.0,4.0,-9,0.0,22646.0,2101.0
2661719,2661720,61.0,1078946,1,2,0,1,1.0,14.0,1.0,-9.0,4.0,5617Z,12.0,22646.0,2101.0
2661720,2661721,61.0,1078947,1,2,0,1,1.0,14.0,1.0,-9.0,4.0,5617Z,12.0,22646.0,2101.0
2661721,2661722,61.0,1078948,1,2,0,1,1.0,14.0,1.0,-9.0,4.0,5617Z,12.0,22648.0,2101.0
2661722,2661723,56.0,1078949,1,2,0,1,1.0,40.0,3.0,-9.0,4.0,4523,5.0,22654.0,2102.0
2661723,2661724,60.0,1078950,1,1,0,1,1.0,38.0,2.0,-9.0,4.0,4523,5.0,22648.0,2101.0
2661724,2661725,52.0,1078951,1,1,0,1,1.0,45.0,3.0,-9.0,4.0,23,2.0,22640.0,2101.0
2661725,2661726,52.0,1078952,1,1,0,1,1.0,45.0,3.0,-9.0,4.0,23,2.0,22646.0,2101.0
2661726,2661727,52.0,1078953,1,1,0,1,1.0,45.0,3.0,-9.0,4.0,23,2.0,22645.0,2101.0
2661727,2661728,63.0,1078954,1,2,0,1,1.0,34.0,1.0,-9.0,4.0,6211,14.0,22639.0,2101.0
2661728,2661729,59.0,1078955,1,2,0,1,1.0,40.0,1.0,-9.0,4.0,4441Z,5.0,22640.0,2101.0
2661729,2661730,58.0,1078956,1,2,0,1,1.0,40.0,1.0,-9.0,4.0,4441Z,5.0,22646.0,2101.0
2661730,2661731,58.0,1078957,1,2,0,1,1.0,40.0,1.0,-9.0,4.0,4441Z,5.0,22648.0,2101.0
2661731,2661732,58.0,1078958,1,2,0,1,1.0,40.0,1.0,-9.0,4.0,4441Z,5.0,22648.0,2101.0
2661732,2661733,46.0,1078959,1,1,0,1,1.0,45.0,1.0,-9.0,4.0,712,16.0,22643.0,2101.0
2661733,2661734,50.0,1078960,1,1,0,1,1.0,40.0,1.0,-9.0,4.0,611M1,13.0,22643.0,2101.0
2661734,2661735,62.0,1078961,1,1,0,1,1.0,40.0,1.0,-9.0,4.0,3219ZM,3.0,22654.0,2102.0
2661735,2661736,58.0,1078962,1,1,0,1,1.0,55.0,1.0,-9.0,4.0,111,1.0,22654.0,2102.0
2661736,2661737,58.0,1078963,1,1,0,1,1.0,55.0,1.0,-9.0,4.0,111,1.0,22639.0,2101.0
2661737,2661738,58.0,1078964,1,1,0,1,1.0,55.0,1.0,-9.0,4.0,111,1.0,22654.0,2102.0
2661738,2661739,58.0,1078965,1,1,0,1,1.0,55.0,1.0,-9.0,4.0,111,1.0,22648.0,2101.0
2661739,2661740,58.0,1078966,1,1,0,1,1.0,55.0,1.0,-9.0,4.0,111,1.0,22640.0,2101.0
2661740,2661741,61.0,1078967,1,2,0,1,6.0,-9.0,-9.0,-9.0,4.0,-9,0.0,22654.0,2102.0
2661741,2661742,68.0,1078967,2,1,1,1,6.0,-9.0,-9.0,-9.0,4.0,-9,0.0,22654.0,2102.0
2661742,2661743,63.0,1078968,1,1,0,1,6.0,-9.0,-9.0,-9.0,4.0,-9,0.0,22644.0,2101.0
2661743,2661744,63.0,1078969,1,1,0,1,6.0,-9.0,-9.0,-9.0,4.0,-9,0.0,22654.0,2102.0
2661744,2661745,45.0,1078970,1,2,0,1,6.0,-9.0,-9.0,-9.0,4.0,-9,0.0,22648.0,2101.0
2661745,2661746,45.0,1078971,1,2,0,1,6.0,-9.0,-9.0,-9.0,4.0,-9,0.0,22646.0,2101.0
2661746,2661747,45.0,1078972,1,2,0,1,6.0,-9.0,-9.0,-9.0,4.0,-9,0.0,22647.0,2101.0
2661747,2661748,45.0,1078973,1,2,0,1,6.0,-9.0,-9.0,-9.0,4.0,-9,0.0,22646.0,2101.0
2661748,2661749,62.0,1078974,1,2,0,1,6.0,-9.0,-9.0,-9.0,4.0,-9,0.0,22654.0,2102.0
2661749,2661750,63.0,1078975,1,1,0,1,6.0,-9.0,-9.0,-9.0,2.0,-9,0.0,22648.0,2101.0
2661750,2661751,63.0,1078976,1,1,0,1,6.0,-9.0,-9.0,-9.0,2.0,-9,0.0,22639.0,2101.0
2661751,2661752,49.0,1078977,1,1,0,1,1.0,40.0,1.0,-9.0,4.0,722Z,16.0,22643.0,2101.0
2661752,2661753,64.0,1078978,1,1,0,1,1.0,40.0,1.0,-9.0,2.0,335M,3.0,22646.0,2101.0
2661753,2661754,64.0,1078979,1,1,0,1,1.0,40.0,1.0,-9.0,2.0,335M,3.0,22639.0,2101.0
2661754,2661755,52.0,1078980,1,2,0,1,1.0,40.0,1.0,-9.0,4.0,5617Z,12.0,22648.0,2101.0
2661755,2661756,52.0,1078981,1,2,0,1,1.0,40.0,1.0,-9.0,4.0,5617Z,12.0,22643.0,2101.0
2661756,2661757,56.0,1078982,1,2,0,1,1.0,20.0,1.0,15.0,4.0,722Z,16.0,22654.0,2102.0
2661757,2661758,56.0,1078983,1,2,0,1,1.0,20.0,1.0,15.0,4.0,722Z,16.0,22648.0,2101.0
2661758,2661759,64.0,1078984,1,2,0,1,1.0,40.0,1.0,-9.0,4.0,4523,5.0,22639.0,2101.0
2661759,2661760,58.0,1078985,1,2,0,1,1.0,25.0,1.0,-9.0,4.0,3219ZM,3.0,22639.0,2101.0
2661760,2661761,58.0,1078986,1,2,0,1,1.0,25.0,1.0,-9.0,4.0,3219ZM,3.0,22639.0,2101.0
2661761,2661762,59.0,1078987,1,1,0,1,1.0,25.0,1.0,-9.0,4.0,7211,16.0,22644.0,2101.0
2661762,2661763,49.0,1078988,1,1,0,1,1.0,80.0,1.0,-9.0,4.0,56173,12.0,22645.0,2101.0
2661763,2661764,49.0,1078989,1,1,0,1,1.0,80.0,1.0,-9.0,4.0,56173,12.0,22646.0,2101.0
2661764,2661765,49.0,1078990,1,1,0,1,1.0,80.0,1.0,-9.0,4.0,56173,12.0,22639.0,2101.0
2661765,2661766,55.0,1078991,1,1,0,1,1.0,54.0,1.0,-9.0,4.0,32711,3.0,22648.0,2101.0
2661766,2661767,57.0,1078992,1,2,0,1,1.0,40.0,1.0,-9.0,4.0,812112,17.0,22646.0,2101.0
2661767,2661768,61.0,1078993,1,2,0,1,1.0,35.0,1.0,-9.0,4.0,8131,17.0,22654.0,2102.0
2661768,2661769,61.0,1078994,1,2,0,1,1.0,35.0,1.0,-9.0,4.0,8131,17.0,22654.0,2102.0
2661769,2661770,55.0,1078995,1,2,0,1,1.0,50.0,1.0,-9.0,4.0,8129,17.0,22645.0,2101.0
2661770,2661771,57.0,1078996,1,2,0,1,1.0,40.0,1.0,-9.0,4.0,812112,17.0,22643.0,2101.0
2661771,2661772,55.0,1078997,1,2,0,1,1.0,50.0,1.0,-9.0,4.0,8129,17.0,22639.0,2101.0
2661772,2661773,55.0,1078998,1,2,0,1,1.0,50.0,1.0,-9.0,4.0,8129,17.0,22647.0,2101.0
2661773,2661774,61.0,1078999,1,2,0,1,1.0,35.0,1.0,-9.0,4.0,8131,17.0,22639.0,2101.0
2661774,2661775,48.0,1079000,1,2,0,1,1.0,40.0,1.0,-9.0,4.0,522M,9.0,22647.0,2101.0
2661775,2661776,48.0,1079001,1,2,0,1,1.0,40.0,1.0,-9.0,4.0,522M,9.0,22654.0,2102.0
2661776,2661777,59.0,1079002,1,2,0,1,1.0,37.0,1.0,-9.0,4.0,44511,5.0,22646.0,2101.0
2661777,2661778,56.0,1079003,1,2,0,1,1.0,40.0,1.0,-9.0,4.0,4411,5.0,22645.0,2101.0
2661778,2661779,59.0,1079004,1,2,0,1,1.0,40.0,1.0,-9.0,4.0,3328,3.0,22647.0,2101.0
2661779,2661780,53.0,1079005,1,1,0,1,1.0,35.0,1.0,-9.0,4.0,5617Z,12.0,22654.0,2102.0
2661780,2661781,50.0,1079006,1,1,0,1,2.0,20.0,4.0,-9.0,4.0,531M,9.0,22646.0,2101.0
2661781,2661782,51.0,1079007,1,1,0,1,1.0,36.0,1.0,-9.0,2.0,531M,9.0,22639.0,2101.0
2661782,2661783,51.0,1079008,1,1,0,1,1.0,36.0,1.0,-9.0,2.0,531M,9.0,22646.0,2101.0
2661783,2661784,51.0,1079009,1,1,0,1,1.0,36.0,1.0,-9.0,2.0,531M,9.0,22639.0,2101.0
2661784,2661785,51.0,1079010,1,1,0,1,1.0,36.0,1.0,-9.0,2.0,531M,9.0,22648.0,2101.0
2661785,2661786,51.0,1079011,1,1,0,1,1.0,50.0,1.0,-9.0,4.0,3221,3.0,22646.0,2101.0
2661786,2661787,51.0,1079012,1,1,0,1,1.0,50.0,1.0,-9.0,4.0,3221,3.0,22648.0,2101.0
2661787,2661788,61.0,1079013,1,2,0,1,6.0,-9.0,-9.0,-9.0,4.0,-9,0.0,22639.0,2101.0
2661788,2661789,62.0,1079014,1,2,0,1,6.0,-9.0,-9.0,-9.0,4.0,-9,0.0,22654.0,2102.0
2661789,2661790,61.0,1079015,1,2,0,1,6.0,-9.0,-9.0,-9.0,4.0,-9,0.0,22648.0,2101.0
2661790,2661791,61.0,1079016,1,2,0,1,6.0,-9.0,-9.0,-9.0,4.0,-9,0.0,22648.0,2101.0
2661791,2661792,62.0,1079017,1,2,0,1,6.0,-9.0,-9.0,-9.0,4.0,-9,0.0,22648.0,2101.0
2661792,2661793,60.0,1079018,1,1,0,1,6.0,-9.0,-9.0,-9.0,4.0,-9,0.0,22639.0,2101.0
2661793,2661794,59.0,1079019,1,2,0,1,6.0,-9.0,-9.0,-9.0,4.0,-9,0.0,22647.0,2101.0
2661794,2661795,61.0,1079020,1,2,0,1,6.0,-9.0,-9.0,-9.0,4.0,-9,0.0,22639.0,2101.0
2661795,2661796,62.0,1079021,1,2,0,1,6.0,-9.0,-9.0,-9.0,4.0,-9,0.0,22639.0,2101.0
2661796,2661797,57.0,1079022,1,1,0,1,6.0,-9.0,-9.0,-9.0,2.0,-9,0.0,22654.0,2102.0
2661797,2661798,62.0,1079023,1,1,0,1,6.0,-9.0,-9.0,-9.0,4.0,-9,0.0,22648.0,2101.0
2661798,2661799,57.0,1079024,1,1,0,1,6.0,-9.0,-9.0,-9.0,2.0,-9,0.0,22640.0,2101.0
2661799,2661800,49.0,1079025,1,1,0,1,1.0,55.0,1.0,-9.0,4.0,336M,3.0,22648.0,2101.0
2661800,2661801,48.0,1079025,2,2,1,2,2.0,60.0,1.0,-9.0,4.0,336M,3.0,22648.0,2101.0
2661801,2661802,12.0,1079025,3,1,2,2,-9.0,-9.0,-9.0,9.0,-9.0,-9,0.0,22648.0,2101.0
2661802,2661803,49.0,1079026,1,1,0,1,1.0,55.0,1.0,-9.0,4.0,336M,3.0,22640.0,2101.0
2661803,2661804,48.0,1079026,2,2,1,2,2.0,60.0,1.0,-9.0,4.0,336M,3.0,22640.0,2101.0
2661804,2661805,12.0,1079026,3,1,2,2,-9.0,-9.0,-9.0,9.0,-9.0,-9,0.0,22640.0,2101.0
2661805,2661806,51.0,1079027,1,2,0,1,1.0,45.0,1.0,-9.0,4.0,5617Z,12.0,22645.0,2101.0
2661806,2661807,47.0,1079027,2,1,1,1,1.0,50.0,1.0,-9.0,4.0,5617Z,12.0,22645.0,2101.0
2661807,2661808,17.0,1079027,3,2,2,1,1.0,9.0,6.0,13.0,4.0,5617Z,12.0,22645.0,2101.0
2661808,2661809,13.0,1079027,4,2,2,1,-9.0,-9.0,-9.0,9.0,-9.0,-9,0.0,22645.0,2101.0
2661809,2661810,51.0,1079028,1,2,0,1,1.0,45.0,1.0,-9.0,4.0,5617Z,12.0,22648.0,2101.0
2661810,2661811,47.0,1079028,2,1,1,1,1.0,50.0,1.0,-9.0,4.0,5617Z,12.0,22648.0,2101.0
2661811,2661812,17.0,1079028,3,2,2,1,1.0,9.0,6.0,13.0,4.0,5617Z,12.0,22648.0,2101.0
2661812,2661813,13.0,1079028,4,2,2,1,-9.0,-9.0,-9.0,9.0,-9.0,-9,0.0,22648.0,2101.0
2661813,2661814,51.0,1079029,1,2,0,1,1.0,45.0,1.0,-9.0,4.0,5617Z,12.0,22640.0,2101.0
2661814,2661815,47.0,1079029,2,1,1,1,1.0,50.0,1.0,-9.0,4.0,5617Z,12.0,22640.0,2101.0
2661815,2661816,17.0,1079029,3,2,2,1,1.0,9.0,6.0,13.0,4.0,5617Z,12.0,22640.0,2101.0
2661816,2661817,13.0,1079029,4,2,2,1,-9.0,-9.0,-9.0,9.0,-9.0,-9,0.0,22640.0,2101.0
2661817,2661818,51.0,1079030,1,2,0,1,1.0,45.0,1.0,-9.0,4.0,5617Z,12.0,22639.0,2101.0
2661818,2661819,47.0,1079030,2,1,1,1,1.0,50.0,1.0,-9.0,4.0,5617Z,12.0,22639.0,2101.0
2661819,2661820,17.0,1079030,3,2,2,1,1.0,9.0,6.0,13.0,4.0,5617Z,12.0,22639.0,2101.0
2661820,2661821,13.0,1079030,4,2,2,1,-9.0,-9.0,-9.0,9.0,-9.0,-9,0.0,22639.0,2101.0
2661821,2661822,51.0,1079031,1,2,0,1,1.0,45.0,1.0,-9.0,4.0,5617Z,12.0,22645.0,2101.0
2661822,2661823,47.0,1079031,2,1,1,1,1.0,50.0,1.0,-9.0,4.0,5617Z,12.0,22645.0,2101.0
2661823,2661824,17.0,1079031,3,2,2,1,1.0,9.0,6.0,13.0,4.0,5617Z,12.0,22645.0,2101.0
2661824,2661825,13.0,1079031,4,2,2,1,-9.0,-9.0,-9.0,9.0,-9.0,-9,0.0,22645.0,2101.0
2661825,2661826,51.0,1079032,1,2,0,1,1.0,45.0,1.0,-9.0,4.0,5617Z,12.0,22643.0,2101.0
2661826,2661827,47.0,1079032,2,1,1,1,1.0,50.0,1.0,-9.0,4.0,5617Z,12.0,22643.0,2101.0
2661827,2661828,17.0,1079032,3,2,2,1,1.0,9.0,6.0,13.0,4.0,5617Z,12.0,22643.0,2101.0
2661828,2661829,13.0,1079032,4,2,2,1,-9.0,-9.0,-9.0,9.0,-9.0,-9,0.0,22643.0,2101.0
2661829,2661830,45.0,1079033,1,1,0,1,1.0,45.0,3.0,-9.0,4.0,6111,13.0,22648.0,2101.0
2661830,2661831,46.0,1079033,2,2,1,1,1.0,40.0,3.0,-9.0,4.0,6111,13.0,22648.0,2101.0
2661831,2661832,8.0,1079033,3,1,2,1,-9.0,-9.0,-9.0,4.0,-9.0,-9,0.0,22648.0,2101.0
2661832,2661833,27.0,1079034,1,2,0,2,1.0,40.0,1.0,-9.0,4.0,5415,10.0,22646.0,2101.0
2661833,2661834,27.0,1079035,1,2,0,2,1.0,40.0,1.0,-9.0,4.0,5415,10.0,22640.0,2101.0
2661834,2661835,27.0,1079036,1,2,0,2,1.0,43.0,1.0,-9.0,4.0,5241,9.0,22654.0,2102.0
2661835,2661836,27.0,1079037,1,2,0,2,1.0,40.0,5.0,-9.0,4.0,336M,3.0,22645.0,2101.0
2661836,2661837,27.0,1079038,1,2,0,2,1.0,40.0,5.0,-9.0,4.0,336M,3.0,22648.0,2101.0
2661837,2661838,27.0,1079039,1,2,0,2,1.0,40.0,5.0,-9.0,4.0,336M,3.0,22646.0,2101.0
2661838,2661839,27.0,1079040,1,2,0,2,1.0,40.0,5.0,-9.0,4.0,336M,3.0,22648.0,2101.0
2661839,2661840,27.0,1079041,1,2,0,2,1.0,40.0,5.0,-9.0,4.0,336M,3.0,22640.0,2101.0
2661840,2661841,44.0,1079042,1,2,0,2,1.0,50.0,1.0,-9.0,4.0,813M,17.0,22647.0,2101.0
2661841,2661842,8.0,1079042,2,1,2,2,-9.0,-9.0,-9.0,5.0,-9.0,-9,0.0,22647.0,2101.0
2661842,2661843,36.0,1079043,1,2,0,2,1.0,55.0,1.0,-9.0,4.0,6216,14.0,22639.0,2101.0
2661843,2661844,12.0,1079043,2,1,2,2,-9.0,-9.0,-9.0,9.0,-9.0,-9,0.0,22639.0,2101.0
2661844,2661845,36.0,1079044,1,2,0,2,1.0,55.0,1.0,-9.0,4.0,6216,14.0,22645.0,2101.0
2661845,2661846,12.0,1079044,2,1,2,2,-9.0,-9.0,-9.0,9.0,-9.0,-9,0.0,22645.0,2101.0
2661846,2661847,40.0,1079045,1,1,0,1,1.0,40.0,1.0,16.0,4.0,611M1,13.0,22643.0,2101.0
2661847,2661848,35.0,1079045,2,2,13,1,1.0,50.0,1.0,-9.0,4.0,622M,15.0,22643.0,2101.0
2661848,2661849,40.0,1079046,1,1,0,1,1.0,40.0,1.0,16.0,4.0,611M1,13.0,22640.0,2101.0
2661849,2661850,35.0,1079046,2,2,13,1,1.0,50.0,1.0,-9.0,4.0,622M,15.0,22640.0,2101.0
2661850,2661851,35.0,1079047,1,2,0,1,1.0,40.0,1.0,-9.0,4.0,44511,5.0,22646.0,2101.0
2661851,2661852,29.0,1079047,2,1,12,1,1.0,40.0,1.0,-9.0,4.0,44512,5.0,22646.0,2101.0
2661852,2661853,35.0,1079048,1,2,0,1,1.0,40.0,1.0,-9.0,4.0,44511,5.0,22648.0,2101.0
2661853,2661854,29.0,1079048,2,1,12,1,1.0,40.0,1.0,-9.0,4.0,44512,5.0,22648.0,2101.0
2661854,2661855,35.0,1079049,1,2,0,1,1.0,40.0,1.0,-9.0,4.0,44511,5.0,22640.0,2101.0
2661855,2661856,29.0,1079049,2,1,12,1,1.0,40.0,1.0,-9.0,4.0,44512,5.0,22640.0,2101.0
2661856,2661857,35.0,1079050,1,2,0,1,1.0,40.0,1.0,-9.0,4.0,44511,5.0,22654.0,2102.0
2661857,2661858,29.0,1079050,2,1,12,1,1.0,40.0,1.0,-9.0,4.0,44512,5.0,22654.0,2102.0
2661858,2661859,35.0,1079051,1,2,0,1,1.0,40.0,1.0,-9.0,4.0,44511,5.0,22639.0,2101.0
2661859,2661860,29.0,1079051,2,1,12,1,1.0,40.0,1.0,-9.0,4.0,44512,5.0,22639.0,2101.0
2661860,2661861,35.0,1079052,1,2,0,1,1.0,40.0,1.0,-9.0,4.0,44511,5.0,22645.0,2101.0
2661861,2661862,29.0,1079052,2,1,12,1,1.0,40.0,1.0,-9.0,4.0,44512,5.0,22645.0,2101.0
2661862,2661863,35.0,1079053,1,2,0,1,1.0,40.0,1.0,-9.0,4.0,44511,5.0,22648.0,2101.0
2661863,2661864,29.0,1079053,2,1,12,1,1.0,40.0,1.0,-9.0,4.0,44512,5.0,22648.0,2101.0
2661864,2661865,28.0,1079054,1,1,0,1,1.0,40.0,1.0,-9.0,4.0,3231,3.0,22648.0,2101.0
2661865,2661866,24.0,1079054,2,2,13,1,1.0,40.0,1.0,-9.0,4.0,3231,3.0,22648.0,2101.0
2661866,2661867,28.0,1079055,1,1,0,1,1.0,40.0,1.0,-9.0,4.0,3231,3.0,22648.0,2101.0
2661867,2661868,24.0,1079055,2,2,13,1,1.0,40.0,1.0,-9.0,4.0,3231,3.0,22648.0,2101.0
2661868,2661869,28.0,1079056,1,1,0,1,1.0,40.0,1.0,-9.0,4.0,3231,3.0,22639.0,2101.0
2661869,2661870,24.0,1079056,2,2,13,1,1.0,40.0,1.0,-9.0,4.0,3231,3.0,22639.0,2101.0
2661870,2661871,28.0,1079057,1,1,0,1,1.0,40.0,1.0,-9.0,4.0,3231,3.0,22646.0,2101.0
2661871,2661872,24.0,1079057,2,2,13,1,1.0,40.0,1.0,-9.0,4.0,3231,3.0,22646.0,2101.0
2661872,2661873,28.0,1079058,1,1,0,1,1.0,40.0,1.0,-9.0,4.0,3231,3.0,22640.0,2101.0
2661873,2661874,24.0,1079058,2,2,13,1,1.0,40.0,1.0,-9.0,4.0,3231,3.0,22640.0,2101.0
2661874,2661875,28.0,1079059,1,1,0,1,1.0,40.0,1.0,-9.0,4.0,3231,3.0,22647.0,2101.0
2661875,2661876,24.0,1079059,2,2,13,1,1.0,40.0,1.0,-9.0,4.0,3231,3.0,22647.0,2101.0
2661876,2661877,28.0,1079060,1,1,0,1,1.0,40.0,1.0,-9.0,4.0,3231,3.0,22647.0,2101.0
2661877,2661878,24.0,1079060,2,2,13,1,1.0,40.0,1.0,-9.0,4.0,3231,3.0,22647.0,2101.0
2661878,2661879,28.0,1079061,1,1,0,1,1.0,40.0,1.0,-9.0,4.0,3231,3.0,22643.0,2101.0
2661879,2661880,24.0,1079061,2,2,13,1,1.0,40.0,1.0,-9.0,4.0,3231,3.0,22643.0,2101.0
2661880,2661881,28.0,1079062,1,1,0,1,1.0,40.0,1.0,-9.0,4.0,3231,3.0,22647.0,2101.0
2661881,2661882,24.0,1079062,2,2,13,1,1.0,40.0,1.0,-9.0,4.0,3231,3.0,22647.0,2101.0
2661882,2661883,28.0,1079063,1,1,0,1,1.0,40.0,1.0,-9.0,4.0,3231,3.0,22643.0,2101.0
2661883,2661884,24.0,1079063,2,2,13,1,1.0,40.0,1.0,-9.0,4.0,3231,3.0,22643.0,2101.0
2661884,2661885,28.0,1079064,1,1,0,1,1.0,40.0,1.0,-9.0,4.0,3231,3.0,22639.0,2101.0
2661885,2661886,24.0,1079064,2,2,13,1,1.0,40.0,1.0,-9.0,4.0,3231,3.0,22639.0,2101.0
2661886,2661887,28.0,1079065,1,1,0,1,1.0,40.0,1.0,-9.0,4.0,3231,3.0,22640.0,2101.0
2661887,2661888,24.0,1079065,2,2,13,1,1.0,40.0,1.0,-9.0,4.0,3231,3.0,22640.0,2101.0
2661888,2661889,28.0,1079066,1,1,0,1,1.0,40.0,1.0,-9.0,4.0,3231,3.0,22645.0,2101.0
2661889,2661890,24.0,1079066,2,2,13,1,1.0,40.0,1.0,-9.0,4.0,3231,3.0,22645.0,2101.0
2661890,2661891,28.0,1079067,1,1,0,1,1.0,40.0,1.0,-9.0,4.0,3231,3.0,22644.0,2101.0
2661891,2661892,24.0,1079067,2,2,13,1,1.0,40.0,1.0,-9.0,4.0,3231,3.0,22644.0,2101.0
2661892,2661893,43.0,1079068,1,2,0,1,1.0,40.0,1.0,-9.0,4.0,336M,3.0,22645.0,2101.0
2661893,2661894,28.0,1079069,1,2,0,1,1.0,45.0,1.0,-9.0,4.0,5417,10.0,22648.0,2101.0
2661894,2661895,35.0,1079069,2,1,1,1,1.0,40.0,1.0,-9.0,4.0,5413,10.0,22648.0,2101.0
2661895,2661896,28.0,1079070,1,2,0,1,1.0,45.0,1.0,-9.0,4.0,5417,10.0,22643.0,2101.0
2661896,2661897,35.0,1079070,2,1,1,1,1.0,40.0,1.0,-9.0,4.0,5413,10.0,22643.0,2101.0
2661897,2661898,28.0,1079071,1,2,0,1,1.0,45.0,1.0,-9.0,4.0,5417,10.0,22646.0,2101.0
2661898,2661899,35.0,1079071,2,1,1,1,1.0,40.0,1.0,-9.0,4.0,5413,10.0,22646.0,2101.0
2661899,2661900,43.0,1079072,1,1,0,1,1.0,50.0,1.0,-9.0,4.0,713Z,16.0,22654.0,2102.0
2661900,2661901,31.0,1079073,1,1,0,1,1.0,40.0,1.0,-9.0,4.0,5413,10.0,22648.0,2101.0
2661901,2661902,27.0,1079074,1,1,0,1,1.0,40.0,1.0,16.0,4.0,336M,3.0,22639.0,2101.0
2661902,2661903,33.0,1079075,1,1,0,1,1.0,40.0,1.0,-9.0,4.0,5412,10.0,22647.0,2101.0
2661903,2661904,27.0,1079076,1,1,0,1,1.0,50.0,1.0,-9.0,4.0,336M,3.0,22654.0,2102.0
2661904,2661905,40.0,1079077,1,1,0,1,1.0,45.0,1.0,-9.0,4.0,336M,3.0,22643.0,2101.0
2661905,2661906,33.0,1079078,1,2,0,1,1.0,30.0,1.0,-9.0,4.0,722Z,16.0,22645.0,2101.0
2661906,2661907,26.0,1079078,2,2,12,1,1.0,35.0,2.0,-9.0,4.0,722Z,16.0,22645.0,2101.0
2661907,2661908,38.0,1079079,1,2,0,1,1.0,36.0,1.0,-9.0,4.0,622M,15.0,22645.0,2101.0
2661908,2661909,44.0,1079080,1,1,0,1,1.0,40.0,1.0,-9.0,4.0,5616,12.0,22648.0,2101.0
2661909,2661910,44.0,1079081,1,1,0,1,1.0,40.0,1.0,-9.0,4.0,5616,12.0,22640.0,2101.0
2661910,2661911,44.0,1079082,1,1,0,1,1.0,40.0,1.0,-9.0,4.0,5616,12.0,22643.0,2101.0
2661911,2661912,44.0,1079083,1,1,0,1,1.0,40.0,1.0,-9.0,4.0,5616,12.0,22644.0,2101.0
2661912,2661913,44.0,1079084,1,1,0,1,1.0,40.0,1.0,-9.0,4.0,5616,12.0,22654.0,2102.0
2661913,2661914,44.0,1079085,1,1,0,1,1.0,40.0,1.0,-9.0,4.0,5616,12.0,22654.0,2102.0
2661914,2661915,44.0,1079086,1,1,0,1,1.0,40.0,1.0,-9.0,4.0,5616,12.0,22640.0,2101.0
2661915,2661916,44.0,1079087,1,1,0,1,1.0,40.0,1.0,-9.0,4.0,5616,12.0,22648.0,2101.0
2661916,2661917,44.0,1079088,1,1,0,1,1.0,40.0,1.0,-9.0,4.0,5616,12.0,22646.0,2101.0
2661917,2661918,44.0,1079089,1,1,0,1,1.0,40.0,1.0,-9.0,4.0,5616,12.0,22647.0,2101.0
2661918,2661919,44.0,1079090,1,1,0,1,1.0,40.0,1.0,-9.0,4.0,5616,12.0,22643.0,2101.0
2661919,2661920,29.0,1079091,1,2,0,1,1.0,40.0,1.0,-9.0,4.0,5416,10.0,22648.0,2101.0
2661920,2661921,29.0,1079092,1,2,0,1,1.0,40.0,1.0,-9.0,4.0,5416,10.0,22644.0,2101.0
2661921,2661922,31.0,1079093,1,1,0,1,1.0,50.0,1.0,-9.0,4.0,7211,16.0,22648.0,2101.0
2661922,2661923,31.0,1079094,1,1,0,1,1.0,50.0,1.0,-9.0,4.0,7211,16.0,22639.0,2101.0
2661923,2661924,26.0,1079095,1,1,0,1,1.0,40.0,1.0,-9.0,4.0,5412,10.0,22640.0,2101.0
2661924,2661925,26.0,1079096,1,1,0,1,1.0,40.0,1.0,-9.0,4.0,5412,10.0,22654.0,2102.0
2661925,2661926,26.0,1079097,1,1,0,1,1.0,40.0,1.0,-9.0,4.0,5412,10.0,22645.0,2101.0
2661926,2661927,29.0,1079098,1,1,0,1,1.0,40.0,1.0,-9.0,4.0,5417,10.0,22654.0,2102.0
2661927,2661928,29.0,1079099,1,1,0,1,1.0,40.0,1.0,-9.0,4.0,5417,10.0,22648.0,2101.0
2661928,2661929,26.0,1079100,1,1,0,1,1.0,40.0,1.0,-9.0,4.0,5412,10.0,22647.0,2101.0
2661929,2661930,25.0,1079101,1,1,0,1,1.0,40.0,1.0,16.0,4.0,5241,9.0,22643.0,2101.0
2661930,2661931,39.0,1079102,1,1,0,1,1.0,40.0,1.0,-9.0,4.0,4523,5.0,22644.0,2101.0
2661931,2661932,33.0,1079103,1,1,0,1,1.0,38.0,1.0,-9.0,4.0,111,1.0,22639.0,2101.0
2661932,2661933,33.0,1079104,1,1,0,1,1.0,38.0,1.0,-9.0,4.0,111,1.0,22646.0,2101.0
2661933,2661934,33.0,1079105,1,1,0,1,1.0,38.0,1.0,-9.0,4.0,111,1.0,22647.0,2101.0
2661934,2661935,33.0,1079106,1,1,0,1,1.0,38.0,1.0,-9.0,4.0,111,1.0,22654.0,2102.0
2661935,2661936,28.0,1079107,1,2,0,1,1.0,40.0,1.0,-9.0,4.0,5418,10.0,22646.0,2101.0
2661936,2661937,28.0,1079108,1,2,0,1,1.0,40.0,1.0,-9.0,4.0,5418,10.0,22644.0,2101.0
2661937,2661938,30.0,1079109,1,2,0,1,1.0,40.0,1.0,-9.0,4.0,5413,10.0,22654.0,2102.0
2661938,2661939,37.0,1079110,1,2,0,1,1.0,40.0,1.0,-9.0,4.0,5418,10.0,22639.0,2101.0
2661939,2661940,28.0,1079111,1,2,0,1,1.0,40.0,1.0,-9.0,4.0,5418,10.0,22643.0,2101.0
2661940,2661941,37.0,1079112,1,2,0,1,1.0,40.0,1.0,-9.0,4.0,5418,10.0,22654.0,2102.0
2661941,2661942,29.0,1079113,1,1,0,1,1.0,40.0,3.0,-9.0,2.0,622M,15.0,22648.0,2101.0
2661942,2661943,35.0,1079114,1,2,0,1,1.0,40.0,1.0,-9.0,4.0,722Z,16.0,22648.0,2101.0
2661943,2661944,35.0,1079115,1,2,0,1,1.0,40.0,1.0,-9.0,4.0,722Z,16.0,22654.0,2102.0
2661944,2661945,26.0,1079116,1,2,0,1,2.0,24.0,3.0,-9.0,4.0,4523,5.0,22643.0,2101.0
2661945,2661946,35.0,1079117,1,2,0,1,1.0,35.0,2.0,-9.0,4.0,3121,3.0,22640.0,2101.0
2661946,2661947,35.0,1079118,1,2,0,1,1.0,35.0,2.0,-9.0,4.0,3121,3.0,22647.0,2101.0
2661947,2661948,35.0,1079119,1,2,0,1,1.0,35.0,2.0,-9.0,4.0,3121,3.0,22640.0,2101.0
2661948,2661949,35.0,1079120,1,2,0,1,1.0,35.0,2.0,-9.0,4.0,3121,3.0,22646.0,2101.0
2661949,2661950,32.0,1079121,1,1,0,1,1.0,47.0,1.0,-9.0,4.0,3115,3.0,22654.0,2102.0
2661950,2661951,42.0,1079122,1,2,0,1,1.0,32.0,1.0,-9.0,4.0,44511,5.0,22648.0,2101.0
2661951,2661952,44.0,1079123,1,1,0,1,1.0,40.0,1.0,-9.0,2.0,52M2,9.0,22648.0,2101.0
2661952,2661953,43.0,1079123,2,2,1,1,1.0,10.0,5.0,-9.0,4.0,52M2,9.0,22648.0,2101.0
2661953,2661954,6.0,1079123,3,1,2,1,-9.0,-9.0,-9.0,3.0,-9.0,-9,0.0,22648.0,2101.0
2661954,2661955,42.0,1079124,1,1,0,1,1.0,45.0,2.0,-9.0,4.0,56173,12.0,22648.0,2101.0
2661955,2661956,10.0,1079124,2,2,2,1,-9.0,-9.0,-9.0,7.0,-9.0,-9,0.0,22648.0,2101.0
2661956,2661957,8.0,1079124,3,1,2,1,-9.0,-9.0,-9.0,5.0,-9.0,-9,0.0,22648.0,2101.0
2661957,2661958,35.0,1079124,4,2,13,1,1.0,43.0,1.0,-9.0,4.0,5415,10.0,22648.0,2101.0
2661958,2661959,32.0,1079125,1,2,0,1,1.0,20.0,5.0,16.0,4.0,611M1,13.0,22648.0,2101.0
2661959,2661960,32.0,1079125,2,1,1,1,1.0,45.0,1.0,-9.0,4.0,6242,14.0,22648.0,2101.0
2661960,2661961,2.0,1079125,3,2,2,1,-9.0,-9.0,-9.0,-9.0,-9.0,-9,0.0,22648.0,2101.0
2661961,2661962,44.0,1079126,1,1,0,1,1.0,45.0,1.0,-9.0,4.0,8111Z,17.0,22640.0,2101.0
2661962,2661963,31.0,1079126,2,2,1,1,6.0,-9.0,-9.0,-9.0,4.0,-9,0.0,22640.0,2101.0
2661963,2661964,4.0,1079126,3,1,2,1,-9.0,-9.0,-9.0,2.0,-9.0,-9,0.0,22640.0,2101.0
2661964,2661965,2.0,1079126,4,1,2,1,-9.0,-9.0,-9.0,-9.0,-9.0,-9,0.0,22640.0,2101.0
2661965,2661966,44.0,1079127,1,1,0,1,1.0,45.0,1.0,-9.0,4.0,8111Z,17.0,22643.0,2101.0
2661966,2661967,31.0,1079127,2,2,1,1,6.0,-9.0,-9.0,-9.0,4.0,-9,0.0,22643.0,2101.0
2661967,2661968,4.0,1079127,3,1,2,1,-9.0,-9.0,-9.0,2.0,-9.0,-9,0.0,22643.0,2101.0
2661968,2661969,2.0,1079127,4,1,2,1,-9.0,-9.0,-9.0,-9.0,-9.0,-9,0.0,22643.0,2101.0
2661969,2661970,41.0,1079128,1,2,0,1,1.0,46.0,1.0,-9.0,4.0,336M,3.0,22643.0,2101.0
2661970,2661971,16.0,1079128,2,1,2,1,6.0,-9.0,-9.0,11.0,-9.0,-9,0.0,22643.0,2101.0
2661971,2661972,35.0,1079129,1,2,0,1,1.0,45.0,1.0,-9.0,4.0,44511,5.0,22648.0,2101.0
2661972,2661973,16.0,1079129,2,2,2,1,1.0,15.0,6.0,12.0,-9.0,44511,5.0,22648.0,2101.0
2661973,2661974,35.0,1079130,1,2,0,1,1.0,45.0,1.0,-9.0,4.0,44511,5.0,22654.0,2102.0
2661974,2661975,16.0,1079130,2,2,2,1,1.0,15.0,6.0,12.0,-9.0,44511,5.0,22654.0,2102.0
2661975,2661976,35.0,1079131,1,2,0,1,1.0,45.0,1.0,-9.0,4.0,44511,5.0,22639.0,2101.0
2661976,2661977,16.0,1079131,2,2,2,1,1.0,15.0,6.0,12.0,-9.0,44511,5.0,22639.0,2101.0
2661977,2661978,35.0,1079132,1,2,0,1,1.0,45.0,1.0,-9.0,4.0,44511,5.0,22640.0,2101.0
2661978,2661979,16.0,1079132,2,2,2,1,1.0,15.0,6.0,12.0,-9.0,44511,5.0,22640.0,2101.0
2661979,2661980,35.0,1079133,1,2,0,1,1.0,45.0,1.0,-9.0,4.0,44511,5.0,22639.0,2101.0
2661980,2661981,16.0,1079133,2,2,2,1,1.0,15.0,6.0,12.0,-9.0,44511,5.0,22639.0,2101.0
2661981,2661982,40.0,1079134,1,1,0,1,1.0,50.0,1.0,-9.0,4.0,336M,3.0,22646.0,2101.0
2661982,2661983,36.0,1079134,2,2,1,1,6.0,-9.0,-9.0,-9.0,4.0,-9,0.0,22646.0,2101.0
2661983,2661984,6.0,1079134,3,1,2,1,-9.0,-9.0,-9.0,2.0,-9.0,-9,0.0,22646.0,2101.0
2661984,2661985,4.0,1079134,4,1,2,1,-9.0,-9.0,-9.0,1.0,-9.0,-9,0.0,22646.0,2101.0
2661985,2661986,41.0,1079135,1,1,0,1,6.0,-9.0,-9.0,15.0,4.0,-9,0.0,22643.0,2101.0
2661986,2661987,31.0,1079135,2,2,1,1,6.0,-9.0,-9.0,15.0,4.0,-9,0.0,22643.0,2101.0
2661987,2661988,6.0,1079135,3,2,2,1,-9.0,-9.0,-9.0,3.0,-9.0,-9,0.0,22643.0,2101.0
2661988,2661989,2.0,1079135,4,1,2,1,-9.0,-9.0,-9.0,-9.0,-9.0,-9,0.0,22643.0,2101.0
2661989,2661990,28.0,1079136,1,2,0,1,6.0,-9.0,-9.0,-9.0,4.0,-9,0.0,22648.0,2101.0
2661990,2661991,0.0,1079136,2,1,15,1,-9.0,-9.0,-9.0,-9.0,-9.0,-9,0.0,22648.0,2101.0
2661991,2661992,28.0,1079137,1,2,0,1,6.0,-9.0,-9.0,-9.0,4.0,-9,0.0,22639.0,2101.0
2661992,2661993,0.0,1079137,2,1,15,1,-9.0,-9.0,-9.0,-9.0,-9.0,-9,0.0,22639.0,2101.0
2661993,2661994,28.0,1079138,1,2,0,1,6.0,-9.0,-9.0,-9.0,4.0,-9,0.0,22639.0,2101.0
2661994,2661995,0.0,1079138,2,1,15,1,-9.0,-9.0,-9.0,-9.0,-9.0,-9,0.0,22639.0,2101.0
2661995,2661996,28.0,1079139,1,2,0,1,6.0,-9.0,-9.0,-9.0,4.0,-9,0.0,22643.0,2101.0
2661996,2661997,0.0,1079139,2,1,15,1,-9.0,-9.0,-9.0,-9.0,-9.0,-9,0.0,22643.0,2101.0
2661997,2661998,37.0,1079140,1,1,0,1,1.0,40.0,1.0,-9.0,4.0,8121M,17.0,22646.0,2101.0
2661998,2661999,6.0,1079140,2,1,2,1,-9.0,-9.0,-9.0,3.0,-9.0,-9,0.0,22646.0,2101.0
2661999,2662000,37.0,1079141,1,1,0,1,1.0,40.0,1.0,-9.0,4.0,8121M,17.0,22640.0,2101.0
2662000,2662001,6.0,1079141,2,1,2,1,-9.0,-9.0,-9.0,3.0,-9.0,-9,0.0,22640.0,2101.0
2662001,2662002,36.0,1079142,1,1,0,1,1.0,40.0,1.0,-9.0,4.0,4441Z,5.0,22639.0,2101.0
2662002,2662003,7.0,1079142,2,2,2,1,-9.0,-9.0,-9.0,4.0,-9.0,-9,0.0,22639.0,2101.0
2662003,2662004,36.0,1079143,1,1,0,1,1.0,40.0,1.0,-9.0,4.0,4441Z,5.0,22643.0,2101.0
2662004,2662005,7.0,1079143,2,2,2,1,-9.0,-9.0,-9.0,4.0,-9.0,-9,0.0,22643.0,2101.0
2662005,2662006,44.0,1079144,1,2,0,1,6.0,-9.0,-9.0,-9.0,4.0,-9,0.0,22645.0,2101.0
2662006,2662007,14.0,1079144,2,1,2,1,-9.0,-9.0,-9.0,10.0,-9.0,-9,0.0,22645.0,2101.0
2662007,2662008,9.0,1079144,3,2,2,1,-9.0,-9.0,-9.0,6.0,-9.0,-9,0.0,22645.0,2101.0
2662008,2662009,4.0,1079144,4,1,2,1,-9.0,-9.0,-9.0,-9.0,-9.0,-9,0.0,22645.0,2101.0
2662009,2662010,42.0,1079145,1,1,0,1,6.0,-9.0,-9.0,-9.0,4.0,-9,0.0,22643.0,2101.0
2662010,2662011,15.0,1079145,2,1,15,1,-9.0,-9.0,-9.0,13.0,-9.0,-9,0.0,22643.0,2101.0
2662011,2662012,13.0,1079145,3,1,15,1,-9.0,-9.0,-9.0,10.0,-9.0,-9,0.0,22643.0,2101.0
2664682,2664683,65.0,1080348,1,2,0,4,6.0,-9.0,-9.0,-9.0,4.0,-9,0.0,22664.0,2103.0
2664683,2664684,78.0,1080349,1,2,0,4,6.0,-9.0,-9.0,-9.0,4.0,-9,0.0,22663.0,2103.0
2664684,2664685,90.0,1080350,1,1,0,1,6.0,-9.0,-9.0,-9.0,3.0,-9,0.0,22665.0,2103.0
2664685,2664686,86.0,1080350,2,2,1,1,6.0,-9.0,-9.0,-9.0,4.0,-9,0.0,22665.0,2103.0
2664686,2664687,56.0,1080350,3,1,2,1,1.0,40.0,1.0,-9.0,4.0,4238,4.0,22665.0,2103.0
2664687,2664688,67.0,1080351,1,1,0,1,6.0,-9.0,-9.0,-9.0,4.0,-9,0.0,22660.0,2103.0
2664688,2664689,71.0,1080351,2,2,1,1,6.0,-9.0,-9.0,-9.0,4.0,-9,0.0,22660.0,2103.0
2664689,2664690,69.0,1080352,1,2,0,1,6.0,-9.0,-9.0,-9.0,4.0,-9,0.0,22665.0,2103.0
2664690,2664691,71.0,1080352,2,1,1,1,6.0,-9.0,-9.0,-9.0,2.0,-9,0.0,22665.0,2103.0
2664691,2664692,65.0,1080353,1,2,0,1,1.0,40.0,1.0,-9.0,4.0,5241,9.0,22665.0,2103.0
2664692,2664693,74.0,1080354,1,2,0,1,6.0,-9.0,-9.0,-9.0,4.0,-9,0.0,22665.0,2103.0
2664693,2664694,73.0,1080355,1,2,0,1,6.0,-9.0,-9.0,-9.0,4.0,-9,0.0,22666.0,2103.0
2664694,2664695,85.0,1080355,2,1,1,1,6.0,-9.0,-9.0,-9.0,2.0,-9,0.0,22666.0,2103.0
2664695,2664696,73.0,1080356,1,2,0,1,6.0,-9.0,-9.0,-9.0,4.0,-9,0.0,22665.0,2103.0
2664696,2664697,85.0,1080356,2,1,1,1,6.0,-9.0,-9.0,-9.0,2.0,-9,0.0,22665.0,2103.0
2664697,2664698,73.0,1080357,1,2,0,1,6.0,-9.0,-9.0,-9.0,4.0,-9,0.0,22665.0,2103.0
2664698,2664699,85.0,1080357,2,1,1,1,6.0,-9.0,-9.0,-9.0,2.0,-9,0.0,22665.0,2103.0
2664699,2664700,74.0,1080358,1,1,0,1,1.0,20.0,1.0,-9.0,4.0,531M,9.0,22665.0,2103.0
2664700,2664701,76.0,1080358,2,2,1,1,6.0,-9.0,-9.0,-9.0,4.0,-9,0.0,22665.0,2103.0
2664701,2664702,74.0,1080359,1,1,0,1,1.0,20.0,1.0,-9.0,4.0,531M,9.0,22665.0,2103.0
2664702,2664703,76.0,1080359,2,2,1,1,6.0,-9.0,-9.0,-9.0,4.0,-9,0.0,22665.0,2103.0
2664703,2664704,74.0,1080360,1,1,0,1,1.0,20.0,1.0,-9.0,4.0,531M,9.0,22665.0,2103.0
2664704,2664705,76.0,1080360,2,2,1,1,6.0,-9.0,-9.0,-9.0,4.0,-9,0.0,22665.0,2103.0
2664705,2664706,74.0,1080361,1,1,0,1,1.0,20.0,1.0,-9.0,4.0,531M,9.0,22662.0,2103.0
2664706,2664707,76.0,1080361,2,2,1,1,6.0,-9.0,-9.0,-9.0,4.0,-9,0.0,22662.0,2103.0
2664707,2664708,74.0,1080362,1,1,0,1,1.0,20.0,1.0,-9.0,4.0,531M,9.0,22665.0,2103.0
2664708,2664709,76.0,1080362,2,2,1,1,6.0,-9.0,-9.0,-9.0,4.0,-9,0.0,22665.0,2103.0
2664709,2664710,74.0,1080363,1,1,0,1,1.0,20.0,1.0,-9.0,4.0,531M,9.0,22665.0,2103.0
2664710,2664711,76.0,1080363,2,2,1,1,6.0,-9.0,-9.0,-9.0,4.0,-9,0.0,22665.0,2103.0
2664711,2664712,74.0,1080364,1,1,0,1,1.0,20.0,1.0,-9.0,4.0,531M,9.0,22665.0,2103.0
2664712,2664713,76.0,1080364,2,2,1,1,6.0,-9.0,-9.0,-9.0,4.0,-9,0.0,22665.0,2103.0
2664713,2664714,74.0,1080365,1,1,0,1,1.0,20.0,1.0,-9.0,4.0,531M,9.0,22663.0,2103.0
2664714,2664715,76.0,1080365,2,2,1,1,6.0,-9.0,-9.0,-9.0,4.0,-9,0.0,22663.0,2103.0
2664715,2664716,74.0,1080366,1,1,0,1,1.0,20.0,1.0,-9.0,4.0,531M,9.0,22661.0,2103.0
2664716,2664717,76.0,1080366,2,2,1,1,6.0,-9.0,-9.0,-9.0,4.0,-9,0.0,22661.0,2103.0
2664717,2664718,74.0,1080367,1,1,0,1,1.0,20.0,1.0,-9.0,4.0,531M,9.0,22665.0,2103.0
2664718,2664719,76.0,1080367,2,2,1,1,6.0,-9.0,-9.0,-9.0,4.0,-9,0.0,22665.0,2103.0
2664719,2664720,74.0,1080368,1,1,0,1,1.0,20.0,1.0,-9.0,4.0,531M,9.0,22665.0,2103.0
2664720,2664721,76.0,1080368,2,2,1,1,6.0,-9.0,-9.0,-9.0,4.0,-9,0.0,22665.0,2103.0
2664721,2664722,74.0,1080369,1,1,0,1,1.0,20.0,1.0,-9.0,4.0,531M,9.0,22662.0,2103.0
2664722,2664723,76.0,1080369,2,2,1,1,6.0,-9.0,-9.0,-9.0,4.0,-9,0.0,22662.0,2103.0
2664723,2664724,74.0,1080370,1,1,0,1,1.0,20.0,1.0,-9.0,4.0,531M,9.0,22665.0,2103.0
2664724,2664725,76.0,1080370,2,2,1,1,6.0,-9.0,-9.0,-9.0,4.0,-9,0.0,22665.0,2103.0
2664725,2664726,74.0,1080371,1,1,0,1,1.0,20.0,1.0,-9.0,4.0,531M,9.0,22665.0,2103.0
2664726,2664727,76.0,1080371,2,2,1,1,6.0,-9.0,-9.0,-9.0,4.0,-9,0.0,22665.0,2103.0
2664727,2664728,67.0,1080372,1,2,0,1,6.0,-9.0,-9.0,-9.0,4.0,-9,0.0,22665.0,2103.0
2664728,2664729,75.0,1080372,2,1,1,1,6.0,-9.0,-9.0,-9.0,2.0,-9,0.0,22665.0,2103.0
2664729,2664730,69.0,1080373,1,1,0,1,6.0,-9.0,-9.0,-9.0,4.0,-9,0.0,22662.0,2103.0
2664730,2664731,69.0,1080373,2,2,1,1,6.0,-9.0,-9.0,-9.0,4.0,-9,0.0,22662.0,2103.0
2664731,2664732,69.0,1080374,1,1,0,1,6.0,-9.0,-9.0,-9.0,4.0,-9,0.0,22661.0,2103.0
2664732,2664733,69.0,1080374,2,2,1,1,6.0,-9.0,-9.0,-9.0,4.0,-9,0.0,22661.0,2103.0
2664733,2664734,69.0,1080375,1,1,0,1,6.0,-9.0,-9.0,-9.0,4.0,-9,0.0,22664.0,2103.0
2664734,2664735,69.0,1080375,2,2,1,1,6.0,-9.0,-9.0,-9.0,4.0,-9,0.0,22664.0,2103.0
2664735,2664736,67.0,1080376,1,2,0,1,6.0,-9.0,-9.0,-9.0,4.0,-9,0.0,22661.0,2103.0
2664736,2664737,75.0,1080376,2,1,1,1,6.0,-9.0,-9.0,-9.0,2.0,-9,0.0,22661.0,2103.0
2664737,2664738,69.0,1080377,1,1,0,1,6.0,-9.0,-9.0,-9.0,4.0,-9,0.0,22665.0,2103.0
2664738,2664739,69.0,1080377,2,2,1,1,6.0,-9.0,-9.0,-9.0,4.0,-9,0.0,22665.0,2103.0
2664739,2664740,82.0,1080378,1,1,0,1,6.0,-9.0,-9.0,-9.0,4.0,-9,0.0,22663.0,2103.0
2664740,2664741,80.0,1080378,2,2,1,1,6.0,-9.0,-9.0,-9.0,4.0,-9,0.0,22663.0,2103.0
2664741,2664742,69.0,1080379,1,1,0,1,6.0,-9.0,-9.0,-9.0,4.0,-9,0.0,22665.0,2103.0
2664742,2664743,69.0,1080379,2,2,1,1,6.0,-9.0,-9.0,-9.0,4.0,-9,0.0,22665.0,2103.0
2664743,2664744,82.0,1080380,1,1,0,1,6.0,-9.0,-9.0,-9.0,4.0,-9,0.0,22665.0,2103.0
2664744,2664745,80.0,1080380,2,2,1,1,6.0,-9.0,-9.0,-9.0,4.0,-9,0.0,22665.0,2103.0
2664745,2664746,82.0,1080381,1,1,0,1,6.0,-9.0,-9.0,-9.0,4.0,-9,0.0,22662.0,2103.0
2664746,2664747,80.0,1080381,2,2,1,1,6.0,-9.0,-9.0,-9.0,4.0,-9,0.0,22662.0,2103.0
2664747,2664748,69.0,1080382,1,1,0,1,6.0,-9.0,-9.0,-9.0,4.0,-9,0.0,22665.0,2103.0
2664748,2664749,69.0,1080382,2,2,1,1,6.0,-9.0,-9.0,-9.0,4.0,-9,0.0,22665.0,2103.0
2664749,2664750,73.0,1080383,1,2,0,1,6.0,-9.0,-9.0,-9.0,4.0,-9,0.0,22662.0,2103.0
2664750,2664751,82.0,1080384,1,1,0,1,6.0,-9.0,-9.0,-9.0,3.0,-9,0.0,22661.0,2103.0
2664751,2664752,80.0,1080385,1,2,0,1,1.0,2.0,3.0,-9.0,4.0,4511M,5.0,22665.0,2103.0
2664752,2664753,81.0,1080386,1,2,0,1,1.0,2.0,3.0,-9.0,4.0,44821,5.0,22665.0,2103.0
2664753,2664754,90.0,1080387,1,1,0,1,6.0,-9.0,-9.0,-9.0,2.0,-9,0.0,22665.0,2103.0
2664754,2664755,89.0,1080387,2,2,1,1,6.0,-9.0,-9.0,-9.0,4.0,-9,0.0,22665.0,2103.0
2664755,2664756,94.0,1080388,1,1,0,1,6.0,-9.0,-9.0,-9.0,2.0,-9,0.0,22665.0,2103.0
2664756,2664757,94.0,1080388,2,2,1,1,6.0,-9.0,-9.0,-9.0,4.0,-9,0.0,22665.0,2103.0
2664757,2664758,94.0,1080389,1,1,0,1,6.0,-9.0,-9.0,-9.0,2.0,-9,0.0,22660.0,2103.0
2664758,2664759,94.0,1080389,2,2,1,1,6.0,-9.0,-9.0,-9.0,4.0,-9,0.0,22660.0,2103.0
2664759,2664760,90.0,1080390,1,1,0,1,6.0,-9.0,-9.0,-9.0,2.0,-9,0.0,22665.0,2103.0
2664760,2664761,89.0,1080390,2,2,1,1,6.0,-9.0,-9.0,-9.0,4.0,-9,0.0,22665.0,2103.0
2664761,2664762,85.0,1080391,1,1,0,1,6.0,-9.0,-9.0,-9.0,4.0,-9,0.0,22662.0,2103.0
2664762,2664763,82.0,1080391,2,2,1,1,6.0,-9.0,-9.0,-9.0,4.0,-9,0.0,22662.0,2103.0
2664763,2664764,85.0,1080392,1,1,0,1,6.0,-9.0,-9.0,-9.0,4.0,-9,0.0,22664.0,2103.0
2664764,2664765,82.0,1080392,2,2,1,1,6.0,-9.0,-9.0,-9.0,4.0,-9,0.0,22664.0,2103.0
2664765,2664766,72.0,1080393,1,2,0,1,6.0,-9.0,-9.0,-9.0,4.0,-9,0.0,22665.0,2103.0
2664766,2664767,82.0,1080393,2,1,1,1,6.0,-9.0,-9.0,-9.0,4.0,-9,0.0,22665.0,2103.0
2664767,2664768,85.0,1080394,1,1,0,1,6.0,-9.0,-9.0,-9.0,4.0,-9,0.0,22660.0,2103.0
2664768,2664769,82.0,1080394,2,2,1,1,6.0,-9.0,-9.0,-9.0,4.0,-9,0.0,22660.0,2103.0
2664769,2664770,85.0,1080395,1,1,0,1,6.0,-9.0,-9.0,-9.0,4.0,-9,0.0,22664.0,2103.0
2664770,2664771,82.0,1080395,2,2,1,1,6.0,-9.0,-9.0,-9.0,4.0,-9,0.0,22664.0,2103.0
2664771,2664772,94.0,1080396,1,2,0,1,6.0,-9.0,-9.0,-9.0,4.0,-9,0.0,22662.0,2103.0
2664772,2664773,67.0,1080397,1,2,0,1,6.0,-9.0,-9.0,-9.0,4.0,-9,0.0,22661.0,2103.0
2664773,2664774,73.0,1080398,1,2,0,1,6.0,-9.0,-9.0,-9.0,4.0,-9,0.0,22665.0,2103.0
2664774,2664775,78.0,1080399,1,2,0,1,6.0,-9.0,-9.0,-9.0,4.0,-9,0.0,22665.0,2103.0
2664775,2664776,83.0,1080400,1,2,0,1,6.0,-9.0,-9.0,-9.0,4.0,-9,0.0,22661.0,2103.0
2664776,2664777,72.0,1080401,1,2,0,1,6.0,-9.0,-9.0,-9.0,2.0,-9,0.0,22661.0,2103.0
2664777,2664778,82.0,1080402,1,2,0,1,6.0,-9.0,-9.0,-9.0,4.0,-9,0.0,22663.0,2103.0
2664778,2664779,78.0,1080403,1,2,0,1,6.0,-9.0,-9.0,-9.0,4.0,-9,0.0,22665.0,2103.0
2664779,2664780,72.0,1080404,1,2,0,1,6.0,-9.0,-9.0,-9.0,2.0,-9,0.0,22665.0,2103.0
2664780,2664781,72.0,1080405,1,2,0,1,6.0,-9.0,-9.0,-9.0,2.0,-9,0.0,22662.0,2103.0
2664781,2664782,72.0,1080406,1,2,0,1,6.0,-9.0,-9.0,-9.0,2.0,-9,0.0,22664.0,2103.0
2664782,2664783,74.0,1080407,1,2,0,1,6.0,-9.0,-9.0,-9.0,4.0,-9,0.0,22661.0,2103.0
2664783,2664784,69.0,1080408,1,1,0,1,6.0,-9.0,-9.0,-9.0,2.0,-9,0.0,22665.0,2103.0
2664784,2664785,69.0,1080409,1,1,0,1,6.0,-9.0,-9.0,15.0,3.0,-9,0.0,22662.0,2103.0
2664785,2664786,70.0,1080410,1,1,0,1,6.0,-9.0,-9.0,-9.0,4.0,-9,0.0,22665.0,2103.0
2664786,2664787,79.0,1080411,1,1,0,1,6.0,-9.0,-9.0,-9.0,2.0,-9,0.0,22665.0,2103.0
2664787,2664788,77.0,1080411,2,2,1,1,6.0,-9.0,-9.0,-9.0,4.0,-9,0.0,22665.0,2103.0
2664788,2664789,79.0,1080412,1,1,0,1,6.0,-9.0,-9.0,-9.0,2.0,-9,0.0,22660.0,2103.0
2664789,2664790,77.0,1080412,2,2,1,1,6.0,-9.0,-9.0,-9.0,4.0,-9,0.0,22660.0,2103.0
2664790,2664791,79.0,1080413,1,1,0,1,6.0,-9.0,-9.0,-9.0,2.0,-9,0.0,22662.0,2103.0
2664791,2664792,77.0,1080413,2,2,1,1,6.0,-9.0,-9.0,-9.0,4.0,-9,0.0,22662.0,2103.0
2664792,2664793,79.0,1080414,1,1,0,1,6.0,-9.0,-9.0,-9.0,2.0,-9,0.0,22665.0,2103.0
2664793,2664794,77.0,1080414,2,2,1,1,6.0,-9.0,-9.0,-9.0,4.0,-9,0.0,22665.0,2103.0
2664794,2664795,79.0,1080415,1,1,0,1,6.0,-9.0,-9.0,-9.0,2.0,-9,0.0,22664.0,2103.0
2664795,2664796,77.0,1080415,2,2,1,1,6.0,-9.0,-9.0,-9.0,4.0,-9,0.0,22664.0,2103.0
2664796,2664797,87.0,1080416,1,2,0,1,6.0,-9.0,-9.0,-9.0,4.0,-9,0.0,22665.0,2103.0
2664797,2664798,87.0,1080417,1,2,0,1,6.0,-9.0,-9.0,-9.0,4.0,-9,0.0,22665.0,2103.0
2664798,2664799,76.0,1080418,1,1,0,1,2.0,5.0,6.0,-9.0,2.0,56173,12.0,22665.0,2103.0
2664799,2664800,84.0,1080419,1,2,0,1,6.0,-9.0,-9.0,-9.0,4.0,-9,0.0,22665.0,2103.0
2664800,2664801,89.0,1080419,2,1,1,1,6.0,-9.0,-9.0,-9.0,3.0,-9,0.0,22665.0,2103.0
2664801,2664802,65.0,1080420,1,2,0,1,6.0,-9.0,-9.0,-9.0,4.0,-9,0.0,22661.0,2103.0
2664802,2664803,73.0,1080421,1,2,0,1,6.0,-9.0,-9.0,-9.0,4.0,-9,0.0,22666.0,2103.0
2664803,2664804,73.0,1080422,1,2,0,1,6.0,-9.0,-9.0,-9.0,4.0,-9,0.0,22663.0,2103.0
2664804,2664805,86.0,1080423,1,2,0,1,6.0,-9.0,-9.0,-9.0,4.0,-9,0.0,22665.0,2103.0
2664805,2664806,70.0,1080424,1,2,0,1,6.0,-9.0,-9.0,-9.0,4.0,-9,0.0,22665.0,2103.0
2664806,2664807,70.0,1080425,1,2,0,1,6.0,-9.0,-9.0,-9.0,4.0,-9,0.0,22664.0,2103.0
2664807,2664808,65.0,1080426,1,2,0,1,6.0,-9.0,-9.0,-9.0,4.0,-9,0.0,22664.0,2103.0
2664808,2664809,70.0,1080427,1,2,0,1,6.0,-9.0,-9.0,-9.0,4.0,-9,0.0,22665.0,2103.0
2664809,2664810,84.0,1080428,1,2,0,1,6.0,-9.0,-9.0,-9.0,4.0,-9,0.0,22662.0,2103.0
2664810,2664811,79.0,1080429,1,1,0,1,6.0,-9.0,-9.0,-9.0,2.0,-9,0.0,22665.0,2103.0
2664811,2664812,80.0,1080430,1,2,0,1,1.0,15.0,1.0,-9.0,4.0,8131,17.0,22663.0,2103.0
2664812,2664813,83.0,1080431,1,1,0,1,6.0,-9.0,-9.0,-9.0,3.0,-9,0.0,22665.0,2103.0
2664813,2664814,71.0,1080431,2,2,1,1,6.0,-9.0,-9.0,-9.0,4.0,-9,0.0,22665.0,2103.0
2664814,2664815,83.0,1080432,1,1,0,1,6.0,-9.0,-9.0,-9.0,3.0,-9,0.0,22662.0,2103.0
2664815,2664816,71.0,1080432,2,2,1,1,6.0,-9.0,-9.0,-9.0,4.0,-9,0.0,22662.0,2103.0
2664816,2664817,78.0,1080433,1,1,0,1,6.0,-9.0,-9.0,-9.0,4.0,-9,0.0,22665.0,2103.0
2664817,2664818,74.0,1080433,2,2,1,1,6.0,-9.0,-9.0,-9.0,4.0,-9,0.0,22665.0,2103.0
2664818,2664819,83.0,1080434,1,1,0,1,6.0,-9.0,-9.0,-9.0,3.0,-9,0.0,22665.0,2103.0
2664819,2664820,71.0,1080434,2,2,1,1,6.0,-9.0,-9.0,-9.0,4.0,-9,0.0,22665.0,2103.0
2664820,2664821,78.0,1080435,1,2,0,1,6.0,-9.0,-9.0,-9.0,4.0,-9,0.0,22663.0,2103.0
2664821,2664822,80.0,1080435,2,1,1,1,6.0,-9.0,-9.0,-9.0,3.0,-9,0.0,22663.0,2103.0
2664822,2664823,89.0,1080436,1,2,0,1,6.0,-9.0,-9.0,-9.0,4.0,-9,0.0,22665.0,2103.0
2664823,2664824,87.0,1080437,1,2,0,1,6.0,-9.0,-9.0,-9.0,4.0,-9,0.0,22663.0,2103.0
2664824,2664825,85.0,1080438,1,2,0,1,6.0,-9.0,-9.0,-9.0,4.0,-9,0.0,22664.0,2103.0
2664825,2664826,68.0,1080439,1,2,0,1,6.0,-9.0,-9.0,-9.0,4.0,-9,0.0,22665.0,2103.0
2664826,2664827,85.0,1080440,1,2,0,1,6.0,-9.0,-9.0,-9.0,4.0,-9,0.0,22665.0,2103.0
2664827,2664828,68.0,1080441,1,2,0,1,6.0,-9.0,-9.0,-9.0,4.0,-9,0.0,22665.0,2103.0
2664828,2664829,77.0,1080442,1,2,0,1,6.0,-9.0,-9.0,-9.0,4.0,-9,0.0,22665.0,2103.0
2664829,2664830,77.0,1080443,1,2,0,1,6.0,-9.0,-9.0,-9.0,4.0,-9,0.0,22665.0,2103.0
2664830,2664831,77.0,1080444,1,2,0,1,6.0,-9.0,-9.0,-9.0,4.0,-9,0.0,22665.0,2103.0
2664831,2664832,81.0,1080445,1,2,0,1,6.0,-9.0,-9.0,-9.0,4.0,-9,0.0,22665.0,2103.0
2664832,2664833,87.0,1080446,1,2,0,1,6.0,-9.0,-9.0,-9.0,4.0,-9,0.0,22661.0,2103.0
2664833,2664834,87.0,1080447,1,2,0,1,6.0,-9.0,-9.0,-9.0,4.0,-9,0.0,22665.0,2103.0
2664834,2664835,71.0,1080448,1,2,0,1,6.0,-9.0,-9.0,-9.0,4.0,-9,0.0,22660.0,2103.0
2664835,2664836,74.0,1080449,1,2,0,1,6.0,-9.0,-9.0,-9.0,4.0,-9,0.0,22665.0,2103.0
2664836,2664837,87.0,1080450,1,2,0,1,6.0,-9.0,-9.0,-9.0,4.0,-9,0.0,22665.0,2103.0
2664837,2664838,89.0,1080451,1,2,0,1,6.0,-9.0,-9.0,-9.0,4.0,-9,0.0,22661.0,2103.0
2664838,2664839,87.0,1080452,1,2,0,1,6.0,-9.0,-9.0,-9.0,4.0,-9,0.0,22665.0,2103.0
2664839,2664840,87.0,1080453,1,2,0,1,6.0,-9.0,-9.0,-9.0,4.0,-9,0.0,22663.0,2103.0
2664840,2664841,81.0,1080454,1,2,0,1,6.0,-9.0,-9.0,-9.0,4.0,-9,0.0,22665.0,2103.0
2664841,2664842,89.0,1080455,1,2,0,1,6.0,-9.0,-9.0,-9.0,4.0,-9,0.0,22665.0,2103.0
2664842,2664843,79.0,1080456,1,2,0,1,6.0,-9.0,-9.0,-9.0,4.0,-9,0.0,22665.0,2103.0
2664843,2664844,94.0,1080457,1,2,0,1,6.0,-9.0,-9.0,-9.0,4.0,-9,0.0,22665.0,2103.0
2664844,2664845,85.0,1080458,1,2,0,1,6.0,-9.0,-9.0,-9.0,4.0,-9,0.0,22666.0,2103.0
2664845,2664846,89.0,1080459,1,2,0,1,6.0,-9.0,-9.0,-9.0,4.0,-9,0.0,22665.0,2103.0
2664846,2664847,77.0,1080460,1,2,0,1,6.0,-9.0,-9.0,-9.0,4.0,-9,0.0,22666.0,2103.0
2664847,2664848,77.0,1080461,1,2,0,1,6.0,-9.0,-9.0,-9.0,4.0,-9,0.0,22665.0,2103.0
2664848,2664849,73.0,1080462,1,2,0,1,6.0,-9.0,-9.0,-9.0,4.0,-9,0.0,22663.0,2103.0
2664849,2664850,89.0,1080463,1,2,0,1,6.0,-9.0,-9.0,-9.0,4.0,-9,0.0,22665.0,2103.0
2664850,2664851,71.0,1080464,1,2,0,1,6.0,-9.0,-9.0,-9.0,4.0,-9,0.0,22665.0,2103.0
2664851,2664852,71.0,1080465,1,2,0,1,6.0,-9.0,-9.0,-9.0,4.0,-9,0.0,22661.0,2103.0
2664852,2664853,88.0,1080466,1,2,0,1,6.0,-9.0,-9.0,-9.0,4.0,-9,0.0,22665.0,2103.0
2664853,2664854,77.0,1080467,1,2,0,1,6.0,-9.0,-9.0,-9.0,4.0,-9,0.0,22665.0,2103.0
2664854,2664855,67.0,1080468,1,1,0,1,6.0,-9.0,-9.0,-9.0,4.0,-9,0.0,22661.0,2103.0
2664855,2664856,85.0,1080469,1,1,0,1,6.0,-9.0,-9.0,-9.0,3.0,-9,0.0,22663.0,2103.0
2664856,2664857,91.0,1080470,1,1,0,1,6.0,-9.0,-9.0,-9.0,4.0,-9,0.0,22665.0,2103.0
2664857,2664858,94.0,1080471,1,2,0,1,6.0,-9.0,-9.0,-9.0,4.0,-9,0.0,22662.0,2103.0
2664858,2664859,85.0,1080472,1,2,0,1,6.0,-9.0,-9.0,-9.0,4.0,-9,0.0,22663.0,2103.0
2664859,2664860,80.0,1080473,1,2,0,1,6.0,-9.0,-9.0,-9.0,4.0,-9,0.0,22665.0,2103.0
2664860,2664861,75.0,1080474,1,2,0,1,6.0,-9.0,-9.0,-9.0,4.0,-9,0.0,22664.0,2103.0
2664861,2664862,80.0,1080475,1,2,0,1,6.0,-9.0,-9.0,-9.0,4.0,-9,0.0,22666.0,2103.0
2664862,2664863,94.0,1080476,1,2,0,1,6.0,-9.0,-9.0,-9.0,4.0,-9,0.0,22665.0,2103.0
2664863,2664864,89.0,1080477,1,2,0,1,6.0,-9.0,-9.0,-9.0,4.0,-9,0.0,22665.0,2103.0
2664864,2664865,94.0,1080478,1,2,0,1,6.0,-9.0,-9.0,-9.0,4.0,-9,0.0,22665.0,2103.0
2664865,2664866,89.0,1080479,1,2,0,1,6.0,-9.0,-9.0,-9.0,4.0,-9,0.0,22665.0,2103.0
2664866,2664867,80.0,1080480,1,2,0,1,6.0,-9.0,-9.0,-9.0,4.0,-9,0.0,22665.0,2103.0
2664867,2664868,89.0,1080481,1,2,0,1,6.0,-9.0,-9.0,-9.0,4.0,-9,0.0,22664.0,2103.0
2664868,2664869,94.0,1080482,1,2,0,1,6.0,-9.0,-9.0,-9.0,4.0,-9,0.0,22664.0,2103.0
2664869,2664870,90.0,1080483,1,1,0,1,6.0,-9.0,-9.0,-9.0,4.0,-9,0.0,22663.0,2103.0
2664870,2664871,90.0,1080484,1,1,0,1,6.0,-9.0,-9.0,-9.0,4.0,-9,0.0,22663.0,2103.0
2664871,2664872,46.0,1080485,1,1,0,4,1.0,38.0,1.0,-9.0,4.0,722Z,16.0,22662.0,2103.0
2664872,2664873,44.0,1080485,2,2,12,1,1.0,33.0,1.0,-9.0,4.0,722Z,16.0,22662.0,2103.0
2664873,2664874,40.0,1080485,3,1,12,1,1.0,20.0,5.0,-9.0,4.0,722Z,16.0,22662.0,2103.0
2664874,2664875,38.0,1080485,4,1,12,1,6.0,-9.0,-9.0,-9.0,4.0,-9,0.0,22662.0,2103.0
2664875,2664876,52.0,1080486,1,1,0,1,1.0,40.0,1.0,-9.0,4.0,611M1,13.0,22662.0,2103.0
2664876,2664877,50.0,1080486,2,2,1,2,1.0,40.0,1.0,-9.0,4.0,611M1,13.0,22662.0,2103.0
2664877,2664878,22.0,1080486,3,1,4,2,6.0,-9.0,-9.0,-9.0,4.0,611M1,13.0,22662.0,2103.0
2664878,2664879,52.0,1080487,1,1,0,1,1.0,40.0,1.0,-9.0,4.0,611M1,13.0,22662.0,2103.0
2664879,2664880,50.0,1080487,2,2,1,2,1.0,40.0,1.0,-9.0,4.0,611M1,13.0,22662.0,2103.0
2664880,2664881,22.0,1080487,3,1,4,2,6.0,-9.0,-9.0,-9.0,4.0,611M1,13.0,22662.0,2103.0
2664881,2664882,52.0,1080488,1,1,0,1,1.0,40.0,1.0,-9.0,4.0,611M1,13.0,22665.0,2103.0
2664882,2664883,50.0,1080488,2,2,1,2,1.0,40.0,1.0,-9.0,4.0,611M1,13.0,22665.0,2103.0
2664883,2664884,22.0,1080488,3,1,4,2,6.0,-9.0,-9.0,-9.0,4.0,611M1,13.0,22665.0,2103.0
2664884,2664885,52.0,1080489,1,1,0,1,1.0,40.0,1.0,-9.0,4.0,611M1,13.0,22663.0,2103.0
2664885,2664886,50.0,1080489,2,2,1,2,1.0,40.0,1.0,-9.0,4.0,611M1,13.0,22663.0,2103.0
2664886,2664887,22.0,1080489,3,1,4,2,6.0,-9.0,-9.0,-9.0,4.0,611M1,13.0,22663.0,2103.0
2664887,2664888,52.0,1080490,1,1,0,1,1.0,40.0,1.0,-9.0,4.0,611M1,13.0,22665.0,2103.0
2664888,2664889,50.0,1080490,2,2,1,2,1.0,40.0,1.0,-9.0,4.0,611M1,13.0,22665.0,2103.0
2664889,2664890,22.0,1080490,3,1,4,2,6.0,-9.0,-9.0,-9.0,4.0,611M1,13.0,22665.0,2103.0
2664890,2664891,52.0,1080491,1,1,0,1,1.0,40.0,1.0,-9.0,4.0,611M1,13.0,22665.0,2103.0
2664891,2664892,50.0,1080491,2,2,1,2,1.0,40.0,1.0,-9.0,4.0,611M1,13.0,22665.0,2103.0
2664892,2664893,22.0,1080491,3,1,4,2,6.0,-9.0,-9.0,-9.0,4.0,611M1,13.0,22665.0,2103.0
2664893,2664894,52.0,1080492,1,1,0,1,1.0,40.0,1.0,-9.0,4.0,611M1,13.0,22660.0,2103.0
2664894,2664895,50.0,1080492,2,2,1,2,1.0,40.0,1.0,-9.0,4.0,611M1,13.0,22660.0,2103.0
2664895,2664896,22.0,1080492,3,1,4,2,6.0,-9.0,-9.0,-9.0,4.0,611M1,13.0,22660.0,2103.0
2664896,2664897,52.0,1080493,1,1,0,1,1.0,40.0,1.0,-9.0,4.0,611M1,13.0,22664.0,2103.0
2664897,2664898,50.0,1080493,2,2,1,2,1.0,40.0,1.0,-9.0,4.0,611M1,13.0,22664.0,2103.0
2664898,2664899,22.0,1080493,3,1,4,2,6.0,-9.0,-9.0,-9.0,4.0,611M1,13.0,22664.0,2103.0
2664899,2664900,52.0,1080494,1,1,0,1,1.0,40.0,1.0,-9.0,4.0,611M1,13.0,22665.0,2103.0
2664900,2664901,50.0,1080494,2,2,1,2,1.0,40.0,1.0,-9.0,4.0,611M1,13.0,22665.0,2103.0
2664901,2664902,22.0,1080494,3,1,4,2,6.0,-9.0,-9.0,-9.0,4.0,611M1,13.0,22665.0,2103.0
2664902,2664903,52.0,1080495,1,1,0,1,1.0,40.0,1.0,-9.0,4.0,611M1,13.0,22665.0,2103.0
2664903,2664904,50.0,1080495,2,2,1,2,1.0,40.0,1.0,-9.0,4.0,611M1,13.0,22665.0,2103.0
2664904,2664905,22.0,1080495,3,1,4,2,6.0,-9.0,-9.0,-9.0,4.0,611M1,13.0,22665.0,2103.0
2664905,2664906,52.0,1080496,1,1,0,1,1.0,40.0,1.0,-9.0,4.0,611M1,13.0,22664.0,2103.0
2664906,2664907,50.0,1080496,2,2,1,2,1.0,40.0,1.0,-9.0,4.0,611M1,13.0,22664.0,2103.0
2664907,2664908,22.0,1080496,3,1,4,2,6.0,-9.0,-9.0,-9.0,4.0,611M1,13.0,22664.0,2103.0
2664908,2664909,52.0,1080497,1,1,0,1,1.0,40.0,1.0,-9.0,4.0,611M1,13.0,22662.0,2103.0
2664909,2664910,50.0,1080497,2,2,1,2,1.0,40.0,1.0,-9.0,4.0,611M1,13.0,22662.0,2103.0
2664910,2664911,22.0,1080497,3,1,4,2,6.0,-9.0,-9.0,-9.0,4.0,611M1,13.0,22662.0,2103.0
2664911,2664912,52.0,1080498,1,1,0,1,1.0,40.0,1.0,-9.0,4.0,611M1,13.0,22661.0,2103.0
2664912,2664913,50.0,1080498,2,2,1,2,1.0,40.0,1.0,-9.0,4.0,611M1,13.0,22661.0,2103.0
2664913,2664914,22.0,1080498,3,1,4,2,6.0,-9.0,-9.0,-9.0,4.0,611M1,13.0,22661.0,2103.0
2664914,2664915,47.0,1080499,1,1,0,1,6.0,-9.0,-9.0,-9.0,4.0,-9,0.0,22665.0,2103.0
2664915,2664916,53.0,1080499,2,1,1,1,1.0,40.0,1.0,-9.0,2.0,53M,9.0,22665.0,2103.0
2664916,2664917,47.0,1080500,1,1,0,1,6.0,-9.0,-9.0,-9.0,4.0,-9,0.0,22662.0,2103.0
2664917,2664918,53.0,1080500,2,1,1,1,1.0,40.0,1.0,-9.0,2.0,53M,9.0,22662.0,2103.0
2664918,2664919,47.0,1080501,1,1,0,1,6.0,-9.0,-9.0,-9.0,4.0,-9,0.0,22664.0,2103.0
2664919,2664920,53.0,1080501,2,1,1,1,1.0,40.0,1.0,-9.0,2.0,53M,9.0,22664.0,2103.0
2664920,2664921,62.0,1080502,1,1,0,1,6.0,-9.0,-9.0,-9.0,4.0,-9,0.0,22663.0,2103.0
2664921,2664922,61.0,1080502,2,2,1,1,1.0,40.0,1.0,-9.0,4.0,522M,9.0,22663.0,2103.0
2664922,2664923,60.0,1080503,1,2,0,1,2.0,50.0,1.0,-9.0,4.0,611M1,13.0,22663.0,2103.0
2664923,2664924,63.0,1080504,1,2,0,1,1.0,40.0,1.0,-9.0,4.0,55,11.0,22665.0,2103.0
2664924,2664925,55.0,1080505,1,2,0,1,1.0,40.0,1.0,-9.0,4.0,51912,8.0,22660.0,2103.0
2664925,2664926,45.0,1080506,1,2,0,1,1.0,45.0,1.0,-9.0,4.0,2211P,7.0,22665.0,2103.0
2664926,2664927,56.0,1080507,1,2,0,1,1.0,40.0,2.0,-9.0,4.0,3327,3.0,22666.0,2103.0
2664927,2664928,48.0,1080508,1,2,0,1,1.0,40.0,1.0,-9.0,4.0,4244,4.0,22665.0,2103.0
2664928,2664929,55.0,1080508,2,1,1,1,6.0,-9.0,-9.0,-9.0,4.0,-9,0.0,22665.0,2103.0
2664929,2664930,45.0,1080509,1,1,0,1,1.0,14.0,1.0,-9.0,4.0,713Z,16.0,22665.0,2103.0
2664930,2664931,46.0,1080510,1,1,0,1,1.0,45.0,1.0,15.0,2.0,622M,15.0,22664.0,2103.0
2664931,2664932,59.0,1080510,2,2,1,1,6.0,-9.0,-9.0,-9.0,4.0,-9,0.0,22664.0,2103.0
2664932,2664933,46.0,1080511,1,1,0,1,1.0,45.0,1.0,15.0,2.0,622M,15.0,22665.0,2103.0
2664933,2664934,59.0,1080511,2,2,1,1,6.0,-9.0,-9.0,-9.0,4.0,-9,0.0,22665.0,2103.0
2664934,2664935,52.0,1080512,1,1,0,1,1.0,45.0,3.0,-9.0,4.0,23,2.0,22665.0,2103.0
2664935,2664936,59.0,1080513,1,2,0,1,1.0,50.0,1.0,-9.0,4.0,6111,13.0,22665.0,2103.0
2664936,2664937,50.0,1080514,1,1,0,1,1.0,40.0,1.0,-9.0,4.0,611M1,13.0,22665.0,2103.0
2664937,2664938,55.0,1080515,1,1,0,1,1.0,40.0,1.0,-9.0,4.0,336M,3.0,22665.0,2103.0
2664938,2664939,64.0,1080516,1,1,0,1,1.0,40.0,1.0,-9.0,2.0,335M,3.0,22665.0,2103.0
2664939,2664940,48.0,1080517,1,1,0,1,1.0,30.0,1.0,-9.0,4.0,7115,16.0,22662.0,2103.0
2664940,2664941,43.0,1080517,2,2,13,1,6.0,-9.0,-9.0,-9.0,4.0,-9,0.0,22662.0,2103.0
2664941,2664942,46.0,1080518,1,2,0,1,1.0,20.0,3.0,-9.0,4.0,5411,10.0,22663.0,2103.0
2664942,2664943,52.0,1080518,2,1,13,2,6.0,-9.0,-9.0,-9.0,4.0,-9,0.0,22663.0,2103.0
2664943,2664944,46.0,1080519,1,2,0,1,1.0,20.0,3.0,-9.0,4.0,5411,10.0,22661.0,2103.0
2664944,2664945,52.0,1080519,2,1,13,2,6.0,-9.0,-9.0,-9.0,4.0,-9,0.0,22661.0,2103.0
2664945,2664946,46.0,1080520,1,2,0,1,1.0,20.0,3.0,-9.0,4.0,5411,10.0,22660.0,2103.0
2664946,2664947,52.0,1080520,2,1,13,2,6.0,-9.0,-9.0,-9.0,4.0,-9,0.0,22660.0,2103.0
2664947,2664948,46.0,1080521,1,2,0,1,1.0,20.0,3.0,-9.0,4.0,5411,10.0,22661.0,2103.0
2664948,2664949,52.0,1080521,2,1,13,2,6.0,-9.0,-9.0,-9.0,4.0,-9,0.0,22661.0,2103.0
2664949,2664950,46.0,1080522,1,2,0,1,1.0,20.0,3.0,-9.0,4.0,5411,10.0,22665.0,2103.0
2664950,2664951,52.0,1080522,2,1,13,2,6.0,-9.0,-9.0,-9.0,4.0,-9,0.0,22665.0,2103.0
2664951,2664952,46.0,1080523,1,2,0,1,1.0,20.0,3.0,-9.0,4.0,5411,10.0,22665.0,2103.0
2664952,2664953,52.0,1080523,2,1,13,2,6.0,-9.0,-9.0,-9.0,4.0,-9,0.0,22665.0,2103.0
2664953,2664954,46.0,1080524,1,2,0,1,1.0,20.0,3.0,-9.0,4.0,5411,10.0,22665.0,2103.0
2664954,2664955,52.0,1080524,2,1,13,2,6.0,-9.0,-9.0,-9.0,4.0,-9,0.0,22665.0,2103.0
2664955,2664956,46.0,1080525,1,2,0,1,1.0,20.0,3.0,-9.0,4.0,5411,10.0,22662.0,2103.0
2664956,2664957,52.0,1080525,2,1,13,2,6.0,-9.0,-9.0,-9.0,4.0,-9,0.0,22662.0,2103.0
2664957,2664958,46.0,1080526,1,2,0,1,1.0,20.0,3.0,-9.0,4.0,5411,10.0,22665.0,2103.0
2664958,2664959,52.0,1080526,2,1,13,2,6.0,-9.0,-9.0,-9.0,4.0,-9,0.0,22665.0,2103.0
2664959,2664960,46.0,1080527,1,2,0,1,1.0,20.0,3.0,-9.0,4.0,5411,10.0,22665.0,2103.0
2664960,2664961,52.0,1080527,2,1,13,2,6.0,-9.0,-9.0,-9.0,4.0,-9,0.0,22665.0,2103.0
2664961,2664962,46.0,1080528,1,2,0,1,1.0,20.0,3.0,-9.0,4.0,5411,10.0,22661.0,2103.0
2664962,2664963,52.0,1080528,2,1,13,2,6.0,-9.0,-9.0,-9.0,4.0,-9,0.0,22661.0,2103.0
2664963,2664964,46.0,1080529,1,2,0,1,1.0,20.0,3.0,-9.0,4.0,5411,10.0,22665.0,2103.0
2664964,2664965,52.0,1080529,2,1,13,2,6.0,-9.0,-9.0,-9.0,4.0,-9,0.0,22665.0,2103.0
2664965,2664966,46.0,1080530,1,2,0,1,1.0,20.0,3.0,-9.0,4.0,5411,10.0,22665.0,2103.0
2664966,2664967,52.0,1080530,2,1,13,2,6.0,-9.0,-9.0,-9.0,4.0,-9,0.0,22665.0,2103.0
2664967,2664968,46.0,1080531,1,2,0,1,1.0,20.0,3.0,-9.0,4.0,5411,10.0,22666.0,2103.0
2664968,2664969,52.0,1080531,2,1,13,2,6.0,-9.0,-9.0,-9.0,4.0,-9,0.0,22666.0,2103.0
2664969,2664970,46.0,1080532,1,2,0,1,1.0,20.0,3.0,-9.0,4.0,5411,10.0,22661.0,2103.0
2664970,2664971,52.0,1080532,2,1,13,2,6.0,-9.0,-9.0,-9.0,4.0,-9,0.0,22661.0,2103.0
2664971,2664972,46.0,1080533,1,2,0,1,1.0,20.0,3.0,-9.0,4.0,5411,10.0,22665.0,2103.0
2664972,2664973,52.0,1080533,2,1,13,2,6.0,-9.0,-9.0,-9.0,4.0,-9,0.0,22665.0,2103.0
2664973,2664974,46.0,1080534,1,2,0,1,1.0,20.0,3.0,-9.0,4.0,5411,10.0,22665.0,2103.0
2664974,2664975,52.0,1080534,2,1,13,2,6.0,-9.0,-9.0,-9.0,4.0,-9,0.0,22665.0,2103.0
2664975,2664976,46.0,1080535,1,2,0,1,1.0,20.0,3.0,-9.0,4.0,5411,10.0,22661.0,2103.0
2664976,2664977,52.0,1080535,2,1,13,2,6.0,-9.0,-9.0,-9.0,4.0,-9,0.0,22661.0,2103.0
2664977,2664978,46.0,1080536,1,2,0,1,1.0,20.0,3.0,-9.0,4.0,5411,10.0,22665.0,2103.0
2664978,2664979,52.0,1080536,2,1,13,2,6.0,-9.0,-9.0,-9.0,4.0,-9,0.0,22665.0,2103.0
2664979,2664980,46.0,1080537,1,2,0,1,1.0,20.0,3.0,-9.0,4.0,5411,10.0,22665.0,2103.0
2664980,2664981,52.0,1080537,2,1,13,2,6.0,-9.0,-9.0,-9.0,4.0,-9,0.0,22665.0,2103.0
2664981,2664982,46.0,1080538,1,2,0,1,1.0,20.0,3.0,-9.0,4.0,5411,10.0,22665.0,2103.0
2664982,2664983,52.0,1080538,2,1,13,2,6.0,-9.0,-9.0,-9.0,4.0,-9,0.0,22665.0,2103.0
2664983,2664984,46.0,1080539,1,2,0,1,1.0,20.0,3.0,-9.0,4.0,5411,10.0,22664.0,2103.0
2664984,2664985,52.0,1080539,2,1,13,2,6.0,-9.0,-9.0,-9.0,4.0,-9,0.0,22664.0,2103.0
2664985,2664986,46.0,1080540,1,2,0,1,1.0,20.0,3.0,-9.0,4.0,5411,10.0,22664.0,2103.0
2664986,2664987,52.0,1080540,2,1,13,2,6.0,-9.0,-9.0,-9.0,4.0,-9,0.0,22664.0,2103.0
2664987,2664988,59.0,1080541,1,1,0,1,1.0,25.0,1.0,-9.0,4.0,7211,16.0,22663.0,2103.0
2664988,2664989,49.0,1080542,1,1,0,1,1.0,80.0,1.0,-9.0,4.0,56173,12.0,22665.0,2103.0
2664989,2664990,55.0,1080543,1,1,0,1,1.0,54.0,1.0,-9.0,4.0,32711,3.0,22665.0,2103.0
2664990,2664991,54.0,1080544,1,2,0,1,1.0,32.0,1.0,-9.0,4.0,622M,15.0,22664.0,2103.0
2664991,2664992,48.0,1080545,1,2,0,1,1.0,40.0,1.0,-9.0,4.0,522M,9.0,22661.0,2103.0
2664992,2664993,48.0,1080546,1,2,0,1,1.0,40.0,1.0,-9.0,4.0,522M,9.0,22665.0,2103.0
2664993,2664994,48.0,1080547,1,2,0,1,1.0,40.0,1.0,-9.0,4.0,522M,9.0,22666.0,2103.0
2664994,2664995,48.0,1080548,1,2,0,1,1.0,40.0,1.0,-9.0,4.0,522M,9.0,22664.0,2103.0
2664995,2664996,48.0,1080549,1,2,0,1,1.0,40.0,1.0,-9.0,4.0,522M,9.0,22662.0,2103.0
2664996,2664997,48.0,1080550,1,2,0,1,1.0,40.0,1.0,-9.0,4.0,522M,9.0,22665.0,2103.0
2664997,2664998,59.0,1080551,1,2,0,1,1.0,27.0,1.0,-9.0,4.0,5121,8.0,22665.0,2103.0
2664998,2664999,59.0,1080552,1,2,0,1,1.0,27.0,1.0,-9.0,4.0,5121,8.0,22665.0,2103.0
2664999,2665000,59.0,1080553,1,2,0,1,1.0,37.0,1.0,-9.0,4.0,44511,5.0,22663.0,2103.0
2665000,2665001,59.0,1080554,1,2,0,1,1.0,40.0,1.0,-9.0,4.0,3328,3.0,22665.0,2103.0
2665001,2665002,59.0,1080555,1,2,0,1,1.0,40.0,1.0,-9.0,4.0,3328,3.0,22660.0,2103.0
2665002,2665003,59.0,1080556,1,2,0,1,1.0,40.0,1.0,-9.0,4.0,3328,3.0,22663.0,2103.0
2665003,2665004,54.0,1080557,1,2,0,1,6.0,-9.0,-9.0,-9.0,4.0,-9,0.0,22665.0,2103.0
2665004,2665005,28.0,1080557,2,2,2,1,6.0,-9.0,-9.0,-9.0,4.0,-9,0.0,22665.0,2103.0
2665005,2665006,54.0,1080558,1,2,0,1,6.0,-9.0,-9.0,-9.0,4.0,-9,0.0,22665.0,2103.0
2665006,2665007,28.0,1080558,2,2,2,1,6.0,-9.0,-9.0,-9.0,4.0,-9,0.0,22665.0,2103.0
2665007,2665008,51.0,1080559,1,1,0,1,6.0,-9.0,-9.0,-9.0,4.0,-9,0.0,22665.0,2103.0
2665008,2665009,44.0,1080559,2,2,1,1,6.0,-9.0,-9.0,-9.0,4.0,-9,0.0,22665.0,2103.0
2665009,2665010,51.0,1080560,1,1,0,1,6.0,-9.0,-9.0,-9.0,4.0,-9,0.0,22665.0,2103.0
2665010,2665011,44.0,1080560,2,2,1,1,6.0,-9.0,-9.0,-9.0,4.0,-9,0.0,22665.0,2103.0
2665011,2665012,64.0,1080561,1,1,0,1,6.0,-9.0,-9.0,-9.0,2.0,-9,0.0,22665.0,2103.0
2665012,2665013,59.0,1080561,2,2,1,1,3.0,-9.0,-9.0,-9.0,4.0,999920,0.0,22665.0,2103.0
2665013,2665014,62.0,1080562,1,2,0,1,6.0,-9.0,-9.0,-9.0,4.0,-9,0.0,22663.0,2103.0
2665014,2665015,60.0,1080563,1,2,0,1,6.0,-9.0,-9.0,-9.0,4.0,-9,0.0,22664.0,2103.0
2665015,2665016,49.0,1080563,2,1,1,1,1.0,40.0,6.0,-9.0,4.0,7211,16.0,22664.0,2103.0
2665016,2665017,60.0,1080564,1,2,0,1,6.0,-9.0,-9.0,-9.0,4.0,-9,0.0,22662.0,2103.0
2665017,2665018,49.0,1080564,2,1,1,1,1.0,40.0,6.0,-9.0,4.0,7211,16.0,22662.0,2103.0
2665018,2665019,55.0,1080565,1,1,0,1,2.0,15.0,6.0,-9.0,2.0,23,2.0,22660.0,2103.0
2665019,2665020,54.0,1080566,1,1,0,1,6.0,-9.0,-9.0,-9.0,4.0,-9,0.0,22660.0,2103.0
2665020,2665021,55.0,1080566,2,1,5,1,6.0,-9.0,-9.0,-9.0,4.0,-9,0.0,22660.0,2103.0
2665021,2665022,58.0,1080567,1,1,0,1,6.0,-9.0,-9.0,-9.0,2.0,-9,0.0,22661.0,2103.0
2665022,2665023,58.0,1080568,1,1,0,1,6.0,-9.0,-9.0,-9.0,2.0,-9,0.0,22665.0,2103.0
2665023,2665024,58.0,1080569,1,1,0,1,6.0,-9.0,-9.0,-9.0,2.0,-9,0.0,22660.0,2103.0
2665024,2665025,52.0,1080570,1,1,0,1,1.0,45.0,1.0,-9.0,4.0,4413,5.0,22665.0,2103.0
2665025,2665026,45.0,1080570,2,2,1,1,6.0,-9.0,-9.0,-9.0,4.0,-9,0.0,22665.0,2103.0
2665026,2665027,18.0,1080570,3,2,2,1,6.0,40.0,5.0,14.0,4.0,4413,5.0,22665.0,2103.0
2665027,2665028,15.0,1080570,4,2,2,1,-9.0,-9.0,-9.0,12.0,-9.0,-9,0.0,22665.0,2103.0
2665028,2665029,12.0,1080570,5,2,2,1,-9.0,-9.0,-9.0,9.0,-9.0,-9,0.0,22665.0,2103.0
2665029,2665030,10.0,1080570,6,1,2,1,-9.0,-9.0,-9.0,6.0,-9.0,-9,0.0,22665.0,2103.0
2665030,2665031,52.0,1080571,1,1,0,1,1.0,45.0,1.0,-9.0,4.0,4413,5.0,22665.0,2103.0
2665031,2665032,45.0,1080571,2,2,1,1,6.0,-9.0,-9.0,-9.0,4.0,-9,0.0,22665.0,2103.0
2665032,2665033,18.0,1080571,3,2,2,1,6.0,40.0,5.0,14.0,4.0,4413,5.0,22665.0,2103.0
2665033,2665034,15.0,1080571,4,2,2,1,-9.0,-9.0,-9.0,12.0,-9.0,-9,0.0,22665.0,2103.0
2665034,2665035,12.0,1080571,5,2,2,1,-9.0,-9.0,-9.0,9.0,-9.0,-9,0.0,22665.0,2103.0
2665035,2665036,10.0,1080571,6,1,2,1,-9.0,-9.0,-9.0,6.0,-9.0,-9,0.0,22665.0,2103.0
2665036,2665037,52.0,1080572,1,1,0,1,1.0,45.0,1.0,-9.0,4.0,4413,5.0,22666.0,2103.0
2665037,2665038,45.0,1080572,2,2,1,1,6.0,-9.0,-9.0,-9.0,4.0,-9,0.0,22666.0,2103.0
2665038,2665039,18.0,1080572,3,2,2,1,6.0,40.0,5.0,14.0,4.0,4413,5.0,22666.0,2103.0
2665039,2665040,15.0,1080572,4,2,2,1,-9.0,-9.0,-9.0,12.0,-9.0,-9,0.0,22666.0,2103.0
2665040,2665041,12.0,1080572,5,2,2,1,-9.0,-9.0,-9.0,9.0,-9.0,-9,0.0,22666.0,2103.0
2665041,2665042,10.0,1080572,6,1,2,1,-9.0,-9.0,-9.0,6.0,-9.0,-9,0.0,22666.0,2103.0
2665042,2665043,52.0,1080573,1,1,0,1,1.0,45.0,1.0,-9.0,4.0,4413,5.0,22665.0,2103.0
2665043,2665044,45.0,1080573,2,2,1,1,6.0,-9.0,-9.0,-9.0,4.0,-9,0.0,22665.0,2103.0
2665044,2665045,18.0,1080573,3,2,2,1,6.0,40.0,5.0,14.0,4.0,4413,5.0,22665.0,2103.0
2665045,2665046,15.0,1080573,4,2,2,1,-9.0,-9.0,-9.0,12.0,-9.0,-9,0.0,22665.0,2103.0
2665046,2665047,12.0,1080573,5,2,2,1,-9.0,-9.0,-9.0,9.0,-9.0,-9,0.0,22665.0,2103.0
2665047,2665048,10.0,1080573,6,1,2,1,-9.0,-9.0,-9.0,6.0,-9.0,-9,0.0,22665.0,2103.0
2665048,2665049,52.0,1080574,1,1,0,1,1.0,45.0,1.0,-9.0,4.0,4413,5.0,22660.0,2103.0
2665049,2665050,45.0,1080574,2,2,1,1,6.0,-9.0,-9.0,-9.0,4.0,-9,0.0,22660.0,2103.0
2665050,2665051,18.0,1080574,3,2,2,1,6.0,40.0,5.0,14.0,4.0,4413,5.0,22660.0,2103.0
2665051,2665052,15.0,1080574,4,2,2,1,-9.0,-9.0,-9.0,12.0,-9.0,-9,0.0,22660.0,2103.0
2665052,2665053,12.0,1080574,5,2,2,1,-9.0,-9.0,-9.0,9.0,-9.0,-9,0.0,22660.0,2103.0
2665053,2665054,10.0,1080574,6,1,2,1,-9.0,-9.0,-9.0,6.0,-9.0,-9,0.0,22660.0,2103.0
2665054,2665055,52.0,1080575,1,1,0,1,1.0,45.0,1.0,-9.0,4.0,4413,5.0,22664.0,2103.0
2665055,2665056,45.0,1080575,2,2,1,1,6.0,-9.0,-9.0,-9.0,4.0,-9,0.0,22664.0,2103.0
2665056,2665057,18.0,1080575,3,2,2,1,6.0,40.0,5.0,14.0,4.0,4413,5.0,22664.0,2103.0
2665057,2665058,15.0,1080575,4,2,2,1,-9.0,-9.0,-9.0,12.0,-9.0,-9,0.0,22664.0,2103.0
2665058,2665059,12.0,1080575,5,2,2,1,-9.0,-9.0,-9.0,9.0,-9.0,-9,0.0,22664.0,2103.0
2665059,2665060,10.0,1080575,6,1,2,1,-9.0,-9.0,-9.0,6.0,-9.0,-9,0.0,22664.0,2103.0
2665060,2665061,52.0,1080576,1,1,0,1,1.0,45.0,1.0,-9.0,4.0,4413,5.0,22665.0,2103.0
2665061,2665062,45.0,1080576,2,2,1,1,6.0,-9.0,-9.0,-9.0,4.0,-9,0.0,22665.0,2103.0
2665062,2665063,18.0,1080576,3,2,2,1,6.0,40.0,5.0,14.0,4.0,4413,5.0,22665.0,2103.0
2665063,2665064,15.0,1080576,4,2,2,1,-9.0,-9.0,-9.0,12.0,-9.0,-9,0.0,22665.0,2103.0
2665064,2665065,12.0,1080576,5,2,2,1,-9.0,-9.0,-9.0,9.0,-9.0,-9,0.0,22665.0,2103.0
2665065,2665066,10.0,1080576,6,1,2,1,-9.0,-9.0,-9.0,6.0,-9.0,-9,0.0,22665.0,2103.0
2665066,2665067,52.0,1080577,1,1,0,1,1.0,45.0,1.0,-9.0,4.0,4413,5.0,22665.0,2103.0
2665067,2665068,45.0,1080577,2,2,1,1,6.0,-9.0,-9.0,-9.0,4.0,-9,0.0,22665.0,2103.0
2665068,2665069,18.0,1080577,3,2,2,1,6.0,40.0,5.0,14.0,4.0,4413,5.0,22665.0,2103.0
2665069,2665070,15.0,1080577,4,2,2,1,-9.0,-9.0,-9.0,12.0,-9.0,-9,0.0,22665.0,2103.0
2665070,2665071,12.0,1080577,5,2,2,1,-9.0,-9.0,-9.0,9.0,-9.0,-9,0.0,22665.0,2103.0
2665071,2665072,10.0,1080577,6,1,2,1,-9.0,-9.0,-9.0,6.0,-9.0,-9,0.0,22665.0,2103.0
2665072,2665073,52.0,1080578,1,1,0,1,1.0,45.0,1.0,-9.0,4.0,4413,5.0,22665.0,2103.0
2665073,2665074,45.0,1080578,2,2,1,1,6.0,-9.0,-9.0,-9.0,4.0,-9,0.0,22665.0,2103.0
2665074,2665075,18.0,1080578,3,2,2,1,6.0,40.0,5.0,14.0,4.0,4413,5.0,22665.0,2103.0
2665075,2665076,15.0,1080578,4,2,2,1,-9.0,-9.0,-9.0,12.0,-9.0,-9,0.0,22665.0,2103.0
2665076,2665077,12.0,1080578,5,2,2,1,-9.0,-9.0,-9.0,9.0,-9.0,-9,0.0,22665.0,2103.0
2665077,2665078,10.0,1080578,6,1,2,1,-9.0,-9.0,-9.0,6.0,-9.0,-9,0.0,22665.0,2103.0
2665078,2665079,52.0,1080579,1,1,0,1,1.0,45.0,1.0,-9.0,4.0,4413,5.0,22664.0,2103.0
2665079,2665080,45.0,1080579,2,2,1,1,6.0,-9.0,-9.0,-9.0,4.0,-9,0.0,22664.0,2103.0
2665080,2665081,18.0,1080579,3,2,2,1,6.0,40.0,5.0,14.0,4.0,4413,5.0,22664.0,2103.0
2665081,2665082,15.0,1080579,4,2,2,1,-9.0,-9.0,-9.0,12.0,-9.0,-9,0.0,22664.0,2103.0
2665082,2665083,12.0,1080579,5,2,2,1,-9.0,-9.0,-9.0,9.0,-9.0,-9,0.0,22664.0,2103.0
2665083,2665084,10.0,1080579,6,1,2,1,-9.0,-9.0,-9.0,6.0,-9.0,-9,0.0,22664.0,2103.0
2665084,2665085,52.0,1080580,1,1,0,1,1.0,45.0,1.0,-9.0,4.0,4413,5.0,22665.0,2103.0
2665085,2665086,45.0,1080580,2,2,1,1,6.0,-9.0,-9.0,-9.0,4.0,-9,0.0,22665.0,2103.0
2665086,2665087,18.0,1080580,3,2,2,1,6.0,40.0,5.0,14.0,4.0,4413,5.0,22665.0,2103.0
2665087,2665088,15.0,1080580,4,2,2,1,-9.0,-9.0,-9.0,12.0,-9.0,-9,0.0,22665.0,2103.0
2665088,2665089,12.0,1080580,5,2,2,1,-9.0,-9.0,-9.0,9.0,-9.0,-9,0.0,22665.0,2103.0
2665089,2665090,10.0,1080580,6,1,2,1,-9.0,-9.0,-9.0,6.0,-9.0,-9,0.0,22665.0,2103.0
2665090,2665091,52.0,1080581,1,1,0,1,1.0,45.0,1.0,-9.0,4.0,4413,5.0,22665.0,2103.0
2665091,2665092,45.0,1080581,2,2,1,1,6.0,-9.0,-9.0,-9.0,4.0,-9,0.0,22665.0,2103.0
2665092,2665093,18.0,1080581,3,2,2,1,6.0,40.0,5.0,14.0,4.0,4413,5.0,22665.0,2103.0
2665093,2665094,15.0,1080581,4,2,2,1,-9.0,-9.0,-9.0,12.0,-9.0,-9,0.0,22665.0,2103.0
2665094,2665095,12.0,1080581,5,2,2,1,-9.0,-9.0,-9.0,9.0,-9.0,-9,0.0,22665.0,2103.0
2665095,2665096,10.0,1080581,6,1,2,1,-9.0,-9.0,-9.0,6.0,-9.0,-9,0.0,22665.0,2103.0
2665096,2665097,52.0,1080582,1,1,0,1,1.0,45.0,1.0,-9.0,4.0,4413,5.0,22664.0,2103.0
2665097,2665098,45.0,1080582,2,2,1,1,6.0,-9.0,-9.0,-9.0,4.0,-9,0.0,22664.0,2103.0
2665098,2665099,18.0,1080582,3,2,2,1,6.0,40.0,5.0,14.0,4.0,4413,5.0,22664.0,2103.0
2665099,2665100,15.0,1080582,4,2,2,1,-9.0,-9.0,-9.0,12.0,-9.0,-9,0.0,22664.0,2103.0
2665100,2665101,12.0,1080582,5,2,2,1,-9.0,-9.0,-9.0,9.0,-9.0,-9,0.0,22664.0,2103.0
2665101,2665102,10.0,1080582,6,1,2,1,-9.0,-9.0,-9.0,6.0,-9.0,-9,0.0,22664.0,2103.0
2665102,2665103,52.0,1080583,1,1,0,1,1.0,45.0,1.0,-9.0,4.0,4413,5.0,22665.0,2103.0
2665103,2665104,45.0,1080583,2,2,1,1,6.0,-9.0,-9.0,-9.0,4.0,-9,0.0,22665.0,2103.0
2665104,2665105,18.0,1080583,3,2,2,1,6.0,40.0,5.0,14.0,4.0,4413,5.0,22665.0,2103.0
2665105,2665106,15.0,1080583,4,2,2,1,-9.0,-9.0,-9.0,12.0,-9.0,-9,0.0,22665.0,2103.0
2665106,2665107,12.0,1080583,5,2,2,1,-9.0,-9.0,-9.0,9.0,-9.0,-9,0.0,22665.0,2103.0
2665107,2665108,10.0,1080583,6,1,2,1,-9.0,-9.0,-9.0,6.0,-9.0,-9,0.0,22665.0,2103.0
2665108,2665109,52.0,1080584,1,1,0,1,1.0,45.0,1.0,-9.0,4.0,4413,5.0,22665.0,2103.0
2665109,2665110,45.0,1080584,2,2,1,1,6.0,-9.0,-9.0,-9.0,4.0,-9,0.0,22665.0,2103.0
2665110,2665111,18.0,1080584,3,2,2,1,6.0,40.0,5.0,14.0,4.0,4413,5.0,22665.0,2103.0
2665111,2665112,15.0,1080584,4,2,2,1,-9.0,-9.0,-9.0,12.0,-9.0,-9,0.0,22665.0,2103.0
2665112,2665113,12.0,1080584,5,2,2,1,-9.0,-9.0,-9.0,9.0,-9.0,-9,0.0,22665.0,2103.0
2665113,2665114,10.0,1080584,6,1,2,1,-9.0,-9.0,-9.0,6.0,-9.0,-9,0.0,22665.0,2103.0
2665114,2665115,52.0,1080585,1,1,0,1,1.0,45.0,1.0,-9.0,4.0,4413,5.0,22660.0,2103.0
2665115,2665116,45.0,1080585,2,2,1,1,6.0,-9.0,-9.0,-9.0,4.0,-9,0.0,22660.0,2103.0
2665116,2665117,18.0,1080585,3,2,2,1,6.0,40.0,5.0,14.0,4.0,4413,5.0,22660.0,2103.0
2665117,2665118,15.0,1080585,4,2,2,1,-9.0,-9.0,-9.0,12.0,-9.0,-9,0.0,22660.0,2103.0
2665118,2665119,12.0,1080585,5,2,2,1,-9.0,-9.0,-9.0,9.0,-9.0,-9,0.0,22660.0,2103.0
2665119,2665120,10.0,1080585,6,1,2,1,-9.0,-9.0,-9.0,6.0,-9.0,-9,0.0,22660.0,2103.0
2665120,2665121,52.0,1080586,1,1,0,1,1.0,45.0,1.0,-9.0,4.0,4413,5.0,22665.0,2103.0
2665121,2665122,45.0,1080586,2,2,1,1,6.0,-9.0,-9.0,-9.0,4.0,-9,0.0,22665.0,2103.0
2665122,2665123,18.0,1080586,3,2,2,1,6.0,40.0,5.0,14.0,4.0,4413,5.0,22665.0,2103.0
2665123,2665124,15.0,1080586,4,2,2,1,-9.0,-9.0,-9.0,12.0,-9.0,-9,0.0,22665.0,2103.0
2665124,2665125,12.0,1080586,5,2,2,1,-9.0,-9.0,-9.0,9.0,-9.0,-9,0.0,22665.0,2103.0
2665125,2665126,10.0,1080586,6,1,2,1,-9.0,-9.0,-9.0,6.0,-9.0,-9,0.0,22665.0,2103.0
2665126,2665127,52.0,1080587,1,1,0,1,1.0,45.0,1.0,-9.0,4.0,4413,5.0,22665.0,2103.0
2665127,2665128,45.0,1080587,2,2,1,1,6.0,-9.0,-9.0,-9.0,4.0,-9,0.0,22665.0,2103.0
2665128,2665129,18.0,1080587,3,2,2,1,6.0,40.0,5.0,14.0,4.0,4413,5.0,22665.0,2103.0
2665129,2665130,15.0,1080587,4,2,2,1,-9.0,-9.0,-9.0,12.0,-9.0,-9,0.0,22665.0,2103.0
2665130,2665131,12.0,1080587,5,2,2,1,-9.0,-9.0,-9.0,9.0,-9.0,-9,0.0,22665.0,2103.0
2665131,2665132,10.0,1080587,6,1,2,1,-9.0,-9.0,-9.0,6.0,-9.0,-9,0.0,22665.0,2103.0
2665132,2665133,52.0,1080588,1,1,0,1,1.0,45.0,1.0,-9.0,4.0,4413,5.0,22665.0,2103.0
2665133,2665134,45.0,1080588,2,2,1,1,6.0,-9.0,-9.0,-9.0,4.0,-9,0.0,22665.0,2103.0
2665134,2665135,18.0,1080588,3,2,2,1,6.0,40.0,5.0,14.0,4.0,4413,5.0,22665.0,2103.0
2665135,2665136,15.0,1080588,4,2,2,1,-9.0,-9.0,-9.0,12.0,-9.0,-9,0.0,22665.0,2103.0
2665136,2665137,12.0,1080588,5,2,2,1,-9.0,-9.0,-9.0,9.0,-9.0,-9,0.0,22665.0,2103.0
2665137,2665138,10.0,1080588,6,1,2,1,-9.0,-9.0,-9.0,6.0,-9.0,-9,0.0,22665.0,2103.0
2665138,2665139,52.0,1080589,1,1,0,1,1.0,45.0,1.0,-9.0,4.0,4413,5.0,22661.0,2103.0
2665139,2665140,45.0,1080589,2,2,1,1,6.0,-9.0,-9.0,-9.0,4.0,-9,0.0,22661.0,2103.0
2665140,2665141,18.0,1080589,3,2,2,1,6.0,40.0,5.0,14.0,4.0,4413,5.0,22661.0,2103.0
2665141,2665142,15.0,1080589,4,2,2,1,-9.0,-9.0,-9.0,12.0,-9.0,-9,0.0,22661.0,2103.0
2665142,2665143,12.0,1080589,5,2,2,1,-9.0,-9.0,-9.0,9.0,-9.0,-9,0.0,22661.0,2103.0
2665143,2665144,10.0,1080589,6,1,2,1,-9.0,-9.0,-9.0,6.0,-9.0,-9,0.0,22661.0,2103.0
2665144,2665145,52.0,1080590,1,1,0,1,1.0,45.0,1.0,-9.0,4.0,4413,5.0,22666.0,2103.0
2665145,2665146,45.0,1080590,2,2,1,1,6.0,-9.0,-9.0,-9.0,4.0,-9,0.0,22666.0,2103.0
2665146,2665147,18.0,1080590,3,2,2,1,6.0,40.0,5.0,14.0,4.0,4413,5.0,22666.0,2103.0
2665147,2665148,15.0,1080590,4,2,2,1,-9.0,-9.0,-9.0,12.0,-9.0,-9,0.0,22666.0,2103.0
2665148,2665149,12.0,1080590,5,2,2,1,-9.0,-9.0,-9.0,9.0,-9.0,-9,0.0,22666.0,2103.0
2665149,2665150,10.0,1080590,6,1,2,1,-9.0,-9.0,-9.0,6.0,-9.0,-9,0.0,22666.0,2103.0
2665150,2665151,52.0,1080591,1,1,0,1,1.0,45.0,1.0,-9.0,4.0,4413,5.0,22664.0,2103.0
2665151,2665152,45.0,1080591,2,2,1,1,6.0,-9.0,-9.0,-9.0,4.0,-9,0.0,22664.0,2103.0
2665152,2665153,18.0,1080591,3,2,2,1,6.0,40.0,5.0,14.0,4.0,4413,5.0,22664.0,2103.0
2665153,2665154,15.0,1080591,4,2,2,1,-9.0,-9.0,-9.0,12.0,-9.0,-9,0.0,22664.0,2103.0
2665154,2665155,12.0,1080591,5,2,2,1,-9.0,-9.0,-9.0,9.0,-9.0,-9,0.0,22664.0,2103.0
2665155,2665156,10.0,1080591,6,1,2,1,-9.0,-9.0,-9.0,6.0,-9.0,-9,0.0,22664.0,2103.0
2665156,2665157,52.0,1080592,1,1,0,1,1.0,45.0,1.0,-9.0,4.0,4413,5.0,22665.0,2103.0
2665157,2665158,45.0,1080592,2,2,1,1,6.0,-9.0,-9.0,-9.0,4.0,-9,0.0,22665.0,2103.0
2665158,2665159,18.0,1080592,3,2,2,1,6.0,40.0,5.0,14.0,4.0,4413,5.0,22665.0,2103.0
2665159,2665160,15.0,1080592,4,2,2,1,-9.0,-9.0,-9.0,12.0,-9.0,-9,0.0,22665.0,2103.0
2665160,2665161,12.0,1080592,5,2,2,1,-9.0,-9.0,-9.0,9.0,-9.0,-9,0.0,22665.0,2103.0
2665161,2665162,10.0,1080592,6,1,2,1,-9.0,-9.0,-9.0,6.0,-9.0,-9,0.0,22665.0,2103.0
2665162,2665163,52.0,1080593,1,1,0,1,1.0,45.0,1.0,-9.0,4.0,4413,5.0,22665.0,2103.0
2665163,2665164,45.0,1080593,2,2,1,1,6.0,-9.0,-9.0,-9.0,4.0,-9,0.0,22665.0,2103.0
2665164,2665165,18.0,1080593,3,2,2,1,6.0,40.0,5.0,14.0,4.0,4413,5.0,22665.0,2103.0
2665165,2665166,15.0,1080593,4,2,2,1,-9.0,-9.0,-9.0,12.0,-9.0,-9,0.0,22665.0,2103.0
2665166,2665167,12.0,1080593,5,2,2,1,-9.0,-9.0,-9.0,9.0,-9.0,-9,0.0,22665.0,2103.0
2665167,2665168,10.0,1080593,6,1,2,1,-9.0,-9.0,-9.0,6.0,-9.0,-9,0.0,22665.0,2103.0
2665168,2665169,47.0,1080594,1,2,0,1,6.0,-9.0,-9.0,-9.0,4.0,-9,0.0,22665.0,2103.0
2665169,2665170,25.0,1080594,2,1,2,1,6.0,-9.0,-9.0,15.0,4.0,-9,0.0,22665.0,2103.0
2665170,2665171,18.0,1080594,3,1,2,1,6.0,-9.0,-9.0,14.0,4.0,-9,0.0,22665.0,2103.0
2665171,2665172,14.0,1080594,4,2,2,1,-9.0,-9.0,-9.0,11.0,-9.0,-9,0.0,22665.0,2103.0
2665172,2665173,12.0,1080594,5,2,3,1,-9.0,-9.0,-9.0,8.0,-9.0,-9,0.0,22665.0,2103.0
2665173,2665174,57.0,1080594,6,1,13,1,1.0,15.0,3.0,-9.0,4.0,9211MP,18.0,22665.0,2103.0
2665174,2665175,25.0,1080595,1,1,0,4,3.0,8.0,6.0,-9.0,4.0,722Z,16.0,22664.0,2103.0
2665175,2665176,24.0,1080595,2,1,12,3,1.0,40.0,1.0,-9.0,4.0,722Z,16.0,22664.0,2103.0
2665176,2665177,23.0,1080595,3,1,12,1,1.0,40.0,1.0,-9.0,4.0,722Z,16.0,22664.0,2103.0
2665177,2665178,22.0,1080595,4,2,12,1,1.0,40.0,1.0,-9.0,4.0,722Z,16.0,22664.0,2103.0
2665178,2665179,25.0,1080596,1,1,0,4,3.0,8.0,6.0,-9.0,4.0,722Z,16.0,22661.0,2103.0
2665179,2665180,24.0,1080596,2,1,12,3,1.0,40.0,1.0,-9.0,4.0,722Z,16.0,22661.0,2103.0
2665180,2665181,23.0,1080596,3,1,12,1,1.0,40.0,1.0,-9.0,4.0,722Z,16.0,22661.0,2103.0
2665181,2665182,22.0,1080596,4,2,12,1,1.0,40.0,1.0,-9.0,4.0,722Z,16.0,22661.0,2103.0
2665182,2665183,25.0,1080597,1,1,0,4,3.0,8.0,6.0,-9.0,4.0,722Z,16.0,22663.0,2103.0
2665183,2665184,24.0,1080597,2,1,12,3,1.0,40.0,1.0,-9.0,4.0,722Z,16.0,22663.0,2103.0
2665184,2665185,23.0,1080597,3,1,12,1,1.0,40.0,1.0,-9.0,4.0,722Z,16.0,22663.0,2103.0
2665185,2665186,22.0,1080597,4,2,12,1,1.0,40.0,1.0,-9.0,4.0,722Z,16.0,22663.0,2103.0
2665186,2665187,33.0,1080598,1,1,0,4,3.0,-9.0,-9.0,15.0,4.0,999920,0.0,22665.0,2103.0
2665187,2665188,33.0,1080598,2,2,1,4,6.0,-9.0,-9.0,-9.0,4.0,-9,0.0,22665.0,2103.0
2665188,2665189,10.0,1080598,3,1,2,4,-9.0,-9.0,-9.0,6.0,-9.0,-9,0.0,22665.0,2103.0
2665189,2665190,8.0,1080598,4,2,2,4,-9.0,-9.0,-9.0,4.0,-9.0,-9,0.0,22665.0,2103.0
2665190,2665191,1.0,1080598,5,2,2,4,-9.0,-9.0,-9.0,-9.0,-9.0,-9,0.0,22665.0,2103.0
2665191,2665192,0.0,1080598,6,1,2,4,-9.0,-9.0,-9.0,-9.0,-9.0,-9,0.0,22665.0,2103.0
2665192,2665193,33.0,1080599,1,1,0,4,3.0,-9.0,-9.0,15.0,4.0,999920,0.0,22661.0,2103.0
2665193,2665194,33.0,1080599,2,2,1,4,6.0,-9.0,-9.0,-9.0,4.0,-9,0.0,22661.0,2103.0
2665194,2665195,10.0,1080599,3,1,2,4,-9.0,-9.0,-9.0,6.0,-9.0,-9,0.0,22661.0,2103.0
2665195,2665196,8.0,1080599,4,2,2,4,-9.0,-9.0,-9.0,4.0,-9.0,-9,0.0,22661.0,2103.0
2665196,2665197,1.0,1080599,5,2,2,4,-9.0,-9.0,-9.0,-9.0,-9.0,-9,0.0,22661.0,2103.0
2665197,2665198,0.0,1080599,6,1,2,4,-9.0,-9.0,-9.0,-9.0,-9.0,-9,0.0,22661.0,2103.0
2665198,2665199,36.0,1080600,1,1,0,1,1.0,40.0,1.0,-9.0,4.0,722Z,16.0,22665.0,2103.0
2665199,2665200,33.0,1080600,2,1,15,2,1.0,40.0,1.0,-9.0,4.0,722Z,16.0,22665.0,2103.0
2665200,2665201,36.0,1080601,1,1,0,1,1.0,40.0,1.0,-9.0,4.0,722Z,16.0,22665.0,2103.0
2665201,2665202,33.0,1080601,2,1,15,2,1.0,40.0,1.0,-9.0,4.0,722Z,16.0,22665.0,2103.0
2665202,2665203,36.0,1080602,1,1,0,1,1.0,40.0,1.0,-9.0,4.0,722Z,16.0,22661.0,2103.0
2665203,2665204,33.0,1080602,2,1,15,2,1.0,40.0,1.0,-9.0,4.0,722Z,16.0,22661.0,2103.0
2665204,2665205,36.0,1080603,1,1,0,1,1.0,40.0,1.0,-9.0,4.0,722Z,16.0,22665.0,2103.0
2665205,2665206,33.0,1080603,2,1,15,2,1.0,40.0,1.0,-9.0,4.0,722Z,16.0,22665.0,2103.0
2665206,2665207,36.0,1080604,1,1,0,1,1.0,40.0,1.0,-9.0,4.0,722Z,16.0,22665.0,2103.0
2665207,2665208,33.0,1080604,2,1,15,2,1.0,40.0,1.0,-9.0,4.0,722Z,16.0,22665.0,2103.0
2665208,2665209,36.0,1080605,1,1,0,1,1.0,40.0,1.0,-9.0,4.0,722Z,16.0,22663.0,2103.0
2665209,2665210,33.0,1080605,2,1,15,2,1.0,40.0,1.0,-9.0,4.0,722Z,16.0,22663.0,2103.0
2665210,2665211,36.0,1080606,1,1,0,1,1.0,40.0,1.0,-9.0,4.0,722Z,16.0,22664.0,2103.0
2665211,2665212,33.0,1080606,2,1,15,2,1.0,40.0,1.0,-9.0,4.0,722Z,16.0,22664.0,2103.0
2665212,2665213,36.0,1080607,1,1,0,1,1.0,40.0,1.0,-9.0,4.0,722Z,16.0,22660.0,2103.0
2665213,2665214,33.0,1080607,2,1,15,2,1.0,40.0,1.0,-9.0,4.0,722Z,16.0,22660.0,2103.0
2665214,2665215,36.0,1080608,1,1,0,1,1.0,40.0,1.0,-9.0,4.0,722Z,16.0,22665.0,2103.0
2665215,2665216,33.0,1080608,2,1,15,2,1.0,40.0,1.0,-9.0,4.0,722Z,16.0,22665.0,2103.0
2665216,2665217,36.0,1080609,1,1,0,1,1.0,40.0,1.0,-9.0,4.0,722Z,16.0,22662.0,2103.0
2665217,2665218,33.0,1080609,2,1,15,2,1.0,40.0,1.0,-9.0,4.0,722Z,16.0,22662.0,2103.0
2665218,2665219,36.0,1080610,1,1,0,1,1.0,40.0,1.0,-9.0,4.0,722Z,16.0,22665.0,2103.0
2665219,2665220,33.0,1080610,2,1,15,2,1.0,40.0,1.0,-9.0,4.0,722Z,16.0,22665.0,2103.0
2665220,2665221,36.0,1080611,1,1,0,1,1.0,40.0,1.0,-9.0,4.0,722Z,16.0,22662.0,2103.0
2665221,2665222,33.0,1080611,2,1,15,2,1.0,40.0,1.0,-9.0,4.0,722Z,16.0,22662.0,2103.0
2665222,2665223,36.0,1080612,1,1,0,1,1.0,40.0,1.0,-9.0,4.0,722Z,16.0,22663.0,2103.0
2665223,2665224,33.0,1080612,2,1,15,2,1.0,40.0,1.0,-9.0,4.0,722Z,16.0,22663.0,2103.0
2665224,2665225,36.0,1080613,1,1,0,1,1.0,40.0,1.0,-9.0,4.0,722Z,16.0,22665.0,2103.0
2665225,2665226,33.0,1080613,2,1,15,2,1.0,40.0,1.0,-9.0,4.0,722Z,16.0,22665.0,2103.0
2665226,2665227,36.0,1080614,1,1,0,1,1.0,40.0,1.0,-9.0,4.0,722Z,16.0,22663.0,2103.0
2665227,2665228,33.0,1080614,2,1,15,2,1.0,40.0,1.0,-9.0,4.0,722Z,16.0,22663.0,2103.0
2665228,2665229,36.0,1080615,1,1,0,1,1.0,40.0,1.0,-9.0,4.0,722Z,16.0,22662.0,2103.0
2665229,2665230,33.0,1080615,2,1,15,2,1.0,40.0,1.0,-9.0,4.0,722Z,16.0,22662.0,2103.0
2665230,2665231,26.0,1080616,1,2,0,1,1.0,50.0,2.0,-9.0,4.0,5411,10.0,22665.0,2103.0
2665231,2665232,30.0,1080616,2,1,13,1,3.0,40.0,4.0,-9.0,4.0,5613,12.0,22665.0,2103.0
2665232,2665233,29.0,1080617,1,1,0,1,1.0,40.0,1.0,-9.0,4.0,5417,10.0,22662.0,2103.0
2665233,2665234,41.0,1080618,1,1,0,1,1.0,40.0,1.0,-9.0,4.0,5121,8.0,22660.0,2103.0
2665234,2665235,25.0,1080619,1,1,0,1,1.0,20.0,1.0,15.0,4.0,622M,15.0,22665.0,2103.0
2665235,2665236,25.0,1080619,2,2,13,1,1.0,20.0,1.0,15.0,4.0,622M,15.0,22665.0,2103.0
2665236,2665237,28.0,1080620,1,1,0,1,1.0,34.0,1.0,-9.0,4.0,623M,14.0,22665.0,2103.0
2665237,2665238,26.0,1080620,2,2,1,1,1.0,34.0,1.0,-9.0,4.0,6244,14.0,22665.0,2103.0
2665238,2665239,27.0,1080621,1,2,0,1,1.0,40.0,3.0,15.0,4.0,44511,5.0,22664.0,2103.0
2665239,2665240,53.0,1080621,2,1,1,1,1.0,32.0,2.0,-9.0,2.0,44511,5.0,22664.0,2103.0
2665240,2665241,27.0,1080622,1,1,0,1,3.0,10.0,6.0,16.0,4.0,611M1,13.0,22662.0,2103.0
2665241,2665242,31.0,1080622,2,2,1,1,1.0,40.0,4.0,-9.0,2.0,6111,13.0,22662.0,2103.0
2665242,2665243,35.0,1080623,1,2,0,1,1.0,35.0,2.0,-9.0,4.0,3121,3.0,22662.0,2103.0
2665243,2665244,25.0,1080624,1,1,0,1,1.0,40.0,1.0,-9.0,4.0,3341,3.0,22661.0,2103.0
2665244,2665245,33.0,1080625,1,1,0,1,1.0,50.0,1.0,-9.0,4.0,6111,13.0,22662.0,2103.0
2665245,2665246,33.0,1080625,2,2,1,1,2.0,40.0,1.0,-9.0,4.0,6212,14.0,22662.0,2103.0
2665246,2665247,6.0,1080625,3,1,2,1,-9.0,-9.0,-9.0,3.0,-9.0,-9,0.0,22662.0,2103.0
2665247,2665248,3.0,1080625,4,2,2,1,-9.0,-9.0,-9.0,1.0,-9.0,-9,0.0,22662.0,2103.0
2665248,2665249,3.0,1080625,5,2,2,1,-9.0,-9.0,-9.0,1.0,-9.0,-9,0.0,22662.0,2103.0
2665249,2665250,0.0,1080625,6,2,2,1,-9.0,-9.0,-9.0,-9.0,-9.0,-9,0.0,22662.0,2103.0
2665250,2665251,40.0,1080626,1,1,0,1,1.0,40.0,1.0,-9.0,4.0,484,6.0,22665.0,2103.0
2665251,2665252,26.0,1080626,2,2,1,1,6.0,-9.0,-9.0,-9.0,4.0,484,6.0,22665.0,2103.0
2665252,2665253,16.0,1080626,3,2,2,1,6.0,-9.0,-9.0,12.0,-9.0,-9,0.0,22665.0,2103.0
2665253,2665254,0.0,1080626,4,1,2,1,-9.0,-9.0,-9.0,-9.0,-9.0,-9,0.0,22665.0,2103.0
2665254,2665255,68.0,1080626,5,1,10,1,6.0,-9.0,-9.0,-9.0,2.0,-9,0.0,22665.0,2103.0
2665255,2665256,57.0,1080626,6,2,10,1,6.0,-9.0,-9.0,-9.0,4.0,-9,0.0,22665.0,2103.0
2665256,2665257,40.0,1080627,1,1,0,1,1.0,40.0,1.0,-9.0,4.0,484,6.0,22664.0,2103.0
2665257,2665258,26.0,1080627,2,2,1,1,6.0,-9.0,-9.0,-9.0,4.0,484,6.0,22664.0,2103.0
2665258,2665259,16.0,1080627,3,2,2,1,6.0,-9.0,-9.0,12.0,-9.0,-9,0.0,22664.0,2103.0
2665259,2665260,0.0,1080627,4,1,2,1,-9.0,-9.0,-9.0,-9.0,-9.0,-9,0.0,22664.0,2103.0
2665260,2665261,68.0,1080627,5,1,10,1,6.0,-9.0,-9.0,-9.0,2.0,-9,0.0,22664.0,2103.0
2665261,2665262,57.0,1080627,6,2,10,1,6.0,-9.0,-9.0,-9.0,4.0,-9,0.0,22664.0,2103.0
2665262,2665263,40.0,1080628,1,1,0,1,1.0,40.0,1.0,-9.0,4.0,484,6.0,22665.0,2103.0
2665263,2665264,26.0,1080628,2,2,1,1,6.0,-9.0,-9.0,-9.0,4.0,484,6.0,22665.0,2103.0
2665264,2665265,16.0,1080628,3,2,2,1,6.0,-9.0,-9.0,12.0,-9.0,-9,0.0,22665.0,2103.0
2665265,2665266,0.0,1080628,4,1,2,1,-9.0,-9.0,-9.0,-9.0,-9.0,-9,0.0,22665.0,2103.0
2665266,2665267,68.0,1080628,5,1,10,1,6.0,-9.0,-9.0,-9.0,2.0,-9,0.0,22665.0,2103.0
2665267,2665268,57.0,1080628,6,2,10,1,6.0,-9.0,-9.0,-9.0,4.0,-9,0.0,22665.0,2103.0
2665268,2665269,40.0,1080629,1,1,0,1,1.0,40.0,1.0,-9.0,4.0,484,6.0,22665.0,2103.0
2665269,2665270,26.0,1080629,2,2,1,1,6.0,-9.0,-9.0,-9.0,4.0,484,6.0,22665.0,2103.0
2665270,2665271,16.0,1080629,3,2,2,1,6.0,-9.0,-9.0,12.0,-9.0,-9,0.0,22665.0,2103.0
2665271,2665272,0.0,1080629,4,1,2,1,-9.0,-9.0,-9.0,-9.0,-9.0,-9,0.0,22665.0,2103.0
2665272,2665273,68.0,1080629,5,1,10,1,6.0,-9.0,-9.0,-9.0,2.0,-9,0.0,22665.0,2103.0
2665273,2665274,57.0,1080629,6,2,10,1,6.0,-9.0,-9.0,-9.0,4.0,-9,0.0,22665.0,2103.0
2665274,2665275,40.0,1080630,1,1,0,1,1.0,40.0,1.0,-9.0,4.0,484,6.0,22660.0,2103.0
2665275,2665276,26.0,1080630,2,2,1,1,6.0,-9.0,-9.0,-9.0,4.0,484,6.0,22660.0,2103.0
2665276,2665277,16.0,1080630,3,2,2,1,6.0,-9.0,-9.0,12.0,-9.0,-9,0.0,22660.0,2103.0
2665277,2665278,0.0,1080630,4,1,2,1,-9.0,-9.0,-9.0,-9.0,-9.0,-9,0.0,22660.0,2103.0
2665278,2665279,68.0,1080630,5,1,10,1,6.0,-9.0,-9.0,-9.0,2.0,-9,0.0,22660.0,2103.0
2665279,2665280,57.0,1080630,6,2,10,1,6.0,-9.0,-9.0,-9.0,4.0,-9,0.0,22660.0,2103.0
2665280,2665281,40.0,1080631,1,1,0,1,1.0,40.0,1.0,-9.0,4.0,484,6.0,22663.0,2103.0
2665281,2665282,26.0,1080631,2,2,1,1,6.0,-9.0,-9.0,-9.0,4.0,484,6.0,22663.0,2103.0
2665282,2665283,16.0,1080631,3,2,2,1,6.0,-9.0,-9.0,12.0,-9.0,-9,0.0,22663.0,2103.0
2665283,2665284,0.0,1080631,4,1,2,1,-9.0,-9.0,-9.0,-9.0,-9.0,-9,0.0,22663.0,2103.0
2665284,2665285,68.0,1080631,5,1,10,1,6.0,-9.0,-9.0,-9.0,2.0,-9,0.0,22663.0,2103.0
2665285,2665286,57.0,1080631,6,2,10,1,6.0,-9.0,-9.0,-9.0,4.0,-9,0.0,22663.0,2103.0
2665286,2665287,40.0,1080632,1,1,0,1,1.0,40.0,1.0,-9.0,4.0,484,6.0,22660.0,2103.0
2665287,2665288,26.0,1080632,2,2,1,1,6.0,-9.0,-9.0,-9.0,4.0,484,6.0,22660.0,2103.0
2665288,2665289,16.0,1080632,3,2,2,1,6.0,-9.0,-9.0,12.0,-9.0,-9,0.0,22660.0,2103.0
2665289,2665290,0.0,1080632,4,1,2,1,-9.0,-9.0,-9.0,-9.0,-9.0,-9,0.0,22660.0,2103.0
2665290,2665291,68.0,1080632,5,1,10,1,6.0,-9.0,-9.0,-9.0,2.0,-9,0.0,22660.0,2103.0
2665291,2665292,57.0,1080632,6,2,10,1,6.0,-9.0,-9.0,-9.0,4.0,-9,0.0,22660.0,2103.0
2665292,2665293,40.0,1080633,1,1,0,1,1.0,40.0,1.0,-9.0,4.0,484,6.0,22664.0,2103.0
2665293,2665294,26.0,1080633,2,2,1,1,6.0,-9.0,-9.0,-9.0,4.0,484,6.0,22664.0,2103.0
2665294,2665295,16.0,1080633,3,2,2,1,6.0,-9.0,-9.0,12.0,-9.0,-9,0.0,22664.0,2103.0
2665295,2665296,0.0,1080633,4,1,2,1,-9.0,-9.0,-9.0,-9.0,-9.0,-9,0.0,22664.0,2103.0
2665296,2665297,68.0,1080633,5,1,10,1,6.0,-9.0,-9.0,-9.0,2.0,-9,0.0,22664.0,2103.0
2665297,2665298,57.0,1080633,6,2,10,1,6.0,-9.0,-9.0,-9.0,4.0,-9,0.0,22664.0,2103.0
2665298,2665299,40.0,1080634,1,1,0,1,1.0,40.0,1.0,-9.0,4.0,484,6.0,22660.0,2103.0
2665299,2665300,26.0,1080634,2,2,1,1,6.0,-9.0,-9.0,-9.0,4.0,484,6.0,22660.0,2103.0
2665300,2665301,16.0,1080634,3,2,2,1,6.0,-9.0,-9.0,12.0,-9.0,-9,0.0,22660.0,2103.0
2665301,2665302,0.0,1080634,4,1,2,1,-9.0,-9.0,-9.0,-9.0,-9.0,-9,0.0,22660.0,2103.0
2665302,2665303,68.0,1080634,5,1,10,1,6.0,-9.0,-9.0,-9.0,2.0,-9,0.0,22660.0,2103.0
2665303,2665304,57.0,1080634,6,2,10,1,6.0,-9.0,-9.0,-9.0,4.0,-9,0.0,22660.0,2103.0
2665304,2665305,40.0,1080635,1,1,0,1,1.0,40.0,1.0,-9.0,4.0,484,6.0,22660.0,2103.0
2665305,2665306,26.0,1080635,2,2,1,1,6.0,-9.0,-9.0,-9.0,4.0,484,6.0,22660.0,2103.0
2665306,2665307,16.0,1080635,3,2,2,1,6.0,-9.0,-9.0,12.0,-9.0,-9,0.0,22660.0,2103.0
2665307,2665308,0.0,1080635,4,1,2,1,-9.0,-9.0,-9.0,-9.0,-9.0,-9,0.0,22660.0,2103.0
2665308,2665309,68.0,1080635,5,1,10,1,6.0,-9.0,-9.0,-9.0,2.0,-9,0.0,22660.0,2103.0
2665309,2665310,57.0,1080635,6,2,10,1,6.0,-9.0,-9.0,-9.0,4.0,-9,0.0,22660.0,2103.0
2665310,2665311,40.0,1080636,1,1,0,1,1.0,40.0,1.0,-9.0,4.0,484,6.0,22665.0,2103.0
2665311,2665312,26.0,1080636,2,2,1,1,6.0,-9.0,-9.0,-9.0,4.0,484,6.0,22665.0,2103.0
2665312,2665313,16.0,1080636,3,2,2,1,6.0,-9.0,-9.0,12.0,-9.0,-9,0.0,22665.0,2103.0
2665313,2665314,0.0,1080636,4,1,2,1,-9.0,-9.0,-9.0,-9.0,-9.0,-9,0.0,22665.0,2103.0
2665314,2665315,68.0,1080636,5,1,10,1,6.0,-9.0,-9.0,-9.0,2.0,-9,0.0,22665.0,2103.0
2665315,2665316,57.0,1080636,6,2,10,1,6.0,-9.0,-9.0,-9.0,4.0,-9,0.0,22665.0,2103.0
2665316,2665317,40.0,1080637,1,1,0,1,1.0,40.0,1.0,-9.0,4.0,484,6.0,22661.0,2103.0
2665317,2665318,26.0,1080637,2,2,1,1,6.0,-9.0,-9.0,-9.0,4.0,484,6.0,22661.0,2103.0
2665318,2665319,16.0,1080637,3,2,2,1,6.0,-9.0,-9.0,12.0,-9.0,-9,0.0,22661.0,2103.0
2665319,2665320,0.0,1080637,4,1,2,1,-9.0,-9.0,-9.0,-9.0,-9.0,-9,0.0,22661.0,2103.0
2665320,2665321,68.0,1080637,5,1,10,1,6.0,-9.0,-9.0,-9.0,2.0,-9,0.0,22661.0,2103.0
2665321,2665322,57.0,1080637,6,2,10,1,6.0,-9.0,-9.0,-9.0,4.0,-9,0.0,22661.0,2103.0
2665322,2665323,40.0,1080638,1,1,0,1,1.0,40.0,1.0,-9.0,4.0,484,6.0,22663.0,2103.0
2665323,2665324,26.0,1080638,2,2,1,1,6.0,-9.0,-9.0,-9.0,4.0,484,6.0,22663.0,2103.0
2665324,2665325,16.0,1080638,3,2,2,1,6.0,-9.0,-9.0,12.0,-9.0,-9,0.0,22663.0,2103.0
2665325,2665326,0.0,1080638,4,1,2,1,-9.0,-9.0,-9.0,-9.0,-9.0,-9,0.0,22663.0,2103.0
2665326,2665327,68.0,1080638,5,1,10,1,6.0,-9.0,-9.0,-9.0,2.0,-9,0.0,22663.0,2103.0
2665327,2665328,57.0,1080638,6,2,10,1,6.0,-9.0,-9.0,-9.0,4.0,-9,0.0,22663.0,2103.0
2665328,2665329,40.0,1080639,1,1,0,1,1.0,40.0,1.0,-9.0,4.0,484,6.0,22665.0,2103.0
2665329,2665330,26.0,1080639,2,2,1,1,6.0,-9.0,-9.0,-9.0,4.0,484,6.0,22665.0,2103.0
2665330,2665331,16.0,1080639,3,2,2,1,6.0,-9.0,-9.0,12.0,-9.0,-9,0.0,22665.0,2103.0
2665331,2665332,0.0,1080639,4,1,2,1,-9.0,-9.0,-9.0,-9.0,-9.0,-9,0.0,22665.0,2103.0
2665332,2665333,68.0,1080639,5,1,10,1,6.0,-9.0,-9.0,-9.0,2.0,-9,0.0,22665.0,2103.0
2665333,2665334,57.0,1080639,6,2,10,1,6.0,-9.0,-9.0,-9.0,4.0,-9,0.0,22665.0,2103.0
2665334,2665335,40.0,1080640,1,1,0,1,1.0,40.0,1.0,-9.0,4.0,484,6.0,22664.0,2103.0
2665335,2665336,26.0,1080640,2,2,1,1,6.0,-9.0,-9.0,-9.0,4.0,484,6.0,22664.0,2103.0
2665336,2665337,16.0,1080640,3,2,2,1,6.0,-9.0,-9.0,12.0,-9.0,-9,0.0,22664.0,2103.0
2665337,2665338,0.0,1080640,4,1,2,1,-9.0,-9.0,-9.0,-9.0,-9.0,-9,0.0,22664.0,2103.0
2665338,2665339,68.0,1080640,5,1,10,1,6.0,-9.0,-9.0,-9.0,2.0,-9,0.0,22664.0,2103.0
2665339,2665340,57.0,1080640,6,2,10,1,6.0,-9.0,-9.0,-9.0,4.0,-9,0.0,22664.0,2103.0
2665340,2665341,40.0,1080641,1,1,0,1,1.0,40.0,1.0,-9.0,4.0,484,6.0,22663.0,2103.0
2665341,2665342,26.0,1080641,2,2,1,1,6.0,-9.0,-9.0,-9.0,4.0,484,6.0,22663.0,2103.0
2665342,2665343,16.0,1080641,3,2,2,1,6.0,-9.0,-9.0,12.0,-9.0,-9,0.0,22663.0,2103.0
2665343,2665344,0.0,1080641,4,1,2,1,-9.0,-9.0,-9.0,-9.0,-9.0,-9,0.0,22663.0,2103.0
2665344,2665345,68.0,1080641,5,1,10,1,6.0,-9.0,-9.0,-9.0,2.0,-9,0.0,22663.0,2103.0
2665345,2665346,57.0,1080641,6,2,10,1,6.0,-9.0,-9.0,-9.0,4.0,-9,0.0,22663.0,2103.0
2665346,2665347,40.0,1080642,1,1,0,1,1.0,40.0,1.0,-9.0,4.0,484,6.0,22663.0,2103.0
2665347,2665348,26.0,1080642,2,2,1,1,6.0,-9.0,-9.0,-9.0,4.0,484,6.0,22663.0,2103.0
2665348,2665349,16.0,1080642,3,2,2,1,6.0,-9.0,-9.0,12.0,-9.0,-9,0.0,22663.0,2103.0
2665349,2665350,0.0,1080642,4,1,2,1,-9.0,-9.0,-9.0,-9.0,-9.0,-9,0.0,22663.0,2103.0
2665350,2665351,68.0,1080642,5,1,10,1,6.0,-9.0,-9.0,-9.0,2.0,-9,0.0,22663.0,2103.0
2665351,2665352,57.0,1080642,6,2,10,1,6.0,-9.0,-9.0,-9.0,4.0,-9,0.0,22663.0,2103.0
2665352,2665353,40.0,1080643,1,1,0,1,1.0,40.0,1.0,-9.0,4.0,484,6.0,22666.0,2103.0
2665353,2665354,26.0,1080643,2,2,1,1,6.0,-9.0,-9.0,-9.0,4.0,484,6.0,22666.0,2103.0
2665354,2665355,16.0,1080643,3,2,2,1,6.0,-9.0,-9.0,12.0,-9.0,-9,0.0,22666.0,2103.0
2665355,2665356,0.0,1080643,4,1,2,1,-9.0,-9.0,-9.0,-9.0,-9.0,-9,0.0,22666.0,2103.0
2665356,2665357,68.0,1080643,5,1,10,1,6.0,-9.0,-9.0,-9.0,2.0,-9,0.0,22666.0,2103.0
2665357,2665358,57.0,1080643,6,2,10,1,6.0,-9.0,-9.0,-9.0,4.0,-9,0.0,22666.0,2103.0
2665358,2665359,40.0,1080644,1,1,0,1,1.0,40.0,1.0,-9.0,4.0,484,6.0,22665.0,2103.0
2665359,2665360,26.0,1080644,2,2,1,1,6.0,-9.0,-9.0,-9.0,4.0,484,6.0,22665.0,2103.0
2665360,2665361,16.0,1080644,3,2,2,1,6.0,-9.0,-9.0,12.0,-9.0,-9,0.0,22665.0,2103.0
2665361,2665362,0.0,1080644,4,1,2,1,-9.0,-9.0,-9.0,-9.0,-9.0,-9,0.0,22665.0,2103.0
2665362,2665363,68.0,1080644,5,1,10,1,6.0,-9.0,-9.0,-9.0,2.0,-9,0.0,22665.0,2103.0
2665363,2665364,57.0,1080644,6,2,10,1,6.0,-9.0,-9.0,-9.0,4.0,-9,0.0,22665.0,2103.0
2665364,2665365,40.0,1080645,1,1,0,1,1.0,40.0,1.0,-9.0,4.0,484,6.0,22664.0,2103.0
2665365,2665366,26.0,1080645,2,2,1,1,6.0,-9.0,-9.0,-9.0,4.0,484,6.0,22664.0,2103.0
2665366,2665367,16.0,1080645,3,2,2,1,6.0,-9.0,-9.0,12.0,-9.0,-9,0.0,22664.0,2103.0
2665367,2665368,0.0,1080645,4,1,2,1,-9.0,-9.0,-9.0,-9.0,-9.0,-9,0.0,22664.0,2103.0
2665368,2665369,68.0,1080645,5,1,10,1,6.0,-9.0,-9.0,-9.0,2.0,-9,0.0,22664.0,2103.0
2665369,2665370,57.0,1080645,6,2,10,1,6.0,-9.0,-9.0,-9.0,4.0,-9,0.0,22664.0,2103.0
2665370,2665371,40.0,1080646,1,1,0,1,1.0,40.0,1.0,-9.0,4.0,484,6.0,22665.0,2103.0
2665371,2665372,26.0,1080646,2,2,1,1,6.0,-9.0,-9.0,-9.0,4.0,484,6.0,22665.0,2103.0
2665372,2665373,16.0,1080646,3,2,2,1,6.0,-9.0,-9.0,12.0,-9.0,-9,0.0,22665.0,2103.0
2665373,2665374,0.0,1080646,4,1,2,1,-9.0,-9.0,-9.0,-9.0,-9.0,-9,0.0,22665.0,2103.0
2665374,2665375,68.0,1080646,5,1,10,1,6.0,-9.0,-9.0,-9.0,2.0,-9,0.0,22665.0,2103.0
2665375,2665376,57.0,1080646,6,2,10,1,6.0,-9.0,-9.0,-9.0,4.0,-9,0.0,22665.0,2103.0
2665376,2665377,40.0,1080647,1,1,0,1,1.0,40.0,1.0,-9.0,4.0,484,6.0,22661.0,2103.0
2665377,2665378,26.0,1080647,2,2,1,1,6.0,-9.0,-9.0,-9.0,4.0,484,6.0,22661.0,2103.0
2665378,2665379,16.0,1080647,3,2,2,1,6.0,-9.0,-9.0,12.0,-9.0,-9,0.0,22661.0,2103.0
2665379,2665380,0.0,1080647,4,1,2,1,-9.0,-9.0,-9.0,-9.0,-9.0,-9,0.0,22661.0,2103.0
2665380,2665381,68.0,1080647,5,1,10,1,6.0,-9.0,-9.0,-9.0,2.0,-9,0.0,22661.0,2103.0
2665381,2665382,57.0,1080647,6,2,10,1,6.0,-9.0,-9.0,-9.0,4.0,-9,0.0,22661.0,2103.0
2665382,2665383,40.0,1080648,1,1,0,1,1.0,40.0,1.0,-9.0,4.0,484,6.0,22665.0,2103.0
2665383,2665384,26.0,1080648,2,2,1,1,6.0,-9.0,-9.0,-9.0,4.0,484,6.0,22665.0,2103.0
2665384,2665385,16.0,1080648,3,2,2,1,6.0,-9.0,-9.0,12.0,-9.0,-9,0.0,22665.0,2103.0
2665385,2665386,0.0,1080648,4,1,2,1,-9.0,-9.0,-9.0,-9.0,-9.0,-9,0.0,22665.0,2103.0
2665386,2665387,68.0,1080648,5,1,10,1,6.0,-9.0,-9.0,-9.0,2.0,-9,0.0,22665.0,2103.0
2665387,2665388,57.0,1080648,6,2,10,1,6.0,-9.0,-9.0,-9.0,4.0,-9,0.0,22665.0,2103.0
2665388,2665389,40.0,1080649,1,1,0,1,1.0,40.0,1.0,-9.0,4.0,484,6.0,22665.0,2103.0
2665389,2665390,26.0,1080649,2,2,1,1,6.0,-9.0,-9.0,-9.0,4.0,484,6.0,22665.0,2103.0
2665390,2665391,16.0,1080649,3,2,2,1,6.0,-9.0,-9.0,12.0,-9.0,-9,0.0,22665.0,2103.0
2665391,2665392,0.0,1080649,4,1,2,1,-9.0,-9.0,-9.0,-9.0,-9.0,-9,0.0,22665.0,2103.0
2665392,2665393,68.0,1080649,5,1,10,1,6.0,-9.0,-9.0,-9.0,2.0,-9,0.0,22665.0,2103.0
2665393,2665394,57.0,1080649,6,2,10,1,6.0,-9.0,-9.0,-9.0,4.0,-9,0.0,22665.0,2103.0
2665394,2665395,40.0,1080650,1,1,0,1,1.0,40.0,1.0,-9.0,4.0,484,6.0,22663.0,2103.0
2665395,2665396,26.0,1080650,2,2,1,1,6.0,-9.0,-9.0,-9.0,4.0,484,6.0,22663.0,2103.0
2665396,2665397,16.0,1080650,3,2,2,1,6.0,-9.0,-9.0,12.0,-9.0,-9,0.0,22663.0,2103.0
2665397,2665398,0.0,1080650,4,1,2,1,-9.0,-9.0,-9.0,-9.0,-9.0,-9,0.0,22663.0,2103.0
2665398,2665399,68.0,1080650,5,1,10,1,6.0,-9.0,-9.0,-9.0,2.0,-9,0.0,22663.0,2103.0
2665399,2665400,57.0,1080650,6,2,10,1,6.0,-9.0,-9.0,-9.0,4.0,-9,0.0,22663.0,2103.0
2665400,2665401,40.0,1080651,1,1,0,1,1.0,40.0,1.0,-9.0,4.0,484,6.0,22665.0,2103.0
2665401,2665402,26.0,1080651,2,2,1,1,6.0,-9.0,-9.0,-9.0,4.0,484,6.0,22665.0,2103.0
2665402,2665403,16.0,1080651,3,2,2,1,6.0,-9.0,-9.0,12.0,-9.0,-9,0.0,22665.0,2103.0
2665403,2665404,0.0,1080651,4,1,2,1,-9.0,-9.0,-9.0,-9.0,-9.0,-9,0.0,22665.0,2103.0
2665404,2665405,68.0,1080651,5,1,10,1,6.0,-9.0,-9.0,-9.0,2.0,-9,0.0,22665.0,2103.0
2665405,2665406,57.0,1080651,6,2,10,1,6.0,-9.0,-9.0,-9.0,4.0,-9,0.0,22665.0,2103.0
2665406,2665407,40.0,1080652,1,1,0,1,1.0,40.0,1.0,-9.0,4.0,484,6.0,22662.0,2103.0
2665407,2665408,26.0,1080652,2,2,1,1,6.0,-9.0,-9.0,-9.0,4.0,484,6.0,22662.0,2103.0
2665408,2665409,16.0,1080652,3,2,2,1,6.0,-9.0,-9.0,12.0,-9.0,-9,0.0,22662.0,2103.0
2665409,2665410,0.0,1080652,4,1,2,1,-9.0,-9.0,-9.0,-9.0,-9.0,-9,0.0,22662.0,2103.0
2665410,2665411,68.0,1080652,5,1,10,1,6.0,-9.0,-9.0,-9.0,2.0,-9,0.0,22662.0,2103.0
2665411,2665412,57.0,1080652,6,2,10,1,6.0,-9.0,-9.0,-9.0,4.0,-9,0.0,22662.0,2103.0
2665412,2665413,40.0,1080653,1,1,0,1,1.0,40.0,1.0,-9.0,4.0,484,6.0,22665.0,2103.0
2665413,2665414,26.0,1080653,2,2,1,1,6.0,-9.0,-9.0,-9.0,4.0,484,6.0,22665.0,2103.0
2665414,2665415,16.0,1080653,3,2,2,1,6.0,-9.0,-9.0,12.0,-9.0,-9,0.0,22665.0,2103.0
2665415,2665416,0.0,1080653,4,1,2,1,-9.0,-9.0,-9.0,-9.0,-9.0,-9,0.0,22665.0,2103.0
2665416,2665417,68.0,1080653,5,1,10,1,6.0,-9.0,-9.0,-9.0,2.0,-9,0.0,22665.0,2103.0
2665417,2665418,57.0,1080653,6,2,10,1,6.0,-9.0,-9.0,-9.0,4.0,-9,0.0,22665.0,2103.0
2665418,2665419,40.0,1080654,1,1,0,1,1.0,40.0,1.0,-9.0,4.0,484,6.0,22665.0,2103.0
2665419,2665420,26.0,1080654,2,2,1,1,6.0,-9.0,-9.0,-9.0,4.0,484,6.0,22665.0,2103.0
2665420,2665421,16.0,1080654,3,2,2,1,6.0,-9.0,-9.0,12.0,-9.0,-9,0.0,22665.0,2103.0
2665421,2665422,0.0,1080654,4,1,2,1,-9.0,-9.0,-9.0,-9.0,-9.0,-9,0.0,22665.0,2103.0
2665422,2665423,68.0,1080654,5,1,10,1,6.0,-9.0,-9.0,-9.0,2.0,-9,0.0,22665.0,2103.0
2665423,2665424,57.0,1080654,6,2,10,1,6.0,-9.0,-9.0,-9.0,4.0,-9,0.0,22665.0,2103.0
2665424,2665425,40.0,1080655,1,1,0,1,1.0,40.0,1.0,-9.0,4.0,484,6.0,22661.0,2103.0
2665425,2665426,26.0,1080655,2,2,1,1,6.0,-9.0,-9.0,-9.0,4.0,484,6.0,22661.0,2103.0
2665426,2665427,16.0,1080655,3,2,2,1,6.0,-9.0,-9.0,12.0,-9.0,-9,0.0,22661.0,2103.0
2665427,2665428,0.0,1080655,4,1,2,1,-9.0,-9.0,-9.0,-9.0,-9.0,-9,0.0,22661.0,2103.0
2665428,2665429,68.0,1080655,5,1,10,1,6.0,-9.0,-9.0,-9.0,2.0,-9,0.0,22661.0,2103.0
2665429,2665430,57.0,1080655,6,2,10,1,6.0,-9.0,-9.0,-9.0,4.0,-9,0.0,22661.0,2103.0
2665430,2665431,40.0,1080656,1,1,0,1,1.0,40.0,1.0,-9.0,4.0,484,6.0,22662.0,2103.0
2665431,2665432,26.0,1080656,2,2,1,1,6.0,-9.0,-9.0,-9.0,4.0,484,6.0,22662.0,2103.0
2665432,2665433,16.0,1080656,3,2,2,1,6.0,-9.0,-9.0,12.0,-9.0,-9,0.0,22662.0,2103.0
2665433,2665434,0.0,1080656,4,1,2,1,-9.0,-9.0,-9.0,-9.0,-9.0,-9,0.0,22662.0,2103.0
2665434,2665435,68.0,1080656,5,1,10,1,6.0,-9.0,-9.0,-9.0,2.0,-9,0.0,22662.0,2103.0
2665435,2665436,57.0,1080656,6,2,10,1,6.0,-9.0,-9.0,-9.0,4.0,-9,0.0,22662.0,2103.0
2665436,2665437,40.0,1080657,1,1,0,1,1.0,40.0,1.0,-9.0,4.0,484,6.0,22665.0,2103.0
2665437,2665438,26.0,1080657,2,2,1,1,6.0,-9.0,-9.0,-9.0,4.0,484,6.0,22665.0,2103.0
2665438,2665439,16.0,1080657,3,2,2,1,6.0,-9.0,-9.0,12.0,-9.0,-9,0.0,22665.0,2103.0
2665439,2665440,0.0,1080657,4,1,2,1,-9.0,-9.0,-9.0,-9.0,-9.0,-9,0.0,22665.0,2103.0
2665440,2665441,68.0,1080657,5,1,10,1,6.0,-9.0,-9.0,-9.0,2.0,-9,0.0,22665.0,2103.0
2665441,2665442,57.0,1080657,6,2,10,1,6.0,-9.0,-9.0,-9.0,4.0,-9,0.0,22665.0,2103.0
2665442,2665443,40.0,1080658,1,1,0,1,1.0,40.0,1.0,-9.0,4.0,484,6.0,22662.0,2103.0
2665443,2665444,26.0,1080658,2,2,1,1,6.0,-9.0,-9.0,-9.0,4.0,484,6.0,22662.0,2103.0
2665444,2665445,16.0,1080658,3,2,2,1,6.0,-9.0,-9.0,12.0,-9.0,-9,0.0,22662.0,2103.0
2665445,2665446,0.0,1080658,4,1,2,1,-9.0,-9.0,-9.0,-9.0,-9.0,-9,0.0,22662.0,2103.0
2665446,2665447,68.0,1080658,5,1,10,1,6.0,-9.0,-9.0,-9.0,2.0,-9,0.0,22662.0,2103.0
2665447,2665448,57.0,1080658,6,2,10,1,6.0,-9.0,-9.0,-9.0,4.0,-9,0.0,22662.0,2103.0
2665448,2665449,40.0,1080659,1,1,0,1,1.0,40.0,1.0,-9.0,4.0,484,6.0,22664.0,2103.0
2665449,2665450,26.0,1080659,2,2,1,1,6.0,-9.0,-9.0,-9.0,4.0,484,6.0,22664.0,2103.0
2665450,2665451,16.0,1080659,3,2,2,1,6.0,-9.0,-9.0,12.0,-9.0,-9,0.0,22664.0,2103.0
2665451,2665452,0.0,1080659,4,1,2,1,-9.0,-9.0,-9.0,-9.0,-9.0,-9,0.0,22664.0,2103.0
2665452,2665453,68.0,1080659,5,1,10,1,6.0,-9.0,-9.0,-9.0,2.0,-9,0.0,22664.0,2103.0
2665453,2665454,57.0,1080659,6,2,10,1,6.0,-9.0,-9.0,-9.0,4.0,-9,0.0,22664.0,2103.0
2665454,2665455,40.0,1080660,1,1,0,1,1.0,40.0,1.0,-9.0,4.0,484,6.0,22665.0,2103.0
2665455,2665456,26.0,1080660,2,2,1,1,6.0,-9.0,-9.0,-9.0,4.0,484,6.0,22665.0,2103.0
2665456,2665457,16.0,1080660,3,2,2,1,6.0,-9.0,-9.0,12.0,-9.0,-9,0.0,22665.0,2103.0
2665457,2665458,0.0,1080660,4,1,2,1,-9.0,-9.0,-9.0,-9.0,-9.0,-9,0.0,22665.0,2103.0
2665458,2665459,68.0,1080660,5,1,10,1,6.0,-9.0,-9.0,-9.0,2.0,-9,0.0,22665.0,2103.0
2665459,2665460,57.0,1080660,6,2,10,1,6.0,-9.0,-9.0,-9.0,4.0,-9,0.0,22665.0,2103.0
2665460,2665461,27.0,1080661,1,2,0,1,1.0,40.0,1.0,-9.0,4.0,7211,16.0,22663.0,2103.0
2665461,2665462,3.0,1080661,2,1,2,2,-9.0,-9.0,-9.0,-9.0,-9.0,-9,0.0,22663.0,2103.0
2665462,2665463,3.0,1080661,3,2,2,2,-9.0,-9.0,-9.0,-9.0,-9.0,-9,0.0,22663.0,2103.0
2665463,2665464,25.0,1080661,4,1,15,2,3.0,40.0,1.0,-9.0,4.0,7211,16.0,22663.0,2103.0
2665464,2665465,27.0,1080662,1,2,0,1,1.0,40.0,1.0,-9.0,4.0,7211,16.0,22660.0,2103.0
2665465,2665466,3.0,1080662,2,1,2,2,-9.0,-9.0,-9.0,-9.0,-9.0,-9,0.0,22660.0,2103.0
2665466,2665467,3.0,1080662,3,2,2,2,-9.0,-9.0,-9.0,-9.0,-9.0,-9,0.0,22660.0,2103.0
2665467,2665468,25.0,1080662,4,1,15,2,3.0,40.0,1.0,-9.0,4.0,7211,16.0,22660.0,2103.0
2665468,2665469,27.0,1080663,1,2,0,1,1.0,40.0,1.0,-9.0,4.0,7211,16.0,22662.0,2103.0
2665469,2665470,3.0,1080663,2,1,2,2,-9.0,-9.0,-9.0,-9.0,-9.0,-9,0.0,22662.0,2103.0
2665470,2665471,3.0,1080663,3,2,2,2,-9.0,-9.0,-9.0,-9.0,-9.0,-9,0.0,22662.0,2103.0
2665471,2665472,25.0,1080663,4,1,15,2,3.0,40.0,1.0,-9.0,4.0,7211,16.0,22662.0,2103.0
2665472,2665473,27.0,1080664,1,2,0,1,1.0,40.0,1.0,-9.0,4.0,7211,16.0,22664.0,2103.0
2665473,2665474,3.0,1080664,2,1,2,2,-9.0,-9.0,-9.0,-9.0,-9.0,-9,0.0,22664.0,2103.0
2665474,2665475,3.0,1080664,3,2,2,2,-9.0,-9.0,-9.0,-9.0,-9.0,-9,0.0,22664.0,2103.0
2665475,2665476,25.0,1080664,4,1,15,2,3.0,40.0,1.0,-9.0,4.0,7211,16.0,22664.0,2103.0
2665476,2665477,27.0,1080665,1,2,0,1,1.0,40.0,1.0,-9.0,4.0,7211,16.0,22663.0,2103.0
2665477,2665478,3.0,1080665,2,1,2,2,-9.0,-9.0,-9.0,-9.0,-9.0,-9,0.0,22663.0,2103.0
2665478,2665479,3.0,1080665,3,2,2,2,-9.0,-9.0,-9.0,-9.0,-9.0,-9,0.0,22663.0,2103.0
2665479,2665480,25.0,1080665,4,1,15,2,3.0,40.0,1.0,-9.0,4.0,7211,16.0,22663.0,2103.0
2665480,2665481,27.0,1080666,1,2,0,1,1.0,40.0,1.0,-9.0,4.0,7211,16.0,22662.0,2103.0
2665481,2665482,3.0,1080666,2,1,2,2,-9.0,-9.0,-9.0,-9.0,-9.0,-9,0.0,22662.0,2103.0
2665482,2665483,3.0,1080666,3,2,2,2,-9.0,-9.0,-9.0,-9.0,-9.0,-9,0.0,22662.0,2103.0
2665483,2665484,25.0,1080666,4,1,15,2,3.0,40.0,1.0,-9.0,4.0,7211,16.0,22662.0,2103.0
2665484,2665485,27.0,1080667,1,2,0,1,1.0,40.0,1.0,-9.0,4.0,7211,16.0,22664.0,2103.0
2665485,2665486,3.0,1080667,2,1,2,2,-9.0,-9.0,-9.0,-9.0,-9.0,-9,0.0,22664.0,2103.0
2665486,2665487,3.0,1080667,3,2,2,2,-9.0,-9.0,-9.0,-9.0,-9.0,-9,0.0,22664.0,2103.0
2665487,2665488,25.0,1080667,4,1,15,2,3.0,40.0,1.0,-9.0,4.0,7211,16.0,22664.0,2103.0
2665488,2665489,27.0,1080668,1,2,0,1,1.0,40.0,1.0,-9.0,4.0,7211,16.0,22661.0,2103.0
2665489,2665490,3.0,1080668,2,1,2,2,-9.0,-9.0,-9.0,-9.0,-9.0,-9,0.0,22661.0,2103.0
2665490,2665491,3.0,1080668,3,2,2,2,-9.0,-9.0,-9.0,-9.0,-9.0,-9,0.0,22661.0,2103.0
2665491,2665492,25.0,1080668,4,1,15,2,3.0,40.0,1.0,-9.0,4.0,7211,16.0,22661.0,2103.0
2665492,2665493,27.0,1080669,1,2,0,1,1.0,40.0,1.0,-9.0,4.0,7211,16.0,22662.0,2103.0
2665493,2665494,3.0,1080669,2,1,2,2,-9.0,-9.0,-9.0,-9.0,-9.0,-9,0.0,22662.0,2103.0
2665494,2665495,3.0,1080669,3,2,2,2,-9.0,-9.0,-9.0,-9.0,-9.0,-9,0.0,22662.0,2103.0
2665495,2665496,25.0,1080669,4,1,15,2,3.0,40.0,1.0,-9.0,4.0,7211,16.0,22662.0,2103.0
2665496,2665497,44.0,1080670,1,2,0,1,6.0,-9.0,-9.0,-9.0,4.0,-9,0.0,22665.0,2103.0
2665497,2665498,14.0,1080670,2,1,2,1,-9.0,-9.0,-9.0,10.0,-9.0,-9,0.0,22665.0,2103.0
2665498,2665499,9.0,1080670,3,2,2,1,-9.0,-9.0,-9.0,6.0,-9.0,-9,0.0,22665.0,2103.0
2665499,2665500,4.0,1080670,4,1,2,1,-9.0,-9.0,-9.0,-9.0,-9.0,-9,0.0,22665.0,2103.0
2665500,2665501,44.0,1080671,1,2,0,1,6.0,-9.0,-9.0,-9.0,4.0,-9,0.0,22665.0,2103.0
2665501,2665502,14.0,1080671,2,1,2,1,-9.0,-9.0,-9.0,10.0,-9.0,-9,0.0,22665.0,2103.0
2665502,2665503,9.0,1080671,3,2,2,1,-9.0,-9.0,-9.0,6.0,-9.0,-9,0.0,22665.0,2103.0
2665503,2665504,4.0,1080671,4,1,2,1,-9.0,-9.0,-9.0,-9.0,-9.0,-9,0.0,22665.0,2103.0
2665504,2665505,44.0,1080672,1,2,0,1,6.0,-9.0,-9.0,-9.0,4.0,-9,0.0,22661.0,2103.0
2665505,2665506,14.0,1080672,2,1,2,1,-9.0,-9.0,-9.0,10.0,-9.0,-9,0.0,22661.0,2103.0
2665506,2665507,9.0,1080672,3,2,2,1,-9.0,-9.0,-9.0,6.0,-9.0,-9,0.0,22661.0,2103.0
2665507,2665508,4.0,1080672,4,1,2,1,-9.0,-9.0,-9.0,-9.0,-9.0,-9,0.0,22661.0,2103.0
2665508,2665509,23.0,1080673,1,2,0,1,1.0,40.0,1.0,15.0,4.0,44511,5.0,22660.0,2103.0
2665509,2665510,20.0,1080673,2,2,13,1,1.0,30.0,1.0,15.0,4.0,447,5.0,22660.0,2103.0
2665510,2665511,24.0,1080673,3,1,12,1,1.0,40.0,1.0,-9.0,4.0,44511,5.0,22660.0,2103.0
2665682,2665683,60.0,1080757,1,1,0,1,6.0,-9.0,-9.0,-9.0,4.0,-9,0.0,22668.0,2103.0
2665683,2665684,63.0,1080757,2,2,1,2,1.0,68.0,3.0,-9.0,4.0,6216,14.0,22668.0,2103.0
2665712,2665713,56.0,1080774,1,2,0,1,6.0,-9.0,-9.0,-9.0,4.0,-9,0.0,22668.0,2103.0
2665713,2665714,17.0,1080774,2,1,3,2,6.0,-9.0,-9.0,13.0,4.0,-9,0.0,22668.0,2103.0
2665775,2665776,27.0,1080806,1,2,0,2,1.0,40.0,1.0,-9.0,4.0,5415,10.0,22668.0,2103.0
2665829,2665830,25.0,1080841,1,2,0,2,1.0,40.0,1.0,-9.0,4.0,492,6.0,22668.0,2103.0
2665830,2665831,7.0,1080841,2,1,2,2,-9.0,-9.0,-9.0,3.0,-9.0,-9,0.0,22668.0,2103.0
2665847,2665848,36.0,1080850,1,1,0,1,1.0,40.0,1.0,-9.0,4.0,722Z,16.0,22668.0,2103.0
2665848,2665849,33.0,1080850,2,1,15,2,1.0,40.0,1.0,-9.0,4.0,722Z,16.0,22668.0,2103.0
2665869,2665870,36.0,1080861,1,1,0,1,1.0,40.0,1.0,-9.0,4.0,722Z,16.0,22668.0,2103.0
2665870,2665871,33.0,1080861,2,1,15,2,1.0,40.0,1.0,-9.0,4.0,722Z,16.0,22668.0,2103.0
2665911,2665912,36.0,1080882,1,1,0,1,1.0,40.0,1.0,-9.0,4.0,722Z,16.0,22668.0,2103.0
2665912,2665913,33.0,1080882,2,1,15,2,1.0,40.0,1.0,-9.0,4.0,722Z,16.0,22668.0,2103.0
2666054,2666055,38.0,1080930,1,2,0,1,1.0,40.0,1.0,-9.0,4.0,622M,15.0,22668.0,2103.0
2666055,2666056,11.0,1080930,2,2,2,2,-9.0,-9.0,-9.0,7.0,-9.0,-9,0.0,22668.0,2103.0
2666056,2666057,4.0,1080930,3,2,2,2,-9.0,-9.0,-9.0,-9.0,-9.0,-9,0.0,22668.0,2103.0
2666122,2666123,21.0,1080958,1,1,0,2,1.0,30.0,4.0,15.0,4.0,722Z,16.0,22668.0,2103.0
2666123,2666124,21.0,1080958,2,2,13,1,1.0,30.0,1.0,15.0,4.0,722Z,16.0,22668.0,2103.0
2666142,2666143,21.0,1080968,1,1,0,2,1.0,30.0,4.0,15.0,4.0,722Z,16.0,22668.0,2103.0
2666143,2666144,21.0,1080968,2,2,13,1,1.0,30.0,1.0,15.0,4.0,722Z,16.0,22668.0,2103.0
2668007,2668008,72.0,1081682,1,2,0,2,2.0,3.0,3.0,-9.0,4.0,5121,8.0,22669.0,2104.0
2668008,2668009,71.0,1081682,2,1,1,2,6.0,-9.0,-9.0,-9.0,2.0,-9,0.0,22669.0,2104.0
2668009,2668010,72.0,1081683,1,2,0,2,2.0,3.0,3.0,-9.0,4.0,5121,8.0,22659.0,2103.0
2668010,2668011,71.0,1081683,2,1,1,2,6.0,-9.0,-9.0,-9.0,2.0,-9,0.0,22659.0,2103.0
2668011,2668012,72.0,1081684,1,2,0,2,2.0,3.0,3.0,-9.0,4.0,5121,8.0,22670.0,2104.0
2668012,2668013,71.0,1081684,2,1,1,2,6.0,-9.0,-9.0,-9.0,2.0,-9,0.0,22670.0,2104.0
2668013,2668014,72.0,1081685,1,2,0,2,2.0,3.0,3.0,-9.0,4.0,5121,8.0,22667.0,2103.0
2668014,2668015,71.0,1081685,2,1,1,2,6.0,-9.0,-9.0,-9.0,2.0,-9,0.0,22667.0,2103.0
2668015,2668016,76.0,1081686,1,1,0,2,1.0,30.0,3.0,-9.0,4.0,485M,6.0,22670.0,2104.0
2668016,2668017,71.0,1081686,2,2,1,2,6.0,-9.0,-9.0,-9.0,4.0,-9,0.0,22670.0,2104.0
2668017,2668018,75.0,1081687,1,1,0,2,6.0,-9.0,-9.0,-9.0,4.0,-9,0.0,22659.0,2103.0
2668018,2668019,73.0,1081687,2,2,1,2,6.0,-9.0,-9.0,-9.0,4.0,-9,0.0,22659.0,2103.0
2668019,2668020,75.0,1081688,1,1,0,2,6.0,-9.0,-9.0,-9.0,4.0,-9,0.0,22667.0,2103.0
2668020,2668021,73.0,1081688,2,2,1,2,6.0,-9.0,-9.0,-9.0,4.0,-9,0.0,22667.0,2103.0
2668021,2668022,94.0,1081689,1,1,0,2,6.0,-9.0,-9.0,-9.0,2.0,-9,0.0,22668.0,2103.0
2668022,2668023,94.0,1081690,1,1,0,2,6.0,-9.0,-9.0,-9.0,2.0,-9,0.0,22659.0,2103.0
2668023,2668024,73.0,1081691,1,1,0,2,6.0,-9.0,-9.0,-9.0,2.0,-9,0.0,22659.0,2103.0
2668024,2668025,67.0,1081692,1,1,0,2,6.0,-9.0,-9.0,-9.0,4.0,-9,0.0,22670.0,2104.0
2668025,2668026,69.0,1081693,1,1,0,2,6.0,-9.0,-9.0,-9.0,4.0,-9,0.0,22669.0,2104.0
2668026,2668027,68.0,1081693,2,2,1,2,6.0,-9.0,-9.0,-9.0,4.0,-9,0.0,22669.0,2104.0
2668027,2668028,69.0,1081694,1,1,0,2,6.0,-9.0,-9.0,-9.0,4.0,-9,0.0,22667.0,2103.0
2668028,2668029,68.0,1081694,2,2,1,2,6.0,-9.0,-9.0,-9.0,4.0,-9,0.0,22667.0,2103.0
2668029,2668030,94.0,1081695,1,2,0,2,6.0,-9.0,-9.0,-9.0,4.0,-9,0.0,22670.0,2104.0
2668030,2668031,65.0,1081695,2,2,2,2,6.0,-9.0,-9.0,-9.0,4.0,-9,0.0,22670.0,2104.0
2668031,2668032,69.0,1081696,1,2,0,2,6.0,-9.0,-9.0,-9.0,4.0,-9,0.0,22667.0,2103.0
2668032,2668033,66.0,1081696,2,1,1,2,6.0,-9.0,-9.0,-9.0,3.0,-9,0.0,22667.0,2103.0
2668033,2668034,69.0,1081697,1,2,0,2,6.0,-9.0,-9.0,-9.0,4.0,-9,0.0,22669.0,2104.0
2668034,2668035,66.0,1081697,2,1,1,2,6.0,-9.0,-9.0,-9.0,3.0,-9,0.0,22669.0,2104.0
2668035,2668036,78.0,1081698,1,2,0,2,6.0,-9.0,-9.0,-9.0,4.0,-9,0.0,22668.0,2103.0
2668036,2668037,77.0,1081698,2,1,1,2,6.0,-9.0,-9.0,-9.0,3.0,-9,0.0,22668.0,2103.0
2668037,2668038,69.0,1081699,1,2,0,2,6.0,-9.0,-9.0,-9.0,4.0,-9,0.0,22667.0,2103.0
2668038,2668039,66.0,1081699,2,1,1,2,6.0,-9.0,-9.0,-9.0,3.0,-9,0.0,22667.0,2103.0
2668039,2668040,75.0,1081700,1,2,0,2,6.0,-9.0,-9.0,-9.0,4.0,-9,0.0,22659.0,2103.0
2668040,2668041,66.0,1081701,1,2,0,2,6.0,-9.0,-9.0,-9.0,4.0,-9,0.0,22669.0,2104.0
2668041,2668042,75.0,1081702,1,2,0,2,6.0,-9.0,-9.0,-9.0,4.0,-9,0.0,22669.0,2104.0
2668042,2668043,91.0,1081703,1,2,0,2,6.0,-9.0,-9.0,-9.0,4.0,-9,0.0,22667.0,2103.0
2668043,2668044,90.0,1081704,1,2,0,2,6.0,-9.0,-9.0,-9.0,4.0,-9,0.0,22669.0,2104.0
2668044,2668045,70.0,1081705,1,1,0,2,6.0,-9.0,-9.0,-9.0,4.0,-9,0.0,22670.0,2104.0
2668045,2668046,85.0,1081706,1,1,0,2,6.0,-9.0,-9.0,-9.0,4.0,-9,0.0,22659.0,2103.0
2668046,2668047,78.0,1081706,2,2,1,2,6.0,-9.0,-9.0,-9.0,4.0,-9,0.0,22659.0,2103.0
2668047,2668048,85.0,1081707,1,1,0,2,6.0,-9.0,-9.0,-9.0,4.0,-9,0.0,22670.0,2104.0
2668048,2668049,78.0,1081707,2,2,1,2,6.0,-9.0,-9.0,-9.0,4.0,-9,0.0,22670.0,2104.0
2668049,2668050,71.0,1081708,1,1,0,2,6.0,-9.0,-9.0,-9.0,2.0,-9,0.0,22670.0,2104.0
2668050,2668051,71.0,1081708,2,2,1,2,6.0,-9.0,-9.0,-9.0,4.0,-9,0.0,22670.0,2104.0
2668051,2668052,66.0,1081709,1,2,0,2,6.0,-9.0,-9.0,-9.0,4.0,-9,0.0,22669.0,2104.0
2668052,2668053,66.0,1081710,1,2,0,2,6.0,-9.0,-9.0,-9.0,4.0,-9,0.0,22659.0,2103.0
2668053,2668054,84.0,1081711,1,2,0,2,6.0,-9.0,-9.0,-9.0,4.0,-9,0.0,22670.0,2104.0
2668054,2668055,84.0,1081712,1,2,0,2,6.0,-9.0,-9.0,-9.0,4.0,-9,0.0,22670.0,2104.0
2668055,2668056,73.0,1081713,1,2,0,2,6.0,-9.0,-9.0,-9.0,4.0,-9,0.0,22659.0,2103.0
2668056,2668057,78.0,1081714,1,2,0,2,6.0,-9.0,-9.0,-9.0,4.0,-9,0.0,22659.0,2103.0
2668057,2668058,90.0,1081715,1,2,0,2,6.0,-9.0,-9.0,-9.0,4.0,-9,0.0,22669.0,2104.0
2668058,2668059,73.0,1081716,1,2,0,2,6.0,-9.0,-9.0,-9.0,4.0,-9,0.0,22669.0,2104.0
2668059,2668060,65.0,1081717,1,2,0,2,6.0,-9.0,-9.0,-9.0,4.0,-9,0.0,22669.0,2104.0
2668060,2668061,14.0,1081717,2,1,7,2,-9.0,-9.0,-9.0,10.0,-9.0,-9,0.0,22669.0,2104.0
2668061,2668062,65.0,1081718,1,2,0,2,6.0,-9.0,-9.0,-9.0,4.0,-9,0.0,22659.0,2103.0
2668062,2668063,14.0,1081718,2,1,7,2,-9.0,-9.0,-9.0,10.0,-9.0,-9,0.0,22659.0,2103.0
2668063,2668064,65.0,1081719,1,2,0,2,6.0,-9.0,-9.0,-9.0,4.0,-9,0.0,22668.0,2103.0
2668064,2668065,14.0,1081719,2,1,7,2,-9.0,-9.0,-9.0,10.0,-9.0,-9,0.0,22668.0,2103.0
2668065,2668066,65.0,1081720,1,2,0,2,6.0,-9.0,-9.0,-9.0,4.0,-9,0.0,22670.0,2104.0
2668066,2668067,14.0,1081720,2,1,7,2,-9.0,-9.0,-9.0,10.0,-9.0,-9,0.0,22670.0,2104.0
2668067,2668068,54.0,1081721,1,2,0,2,1.0,45.0,1.0,-9.0,4.0,492,6.0,22667.0,2103.0
2668068,2668069,45.0,1081722,1,2,0,2,1.0,45.0,1.0,16.0,4.0,5241,9.0,22659.0,2103.0
2668069,2668070,45.0,1081723,1,2,0,2,1.0,45.0,1.0,16.0,4.0,5241,9.0,22659.0,2103.0
2668070,2668071,45.0,1081724,1,2,0,2,1.0,45.0,1.0,16.0,4.0,5241,9.0,22670.0,2104.0
2668071,2668072,45.0,1081725,1,2,0,2,1.0,45.0,1.0,16.0,4.0,5241,9.0,22667.0,2103.0
2668072,2668073,45.0,1081726,1,2,0,2,1.0,45.0,1.0,16.0,4.0,5241,9.0,22669.0,2104.0
2668073,2668074,56.0,1081727,1,2,0,2,1.0,45.0,1.0,-9.0,4.0,531M,9.0,22670.0,2104.0
2668074,2668075,55.0,1081728,1,1,0,2,6.0,-9.0,-9.0,-9.0,4.0,-9,0.0,22659.0,2103.0
2668075,2668076,53.0,1081728,2,2,1,2,6.0,-9.0,-9.0,-9.0,4.0,-9,0.0,22659.0,2103.0
2668076,2668077,20.0,1081728,3,2,2,2,1.0,20.0,6.0,15.0,4.0,722Z,16.0,22659.0,2103.0
2668077,2668078,18.0,1081728,4,1,2,2,1.0,7.0,6.0,14.0,4.0,722Z,16.0,22659.0,2103.0
2668078,2668079,55.0,1081729,1,1,0,2,6.0,-9.0,-9.0,-9.0,4.0,-9,0.0,22668.0,2103.0
2668079,2668080,53.0,1081729,2,2,1,2,6.0,-9.0,-9.0,-9.0,4.0,-9,0.0,22668.0,2103.0
2668080,2668081,20.0,1081729,3,2,2,2,1.0,20.0,6.0,15.0,4.0,722Z,16.0,22668.0,2103.0
2668081,2668082,18.0,1081729,4,1,2,2,1.0,7.0,6.0,14.0,4.0,722Z,16.0,22668.0,2103.0
2668082,2668083,55.0,1081730,1,1,0,2,6.0,-9.0,-9.0,-9.0,4.0,-9,0.0,22667.0,2103.0
2668083,2668084,53.0,1081730,2,2,1,2,6.0,-9.0,-9.0,-9.0,4.0,-9,0.0,22667.0,2103.0
2668084,2668085,20.0,1081730,3,2,2,2,1.0,20.0,6.0,15.0,4.0,722Z,16.0,22667.0,2103.0
2668085,2668086,18.0,1081730,4,1,2,2,1.0,7.0,6.0,14.0,4.0,722Z,16.0,22667.0,2103.0
2668086,2668087,55.0,1081731,1,1,0,2,6.0,-9.0,-9.0,-9.0,4.0,-9,0.0,22667.0,2103.0
2668087,2668088,53.0,1081731,2,2,1,2,6.0,-9.0,-9.0,-9.0,4.0,-9,0.0,22667.0,2103.0
2668088,2668089,20.0,1081731,3,2,2,2,1.0,20.0,6.0,15.0,4.0,722Z,16.0,22667.0,2103.0
2668089,2668090,18.0,1081731,4,1,2,2,1.0,7.0,6.0,14.0,4.0,722Z,16.0,22667.0,2103.0
2668090,2668091,55.0,1081732,1,1,0,2,6.0,-9.0,-9.0,-9.0,4.0,-9,0.0,22659.0,2103.0
2668091,2668092,53.0,1081732,2,2,1,2,6.0,-9.0,-9.0,-9.0,4.0,-9,0.0,22659.0,2103.0
2668092,2668093,20.0,1081732,3,2,2,2,1.0,20.0,6.0,15.0,4.0,722Z,16.0,22659.0,2103.0
2668093,2668094,18.0,1081732,4,1,2,2,1.0,7.0,6.0,14.0,4.0,722Z,16.0,22659.0,2103.0
2668094,2668095,53.0,1081733,1,1,0,2,6.0,-9.0,-9.0,-9.0,4.0,-9,0.0,22667.0,2103.0
2668095,2668096,51.0,1081733,2,2,1,2,1.0,60.0,4.0,-9.0,4.0,488,6.0,22667.0,2103.0
2668096,2668097,53.0,1081734,1,1,0,2,6.0,-9.0,-9.0,-9.0,4.0,-9,0.0,22670.0,2104.0
2668097,2668098,51.0,1081734,2,2,1,2,1.0,60.0,4.0,-9.0,4.0,488,6.0,22670.0,2104.0
2668098,2668099,53.0,1081735,1,1,0,2,6.0,-9.0,-9.0,-9.0,4.0,-9,0.0,22659.0,2103.0
2668099,2668100,51.0,1081735,2,2,1,2,1.0,60.0,4.0,-9.0,4.0,488,6.0,22659.0,2103.0
2668100,2668101,48.0,1081736,1,2,0,2,1.0,30.0,1.0,-9.0,4.0,7211,16.0,22667.0,2103.0
2668101,2668102,54.0,1081737,1,2,0,2,1.0,40.0,1.0,-9.0,4.0,622M,15.0,22670.0,2104.0
2668102,2668103,49.0,1081738,1,1,0,2,1.0,20.0,1.0,-9.0,4.0,6241,14.0,22670.0,2104.0
2668103,2668104,53.0,1081739,1,1,0,2,6.0,-9.0,-9.0,-9.0,4.0,-9,0.0,22669.0,2104.0
2668104,2668105,50.0,1081739,2,2,15,2,1.0,6.0,1.0,-9.0,4.0,722Z,16.0,22669.0,2104.0
2668105,2668106,53.0,1081740,1,1,0,2,6.0,-9.0,-9.0,-9.0,4.0,-9,0.0,22667.0,2103.0
2668106,2668107,50.0,1081740,2,2,15,2,1.0,6.0,1.0,-9.0,4.0,722Z,16.0,22667.0,2103.0
2668107,2668108,63.0,1081741,1,2,0,2,6.0,-9.0,-9.0,-9.0,4.0,-9,0.0,22667.0,2103.0
2668108,2668109,45.0,1081741,2,2,2,2,1.0,20.0,1.0,-9.0,4.0,722Z,16.0,22667.0,2103.0
2668109,2668110,18.0,1081741,3,2,7,2,1.0,25.0,1.0,-9.0,4.0,722Z,16.0,22667.0,2103.0
2668110,2668111,17.0,1081741,4,2,7,2,3.0,-9.0,-9.0,-9.0,4.0,999920,0.0,22667.0,2103.0
2668111,2668112,63.0,1081742,1,2,0,2,6.0,-9.0,-9.0,-9.0,4.0,-9,0.0,22667.0,2103.0
2668112,2668113,45.0,1081742,2,2,2,2,1.0,20.0,1.0,-9.0,4.0,722Z,16.0,22667.0,2103.0
2668113,2668114,18.0,1081742,3,2,7,2,1.0,25.0,1.0,-9.0,4.0,722Z,16.0,22667.0,2103.0
2668114,2668115,17.0,1081742,4,2,7,2,3.0,-9.0,-9.0,-9.0,4.0,999920,0.0,22667.0,2103.0
2668115,2668116,63.0,1081743,1,2,0,2,6.0,-9.0,-9.0,-9.0,4.0,-9,0.0,22669.0,2104.0
2668116,2668117,45.0,1081743,2,2,2,2,1.0,20.0,1.0,-9.0,4.0,722Z,16.0,22669.0,2104.0
2668117,2668118,18.0,1081743,3,2,7,2,1.0,25.0,1.0,-9.0,4.0,722Z,16.0,22669.0,2104.0
2668118,2668119,17.0,1081743,4,2,7,2,3.0,-9.0,-9.0,-9.0,4.0,999920,0.0,22669.0,2104.0
2668119,2668120,63.0,1081744,1,2,0,2,6.0,-9.0,-9.0,-9.0,4.0,-9,0.0,22668.0,2103.0
2668120,2668121,45.0,1081744,2,2,2,2,1.0,20.0,1.0,-9.0,4.0,722Z,16.0,22668.0,2103.0
2668121,2668122,18.0,1081744,3,2,7,2,1.0,25.0,1.0,-9.0,4.0,722Z,16.0,22668.0,2103.0
2668122,2668123,17.0,1081744,4,2,7,2,3.0,-9.0,-9.0,-9.0,4.0,999920,0.0,22668.0,2103.0
2668123,2668124,63.0,1081745,1,2,0,2,6.0,-9.0,-9.0,-9.0,4.0,-9,0.0,22670.0,2104.0
2668124,2668125,45.0,1081745,2,2,2,2,1.0,20.0,1.0,-9.0,4.0,722Z,16.0,22670.0,2104.0
2668125,2668126,18.0,1081745,3,2,7,2,1.0,25.0,1.0,-9.0,4.0,722Z,16.0,22670.0,2104.0
2668126,2668127,17.0,1081745,4,2,7,2,3.0,-9.0,-9.0,-9.0,4.0,999920,0.0,22670.0,2104.0
2668127,2668128,63.0,1081746,1,2,0,2,6.0,-9.0,-9.0,-9.0,4.0,-9,0.0,22670.0,2104.0
2668128,2668129,45.0,1081746,2,2,2,2,1.0,20.0,1.0,-9.0,4.0,722Z,16.0,22670.0,2104.0
2668129,2668130,18.0,1081746,3,2,7,2,1.0,25.0,1.0,-9.0,4.0,722Z,16.0,22670.0,2104.0
2668130,2668131,17.0,1081746,4,2,7,2,3.0,-9.0,-9.0,-9.0,4.0,999920,0.0,22670.0,2104.0
2668131,2668132,63.0,1081747,1,2,0,2,6.0,-9.0,-9.0,-9.0,4.0,-9,0.0,22659.0,2103.0
2668132,2668133,45.0,1081747,2,2,2,2,1.0,20.0,1.0,-9.0,4.0,722Z,16.0,22659.0,2103.0
2668133,2668134,18.0,1081747,3,2,7,2,1.0,25.0,1.0,-9.0,4.0,722Z,16.0,22659.0,2103.0
2668134,2668135,17.0,1081747,4,2,7,2,3.0,-9.0,-9.0,-9.0,4.0,999920,0.0,22659.0,2103.0
2668135,2668136,63.0,1081748,1,2,0,2,6.0,-9.0,-9.0,-9.0,4.0,-9,0.0,22667.0,2103.0
2668136,2668137,45.0,1081748,2,2,2,2,1.0,20.0,1.0,-9.0,4.0,722Z,16.0,22667.0,2103.0
2668137,2668138,18.0,1081748,3,2,7,2,1.0,25.0,1.0,-9.0,4.0,722Z,16.0,22667.0,2103.0
2668138,2668139,17.0,1081748,4,2,7,2,3.0,-9.0,-9.0,-9.0,4.0,999920,0.0,22667.0,2103.0
2668139,2668140,63.0,1081749,1,2,0,2,6.0,-9.0,-9.0,-9.0,4.0,-9,0.0,22667.0,2103.0
2668140,2668141,45.0,1081749,2,2,2,2,1.0,20.0,1.0,-9.0,4.0,722Z,16.0,22667.0,2103.0
2668141,2668142,18.0,1081749,3,2,7,2,1.0,25.0,1.0,-9.0,4.0,722Z,16.0,22667.0,2103.0
2668142,2668143,17.0,1081749,4,2,7,2,3.0,-9.0,-9.0,-9.0,4.0,999920,0.0,22667.0,2103.0
2668143,2668144,63.0,1081750,1,2,0,2,6.0,-9.0,-9.0,-9.0,4.0,-9,0.0,22670.0,2104.0
2668144,2668145,45.0,1081750,2,2,2,2,1.0,20.0,1.0,-9.0,4.0,722Z,16.0,22670.0,2104.0
2668145,2668146,18.0,1081750,3,2,7,2,1.0,25.0,1.0,-9.0,4.0,722Z,16.0,22670.0,2104.0
2668146,2668147,17.0,1081750,4,2,7,2,3.0,-9.0,-9.0,-9.0,4.0,999920,0.0,22670.0,2104.0
2668147,2668148,63.0,1081751,1,2,0,2,6.0,-9.0,-9.0,-9.0,4.0,-9,0.0,22668.0,2103.0
2668148,2668149,45.0,1081751,2,2,2,2,1.0,20.0,1.0,-9.0,4.0,722Z,16.0,22668.0,2103.0
2668149,2668150,18.0,1081751,3,2,7,2,1.0,25.0,1.0,-9.0,4.0,722Z,16.0,22668.0,2103.0
2668150,2668151,17.0,1081751,4,2,7,2,3.0,-9.0,-9.0,-9.0,4.0,999920,0.0,22668.0,2103.0
2668151,2668152,63.0,1081752,1,2,0,2,6.0,-9.0,-9.0,-9.0,4.0,-9,0.0,22667.0,2103.0
2668152,2668153,45.0,1081752,2,2,2,2,1.0,20.0,1.0,-9.0,4.0,722Z,16.0,22667.0,2103.0
2668153,2668154,18.0,1081752,3,2,7,2,1.0,25.0,1.0,-9.0,4.0,722Z,16.0,22667.0,2103.0
2668154,2668155,17.0,1081752,4,2,7,2,3.0,-9.0,-9.0,-9.0,4.0,999920,0.0,22667.0,2103.0
2668155,2668156,63.0,1081753,1,2,0,2,6.0,-9.0,-9.0,-9.0,4.0,-9,0.0,22667.0,2103.0
2668156,2668157,45.0,1081753,2,2,2,2,1.0,20.0,1.0,-9.0,4.0,722Z,16.0,22667.0,2103.0
2668157,2668158,18.0,1081753,3,2,7,2,1.0,25.0,1.0,-9.0,4.0,722Z,16.0,22667.0,2103.0
2668158,2668159,17.0,1081753,4,2,7,2,3.0,-9.0,-9.0,-9.0,4.0,999920,0.0,22667.0,2103.0
2668159,2668160,47.0,1081754,1,2,0,2,6.0,-9.0,-9.0,-9.0,4.0,-9,0.0,22669.0,2104.0
2668160,2668161,12.0,1081754,2,2,2,2,-9.0,-9.0,-9.0,9.0,-9.0,-9,0.0,22669.0,2104.0
2668161,2668162,47.0,1081755,1,2,0,2,6.0,-9.0,-9.0,-9.0,4.0,-9,0.0,22670.0,2104.0
2668162,2668163,12.0,1081755,2,2,2,2,-9.0,-9.0,-9.0,9.0,-9.0,-9,0.0,22670.0,2104.0
2668163,2668164,47.0,1081756,1,2,0,2,6.0,-9.0,-9.0,-9.0,4.0,-9,0.0,22659.0,2103.0
2668164,2668165,12.0,1081756,2,2,2,2,-9.0,-9.0,-9.0,9.0,-9.0,-9,0.0,22659.0,2103.0
2668165,2668166,52.0,1081757,1,1,0,1,1.0,40.0,1.0,-9.0,4.0,611M1,13.0,22669.0,2104.0
2668166,2668167,50.0,1081757,2,2,1,2,1.0,40.0,1.0,-9.0,4.0,611M1,13.0,22669.0,2104.0
2668167,2668168,22.0,1081757,3,1,4,2,6.0,-9.0,-9.0,-9.0,4.0,611M1,13.0,22669.0,2104.0
2668168,2668169,52.0,1081758,1,1,0,1,1.0,40.0,1.0,-9.0,4.0,611M1,13.0,22667.0,2103.0
2668169,2668170,50.0,1081758,2,2,1,2,1.0,40.0,1.0,-9.0,4.0,611M1,13.0,22667.0,2103.0
2668170,2668171,22.0,1081758,3,1,4,2,6.0,-9.0,-9.0,-9.0,4.0,611M1,13.0,22667.0,2103.0
2668171,2668172,52.0,1081759,1,1,0,1,1.0,40.0,1.0,-9.0,4.0,611M1,13.0,22667.0,2103.0
2668172,2668173,50.0,1081759,2,2,1,2,1.0,40.0,1.0,-9.0,4.0,611M1,13.0,22667.0,2103.0
2668173,2668174,22.0,1081759,3,1,4,2,6.0,-9.0,-9.0,-9.0,4.0,611M1,13.0,22667.0,2103.0
2668174,2668175,52.0,1081760,1,1,0,1,1.0,40.0,1.0,-9.0,4.0,611M1,13.0,22669.0,2104.0
2668175,2668176,50.0,1081760,2,2,1,2,1.0,40.0,1.0,-9.0,4.0,611M1,13.0,22669.0,2104.0
2668176,2668177,22.0,1081760,3,1,4,2,6.0,-9.0,-9.0,-9.0,4.0,611M1,13.0,22669.0,2104.0
2668177,2668178,52.0,1081761,1,1,0,1,1.0,40.0,1.0,-9.0,4.0,611M1,13.0,22659.0,2103.0
2668178,2668179,50.0,1081761,2,2,1,2,1.0,40.0,1.0,-9.0,4.0,611M1,13.0,22659.0,2103.0
2668179,2668180,22.0,1081761,3,1,4,2,6.0,-9.0,-9.0,-9.0,4.0,611M1,13.0,22659.0,2103.0
2668180,2668181,52.0,1081762,1,1,0,1,1.0,40.0,1.0,-9.0,4.0,611M1,13.0,22659.0,2103.0
2668181,2668182,50.0,1081762,2,2,1,2,1.0,40.0,1.0,-9.0,4.0,611M1,13.0,22659.0,2103.0
2668182,2668183,22.0,1081762,3,1,4,2,6.0,-9.0,-9.0,-9.0,4.0,611M1,13.0,22659.0,2103.0
2668183,2668184,52.0,1081763,1,1,0,1,1.0,40.0,1.0,-9.0,4.0,611M1,13.0,22669.0,2104.0
2668184,2668185,50.0,1081763,2,2,1,2,1.0,40.0,1.0,-9.0,4.0,611M1,13.0,22669.0,2104.0
2668185,2668186,22.0,1081763,3,1,4,2,6.0,-9.0,-9.0,-9.0,4.0,611M1,13.0,22669.0,2104.0
2668186,2668187,52.0,1081764,1,1,0,1,1.0,40.0,1.0,-9.0,4.0,611M1,13.0,22669.0,2104.0
2668187,2668188,50.0,1081764,2,2,1,2,1.0,40.0,1.0,-9.0,4.0,611M1,13.0,22669.0,2104.0
2668188,2668189,22.0,1081764,3,1,4,2,6.0,-9.0,-9.0,-9.0,4.0,611M1,13.0,22669.0,2104.0
2668189,2668190,52.0,1081765,1,1,0,1,1.0,40.0,1.0,-9.0,4.0,611M1,13.0,22667.0,2103.0
2668190,2668191,50.0,1081765,2,2,1,2,1.0,40.0,1.0,-9.0,4.0,611M1,13.0,22667.0,2103.0
2668191,2668192,22.0,1081765,3,1,4,2,6.0,-9.0,-9.0,-9.0,4.0,611M1,13.0,22667.0,2103.0
2668192,2668193,52.0,1081766,1,1,0,1,1.0,40.0,1.0,-9.0,4.0,611M1,13.0,22669.0,2104.0
2668193,2668194,50.0,1081766,2,2,1,2,1.0,40.0,1.0,-9.0,4.0,611M1,13.0,22669.0,2104.0
2668194,2668195,22.0,1081766,3,1,4,2,6.0,-9.0,-9.0,-9.0,4.0,611M1,13.0,22669.0,2104.0
2668195,2668196,52.0,1081767,1,1,0,1,1.0,40.0,1.0,-9.0,4.0,611M1,13.0,22670.0,2104.0
2668196,2668197,50.0,1081767,2,2,1,2,1.0,40.0,1.0,-9.0,4.0,611M1,13.0,22670.0,2104.0
2668197,2668198,22.0,1081767,3,1,4,2,6.0,-9.0,-9.0,-9.0,4.0,611M1,13.0,22670.0,2104.0
2668198,2668199,52.0,1081768,1,1,0,1,1.0,40.0,1.0,-9.0,4.0,611M1,13.0,22670.0,2104.0
2668199,2668200,50.0,1081768,2,2,1,2,1.0,40.0,1.0,-9.0,4.0,611M1,13.0,22670.0,2104.0
2668200,2668201,22.0,1081768,3,1,4,2,6.0,-9.0,-9.0,-9.0,4.0,611M1,13.0,22670.0,2104.0
2668201,2668202,52.0,1081769,1,1,0,1,1.0,40.0,1.0,-9.0,4.0,611M1,13.0,22659.0,2103.0
2668202,2668203,50.0,1081769,2,2,1,2,1.0,40.0,1.0,-9.0,4.0,611M1,13.0,22659.0,2103.0
2668203,2668204,22.0,1081769,3,1,4,2,6.0,-9.0,-9.0,-9.0,4.0,611M1,13.0,22659.0,2103.0
2668204,2668205,52.0,1081770,1,1,0,1,1.0,40.0,1.0,-9.0,4.0,611M1,13.0,22669.0,2104.0
2668205,2668206,50.0,1081770,2,2,1,2,1.0,40.0,1.0,-9.0,4.0,611M1,13.0,22669.0,2104.0
2668206,2668207,22.0,1081770,3,1,4,2,6.0,-9.0,-9.0,-9.0,4.0,611M1,13.0,22669.0,2104.0
2668207,2668208,52.0,1081771,1,1,0,1,1.0,40.0,1.0,-9.0,4.0,611M1,13.0,22667.0,2103.0
2668208,2668209,50.0,1081771,2,2,1,2,1.0,40.0,1.0,-9.0,4.0,611M1,13.0,22667.0,2103.0
2668209,2668210,22.0,1081771,3,1,4,2,6.0,-9.0,-9.0,-9.0,4.0,611M1,13.0,22667.0,2103.0
2668210,2668211,52.0,1081772,1,1,0,1,1.0,40.0,1.0,-9.0,4.0,611M1,13.0,22659.0,2103.0
2668211,2668212,50.0,1081772,2,2,1,2,1.0,40.0,1.0,-9.0,4.0,611M1,13.0,22659.0,2103.0
2668212,2668213,22.0,1081772,3,1,4,2,6.0,-9.0,-9.0,-9.0,4.0,611M1,13.0,22659.0,2103.0
2668213,2668214,46.0,1081773,1,2,0,1,1.0,20.0,3.0,-9.0,4.0,5411,10.0,22667.0,2103.0
2668214,2668215,52.0,1081773,2,1,13,2,6.0,-9.0,-9.0,-9.0,4.0,-9,0.0,22667.0,2103.0
2668215,2668216,46.0,1081774,1,2,0,1,1.0,20.0,3.0,-9.0,4.0,5411,10.0,22669.0,2104.0
2668216,2668217,52.0,1081774,2,1,13,2,6.0,-9.0,-9.0,-9.0,4.0,-9,0.0,22669.0,2104.0
2668217,2668218,46.0,1081775,1,2,0,1,1.0,20.0,3.0,-9.0,4.0,5411,10.0,22669.0,2104.0
2668218,2668219,52.0,1081775,2,1,13,2,6.0,-9.0,-9.0,-9.0,4.0,-9,0.0,22669.0,2104.0
2668219,2668220,46.0,1081776,1,2,0,1,1.0,20.0,3.0,-9.0,4.0,5411,10.0,22667.0,2103.0
2668220,2668221,52.0,1081776,2,1,13,2,6.0,-9.0,-9.0,-9.0,4.0,-9,0.0,22667.0,2103.0
2668221,2668222,47.0,1081777,1,2,0,1,6.0,-9.0,-9.0,-9.0,4.0,-9,0.0,22659.0,2103.0
2668222,2668223,25.0,1081777,2,1,2,1,6.0,-9.0,-9.0,15.0,4.0,-9,0.0,22659.0,2103.0
2668223,2668224,18.0,1081777,3,1,2,1,6.0,-9.0,-9.0,14.0,4.0,-9,0.0,22659.0,2103.0
2668224,2668225,14.0,1081777,4,2,2,1,-9.0,-9.0,-9.0,11.0,-9.0,-9,0.0,22659.0,2103.0
2668225,2668226,12.0,1081777,5,2,3,1,-9.0,-9.0,-9.0,8.0,-9.0,-9,0.0,22659.0,2103.0
2668226,2668227,57.0,1081777,6,1,13,1,1.0,15.0,3.0,-9.0,4.0,9211MP,18.0,22659.0,2103.0
2668227,2668228,47.0,1081778,1,2,0,1,6.0,-9.0,-9.0,-9.0,4.0,-9,0.0,22669.0,2104.0
2668228,2668229,25.0,1081778,2,1,2,1,6.0,-9.0,-9.0,15.0,4.0,-9,0.0,22669.0,2104.0
2668229,2668230,18.0,1081778,3,1,2,1,6.0,-9.0,-9.0,14.0,4.0,-9,0.0,22669.0,2104.0
2668230,2668231,14.0,1081778,4,2,2,1,-9.0,-9.0,-9.0,11.0,-9.0,-9,0.0,22669.0,2104.0
2668231,2668232,12.0,1081778,5,2,3,1,-9.0,-9.0,-9.0,8.0,-9.0,-9,0.0,22669.0,2104.0
2668232,2668233,57.0,1081778,6,1,13,1,1.0,15.0,3.0,-9.0,4.0,9211MP,18.0,22669.0,2104.0
2668233,2668234,47.0,1081779,1,2,0,1,6.0,-9.0,-9.0,-9.0,4.0,-9,0.0,22667.0,2103.0
2668234,2668235,25.0,1081779,2,1,2,1,6.0,-9.0,-9.0,15.0,4.0,-9,0.0,22667.0,2103.0
2668235,2668236,18.0,1081779,3,1,2,1,6.0,-9.0,-9.0,14.0,4.0,-9,0.0,22667.0,2103.0
2668236,2668237,14.0,1081779,4,2,2,1,-9.0,-9.0,-9.0,11.0,-9.0,-9,0.0,22667.0,2103.0
2668237,2668238,12.0,1081779,5,2,3,1,-9.0,-9.0,-9.0,8.0,-9.0,-9,0.0,22667.0,2103.0
2668238,2668239,57.0,1081779,6,1,13,1,1.0,15.0,3.0,-9.0,4.0,9211MP,18.0,22667.0,2103.0
2668239,2668240,47.0,1081780,1,2,0,1,6.0,-9.0,-9.0,-9.0,4.0,-9,0.0,22669.0,2104.0
2668240,2668241,25.0,1081780,2,1,2,1,6.0,-9.0,-9.0,15.0,4.0,-9,0.0,22669.0,2104.0
2668241,2668242,18.0,1081780,3,1,2,1,6.0,-9.0,-9.0,14.0,4.0,-9,0.0,22669.0,2104.0
2668242,2668243,14.0,1081780,4,2,2,1,-9.0,-9.0,-9.0,11.0,-9.0,-9,0.0,22669.0,2104.0
2668243,2668244,12.0,1081780,5,2,3,1,-9.0,-9.0,-9.0,8.0,-9.0,-9,0.0,22669.0,2104.0
2668244,2668245,57.0,1081780,6,1,13,1,1.0,15.0,3.0,-9.0,4.0,9211MP,18.0,22669.0,2104.0
2668245,2668246,47.0,1081781,1,2,0,1,6.0,-9.0,-9.0,-9.0,4.0,-9,0.0,22670.0,2104.0
2668246,2668247,25.0,1081781,2,1,2,1,6.0,-9.0,-9.0,15.0,4.0,-9,0.0,22670.0,2104.0
2668247,2668248,18.0,1081781,3,1,2,1,6.0,-9.0,-9.0,14.0,4.0,-9,0.0,22670.0,2104.0
2668248,2668249,14.0,1081781,4,2,2,1,-9.0,-9.0,-9.0,11.0,-9.0,-9,0.0,22670.0,2104.0
2668249,2668250,12.0,1081781,5,2,3,1,-9.0,-9.0,-9.0,8.0,-9.0,-9,0.0,22670.0,2104.0
2668250,2668251,57.0,1081781,6,1,13,1,1.0,15.0,3.0,-9.0,4.0,9211MP,18.0,22670.0,2104.0
2668251,2668252,47.0,1081782,1,2,0,1,6.0,-9.0,-9.0,-9.0,4.0,-9,0.0,22659.0,2103.0
2668252,2668253,25.0,1081782,2,1,2,1,6.0,-9.0,-9.0,15.0,4.0,-9,0.0,22659.0,2103.0
2668253,2668254,18.0,1081782,3,1,2,1,6.0,-9.0,-9.0,14.0,4.0,-9,0.0,22659.0,2103.0
2668254,2668255,14.0,1081782,4,2,2,1,-9.0,-9.0,-9.0,11.0,-9.0,-9,0.0,22659.0,2103.0
2668255,2668256,12.0,1081782,5,2,3,1,-9.0,-9.0,-9.0,8.0,-9.0,-9,0.0,22659.0,2103.0
2668256,2668257,57.0,1081782,6,1,13,1,1.0,15.0,3.0,-9.0,4.0,9211MP,18.0,22659.0,2103.0
2668257,2668258,47.0,1081783,1,2,0,1,6.0,-9.0,-9.0,-9.0,4.0,-9,0.0,22670.0,2104.0
2668258,2668259,25.0,1081783,2,1,2,1,6.0,-9.0,-9.0,15.0,4.0,-9,0.0,22670.0,2104.0
2668259,2668260,18.0,1081783,3,1,2,1,6.0,-9.0,-9.0,14.0,4.0,-9,0.0,22670.0,2104.0
2668260,2668261,14.0,1081783,4,2,2,1,-9.0,-9.0,-9.0,11.0,-9.0,-9,0.0,22670.0,2104.0
2668261,2668262,12.0,1081783,5,2,3,1,-9.0,-9.0,-9.0,8.0,-9.0,-9,0.0,22670.0,2104.0
2668262,2668263,57.0,1081783,6,1,13,1,1.0,15.0,3.0,-9.0,4.0,9211MP,18.0,22670.0,2104.0
2668263,2668264,47.0,1081784,1,2,0,1,6.0,-9.0,-9.0,-9.0,4.0,-9,0.0,22667.0,2103.0
2668264,2668265,25.0,1081784,2,1,2,1,6.0,-9.0,-9.0,15.0,4.0,-9,0.0,22667.0,2103.0
2668265,2668266,18.0,1081784,3,1,2,1,6.0,-9.0,-9.0,14.0,4.0,-9,0.0,22667.0,2103.0
2668266,2668267,14.0,1081784,4,2,2,1,-9.0,-9.0,-9.0,11.0,-9.0,-9,0.0,22667.0,2103.0
2668267,2668268,12.0,1081784,5,2,3,1,-9.0,-9.0,-9.0,8.0,-9.0,-9,0.0,22667.0,2103.0
2668268,2668269,57.0,1081784,6,1,13,1,1.0,15.0,3.0,-9.0,4.0,9211MP,18.0,22667.0,2103.0
2668269,2668270,47.0,1081785,1,2,0,1,6.0,-9.0,-9.0,-9.0,4.0,-9,0.0,22670.0,2104.0
2668270,2668271,25.0,1081785,2,1,2,1,6.0,-9.0,-9.0,15.0,4.0,-9,0.0,22670.0,2104.0
2668271,2668272,18.0,1081785,3,1,2,1,6.0,-9.0,-9.0,14.0,4.0,-9,0.0,22670.0,2104.0
2668272,2668273,14.0,1081785,4,2,2,1,-9.0,-9.0,-9.0,11.0,-9.0,-9,0.0,22670.0,2104.0
2668273,2668274,12.0,1081785,5,2,3,1,-9.0,-9.0,-9.0,8.0,-9.0,-9,0.0,22670.0,2104.0
2668274,2668275,57.0,1081785,6,1,13,1,1.0,15.0,3.0,-9.0,4.0,9211MP,18.0,22670.0,2104.0
2668275,2668276,47.0,1081786,1,2,0,1,6.0,-9.0,-9.0,-9.0,4.0,-9,0.0,22670.0,2104.0
2668276,2668277,25.0,1081786,2,1,2,1,6.0,-9.0,-9.0,15.0,4.0,-9,0.0,22670.0,2104.0
2668277,2668278,18.0,1081786,3,1,2,1,6.0,-9.0,-9.0,14.0,4.0,-9,0.0,22670.0,2104.0
2668278,2668279,14.0,1081786,4,2,2,1,-9.0,-9.0,-9.0,11.0,-9.0,-9,0.0,22670.0,2104.0
2668279,2668280,12.0,1081786,5,2,3,1,-9.0,-9.0,-9.0,8.0,-9.0,-9,0.0,22670.0,2104.0
2668280,2668281,57.0,1081786,6,1,13,1,1.0,15.0,3.0,-9.0,4.0,9211MP,18.0,22670.0,2104.0
2668281,2668282,47.0,1081787,1,2,0,1,6.0,-9.0,-9.0,-9.0,4.0,-9,0.0,22669.0,2104.0
2668282,2668283,25.0,1081787,2,1,2,1,6.0,-9.0,-9.0,15.0,4.0,-9,0.0,22669.0,2104.0
2668283,2668284,18.0,1081787,3,1,2,1,6.0,-9.0,-9.0,14.0,4.0,-9,0.0,22669.0,2104.0
2668284,2668285,14.0,1081787,4,2,2,1,-9.0,-9.0,-9.0,11.0,-9.0,-9,0.0,22669.0,2104.0
2668285,2668286,12.0,1081787,5,2,3,1,-9.0,-9.0,-9.0,8.0,-9.0,-9,0.0,22669.0,2104.0
2668286,2668287,57.0,1081787,6,1,13,1,1.0,15.0,3.0,-9.0,4.0,9211MP,18.0,22669.0,2104.0
2668287,2668288,47.0,1081788,1,2,0,1,6.0,-9.0,-9.0,-9.0,4.0,-9,0.0,22670.0,2104.0
2668288,2668289,25.0,1081788,2,1,2,1,6.0,-9.0,-9.0,15.0,4.0,-9,0.0,22670.0,2104.0
2668289,2668290,18.0,1081788,3,1,2,1,6.0,-9.0,-9.0,14.0,4.0,-9,0.0,22670.0,2104.0
2668290,2668291,14.0,1081788,4,2,2,1,-9.0,-9.0,-9.0,11.0,-9.0,-9,0.0,22670.0,2104.0
2668291,2668292,12.0,1081788,5,2,3,1,-9.0,-9.0,-9.0,8.0,-9.0,-9,0.0,22670.0,2104.0
2668292,2668293,57.0,1081788,6,1,13,1,1.0,15.0,3.0,-9.0,4.0,9211MP,18.0,22670.0,2104.0
2668293,2668294,47.0,1081789,1,2,0,1,6.0,-9.0,-9.0,-9.0,4.0,-9,0.0,22659.0,2103.0
2668294,2668295,25.0,1081789,2,1,2,1,6.0,-9.0,-9.0,15.0,4.0,-9,0.0,22659.0,2103.0
2668295,2668296,18.0,1081789,3,1,2,1,6.0,-9.0,-9.0,14.0,4.0,-9,0.0,22659.0,2103.0
2668296,2668297,14.0,1081789,4,2,2,1,-9.0,-9.0,-9.0,11.0,-9.0,-9,0.0,22659.0,2103.0
2668297,2668298,12.0,1081789,5,2,3,1,-9.0,-9.0,-9.0,8.0,-9.0,-9,0.0,22659.0,2103.0
2668298,2668299,57.0,1081789,6,1,13,1,1.0,15.0,3.0,-9.0,4.0,9211MP,18.0,22659.0,2103.0
2668299,2668300,47.0,1081790,1,2,0,1,6.0,-9.0,-9.0,-9.0,4.0,-9,0.0,22670.0,2104.0
2668300,2668301,25.0,1081790,2,1,2,1,6.0,-9.0,-9.0,15.0,4.0,-9,0.0,22670.0,2104.0
2668301,2668302,18.0,1081790,3,1,2,1,6.0,-9.0,-9.0,14.0,4.0,-9,0.0,22670.0,2104.0
2668302,2668303,14.0,1081790,4,2,2,1,-9.0,-9.0,-9.0,11.0,-9.0,-9,0.0,22670.0,2104.0
2668303,2668304,12.0,1081790,5,2,3,1,-9.0,-9.0,-9.0,8.0,-9.0,-9,0.0,22670.0,2104.0
2668304,2668305,57.0,1081790,6,1,13,1,1.0,15.0,3.0,-9.0,4.0,9211MP,18.0,22670.0,2104.0
2668305,2668306,47.0,1081791,1,2,0,1,6.0,-9.0,-9.0,-9.0,4.0,-9,0.0,22659.0,2103.0
2668306,2668307,25.0,1081791,2,1,2,1,6.0,-9.0,-9.0,15.0,4.0,-9,0.0,22659.0,2103.0
2668307,2668308,18.0,1081791,3,1,2,1,6.0,-9.0,-9.0,14.0,4.0,-9,0.0,22659.0,2103.0
2668308,2668309,14.0,1081791,4,2,2,1,-9.0,-9.0,-9.0,11.0,-9.0,-9,0.0,22659.0,2103.0
2668309,2668310,12.0,1081791,5,2,3,1,-9.0,-9.0,-9.0,8.0,-9.0,-9,0.0,22659.0,2103.0
2668310,2668311,57.0,1081791,6,1,13,1,1.0,15.0,3.0,-9.0,4.0,9211MP,18.0,22659.0,2103.0
2668311,2668312,47.0,1081792,1,2,0,1,6.0,-9.0,-9.0,-9.0,4.0,-9,0.0,22659.0,2103.0
2668312,2668313,25.0,1081792,2,1,2,1,6.0,-9.0,-9.0,15.0,4.0,-9,0.0,22659.0,2103.0
2668313,2668314,18.0,1081792,3,1,2,1,6.0,-9.0,-9.0,14.0,4.0,-9,0.0,22659.0,2103.0
2668314,2668315,14.0,1081792,4,2,2,1,-9.0,-9.0,-9.0,11.0,-9.0,-9,0.0,22659.0,2103.0
2668315,2668316,12.0,1081792,5,2,3,1,-9.0,-9.0,-9.0,8.0,-9.0,-9,0.0,22659.0,2103.0
2668316,2668317,57.0,1081792,6,1,13,1,1.0,15.0,3.0,-9.0,4.0,9211MP,18.0,22659.0,2103.0
2668317,2668318,33.0,1081793,1,1,0,4,3.0,-9.0,-9.0,15.0,4.0,999920,0.0,22667.0,2103.0
2668318,2668319,33.0,1081793,2,2,1,4,6.0,-9.0,-9.0,-9.0,4.0,-9,0.0,22667.0,2103.0
2668319,2668320,10.0,1081793,3,1,2,4,-9.0,-9.0,-9.0,6.0,-9.0,-9,0.0,22667.0,2103.0
2668320,2668321,8.0,1081793,4,2,2,4,-9.0,-9.0,-9.0,4.0,-9.0,-9,0.0,22667.0,2103.0
2668321,2668322,1.0,1081793,5,2,2,4,-9.0,-9.0,-9.0,-9.0,-9.0,-9,0.0,22667.0,2103.0
2668322,2668323,0.0,1081793,6,1,2,4,-9.0,-9.0,-9.0,-9.0,-9.0,-9,0.0,22667.0,2103.0
2668323,2668324,33.0,1081794,1,1,0,4,3.0,-9.0,-9.0,15.0,4.0,999920,0.0,22667.0,2103.0
2668324,2668325,33.0,1081794,2,2,1,4,6.0,-9.0,-9.0,-9.0,4.0,-9,0.0,22667.0,2103.0
2668325,2668326,10.0,1081794,3,1,2,4,-9.0,-9.0,-9.0,6.0,-9.0,-9,0.0,22667.0,2103.0
2668326,2668327,8.0,1081794,4,2,2,4,-9.0,-9.0,-9.0,4.0,-9.0,-9,0.0,22667.0,2103.0
2668327,2668328,1.0,1081794,5,2,2,4,-9.0,-9.0,-9.0,-9.0,-9.0,-9,0.0,22667.0,2103.0
2668328,2668329,0.0,1081794,6,1,2,4,-9.0,-9.0,-9.0,-9.0,-9.0,-9,0.0,22667.0,2103.0
2668329,2668330,33.0,1081795,1,1,0,4,3.0,-9.0,-9.0,15.0,4.0,999920,0.0,22669.0,2104.0
2668330,2668331,33.0,1081795,2,2,1,4,6.0,-9.0,-9.0,-9.0,4.0,-9,0.0,22669.0,2104.0
2668331,2668332,10.0,1081795,3,1,2,4,-9.0,-9.0,-9.0,6.0,-9.0,-9,0.0,22669.0,2104.0
2668332,2668333,8.0,1081795,4,2,2,4,-9.0,-9.0,-9.0,4.0,-9.0,-9,0.0,22669.0,2104.0
2668333,2668334,1.0,1081795,5,2,2,4,-9.0,-9.0,-9.0,-9.0,-9.0,-9,0.0,22669.0,2104.0
2668334,2668335,0.0,1081795,6,1,2,4,-9.0,-9.0,-9.0,-9.0,-9.0,-9,0.0,22669.0,2104.0
2668335,2668336,33.0,1081796,1,1,0,4,3.0,-9.0,-9.0,15.0,4.0,999920,0.0,22667.0,2103.0
2668336,2668337,33.0,1081796,2,2,1,4,6.0,-9.0,-9.0,-9.0,4.0,-9,0.0,22667.0,2103.0
2668337,2668338,10.0,1081796,3,1,2,4,-9.0,-9.0,-9.0,6.0,-9.0,-9,0.0,22667.0,2103.0
2668338,2668339,8.0,1081796,4,2,2,4,-9.0,-9.0,-9.0,4.0,-9.0,-9,0.0,22667.0,2103.0
2668339,2668340,1.0,1081796,5,2,2,4,-9.0,-9.0,-9.0,-9.0,-9.0,-9,0.0,22667.0,2103.0
2668340,2668341,0.0,1081796,6,1,2,4,-9.0,-9.0,-9.0,-9.0,-9.0,-9,0.0,22667.0,2103.0
2668341,2668342,33.0,1081797,1,1,0,4,3.0,-9.0,-9.0,15.0,4.0,999920,0.0,22667.0,2103.0
2668342,2668343,33.0,1081797,2,2,1,4,6.0,-9.0,-9.0,-9.0,4.0,-9,0.0,22667.0,2103.0
2668343,2668344,10.0,1081797,3,1,2,4,-9.0,-9.0,-9.0,6.0,-9.0,-9,0.0,22667.0,2103.0
2668344,2668345,8.0,1081797,4,2,2,4,-9.0,-9.0,-9.0,4.0,-9.0,-9,0.0,22667.0,2103.0
2668345,2668346,1.0,1081797,5,2,2,4,-9.0,-9.0,-9.0,-9.0,-9.0,-9,0.0,22667.0,2103.0
2668346,2668347,0.0,1081797,6,1,2,4,-9.0,-9.0,-9.0,-9.0,-9.0,-9,0.0,22667.0,2103.0
2668347,2668348,33.0,1081798,1,1,0,4,3.0,-9.0,-9.0,15.0,4.0,999920,0.0,22667.0,2103.0
2668348,2668349,33.0,1081798,2,2,1,4,6.0,-9.0,-9.0,-9.0,4.0,-9,0.0,22667.0,2103.0
2668349,2668350,10.0,1081798,3,1,2,4,-9.0,-9.0,-9.0,6.0,-9.0,-9,0.0,22667.0,2103.0
2668350,2668351,8.0,1081798,4,2,2,4,-9.0,-9.0,-9.0,4.0,-9.0,-9,0.0,22667.0,2103.0
2668351,2668352,1.0,1081798,5,2,2,4,-9.0,-9.0,-9.0,-9.0,-9.0,-9,0.0,22667.0,2103.0
2668352,2668353,0.0,1081798,6,1,2,4,-9.0,-9.0,-9.0,-9.0,-9.0,-9,0.0,22667.0,2103.0
2668353,2668354,33.0,1081799,1,1,0,4,3.0,-9.0,-9.0,15.0,4.0,999920,0.0,22667.0,2103.0
2668354,2668355,33.0,1081799,2,2,1,4,6.0,-9.0,-9.0,-9.0,4.0,-9,0.0,22667.0,2103.0
2668355,2668356,10.0,1081799,3,1,2,4,-9.0,-9.0,-9.0,6.0,-9.0,-9,0.0,22667.0,2103.0
2668356,2668357,8.0,1081799,4,2,2,4,-9.0,-9.0,-9.0,4.0,-9.0,-9,0.0,22667.0,2103.0
2668357,2668358,1.0,1081799,5,2,2,4,-9.0,-9.0,-9.0,-9.0,-9.0,-9,0.0,22667.0,2103.0
2668358,2668359,0.0,1081799,6,1,2,4,-9.0,-9.0,-9.0,-9.0,-9.0,-9,0.0,22667.0,2103.0
2668359,2668360,33.0,1081800,1,1,0,4,3.0,-9.0,-9.0,15.0,4.0,999920,0.0,22669.0,2104.0
2668360,2668361,33.0,1081800,2,2,1,4,6.0,-9.0,-9.0,-9.0,4.0,-9,0.0,22669.0,2104.0
2668361,2668362,10.0,1081800,3,1,2,4,-9.0,-9.0,-9.0,6.0,-9.0,-9,0.0,22669.0,2104.0
2668362,2668363,8.0,1081800,4,2,2,4,-9.0,-9.0,-9.0,4.0,-9.0,-9,0.0,22669.0,2104.0
2668363,2668364,1.0,1081800,5,2,2,4,-9.0,-9.0,-9.0,-9.0,-9.0,-9,0.0,22669.0,2104.0
2668364,2668365,0.0,1081800,6,1,2,4,-9.0,-9.0,-9.0,-9.0,-9.0,-9,0.0,22669.0,2104.0
2668365,2668366,33.0,1081801,1,1,0,4,3.0,-9.0,-9.0,15.0,4.0,999920,0.0,22669.0,2104.0
2668366,2668367,33.0,1081801,2,2,1,4,6.0,-9.0,-9.0,-9.0,4.0,-9,0.0,22669.0,2104.0
2668367,2668368,10.0,1081801,3,1,2,4,-9.0,-9.0,-9.0,6.0,-9.0,-9,0.0,22669.0,2104.0
2668368,2668369,8.0,1081801,4,2,2,4,-9.0,-9.0,-9.0,4.0,-9.0,-9,0.0,22669.0,2104.0
2668369,2668370,1.0,1081801,5,2,2,4,-9.0,-9.0,-9.0,-9.0,-9.0,-9,0.0,22669.0,2104.0
2668370,2668371,0.0,1081801,6,1,2,4,-9.0,-9.0,-9.0,-9.0,-9.0,-9,0.0,22669.0,2104.0
2668371,2668372,33.0,1081802,1,1,0,4,3.0,-9.0,-9.0,15.0,4.0,999920,0.0,22670.0,2104.0
2668372,2668373,33.0,1081802,2,2,1,4,6.0,-9.0,-9.0,-9.0,4.0,-9,0.0,22670.0,2104.0
2668373,2668374,10.0,1081802,3,1,2,4,-9.0,-9.0,-9.0,6.0,-9.0,-9,0.0,22670.0,2104.0
2668374,2668375,8.0,1081802,4,2,2,4,-9.0,-9.0,-9.0,4.0,-9.0,-9,0.0,22670.0,2104.0
2668375,2668376,1.0,1081802,5,2,2,4,-9.0,-9.0,-9.0,-9.0,-9.0,-9,0.0,22670.0,2104.0
2668376,2668377,0.0,1081802,6,1,2,4,-9.0,-9.0,-9.0,-9.0,-9.0,-9,0.0,22670.0,2104.0
2668377,2668378,33.0,1081803,1,1,0,4,3.0,-9.0,-9.0,15.0,4.0,999920,0.0,22667.0,2103.0
2668378,2668379,33.0,1081803,2,2,1,4,6.0,-9.0,-9.0,-9.0,4.0,-9,0.0,22667.0,2103.0
2668379,2668380,10.0,1081803,3,1,2,4,-9.0,-9.0,-9.0,6.0,-9.0,-9,0.0,22667.0,2103.0
2668380,2668381,8.0,1081803,4,2,2,4,-9.0,-9.0,-9.0,4.0,-9.0,-9,0.0,22667.0,2103.0
2668381,2668382,1.0,1081803,5,2,2,4,-9.0,-9.0,-9.0,-9.0,-9.0,-9,0.0,22667.0,2103.0
2668382,2668383,0.0,1081803,6,1,2,4,-9.0,-9.0,-9.0,-9.0,-9.0,-9,0.0,22667.0,2103.0
2668383,2668384,33.0,1081804,1,1,0,4,3.0,-9.0,-9.0,15.0,4.0,999920,0.0,22667.0,2103.0
2668384,2668385,33.0,1081804,2,2,1,4,6.0,-9.0,-9.0,-9.0,4.0,-9,0.0,22667.0,2103.0
2668385,2668386,10.0,1081804,3,1,2,4,-9.0,-9.0,-9.0,6.0,-9.0,-9,0.0,22667.0,2103.0
2668386,2668387,8.0,1081804,4,2,2,4,-9.0,-9.0,-9.0,4.0,-9.0,-9,0.0,22667.0,2103.0
2668387,2668388,1.0,1081804,5,2,2,4,-9.0,-9.0,-9.0,-9.0,-9.0,-9,0.0,22667.0,2103.0
2668388,2668389,0.0,1081804,6,1,2,4,-9.0,-9.0,-9.0,-9.0,-9.0,-9,0.0,22667.0,2103.0
2668389,2668390,33.0,1081805,1,1,0,4,3.0,-9.0,-9.0,15.0,4.0,999920,0.0,22667.0,2103.0
2668390,2668391,33.0,1081805,2,2,1,4,6.0,-9.0,-9.0,-9.0,4.0,-9,0.0,22667.0,2103.0
2668391,2668392,10.0,1081805,3,1,2,4,-9.0,-9.0,-9.0,6.0,-9.0,-9,0.0,22667.0,2103.0
2668392,2668393,8.0,1081805,4,2,2,4,-9.0,-9.0,-9.0,4.0,-9.0,-9,0.0,22667.0,2103.0
2668393,2668394,1.0,1081805,5,2,2,4,-9.0,-9.0,-9.0,-9.0,-9.0,-9,0.0,22667.0,2103.0
2668394,2668395,0.0,1081805,6,1,2,4,-9.0,-9.0,-9.0,-9.0,-9.0,-9,0.0,22667.0,2103.0
2668395,2668396,33.0,1081806,1,1,0,4,3.0,-9.0,-9.0,15.0,4.0,999920,0.0,22669.0,2104.0
2668396,2668397,33.0,1081806,2,2,1,4,6.0,-9.0,-9.0,-9.0,4.0,-9,0.0,22669.0,2104.0
2668397,2668398,10.0,1081806,3,1,2,4,-9.0,-9.0,-9.0,6.0,-9.0,-9,0.0,22669.0,2104.0
2668398,2668399,8.0,1081806,4,2,2,4,-9.0,-9.0,-9.0,4.0,-9.0,-9,0.0,22669.0,2104.0
2668399,2668400,1.0,1081806,5,2,2,4,-9.0,-9.0,-9.0,-9.0,-9.0,-9,0.0,22669.0,2104.0
2668400,2668401,0.0,1081806,6,1,2,4,-9.0,-9.0,-9.0,-9.0,-9.0,-9,0.0,22669.0,2104.0
2668401,2668402,33.0,1081807,1,1,0,4,3.0,-9.0,-9.0,15.0,4.0,999920,0.0,22669.0,2104.0
2668402,2668403,33.0,1081807,2,2,1,4,6.0,-9.0,-9.0,-9.0,4.0,-9,0.0,22669.0,2104.0
2668403,2668404,10.0,1081807,3,1,2,4,-9.0,-9.0,-9.0,6.0,-9.0,-9,0.0,22669.0,2104.0
2668404,2668405,8.0,1081807,4,2,2,4,-9.0,-9.0,-9.0,4.0,-9.0,-9,0.0,22669.0,2104.0
2668405,2668406,1.0,1081807,5,2,2,4,-9.0,-9.0,-9.0,-9.0,-9.0,-9,0.0,22669.0,2104.0
2668406,2668407,0.0,1081807,6,1,2,4,-9.0,-9.0,-9.0,-9.0,-9.0,-9,0.0,22669.0,2104.0
2668407,2668408,35.0,1081808,1,2,0,2,1.0,50.0,1.0,-9.0,4.0,3261,3.0,22670.0,2104.0
2668408,2668409,43.0,1081809,1,1,0,2,1.0,40.0,1.0,-9.0,4.0,336M,3.0,22670.0,2104.0
2668409,2668410,43.0,1081810,1,2,0,2,1.0,40.0,1.0,-9.0,4.0,622M,15.0,22669.0,2104.0
2668410,2668411,27.0,1081811,1,2,0,2,1.0,40.0,1.0,-9.0,4.0,5415,10.0,22669.0,2104.0
2668411,2668412,27.0,1081812,1,2,0,2,1.0,43.0,1.0,-9.0,4.0,5241,9.0,22659.0,2103.0
2668412,2668413,27.0,1081813,1,2,0,2,1.0,40.0,5.0,-9.0,4.0,336M,3.0,22669.0,2104.0
2668413,2668414,27.0,1081814,1,2,0,2,1.0,40.0,5.0,-9.0,4.0,336M,3.0,22669.0,2104.0
2668414,2668415,27.0,1081815,1,2,0,2,1.0,40.0,5.0,-9.0,4.0,336M,3.0,22667.0,2103.0
2668415,2668416,27.0,1081816,1,2,0,2,1.0,40.0,5.0,-9.0,4.0,336M,3.0,22669.0,2104.0
2668416,2668417,27.0,1081817,1,2,0,2,1.0,40.0,5.0,-9.0,4.0,336M,3.0,22669.0,2104.0
2668417,2668418,27.0,1081818,1,2,0,2,1.0,40.0,5.0,-9.0,4.0,336M,3.0,22659.0,2103.0
2668418,2668419,27.0,1081819,1,2,0,2,1.0,40.0,5.0,-9.0,4.0,336M,3.0,22667.0,2103.0
2668419,2668420,27.0,1081820,1,2,0,2,1.0,40.0,5.0,-9.0,4.0,336M,3.0,22667.0,2103.0
2668420,2668421,27.0,1081821,1,2,0,2,1.0,40.0,5.0,-9.0,4.0,336M,3.0,22659.0,2103.0
2668421,2668422,25.0,1081822,1,2,0,2,1.0,40.0,1.0,-9.0,4.0,5313,9.0,22669.0,2104.0
2668422,2668423,25.0,1081823,1,2,0,2,1.0,40.0,1.0,-9.0,4.0,5313,9.0,22669.0,2104.0
2668423,2668424,27.0,1081824,1,2,0,2,1.0,47.0,1.0,16.0,4.0,5221M,9.0,22667.0,2103.0
2668424,2668425,25.0,1081825,1,2,0,2,1.0,40.0,1.0,-9.0,4.0,52M1,9.0,22670.0,2104.0
2668425,2668426,27.0,1081826,1,2,0,2,1.0,47.0,1.0,16.0,4.0,5221M,9.0,22659.0,2103.0
2668426,2668427,27.0,1081827,1,2,0,2,1.0,47.0,1.0,16.0,4.0,5221M,9.0,22667.0,2103.0
2668427,2668428,25.0,1081828,1,2,0,2,1.0,40.0,1.0,-9.0,4.0,5313,9.0,22659.0,2103.0
2668428,2668429,27.0,1081829,1,2,0,2,1.0,47.0,1.0,16.0,4.0,5221M,9.0,22670.0,2104.0
2668429,2668430,27.0,1081830,1,2,0,2,1.0,47.0,1.0,16.0,4.0,5221M,9.0,22670.0,2104.0
2668430,2668431,25.0,1081831,1,2,0,2,1.0,40.0,1.0,-9.0,4.0,5313,9.0,22670.0,2104.0
2668431,2668432,28.0,1081832,1,2,0,2,1.0,30.0,5.0,-9.0,4.0,336M,3.0,22669.0,2104.0
2668432,2668433,28.0,1081833,1,2,0,2,1.0,30.0,5.0,-9.0,4.0,336M,3.0,22667.0,2103.0
2668433,2668434,27.0,1081834,1,1,0,2,1.0,40.0,6.0,-9.0,4.0,336M,3.0,22667.0,2103.0
2668434,2668435,27.0,1081835,1,1,0,2,1.0,40.0,6.0,-9.0,4.0,336M,3.0,22667.0,2103.0
2668435,2668436,27.0,1081836,1,1,0,2,1.0,40.0,6.0,-9.0,4.0,336M,3.0,22667.0,2103.0
2668436,2668437,27.0,1081837,1,1,0,2,1.0,40.0,6.0,-9.0,4.0,336M,3.0,22667.0,2103.0
2668437,2668438,28.0,1081838,1,2,0,2,1.0,20.0,1.0,-9.0,4.0,722Z,16.0,22669.0,2104.0
2668438,2668439,28.0,1081839,1,2,0,2,1.0,20.0,1.0,-9.0,4.0,722Z,16.0,22668.0,2103.0
2668439,2668440,34.0,1081840,1,2,0,2,1.0,30.0,5.0,-9.0,4.0,722Z,16.0,22667.0,2103.0
2668440,2668441,35.0,1081841,1,2,0,2,1.0,10.0,4.0,16.0,4.0,611M1,13.0,22669.0,2104.0
2668441,2668442,25.0,1081842,1,1,0,2,1.0,40.0,1.0,-9.0,4.0,7211,16.0,22670.0,2104.0
2668442,2668443,25.0,1081843,1,1,0,2,1.0,40.0,1.0,-9.0,4.0,7211,16.0,22670.0,2104.0
2668443,2668444,37.0,1081844,1,1,0,2,1.0,40.0,1.0,-9.0,4.0,5417,10.0,22667.0,2103.0
2668444,2668445,34.0,1081845,1,2,0,2,1.0,53.0,1.0,-9.0,4.0,336M,3.0,22669.0,2104.0
2668445,2668446,11.0,1081845,2,1,2,2,-9.0,-9.0,-9.0,8.0,-9.0,-9,0.0,22669.0,2104.0
2668446,2668447,34.0,1081846,1,2,0,2,1.0,53.0,1.0,-9.0,4.0,336M,3.0,22659.0,2103.0
2668447,2668448,11.0,1081846,2,1,2,2,-9.0,-9.0,-9.0,8.0,-9.0,-9,0.0,22659.0,2103.0
2668448,2668449,39.0,1081847,1,2,0,2,6.0,-9.0,-9.0,-9.0,4.0,-9,0.0,22659.0,2103.0
2668449,2668450,45.0,1081847,2,1,1,2,1.0,60.0,3.0,-9.0,4.0,484,6.0,22659.0,2103.0
2668450,2668451,13.0,1081847,3,1,2,2,-9.0,-9.0,-9.0,10.0,-9.0,-9,0.0,22659.0,2103.0
2668451,2668452,10.0,1081847,4,2,2,2,-9.0,-9.0,-9.0,8.0,-9.0,-9,0.0,22659.0,2103.0
2668452,2668453,8.0,1081847,5,2,2,2,-9.0,-9.0,-9.0,6.0,-9.0,-9,0.0,22659.0,2103.0
2668453,2668454,7.0,1081847,6,1,2,2,-9.0,-9.0,-9.0,3.0,-9.0,-9,0.0,22659.0,2103.0
2668454,2668455,29.0,1081848,1,2,0,2,1.0,25.0,3.0,15.0,4.0,722Z,16.0,22668.0,2103.0
2668455,2668456,9.0,1081848,2,2,2,2,-9.0,-9.0,-9.0,6.0,-9.0,-9,0.0,22668.0,2103.0
2668456,2668457,8.0,1081848,3,2,2,2,-9.0,-9.0,-9.0,5.0,-9.0,-9,0.0,22668.0,2103.0
2668457,2668458,4.0,1081848,4,2,2,2,-9.0,-9.0,-9.0,1.0,-9.0,-9,0.0,22668.0,2103.0
2668458,2668459,34.0,1081849,1,2,0,2,1.0,12.0,1.0,15.0,4.0,5617Z,12.0,22669.0,2104.0
2668459,2668460,15.0,1081849,2,2,2,2,-9.0,-9.0,-9.0,12.0,-9.0,-9,0.0,22669.0,2104.0
2668460,2668461,11.0,1081849,3,2,2,2,-9.0,-9.0,-9.0,8.0,-9.0,-9,0.0,22669.0,2104.0
2668461,2668462,10.0,1081849,4,2,2,2,-9.0,-9.0,-9.0,7.0,-9.0,-9,0.0,22669.0,2104.0
2668462,2668463,35.0,1081850,1,2,0,2,1.0,24.0,2.0,-9.0,4.0,6231,14.0,22667.0,2103.0
2668463,2668464,16.0,1081850,2,1,2,2,6.0,-9.0,-9.0,12.0,-9.0,-9,0.0,22667.0,2103.0
2668464,2668465,13.0,1081850,3,1,2,2,-9.0,-9.0,-9.0,9.0,-9.0,-9,0.0,22667.0,2103.0
2668465,2668466,4.0,1081850,4,2,2,2,-9.0,-9.0,-9.0,1.0,-9.0,-9,0.0,22667.0,2103.0
2668466,2668467,26.0,1081851,1,2,0,2,1.0,45.0,1.0,-9.0,4.0,623M,14.0,22670.0,2104.0
2668467,2668468,10.0,1081851,2,2,2,2,-9.0,-9.0,-9.0,7.0,-9.0,-9,0.0,22670.0,2104.0
2668468,2668469,6.0,1081851,3,1,2,2,-9.0,-9.0,-9.0,3.0,-9.0,-9,0.0,22670.0,2104.0
2668469,2668470,26.0,1081852,1,2,0,2,1.0,45.0,1.0,-9.0,4.0,623M,14.0,22659.0,2103.0
2668470,2668471,10.0,1081852,2,2,2,2,-9.0,-9.0,-9.0,7.0,-9.0,-9,0.0,22659.0,2103.0
2668471,2668472,6.0,1081852,3,1,2,2,-9.0,-9.0,-9.0,3.0,-9.0,-9,0.0,22659.0,2103.0
2668472,2668473,36.0,1081853,1,2,0,2,1.0,55.0,1.0,-9.0,4.0,6216,14.0,22667.0,2103.0
2668473,2668474,12.0,1081853,2,1,2,2,-9.0,-9.0,-9.0,9.0,-9.0,-9,0.0,22667.0,2103.0
2668474,2668475,36.0,1081854,1,2,0,2,1.0,55.0,1.0,-9.0,4.0,6216,14.0,22659.0,2103.0
2668475,2668476,12.0,1081854,2,1,2,2,-9.0,-9.0,-9.0,9.0,-9.0,-9,0.0,22659.0,2103.0
2668476,2668477,36.0,1081855,1,2,0,2,1.0,55.0,1.0,-9.0,4.0,6216,14.0,22670.0,2104.0
2668477,2668478,12.0,1081855,2,1,2,2,-9.0,-9.0,-9.0,9.0,-9.0,-9,0.0,22670.0,2104.0
2668478,2668479,36.0,1081856,1,2,0,2,1.0,55.0,1.0,-9.0,4.0,6216,14.0,22667.0,2103.0
2668479,2668480,12.0,1081856,2,1,2,2,-9.0,-9.0,-9.0,9.0,-9.0,-9,0.0,22667.0,2103.0
2668480,2668481,28.0,1081857,1,2,0,2,1.0,20.0,1.0,-9.0,4.0,622M,15.0,22667.0,2103.0
2668481,2668482,4.0,1081857,2,1,2,2,-9.0,-9.0,-9.0,1.0,-9.0,-9,0.0,22667.0,2103.0
2668482,2668483,28.0,1081858,1,2,0,2,1.0,20.0,1.0,-9.0,4.0,622M,15.0,22659.0,2103.0
2668483,2668484,4.0,1081858,2,1,2,2,-9.0,-9.0,-9.0,1.0,-9.0,-9,0.0,22659.0,2103.0
2668484,2668485,36.0,1081859,1,2,0,2,1.0,55.0,1.0,-9.0,4.0,6216,14.0,22667.0,2103.0
2668485,2668486,12.0,1081859,2,1,2,2,-9.0,-9.0,-9.0,9.0,-9.0,-9,0.0,22667.0,2103.0
2668486,2668487,36.0,1081860,1,2,0,2,1.0,55.0,1.0,-9.0,4.0,6216,14.0,22669.0,2104.0
2668487,2668488,12.0,1081860,2,1,2,2,-9.0,-9.0,-9.0,9.0,-9.0,-9,0.0,22669.0,2104.0
2668488,2668489,28.0,1081861,1,2,0,2,1.0,20.0,1.0,-9.0,4.0,622M,15.0,22667.0,2103.0
2668489,2668490,4.0,1081861,2,1,2,2,-9.0,-9.0,-9.0,1.0,-9.0,-9,0.0,22667.0,2103.0
2668490,2668491,25.0,1081862,1,2,0,2,2.0,25.0,1.0,-9.0,4.0,722Z,16.0,22669.0,2104.0
2668491,2668492,7.0,1081862,2,2,2,2,-9.0,-9.0,-9.0,4.0,-9.0,-9,0.0,22669.0,2104.0
2668492,2668493,0.0,1081862,3,2,2,2,-9.0,-9.0,-9.0,-9.0,-9.0,-9,0.0,22669.0,2104.0
2668493,2668494,29.0,1081863,1,2,0,2,6.0,-9.0,-9.0,-9.0,4.0,-9,0.0,22667.0,2103.0
2668494,2668495,5.0,1081863,2,2,2,2,-9.0,-9.0,-9.0,2.0,-9.0,-9,0.0,22667.0,2103.0
2668495,2668496,2.0,1081863,3,2,2,2,-9.0,-9.0,-9.0,-9.0,-9.0,-9,0.0,22667.0,2103.0
2668496,2668497,30.0,1081864,1,2,0,3,1.0,32.0,1.0,-9.0,4.0,622M,15.0,22669.0,2104.0
2668497,2668498,32.0,1081864,2,1,13,2,1.0,40.0,1.0,-9.0,4.0,611M1,13.0,22669.0,2104.0
2668498,2668499,30.0,1081865,1,2,0,3,1.0,32.0,1.0,-9.0,4.0,622M,15.0,22667.0,2103.0
2668499,2668500,32.0,1081865,2,1,13,2,1.0,40.0,1.0,-9.0,4.0,611M1,13.0,22667.0,2103.0
2668500,2668501,30.0,1081866,1,2,0,3,1.0,32.0,1.0,-9.0,4.0,622M,15.0,22668.0,2103.0
2668501,2668502,32.0,1081866,2,1,13,2,1.0,40.0,1.0,-9.0,4.0,611M1,13.0,22668.0,2103.0
2668502,2668503,30.0,1081867,1,2,0,3,1.0,32.0,1.0,-9.0,4.0,622M,15.0,22667.0,2103.0
2668503,2668504,32.0,1081867,2,1,13,2,1.0,40.0,1.0,-9.0,4.0,611M1,13.0,22667.0,2103.0
2668504,2668505,30.0,1081868,1,2,0,3,1.0,32.0,1.0,-9.0,4.0,622M,15.0,22669.0,2104.0
2668505,2668506,32.0,1081868,2,1,13,2,1.0,40.0,1.0,-9.0,4.0,611M1,13.0,22669.0,2104.0
2668506,2668507,30.0,1081869,1,2,0,3,1.0,32.0,1.0,-9.0,4.0,622M,15.0,22659.0,2103.0
2668507,2668508,32.0,1081869,2,1,13,2,1.0,40.0,1.0,-9.0,4.0,611M1,13.0,22659.0,2103.0
2668508,2668509,36.0,1081870,1,2,0,1,1.0,50.0,1.0,-9.0,4.0,45221,5.0,22669.0,2104.0
2668509,2668510,44.0,1081870,2,1,1,2,1.0,40.0,1.0,-9.0,4.0,45221,5.0,22669.0,2104.0
2668510,2668511,15.0,1081870,3,1,2,1,-9.0,-9.0,-9.0,12.0,-9.0,-9,0.0,22669.0,2104.0
2668511,2668512,13.0,1081870,4,1,2,1,-9.0,-9.0,-9.0,9.0,-9.0,-9,0.0,22669.0,2104.0
2668512,2668513,4.0,1081870,5,1,2,4,-9.0,-9.0,-9.0,-9.0,-9.0,-9,0.0,22669.0,2104.0
2668513,2668514,21.0,1081870,6,1,4,2,1.0,25.0,6.0,-9.0,4.0,4523,5.0,22669.0,2104.0
2668514,2668515,32.0,1081870,7,2,12,1,1.0,40.0,1.0,-9.0,4.0,4523,5.0,22669.0,2104.0
2668515,2668516,36.0,1081871,1,2,0,1,1.0,50.0,1.0,-9.0,4.0,45221,5.0,22670.0,2104.0
2668516,2668517,44.0,1081871,2,1,1,2,1.0,40.0,1.0,-9.0,4.0,45221,5.0,22670.0,2104.0
2668517,2668518,15.0,1081871,3,1,2,1,-9.0,-9.0,-9.0,12.0,-9.0,-9,0.0,22670.0,2104.0
2668518,2668519,13.0,1081871,4,1,2,1,-9.0,-9.0,-9.0,9.0,-9.0,-9,0.0,22670.0,2104.0
2668519,2668520,4.0,1081871,5,1,2,4,-9.0,-9.0,-9.0,-9.0,-9.0,-9,0.0,22670.0,2104.0
2668520,2668521,21.0,1081871,6,1,4,2,1.0,25.0,6.0,-9.0,4.0,4523,5.0,22670.0,2104.0
2668521,2668522,32.0,1081871,7,2,12,1,1.0,40.0,1.0,-9.0,4.0,4523,5.0,22670.0,2104.0
2668522,2668523,36.0,1081872,1,2,0,1,1.0,50.0,1.0,-9.0,4.0,45221,5.0,22667.0,2103.0
2668523,2668524,44.0,1081872,2,1,1,2,1.0,40.0,1.0,-9.0,4.0,45221,5.0,22667.0,2103.0
2668524,2668525,15.0,1081872,3,1,2,1,-9.0,-9.0,-9.0,12.0,-9.0,-9,0.0,22667.0,2103.0
2668525,2668526,13.0,1081872,4,1,2,1,-9.0,-9.0,-9.0,9.0,-9.0,-9,0.0,22667.0,2103.0
2668526,2668527,4.0,1081872,5,1,2,4,-9.0,-9.0,-9.0,-9.0,-9.0,-9,0.0,22667.0,2103.0
2668527,2668528,21.0,1081872,6,1,4,2,1.0,25.0,6.0,-9.0,4.0,4523,5.0,22667.0,2103.0
2668528,2668529,32.0,1081872,7,2,12,1,1.0,40.0,1.0,-9.0,4.0,4523,5.0,22667.0,2103.0
2668529,2668530,36.0,1081873,1,2,0,1,1.0,50.0,1.0,-9.0,4.0,45221,5.0,22667.0,2103.0
2668530,2668531,44.0,1081873,2,1,1,2,1.0,40.0,1.0,-9.0,4.0,45221,5.0,22667.0,2103.0
2668531,2668532,15.0,1081873,3,1,2,1,-9.0,-9.0,-9.0,12.0,-9.0,-9,0.0,22667.0,2103.0
2668532,2668533,13.0,1081873,4,1,2,1,-9.0,-9.0,-9.0,9.0,-9.0,-9,0.0,22667.0,2103.0
2668533,2668534,4.0,1081873,5,1,2,4,-9.0,-9.0,-9.0,-9.0,-9.0,-9,0.0,22667.0,2103.0
2668534,2668535,21.0,1081873,6,1,4,2,1.0,25.0,6.0,-9.0,4.0,4523,5.0,22667.0,2103.0
2668535,2668536,32.0,1081873,7,2,12,1,1.0,40.0,1.0,-9.0,4.0,4523,5.0,22667.0,2103.0
2668536,2668537,36.0,1081874,1,2,0,1,1.0,50.0,1.0,-9.0,4.0,45221,5.0,22667.0,2103.0
2668537,2668538,44.0,1081874,2,1,1,2,1.0,40.0,1.0,-9.0,4.0,45221,5.0,22667.0,2103.0
2668538,2668539,15.0,1081874,3,1,2,1,-9.0,-9.0,-9.0,12.0,-9.0,-9,0.0,22667.0,2103.0
2668539,2668540,13.0,1081874,4,1,2,1,-9.0,-9.0,-9.0,9.0,-9.0,-9,0.0,22667.0,2103.0
2668540,2668541,4.0,1081874,5,1,2,4,-9.0,-9.0,-9.0,-9.0,-9.0,-9,0.0,22667.0,2103.0
2668541,2668542,21.0,1081874,6,1,4,2,1.0,25.0,6.0,-9.0,4.0,4523,5.0,22667.0,2103.0
2668542,2668543,32.0,1081874,7,2,12,1,1.0,40.0,1.0,-9.0,4.0,4523,5.0,22667.0,2103.0
2668543,2668544,36.0,1081875,1,2,0,1,1.0,50.0,1.0,-9.0,4.0,45221,5.0,22667.0,2103.0
2668544,2668545,44.0,1081875,2,1,1,2,1.0,40.0,1.0,-9.0,4.0,45221,5.0,22667.0,2103.0
2668545,2668546,15.0,1081875,3,1,2,1,-9.0,-9.0,-9.0,12.0,-9.0,-9,0.0,22667.0,2103.0
2668546,2668547,13.0,1081875,4,1,2,1,-9.0,-9.0,-9.0,9.0,-9.0,-9,0.0,22667.0,2103.0
2668547,2668548,4.0,1081875,5,1,2,4,-9.0,-9.0,-9.0,-9.0,-9.0,-9,0.0,22667.0,2103.0
2668548,2668549,21.0,1081875,6,1,4,2,1.0,25.0,6.0,-9.0,4.0,4523,5.0,22667.0,2103.0
2668549,2668550,32.0,1081875,7,2,12,1,1.0,40.0,1.0,-9.0,4.0,4523,5.0,22667.0,2103.0
2668550,2668551,36.0,1081876,1,2,0,1,1.0,50.0,1.0,-9.0,4.0,45221,5.0,22669.0,2104.0
2668551,2668552,44.0,1081876,2,1,1,2,1.0,40.0,1.0,-9.0,4.0,45221,5.0,22669.0,2104.0
2668552,2668553,15.0,1081876,3,1,2,1,-9.0,-9.0,-9.0,12.0,-9.0,-9,0.0,22669.0,2104.0
2668553,2668554,13.0,1081876,4,1,2,1,-9.0,-9.0,-9.0,9.0,-9.0,-9,0.0,22669.0,2104.0
2668554,2668555,4.0,1081876,5,1,2,4,-9.0,-9.0,-9.0,-9.0,-9.0,-9,0.0,22669.0,2104.0
2668555,2668556,21.0,1081876,6,1,4,2,1.0,25.0,6.0,-9.0,4.0,4523,5.0,22669.0,2104.0
2668556,2668557,32.0,1081876,7,2,12,1,1.0,40.0,1.0,-9.0,4.0,4523,5.0,22669.0,2104.0
2668557,2668558,36.0,1081877,1,2,0,1,1.0,50.0,1.0,-9.0,4.0,45221,5.0,22659.0,2103.0
2668558,2668559,44.0,1081877,2,1,1,2,1.0,40.0,1.0,-9.0,4.0,45221,5.0,22659.0,2103.0
2668559,2668560,15.0,1081877,3,1,2,1,-9.0,-9.0,-9.0,12.0,-9.0,-9,0.0,22659.0,2103.0
2668560,2668561,13.0,1081877,4,1,2,1,-9.0,-9.0,-9.0,9.0,-9.0,-9,0.0,22659.0,2103.0
2668561,2668562,4.0,1081877,5,1,2,4,-9.0,-9.0,-9.0,-9.0,-9.0,-9,0.0,22659.0,2103.0
2668562,2668563,21.0,1081877,6,1,4,2,1.0,25.0,6.0,-9.0,4.0,4523,5.0,22659.0,2103.0
2668563,2668564,32.0,1081877,7,2,12,1,1.0,40.0,1.0,-9.0,4.0,4523,5.0,22659.0,2103.0
2668564,2668565,36.0,1081878,1,2,0,1,1.0,50.0,1.0,-9.0,4.0,45221,5.0,22669.0,2104.0
2668565,2668566,44.0,1081878,2,1,1,2,1.0,40.0,1.0,-9.0,4.0,45221,5.0,22669.0,2104.0
2668566,2668567,15.0,1081878,3,1,2,1,-9.0,-9.0,-9.0,12.0,-9.0,-9,0.0,22669.0,2104.0
2668567,2668568,13.0,1081878,4,1,2,1,-9.0,-9.0,-9.0,9.0,-9.0,-9,0.0,22669.0,2104.0
2668568,2668569,4.0,1081878,5,1,2,4,-9.0,-9.0,-9.0,-9.0,-9.0,-9,0.0,22669.0,2104.0
2668569,2668570,21.0,1081878,6,1,4,2,1.0,25.0,6.0,-9.0,4.0,4523,5.0,22669.0,2104.0
2668570,2668571,32.0,1081878,7,2,12,1,1.0,40.0,1.0,-9.0,4.0,4523,5.0,22669.0,2104.0
2668571,2668572,36.0,1081879,1,2,0,1,1.0,50.0,1.0,-9.0,4.0,45221,5.0,22669.0,2104.0
2668572,2668573,44.0,1081879,2,1,1,2,1.0,40.0,1.0,-9.0,4.0,45221,5.0,22669.0,2104.0
2668573,2668574,15.0,1081879,3,1,2,1,-9.0,-9.0,-9.0,12.0,-9.0,-9,0.0,22669.0,2104.0
2668574,2668575,13.0,1081879,4,1,2,1,-9.0,-9.0,-9.0,9.0,-9.0,-9,0.0,22669.0,2104.0
2668575,2668576,4.0,1081879,5,1,2,4,-9.0,-9.0,-9.0,-9.0,-9.0,-9,0.0,22669.0,2104.0
2668576,2668577,21.0,1081879,6,1,4,2,1.0,25.0,6.0,-9.0,4.0,4523,5.0,22669.0,2104.0
2668577,2668578,32.0,1081879,7,2,12,1,1.0,40.0,1.0,-9.0,4.0,4523,5.0,22669.0,2104.0
2668578,2668579,36.0,1081880,1,2,0,1,1.0,50.0,1.0,-9.0,4.0,45221,5.0,22670.0,2104.0
2668579,2668580,44.0,1081880,2,1,1,2,1.0,40.0,1.0,-9.0,4.0,45221,5.0,22670.0,2104.0
2668580,2668581,15.0,1081880,3,1,2,1,-9.0,-9.0,-9.0,12.0,-9.0,-9,0.0,22670.0,2104.0
2668581,2668582,13.0,1081880,4,1,2,1,-9.0,-9.0,-9.0,9.0,-9.0,-9,0.0,22670.0,2104.0
2668582,2668583,4.0,1081880,5,1,2,4,-9.0,-9.0,-9.0,-9.0,-9.0,-9,0.0,22670.0,2104.0
2668583,2668584,21.0,1081880,6,1,4,2,1.0,25.0,6.0,-9.0,4.0,4523,5.0,22670.0,2104.0
2668584,2668585,32.0,1081880,7,2,12,1,1.0,40.0,1.0,-9.0,4.0,4523,5.0,22670.0,2104.0
2668585,2668586,36.0,1081881,1,2,0,1,1.0,50.0,1.0,-9.0,4.0,45221,5.0,22669.0,2104.0
2668586,2668587,44.0,1081881,2,1,1,2,1.0,40.0,1.0,-9.0,4.0,45221,5.0,22669.0,2104.0
2668587,2668588,15.0,1081881,3,1,2,1,-9.0,-9.0,-9.0,12.0,-9.0,-9,0.0,22669.0,2104.0
2668588,2668589,13.0,1081881,4,1,2,1,-9.0,-9.0,-9.0,9.0,-9.0,-9,0.0,22669.0,2104.0
2668589,2668590,4.0,1081881,5,1,2,4,-9.0,-9.0,-9.0,-9.0,-9.0,-9,0.0,22669.0,2104.0
2668590,2668591,21.0,1081881,6,1,4,2,1.0,25.0,6.0,-9.0,4.0,4523,5.0,22669.0,2104.0
2668591,2668592,32.0,1081881,7,2,12,1,1.0,40.0,1.0,-9.0,4.0,4523,5.0,22669.0,2104.0
2668592,2668593,36.0,1081882,1,2,0,1,1.0,50.0,1.0,-9.0,4.0,45221,5.0,22667.0,2103.0
2668593,2668594,44.0,1081882,2,1,1,2,1.0,40.0,1.0,-9.0,4.0,45221,5.0,22667.0,2103.0
2668594,2668595,15.0,1081882,3,1,2,1,-9.0,-9.0,-9.0,12.0,-9.0,-9,0.0,22667.0,2103.0
2668595,2668596,13.0,1081882,4,1,2,1,-9.0,-9.0,-9.0,9.0,-9.0,-9,0.0,22667.0,2103.0
2668596,2668597,4.0,1081882,5,1,2,4,-9.0,-9.0,-9.0,-9.0,-9.0,-9,0.0,22667.0,2103.0
2668597,2668598,21.0,1081882,6,1,4,2,1.0,25.0,6.0,-9.0,4.0,4523,5.0,22667.0,2103.0
2668598,2668599,32.0,1081882,7,2,12,1,1.0,40.0,1.0,-9.0,4.0,4523,5.0,22667.0,2103.0
2668599,2668600,36.0,1081883,1,2,0,1,1.0,50.0,1.0,-9.0,4.0,45221,5.0,22670.0,2104.0
2668600,2668601,44.0,1081883,2,1,1,2,1.0,40.0,1.0,-9.0,4.0,45221,5.0,22670.0,2104.0
2668601,2668602,15.0,1081883,3,1,2,1,-9.0,-9.0,-9.0,12.0,-9.0,-9,0.0,22670.0,2104.0
2668602,2668603,13.0,1081883,4,1,2,1,-9.0,-9.0,-9.0,9.0,-9.0,-9,0.0,22670.0,2104.0
2668603,2668604,4.0,1081883,5,1,2,4,-9.0,-9.0,-9.0,-9.0,-9.0,-9,0.0,22670.0,2104.0
2668604,2668605,21.0,1081883,6,1,4,2,1.0,25.0,6.0,-9.0,4.0,4523,5.0,22670.0,2104.0
2668605,2668606,32.0,1081883,7,2,12,1,1.0,40.0,1.0,-9.0,4.0,4523,5.0,22670.0,2104.0
2668606,2668607,36.0,1081884,1,2,0,1,1.0,50.0,1.0,-9.0,4.0,45221,5.0,22669.0,2104.0
2668607,2668608,44.0,1081884,2,1,1,2,1.0,40.0,1.0,-9.0,4.0,45221,5.0,22669.0,2104.0
2668608,2668609,15.0,1081884,3,1,2,1,-9.0,-9.0,-9.0,12.0,-9.0,-9,0.0,22669.0,2104.0
2668609,2668610,13.0,1081884,4,1,2,1,-9.0,-9.0,-9.0,9.0,-9.0,-9,0.0,22669.0,2104.0
2668610,2668611,4.0,1081884,5,1,2,4,-9.0,-9.0,-9.0,-9.0,-9.0,-9,0.0,22669.0,2104.0
2668611,2668612,21.0,1081884,6,1,4,2,1.0,25.0,6.0,-9.0,4.0,4523,5.0,22669.0,2104.0
2668612,2668613,32.0,1081884,7,2,12,1,1.0,40.0,1.0,-9.0,4.0,4523,5.0,22669.0,2104.0
2668613,2668614,36.0,1081885,1,2,0,1,1.0,50.0,1.0,-9.0,4.0,45221,5.0,22669.0,2104.0
2668614,2668615,44.0,1081885,2,1,1,2,1.0,40.0,1.0,-9.0,4.0,45221,5.0,22669.0,2104.0
2668615,2668616,15.0,1081885,3,1,2,1,-9.0,-9.0,-9.0,12.0,-9.0,-9,0.0,22669.0,2104.0
2668616,2668617,13.0,1081885,4,1,2,1,-9.0,-9.0,-9.0,9.0,-9.0,-9,0.0,22669.0,2104.0
2668617,2668618,4.0,1081885,5,1,2,4,-9.0,-9.0,-9.0,-9.0,-9.0,-9,0.0,22669.0,2104.0
2668618,2668619,21.0,1081885,6,1,4,2,1.0,25.0,6.0,-9.0,4.0,4523,5.0,22669.0,2104.0
2668619,2668620,32.0,1081885,7,2,12,1,1.0,40.0,1.0,-9.0,4.0,4523,5.0,22669.0,2104.0
2668620,2668621,36.0,1081886,1,2,0,1,1.0,50.0,1.0,-9.0,4.0,45221,5.0,22670.0,2104.0
2668621,2668622,44.0,1081886,2,1,1,2,1.0,40.0,1.0,-9.0,4.0,45221,5.0,22670.0,2104.0
2668622,2668623,15.0,1081886,3,1,2,1,-9.0,-9.0,-9.0,12.0,-9.0,-9,0.0,22670.0,2104.0
2668623,2668624,13.0,1081886,4,1,2,1,-9.0,-9.0,-9.0,9.0,-9.0,-9,0.0,22670.0,2104.0
2668624,2668625,4.0,1081886,5,1,2,4,-9.0,-9.0,-9.0,-9.0,-9.0,-9,0.0,22670.0,2104.0
2668625,2668626,21.0,1081886,6,1,4,2,1.0,25.0,6.0,-9.0,4.0,4523,5.0,22670.0,2104.0
2668626,2668627,32.0,1081886,7,2,12,1,1.0,40.0,1.0,-9.0,4.0,4523,5.0,22670.0,2104.0
2668627,2668628,36.0,1081887,1,2,0,1,1.0,50.0,1.0,-9.0,4.0,45221,5.0,22667.0,2103.0
2668628,2668629,44.0,1081887,2,1,1,2,1.0,40.0,1.0,-9.0,4.0,45221,5.0,22667.0,2103.0
2668629,2668630,15.0,1081887,3,1,2,1,-9.0,-9.0,-9.0,12.0,-9.0,-9,0.0,22667.0,2103.0
2668630,2668631,13.0,1081887,4,1,2,1,-9.0,-9.0,-9.0,9.0,-9.0,-9,0.0,22667.0,2103.0
2668631,2668632,4.0,1081887,5,1,2,4,-9.0,-9.0,-9.0,-9.0,-9.0,-9,0.0,22667.0,2103.0
2668632,2668633,21.0,1081887,6,1,4,2,1.0,25.0,6.0,-9.0,4.0,4523,5.0,22667.0,2103.0
2668633,2668634,32.0,1081887,7,2,12,1,1.0,40.0,1.0,-9.0,4.0,4523,5.0,22667.0,2103.0
2668634,2668635,36.0,1081888,1,2,0,1,1.0,50.0,1.0,-9.0,4.0,45221,5.0,22667.0,2103.0
2668635,2668636,44.0,1081888,2,1,1,2,1.0,40.0,1.0,-9.0,4.0,45221,5.0,22667.0,2103.0
2668636,2668637,15.0,1081888,3,1,2,1,-9.0,-9.0,-9.0,12.0,-9.0,-9,0.0,22667.0,2103.0
2668637,2668638,13.0,1081888,4,1,2,1,-9.0,-9.0,-9.0,9.0,-9.0,-9,0.0,22667.0,2103.0
2668638,2668639,4.0,1081888,5,1,2,4,-9.0,-9.0,-9.0,-9.0,-9.0,-9,0.0,22667.0,2103.0
2668639,2668640,21.0,1081888,6,1,4,2,1.0,25.0,6.0,-9.0,4.0,4523,5.0,22667.0,2103.0
2668640,2668641,32.0,1081888,7,2,12,1,1.0,40.0,1.0,-9.0,4.0,4523,5.0,22667.0,2103.0
2668641,2668642,36.0,1081889,1,2,0,1,1.0,50.0,1.0,-9.0,4.0,45221,5.0,22667.0,2103.0
2668642,2668643,44.0,1081889,2,1,1,2,1.0,40.0,1.0,-9.0,4.0,45221,5.0,22667.0,2103.0
2668643,2668644,15.0,1081889,3,1,2,1,-9.0,-9.0,-9.0,12.0,-9.0,-9,0.0,22667.0,2103.0
2668644,2668645,13.0,1081889,4,1,2,1,-9.0,-9.0,-9.0,9.0,-9.0,-9,0.0,22667.0,2103.0
2668645,2668646,4.0,1081889,5,1,2,4,-9.0,-9.0,-9.0,-9.0,-9.0,-9,0.0,22667.0,2103.0
2668646,2668647,21.0,1081889,6,1,4,2,1.0,25.0,6.0,-9.0,4.0,4523,5.0,22667.0,2103.0
2668647,2668648,32.0,1081889,7,2,12,1,1.0,40.0,1.0,-9.0,4.0,4523,5.0,22667.0,2103.0
2668648,2668649,36.0,1081890,1,2,0,1,1.0,50.0,1.0,-9.0,4.0,45221,5.0,22667.0,2103.0
2668649,2668650,44.0,1081890,2,1,1,2,1.0,40.0,1.0,-9.0,4.0,45221,5.0,22667.0,2103.0
2668650,2668651,15.0,1081890,3,1,2,1,-9.0,-9.0,-9.0,12.0,-9.0,-9,0.0,22667.0,2103.0
2668651,2668652,13.0,1081890,4,1,2,1,-9.0,-9.0,-9.0,9.0,-9.0,-9,0.0,22667.0,2103.0
2668652,2668653,4.0,1081890,5,1,2,4,-9.0,-9.0,-9.0,-9.0,-9.0,-9,0.0,22667.0,2103.0
2668653,2668654,21.0,1081890,6,1,4,2,1.0,25.0,6.0,-9.0,4.0,4523,5.0,22667.0,2103.0
2668654,2668655,32.0,1081890,7,2,12,1,1.0,40.0,1.0,-9.0,4.0,4523,5.0,22667.0,2103.0
2668655,2668656,36.0,1081891,1,2,0,1,1.0,50.0,1.0,-9.0,4.0,45221,5.0,22669.0,2104.0
2668656,2668657,44.0,1081891,2,1,1,2,1.0,40.0,1.0,-9.0,4.0,45221,5.0,22669.0,2104.0
2668657,2668658,15.0,1081891,3,1,2,1,-9.0,-9.0,-9.0,12.0,-9.0,-9,0.0,22669.0,2104.0
2668658,2668659,13.0,1081891,4,1,2,1,-9.0,-9.0,-9.0,9.0,-9.0,-9,0.0,22669.0,2104.0
2668659,2668660,4.0,1081891,5,1,2,4,-9.0,-9.0,-9.0,-9.0,-9.0,-9,0.0,22669.0,2104.0
2668660,2668661,21.0,1081891,6,1,4,2,1.0,25.0,6.0,-9.0,4.0,4523,5.0,22669.0,2104.0
2668661,2668662,32.0,1081891,7,2,12,1,1.0,40.0,1.0,-9.0,4.0,4523,5.0,22669.0,2104.0
2668662,2668663,36.0,1081892,1,2,0,1,1.0,50.0,1.0,-9.0,4.0,45221,5.0,22667.0,2103.0
2668663,2668664,44.0,1081892,2,1,1,2,1.0,40.0,1.0,-9.0,4.0,45221,5.0,22667.0,2103.0
2668664,2668665,15.0,1081892,3,1,2,1,-9.0,-9.0,-9.0,12.0,-9.0,-9,0.0,22667.0,2103.0
2668665,2668666,13.0,1081892,4,1,2,1,-9.0,-9.0,-9.0,9.0,-9.0,-9,0.0,22667.0,2103.0
2668666,2668667,4.0,1081892,5,1,2,4,-9.0,-9.0,-9.0,-9.0,-9.0,-9,0.0,22667.0,2103.0
2668667,2668668,21.0,1081892,6,1,4,2,1.0,25.0,6.0,-9.0,4.0,4523,5.0,22667.0,2103.0
2668668,2668669,32.0,1081892,7,2,12,1,1.0,40.0,1.0,-9.0,4.0,4523,5.0,22667.0,2103.0
2668669,2668670,36.0,1081893,1,2,0,1,1.0,50.0,1.0,-9.0,4.0,45221,5.0,22670.0,2104.0
2668670,2668671,44.0,1081893,2,1,1,2,1.0,40.0,1.0,-9.0,4.0,45221,5.0,22670.0,2104.0
2668671,2668672,15.0,1081893,3,1,2,1,-9.0,-9.0,-9.0,12.0,-9.0,-9,0.0,22670.0,2104.0
2668672,2668673,13.0,1081893,4,1,2,1,-9.0,-9.0,-9.0,9.0,-9.0,-9,0.0,22670.0,2104.0
2668673,2668674,4.0,1081893,5,1,2,4,-9.0,-9.0,-9.0,-9.0,-9.0,-9,0.0,22670.0,2104.0
2668674,2668675,21.0,1081893,6,1,4,2,1.0,25.0,6.0,-9.0,4.0,4523,5.0,22670.0,2104.0
2668675,2668676,32.0,1081893,7,2,12,1,1.0,40.0,1.0,-9.0,4.0,4523,5.0,22670.0,2104.0
2668676,2668677,36.0,1081894,1,2,0,1,1.0,50.0,1.0,-9.0,4.0,45221,5.0,22669.0,2104.0
2668677,2668678,44.0,1081894,2,1,1,2,1.0,40.0,1.0,-9.0,4.0,45221,5.0,22669.0,2104.0
2668678,2668679,15.0,1081894,3,1,2,1,-9.0,-9.0,-9.0,12.0,-9.0,-9,0.0,22669.0,2104.0
2668679,2668680,13.0,1081894,4,1,2,1,-9.0,-9.0,-9.0,9.0,-9.0,-9,0.0,22669.0,2104.0
2668680,2668681,4.0,1081894,5,1,2,4,-9.0,-9.0,-9.0,-9.0,-9.0,-9,0.0,22669.0,2104.0
2668681,2668682,21.0,1081894,6,1,4,2,1.0,25.0,6.0,-9.0,4.0,4523,5.0,22669.0,2104.0
2668682,2668683,32.0,1081894,7,2,12,1,1.0,40.0,1.0,-9.0,4.0,4523,5.0,22669.0,2104.0
2668683,2668684,36.0,1081895,1,2,0,1,1.0,50.0,1.0,-9.0,4.0,45221,5.0,22670.0,2104.0
2668684,2668685,44.0,1081895,2,1,1,2,1.0,40.0,1.0,-9.0,4.0,45221,5.0,22670.0,2104.0
2668685,2668686,15.0,1081895,3,1,2,1,-9.0,-9.0,-9.0,12.0,-9.0,-9,0.0,22670.0,2104.0
2668686,2668687,13.0,1081895,4,1,2,1,-9.0,-9.0,-9.0,9.0,-9.0,-9,0.0,22670.0,2104.0
2668687,2668688,4.0,1081895,5,1,2,4,-9.0,-9.0,-9.0,-9.0,-9.0,-9,0.0,22670.0,2104.0
2668688,2668689,21.0,1081895,6,1,4,2,1.0,25.0,6.0,-9.0,4.0,4523,5.0,22670.0,2104.0
2668689,2668690,32.0,1081895,7,2,12,1,1.0,40.0,1.0,-9.0,4.0,4523,5.0,22670.0,2104.0
2668690,2668691,36.0,1081896,1,2,0,1,1.0,50.0,1.0,-9.0,4.0,45221,5.0,22659.0,2103.0
2668691,2668692,44.0,1081896,2,1,1,2,1.0,40.0,1.0,-9.0,4.0,45221,5.0,22659.0,2103.0
2668692,2668693,15.0,1081896,3,1,2,1,-9.0,-9.0,-9.0,12.0,-9.0,-9,0.0,22659.0,2103.0
2668693,2668694,13.0,1081896,4,1,2,1,-9.0,-9.0,-9.0,9.0,-9.0,-9,0.0,22659.0,2103.0
2668694,2668695,4.0,1081896,5,1,2,4,-9.0,-9.0,-9.0,-9.0,-9.0,-9,0.0,22659.0,2103.0
2668695,2668696,21.0,1081896,6,1,4,2,1.0,25.0,6.0,-9.0,4.0,4523,5.0,22659.0,2103.0
2668696,2668697,32.0,1081896,7,2,12,1,1.0,40.0,1.0,-9.0,4.0,4523,5.0,22659.0,2103.0
2668697,2668698,36.0,1081897,1,2,0,1,1.0,50.0,1.0,-9.0,4.0,45221,5.0,22667.0,2103.0
2668698,2668699,44.0,1081897,2,1,1,2,1.0,40.0,1.0,-9.0,4.0,45221,5.0,22667.0,2103.0
2668699,2668700,15.0,1081897,3,1,2,1,-9.0,-9.0,-9.0,12.0,-9.0,-9,0.0,22667.0,2103.0
2668700,2668701,13.0,1081897,4,1,2,1,-9.0,-9.0,-9.0,9.0,-9.0,-9,0.0,22667.0,2103.0
2668701,2668702,4.0,1081897,5,1,2,4,-9.0,-9.0,-9.0,-9.0,-9.0,-9,0.0,22667.0,2103.0
2668702,2668703,21.0,1081897,6,1,4,2,1.0,25.0,6.0,-9.0,4.0,4523,5.0,22667.0,2103.0
2668703,2668704,32.0,1081897,7,2,12,1,1.0,40.0,1.0,-9.0,4.0,4523,5.0,22667.0,2103.0
2668704,2668705,36.0,1081898,1,2,0,1,1.0,50.0,1.0,-9.0,4.0,45221,5.0,22670.0,2104.0
2668705,2668706,44.0,1081898,2,1,1,2,1.0,40.0,1.0,-9.0,4.0,45221,5.0,22670.0,2104.0
2668706,2668707,15.0,1081898,3,1,2,1,-9.0,-9.0,-9.0,12.0,-9.0,-9,0.0,22670.0,2104.0
2668707,2668708,13.0,1081898,4,1,2,1,-9.0,-9.0,-9.0,9.0,-9.0,-9,0.0,22670.0,2104.0
2668708,2668709,4.0,1081898,5,1,2,4,-9.0,-9.0,-9.0,-9.0,-9.0,-9,0.0,22670.0,2104.0
2668709,2668710,21.0,1081898,6,1,4,2,1.0,25.0,6.0,-9.0,4.0,4523,5.0,22670.0,2104.0
2668710,2668711,32.0,1081898,7,2,12,1,1.0,40.0,1.0,-9.0,4.0,4523,5.0,22670.0,2104.0
2668711,2668712,36.0,1081899,1,2,0,1,1.0,50.0,1.0,-9.0,4.0,45221,5.0,22667.0,2103.0
2668712,2668713,44.0,1081899,2,1,1,2,1.0,40.0,1.0,-9.0,4.0,45221,5.0,22667.0,2103.0
2668713,2668714,15.0,1081899,3,1,2,1,-9.0,-9.0,-9.0,12.0,-9.0,-9,0.0,22667.0,2103.0
2668714,2668715,13.0,1081899,4,1,2,1,-9.0,-9.0,-9.0,9.0,-9.0,-9,0.0,22667.0,2103.0
2668715,2668716,4.0,1081899,5,1,2,4,-9.0,-9.0,-9.0,-9.0,-9.0,-9,0.0,22667.0,2103.0
2668716,2668717,21.0,1081899,6,1,4,2,1.0,25.0,6.0,-9.0,4.0,4523,5.0,22667.0,2103.0
2668717,2668718,32.0,1081899,7,2,12,1,1.0,40.0,1.0,-9.0,4.0,4523,5.0,22667.0,2103.0
2668718,2668719,36.0,1081900,1,2,0,1,1.0,50.0,1.0,-9.0,4.0,45221,5.0,22667.0,2103.0
2668719,2668720,44.0,1081900,2,1,1,2,1.0,40.0,1.0,-9.0,4.0,45221,5.0,22667.0,2103.0
2668720,2668721,15.0,1081900,3,1,2,1,-9.0,-9.0,-9.0,12.0,-9.0,-9,0.0,22667.0,2103.0
2668721,2668722,13.0,1081900,4,1,2,1,-9.0,-9.0,-9.0,9.0,-9.0,-9,0.0,22667.0,2103.0
2668722,2668723,4.0,1081900,5,1,2,4,-9.0,-9.0,-9.0,-9.0,-9.0,-9,0.0,22667.0,2103.0
2668723,2668724,21.0,1081900,6,1,4,2,1.0,25.0,6.0,-9.0,4.0,4523,5.0,22667.0,2103.0
2668724,2668725,32.0,1081900,7,2,12,1,1.0,40.0,1.0,-9.0,4.0,4523,5.0,22667.0,2103.0
2668725,2668726,36.0,1081901,1,2,0,1,1.0,50.0,1.0,-9.0,4.0,45221,5.0,22667.0,2103.0
2668726,2668727,44.0,1081901,2,1,1,2,1.0,40.0,1.0,-9.0,4.0,45221,5.0,22667.0,2103.0
2668727,2668728,15.0,1081901,3,1,2,1,-9.0,-9.0,-9.0,12.0,-9.0,-9,0.0,22667.0,2103.0
2668728,2668729,13.0,1081901,4,1,2,1,-9.0,-9.0,-9.0,9.0,-9.0,-9,0.0,22667.0,2103.0
2668729,2668730,4.0,1081901,5,1,2,4,-9.0,-9.0,-9.0,-9.0,-9.0,-9,0.0,22667.0,2103.0
2668730,2668731,21.0,1081901,6,1,4,2,1.0,25.0,6.0,-9.0,4.0,4523,5.0,22667.0,2103.0
2668731,2668732,32.0,1081901,7,2,12,1,1.0,40.0,1.0,-9.0,4.0,4523,5.0,22667.0,2103.0
2668732,2668733,36.0,1081902,1,2,0,1,1.0,50.0,1.0,-9.0,4.0,45221,5.0,22670.0,2104.0
2668733,2668734,44.0,1081902,2,1,1,2,1.0,40.0,1.0,-9.0,4.0,45221,5.0,22670.0,2104.0
2668734,2668735,15.0,1081902,3,1,2,1,-9.0,-9.0,-9.0,12.0,-9.0,-9,0.0,22670.0,2104.0
2668735,2668736,13.0,1081902,4,1,2,1,-9.0,-9.0,-9.0,9.0,-9.0,-9,0.0,22670.0,2104.0
2668736,2668737,4.0,1081902,5,1,2,4,-9.0,-9.0,-9.0,-9.0,-9.0,-9,0.0,22670.0,2104.0
2668737,2668738,21.0,1081902,6,1,4,2,1.0,25.0,6.0,-9.0,4.0,4523,5.0,22670.0,2104.0
2668738,2668739,32.0,1081902,7,2,12,1,1.0,40.0,1.0,-9.0,4.0,4523,5.0,22670.0,2104.0
2668739,2668740,36.0,1081903,1,2,0,1,1.0,50.0,1.0,-9.0,4.0,45221,5.0,22670.0,2104.0
2668740,2668741,44.0,1081903,2,1,1,2,1.0,40.0,1.0,-9.0,4.0,45221,5.0,22670.0,2104.0
2668741,2668742,15.0,1081903,3,1,2,1,-9.0,-9.0,-9.0,12.0,-9.0,-9,0.0,22670.0,2104.0
2668742,2668743,13.0,1081903,4,1,2,1,-9.0,-9.0,-9.0,9.0,-9.0,-9,0.0,22670.0,2104.0
2668743,2668744,4.0,1081903,5,1,2,4,-9.0,-9.0,-9.0,-9.0,-9.0,-9,0.0,22670.0,2104.0
2668744,2668745,21.0,1081903,6,1,4,2,1.0,25.0,6.0,-9.0,4.0,4523,5.0,22670.0,2104.0
2668745,2668746,32.0,1081903,7,2,12,1,1.0,40.0,1.0,-9.0,4.0,4523,5.0,22670.0,2104.0
2668746,2668747,36.0,1081904,1,2,0,1,1.0,50.0,1.0,-9.0,4.0,45221,5.0,22669.0,2104.0
2668747,2668748,44.0,1081904,2,1,1,2,1.0,40.0,1.0,-9.0,4.0,45221,5.0,22669.0,2104.0
2668748,2668749,15.0,1081904,3,1,2,1,-9.0,-9.0,-9.0,12.0,-9.0,-9,0.0,22669.0,2104.0
2668749,2668750,13.0,1081904,4,1,2,1,-9.0,-9.0,-9.0,9.0,-9.0,-9,0.0,22669.0,2104.0
2668750,2668751,4.0,1081904,5,1,2,4,-9.0,-9.0,-9.0,-9.0,-9.0,-9,0.0,22669.0,2104.0
2668751,2668752,21.0,1081904,6,1,4,2,1.0,25.0,6.0,-9.0,4.0,4523,5.0,22669.0,2104.0
2668752,2668753,32.0,1081904,7,2,12,1,1.0,40.0,1.0,-9.0,4.0,4523,5.0,22669.0,2104.0
2668753,2668754,36.0,1081905,1,2,0,1,1.0,50.0,1.0,-9.0,4.0,45221,5.0,22669.0,2104.0
2668754,2668755,44.0,1081905,2,1,1,2,1.0,40.0,1.0,-9.0,4.0,45221,5.0,22669.0,2104.0
2668755,2668756,15.0,1081905,3,1,2,1,-9.0,-9.0,-9.0,12.0,-9.0,-9,0.0,22669.0,2104.0
2668756,2668757,13.0,1081905,4,1,2,1,-9.0,-9.0,-9.0,9.0,-9.0,-9,0.0,22669.0,2104.0
2668757,2668758,4.0,1081905,5,1,2,4,-9.0,-9.0,-9.0,-9.0,-9.0,-9,0.0,22669.0,2104.0
2668758,2668759,21.0,1081905,6,1,4,2,1.0,25.0,6.0,-9.0,4.0,4523,5.0,22669.0,2104.0
2668759,2668760,32.0,1081905,7,2,12,1,1.0,40.0,1.0,-9.0,4.0,4523,5.0,22669.0,2104.0
2668760,2668761,36.0,1081906,1,2,0,1,1.0,50.0,1.0,-9.0,4.0,45221,5.0,22669.0,2104.0
2668761,2668762,44.0,1081906,2,1,1,2,1.0,40.0,1.0,-9.0,4.0,45221,5.0,22669.0,2104.0
2668762,2668763,15.0,1081906,3,1,2,1,-9.0,-9.0,-9.0,12.0,-9.0,-9,0.0,22669.0,2104.0
2668763,2668764,13.0,1081906,4,1,2,1,-9.0,-9.0,-9.0,9.0,-9.0,-9,0.0,22669.0,2104.0
2668764,2668765,4.0,1081906,5,1,2,4,-9.0,-9.0,-9.0,-9.0,-9.0,-9,0.0,22669.0,2104.0
2668765,2668766,21.0,1081906,6,1,4,2,1.0,25.0,6.0,-9.0,4.0,4523,5.0,22669.0,2104.0
2668766,2668767,32.0,1081906,7,2,12,1,1.0,40.0,1.0,-9.0,4.0,4523,5.0,22669.0,2104.0
2668767,2668768,36.0,1081907,1,2,0,1,1.0,50.0,1.0,-9.0,4.0,45221,5.0,22659.0,2103.0
2668768,2668769,44.0,1081907,2,1,1,2,1.0,40.0,1.0,-9.0,4.0,45221,5.0,22659.0,2103.0
2668769,2668770,15.0,1081907,3,1,2,1,-9.0,-9.0,-9.0,12.0,-9.0,-9,0.0,22659.0,2103.0
2668770,2668771,13.0,1081907,4,1,2,1,-9.0,-9.0,-9.0,9.0,-9.0,-9,0.0,22659.0,2103.0
2668771,2668772,4.0,1081907,5,1,2,4,-9.0,-9.0,-9.0,-9.0,-9.0,-9,0.0,22659.0,2103.0
2668772,2668773,21.0,1081907,6,1,4,2,1.0,25.0,6.0,-9.0,4.0,4523,5.0,22659.0,2103.0
2668773,2668774,32.0,1081907,7,2,12,1,1.0,40.0,1.0,-9.0,4.0,4523,5.0,22659.0,2103.0
2668774,2668775,36.0,1081908,1,2,0,1,1.0,50.0,1.0,-9.0,4.0,45221,5.0,22668.0,2103.0
2668775,2668776,44.0,1081908,2,1,1,2,1.0,40.0,1.0,-9.0,4.0,45221,5.0,22668.0,2103.0
2668776,2668777,15.0,1081908,3,1,2,1,-9.0,-9.0,-9.0,12.0,-9.0,-9,0.0,22668.0,2103.0
2668777,2668778,13.0,1081908,4,1,2,1,-9.0,-9.0,-9.0,9.0,-9.0,-9,0.0,22668.0,2103.0
2668778,2668779,4.0,1081908,5,1,2,4,-9.0,-9.0,-9.0,-9.0,-9.0,-9,0.0,22668.0,2103.0
2668779,2668780,21.0,1081908,6,1,4,2,1.0,25.0,6.0,-9.0,4.0,4523,5.0,22668.0,2103.0
2668780,2668781,32.0,1081908,7,2,12,1,1.0,40.0,1.0,-9.0,4.0,4523,5.0,22668.0,2103.0
2668781,2668782,36.0,1081909,1,2,0,1,1.0,50.0,1.0,-9.0,4.0,45221,5.0,22667.0,2103.0
2668782,2668783,44.0,1081909,2,1,1,2,1.0,40.0,1.0,-9.0,4.0,45221,5.0,22667.0,2103.0
2668783,2668784,15.0,1081909,3,1,2,1,-9.0,-9.0,-9.0,12.0,-9.0,-9,0.0,22667.0,2103.0
2668784,2668785,13.0,1081909,4,1,2,1,-9.0,-9.0,-9.0,9.0,-9.0,-9,0.0,22667.0,2103.0
2668785,2668786,4.0,1081909,5,1,2,4,-9.0,-9.0,-9.0,-9.0,-9.0,-9,0.0,22667.0,2103.0
2668786,2668787,21.0,1081909,6,1,4,2,1.0,25.0,6.0,-9.0,4.0,4523,5.0,22667.0,2103.0
2668787,2668788,32.0,1081909,7,2,12,1,1.0,40.0,1.0,-9.0,4.0,4523,5.0,22667.0,2103.0
2668788,2668789,36.0,1081910,1,2,0,1,1.0,50.0,1.0,-9.0,4.0,45221,5.0,22669.0,2104.0
2668789,2668790,44.0,1081910,2,1,1,2,1.0,40.0,1.0,-9.0,4.0,45221,5.0,22669.0,2104.0
2668790,2668791,15.0,1081910,3,1,2,1,-9.0,-9.0,-9.0,12.0,-9.0,-9,0.0,22669.0,2104.0
2668791,2668792,13.0,1081910,4,1,2,1,-9.0,-9.0,-9.0,9.0,-9.0,-9,0.0,22669.0,2104.0
2668792,2668793,4.0,1081910,5,1,2,4,-9.0,-9.0,-9.0,-9.0,-9.0,-9,0.0,22669.0,2104.0
2668793,2668794,21.0,1081910,6,1,4,2,1.0,25.0,6.0,-9.0,4.0,4523,5.0,22669.0,2104.0
2668794,2668795,32.0,1081910,7,2,12,1,1.0,40.0,1.0,-9.0,4.0,4523,5.0,22669.0,2104.0
2668795,2668796,36.0,1081911,1,2,0,1,1.0,50.0,1.0,-9.0,4.0,45221,5.0,22667.0,2103.0
2668796,2668797,44.0,1081911,2,1,1,2,1.0,40.0,1.0,-9.0,4.0,45221,5.0,22667.0,2103.0
2668797,2668798,15.0,1081911,3,1,2,1,-9.0,-9.0,-9.0,12.0,-9.0,-9,0.0,22667.0,2103.0
2668798,2668799,13.0,1081911,4,1,2,1,-9.0,-9.0,-9.0,9.0,-9.0,-9,0.0,22667.0,2103.0
2668799,2668800,4.0,1081911,5,1,2,4,-9.0,-9.0,-9.0,-9.0,-9.0,-9,0.0,22667.0,2103.0
2668800,2668801,21.0,1081911,6,1,4,2,1.0,25.0,6.0,-9.0,4.0,4523,5.0,22667.0,2103.0
2668801,2668802,32.0,1081911,7,2,12,1,1.0,40.0,1.0,-9.0,4.0,4523,5.0,22667.0,2103.0
2668802,2668803,36.0,1081912,1,2,0,1,1.0,50.0,1.0,-9.0,4.0,45221,5.0,22659.0,2103.0
2668803,2668804,44.0,1081912,2,1,1,2,1.0,40.0,1.0,-9.0,4.0,45221,5.0,22659.0,2103.0
2668804,2668805,15.0,1081912,3,1,2,1,-9.0,-9.0,-9.0,12.0,-9.0,-9,0.0,22659.0,2103.0
2668805,2668806,13.0,1081912,4,1,2,1,-9.0,-9.0,-9.0,9.0,-9.0,-9,0.0,22659.0,2103.0
2668806,2668807,4.0,1081912,5,1,2,4,-9.0,-9.0,-9.0,-9.0,-9.0,-9,0.0,22659.0,2103.0
2668807,2668808,21.0,1081912,6,1,4,2,1.0,25.0,6.0,-9.0,4.0,4523,5.0,22659.0,2103.0
2668808,2668809,32.0,1081912,7,2,12,1,1.0,40.0,1.0,-9.0,4.0,4523,5.0,22659.0,2103.0
2668809,2668810,36.0,1081913,1,2,0,1,1.0,50.0,1.0,-9.0,4.0,45221,5.0,22669.0,2104.0
2668810,2668811,44.0,1081913,2,1,1,2,1.0,40.0,1.0,-9.0,4.0,45221,5.0,22669.0,2104.0
2668811,2668812,15.0,1081913,3,1,2,1,-9.0,-9.0,-9.0,12.0,-9.0,-9,0.0,22669.0,2104.0
2668812,2668813,13.0,1081913,4,1,2,1,-9.0,-9.0,-9.0,9.0,-9.0,-9,0.0,22669.0,2104.0
2668813,2668814,4.0,1081913,5,1,2,4,-9.0,-9.0,-9.0,-9.0,-9.0,-9,0.0,22669.0,2104.0
2668814,2668815,21.0,1081913,6,1,4,2,1.0,25.0,6.0,-9.0,4.0,4523,5.0,22669.0,2104.0
2668815,2668816,32.0,1081913,7,2,12,1,1.0,40.0,1.0,-9.0,4.0,4523,5.0,22669.0,2104.0
2668816,2668817,36.0,1081914,1,2,0,1,1.0,50.0,1.0,-9.0,4.0,45221,5.0,22667.0,2103.0
2668817,2668818,44.0,1081914,2,1,1,2,1.0,40.0,1.0,-9.0,4.0,45221,5.0,22667.0,2103.0
2668818,2668819,15.0,1081914,3,1,2,1,-9.0,-9.0,-9.0,12.0,-9.0,-9,0.0,22667.0,2103.0
2668819,2668820,13.0,1081914,4,1,2,1,-9.0,-9.0,-9.0,9.0,-9.0,-9,0.0,22667.0,2103.0
2668820,2668821,4.0,1081914,5,1,2,4,-9.0,-9.0,-9.0,-9.0,-9.0,-9,0.0,22667.0,2103.0
2668821,2668822,21.0,1081914,6,1,4,2,1.0,25.0,6.0,-9.0,4.0,4523,5.0,22667.0,2103.0
2668822,2668823,32.0,1081914,7,2,12,1,1.0,40.0,1.0,-9.0,4.0,4523,5.0,22667.0,2103.0
2668823,2668824,36.0,1081915,1,2,0,1,1.0,50.0,1.0,-9.0,4.0,45221,5.0,22670.0,2104.0
2668824,2668825,44.0,1081915,2,1,1,2,1.0,40.0,1.0,-9.0,4.0,45221,5.0,22670.0,2104.0
2668825,2668826,15.0,1081915,3,1,2,1,-9.0,-9.0,-9.0,12.0,-9.0,-9,0.0,22670.0,2104.0
2668826,2668827,13.0,1081915,4,1,2,1,-9.0,-9.0,-9.0,9.0,-9.0,-9,0.0,22670.0,2104.0
2668827,2668828,4.0,1081915,5,1,2,4,-9.0,-9.0,-9.0,-9.0,-9.0,-9,0.0,22670.0,2104.0
2668828,2668829,21.0,1081915,6,1,4,2,1.0,25.0,6.0,-9.0,4.0,4523,5.0,22670.0,2104.0
2668829,2668830,32.0,1081915,7,2,12,1,1.0,40.0,1.0,-9.0,4.0,4523,5.0,22670.0,2104.0
2668830,2668831,36.0,1081916,1,2,0,1,1.0,50.0,1.0,-9.0,4.0,45221,5.0,22667.0,2103.0
2668831,2668832,44.0,1081916,2,1,1,2,1.0,40.0,1.0,-9.0,4.0,45221,5.0,22667.0,2103.0
2668832,2668833,15.0,1081916,3,1,2,1,-9.0,-9.0,-9.0,12.0,-9.0,-9,0.0,22667.0,2103.0
2668833,2668834,13.0,1081916,4,1,2,1,-9.0,-9.0,-9.0,9.0,-9.0,-9,0.0,22667.0,2103.0
2668834,2668835,4.0,1081916,5,1,2,4,-9.0,-9.0,-9.0,-9.0,-9.0,-9,0.0,22667.0,2103.0
2668835,2668836,21.0,1081916,6,1,4,2,1.0,25.0,6.0,-9.0,4.0,4523,5.0,22667.0,2103.0
2668836,2668837,32.0,1081916,7,2,12,1,1.0,40.0,1.0,-9.0,4.0,4523,5.0,22667.0,2103.0
2668837,2668838,32.0,1081917,1,2,0,1,1.0,25.0,1.0,-9.0,4.0,4533,5.0,22669.0,2104.0
2668838,2668839,11.0,1081917,2,1,2,4,-9.0,-9.0,-9.0,7.0,-9.0,-9,0.0,22669.0,2104.0
2668839,2668840,1.0,1081917,3,2,2,4,-9.0,-9.0,-9.0,-9.0,-9.0,-9,0.0,22669.0,2104.0
2668840,2668841,26.0,1081917,4,1,13,2,3.0,25.0,4.0,-9.0,4.0,4533,5.0,22669.0,2104.0
2668841,2668842,19.0,1081918,1,2,0,2,1.0,30.0,1.0,15.0,4.0,722Z,16.0,22659.0,2103.0
2668842,2668843,19.0,1081918,2,2,12,2,1.0,25.0,4.0,15.0,4.0,722Z,16.0,22659.0,2103.0
2668843,2668844,23.0,1081919,1,2,0,2,1.0,38.0,4.0,15.0,4.0,7211,16.0,22667.0,2103.0
2668844,2668845,2.0,1081919,2,1,2,2,-9.0,-9.0,-9.0,-9.0,-9.0,-9,0.0,22667.0,2103.0
2668845,2668846,24.0,1081920,1,2,0,2,1.0,25.0,5.0,-9.0,4.0,7211,16.0,22667.0,2103.0
2668846,2668847,1.0,1081920,2,1,2,2,-9.0,-9.0,-9.0,-9.0,-9.0,-9,0.0,22667.0,2103.0
2668847,2668848,24.0,1081921,1,2,0,2,1.0,25.0,5.0,-9.0,4.0,7211,16.0,22659.0,2103.0
2668848,2668849,1.0,1081921,2,1,2,2,-9.0,-9.0,-9.0,-9.0,-9.0,-9,0.0,22659.0,2103.0
2668849,2668850,23.0,1081922,1,2,0,2,1.0,38.0,4.0,15.0,4.0,7211,16.0,22669.0,2104.0
2668850,2668851,2.0,1081922,2,1,2,2,-9.0,-9.0,-9.0,-9.0,-9.0,-9,0.0,22669.0,2104.0
2668851,2668852,23.0,1081923,1,2,0,2,1.0,38.0,4.0,15.0,4.0,7211,16.0,22667.0,2103.0
2668852,2668853,2.0,1081923,2,1,2,2,-9.0,-9.0,-9.0,-9.0,-9.0,-9,0.0,22667.0,2103.0
2670833,2670834,67.0,1082821,1,2,0,2,1.0,40.0,1.0,-9.0,4.0,611M1,13.0,22637.0,2100.0
2670834,2670835,64.0,1082821,2,2,5,2,2.0,25.0,1.0,-9.0,4.0,611M1,13.0,22637.0,2100.0
2670835,2670836,52.0,1082821,3,2,5,2,1.0,40.0,1.0,-9.0,4.0,622M,15.0,22637.0,2100.0
2670842,2670843,69.0,1082825,1,1,0,2,6.0,-9.0,-9.0,-9.0,4.0,-9,0.0,22637.0,2100.0
2670843,2670844,68.0,1082825,2,2,1,2,6.0,-9.0,-9.0,-9.0,4.0,-9,0.0,22637.0,2100.0
2670850,2670851,76.0,1082828,1,2,0,2,6.0,-9.0,-9.0,-9.0,4.0,-9,0.0,22637.0,2100.0
2670851,2670852,27.0,1082828,2,1,10,2,1.0,40.0,1.0,15.0,4.0,454110,5.0,22637.0,2100.0
2670852,2670853,76.0,1082829,1,2,0,2,6.0,-9.0,-9.0,-9.0,4.0,-9,0.0,22637.0,2100.0
2670853,2670854,27.0,1082829,2,1,10,2,1.0,40.0,1.0,15.0,4.0,454110,5.0,22637.0,2100.0
2670858,2670859,94.0,1082831,1,1,0,2,6.0,-9.0,-9.0,-9.0,2.0,-9,0.0,22637.0,2100.0
2670860,2670861,94.0,1082833,1,1,0,2,6.0,-9.0,-9.0,-9.0,2.0,-9,0.0,22637.0,2100.0
2670863,2670864,69.0,1082835,1,1,0,2,6.0,-9.0,-9.0,-9.0,4.0,-9,0.0,22636.0,2100.0
2670864,2670865,68.0,1082835,2,2,1,2,6.0,-9.0,-9.0,-9.0,4.0,-9,0.0,22636.0,2100.0
2670867,2670868,90.0,1082838,1,2,0,2,6.0,-9.0,-9.0,-9.0,4.0,-9,0.0,22637.0,2100.0
2670873,2670874,85.0,1082843,1,1,0,2,6.0,-9.0,-9.0,-9.0,4.0,-9,0.0,22637.0,2100.0
2670874,2670875,78.0,1082843,2,2,1,2,6.0,-9.0,-9.0,-9.0,4.0,-9,0.0,22637.0,2100.0
2670879,2670880,78.0,1082846,1,2,0,2,6.0,-9.0,-9.0,-9.0,4.0,-9,0.0,22637.0,2100.0
2670880,2670881,72.0,1082847,1,2,0,2,6.0,-9.0,-9.0,-9.0,4.0,-9,0.0,22635.0,2100.0
2670884,2670885,66.0,1082851,1,2,0,2,6.0,-9.0,-9.0,-9.0,4.0,-9,0.0,22637.0,2100.0
2670886,2670887,69.0,1082853,1,1,0,2,6.0,-9.0,-9.0,-9.0,4.0,-9,0.0,22636.0,2100.0
2670888,2670889,76.0,1082855,1,2,0,2,6.0,-9.0,-9.0,-9.0,4.0,-9,0.0,22637.0,2100.0
2670891,2670892,76.0,1082858,1,2,0,2,6.0,-9.0,-9.0,-9.0,4.0,-9,0.0,22637.0,2100.0
2670899,2670900,66.0,1082863,1,2,0,2,6.0,-9.0,-9.0,-9.0,4.0,-9,0.0,22637.0,2100.0
2670900,2670901,38.0,1082863,2,1,2,2,1.0,20.0,6.0,-9.0,4.0,4249Z,4.0,22637.0,2100.0
2670901,2670902,66.0,1082864,1,2,0,2,6.0,-9.0,-9.0,-9.0,4.0,-9,0.0,22637.0,2100.0
2670902,2670903,38.0,1082864,2,1,2,2,1.0,20.0,6.0,-9.0,4.0,4249Z,4.0,22637.0,2100.0
2670903,2670904,66.0,1082865,1,2,0,2,6.0,-9.0,-9.0,-9.0,4.0,-9,0.0,22637.0,2100.0
2670904,2670905,38.0,1082865,2,1,2,2,1.0,20.0,6.0,-9.0,4.0,4249Z,4.0,22637.0,2100.0
2670907,2670908,66.0,1082867,1,2,0,2,6.0,-9.0,-9.0,-9.0,4.0,-9,0.0,22637.0,2100.0
2670908,2670909,38.0,1082867,2,1,2,2,1.0,20.0,6.0,-9.0,4.0,4249Z,4.0,22637.0,2100.0
2670911,2670912,66.0,1082869,1,2,0,2,6.0,-9.0,-9.0,-9.0,4.0,-9,0.0,22637.0,2100.0
2670912,2670913,38.0,1082869,2,1,2,2,1.0,20.0,6.0,-9.0,4.0,4249Z,4.0,22637.0,2100.0
2670916,2670917,73.0,1082872,1,2,0,2,6.0,-9.0,-9.0,-9.0,4.0,-9,0.0,22637.0,2100.0
2670918,2670919,80.0,1082874,1,2,0,2,6.0,-9.0,-9.0,-9.0,4.0,-9,0.0,22637.0,2100.0
2670927,2670928,68.0,1082883,1,2,0,2,6.0,-9.0,-9.0,-9.0,4.0,-9,0.0,22637.0,2100.0
2670928,2670929,90.0,1082884,1,2,0,2,6.0,-9.0,-9.0,-9.0,4.0,-9,0.0,22637.0,2100.0
2670930,2670931,65.0,1082886,1,2,0,2,6.0,-9.0,-9.0,-9.0,4.0,-9,0.0,22637.0,2100.0
2670931,2670932,14.0,1082886,2,1,7,2,-9.0,-9.0,-9.0,10.0,-9.0,-9,0.0,22637.0,2100.0
2670932,2670933,76.0,1082887,1,1,0,3,2.0,30.0,1.0,-9.0,4.0,5413,10.0,22636.0,2100.0
2670933,2670934,77.0,1082887,2,2,1,1,6.0,-9.0,-9.0,-9.0,4.0,-9,0.0,22636.0,2100.0
2670934,2670935,50.0,1082887,3,1,2,3,3.0,-9.0,-9.0,-9.0,4.0,999920,0.0,22636.0,2100.0
2670935,2670936,18.0,1082887,4,2,7,3,6.0,-9.0,-9.0,14.0,4.0,-9,0.0,22636.0,2100.0
2670944,2670945,76.0,1082891,1,1,0,1,6.0,-9.0,-9.0,-9.0,2.0,-9,0.0,22637.0,2100.0
2670945,2670946,70.0,1082891,2,2,1,1,6.0,-9.0,-9.0,-9.0,4.0,-9,0.0,22637.0,2100.0
2670953,2670954,74.0,1082896,1,2,0,1,6.0,-9.0,-9.0,-9.0,4.0,-9,0.0,22637.0,2100.0
2670969,2670970,94.0,1082907,1,1,0,1,6.0,-9.0,-9.0,-9.0,2.0,-9,0.0,22637.0,2100.0
2670970,2670971,94.0,1082907,2,2,1,1,6.0,-9.0,-9.0,-9.0,4.0,-9,0.0,22637.0,2100.0
2670977,2670978,67.0,1082914,1,2,0,1,6.0,-9.0,-9.0,-9.0,4.0,-9,0.0,22636.0,2100.0
2670981,2670982,74.0,1082918,1,2,0,1,6.0,-9.0,-9.0,-9.0,4.0,-9,0.0,22637.0,2100.0
2670982,2670983,67.0,1082919,1,2,0,1,6.0,-9.0,-9.0,-9.0,4.0,-9,0.0,22637.0,2100.0
2670983,2670984,72.0,1082920,1,2,0,1,6.0,-9.0,-9.0,-9.0,2.0,-9,0.0,22636.0,2100.0
2670992,2670993,87.0,1082927,1,2,0,1,6.0,-9.0,-9.0,-9.0,4.0,-9,0.0,22637.0,2100.0
2670999,2671000,71.0,1082934,1,2,0,1,6.0,-9.0,-9.0,-9.0,4.0,-9,0.0,22637.0,2100.0
2671012,2671013,83.0,1082943,1,1,0,1,6.0,-9.0,-9.0,-9.0,3.0,-9,0.0,22636.0,2100.0
2671013,2671014,71.0,1082943,2,2,1,1,6.0,-9.0,-9.0,-9.0,4.0,-9,0.0,22636.0,2100.0
2671020,2671021,78.0,1082947,1,1,0,1,6.0,-9.0,-9.0,-9.0,4.0,-9,0.0,22636.0,2100.0
2671021,2671022,74.0,1082947,2,2,1,1,6.0,-9.0,-9.0,-9.0,4.0,-9,0.0,22636.0,2100.0
2671022,2671023,83.0,1082948,1,1,0,1,6.0,-9.0,-9.0,-9.0,3.0,-9,0.0,22637.0,2100.0
2671023,2671024,71.0,1082948,2,2,1,1,6.0,-9.0,-9.0,-9.0,4.0,-9,0.0,22637.0,2100.0
2671024,2671025,83.0,1082949,1,1,0,1,6.0,-9.0,-9.0,-9.0,3.0,-9,0.0,22635.0,2100.0
2671025,2671026,71.0,1082949,2,2,1,1,6.0,-9.0,-9.0,-9.0,4.0,-9,0.0,22635.0,2100.0
2671028,2671029,83.0,1082951,1,1,0,1,6.0,-9.0,-9.0,-9.0,3.0,-9,0.0,22637.0,2100.0
2671029,2671030,71.0,1082951,2,2,1,1,6.0,-9.0,-9.0,-9.0,4.0,-9,0.0,22637.0,2100.0
2671032,2671033,83.0,1082953,1,1,0,1,6.0,-9.0,-9.0,-9.0,3.0,-9,0.0,22635.0,2100.0
2671033,2671034,71.0,1082953,2,2,1,1,6.0,-9.0,-9.0,-9.0,4.0,-9,0.0,22635.0,2100.0
2671036,2671037,78.0,1082955,1,1,0,1,6.0,-9.0,-9.0,-9.0,4.0,-9,0.0,22637.0,2100.0
2671037,2671038,74.0,1082955,2,2,1,1,6.0,-9.0,-9.0,-9.0,4.0,-9,0.0,22637.0,2100.0
2671038,2671039,83.0,1082956,1,1,0,1,6.0,-9.0,-9.0,-9.0,3.0,-9,0.0,22635.0,2100.0
2671039,2671040,71.0,1082956,2,2,1,1,6.0,-9.0,-9.0,-9.0,4.0,-9,0.0,22635.0,2100.0
2671042,2671043,78.0,1082958,1,2,0,1,6.0,-9.0,-9.0,-9.0,4.0,-9,0.0,22637.0,2100.0
2671043,2671044,80.0,1082958,2,1,1,1,6.0,-9.0,-9.0,-9.0,3.0,-9,0.0,22637.0,2100.0
2671044,2671045,87.0,1082959,1,1,0,1,6.0,-9.0,-9.0,-9.0,2.0,-9,0.0,22637.0,2100.0
2671045,2671046,85.0,1082959,2,2,1,1,6.0,-9.0,-9.0,-9.0,4.0,-9,0.0,22637.0,2100.0
2671046,2671047,83.0,1082960,1,1,0,1,6.0,-9.0,-9.0,-9.0,3.0,-9,0.0,22637.0,2100.0
2671047,2671048,71.0,1082960,2,2,1,1,6.0,-9.0,-9.0,-9.0,4.0,-9,0.0,22637.0,2100.0
2671048,2671049,83.0,1082961,1,1,0,1,6.0,-9.0,-9.0,-9.0,3.0,-9,0.0,22637.0,2100.0
2671049,2671050,71.0,1082961,2,2,1,1,6.0,-9.0,-9.0,-9.0,4.0,-9,0.0,22637.0,2100.0
2671054,2671055,81.0,1082965,1,2,0,1,6.0,-9.0,-9.0,-9.0,4.0,-9,0.0,22637.0,2100.0
2671056,2671057,81.0,1082967,1,2,0,1,6.0,-9.0,-9.0,-9.0,4.0,-9,0.0,22637.0,2100.0
2671061,2671062,68.0,1082972,1,2,0,1,6.0,-9.0,-9.0,-9.0,4.0,-9,0.0,22637.0,2100.0
2671063,2671064,85.0,1082974,1,2,0,1,6.0,-9.0,-9.0,-9.0,4.0,-9,0.0,22637.0,2100.0
2671066,2671067,73.0,1082977,1,2,0,1,6.0,-9.0,-9.0,-9.0,4.0,-9,0.0,22636.0,2100.0
2671068,2671069,85.0,1082979,1,2,0,1,6.0,-9.0,-9.0,-9.0,4.0,-9,0.0,22637.0,2100.0
2671071,2671072,89.0,1082982,1,2,0,1,6.0,-9.0,-9.0,-9.0,4.0,-9,0.0,22637.0,2100.0
2671073,2671074,87.0,1082984,1,2,0,1,6.0,-9.0,-9.0,-9.0,4.0,-9,0.0,22637.0,2100.0
2671079,2671080,77.0,1082990,1,2,0,1,6.0,-9.0,-9.0,-9.0,4.0,-9,0.0,22637.0,2100.0
2671082,2671083,68.0,1082993,1,2,0,1,6.0,-9.0,-9.0,-9.0,4.0,-9,0.0,22637.0,2100.0
2671083,2671084,89.0,1082994,1,2,0,1,6.0,-9.0,-9.0,-9.0,4.0,-9,0.0,22637.0,2100.0
2671088,2671089,81.0,1082999,1,2,0,1,6.0,-9.0,-9.0,-9.0,4.0,-9,0.0,22637.0,2100.0
2671093,2671094,72.0,1083004,1,2,0,1,6.0,-9.0,-9.0,-9.0,4.0,-9,0.0,22636.0,2100.0
2671094,2671095,72.0,1083005,1,2,0,1,6.0,-9.0,-9.0,-9.0,4.0,-9,0.0,22637.0,2100.0
2671102,2671103,77.0,1083013,1,2,0,1,6.0,-9.0,-9.0,-9.0,4.0,-9,0.0,22637.0,2100.0
2671104,2671105,72.0,1083015,1,2,0,1,6.0,-9.0,-9.0,-9.0,4.0,-9,0.0,22637.0,2100.0
2671105,2671106,73.0,1083016,1,2,0,1,6.0,-9.0,-9.0,-9.0,4.0,-9,0.0,22637.0,2100.0
2671107,2671108,73.0,1083018,1,2,0,1,6.0,-9.0,-9.0,-9.0,4.0,-9,0.0,22636.0,2100.0
2671109,2671110,77.0,1083020,1,2,0,1,6.0,-9.0,-9.0,-9.0,4.0,-9,0.0,22637.0,2100.0
2671111,2671112,67.0,1083022,1,1,0,1,6.0,-9.0,-9.0,-9.0,4.0,-9,0.0,22636.0,2100.0
2671112,2671113,74.0,1083023,1,1,0,1,6.0,-9.0,-9.0,-9.0,2.0,-9,0.0,22635.0,2100.0
2671115,2671116,80.0,1083026,1,1,0,1,6.0,-9.0,-9.0,-9.0,4.0,-9,0.0,22637.0,2100.0
2671123,2671124,66.0,1083034,1,1,0,1,6.0,-9.0,-9.0,-9.0,2.0,-9,0.0,22637.0,2100.0
2671126,2671127,94.0,1083037,1,2,0,1,6.0,-9.0,-9.0,-9.0,4.0,-9,0.0,22636.0,2100.0
2671127,2671128,87.0,1083038,1,2,0,1,6.0,-9.0,-9.0,-9.0,4.0,-9,0.0,22637.0,2100.0
2671128,2671129,85.0,1083039,1,2,0,1,6.0,-9.0,-9.0,-9.0,4.0,-9,0.0,22637.0,2100.0
2671130,2671131,85.0,1083041,1,2,0,1,6.0,-9.0,-9.0,-9.0,4.0,-9,0.0,22637.0,2100.0
2671155,2671156,59.0,1083058,1,1,0,2,6.0,-9.0,-9.0,-9.0,4.0,-9,0.0,22637.0,2100.0
2671156,2671157,57.0,1083058,2,2,1,2,1.0,40.0,1.0,-9.0,4.0,44611,5.0,22637.0,2100.0
2671169,2671170,46.0,1083065,1,2,0,2,1.0,43.0,1.0,13.0,4.0,442,5.0,22635.0,2100.0
2671170,2671171,25.0,1083065,2,1,2,2,6.0,-9.0,-9.0,-9.0,4.0,-9,0.0,22635.0,2100.0
2671171,2671172,46.0,1083066,1,2,0,2,1.0,43.0,1.0,13.0,4.0,442,5.0,22637.0,2100.0
2671172,2671173,25.0,1083066,2,1,2,2,6.0,-9.0,-9.0,-9.0,4.0,-9,0.0,22637.0,2100.0
2671182,2671183,63.0,1083072,1,2,0,2,1.0,36.0,1.0,-9.0,4.0,622M,15.0,22637.0,2100.0
2671192,2671193,55.0,1083079,1,1,0,2,6.0,-9.0,-9.0,-9.0,4.0,-9,0.0,22637.0,2100.0
2671193,2671194,53.0,1083079,2,2,1,2,6.0,-9.0,-9.0,-9.0,4.0,-9,0.0,22637.0,2100.0
2671194,2671195,20.0,1083079,3,2,2,2,1.0,20.0,6.0,15.0,4.0,722Z,16.0,22637.0,2100.0
2671195,2671196,18.0,1083079,4,1,2,2,1.0,7.0,6.0,14.0,4.0,722Z,16.0,22637.0,2100.0
2671228,2671229,48.0,1083090,1,2,0,2,1.0,30.0,1.0,-9.0,4.0,7211,16.0,22635.0,2100.0
2671230,2671231,62.0,1083092,1,2,0,2,1.0,40.0,1.0,-9.0,4.0,622M,15.0,22637.0,2100.0
2671231,2671232,56.0,1083093,1,2,0,2,1.0,40.0,1.0,-9.0,4.0,622M,15.0,22636.0,2100.0
2671232,2671233,56.0,1083094,1,2,0,2,1.0,40.0,1.0,-9.0,4.0,622M,15.0,22636.0,2100.0
2671234,2671235,56.0,1083096,1,2,0,2,1.0,40.0,1.0,-9.0,4.0,622M,15.0,22637.0,2100.0
2671239,2671240,59.0,1083101,1,1,0,2,6.0,-9.0,-9.0,-9.0,4.0,-9,0.0,22637.0,2100.0
2671241,2671242,53.0,1083103,1,1,0,2,6.0,-9.0,-9.0,-9.0,4.0,-9,0.0,22637.0,2100.0
2671242,2671243,50.0,1083103,2,2,15,2,1.0,6.0,1.0,-9.0,4.0,722Z,16.0,22637.0,2100.0
2671244,2671245,56.0,1083105,1,1,0,2,6.0,-9.0,-9.0,-9.0,4.0,-9,0.0,22637.0,2100.0
2671245,2671246,62.0,1083106,1,1,0,2,6.0,-9.0,-9.0,-9.0,4.0,-9,0.0,22637.0,2100.0
2671268,2671269,45.0,1083113,1,1,0,2,1.0,40.0,1.0,-9.0,4.0,622M,15.0,22637.0,2100.0
2671269,2671270,24.0,1083113,2,2,1,2,2.0,25.0,1.0,15.0,4.0,623M,14.0,22637.0,2100.0
2671270,2671271,6.0,1083113,3,2,2,2,-9.0,-9.0,-9.0,3.0,-9.0,-9,0.0,22637.0,2100.0
2671271,2671272,4.0,1083113,4,1,2,2,-9.0,-9.0,-9.0,2.0,-9.0,-9,0.0,22637.0,2100.0
2671272,2671273,0.0,1083113,5,1,2,2,-9.0,-9.0,-9.0,-9.0,-9.0,-9,0.0,22637.0,2100.0
2671318,2671319,45.0,1083123,1,1,0,2,1.0,40.0,1.0,-9.0,4.0,622M,15.0,22635.0,2100.0
2671319,2671320,24.0,1083123,2,2,1,2,2.0,25.0,1.0,15.0,4.0,623M,14.0,22635.0,2100.0
2671320,2671321,6.0,1083123,3,2,2,2,-9.0,-9.0,-9.0,3.0,-9.0,-9,0.0,22635.0,2100.0
2671321,2671322,4.0,1083123,4,1,2,2,-9.0,-9.0,-9.0,2.0,-9.0,-9,0.0,22635.0,2100.0
2671322,2671323,0.0,1083123,5,1,2,2,-9.0,-9.0,-9.0,-9.0,-9.0,-9,0.0,22635.0,2100.0
2671323,2671324,47.0,1083124,1,2,0,2,6.0,-9.0,-9.0,-9.0,4.0,-9,0.0,22637.0,2100.0
2671324,2671325,12.0,1083124,2,2,2,2,-9.0,-9.0,-9.0,9.0,-9.0,-9,0.0,22637.0,2100.0
2671331,2671332,47.0,1083128,1,2,0,2,6.0,-9.0,-9.0,-9.0,4.0,-9,0.0,22637.0,2100.0
2671332,2671333,12.0,1083128,2,2,2,2,-9.0,-9.0,-9.0,9.0,-9.0,-9,0.0,22637.0,2100.0
2671356,2671357,52.0,1083136,1,1,0,1,1.0,40.0,1.0,-9.0,4.0,611M1,13.0,22637.0,2100.0
2671357,2671358,50.0,1083136,2,2,1,2,1.0,40.0,1.0,-9.0,4.0,611M1,13.0,22637.0,2100.0
2671358,2671359,22.0,1083136,3,1,4,2,6.0,-9.0,-9.0,-9.0,4.0,611M1,13.0,22637.0,2100.0
2671368,2671369,48.0,1083142,1,2,0,1,1.0,45.0,1.0,-9.0,4.0,4247,4.0,22637.0,2100.0
2671369,2671370,48.0,1083143,1,2,0,1,1.0,45.0,1.0,-9.0,4.0,4247,4.0,22637.0,2100.0
2671372,2671373,59.0,1083146,1,1,0,1,1.0,45.0,1.0,-9.0,4.0,53M,9.0,22636.0,2100.0
2671373,2671374,52.0,1083146,2,2,1,1,1.0,45.0,1.0,-9.0,4.0,53M,9.0,22636.0,2100.0
2671378,2671379,58.0,1083149,1,1,0,1,1.0,50.0,1.0,-9.0,4.0,23,2.0,22637.0,2100.0
2671379,2671380,46.0,1083150,1,1,0,1,1.0,45.0,1.0,15.0,2.0,622M,15.0,22637.0,2100.0
2671380,2671381,59.0,1083150,2,2,1,1,6.0,-9.0,-9.0,-9.0,4.0,-9,0.0,22637.0,2100.0
2671383,2671384,54.0,1083152,1,2,0,1,1.0,35.0,1.0,-9.0,4.0,51912,8.0,22636.0,2100.0
2671384,2671385,52.0,1083153,1,1,0,1,1.0,45.0,3.0,-9.0,4.0,23,2.0,22637.0,2100.0
2671388,2671389,58.0,1083157,1,2,0,1,1.0,25.0,1.0,-9.0,4.0,3219ZM,3.0,22637.0,2100.0
2671389,2671390,52.0,1083158,1,2,0,1,6.0,-9.0,-9.0,-9.0,4.0,-9,0.0,22636.0,2100.0
2671392,2671393,60.0,1083161,1,2,0,1,6.0,-9.0,-9.0,-9.0,4.0,-9,0.0,22637.0,2100.0
2671393,2671394,49.0,1083161,2,1,1,1,1.0,40.0,6.0,-9.0,4.0,7211,16.0,22637.0,2100.0
2671394,2671395,58.0,1083162,1,2,0,1,6.0,-9.0,-9.0,-9.0,4.0,-9,0.0,22636.0,2100.0
2671413,2671414,44.0,1083168,1,1,0,2,1.0,60.0,1.0,-9.0,2.0,722Z,16.0,22637.0,2100.0
2671414,2671415,34.0,1083168,2,2,15,1,1.0,45.0,4.0,-9.0,4.0,722Z,16.0,22637.0,2100.0
2671415,2671416,44.0,1083169,1,1,0,2,1.0,60.0,1.0,-9.0,2.0,722Z,16.0,22637.0,2100.0
2671416,2671417,34.0,1083169,2,2,15,1,1.0,45.0,4.0,-9.0,4.0,722Z,16.0,22637.0,2100.0
2671431,2671432,28.0,1083177,1,1,0,2,1.0,40.0,1.0,-9.0,4.0,4533,5.0,22637.0,2100.0
2671432,2671433,27.0,1083178,1,1,0,2,1.0,40.0,6.0,-9.0,4.0,336M,3.0,22636.0,2100.0
2671433,2671434,27.0,1083179,1,1,0,2,1.0,40.0,6.0,-9.0,4.0,336M,3.0,22637.0,2100.0
2671434,2671435,27.0,1083180,1,1,0,2,1.0,40.0,6.0,-9.0,4.0,336M,3.0,22637.0,2100.0
2671435,2671436,27.0,1083181,1,1,0,2,1.0,40.0,6.0,-9.0,4.0,336M,3.0,22637.0,2100.0
2671437,2671438,28.0,1083183,1,2,0,2,1.0,20.0,1.0,-9.0,4.0,722Z,16.0,22637.0,2100.0
2671442,2671443,28.0,1083188,1,2,0,2,1.0,20.0,1.0,-9.0,4.0,722Z,16.0,22636.0,2100.0
2671447,2671448,25.0,1083193,1,1,0,2,1.0,40.0,1.0,-9.0,4.0,7211,16.0,22637.0,2100.0
2671458,2671459,29.0,1083198,1,2,0,2,1.0,25.0,3.0,15.0,4.0,722Z,16.0,22637.0,2100.0
2671459,2671460,9.0,1083198,2,2,2,2,-9.0,-9.0,-9.0,6.0,-9.0,-9,0.0,22637.0,2100.0
2671460,2671461,8.0,1083198,3,2,2,2,-9.0,-9.0,-9.0,5.0,-9.0,-9,0.0,22637.0,2100.0
2671461,2671462,4.0,1083198,4,2,2,2,-9.0,-9.0,-9.0,1.0,-9.0,-9,0.0,22637.0,2100.0
2671489,2671490,29.0,1083206,1,2,0,2,6.0,-9.0,-9.0,-9.0,4.0,-9,0.0,22637.0,2100.0
2671490,2671491,5.0,1083206,2,2,2,2,-9.0,-9.0,-9.0,2.0,-9.0,-9,0.0,22637.0,2100.0
2671491,2671492,2.0,1083206,3,2,2,2,-9.0,-9.0,-9.0,-9.0,-9.0,-9,0.0,22637.0,2100.0
2671495,2671496,37.0,1083208,1,1,0,3,1.0,50.0,2.0,-9.0,4.0,23,2.0,22636.0,2100.0
2671496,2671497,34.0,1083208,2,2,1,3,6.0,-9.0,-9.0,-9.0,4.0,-9,0.0,22636.0,2100.0
2671497,2671498,9.0,1083208,3,1,2,3,-9.0,-9.0,-9.0,7.0,-9.0,-9,0.0,22636.0,2100.0
2671498,2671499,4.0,1083208,4,1,2,3,-9.0,-9.0,-9.0,1.0,-9.0,-9,0.0,22636.0,2100.0
2671518,2671519,35.0,1083213,1,1,0,3,1.0,40.0,1.0,-9.0,4.0,814,17.0,22637.0,2100.0
2671519,2671520,36.0,1083213,2,2,1,3,1.0,40.0,1.0,-9.0,4.0,814,17.0,22637.0,2100.0
2671520,2671521,10.0,1083213,3,2,2,3,-9.0,-9.0,-9.0,6.0,-9.0,-9,0.0,22637.0,2100.0
2671521,2671522,9.0,1083213,4,2,2,3,-9.0,-9.0,-9.0,5.0,-9.0,-9,0.0,22637.0,2100.0
2671522,2671523,2.0,1083213,5,2,2,3,-9.0,-9.0,-9.0,-9.0,-9.0,-9,0.0,22637.0,2100.0
2671528,2671529,41.0,1083216,1,1,0,1,1.0,40.0,1.0,-9.0,4.0,5121,8.0,22636.0,2100.0
2671532,2671533,40.0,1083220,1,1,0,1,1.0,50.0,1.0,-9.0,4.0,336M,3.0,22637.0,2100.0
2671533,2671534,36.0,1083220,2,2,1,1,6.0,-9.0,-9.0,-9.0,4.0,-9,0.0,22637.0,2100.0
2671534,2671535,6.0,1083220,3,1,2,1,-9.0,-9.0,-9.0,2.0,-9.0,-9,0.0,22637.0,2100.0
2671535,2671536,4.0,1083220,4,1,2,1,-9.0,-9.0,-9.0,1.0,-9.0,-9,0.0,22637.0,2100.0
2671544,2671545,32.0,1083223,1,2,0,1,1.0,25.0,1.0,-9.0,4.0,4533,5.0,22637.0,2100.0
2671545,2671546,11.0,1083223,2,1,2,4,-9.0,-9.0,-9.0,7.0,-9.0,-9,0.0,22637.0,2100.0
2671546,2671547,1.0,1083223,3,2,2,4,-9.0,-9.0,-9.0,-9.0,-9.0,-9,0.0,22637.0,2100.0
2671547,2671548,26.0,1083223,4,1,13,2,3.0,25.0,4.0,-9.0,4.0,4533,5.0,22637.0,2100.0
2671556,2671557,44.0,1083226,1,2,0,1,6.0,-9.0,-9.0,-9.0,4.0,-9,0.0,22637.0,2100.0
2671557,2671558,14.0,1083226,2,1,2,1,-9.0,-9.0,-9.0,10.0,-9.0,-9,0.0,22637.0,2100.0
2671558,2671559,9.0,1083226,3,2,2,1,-9.0,-9.0,-9.0,6.0,-9.0,-9,0.0,22637.0,2100.0
2671559,2671560,4.0,1083226,4,1,2,1,-9.0,-9.0,-9.0,-9.0,-9.0,-9,0.0,22637.0,2100.0
2671560,2671561,44.0,1083227,1,2,0,1,6.0,-9.0,-9.0,-9.0,4.0,-9,0.0,22637.0,2100.0
2671561,2671562,14.0,1083227,2,1,2,1,-9.0,-9.0,-9.0,10.0,-9.0,-9,0.0,22637.0,2100.0
2671562,2671563,9.0,1083227,3,2,2,1,-9.0,-9.0,-9.0,6.0,-9.0,-9,0.0,22637.0,2100.0
2671563,2671564,4.0,1083227,4,1,2,1,-9.0,-9.0,-9.0,-9.0,-9.0,-9,0.0,22637.0,2100.0
2671564,2671565,44.0,1083228,1,2,0,1,6.0,-9.0,-9.0,-9.0,4.0,-9,0.0,22637.0,2100.0
2671565,2671566,14.0,1083228,2,1,2,1,-9.0,-9.0,-9.0,10.0,-9.0,-9,0.0,22637.0,2100.0
2671566,2671567,9.0,1083228,3,2,2,1,-9.0,-9.0,-9.0,6.0,-9.0,-9,0.0,22637.0,2100.0
2671567,2671568,4.0,1083228,4,1,2,1,-9.0,-9.0,-9.0,-9.0,-9.0,-9,0.0,22637.0,2100.0
2671568,2671569,44.0,1083229,1,2,0,1,6.0,-9.0,-9.0,-9.0,4.0,-9,0.0,22637.0,2100.0
2671569,2671570,14.0,1083229,2,1,2,1,-9.0,-9.0,-9.0,10.0,-9.0,-9,0.0,22637.0,2100.0
2671570,2671571,9.0,1083229,3,2,2,1,-9.0,-9.0,-9.0,6.0,-9.0,-9,0.0,22637.0,2100.0
2671571,2671572,4.0,1083229,4,1,2,1,-9.0,-9.0,-9.0,-9.0,-9.0,-9,0.0,22637.0,2100.0
2671572,2671573,44.0,1083230,1,2,0,1,6.0,-9.0,-9.0,-9.0,4.0,-9,0.0,22637.0,2100.0
2671573,2671574,14.0,1083230,2,1,2,1,-9.0,-9.0,-9.0,10.0,-9.0,-9,0.0,22637.0,2100.0
2671574,2671575,9.0,1083230,3,2,2,1,-9.0,-9.0,-9.0,6.0,-9.0,-9,0.0,22637.0,2100.0
2671575,2671576,4.0,1083230,4,1,2,1,-9.0,-9.0,-9.0,-9.0,-9.0,-9,0.0,22637.0,2100.0
2671630,2671631,23.0,1083247,1,1,0,1,1.0,42.0,1.0,-9.0,4.0,484,6.0,22637.0,2100.0
2671631,2671632,18.0,1083247,2,2,5,1,1.0,20.0,5.0,-9.0,4.0,484,6.0,22637.0,2100.0
2671632,2671633,23.0,1083248,1,2,0,1,1.0,40.0,3.0,-9.0,4.0,522M,9.0,22637.0,2100.0
2671633,2671634,4.0,1083248,2,1,2,1,-9.0,-9.0,-9.0,1.0,-9.0,-9,0.0,22637.0,2100.0
2671634,2671635,3.0,1083248,3,2,2,1,-9.0,-9.0,-9.0,1.0,-9.0,-9,0.0,22637.0,2100.0
2671635,2671636,0.0,1083248,4,2,2,3,-9.0,-9.0,-9.0,-9.0,-9.0,-9,0.0,22637.0,2100.0
2671640,2671641,23.0,1083250,1,2,0,1,1.0,40.0,3.0,-9.0,4.0,522M,9.0,22637.0,2100.0
2671641,2671642,4.0,1083250,2,1,2,1,-9.0,-9.0,-9.0,1.0,-9.0,-9,0.0,22637.0,2100.0
2671642,2671643,3.0,1083250,3,2,2,1,-9.0,-9.0,-9.0,1.0,-9.0,-9,0.0,22637.0,2100.0
2671643,2671644,0.0,1083250,4,2,2,3,-9.0,-9.0,-9.0,-9.0,-9.0,-9,0.0,22637.0,2100.0
2671644,2671645,60.0,1083251,1,2,0,3,1.0,40.0,1.0,-9.0,4.0,334M2,3.0,22638.0,2100.0
2671645,2671646,62.0,1083251,2,1,1,1,1.0,40.0,1.0,-9.0,4.0,334M2,3.0,22638.0,2100.0
2671646,2671647,60.0,1083252,1,2,0,3,1.0,40.0,1.0,-9.0,4.0,334M2,3.0,22638.0,2100.0
2671647,2671648,62.0,1083252,2,1,1,1,1.0,40.0,1.0,-9.0,4.0,334M2,3.0,22638.0,2100.0
2671648,2671649,60.0,1083253,1,2,0,3,1.0,40.0,1.0,-9.0,4.0,334M2,3.0,22638.0,2100.0
2671649,2671650,62.0,1083253,2,1,1,1,1.0,40.0,1.0,-9.0,4.0,334M2,3.0,22638.0,2100.0
2671650,2671651,61.0,1083254,1,2,0,3,6.0,-9.0,-9.0,-9.0,4.0,-9,0.0,22638.0,2100.0
2671651,2671652,54.0,1083255,1,2,0,1,6.0,-9.0,-9.0,-9.0,4.0,-9,0.0,22638.0,2100.0
2671652,2671653,47.0,1083255,2,1,1,1,1.0,60.0,1.0,-9.0,2.0,23,2.0,22638.0,2100.0
2671653,2671654,20.0,1083255,3,1,2,1,1.0,50.0,1.0,-9.0,4.0,23,2.0,22638.0,2100.0
2671654,2671655,54.0,1083256,1,2,0,1,6.0,-9.0,-9.0,-9.0,4.0,-9,0.0,22638.0,2100.0
2671655,2671656,47.0,1083256,2,1,1,1,1.0,60.0,1.0,-9.0,2.0,23,2.0,22638.0,2100.0
2671656,2671657,20.0,1083256,3,1,2,1,1.0,50.0,1.0,-9.0,4.0,23,2.0,22638.0,2100.0
2671657,2671658,54.0,1083257,1,2,0,1,6.0,-9.0,-9.0,-9.0,4.0,-9,0.0,22638.0,2100.0
2671658,2671659,47.0,1083257,2,1,1,1,1.0,60.0,1.0,-9.0,2.0,23,2.0,22638.0,2100.0
2671659,2671660,20.0,1083257,3,1,2,1,1.0,50.0,1.0,-9.0,4.0,23,2.0,22638.0,2100.0
2671660,2671661,54.0,1083258,1,2,0,1,6.0,-9.0,-9.0,-9.0,4.0,-9,0.0,22638.0,2100.0
2671661,2671662,47.0,1083258,2,1,1,1,1.0,60.0,1.0,-9.0,2.0,23,2.0,22638.0,2100.0
2671662,2671663,20.0,1083258,3,1,2,1,1.0,50.0,1.0,-9.0,4.0,23,2.0,22638.0,2100.0
2671663,2671664,54.0,1083259,1,2,0,1,6.0,-9.0,-9.0,-9.0,4.0,-9,0.0,22638.0,2100.0
2671664,2671665,47.0,1083259,2,1,1,1,1.0,60.0,1.0,-9.0,2.0,23,2.0,22638.0,2100.0
2671665,2671666,20.0,1083259,3,1,2,1,1.0,50.0,1.0,-9.0,4.0,23,2.0,22638.0,2100.0
2671666,2671667,54.0,1083260,1,2,0,1,6.0,-9.0,-9.0,-9.0,4.0,-9,0.0,22638.0,2100.0
2671667,2671668,47.0,1083260,2,1,1,1,1.0,60.0,1.0,-9.0,2.0,23,2.0,22638.0,2100.0
2671668,2671669,20.0,1083260,3,1,2,1,1.0,50.0,1.0,-9.0,4.0,23,2.0,22638.0,2100.0
2671669,2671670,54.0,1083261,1,2,0,1,6.0,-9.0,-9.0,-9.0,4.0,-9,0.0,22638.0,2100.0
2671670,2671671,47.0,1083261,2,1,1,1,1.0,60.0,1.0,-9.0,2.0,23,2.0,22638.0,2100.0
2671671,2671672,20.0,1083261,3,1,2,1,1.0,50.0,1.0,-9.0,4.0,23,2.0,22638.0,2100.0
2671672,2671673,54.0,1083262,1,2,0,1,6.0,-9.0,-9.0,-9.0,4.0,-9,0.0,22638.0,2100.0
2671673,2671674,47.0,1083262,2,1,1,1,1.0,60.0,1.0,-9.0,2.0,23,2.0,22638.0,2100.0
2671674,2671675,20.0,1083262,3,1,2,1,1.0,50.0,1.0,-9.0,4.0,23,2.0,22638.0,2100.0
2671675,2671676,54.0,1083263,1,2,0,1,6.0,-9.0,-9.0,-9.0,4.0,-9,0.0,22638.0,2100.0
2671676,2671677,47.0,1083263,2,1,1,1,1.0,60.0,1.0,-9.0,2.0,23,2.0,22638.0,2100.0
2671677,2671678,20.0,1083263,3,1,2,1,1.0,50.0,1.0,-9.0,4.0,23,2.0,22638.0,2100.0
2671678,2671679,54.0,1083264,1,2,0,1,6.0,-9.0,-9.0,-9.0,4.0,-9,0.0,22638.0,2100.0
2671679,2671680,47.0,1083264,2,1,1,1,1.0,60.0,1.0,-9.0,2.0,23,2.0,22638.0,2100.0
2671680,2671681,20.0,1083264,3,1,2,1,1.0,50.0,1.0,-9.0,4.0,23,2.0,22638.0,2100.0
2671681,2671682,54.0,1083265,1,2,0,1,1.0,20.0,3.0,-9.0,4.0,5416,10.0,22638.0,2100.0
2671682,2671683,53.0,1083265,2,1,1,1,1.0,60.0,1.0,-9.0,4.0,5415,10.0,22638.0,2100.0
2671683,2671684,56.0,1083266,1,1,0,1,1.0,50.0,1.0,-9.0,4.0,4244,4.0,22638.0,2100.0
2671684,2671685,60.0,1083266,2,2,1,1,6.0,-9.0,-9.0,-9.0,4.0,-9,0.0,22638.0,2100.0
2671685,2671686,62.0,1083267,1,1,0,1,6.0,-9.0,-9.0,-9.0,4.0,-9,0.0,22638.0,2100.0
2671686,2671687,61.0,1083267,2,2,1,1,1.0,40.0,1.0,-9.0,4.0,522M,9.0,22638.0,2100.0
2671687,2671688,62.0,1083268,1,1,0,1,6.0,-9.0,-9.0,-9.0,4.0,-9,0.0,22638.0,2100.0
2671688,2671689,61.0,1083268,2,2,1,1,1.0,40.0,1.0,-9.0,4.0,522M,9.0,22638.0,2100.0
2671689,2671690,62.0,1083269,1,1,0,1,6.0,-9.0,-9.0,-9.0,4.0,-9,0.0,22638.0,2100.0
2671690,2671691,61.0,1083269,2,2,1,1,1.0,40.0,1.0,-9.0,4.0,522M,9.0,22638.0,2100.0
2671691,2671692,62.0,1083270,1,1,0,1,6.0,-9.0,-9.0,-9.0,4.0,-9,0.0,22638.0,2100.0
2671692,2671693,61.0,1083270,2,2,1,1,1.0,40.0,1.0,-9.0,4.0,522M,9.0,22638.0,2100.0
2671693,2671694,52.0,1083271,1,2,0,1,1.0,48.0,1.0,-9.0,4.0,6214,14.0,22638.0,2100.0
2671694,2671695,23.0,1083271,2,2,2,1,1.0,10.0,1.0,15.0,4.0,6111,13.0,22638.0,2100.0
2671695,2671696,22.0,1083271,3,2,2,1,1.0,25.0,4.0,15.0,4.0,6111,13.0,22638.0,2100.0
2671696,2671697,61.0,1083272,1,2,0,1,1.0,40.0,1.0,-9.0,4.0,622M,15.0,22638.0,2100.0
2671697,2671698,26.0,1083272,2,2,2,1,1.0,40.0,1.0,-9.0,4.0,622M,15.0,22638.0,2100.0
2671698,2671699,61.0,1083273,1,2,0,1,1.0,40.0,1.0,-9.0,4.0,622M,15.0,22638.0,2100.0
2671699,2671700,26.0,1083273,2,2,2,1,1.0,40.0,1.0,-9.0,4.0,622M,15.0,22638.0,2100.0
2671700,2671701,58.0,1083274,1,1,0,1,1.0,40.0,5.0,-9.0,4.0,44512,5.0,22638.0,2100.0
2671701,2671702,34.0,1083274,2,2,1,1,1.0,44.0,1.0,-9.0,4.0,44511,5.0,22638.0,2100.0
2671702,2671703,45.0,1083275,1,2,0,1,1.0,35.0,1.0,-9.0,4.0,6242,14.0,22638.0,2100.0
2671703,2671704,21.0,1083275,2,2,3,1,1.0,38.0,1.0,15.0,4.0,623M,14.0,22638.0,2100.0
2671704,2671705,45.0,1083276,1,2,0,1,1.0,35.0,1.0,-9.0,4.0,6242,14.0,22638.0,2100.0
2671705,2671706,21.0,1083276,2,2,3,1,1.0,38.0,1.0,15.0,4.0,623M,14.0,22638.0,2100.0
2671716,2671717,54.0,1083282,1,2,0,1,6.0,-9.0,-9.0,-9.0,4.0,-9,0.0,22638.0,2100.0
2671717,2671718,64.0,1083282,2,1,13,1,6.0,-9.0,-9.0,-9.0,2.0,-9,0.0,22638.0,2100.0
2671718,2671719,54.0,1083283,1,2,0,1,6.0,-9.0,-9.0,-9.0,4.0,-9,0.0,22638.0,2100.0
2671719,2671720,64.0,1083283,2,1,13,1,6.0,-9.0,-9.0,-9.0,2.0,-9,0.0,22638.0,2100.0
2671720,2671721,54.0,1083284,1,2,0,1,6.0,-9.0,-9.0,-9.0,4.0,-9,0.0,22638.0,2100.0
2671721,2671722,64.0,1083284,2,1,13,1,6.0,-9.0,-9.0,-9.0,2.0,-9,0.0,22638.0,2100.0
2671724,2671725,54.0,1083286,1,2,0,1,6.0,-9.0,-9.0,-9.0,4.0,-9,0.0,22638.0,2100.0
2671725,2671726,28.0,1083286,2,2,2,1,6.0,-9.0,-9.0,-9.0,4.0,-9,0.0,22638.0,2100.0
2671726,2671727,54.0,1083287,1,2,0,1,6.0,-9.0,-9.0,-9.0,4.0,-9,0.0,22638.0,2100.0
2671727,2671728,28.0,1083287,2,2,2,1,6.0,-9.0,-9.0,-9.0,4.0,-9,0.0,22638.0,2100.0
2671728,2671729,54.0,1083288,1,2,0,1,6.0,-9.0,-9.0,-9.0,4.0,-9,0.0,22638.0,2100.0
2671729,2671730,28.0,1083288,2,2,2,1,6.0,-9.0,-9.0,-9.0,4.0,-9,0.0,22638.0,2100.0
2671730,2671731,54.0,1083289,1,2,0,1,6.0,-9.0,-9.0,-9.0,4.0,-9,0.0,22638.0,2100.0
2671731,2671732,28.0,1083289,2,2,2,1,6.0,-9.0,-9.0,-9.0,4.0,-9,0.0,22638.0,2100.0
2671734,2671735,54.0,1083291,1,2,0,1,6.0,-9.0,-9.0,-9.0,4.0,-9,0.0,22638.0,2100.0
2671735,2671736,28.0,1083291,2,2,2,1,6.0,-9.0,-9.0,-9.0,4.0,-9,0.0,22638.0,2100.0
2671736,2671737,54.0,1083292,1,2,0,1,6.0,-9.0,-9.0,-9.0,4.0,-9,0.0,22638.0,2100.0
2671737,2671738,28.0,1083292,2,2,2,1,6.0,-9.0,-9.0,-9.0,4.0,-9,0.0,22638.0,2100.0
2671738,2671739,54.0,1083293,1,2,0,1,6.0,-9.0,-9.0,-9.0,4.0,-9,0.0,22638.0,2100.0
2671739,2671740,28.0,1083293,2,2,2,1,6.0,-9.0,-9.0,-9.0,4.0,-9,0.0,22638.0,2100.0
2671740,2671741,54.0,1083294,1,2,0,1,6.0,-9.0,-9.0,-9.0,4.0,-9,0.0,22638.0,2100.0
2671741,2671742,28.0,1083294,2,2,2,1,6.0,-9.0,-9.0,-9.0,4.0,-9,0.0,22638.0,2100.0
2671742,2671743,54.0,1083295,1,2,0,1,6.0,-9.0,-9.0,-9.0,4.0,-9,0.0,22638.0,2100.0
2671743,2671744,28.0,1083295,2,2,2,1,6.0,-9.0,-9.0,-9.0,4.0,-9,0.0,22638.0,2100.0
2671744,2671745,54.0,1083296,1,2,0,1,6.0,-9.0,-9.0,-9.0,4.0,-9,0.0,22638.0,2100.0
2671745,2671746,28.0,1083296,2,2,2,1,6.0,-9.0,-9.0,-9.0,4.0,-9,0.0,22638.0,2100.0
2671746,2671747,54.0,1083297,1,2,0,1,6.0,-9.0,-9.0,-9.0,4.0,-9,0.0,22638.0,2100.0
2671747,2671748,28.0,1083297,2,2,2,1,6.0,-9.0,-9.0,-9.0,4.0,-9,0.0,22638.0,2100.0
2671748,2671749,54.0,1083298,1,2,0,1,6.0,-9.0,-9.0,-9.0,4.0,-9,0.0,22638.0,2100.0
2671749,2671750,28.0,1083298,2,2,2,1,6.0,-9.0,-9.0,-9.0,4.0,-9,0.0,22638.0,2100.0
2671750,2671751,54.0,1083299,1,2,0,1,6.0,-9.0,-9.0,-9.0,4.0,-9,0.0,22638.0,2100.0
2671751,2671752,28.0,1083299,2,2,2,1,6.0,-9.0,-9.0,-9.0,4.0,-9,0.0,22638.0,2100.0
2671752,2671753,54.0,1083300,1,2,0,1,6.0,-9.0,-9.0,-9.0,4.0,-9,0.0,22638.0,2100.0
2671753,2671754,28.0,1083300,2,2,2,1,6.0,-9.0,-9.0,-9.0,4.0,-9,0.0,22638.0,2100.0
2671754,2671755,37.0,1083301,1,1,0,4,1.0,40.0,1.0,-9.0,4.0,5241,9.0,22638.0,2100.0
2671755,2671756,34.0,1083301,2,2,1,4,6.0,-9.0,-9.0,-9.0,4.0,-9,0.0,22638.0,2100.0
2671756,2671757,3.0,1083301,3,1,2,4,-9.0,-9.0,-9.0,1.0,-9.0,-9,0.0,22638.0,2100.0
2671757,2671758,3.0,1083301,4,2,2,4,-9.0,-9.0,-9.0,1.0,-9.0,-9,0.0,22638.0,2100.0
2671758,2671759,61.0,1083301,5,2,8,4,6.0,-9.0,-9.0,-9.0,4.0,-9,0.0,22638.0,2100.0
2671759,2671760,35.0,1083302,1,1,0,3,1.0,40.0,1.0,-9.0,4.0,814,17.0,22638.0,2100.0
2671760,2671761,36.0,1083302,2,2,1,3,1.0,40.0,1.0,-9.0,4.0,814,17.0,22638.0,2100.0
2671761,2671762,10.0,1083302,3,2,2,3,-9.0,-9.0,-9.0,6.0,-9.0,-9,0.0,22638.0,2100.0
2671762,2671763,9.0,1083302,4,2,2,3,-9.0,-9.0,-9.0,5.0,-9.0,-9,0.0,22638.0,2100.0
2671763,2671764,2.0,1083302,5,2,2,3,-9.0,-9.0,-9.0,-9.0,-9.0,-9,0.0,22638.0,2100.0
2671764,2671765,35.0,1083303,1,1,0,3,1.0,40.0,1.0,-9.0,4.0,814,17.0,22638.0,2100.0
2671765,2671766,36.0,1083303,2,2,1,3,1.0,40.0,1.0,-9.0,4.0,814,17.0,22638.0,2100.0
2671766,2671767,10.0,1083303,3,2,2,3,-9.0,-9.0,-9.0,6.0,-9.0,-9,0.0,22638.0,2100.0
2671767,2671768,9.0,1083303,4,2,2,3,-9.0,-9.0,-9.0,5.0,-9.0,-9,0.0,22638.0,2100.0
2671768,2671769,2.0,1083303,5,2,2,3,-9.0,-9.0,-9.0,-9.0,-9.0,-9,0.0,22638.0,2100.0
2671769,2671770,35.0,1083304,1,1,0,3,1.0,40.0,1.0,-9.0,4.0,814,17.0,22638.0,2100.0
2671770,2671771,36.0,1083304,2,2,1,3,1.0,40.0,1.0,-9.0,4.0,814,17.0,22638.0,2100.0
2671771,2671772,10.0,1083304,3,2,2,3,-9.0,-9.0,-9.0,6.0,-9.0,-9,0.0,22638.0,2100.0
2671772,2671773,9.0,1083304,4,2,2,3,-9.0,-9.0,-9.0,5.0,-9.0,-9,0.0,22638.0,2100.0
2671773,2671774,2.0,1083304,5,2,2,3,-9.0,-9.0,-9.0,-9.0,-9.0,-9,0.0,22638.0,2100.0
2671774,2671775,39.0,1083305,1,2,0,1,1.0,40.0,1.0,-9.0,4.0,611M1,13.0,22638.0,2100.0
2671775,2671776,41.0,1083305,2,1,1,1,1.0,40.0,1.0,-9.0,4.0,623M,14.0,22638.0,2100.0
2671776,2671777,34.0,1083306,1,2,0,1,1.0,40.0,1.0,-9.0,4.0,6111,13.0,22638.0,2100.0
2671777,2671778,31.0,1083306,2,1,1,1,1.0,40.0,1.0,-9.0,4.0,6111,13.0,22638.0,2100.0
2671778,2671779,34.0,1083307,1,2,0,1,1.0,40.0,1.0,-9.0,4.0,6111,13.0,22638.0,2100.0
2671779,2671780,31.0,1083307,2,1,1,1,1.0,40.0,1.0,-9.0,4.0,6111,13.0,22638.0,2100.0
2671780,2671781,39.0,1083308,1,2,0,1,1.0,40.0,1.0,-9.0,4.0,611M1,13.0,22638.0,2100.0
2671781,2671782,41.0,1083308,2,1,1,1,1.0,40.0,1.0,-9.0,4.0,623M,14.0,22638.0,2100.0
2671782,2671783,39.0,1083309,1,2,0,1,1.0,40.0,1.0,-9.0,4.0,611M1,13.0,22638.0,2100.0
2671783,2671784,41.0,1083309,2,1,1,1,1.0,40.0,1.0,-9.0,4.0,623M,14.0,22638.0,2100.0
2671784,2671785,36.0,1083310,1,1,0,1,1.0,50.0,1.0,-9.0,4.0,611M1,13.0,22638.0,2100.0
2671785,2671786,26.0,1083310,2,2,13,1,1.0,55.0,1.0,16.0,4.0,611M1,13.0,22638.0,2100.0
2671786,2671787,39.0,1083311,1,2,0,1,1.0,40.0,1.0,-9.0,4.0,611M1,13.0,22638.0,2100.0
2671787,2671788,41.0,1083311,2,1,1,1,1.0,40.0,1.0,-9.0,4.0,623M,14.0,22638.0,2100.0
2671788,2671789,39.0,1083312,1,2,0,1,1.0,40.0,1.0,-9.0,4.0,611M1,13.0,22638.0,2100.0
2671789,2671790,41.0,1083312,2,1,1,1,1.0,40.0,1.0,-9.0,4.0,623M,14.0,22638.0,2100.0
2671790,2671791,36.0,1083313,1,1,0,1,1.0,50.0,1.0,-9.0,4.0,611M1,13.0,22638.0,2100.0
2671791,2671792,26.0,1083313,2,2,13,1,1.0,55.0,1.0,16.0,4.0,611M1,13.0,22638.0,2100.0
2671792,2671793,39.0,1083314,1,2,0,1,1.0,40.0,1.0,-9.0,4.0,611M1,13.0,22638.0,2100.0
2671793,2671794,41.0,1083314,2,1,1,1,1.0,40.0,1.0,-9.0,4.0,623M,14.0,22638.0,2100.0
2671796,2671797,39.0,1083316,1,2,0,1,1.0,40.0,1.0,-9.0,4.0,611M1,13.0,22638.0,2100.0
2671797,2671798,41.0,1083316,2,1,1,1,1.0,40.0,1.0,-9.0,4.0,623M,14.0,22638.0,2100.0
2671798,2671799,34.0,1083317,1,2,0,1,1.0,40.0,1.0,-9.0,4.0,6111,13.0,22638.0,2100.0
2671799,2671800,31.0,1083317,2,1,1,1,1.0,40.0,1.0,-9.0,4.0,6111,13.0,22638.0,2100.0
2671800,2671801,36.0,1083318,1,1,0,1,1.0,50.0,1.0,-9.0,4.0,611M1,13.0,22638.0,2100.0
2671801,2671802,26.0,1083318,2,2,13,1,1.0,55.0,1.0,16.0,4.0,611M1,13.0,22638.0,2100.0
2671802,2671803,39.0,1083319,1,2,0,1,1.0,40.0,1.0,-9.0,4.0,611M1,13.0,22638.0,2100.0
2671803,2671804,41.0,1083319,2,1,1,1,1.0,40.0,1.0,-9.0,4.0,623M,14.0,22638.0,2100.0
2671804,2671805,36.0,1083320,1,1,0,1,1.0,50.0,1.0,-9.0,4.0,611M1,13.0,22638.0,2100.0
2671805,2671806,26.0,1083320,2,2,13,1,1.0,55.0,1.0,16.0,4.0,611M1,13.0,22638.0,2100.0
2671806,2671807,28.0,1083321,1,1,0,1,1.0,40.0,1.0,-9.0,4.0,3231,3.0,22638.0,2100.0
2671807,2671808,24.0,1083321,2,2,13,1,1.0,40.0,1.0,-9.0,4.0,3231,3.0,22638.0,2100.0
2671808,2671809,28.0,1083322,1,1,0,1,1.0,40.0,1.0,-9.0,4.0,3231,3.0,22638.0,2100.0
2671809,2671810,24.0,1083322,2,2,13,1,1.0,40.0,1.0,-9.0,4.0,3231,3.0,22638.0,2100.0
2671810,2671811,28.0,1083323,1,1,0,1,1.0,40.0,1.0,-9.0,4.0,3231,3.0,22638.0,2100.0
2671811,2671812,24.0,1083323,2,2,13,1,1.0,40.0,1.0,-9.0,4.0,3231,3.0,22638.0,2100.0
2671812,2671813,28.0,1083324,1,1,0,1,1.0,40.0,1.0,-9.0,4.0,3231,3.0,22638.0,2100.0
2671813,2671814,24.0,1083324,2,2,13,1,1.0,40.0,1.0,-9.0,4.0,3231,3.0,22638.0,2100.0
2671815,2671816,36.0,1083326,1,1,0,1,1.0,40.0,1.0,-9.0,4.0,722Z,16.0,22638.0,2100.0
2671816,2671817,33.0,1083326,2,1,15,2,1.0,40.0,1.0,-9.0,4.0,722Z,16.0,22638.0,2100.0
2671817,2671818,37.0,1083327,1,2,0,1,1.0,45.0,1.0,-9.0,4.0,6111,13.0,22638.0,2100.0
2671818,2671819,37.0,1083328,1,2,0,1,1.0,45.0,1.0,-9.0,4.0,6111,13.0,22638.0,2100.0
2671819,2671820,33.0,1083329,1,2,0,1,1.0,40.0,1.0,-9.0,4.0,4481,5.0,22638.0,2100.0
2671820,2671821,31.0,1083330,1,2,0,1,1.0,52.0,1.0,-9.0,4.0,3391,3.0,22638.0,2100.0
2671821,2671822,33.0,1083331,1,2,0,1,1.0,30.0,1.0,-9.0,4.0,722Z,16.0,22638.0,2100.0
2671822,2671823,26.0,1083331,2,2,12,1,1.0,35.0,2.0,-9.0,4.0,722Z,16.0,22638.0,2100.0
2671825,2671826,36.0,1083333,1,2,0,1,1.0,40.0,1.0,-9.0,4.0,812112,17.0,22638.0,2100.0
2671826,2671827,35.0,1083333,2,2,13,1,1.0,45.0,1.0,-9.0,4.0,8121M,17.0,22638.0,2100.0
2671827,2671828,36.0,1083334,1,2,0,1,1.0,40.0,1.0,-9.0,4.0,812112,17.0,22638.0,2100.0
2671828,2671829,35.0,1083334,2,2,13,1,1.0,45.0,1.0,-9.0,4.0,8121M,17.0,22638.0,2100.0
2671829,2671830,36.0,1083335,1,2,0,1,1.0,40.0,1.0,-9.0,4.0,812112,17.0,22638.0,2100.0
2671830,2671831,35.0,1083335,2,2,13,1,1.0,45.0,1.0,-9.0,4.0,8121M,17.0,22638.0,2100.0
2671831,2671832,44.0,1083336,1,1,0,1,1.0,38.0,1.0,-9.0,4.0,722Z,16.0,22638.0,2100.0
2671832,2671833,45.0,1083336,2,1,12,1,1.0,37.0,1.0,-9.0,4.0,722Z,16.0,22638.0,2100.0
2671833,2671834,44.0,1083337,1,1,0,1,1.0,38.0,1.0,-9.0,4.0,722Z,16.0,22638.0,2100.0
2671834,2671835,45.0,1083337,2,1,12,1,1.0,37.0,1.0,-9.0,4.0,722Z,16.0,22638.0,2100.0
2671835,2671836,26.0,1083338,1,1,0,1,1.0,34.0,1.0,15.0,4.0,4523,5.0,22638.0,2100.0
2671836,2671837,25.0,1083338,2,1,12,1,1.0,36.0,1.0,15.0,4.0,45221,5.0,22638.0,2100.0
2671841,2671842,34.0,1083341,1,2,0,1,1.0,40.0,2.0,15.0,4.0,6231,14.0,22638.0,2100.0
2671842,2671843,34.0,1083342,1,2,0,1,1.0,40.0,2.0,15.0,4.0,6231,14.0,22638.0,2100.0
2671845,2671846,37.0,1083345,1,2,0,1,1.0,40.0,1.0,-9.0,4.0,5418,10.0,22638.0,2100.0
2671847,2671848,36.0,1083347,1,1,0,1,6.0,-9.0,-9.0,-9.0,4.0,-9,0.0,22638.0,2100.0
2671848,2671849,64.0,1083347,2,2,6,1,6.0,-9.0,-9.0,-9.0,4.0,-9,0.0,22638.0,2100.0
2671849,2671850,36.0,1083348,1,1,0,1,6.0,-9.0,-9.0,-9.0,4.0,-9,0.0,22638.0,2100.0
2671850,2671851,64.0,1083348,2,2,6,1,6.0,-9.0,-9.0,-9.0,4.0,-9,0.0,22638.0,2100.0
2671853,2671854,36.0,1083350,1,1,0,1,6.0,-9.0,-9.0,-9.0,4.0,-9,0.0,22638.0,2100.0
2671854,2671855,64.0,1083350,2,2,6,1,6.0,-9.0,-9.0,-9.0,4.0,-9,0.0,22638.0,2100.0
2671855,2671856,36.0,1083351,1,1,0,1,6.0,-9.0,-9.0,-9.0,4.0,-9,0.0,22638.0,2100.0
2671856,2671857,64.0,1083351,2,2,6,1,6.0,-9.0,-9.0,-9.0,4.0,-9,0.0,22638.0,2100.0
2671859,2671860,36.0,1083353,1,1,0,1,6.0,-9.0,-9.0,-9.0,4.0,-9,0.0,22638.0,2100.0
2671860,2671861,64.0,1083353,2,2,6,1,6.0,-9.0,-9.0,-9.0,4.0,-9,0.0,22638.0,2100.0
2671861,2671862,36.0,1083354,1,1,0,1,6.0,-9.0,-9.0,-9.0,4.0,-9,0.0,22638.0,2100.0
2671862,2671863,64.0,1083354,2,2,6,1,6.0,-9.0,-9.0,-9.0,4.0,-9,0.0,22638.0,2100.0
2671863,2671864,36.0,1083355,1,1,0,1,6.0,-9.0,-9.0,-9.0,4.0,-9,0.0,22638.0,2100.0
2671864,2671865,64.0,1083355,2,2,6,1,6.0,-9.0,-9.0,-9.0,4.0,-9,0.0,22638.0,2100.0
2671865,2671866,36.0,1083356,1,1,0,1,6.0,-9.0,-9.0,-9.0,4.0,-9,0.0,22638.0,2100.0
2671866,2671867,64.0,1083356,2,2,6,1,6.0,-9.0,-9.0,-9.0,4.0,-9,0.0,22638.0,2100.0
2671867,2671868,36.0,1083357,1,1,0,1,6.0,-9.0,-9.0,-9.0,4.0,-9,0.0,22638.0,2100.0
2671868,2671869,64.0,1083357,2,2,6,1,6.0,-9.0,-9.0,-9.0,4.0,-9,0.0,22638.0,2100.0
2671869,2671870,36.0,1083358,1,1,0,1,6.0,-9.0,-9.0,-9.0,4.0,-9,0.0,22638.0,2100.0
2671870,2671871,64.0,1083358,2,2,6,1,6.0,-9.0,-9.0,-9.0,4.0,-9,0.0,22638.0,2100.0
2671871,2671872,36.0,1083359,1,1,0,1,6.0,-9.0,-9.0,-9.0,4.0,-9,0.0,22638.0,2100.0
2671872,2671873,64.0,1083359,2,2,6,1,6.0,-9.0,-9.0,-9.0,4.0,-9,0.0,22638.0,2100.0
2671873,2671874,36.0,1083360,1,1,0,1,6.0,-9.0,-9.0,-9.0,4.0,-9,0.0,22638.0,2100.0
2671874,2671875,64.0,1083360,2,2,6,1,6.0,-9.0,-9.0,-9.0,4.0,-9,0.0,22638.0,2100.0
2671875,2671876,38.0,1083361,1,2,0,1,1.0,40.0,1.0,-9.0,4.0,6231,14.0,22638.0,2100.0
2671876,2671877,43.0,1083361,2,1,1,4,6.0,-9.0,-9.0,-9.0,4.0,-9,0.0,22638.0,2100.0
2671877,2671878,14.0,1083361,3,1,2,4,-9.0,-9.0,-9.0,11.0,-9.0,-9,0.0,22638.0,2100.0
2671878,2671879,9.0,1083361,4,1,2,4,-9.0,-9.0,-9.0,6.0,-9.0,-9,0.0,22638.0,2100.0
2671879,2671880,43.0,1083362,1,2,0,1,6.0,-9.0,-9.0,-9.0,4.0,447,5.0,22638.0,2100.0
2671880,2671881,44.0,1083362,2,1,1,1,6.0,-9.0,-9.0,-9.0,4.0,-9,0.0,22638.0,2100.0
2671881,2671882,23.0,1083362,3,2,2,1,1.0,25.0,1.0,-9.0,4.0,44512,5.0,22638.0,2100.0
2671882,2671883,19.0,1083362,4,2,2,1,1.0,30.0,1.0,14.0,4.0,4523,5.0,22638.0,2100.0
2671883,2671884,2.0,1083362,5,1,7,1,-9.0,-9.0,-9.0,-9.0,-9.0,-9,0.0,22638.0,2100.0
2671884,2671885,43.0,1083363,1,2,0,1,6.0,-9.0,-9.0,-9.0,4.0,447,5.0,22638.0,2100.0
2671885,2671886,44.0,1083363,2,1,1,1,6.0,-9.0,-9.0,-9.0,4.0,-9,0.0,22638.0,2100.0
2671886,2671887,23.0,1083363,3,2,2,1,1.0,25.0,1.0,-9.0,4.0,44512,5.0,22638.0,2100.0
2671887,2671888,19.0,1083363,4,2,2,1,1.0,30.0,1.0,14.0,4.0,4523,5.0,22638.0,2100.0
2671888,2671889,2.0,1083363,5,1,7,1,-9.0,-9.0,-9.0,-9.0,-9.0,-9,0.0,22638.0,2100.0
2671889,2671890,43.0,1083364,1,2,0,1,6.0,-9.0,-9.0,-9.0,4.0,447,5.0,22638.0,2100.0
2671890,2671891,44.0,1083364,2,1,1,1,6.0,-9.0,-9.0,-9.0,4.0,-9,0.0,22638.0,2100.0
2671891,2671892,23.0,1083364,3,2,2,1,1.0,25.0,1.0,-9.0,4.0,44512,5.0,22638.0,2100.0
2671892,2671893,19.0,1083364,4,2,2,1,1.0,30.0,1.0,14.0,4.0,4523,5.0,22638.0,2100.0
2671893,2671894,2.0,1083364,5,1,7,1,-9.0,-9.0,-9.0,-9.0,-9.0,-9,0.0,22638.0,2100.0
2671894,2671895,43.0,1083365,1,2,0,1,6.0,-9.0,-9.0,-9.0,4.0,447,5.0,22638.0,2100.0
2671895,2671896,44.0,1083365,2,1,1,1,6.0,-9.0,-9.0,-9.0,4.0,-9,0.0,22638.0,2100.0
2671896,2671897,23.0,1083365,3,2,2,1,1.0,25.0,1.0,-9.0,4.0,44512,5.0,22638.0,2100.0
2671897,2671898,19.0,1083365,4,2,2,1,1.0,30.0,1.0,14.0,4.0,4523,5.0,22638.0,2100.0
2671898,2671899,2.0,1083365,5,1,7,1,-9.0,-9.0,-9.0,-9.0,-9.0,-9,0.0,22638.0,2100.0
2671899,2671900,43.0,1083366,1,2,0,1,6.0,-9.0,-9.0,-9.0,4.0,447,5.0,22638.0,2100.0
2671900,2671901,44.0,1083366,2,1,1,1,6.0,-9.0,-9.0,-9.0,4.0,-9,0.0,22638.0,2100.0
2671901,2671902,23.0,1083366,3,2,2,1,1.0,25.0,1.0,-9.0,4.0,44512,5.0,22638.0,2100.0
2671902,2671903,19.0,1083366,4,2,2,1,1.0,30.0,1.0,14.0,4.0,4523,5.0,22638.0,2100.0
2671903,2671904,2.0,1083366,5,1,7,1,-9.0,-9.0,-9.0,-9.0,-9.0,-9,0.0,22638.0,2100.0
2671904,2671905,43.0,1083367,1,2,0,1,6.0,-9.0,-9.0,-9.0,4.0,447,5.0,22638.0,2100.0
2671905,2671906,44.0,1083367,2,1,1,1,6.0,-9.0,-9.0,-9.0,4.0,-9,0.0,22638.0,2100.0
2671906,2671907,23.0,1083367,3,2,2,1,1.0,25.0,1.0,-9.0,4.0,44512,5.0,22638.0,2100.0
2671907,2671908,19.0,1083367,4,2,2,1,1.0,30.0,1.0,14.0,4.0,4523,5.0,22638.0,2100.0
2671908,2671909,2.0,1083367,5,1,7,1,-9.0,-9.0,-9.0,-9.0,-9.0,-9,0.0,22638.0,2100.0
2671909,2671910,43.0,1083368,1,2,0,1,6.0,-9.0,-9.0,-9.0,4.0,447,5.0,22638.0,2100.0
2671910,2671911,44.0,1083368,2,1,1,1,6.0,-9.0,-9.0,-9.0,4.0,-9,0.0,22638.0,2100.0
2671911,2671912,23.0,1083368,3,2,2,1,1.0,25.0,1.0,-9.0,4.0,44512,5.0,22638.0,2100.0
2671912,2671913,19.0,1083368,4,2,2,1,1.0,30.0,1.0,14.0,4.0,4523,5.0,22638.0,2100.0
2671913,2671914,2.0,1083368,5,1,7,1,-9.0,-9.0,-9.0,-9.0,-9.0,-9,0.0,22638.0,2100.0
2671914,2671915,43.0,1083369,1,2,0,1,6.0,-9.0,-9.0,-9.0,4.0,447,5.0,22638.0,2100.0
2671915,2671916,44.0,1083369,2,1,1,1,6.0,-9.0,-9.0,-9.0,4.0,-9,0.0,22638.0,2100.0
2671916,2671917,23.0,1083369,3,2,2,1,1.0,25.0,1.0,-9.0,4.0,44512,5.0,22638.0,2100.0
2671917,2671918,19.0,1083369,4,2,2,1,1.0,30.0,1.0,14.0,4.0,4523,5.0,22638.0,2100.0
2671918,2671919,2.0,1083369,5,1,7,1,-9.0,-9.0,-9.0,-9.0,-9.0,-9,0.0,22638.0,2100.0
2671919,2671920,43.0,1083370,1,2,0,1,6.0,-9.0,-9.0,-9.0,4.0,447,5.0,22638.0,2100.0
2671920,2671921,44.0,1083370,2,1,1,1,6.0,-9.0,-9.0,-9.0,4.0,-9,0.0,22638.0,2100.0
2671921,2671922,23.0,1083370,3,2,2,1,1.0,25.0,1.0,-9.0,4.0,44512,5.0,22638.0,2100.0
2671922,2671923,19.0,1083370,4,2,2,1,1.0,30.0,1.0,14.0,4.0,4523,5.0,22638.0,2100.0
2671923,2671924,2.0,1083370,5,1,7,1,-9.0,-9.0,-9.0,-9.0,-9.0,-9,0.0,22638.0,2100.0
2671924,2671925,43.0,1083371,1,2,0,1,6.0,-9.0,-9.0,-9.0,4.0,447,5.0,22638.0,2100.0
2671925,2671926,44.0,1083371,2,1,1,1,6.0,-9.0,-9.0,-9.0,4.0,-9,0.0,22638.0,2100.0
2671926,2671927,23.0,1083371,3,2,2,1,1.0,25.0,1.0,-9.0,4.0,44512,5.0,22638.0,2100.0
2671927,2671928,19.0,1083371,4,2,2,1,1.0,30.0,1.0,14.0,4.0,4523,5.0,22638.0,2100.0
2671928,2671929,2.0,1083371,5,1,7,1,-9.0,-9.0,-9.0,-9.0,-9.0,-9,0.0,22638.0,2100.0
2671929,2671930,43.0,1083372,1,2,0,1,6.0,-9.0,-9.0,-9.0,4.0,447,5.0,22638.0,2100.0
2671930,2671931,44.0,1083372,2,1,1,1,6.0,-9.0,-9.0,-9.0,4.0,-9,0.0,22638.0,2100.0
2671931,2671932,23.0,1083372,3,2,2,1,1.0,25.0,1.0,-9.0,4.0,44512,5.0,22638.0,2100.0
2671932,2671933,19.0,1083372,4,2,2,1,1.0,30.0,1.0,14.0,4.0,4523,5.0,22638.0,2100.0
2671933,2671934,2.0,1083372,5,1,7,1,-9.0,-9.0,-9.0,-9.0,-9.0,-9,0.0,22638.0,2100.0
2671934,2671935,38.0,1083373,1,1,0,1,2.0,45.0,1.0,-9.0,4.0,623M,14.0,22638.0,2100.0
2671935,2671936,17.0,1083373,2,1,2,4,6.0,-9.0,-9.0,14.0,4.0,-9,0.0,22638.0,2100.0
2671936,2671937,42.0,1083373,3,2,12,2,1.0,32.0,1.0,-9.0,4.0,6231,14.0,22638.0,2100.0
2671937,2671938,21.0,1083373,4,1,12,2,6.0,-9.0,-9.0,-9.0,4.0,-9,0.0,22638.0,2100.0
2671938,2671939,38.0,1083374,1,1,0,1,2.0,45.0,1.0,-9.0,4.0,623M,14.0,22638.0,2100.0
2671939,2671940,17.0,1083374,2,1,2,4,6.0,-9.0,-9.0,14.0,4.0,-9,0.0,22638.0,2100.0
2671940,2671941,42.0,1083374,3,2,12,2,1.0,32.0,1.0,-9.0,4.0,6231,14.0,22638.0,2100.0
2671941,2671942,21.0,1083374,4,1,12,2,6.0,-9.0,-9.0,-9.0,4.0,-9,0.0,22638.0,2100.0
2671942,2671943,38.0,1083375,1,1,0,1,2.0,45.0,1.0,-9.0,4.0,623M,14.0,22638.0,2100.0
2671943,2671944,17.0,1083375,2,1,2,4,6.0,-9.0,-9.0,14.0,4.0,-9,0.0,22638.0,2100.0
2671944,2671945,42.0,1083375,3,2,12,2,1.0,32.0,1.0,-9.0,4.0,6231,14.0,22638.0,2100.0
2671945,2671946,21.0,1083375,4,1,12,2,6.0,-9.0,-9.0,-9.0,4.0,-9,0.0,22638.0,2100.0
2671946,2671947,38.0,1083376,1,1,0,1,2.0,45.0,1.0,-9.0,4.0,623M,14.0,22638.0,2100.0
2671947,2671948,17.0,1083376,2,1,2,4,6.0,-9.0,-9.0,14.0,4.0,-9,0.0,22638.0,2100.0
2671948,2671949,42.0,1083376,3,2,12,2,1.0,32.0,1.0,-9.0,4.0,6231,14.0,22638.0,2100.0
2671949,2671950,21.0,1083376,4,1,12,2,6.0,-9.0,-9.0,-9.0,4.0,-9,0.0,22638.0,2100.0
2671950,2671951,38.0,1083377,1,1,0,1,2.0,45.0,1.0,-9.0,4.0,623M,14.0,22638.0,2100.0
2671951,2671952,17.0,1083377,2,1,2,4,6.0,-9.0,-9.0,14.0,4.0,-9,0.0,22638.0,2100.0
2671952,2671953,42.0,1083377,3,2,12,2,1.0,32.0,1.0,-9.0,4.0,6231,14.0,22638.0,2100.0
2671953,2671954,21.0,1083377,4,1,12,2,6.0,-9.0,-9.0,-9.0,4.0,-9,0.0,22638.0,2100.0
2671954,2671955,38.0,1083378,1,1,0,1,2.0,45.0,1.0,-9.0,4.0,623M,14.0,22638.0,2100.0
2671955,2671956,17.0,1083378,2,1,2,4,6.0,-9.0,-9.0,14.0,4.0,-9,0.0,22638.0,2100.0
2671956,2671957,42.0,1083378,3,2,12,2,1.0,32.0,1.0,-9.0,4.0,6231,14.0,22638.0,2100.0
2671957,2671958,21.0,1083378,4,1,12,2,6.0,-9.0,-9.0,-9.0,4.0,-9,0.0,22638.0,2100.0
2671958,2671959,38.0,1083379,1,1,0,1,2.0,45.0,1.0,-9.0,4.0,623M,14.0,22638.0,2100.0
2671959,2671960,17.0,1083379,2,1,2,4,6.0,-9.0,-9.0,14.0,4.0,-9,0.0,22638.0,2100.0
2671960,2671961,42.0,1083379,3,2,12,2,1.0,32.0,1.0,-9.0,4.0,6231,14.0,22638.0,2100.0
2671961,2671962,21.0,1083379,4,1,12,2,6.0,-9.0,-9.0,-9.0,4.0,-9,0.0,22638.0,2100.0
2671962,2671963,38.0,1083380,1,1,0,1,2.0,45.0,1.0,-9.0,4.0,623M,14.0,22638.0,2100.0
2671963,2671964,17.0,1083380,2,1,2,4,6.0,-9.0,-9.0,14.0,4.0,-9,0.0,22638.0,2100.0
2671964,2671965,42.0,1083380,3,2,12,2,1.0,32.0,1.0,-9.0,4.0,6231,14.0,22638.0,2100.0
2671965,2671966,21.0,1083380,4,1,12,2,6.0,-9.0,-9.0,-9.0,4.0,-9,0.0,22638.0,2100.0
2671974,2671975,38.0,1083383,1,1,0,1,2.0,45.0,1.0,-9.0,4.0,623M,14.0,22638.0,2100.0
2671975,2671976,17.0,1083383,2,1,2,4,6.0,-9.0,-9.0,14.0,4.0,-9,0.0,22638.0,2100.0
2671976,2671977,42.0,1083383,3,2,12,2,1.0,32.0,1.0,-9.0,4.0,6231,14.0,22638.0,2100.0
2671977,2671978,21.0,1083383,4,1,12,2,6.0,-9.0,-9.0,-9.0,4.0,-9,0.0,22638.0,2100.0
2671982,2671983,38.0,1083385,1,1,0,1,2.0,45.0,1.0,-9.0,4.0,623M,14.0,22638.0,2100.0
2671983,2671984,17.0,1083385,2,1,2,4,6.0,-9.0,-9.0,14.0,4.0,-9,0.0,22638.0,2100.0
2671984,2671985,42.0,1083385,3,2,12,2,1.0,32.0,1.0,-9.0,4.0,6231,14.0,22638.0,2100.0
2671985,2671986,21.0,1083385,4,1,12,2,6.0,-9.0,-9.0,-9.0,4.0,-9,0.0,22638.0,2100.0
2671986,2671987,38.0,1083386,1,1,0,1,2.0,45.0,1.0,-9.0,4.0,623M,14.0,22638.0,2100.0
2671987,2671988,17.0,1083386,2,1,2,4,6.0,-9.0,-9.0,14.0,4.0,-9,0.0,22638.0,2100.0
2671988,2671989,42.0,1083386,3,2,12,2,1.0,32.0,1.0,-9.0,4.0,6231,14.0,22638.0,2100.0
2671989,2671990,21.0,1083386,4,1,12,2,6.0,-9.0,-9.0,-9.0,4.0,-9,0.0,22638.0,2100.0
2671990,2671991,38.0,1083387,1,1,0,1,2.0,45.0,1.0,-9.0,4.0,623M,14.0,22638.0,2100.0
2671991,2671992,17.0,1083387,2,1,2,4,6.0,-9.0,-9.0,14.0,4.0,-9,0.0,22638.0,2100.0
2671992,2671993,42.0,1083387,3,2,12,2,1.0,32.0,1.0,-9.0,4.0,6231,14.0,22638.0,2100.0
2671993,2671994,21.0,1083387,4,1,12,2,6.0,-9.0,-9.0,-9.0,4.0,-9,0.0,22638.0,2100.0
2671998,2671999,38.0,1083389,1,1,0,1,2.0,45.0,1.0,-9.0,4.0,623M,14.0,22638.0,2100.0
2671999,2672000,17.0,1083389,2,1,2,4,6.0,-9.0,-9.0,14.0,4.0,-9,0.0,22638.0,2100.0
2672000,2672001,42.0,1083389,3,2,12,2,1.0,32.0,1.0,-9.0,4.0,6231,14.0,22638.0,2100.0
2672001,2672002,21.0,1083389,4,1,12,2,6.0,-9.0,-9.0,-9.0,4.0,-9,0.0,22638.0,2100.0
2672002,2672003,38.0,1083390,1,1,0,1,2.0,45.0,1.0,-9.0,4.0,623M,14.0,22638.0,2100.0
2672003,2672004,17.0,1083390,2,1,2,4,6.0,-9.0,-9.0,14.0,4.0,-9,0.0,22638.0,2100.0
2672004,2672005,42.0,1083390,3,2,12,2,1.0,32.0,1.0,-9.0,4.0,6231,14.0,22638.0,2100.0
2672005,2672006,21.0,1083390,4,1,12,2,6.0,-9.0,-9.0,-9.0,4.0,-9,0.0,22638.0,2100.0
2672006,2672007,38.0,1083391,1,1,0,1,2.0,45.0,1.0,-9.0,4.0,623M,14.0,22638.0,2100.0
2672007,2672008,17.0,1083391,2,1,2,4,6.0,-9.0,-9.0,14.0,4.0,-9,0.0,22638.0,2100.0
2672008,2672009,42.0,1083391,3,2,12,2,1.0,32.0,1.0,-9.0,4.0,6231,14.0,22638.0,2100.0
2672009,2672010,21.0,1083391,4,1,12,2,6.0,-9.0,-9.0,-9.0,4.0,-9,0.0,22638.0,2100.0
2672010,2672011,38.0,1083392,1,1,0,1,2.0,45.0,1.0,-9.0,4.0,623M,14.0,22638.0,2100.0
2672011,2672012,17.0,1083392,2,1,2,4,6.0,-9.0,-9.0,14.0,4.0,-9,0.0,22638.0,2100.0
2672012,2672013,42.0,1083392,3,2,12,2,1.0,32.0,1.0,-9.0,4.0,6231,14.0,22638.0,2100.0
2672013,2672014,21.0,1083392,4,1,12,2,6.0,-9.0,-9.0,-9.0,4.0,-9,0.0,22638.0,2100.0
2672014,2672015,41.0,1083393,1,1,0,1,6.0,-9.0,-9.0,15.0,4.0,-9,0.0,22638.0,2100.0
2672015,2672016,31.0,1083393,2,2,1,1,6.0,-9.0,-9.0,15.0,4.0,-9,0.0,22638.0,2100.0
2672016,2672017,6.0,1083393,3,2,2,1,-9.0,-9.0,-9.0,3.0,-9.0,-9,0.0,22638.0,2100.0
2672017,2672018,2.0,1083393,4,1,2,1,-9.0,-9.0,-9.0,-9.0,-9.0,-9,0.0,22638.0,2100.0
2672022,2672023,32.0,1083395,1,2,0,1,1.0,25.0,1.0,-9.0,4.0,4533,5.0,22638.0,2100.0
2672023,2672024,11.0,1083395,2,1,2,4,-9.0,-9.0,-9.0,7.0,-9.0,-9,0.0,22638.0,2100.0
2672024,2672025,1.0,1083395,3,2,2,4,-9.0,-9.0,-9.0,-9.0,-9.0,-9,0.0,22638.0,2100.0
2672025,2672026,26.0,1083395,4,1,13,2,3.0,25.0,4.0,-9.0,4.0,4533,5.0,22638.0,2100.0
2672026,2672027,32.0,1083396,1,2,0,1,1.0,25.0,1.0,-9.0,4.0,4533,5.0,22638.0,2100.0
2672027,2672028,11.0,1083396,2,1,2,4,-9.0,-9.0,-9.0,7.0,-9.0,-9,0.0,22638.0,2100.0
2672028,2672029,1.0,1083396,3,2,2,4,-9.0,-9.0,-9.0,-9.0,-9.0,-9,0.0,22638.0,2100.0
2672029,2672030,26.0,1083396,4,1,13,2,3.0,25.0,4.0,-9.0,4.0,4533,5.0,22638.0,2100.0
2672030,2672031,32.0,1083397,1,2,0,1,1.0,25.0,1.0,-9.0,4.0,4533,5.0,22638.0,2100.0
2672031,2672032,11.0,1083397,2,1,2,4,-9.0,-9.0,-9.0,7.0,-9.0,-9,0.0,22638.0,2100.0
2672032,2672033,1.0,1083397,3,2,2,4,-9.0,-9.0,-9.0,-9.0,-9.0,-9,0.0,22638.0,2100.0
2672033,2672034,26.0,1083397,4,1,13,2,3.0,25.0,4.0,-9.0,4.0,4533,5.0,22638.0,2100.0
2672038,2672039,32.0,1083399,1,2,0,1,1.0,25.0,1.0,-9.0,4.0,4533,5.0,22638.0,2100.0
2672039,2672040,11.0,1083399,2,1,2,4,-9.0,-9.0,-9.0,7.0,-9.0,-9,0.0,22638.0,2100.0
2672040,2672041,1.0,1083399,3,2,2,4,-9.0,-9.0,-9.0,-9.0,-9.0,-9,0.0,22638.0,2100.0
2672041,2672042,26.0,1083399,4,1,13,2,3.0,25.0,4.0,-9.0,4.0,4533,5.0,22638.0,2100.0
2672046,2672047,32.0,1083401,1,2,0,1,1.0,25.0,1.0,-9.0,4.0,4533,5.0,22638.0,2100.0
2672047,2672048,11.0,1083401,2,1,2,4,-9.0,-9.0,-9.0,7.0,-9.0,-9,0.0,22638.0,2100.0
2672048,2672049,1.0,1083401,3,2,2,4,-9.0,-9.0,-9.0,-9.0,-9.0,-9,0.0,22638.0,2100.0
2672049,2672050,26.0,1083401,4,1,13,2,3.0,25.0,4.0,-9.0,4.0,4533,5.0,22638.0,2100.0
2672050,2672051,32.0,1083402,1,2,0,1,1.0,25.0,1.0,-9.0,4.0,4533,5.0,22638.0,2100.0
2672051,2672052,11.0,1083402,2,1,2,4,-9.0,-9.0,-9.0,7.0,-9.0,-9,0.0,22638.0,2100.0
2672052,2672053,1.0,1083402,3,2,2,4,-9.0,-9.0,-9.0,-9.0,-9.0,-9,0.0,22638.0,2100.0
2672053,2672054,26.0,1083402,4,1,13,2,3.0,25.0,4.0,-9.0,4.0,4533,5.0,22638.0,2100.0
2672054,2672055,32.0,1083403,1,2,0,1,1.0,25.0,1.0,-9.0,4.0,4533,5.0,22638.0,2100.0
2672055,2672056,11.0,1083403,2,1,2,4,-9.0,-9.0,-9.0,7.0,-9.0,-9,0.0,22638.0,2100.0
2672056,2672057,1.0,1083403,3,2,2,4,-9.0,-9.0,-9.0,-9.0,-9.0,-9,0.0,22638.0,2100.0
2672057,2672058,26.0,1083403,4,1,13,2,3.0,25.0,4.0,-9.0,4.0,4533,5.0,22638.0,2100.0
2672058,2672059,32.0,1083404,1,2,0,1,1.0,25.0,1.0,-9.0,4.0,4533,5.0,22638.0,2100.0
2672059,2672060,11.0,1083404,2,1,2,4,-9.0,-9.0,-9.0,7.0,-9.0,-9,0.0,22638.0,2100.0
2672060,2672061,1.0,1083404,3,2,2,4,-9.0,-9.0,-9.0,-9.0,-9.0,-9,0.0,22638.0,2100.0
2672061,2672062,26.0,1083404,4,1,13,2,3.0,25.0,4.0,-9.0,4.0,4533,5.0,22638.0,2100.0
2672062,2672063,32.0,1083405,1,2,0,1,1.0,25.0,1.0,-9.0,4.0,4533,5.0,22638.0,2100.0
2672063,2672064,11.0,1083405,2,1,2,4,-9.0,-9.0,-9.0,7.0,-9.0,-9,0.0,22638.0,2100.0
2672064,2672065,1.0,1083405,3,2,2,4,-9.0,-9.0,-9.0,-9.0,-9.0,-9,0.0,22638.0,2100.0
2672065,2672066,26.0,1083405,4,1,13,2,3.0,25.0,4.0,-9.0,4.0,4533,5.0,22638.0,2100.0
2672066,2672067,32.0,1083406,1,2,0,1,1.0,25.0,1.0,-9.0,4.0,4533,5.0,22638.0,2100.0
2672067,2672068,11.0,1083406,2,1,2,4,-9.0,-9.0,-9.0,7.0,-9.0,-9,0.0,22638.0,2100.0
2672068,2672069,1.0,1083406,3,2,2,4,-9.0,-9.0,-9.0,-9.0,-9.0,-9,0.0,22638.0,2100.0
2672069,2672070,26.0,1083406,4,1,13,2,3.0,25.0,4.0,-9.0,4.0,4533,5.0,22638.0,2100.0
2672070,2672071,32.0,1083407,1,2,0,1,1.0,25.0,1.0,-9.0,4.0,4533,5.0,22638.0,2100.0
2672071,2672072,11.0,1083407,2,1,2,4,-9.0,-9.0,-9.0,7.0,-9.0,-9,0.0,22638.0,2100.0
2672072,2672073,1.0,1083407,3,2,2,4,-9.0,-9.0,-9.0,-9.0,-9.0,-9,0.0,22638.0,2100.0
2672073,2672074,26.0,1083407,4,1,13,2,3.0,25.0,4.0,-9.0,4.0,4533,5.0,22638.0,2100.0
2701576,2701577,68.0,1094369,1,1,0,4,1.0,50.0,1.0,-9.0,4.0,8139Z,17.0,22734.0,2115.0
2701577,2701578,62.0,1094369,2,2,1,4,6.0,-9.0,-9.0,-9.0,4.0,-9,0.0,22734.0,2115.0
2701580,2701581,67.0,1094371,1,2,0,2,1.0,40.0,1.0,-9.0,4.0,611M1,13.0,22734.0,2115.0
2701581,2701582,64.0,1094371,2,2,5,2,2.0,25.0,1.0,-9.0,4.0,611M1,13.0,22734.0,2115.0
2701582,2701583,52.0,1094371,3,2,5,2,1.0,40.0,1.0,-9.0,4.0,622M,15.0,22734.0,2115.0
2701583,2701584,67.0,1094372,1,2,0,2,1.0,40.0,1.0,-9.0,4.0,611M1,13.0,22734.0,2115.0
2701584,2701585,64.0,1094372,2,2,5,2,2.0,25.0,1.0,-9.0,4.0,611M1,13.0,22734.0,2115.0
2701585,2701586,52.0,1094372,3,2,5,2,1.0,40.0,1.0,-9.0,4.0,622M,15.0,22734.0,2115.0
2701597,2701598,65.0,1094377,1,1,0,2,6.0,-9.0,-9.0,-9.0,2.0,-9,0.0,22734.0,2115.0
2701598,2701599,60.0,1094377,2,2,1,2,1.0,60.0,1.0,-9.0,4.0,515,8.0,22734.0,2115.0
2701601,2701602,65.0,1094379,1,1,0,2,6.0,-9.0,-9.0,-9.0,2.0,-9,0.0,22734.0,2115.0
2701602,2701603,60.0,1094379,2,2,1,2,1.0,60.0,1.0,-9.0,4.0,515,8.0,22734.0,2115.0
2701603,2701604,65.0,1094380,1,1,0,2,6.0,-9.0,-9.0,-9.0,2.0,-9,0.0,22734.0,2115.0
2701604,2701605,60.0,1094380,2,2,1,2,1.0,60.0,1.0,-9.0,4.0,515,8.0,22734.0,2115.0
2701611,2701612,78.0,1094383,1,2,0,2,6.0,-9.0,-9.0,-9.0,4.0,-9,0.0,22734.0,2115.0
2701612,2701613,48.0,1094383,2,1,2,2,1.0,40.0,4.0,-9.0,4.0,336M,3.0,22734.0,2115.0
2701613,2701614,38.0,1094383,3,1,2,2,1.0,12.0,1.0,-9.0,4.0,3219ZM,3.0,22734.0,2115.0
2701614,2701615,21.0,1094383,4,1,7,2,1.0,32.0,6.0,15.0,4.0,3211,3.0,22734.0,2115.0
2701615,2701616,78.0,1094384,1,2,0,2,6.0,-9.0,-9.0,-9.0,4.0,-9,0.0,22734.0,2115.0
2701616,2701617,48.0,1094384,2,1,2,2,1.0,40.0,4.0,-9.0,4.0,336M,3.0,22734.0,2115.0
2701617,2701618,38.0,1094384,3,1,2,2,1.0,12.0,1.0,-9.0,4.0,3219ZM,3.0,22734.0,2115.0
2701618,2701619,21.0,1094384,4,1,7,2,1.0,32.0,6.0,15.0,4.0,3211,3.0,22734.0,2115.0
2701619,2701620,73.0,1094385,1,2,0,2,6.0,-9.0,-9.0,-9.0,4.0,92MP,18.0,22734.0,2115.0
2701620,2701621,45.0,1094385,2,2,2,2,1.0,30.0,3.0,-9.0,4.0,55,11.0,22734.0,2115.0
2701621,2701622,10.0,1094385,3,1,7,2,-9.0,-9.0,-9.0,7.0,-9.0,-9,0.0,22734.0,2115.0
2701622,2701623,66.0,1094386,1,1,0,1,1.0,40.0,1.0,-9.0,2.0,488,6.0,22734.0,2115.0
2701623,2701624,57.0,1094386,2,2,1,1,1.0,40.0,1.0,-9.0,4.0,481,6.0,22734.0,2115.0
2701624,2701625,25.0,1094386,3,1,2,1,6.0,-9.0,-9.0,15.0,4.0,611M1,13.0,22734.0,2115.0
2701625,2701626,21.0,1094386,4,2,2,1,6.0,4.0,4.0,15.0,4.0,611M1,13.0,22734.0,2115.0
2701626,2701627,69.0,1094387,1,1,0,1,6.0,12.0,4.0,-9.0,2.0,6241,14.0,22734.0,2115.0
2701627,2701628,68.0,1094387,2,2,1,1,1.0,10.0,1.0,-9.0,4.0,611M1,13.0,22734.0,2115.0
2701628,2701629,33.0,1094387,3,2,2,1,1.0,36.0,1.0,15.0,4.0,622M,15.0,22734.0,2115.0
2701629,2701630,69.0,1094388,1,1,0,1,6.0,12.0,4.0,-9.0,2.0,6241,14.0,22734.0,2115.0
2701630,2701631,68.0,1094388,2,2,1,1,1.0,10.0,1.0,-9.0,4.0,611M1,13.0,22734.0,2115.0
2701631,2701632,33.0,1094388,3,2,2,1,1.0,36.0,1.0,15.0,4.0,622M,15.0,22734.0,2115.0
2701635,2701636,69.0,1094390,1,1,0,1,6.0,12.0,4.0,-9.0,2.0,6241,14.0,22734.0,2115.0
2701636,2701637,68.0,1094390,2,2,1,1,1.0,10.0,1.0,-9.0,4.0,611M1,13.0,22734.0,2115.0
2701637,2701638,33.0,1094390,3,2,2,1,1.0,36.0,1.0,15.0,4.0,622M,15.0,22734.0,2115.0
2701638,2701639,69.0,1094391,1,1,0,1,6.0,12.0,4.0,-9.0,2.0,6241,14.0,22734.0,2115.0
2701639,2701640,68.0,1094391,2,2,1,1,1.0,10.0,1.0,-9.0,4.0,611M1,13.0,22734.0,2115.0
2701640,2701641,33.0,1094391,3,2,2,1,1.0,36.0,1.0,15.0,4.0,622M,15.0,22734.0,2115.0
2701647,2701648,70.0,1094394,1,1,0,1,1.0,25.0,5.0,-9.0,2.0,611M1,13.0,22734.0,2115.0
2701648,2701649,64.0,1094394,2,2,1,1,1.0,40.0,1.0,-9.0,4.0,622M,15.0,22734.0,2115.0
2701649,2701650,24.0,1094394,3,1,2,1,1.0,35.0,4.0,-9.0,4.0,515,8.0,22734.0,2115.0
2701669,2701670,70.0,1094403,1,1,0,1,1.0,3.0,1.0,-9.0,4.0,622M,15.0,22734.0,2115.0
2701670,2701671,62.0,1094403,2,2,1,1,1.0,50.0,1.0,-9.0,4.0,622M,15.0,22734.0,2115.0
2701673,2701674,69.0,1094405,1,1,0,1,1.0,2.0,1.0,-9.0,4.0,5416,10.0,22734.0,2115.0
2701674,2701675,59.0,1094405,2,2,1,1,1.0,72.0,1.0,-9.0,4.0,622M,15.0,22734.0,2115.0
2701677,2701678,65.0,1094407,1,1,0,1,1.0,40.0,1.0,-9.0,4.0,928P,18.0,22734.0,2115.0
2701678,2701679,57.0,1094407,2,2,1,1,1.0,40.0,1.0,-9.0,4.0,52M1,9.0,22734.0,2115.0
2701679,2701680,65.0,1094408,1,1,0,1,1.0,40.0,1.0,-9.0,4.0,928P,18.0,22734.0,2115.0
2701680,2701681,57.0,1094408,2,2,1,1,1.0,40.0,1.0,-9.0,4.0,52M1,9.0,22734.0,2115.0
2701681,2701682,65.0,1094409,1,1,0,1,1.0,40.0,1.0,-9.0,4.0,928P,18.0,22734.0,2115.0
2701682,2701683,57.0,1094409,2,2,1,1,1.0,40.0,1.0,-9.0,4.0,52M1,9.0,22734.0,2115.0
2701693,2701694,66.0,1094414,1,1,0,1,6.0,-9.0,-9.0,-9.0,4.0,6211,14.0,22734.0,2115.0
2701694,2701695,61.0,1094414,2,2,1,1,1.0,9.0,1.0,-9.0,4.0,622M,15.0,22734.0,2115.0
2701695,2701696,66.0,1094415,1,1,0,1,6.0,-9.0,-9.0,-9.0,4.0,6211,14.0,22734.0,2115.0
2701696,2701697,61.0,1094415,2,2,1,1,1.0,9.0,1.0,-9.0,4.0,622M,15.0,22734.0,2115.0
2701701,2701702,66.0,1094418,1,1,0,1,6.0,-9.0,-9.0,-9.0,4.0,6211,14.0,22734.0,2115.0
2701702,2701703,61.0,1094418,2,2,1,1,1.0,9.0,1.0,-9.0,4.0,622M,15.0,22734.0,2115.0
2701703,2701704,66.0,1094419,1,1,0,1,1.0,44.0,1.0,-9.0,4.0,5241,9.0,22734.0,2115.0
2701704,2701705,62.0,1094419,2,2,1,1,6.0,-9.0,-9.0,-9.0,4.0,-9,0.0,22734.0,2115.0
2701705,2701706,66.0,1094420,1,1,0,1,1.0,44.0,1.0,-9.0,4.0,5241,9.0,22734.0,2115.0
2701706,2701707,62.0,1094420,2,2,1,1,6.0,-9.0,-9.0,-9.0,4.0,-9,0.0,22734.0,2115.0
2701707,2701708,66.0,1094421,1,1,0,1,1.0,44.0,1.0,-9.0,4.0,5241,9.0,22734.0,2115.0
2701708,2701709,62.0,1094421,2,2,1,1,6.0,-9.0,-9.0,-9.0,4.0,-9,0.0,22734.0,2115.0
2701717,2701718,73.0,1094426,1,1,0,1,6.0,-9.0,-9.0,-9.0,4.0,-9,0.0,22734.0,2115.0
2701718,2701719,72.0,1094426,2,2,1,1,6.0,40.0,3.0,-9.0,4.0,611M1,13.0,22734.0,2115.0
2701719,2701720,49.0,1094426,3,1,2,1,6.0,40.0,2.0,-9.0,4.0,6111,13.0,22734.0,2115.0
2701720,2701721,67.0,1094427,1,1,0,1,6.0,-9.0,-9.0,-9.0,4.0,-9,0.0,22734.0,2115.0
2701721,2701722,64.0,1094427,2,2,1,1,6.0,-9.0,-9.0,-9.0,4.0,-9,0.0,22734.0,2115.0
2701722,2701723,67.0,1094428,1,1,0,1,6.0,-9.0,-9.0,-9.0,4.0,-9,0.0,22734.0,2115.0
2701723,2701724,64.0,1094428,2,2,1,1,6.0,-9.0,-9.0,-9.0,4.0,-9,0.0,22734.0,2115.0
2701730,2701731,67.0,1094432,1,1,0,1,6.0,-9.0,-9.0,-9.0,4.0,-9,0.0,22734.0,2115.0
2701731,2701732,64.0,1094432,2,2,1,1,6.0,-9.0,-9.0,-9.0,4.0,-9,0.0,22734.0,2115.0
2701732,2701733,67.0,1094433,1,1,0,1,6.0,-9.0,-9.0,-9.0,4.0,-9,0.0,22734.0,2115.0
2701733,2701734,64.0,1094433,2,2,1,1,6.0,-9.0,-9.0,-9.0,4.0,-9,0.0,22734.0,2115.0
2701734,2701735,67.0,1094434,1,1,0,1,6.0,-9.0,-9.0,-9.0,4.0,-9,0.0,22734.0,2115.0
2701735,2701736,64.0,1094434,2,2,1,1,6.0,-9.0,-9.0,-9.0,4.0,-9,0.0,22734.0,2115.0
2701743,2701744,65.0,1094440,1,1,0,1,1.0,20.0,4.0,-9.0,2.0,6111,13.0,22734.0,2115.0
2701744,2701745,60.0,1094440,2,2,1,1,1.0,12.0,4.0,-9.0,4.0,611M1,13.0,22734.0,2115.0
2701745,2701746,66.0,1094441,1,2,0,1,1.0,20.0,1.0,-9.0,4.0,531M,9.0,22734.0,2115.0
2701746,2701747,62.0,1094441,2,1,15,1,2.0,50.0,5.0,-9.0,4.0,311811,3.0,22734.0,2115.0
2701747,2701748,90.0,1094442,1,1,0,1,6.0,-9.0,-9.0,-9.0,3.0,-9,0.0,22734.0,2115.0
2701748,2701749,86.0,1094442,2,2,1,1,6.0,-9.0,-9.0,-9.0,4.0,-9,0.0,22734.0,2115.0
2701749,2701750,56.0,1094442,3,1,2,1,1.0,40.0,1.0,-9.0,4.0,4238,4.0,22734.0,2115.0
2701754,2701755,73.0,1094445,1,1,0,1,6.0,-9.0,-9.0,-9.0,4.0,-9,0.0,22734.0,2115.0
2701755,2701756,57.0,1094445,2,2,1,1,1.0,60.0,1.0,-9.0,4.0,6212,14.0,22734.0,2115.0
2701756,2701757,73.0,1094446,1,1,0,1,6.0,-9.0,-9.0,-9.0,4.0,-9,0.0,22734.0,2115.0
2701757,2701758,57.0,1094446,2,2,1,1,1.0,60.0,1.0,-9.0,4.0,6212,14.0,22734.0,2115.0
2701760,2701761,73.0,1094448,1,1,0,1,6.0,-9.0,-9.0,-9.0,4.0,-9,0.0,22734.0,2115.0
2701761,2701762,57.0,1094448,2,2,1,1,1.0,60.0,1.0,-9.0,4.0,6212,14.0,22734.0,2115.0
2701762,2701763,73.0,1094449,1,1,0,1,6.0,-9.0,-9.0,-9.0,4.0,-9,0.0,22734.0,2115.0
2701763,2701764,57.0,1094449,2,2,1,1,1.0,60.0,1.0,-9.0,4.0,6212,14.0,22734.0,2115.0
2701768,2701769,65.0,1094452,1,2,0,1,6.0,-9.0,-9.0,-9.0,4.0,-9,0.0,22734.0,2115.0
2701769,2701770,61.0,1094452,2,1,1,1,1.0,50.0,3.0,-9.0,4.0,23,2.0,22734.0,2115.0
2701770,2701771,65.0,1094453,1,2,0,1,6.0,-9.0,-9.0,-9.0,4.0,-9,0.0,22734.0,2115.0
2701771,2701772,61.0,1094453,2,1,1,1,1.0,50.0,3.0,-9.0,4.0,23,2.0,22734.0,2115.0
2701780,2701781,81.0,1094458,1,1,0,1,6.0,-9.0,-9.0,-9.0,2.0,-9,0.0,22734.0,2115.0
2701781,2701782,80.0,1094458,2,2,1,1,6.0,-9.0,-9.0,-9.0,4.0,-9,0.0,22734.0,2115.0
2701782,2701783,47.0,1094458,3,1,2,1,1.0,50.0,1.0,-9.0,4.0,722Z,16.0,22734.0,2115.0
2701793,2701794,65.0,1094463,1,2,0,1,6.0,-9.0,-9.0,-9.0,4.0,-9,0.0,22734.0,2115.0
2701794,2701795,35.0,1094463,2,1,2,1,1.0,40.0,1.0,-9.0,2.0,722Z,16.0,22734.0,2115.0
2701799,2701800,68.0,1094466,1,1,0,1,6.0,-9.0,-9.0,-9.0,4.0,-9,0.0,22734.0,2115.0
2701800,2701801,64.0,1094466,2,2,1,1,1.0,40.0,1.0,-9.0,4.0,623M,14.0,22734.0,2115.0
2701801,2701802,68.0,1094467,1,1,0,1,6.0,-9.0,-9.0,-9.0,4.0,-9,0.0,22734.0,2115.0
2701802,2701803,64.0,1094467,2,2,1,1,1.0,40.0,1.0,-9.0,4.0,623M,14.0,22734.0,2115.0
2701805,2701806,72.0,1094469,1,2,0,1,6.0,-9.0,-9.0,-9.0,4.0,-9,0.0,22734.0,2115.0
2701806,2701807,35.0,1094469,2,2,2,1,6.0,-9.0,-9.0,-9.0,4.0,-9,0.0,22734.0,2115.0
2701807,2701808,77.0,1094470,1,1,0,1,6.0,-9.0,-9.0,-9.0,4.0,-9,0.0,22734.0,2115.0
2701808,2701809,52.0,1094470,2,1,2,1,6.0,30.0,2.0,-9.0,4.0,23,2.0,22734.0,2115.0
2701809,2701810,65.0,1094471,1,2,0,1,1.0,25.0,2.0,-9.0,4.0,3255,3.0,22734.0,2115.0
2701810,2701811,42.0,1094471,2,1,2,4,6.0,-9.0,-9.0,-9.0,4.0,-9,0.0,22734.0,2115.0
2701811,2701812,66.0,1094472,1,1,0,1,6.0,15.0,4.0,-9.0,4.0,6242,14.0,22734.0,2115.0
2701812,2701813,64.0,1094472,2,2,1,1,1.0,22.0,3.0,-9.0,2.0,6111,13.0,22734.0,2115.0
2701815,2701816,66.0,1094474,1,2,0,1,6.0,-9.0,-9.0,-9.0,4.0,-9,0.0,22734.0,2115.0
2701816,2701817,64.0,1094474,2,1,13,1,6.0,-9.0,-9.0,-9.0,4.0,-9,0.0,22734.0,2115.0
2701821,2701822,75.0,1094478,1,1,0,1,6.0,-9.0,-9.0,-9.0,4.0,-9,0.0,22734.0,2115.0
2701822,2701823,69.0,1094479,1,1,0,1,6.0,-9.0,-9.0,-9.0,4.0,-9,0.0,22734.0,2115.0
2701823,2701824,68.0,1094480,1,1,0,1,6.0,-9.0,-9.0,-9.0,2.0,-9,0.0,22734.0,2115.0
2701824,2701825,62.0,1094480,2,2,1,1,1.0,28.0,4.0,-9.0,4.0,722Z,16.0,22734.0,2115.0
2701825,2701826,40.0,1094480,3,2,2,1,1.0,27.0,1.0,-9.0,4.0,722Z,16.0,22734.0,2115.0
2701826,2701827,1.0,1094480,4,2,7,1,-9.0,-9.0,-9.0,-9.0,-9.0,-9,0.0,22734.0,2115.0
2701835,2701836,68.0,1094483,1,1,0,1,6.0,-9.0,-9.0,-9.0,2.0,-9,0.0,22734.0,2115.0
2701836,2701837,62.0,1094483,2,2,1,1,1.0,28.0,4.0,-9.0,4.0,722Z,16.0,22734.0,2115.0
2701837,2701838,40.0,1094483,3,2,2,1,1.0,27.0,1.0,-9.0,4.0,722Z,16.0,22734.0,2115.0
2701838,2701839,1.0,1094483,4,2,7,1,-9.0,-9.0,-9.0,-9.0,-9.0,-9,0.0,22734.0,2115.0
2701839,2701840,68.0,1094484,1,1,0,1,6.0,-9.0,-9.0,-9.0,2.0,-9,0.0,22734.0,2115.0
2701840,2701841,62.0,1094484,2,2,1,1,1.0,28.0,4.0,-9.0,4.0,722Z,16.0,22734.0,2115.0
2701841,2701842,40.0,1094484,3,2,2,1,1.0,27.0,1.0,-9.0,4.0,722Z,16.0,22734.0,2115.0
2701842,2701843,1.0,1094484,4,2,7,1,-9.0,-9.0,-9.0,-9.0,-9.0,-9,0.0,22734.0,2115.0
2701847,2701848,55.0,1094486,1,1,0,4,1.0,40.0,1.0,-9.0,4.0,611M1,13.0,22734.0,2115.0
2701848,2701849,48.0,1094486,2,2,1,4,1.0,40.0,1.0,-9.0,4.0,621M,14.0,22734.0,2115.0
2701849,2701850,18.0,1094486,3,1,2,4,1.0,4.0,6.0,15.0,4.0,611M1,13.0,22734.0,2115.0
2701858,2701859,48.0,1094489,1,1,0,4,1.0,40.0,1.0,-9.0,4.0,5415,10.0,22734.0,2115.0
2701859,2701860,45.0,1094489,2,2,1,4,6.0,-9.0,-9.0,-9.0,4.0,-9,0.0,22734.0,2115.0
2701860,2701861,18.0,1094489,3,1,2,4,6.0,-9.0,-9.0,15.0,4.0,-9,0.0,22734.0,2115.0
2701861,2701862,8.0,1094489,4,2,2,4,-9.0,-9.0,-9.0,5.0,-9.0,-9,0.0,22734.0,2115.0
2701870,2701871,45.0,1094492,1,1,0,2,1.0,50.0,1.0,-9.0,2.0,622M,15.0,22734.0,2115.0
2701871,2701872,30.0,1094492,2,1,13,1,6.0,-9.0,-9.0,-9.0,4.0,-9,0.0,22734.0,2115.0
2701872,2701873,56.0,1094493,1,1,0,2,1.0,40.0,1.0,-9.0,4.0,3261,3.0,22734.0,2115.0
2701873,2701874,53.0,1094493,2,1,5,2,1.0,40.0,1.0,-9.0,4.0,336M,3.0,22734.0,2115.0
2701875,2701876,45.0,1094495,1,1,0,2,1.0,45.0,1.0,-9.0,4.0,722Z,16.0,22734.0,2115.0
2701876,2701877,21.0,1094495,2,1,2,2,1.0,40.0,4.0,-9.0,4.0,722Z,16.0,22734.0,2115.0
2701877,2701878,60.0,1094496,1,2,0,2,1.0,40.0,1.0,-9.0,4.0,622M,15.0,22734.0,2115.0
2701878,2701879,69.0,1094496,2,1,1,2,6.0,-9.0,-9.0,-9.0,4.0,-9,0.0,22734.0,2115.0
2701879,2701880,18.0,1094496,3,1,2,2,1.0,40.0,6.0,15.0,4.0,611M1,13.0,22734.0,2115.0
2701880,2701881,60.0,1094497,1,2,0,2,1.0,40.0,1.0,-9.0,4.0,622M,15.0,22734.0,2115.0
2701881,2701882,69.0,1094497,2,1,1,2,6.0,-9.0,-9.0,-9.0,4.0,-9,0.0,22734.0,2115.0
2701882,2701883,18.0,1094497,3,1,2,2,1.0,40.0,6.0,15.0,4.0,611M1,13.0,22734.0,2115.0
2701886,2701887,60.0,1094499,1,2,0,2,1.0,40.0,1.0,-9.0,4.0,622M,15.0,22734.0,2115.0
2701887,2701888,69.0,1094499,2,1,1,2,6.0,-9.0,-9.0,-9.0,4.0,-9,0.0,22734.0,2115.0
2701888,2701889,18.0,1094499,3,1,2,2,1.0,40.0,6.0,15.0,4.0,611M1,13.0,22734.0,2115.0
2701889,2701890,60.0,1094500,1,2,0,2,1.0,40.0,1.0,-9.0,4.0,622M,15.0,22734.0,2115.0
2701890,2701891,69.0,1094500,2,1,1,2,6.0,-9.0,-9.0,-9.0,4.0,-9,0.0,22734.0,2115.0
2701891,2701892,18.0,1094500,3,1,2,2,1.0,40.0,6.0,15.0,4.0,611M1,13.0,22734.0,2115.0
2701907,2701908,60.0,1094506,1,2,0,2,1.0,40.0,1.0,-9.0,4.0,622M,15.0,22734.0,2115.0
2701908,2701909,69.0,1094506,2,1,1,2,6.0,-9.0,-9.0,-9.0,4.0,-9,0.0,22734.0,2115.0
2701909,2701910,18.0,1094506,3,1,2,2,1.0,40.0,6.0,15.0,4.0,611M1,13.0,22734.0,2115.0
2701914,2701915,45.0,1094508,1,1,0,2,1.0,58.0,1.0,15.0,4.0,336M,3.0,22734.0,2115.0
2701915,2701916,45.0,1094508,2,2,1,2,1.0,40.0,1.0,-9.0,4.0,336M,3.0,22734.0,2115.0
2701916,2701917,18.0,1094508,3,2,2,2,1.0,32.0,4.0,-9.0,4.0,722Z,16.0,22734.0,2115.0
2701917,2701918,16.0,1094508,4,2,2,2,6.0,-9.0,-9.0,12.0,-9.0,-9,0.0,22734.0,2115.0
2701918,2701919,63.0,1094509,1,2,0,2,6.0,-9.0,-9.0,-9.0,4.0,-9,0.0,22734.0,2115.0
2701919,2701920,45.0,1094509,2,2,2,2,1.0,20.0,1.0,-9.0,4.0,722Z,16.0,22734.0,2115.0
2701920,2701921,18.0,1094509,3,2,7,2,1.0,25.0,1.0,-9.0,4.0,722Z,16.0,22734.0,2115.0
2701921,2701922,17.0,1094509,4,2,7,2,3.0,-9.0,-9.0,-9.0,4.0,999920,0.0,22734.0,2115.0
2701922,2701923,63.0,1094510,1,2,0,2,6.0,-9.0,-9.0,-9.0,4.0,-9,0.0,22734.0,2115.0
2701923,2701924,45.0,1094510,2,2,2,2,1.0,20.0,1.0,-9.0,4.0,722Z,16.0,22734.0,2115.0
2701924,2701925,18.0,1094510,3,2,7,2,1.0,25.0,1.0,-9.0,4.0,722Z,16.0,22734.0,2115.0
2701925,2701926,17.0,1094510,4,2,7,2,3.0,-9.0,-9.0,-9.0,4.0,999920,0.0,22734.0,2115.0
2701933,2701934,54.0,1094513,1,2,0,1,1.0,45.0,1.0,-9.0,4.0,336M,3.0,22734.0,2115.0
2701934,2701935,53.0,1094513,2,1,1,1,1.0,50.0,1.0,-9.0,4.0,336M,3.0,22734.0,2115.0
2701935,2701936,18.0,1094513,3,1,2,1,1.0,15.0,4.0,15.0,4.0,722Z,16.0,22734.0,2115.0
2701936,2701937,50.0,1094514,1,2,0,1,1.0,40.0,1.0,-9.0,4.0,622M,15.0,22734.0,2115.0
2701937,2701938,51.0,1094514,2,1,1,1,1.0,40.0,1.0,-9.0,4.0,23,2.0,22734.0,2115.0
2701938,2701939,21.0,1094514,3,1,2,1,3.0,40.0,4.0,-9.0,4.0,611M1,13.0,22734.0,2115.0
2701942,2701943,56.0,1094516,1,2,0,1,1.0,48.0,1.0,-9.0,4.0,611M1,13.0,22734.0,2115.0
2701943,2701944,25.0,1094516,2,1,2,1,1.0,40.0,5.0,15.0,4.0,111,1.0,22734.0,2115.0
2701944,2701945,20.0,1094516,3,1,2,1,3.0,-9.0,-9.0,15.0,4.0,999920,0.0,22734.0,2115.0
2701945,2701946,54.0,1094517,1,2,0,1,6.0,-9.0,-9.0,-9.0,4.0,-9,0.0,22734.0,2115.0
2701946,2701947,59.0,1094517,2,1,1,1,1.0,60.0,1.0,-9.0,4.0,484,6.0,22734.0,2115.0
2701947,2701948,18.0,1094517,3,1,2,1,6.0,-9.0,-9.0,14.0,4.0,-9,0.0,22734.0,2115.0
2701963,2701964,54.0,1094523,1,2,0,1,6.0,-9.0,-9.0,-9.0,4.0,-9,0.0,22734.0,2115.0
2701964,2701965,59.0,1094523,2,1,1,1,1.0,60.0,1.0,-9.0,4.0,484,6.0,22734.0,2115.0
2701965,2701966,18.0,1094523,3,1,2,1,6.0,-9.0,-9.0,14.0,4.0,-9,0.0,22734.0,2115.0
2701966,2701967,54.0,1094524,1,2,0,1,6.0,-9.0,-9.0,-9.0,4.0,-9,0.0,22734.0,2115.0
2701967,2701968,59.0,1094524,2,1,1,1,1.0,60.0,1.0,-9.0,4.0,484,6.0,22734.0,2115.0
2701968,2701969,18.0,1094524,3,1,2,1,6.0,-9.0,-9.0,14.0,4.0,-9,0.0,22734.0,2115.0
2701974,2701975,53.0,1094527,1,1,0,1,1.0,40.0,2.0,-9.0,4.0,336M,3.0,22734.0,2115.0
2701975,2701976,69.0,1094527,2,1,1,1,6.0,-9.0,-9.0,-9.0,4.0,-9,0.0,22734.0,2115.0
2701976,2701977,58.0,1094528,1,1,0,1,1.0,55.0,1.0,-9.0,4.0,6211,14.0,22734.0,2115.0
2701977,2701978,62.0,1094529,1,1,0,1,1.0,50.0,1.0,-9.0,4.0,5416,10.0,22734.0,2115.0
2701980,2701981,63.0,1094531,1,1,0,1,1.0,70.0,1.0,-9.0,2.0,492,6.0,22734.0,2115.0
2701981,2701982,19.0,1094531,2,1,2,1,6.0,-9.0,-9.0,13.0,4.0,-9,0.0,22734.0,2115.0
2701982,2701983,63.0,1094532,1,1,0,1,1.0,70.0,1.0,-9.0,2.0,492,6.0,22734.0,2115.0
2701983,2701984,19.0,1094532,2,1,2,1,6.0,-9.0,-9.0,13.0,4.0,-9,0.0,22734.0,2115.0
2701985,2701986,52.0,1094534,1,2,0,1,6.0,-9.0,-9.0,-9.0,4.0,-9,0.0,22734.0,2115.0
2701986,2701987,62.0,1094534,2,1,1,1,6.0,-9.0,-9.0,-9.0,4.0,-9,0.0,22734.0,2115.0
2701987,2701988,52.0,1094535,1,1,0,1,1.0,40.0,1.0,-9.0,4.0,491,6.0,22734.0,2115.0
2701988,2701989,58.0,1094535,2,2,1,1,6.0,20.0,5.0,-9.0,4.0,722Z,16.0,22734.0,2115.0
2701989,2701990,20.0,1094535,3,2,2,1,2.0,16.0,4.0,15.0,4.0,722Z,16.0,22734.0,2115.0
2702002,2702003,54.0,1094540,1,2,0,1,6.0,-9.0,-9.0,-9.0,4.0,-9,0.0,22734.0,2115.0
2702003,2702004,47.0,1094540,2,1,1,1,1.0,60.0,1.0,-9.0,2.0,23,2.0,22734.0,2115.0
2702004,2702005,20.0,1094540,3,1,2,1,1.0,50.0,1.0,-9.0,4.0,23,2.0,22734.0,2115.0
2702005,2702006,46.0,1094541,1,2,0,1,1.0,40.0,1.0,-9.0,4.0,622M,15.0,22734.0,2115.0
2702006,2702007,19.0,1094541,2,2,2,1,1.0,20.0,6.0,15.0,4.0,722Z,16.0,22734.0,2115.0
2702009,2702010,47.0,1094543,1,2,0,1,1.0,60.0,1.0,-9.0,4.0,6111,13.0,22734.0,2115.0
2702010,2702011,18.0,1094543,2,1,2,1,2.0,25.0,1.0,13.0,4.0,722Z,16.0,22734.0,2115.0
2702016,2702017,51.0,1094547,1,1,0,1,1.0,50.0,1.0,-9.0,4.0,3221,3.0,22734.0,2115.0
2702023,2702024,52.0,1094549,1,2,0,1,1.0,22.0,1.0,-9.0,4.0,6222,15.0,22734.0,2115.0
2702024,2702025,57.0,1094549,2,1,1,1,1.0,40.0,1.0,-9.0,2.0,622M,15.0,22734.0,2115.0
2702025,2702026,18.0,1094549,3,1,2,1,6.0,2.0,6.0,14.0,4.0,56173,12.0,22734.0,2115.0
2702026,2702027,14.0,1094549,4,1,2,1,-9.0,-9.0,-9.0,10.0,-9.0,-9,0.0,22734.0,2115.0
2702027,2702028,11.0,1094549,5,1,2,1,-9.0,-9.0,-9.0,8.0,-9.0,-9,0.0,22734.0,2115.0
2702028,2702029,9.0,1094549,6,2,2,1,-9.0,-9.0,-9.0,5.0,-9.0,-9,0.0,22734.0,2115.0
2702051,2702052,46.0,1094555,1,2,0,1,1.0,44.0,1.0,-9.0,4.0,5413,10.0,22734.0,2115.0
2702052,2702053,48.0,1094555,2,1,1,1,1.0,45.0,1.0,-9.0,4.0,622M,15.0,22734.0,2115.0
2702053,2702054,18.0,1094555,3,1,2,1,6.0,-9.0,-9.0,14.0,4.0,-9,0.0,22734.0,2115.0
2702054,2702055,15.0,1094555,4,1,2,1,-9.0,-9.0,-9.0,11.0,-9.0,-9,0.0,22734.0,2115.0
2702060,2702061,51.0,1094557,1,1,0,1,1.0,50.0,1.0,-9.0,4.0,5415,10.0,22734.0,2115.0
2702061,2702062,45.0,1094557,2,2,1,1,6.0,-9.0,-9.0,-9.0,4.0,-9,0.0,22734.0,2115.0
2702062,2702063,18.0,1094557,3,1,2,1,6.0,-9.0,-9.0,14.0,4.0,-9,0.0,22734.0,2115.0
2702063,2702064,14.0,1094557,4,1,2,1,-9.0,-9.0,-9.0,11.0,-9.0,-9,0.0,22734.0,2115.0
2702064,2702065,11.0,1094557,5,1,2,1,-9.0,-9.0,-9.0,7.0,-9.0,-9,0.0,22734.0,2115.0
2702075,2702076,51.0,1094560,1,1,0,1,1.0,50.0,1.0,-9.0,4.0,5415,10.0,22734.0,2115.0
2702076,2702077,45.0,1094560,2,2,1,1,6.0,-9.0,-9.0,-9.0,4.0,-9,0.0,22734.0,2115.0
2702077,2702078,18.0,1094560,3,1,2,1,6.0,-9.0,-9.0,14.0,4.0,-9,0.0,22734.0,2115.0
2702078,2702079,14.0,1094560,4,1,2,1,-9.0,-9.0,-9.0,11.0,-9.0,-9,0.0,22734.0,2115.0
2702079,2702080,11.0,1094560,5,1,2,1,-9.0,-9.0,-9.0,7.0,-9.0,-9,0.0,22734.0,2115.0
2702080,2702081,51.0,1094561,1,1,0,1,1.0,50.0,1.0,-9.0,4.0,5415,10.0,22734.0,2115.0
2702081,2702082,45.0,1094561,2,2,1,1,6.0,-9.0,-9.0,-9.0,4.0,-9,0.0,22734.0,2115.0
2702082,2702083,18.0,1094561,3,1,2,1,6.0,-9.0,-9.0,14.0,4.0,-9,0.0,22734.0,2115.0
2702083,2702084,14.0,1094561,4,1,2,1,-9.0,-9.0,-9.0,11.0,-9.0,-9,0.0,22734.0,2115.0
2702084,2702085,11.0,1094561,5,1,2,1,-9.0,-9.0,-9.0,7.0,-9.0,-9,0.0,22734.0,2115.0
2702103,2702104,47.0,1094567,1,2,0,1,6.0,-9.0,-9.0,-9.0,4.0,-9,0.0,22734.0,2115.0
2702104,2702105,25.0,1094567,2,1,2,1,6.0,-9.0,-9.0,15.0,4.0,-9,0.0,22734.0,2115.0
2702105,2702106,18.0,1094567,3,1,2,1,6.0,-9.0,-9.0,14.0,4.0,-9,0.0,22734.0,2115.0
2702106,2702107,14.0,1094567,4,2,2,1,-9.0,-9.0,-9.0,11.0,-9.0,-9,0.0,22734.0,2115.0
2702107,2702108,12.0,1094567,5,2,3,1,-9.0,-9.0,-9.0,8.0,-9.0,-9,0.0,22734.0,2115.0
2702108,2702109,57.0,1094567,6,1,13,1,1.0,15.0,3.0,-9.0,4.0,9211MP,18.0,22734.0,2115.0
2702109,2702110,47.0,1094568,1,2,0,1,6.0,-9.0,-9.0,-9.0,4.0,-9,0.0,22734.0,2115.0
2702110,2702111,25.0,1094568,2,1,2,1,6.0,-9.0,-9.0,15.0,4.0,-9,0.0,22734.0,2115.0
2702111,2702112,18.0,1094568,3,1,2,1,6.0,-9.0,-9.0,14.0,4.0,-9,0.0,22734.0,2115.0
2702112,2702113,14.0,1094568,4,2,2,1,-9.0,-9.0,-9.0,11.0,-9.0,-9,0.0,22734.0,2115.0
2702113,2702114,12.0,1094568,5,2,3,1,-9.0,-9.0,-9.0,8.0,-9.0,-9,0.0,22734.0,2115.0
2702114,2702115,57.0,1094568,6,1,13,1,1.0,15.0,3.0,-9.0,4.0,9211MP,18.0,22734.0,2115.0
2702119,2702120,41.0,1094570,1,1,0,2,1.0,40.0,1.0,-9.0,2.0,517311,8.0,22734.0,2115.0
2702124,2702125,43.0,1094573,1,2,0,2,1.0,40.0,1.0,-9.0,4.0,5241,9.0,22734.0,2115.0
2702125,2702126,13.0,1094573,2,2,2,2,-9.0,-9.0,-9.0,10.0,-9.0,-9,0.0,22734.0,2115.0
2702131,2702132,30.0,1094575,1,1,0,2,1.0,60.0,1.0,-9.0,4.0,722Z,16.0,22734.0,2115.0
2702132,2702133,1.0,1094575,2,1,2,3,-9.0,-9.0,-9.0,-9.0,-9.0,-9,0.0,22734.0,2115.0
2702133,2702134,5.0,1094575,3,2,4,3,-9.0,-9.0,-9.0,2.0,-9.0,-9,0.0,22734.0,2115.0
2702134,2702135,3.0,1094575,4,2,4,3,-9.0,-9.0,-9.0,-9.0,-9.0,-9,0.0,22734.0,2115.0
2702135,2702136,22.0,1094575,5,2,10,3,1.0,50.0,3.0,-9.0,4.0,622M,15.0,22734.0,2115.0
2702136,2702137,34.0,1094576,1,2,0,1,1.0,40.0,1.0,-9.0,4.0,5418,10.0,22734.0,2115.0
2702137,2702138,45.0,1094576,2,1,1,3,1.0,40.0,1.0,-9.0,4.0,8139Z,17.0,22734.0,2115.0
2702138,2702139,32.0,1094577,1,1,0,1,1.0,50.0,1.0,-9.0,4.0,622M,15.0,22734.0,2115.0
2702139,2702140,30.0,1094577,2,1,5,1,1.0,50.0,1.0,-9.0,4.0,622M,15.0,22734.0,2115.0
2702144,2702145,40.0,1094580,1,1,0,1,1.0,40.0,1.0,-9.0,4.0,611M1,13.0,22734.0,2115.0
2702145,2702146,50.0,1094580,2,2,1,1,1.0,40.0,4.0,-9.0,4.0,611M1,13.0,22734.0,2115.0
2702146,2702147,40.0,1094581,1,1,0,1,1.0,40.0,1.0,-9.0,4.0,611M1,13.0,22734.0,2115.0
2702147,2702148,50.0,1094581,2,2,1,1,1.0,40.0,4.0,-9.0,4.0,611M1,13.0,22734.0,2115.0
2702150,2702151,38.0,1094583,1,2,0,1,1.0,50.0,1.0,-9.0,4.0,611M1,13.0,22734.0,2115.0
2702151,2702152,36.0,1094583,2,1,1,1,1.0,60.0,1.0,-9.0,4.0,6211,14.0,22734.0,2115.0
2702154,2702155,30.0,1094585,1,1,0,1,1.0,45.0,1.0,-9.0,4.0,336M,3.0,22734.0,2115.0
2702155,2702156,20.0,1094585,2,2,13,1,1.0,20.0,1.0,15.0,4.0,722Z,16.0,22734.0,2115.0
2702156,2702157,30.0,1094586,1,1,0,1,1.0,45.0,1.0,-9.0,4.0,336M,3.0,22734.0,2115.0
2702157,2702158,20.0,1094586,2,2,13,1,1.0,20.0,1.0,15.0,4.0,722Z,16.0,22734.0,2115.0
2702160,2702161,30.0,1094588,1,1,0,1,1.0,45.0,1.0,-9.0,4.0,336M,3.0,22734.0,2115.0
2702161,2702162,20.0,1094588,2,2,13,1,1.0,20.0,1.0,15.0,4.0,722Z,16.0,22734.0,2115.0
2702170,2702171,30.0,1094593,1,1,0,1,1.0,45.0,1.0,-9.0,4.0,336M,3.0,22734.0,2115.0
2702171,2702172,20.0,1094593,2,2,13,1,1.0,20.0,1.0,15.0,4.0,722Z,16.0,22734.0,2115.0
2702172,2702173,37.0,1094594,1,1,0,1,1.0,60.0,1.0,-9.0,4.0,5617Z,12.0,22734.0,2115.0
2702173,2702174,37.0,1094595,1,1,0,1,1.0,60.0,1.0,-9.0,4.0,5617Z,12.0,22734.0,2115.0
2702176,2702177,42.0,1094598,1,1,0,1,1.0,40.0,1.0,-9.0,4.0,5415,10.0,22734.0,2115.0
2702177,2702178,42.0,1094599,1,1,0,1,1.0,40.0,1.0,-9.0,4.0,5415,10.0,22734.0,2115.0
2702178,2702179,37.0,1094600,1,1,0,1,1.0,60.0,1.0,-9.0,4.0,5617Z,12.0,22734.0,2115.0
2702182,2702183,37.0,1094604,1,1,0,1,1.0,60.0,1.0,-9.0,4.0,5617Z,12.0,22734.0,2115.0
2702185,2702186,42.0,1094607,1,1,0,1,1.0,40.0,1.0,-9.0,4.0,5415,10.0,22734.0,2115.0
2702186,2702187,37.0,1094608,1,1,0,1,1.0,60.0,1.0,-9.0,4.0,5617Z,12.0,22734.0,2115.0
2702187,2702188,42.0,1094609,1,1,0,1,1.0,40.0,1.0,-9.0,4.0,5415,10.0,22734.0,2115.0
2702188,2702189,28.0,1094610,1,1,0,1,1.0,40.0,1.0,-9.0,4.0,3231,3.0,22734.0,2115.0
2702189,2702190,24.0,1094610,2,2,13,1,1.0,40.0,1.0,-9.0,4.0,3231,3.0,22734.0,2115.0
2702190,2702191,28.0,1094611,1,1,0,1,1.0,40.0,1.0,-9.0,4.0,3231,3.0,22734.0,2115.0
2702191,2702192,24.0,1094611,2,2,13,1,1.0,40.0,1.0,-9.0,4.0,3231,3.0,22734.0,2115.0
2702192,2702193,28.0,1094612,1,1,0,1,1.0,40.0,1.0,-9.0,4.0,3231,3.0,22734.0,2115.0
2702193,2702194,24.0,1094612,2,2,13,1,1.0,40.0,1.0,-9.0,4.0,3231,3.0,22734.0,2115.0
2702194,2702195,28.0,1094613,1,1,0,1,1.0,40.0,1.0,-9.0,4.0,3231,3.0,22734.0,2115.0
2702195,2702196,24.0,1094613,2,2,13,1,1.0,40.0,1.0,-9.0,4.0,3231,3.0,22734.0,2115.0
2702196,2702197,28.0,1094614,1,1,0,1,1.0,40.0,1.0,-9.0,4.0,3231,3.0,22734.0,2115.0
2702197,2702198,24.0,1094614,2,2,13,1,1.0,40.0,1.0,-9.0,4.0,3231,3.0,22734.0,2115.0
2702198,2702199,28.0,1094615,1,1,0,1,1.0,40.0,1.0,-9.0,4.0,3231,3.0,22734.0,2115.0
2702199,2702200,24.0,1094615,2,2,13,1,1.0,40.0,1.0,-9.0,4.0,3231,3.0,22734.0,2115.0
2702200,2702201,28.0,1094616,1,1,0,1,1.0,40.0,1.0,-9.0,4.0,3231,3.0,22734.0,2115.0
2702201,2702202,24.0,1094616,2,2,13,1,1.0,40.0,1.0,-9.0,4.0,3231,3.0,22734.0,2115.0
2702204,2702205,28.0,1094618,1,1,0,1,1.0,40.0,1.0,-9.0,4.0,3231,3.0,22734.0,2115.0
2702205,2702206,24.0,1094618,2,2,13,1,1.0,40.0,1.0,-9.0,4.0,3231,3.0,22734.0,2115.0
2702206,2702207,28.0,1094619,1,1,0,1,1.0,40.0,1.0,-9.0,4.0,3231,3.0,22734.0,2115.0
2702207,2702208,24.0,1094619,2,2,13,1,1.0,40.0,1.0,-9.0,4.0,3231,3.0,22734.0,2115.0
2702208,2702209,28.0,1094620,1,1,0,1,1.0,40.0,1.0,-9.0,4.0,3231,3.0,22734.0,2115.0
2702209,2702210,24.0,1094620,2,2,13,1,1.0,40.0,1.0,-9.0,4.0,3231,3.0,22734.0,2115.0
2702210,2702211,28.0,1094621,1,1,0,1,1.0,40.0,1.0,-9.0,4.0,3231,3.0,22734.0,2115.0
2702211,2702212,24.0,1094621,2,2,13,1,1.0,40.0,1.0,-9.0,4.0,3231,3.0,22734.0,2115.0
2702216,2702217,26.0,1094624,1,1,0,1,1.0,56.0,1.0,15.0,4.0,92MP,18.0,22734.0,2115.0
2702218,2702219,26.0,1094626,1,1,0,1,1.0,56.0,1.0,15.0,4.0,92MP,18.0,22734.0,2115.0
2702219,2702220,33.0,1094627,1,1,0,1,1.0,40.0,1.0,-9.0,4.0,5412,10.0,22734.0,2115.0
2702228,2702229,36.0,1094630,1,2,0,1,1.0,50.0,1.0,-9.0,4.0,45221,5.0,22734.0,2115.0
2702229,2702230,44.0,1094630,2,1,1,2,1.0,40.0,1.0,-9.0,4.0,45221,5.0,22734.0,2115.0
2702230,2702231,15.0,1094630,3,1,2,1,-9.0,-9.0,-9.0,12.0,-9.0,-9,0.0,22734.0,2115.0
2702231,2702232,13.0,1094630,4,1,2,1,-9.0,-9.0,-9.0,9.0,-9.0,-9,0.0,22734.0,2115.0
2702232,2702233,4.0,1094630,5,1,2,4,-9.0,-9.0,-9.0,-9.0,-9.0,-9,0.0,22734.0,2115.0
2702233,2702234,21.0,1094630,6,1,4,2,1.0,25.0,6.0,-9.0,4.0,4523,5.0,22734.0,2115.0
2702234,2702235,32.0,1094630,7,2,12,1,1.0,40.0,1.0,-9.0,4.0,4523,5.0,22734.0,2115.0
2702235,2702236,36.0,1094631,1,2,0,1,1.0,50.0,1.0,-9.0,4.0,45221,5.0,22734.0,2115.0
2702236,2702237,44.0,1094631,2,1,1,2,1.0,40.0,1.0,-9.0,4.0,45221,5.0,22734.0,2115.0
2702237,2702238,15.0,1094631,3,1,2,1,-9.0,-9.0,-9.0,12.0,-9.0,-9,0.0,22734.0,2115.0
2702238,2702239,13.0,1094631,4,1,2,1,-9.0,-9.0,-9.0,9.0,-9.0,-9,0.0,22734.0,2115.0
2702239,2702240,4.0,1094631,5,1,2,4,-9.0,-9.0,-9.0,-9.0,-9.0,-9,0.0,22734.0,2115.0
2702240,2702241,21.0,1094631,6,1,4,2,1.0,25.0,6.0,-9.0,4.0,4523,5.0,22734.0,2115.0
2702241,2702242,32.0,1094631,7,2,12,1,1.0,40.0,1.0,-9.0,4.0,4523,5.0,22734.0,2115.0
2702277,2702278,36.0,1094637,1,2,0,1,1.0,50.0,1.0,-9.0,4.0,45221,5.0,22734.0,2115.0
2702278,2702279,44.0,1094637,2,1,1,2,1.0,40.0,1.0,-9.0,4.0,45221,5.0,22734.0,2115.0
2702279,2702280,15.0,1094637,3,1,2,1,-9.0,-9.0,-9.0,12.0,-9.0,-9,0.0,22734.0,2115.0
2702280,2702281,13.0,1094637,4,1,2,1,-9.0,-9.0,-9.0,9.0,-9.0,-9,0.0,22734.0,2115.0
2702281,2702282,4.0,1094637,5,1,2,4,-9.0,-9.0,-9.0,-9.0,-9.0,-9,0.0,22734.0,2115.0
2702282,2702283,21.0,1094637,6,1,4,2,1.0,25.0,6.0,-9.0,4.0,4523,5.0,22734.0,2115.0
2702283,2702284,32.0,1094637,7,2,12,1,1.0,40.0,1.0,-9.0,4.0,4523,5.0,22734.0,2115.0
2702284,2702285,36.0,1094638,1,2,0,1,1.0,50.0,1.0,-9.0,4.0,45221,5.0,22734.0,2115.0
2702285,2702286,44.0,1094638,2,1,1,2,1.0,40.0,1.0,-9.0,4.0,45221,5.0,22734.0,2115.0
2702286,2702287,15.0,1094638,3,1,2,1,-9.0,-9.0,-9.0,12.0,-9.0,-9,0.0,22734.0,2115.0
2702287,2702288,13.0,1094638,4,1,2,1,-9.0,-9.0,-9.0,9.0,-9.0,-9,0.0,22734.0,2115.0
2702288,2702289,4.0,1094638,5,1,2,4,-9.0,-9.0,-9.0,-9.0,-9.0,-9,0.0,22734.0,2115.0
2702289,2702290,21.0,1094638,6,1,4,2,1.0,25.0,6.0,-9.0,4.0,4523,5.0,22734.0,2115.0
2702290,2702291,32.0,1094638,7,2,12,1,1.0,40.0,1.0,-9.0,4.0,4523,5.0,22734.0,2115.0
2702298,2702299,36.0,1094640,1,2,0,1,1.0,50.0,1.0,-9.0,4.0,45221,5.0,22734.0,2115.0
2702299,2702300,44.0,1094640,2,1,1,2,1.0,40.0,1.0,-9.0,4.0,45221,5.0,22734.0,2115.0
2702300,2702301,15.0,1094640,3,1,2,1,-9.0,-9.0,-9.0,12.0,-9.0,-9,0.0,22734.0,2115.0
2702301,2702302,13.0,1094640,4,1,2,1,-9.0,-9.0,-9.0,9.0,-9.0,-9,0.0,22734.0,2115.0
2702302,2702303,4.0,1094640,5,1,2,4,-9.0,-9.0,-9.0,-9.0,-9.0,-9,0.0,22734.0,2115.0
2702303,2702304,21.0,1094640,6,1,4,2,1.0,25.0,6.0,-9.0,4.0,4523,5.0,22734.0,2115.0
2702304,2702305,32.0,1094640,7,2,12,1,1.0,40.0,1.0,-9.0,4.0,4523,5.0,22734.0,2115.0
2702319,2702320,36.0,1094643,1,2,0,1,1.0,50.0,1.0,-9.0,4.0,45221,5.0,22734.0,2115.0
2702320,2702321,44.0,1094643,2,1,1,2,1.0,40.0,1.0,-9.0,4.0,45221,5.0,22734.0,2115.0
2702321,2702322,15.0,1094643,3,1,2,1,-9.0,-9.0,-9.0,12.0,-9.0,-9,0.0,22734.0,2115.0
2702322,2702323,13.0,1094643,4,1,2,1,-9.0,-9.0,-9.0,9.0,-9.0,-9,0.0,22734.0,2115.0
2702323,2702324,4.0,1094643,5,1,2,4,-9.0,-9.0,-9.0,-9.0,-9.0,-9,0.0,22734.0,2115.0
2702324,2702325,21.0,1094643,6,1,4,2,1.0,25.0,6.0,-9.0,4.0,4523,5.0,22734.0,2115.0
2702325,2702326,32.0,1094643,7,2,12,1,1.0,40.0,1.0,-9.0,4.0,4523,5.0,22734.0,2115.0
2702339,2702340,42.0,1094646,1,2,0,1,1.0,40.0,1.0,-9.0,4.0,622M,15.0,22734.0,2115.0
2702340,2702341,44.0,1094646,2,1,1,1,1.0,40.0,1.0,-9.0,4.0,611M1,13.0,22734.0,2115.0
2702341,2702342,9.0,1094646,3,2,2,1,-9.0,-9.0,-9.0,5.0,-9.0,-9,0.0,22734.0,2115.0
2702342,2702343,6.0,1094646,4,2,2,1,-9.0,-9.0,-9.0,3.0,-9.0,-9,0.0,22734.0,2115.0
2702343,2702344,37.0,1094647,1,2,0,1,1.0,24.0,1.0,-9.0,4.0,5415,10.0,22734.0,2115.0
2702344,2702345,42.0,1094647,2,1,1,1,1.0,40.0,1.0,-9.0,4.0,5413,10.0,22734.0,2115.0
2702345,2702346,4.0,1094647,3,2,2,1,-9.0,-9.0,-9.0,1.0,-9.0,-9,0.0,22734.0,2115.0
2702346,2702347,2.0,1094647,4,2,2,1,-9.0,-9.0,-9.0,-9.0,-9.0,-9,0.0,22734.0,2115.0
2702351,2702352,43.0,1094649,1,1,0,1,1.0,52.0,2.0,-9.0,4.0,52M2,9.0,22734.0,2115.0
2702352,2702353,43.0,1094649,2,2,1,1,6.0,-9.0,-9.0,-9.0,4.0,-9,0.0,22734.0,2115.0
2702353,2702354,16.0,1094649,3,1,2,1,1.0,5.0,6.0,13.0,-9.0,52M2,9.0,22734.0,2115.0
2702354,2702355,14.0,1094649,4,1,2,1,-9.0,-9.0,-9.0,11.0,-9.0,-9,0.0,22734.0,2115.0
2702364,2702365,44.0,1094653,1,1,0,1,1.0,40.0,1.0,-9.0,4.0,611M1,13.0,22734.0,2115.0
2702365,2702366,42.0,1094653,2,2,1,1,1.0,40.0,1.0,-9.0,4.0,6111,13.0,22734.0,2115.0
2702366,2702367,7.0,1094653,3,1,2,1,-9.0,-9.0,-9.0,-9.0,-9.0,-9,0.0,22734.0,2115.0
2702367,2702368,33.0,1094654,1,2,0,1,1.0,50.0,1.0,-9.0,4.0,6111,13.0,22734.0,2115.0
2702368,2702369,36.0,1094654,2,1,1,1,1.0,40.0,1.0,-9.0,4.0,6111,13.0,22734.0,2115.0
2702369,2702370,0.0,1094654,3,1,2,1,-9.0,-9.0,-9.0,-9.0,-9.0,-9,0.0,22734.0,2115.0
2702374,2702375,40.0,1094656,1,2,0,1,1.0,45.0,1.0,-9.0,4.0,531M,9.0,22734.0,2115.0
2702375,2702376,7.0,1094656,2,1,2,1,-9.0,-9.0,-9.0,3.0,-9.0,-9,0.0,22734.0,2115.0
2702376,2702377,5.0,1094656,3,2,2,1,-9.0,-9.0,-9.0,1.0,-9.0,-9,0.0,22734.0,2115.0
2702383,2702384,33.0,1094658,1,1,0,1,1.0,40.0,1.0,-9.0,4.0,611M1,13.0,22734.0,2115.0
2702384,2702385,33.0,1094658,2,2,1,1,1.0,40.0,1.0,-9.0,4.0,611M1,13.0,22734.0,2115.0
2702385,2702386,2.0,1094658,3,2,2,1,-9.0,-9.0,-9.0,-9.0,-9.0,-9,0.0,22734.0,2115.0
2702386,2702387,33.0,1094659,1,1,0,1,1.0,40.0,1.0,-9.0,4.0,611M1,13.0,22734.0,2115.0
2702387,2702388,33.0,1094659,2,2,1,1,1.0,40.0,1.0,-9.0,4.0,611M1,13.0,22734.0,2115.0
2702388,2702389,2.0,1094659,3,2,2,1,-9.0,-9.0,-9.0,-9.0,-9.0,-9,0.0,22734.0,2115.0
2851253,2851254,89.0,1151642,1,2,0,4,6.0,-9.0,-9.0,-9.0,4.0,-9,0.0,22747.0,2123.0
2851254,2851255,81.0,1151643,1,2,0,1,6.0,-9.0,-9.0,-9.0,4.0,-9,0.0,22767.0,2132.0
2851255,2851256,81.0,1151644,1,2,0,1,6.0,-9.0,-9.0,-9.0,4.0,-9,0.0,22747.0,2123.0
2851256,2851257,81.0,1151645,1,2,0,1,6.0,-9.0,-9.0,-9.0,4.0,-9,0.0,22768.0,2132.0
2851257,2851258,81.0,1151646,1,2,0,1,6.0,-9.0,-9.0,-9.0,4.0,-9,0.0,22768.0,2132.0
2851258,2851259,81.0,1151647,1,2,0,1,6.0,-9.0,-9.0,-9.0,4.0,-9,0.0,22768.0,2132.0
2851259,2851260,81.0,1151648,1,2,0,1,6.0,-9.0,-9.0,-9.0,4.0,-9,0.0,22767.0,2132.0
2851260,2851261,81.0,1151649,1,2,0,1,6.0,-9.0,-9.0,-9.0,4.0,-9,0.0,22767.0,2132.0
2851261,2851262,81.0,1151650,1,2,0,1,6.0,-9.0,-9.0,-9.0,4.0,-9,0.0,22770.0,2134.0
2851262,2851263,81.0,1151651,1,2,0,1,6.0,-9.0,-9.0,-9.0,4.0,-9,0.0,22767.0,2132.0
2851263,2851264,81.0,1151652,1,2,0,1,6.0,-9.0,-9.0,-9.0,4.0,-9,0.0,22771.0,2135.0
2851264,2851265,81.0,1151653,1,2,0,1,6.0,-9.0,-9.0,-9.0,4.0,-9,0.0,22767.0,2132.0
2851265,2851266,81.0,1151654,1,2,0,1,6.0,-9.0,-9.0,-9.0,4.0,-9,0.0,22770.0,2134.0
2851266,2851267,81.0,1151655,1,2,0,1,6.0,-9.0,-9.0,-9.0,4.0,-9,0.0,22767.0,2132.0
2851267,2851268,81.0,1151656,1,2,0,1,6.0,-9.0,-9.0,-9.0,4.0,-9,0.0,22767.0,2132.0
2851268,2851269,67.0,1151657,1,2,0,1,6.0,-9.0,-9.0,-9.0,4.0,-9,0.0,22770.0,2134.0
2851269,2851270,86.0,1151658,1,2,0,1,6.0,-9.0,-9.0,-9.0,4.0,-9,0.0,22767.0,2132.0
2851270,2851271,87.0,1151659,1,2,0,1,6.0,-9.0,-9.0,-9.0,4.0,-9,0.0,22771.0,2135.0
2851271,2851272,86.0,1151660,1,2,0,1,6.0,-9.0,-9.0,-9.0,4.0,-9,0.0,22768.0,2132.0
2851272,2851273,86.0,1151661,1,2,0,1,6.0,-9.0,-9.0,-9.0,4.0,-9,0.0,22747.0,2123.0
2851273,2851274,86.0,1151662,1,2,0,1,6.0,-9.0,-9.0,-9.0,4.0,-9,0.0,22767.0,2132.0
2851274,2851275,87.0,1151663,1,2,0,1,6.0,-9.0,-9.0,-9.0,4.0,-9,0.0,22770.0,2134.0
2851275,2851276,86.0,1151664,1,2,0,1,6.0,-9.0,-9.0,-9.0,4.0,-9,0.0,22747.0,2123.0
2851276,2851277,86.0,1151665,1,2,0,1,6.0,-9.0,-9.0,-9.0,4.0,-9,0.0,22768.0,2132.0
2851277,2851278,86.0,1151666,1,2,0,1,6.0,-9.0,-9.0,-9.0,4.0,-9,0.0,22770.0,2134.0
2851278,2851279,86.0,1151667,1,2,0,1,6.0,-9.0,-9.0,-9.0,4.0,-9,0.0,22770.0,2134.0
2851279,2851280,86.0,1151668,1,2,0,1,6.0,-9.0,-9.0,-9.0,4.0,-9,0.0,22767.0,2132.0
2851280,2851281,86.0,1151669,1,2,0,1,6.0,-9.0,-9.0,-9.0,4.0,-9,0.0,22773.0,2136.0
2851281,2851282,86.0,1151670,1,2,0,1,6.0,-9.0,-9.0,-9.0,4.0,-9,0.0,22748.0,2124.0
2851282,2851283,86.0,1151671,1,2,0,1,6.0,-9.0,-9.0,-9.0,4.0,-9,0.0,22771.0,2135.0
2851283,2851284,86.0,1151672,1,2,0,1,6.0,-9.0,-9.0,-9.0,4.0,-9,0.0,22770.0,2134.0
2851284,2851285,86.0,1151673,1,2,0,1,6.0,-9.0,-9.0,-9.0,4.0,-9,0.0,22768.0,2132.0
2851285,2851286,86.0,1151674,1,2,0,1,6.0,-9.0,-9.0,-9.0,4.0,-9,0.0,22747.0,2123.0
2851286,2851287,86.0,1151675,1,2,0,1,6.0,-9.0,-9.0,-9.0,4.0,-9,0.0,22767.0,2132.0
2851287,2851288,86.0,1151676,1,2,0,1,6.0,-9.0,-9.0,-9.0,4.0,-9,0.0,22771.0,2135.0
2851288,2851289,86.0,1151677,1,2,0,1,6.0,-9.0,-9.0,-9.0,4.0,-9,0.0,22771.0,2135.0
2851289,2851290,86.0,1151678,1,2,0,1,6.0,-9.0,-9.0,-9.0,4.0,-9,0.0,22767.0,2132.0
2851290,2851291,87.0,1151679,1,2,0,1,6.0,-9.0,-9.0,-9.0,4.0,-9,0.0,22767.0,2132.0
2851291,2851292,86.0,1151680,1,2,0,1,6.0,-9.0,-9.0,-9.0,4.0,-9,0.0,22768.0,2132.0
2851292,2851293,86.0,1151681,1,2,0,1,6.0,-9.0,-9.0,-9.0,4.0,-9,0.0,22773.0,2136.0
2851293,2851294,86.0,1151682,1,2,0,1,6.0,-9.0,-9.0,-9.0,4.0,-9,0.0,22767.0,2132.0
2851294,2851295,86.0,1151683,1,2,0,1,6.0,-9.0,-9.0,-9.0,4.0,-9,0.0,22768.0,2132.0
2851295,2851296,86.0,1151684,1,2,0,1,6.0,-9.0,-9.0,-9.0,4.0,-9,0.0,22767.0,2132.0
2851296,2851297,86.0,1151685,1,2,0,1,6.0,-9.0,-9.0,-9.0,4.0,-9,0.0,22767.0,2132.0
2851297,2851298,86.0,1151686,1,2,0,1,6.0,-9.0,-9.0,-9.0,4.0,-9,0.0,22768.0,2132.0
2851298,2851299,86.0,1151687,1,2,0,1,6.0,-9.0,-9.0,-9.0,4.0,-9,0.0,22768.0,2132.0
2851299,2851300,86.0,1151688,1,2,0,1,6.0,-9.0,-9.0,-9.0,4.0,-9,0.0,22768.0,2132.0
2851300,2851301,86.0,1151689,1,2,0,1,6.0,-9.0,-9.0,-9.0,4.0,-9,0.0,22770.0,2134.0
2851301,2851302,86.0,1151690,1,2,0,1,6.0,-9.0,-9.0,-9.0,4.0,-9,0.0,22771.0,2135.0
2851302,2851303,87.0,1151691,1,2,0,1,6.0,-9.0,-9.0,-9.0,4.0,-9,0.0,22768.0,2132.0
2851303,2851304,86.0,1151692,1,2,0,1,6.0,-9.0,-9.0,-9.0,4.0,-9,0.0,22769.0,2133.0
2851304,2851305,86.0,1151693,1,2,0,1,6.0,-9.0,-9.0,-9.0,4.0,-9,0.0,22768.0,2132.0
2851305,2851306,86.0,1151694,1,2,0,1,6.0,-9.0,-9.0,-9.0,4.0,-9,0.0,22767.0,2132.0
2851306,2851307,86.0,1151695,1,2,0,1,6.0,-9.0,-9.0,-9.0,4.0,-9,0.0,22770.0,2134.0
2851307,2851308,86.0,1151696,1,2,0,1,6.0,-9.0,-9.0,-9.0,4.0,-9,0.0,22770.0,2134.0
2851308,2851309,86.0,1151697,1,2,0,1,6.0,-9.0,-9.0,-9.0,4.0,-9,0.0,22770.0,2134.0
2851309,2851310,86.0,1151698,1,2,0,1,6.0,-9.0,-9.0,-9.0,4.0,-9,0.0,22767.0,2132.0
2851310,2851311,86.0,1151699,1,2,0,1,6.0,-9.0,-9.0,-9.0,4.0,-9,0.0,22767.0,2132.0
2851311,2851312,86.0,1151700,1,2,0,1,6.0,-9.0,-9.0,-9.0,4.0,-9,0.0,22771.0,2135.0
2851312,2851313,86.0,1151701,1,2,0,1,6.0,-9.0,-9.0,-9.0,4.0,-9,0.0,22767.0,2132.0
2851313,2851314,86.0,1151702,1,2,0,1,6.0,-9.0,-9.0,-9.0,4.0,-9,0.0,22771.0,2135.0
2851314,2851315,86.0,1151703,1,2,0,1,6.0,-9.0,-9.0,-9.0,4.0,-9,0.0,22747.0,2123.0
2851315,2851316,86.0,1151704,1,2,0,1,6.0,-9.0,-9.0,-9.0,4.0,-9,0.0,22767.0,2132.0
2851316,2851317,86.0,1151705,1,2,0,1,6.0,-9.0,-9.0,-9.0,4.0,-9,0.0,22770.0,2134.0
2851317,2851318,86.0,1151706,1,2,0,1,6.0,-9.0,-9.0,-9.0,4.0,-9,0.0,22769.0,2133.0
2851318,2851319,86.0,1151707,1,2,0,1,6.0,-9.0,-9.0,-9.0,4.0,-9,0.0,22767.0,2132.0
2851319,2851320,86.0,1151708,1,2,0,1,6.0,-9.0,-9.0,-9.0,4.0,-9,0.0,22767.0,2132.0
2851320,2851321,86.0,1151709,1,2,0,1,6.0,-9.0,-9.0,-9.0,4.0,-9,0.0,22767.0,2132.0
2851321,2851322,86.0,1151710,1,2,0,1,6.0,-9.0,-9.0,-9.0,4.0,-9,0.0,22745.0,2121.0
2851322,2851323,86.0,1151711,1,2,0,1,6.0,-9.0,-9.0,-9.0,4.0,-9,0.0,22770.0,2134.0
2851323,2851324,86.0,1151712,1,2,0,1,6.0,-9.0,-9.0,-9.0,4.0,-9,0.0,22769.0,2133.0
2851324,2851325,86.0,1151713,1,2,0,1,6.0,-9.0,-9.0,-9.0,4.0,-9,0.0,22767.0,2132.0
2851325,2851326,81.0,1151714,1,1,0,1,6.0,-9.0,-9.0,-9.0,2.0,-9,0.0,22767.0,2132.0
2851326,2851327,82.0,1151714,2,2,1,1,6.0,-9.0,-9.0,-9.0,4.0,-9,0.0,22767.0,2132.0
2851327,2851328,55.0,1151714,3,1,2,1,6.0,20.0,4.0,-9.0,4.0,484,6.0,22767.0,2132.0
2851328,2851329,42.0,1151714,4,1,2,1,1.0,40.0,1.0,-9.0,4.0,44511,5.0,22767.0,2132.0
2851329,2851330,66.0,1151715,1,2,0,1,1.0,25.0,3.0,-9.0,4.0,485M,6.0,22767.0,2132.0
2851330,2851331,66.0,1151716,1,2,0,1,1.0,25.0,3.0,-9.0,4.0,485M,6.0,22767.0,2132.0
2851331,2851332,82.0,1151717,1,2,0,1,6.0,-9.0,-9.0,-9.0,4.0,-9,0.0,22768.0,2132.0
2851332,2851333,82.0,1151718,1,2,0,1,6.0,-9.0,-9.0,-9.0,4.0,-9,0.0,22767.0,2132.0
2851333,2851334,82.0,1151719,1,2,0,1,6.0,-9.0,-9.0,-9.0,4.0,-9,0.0,22767.0,2132.0
2851334,2851335,88.0,1151720,1,2,0,1,6.0,-9.0,-9.0,-9.0,4.0,-9,0.0,22767.0,2132.0
2851335,2851336,79.0,1151721,1,2,0,1,6.0,-9.0,-9.0,-9.0,4.0,-9,0.0,22767.0,2132.0
2851336,2851337,48.0,1151722,1,2,0,4,1.0,3.0,6.0,-9.0,4.0,6111,13.0,22770.0,2134.0
2851337,2851338,20.0,1151722,2,2,2,4,1.0,15.0,3.0,15.0,4.0,311811,3.0,22770.0,2134.0
2851338,2851339,17.0,1151722,3,2,2,4,6.0,-9.0,-9.0,12.0,4.0,-9,0.0,22770.0,2134.0
2851339,2851340,14.0,1151722,4,2,2,4,-9.0,-9.0,-9.0,9.0,-9.0,-9,0.0,22770.0,2134.0
2851340,2851341,48.0,1151723,1,2,0,4,1.0,3.0,6.0,-9.0,4.0,6111,13.0,22767.0,2132.0
2851341,2851342,20.0,1151723,2,2,2,4,1.0,15.0,3.0,15.0,4.0,311811,3.0,22767.0,2132.0
2851342,2851343,17.0,1151723,3,2,2,4,6.0,-9.0,-9.0,12.0,4.0,-9,0.0,22767.0,2132.0
2851343,2851344,14.0,1151723,4,2,2,4,-9.0,-9.0,-9.0,9.0,-9.0,-9,0.0,22767.0,2132.0
2851344,2851345,48.0,1151724,1,2,0,4,1.0,3.0,6.0,-9.0,4.0,6111,13.0,22767.0,2132.0
2851345,2851346,20.0,1151724,2,2,2,4,1.0,15.0,3.0,15.0,4.0,311811,3.0,22767.0,2132.0
2851346,2851347,17.0,1151724,3,2,2,4,6.0,-9.0,-9.0,12.0,4.0,-9,0.0,22767.0,2132.0
2851347,2851348,14.0,1151724,4,2,2,4,-9.0,-9.0,-9.0,9.0,-9.0,-9,0.0,22767.0,2132.0
2851348,2851349,48.0,1151725,1,2,0,4,1.0,3.0,6.0,-9.0,4.0,6111,13.0,22767.0,2132.0
2851349,2851350,20.0,1151725,2,2,2,4,1.0,15.0,3.0,15.0,4.0,311811,3.0,22767.0,2132.0
2851350,2851351,17.0,1151725,3,2,2,4,6.0,-9.0,-9.0,12.0,4.0,-9,0.0,22767.0,2132.0
2851351,2851352,14.0,1151725,4,2,2,4,-9.0,-9.0,-9.0,9.0,-9.0,-9,0.0,22767.0,2132.0
2851352,2851353,48.0,1151726,1,2,0,4,1.0,3.0,6.0,-9.0,4.0,6111,13.0,22767.0,2132.0
2851353,2851354,20.0,1151726,2,2,2,4,1.0,15.0,3.0,15.0,4.0,311811,3.0,22767.0,2132.0
2851354,2851355,17.0,1151726,3,2,2,4,6.0,-9.0,-9.0,12.0,4.0,-9,0.0,22767.0,2132.0
2851355,2851356,14.0,1151726,4,2,2,4,-9.0,-9.0,-9.0,9.0,-9.0,-9,0.0,22767.0,2132.0
2851356,2851357,49.0,1151727,1,1,0,2,1.0,40.0,1.0,-9.0,4.0,484,6.0,22768.0,2132.0
2851357,2851358,34.0,1151727,2,2,10,2,1.0,32.0,3.0,-9.0,4.0,44611,5.0,22768.0,2132.0
2851358,2851359,18.0,1151727,3,2,10,2,3.0,-9.0,-9.0,-9.0,4.0,999920,0.0,22768.0,2132.0
2851359,2851360,50.0,1151727,4,2,13,2,1.0,32.0,1.0,-9.0,4.0,5617Z,12.0,22768.0,2132.0
2851360,2851361,53.0,1151728,1,2,0,3,1.0,40.0,1.0,-9.0,4.0,611M1,13.0,22767.0,2132.0
2851361,2851362,18.0,1151728,2,2,2,3,6.0,25.0,4.0,-9.0,4.0,722Z,16.0,22767.0,2132.0
2851362,2851363,53.0,1151729,1,2,0,3,1.0,40.0,1.0,-9.0,4.0,611M1,13.0,22767.0,2132.0
2851363,2851364,18.0,1151729,2,2,2,3,6.0,25.0,4.0,-9.0,4.0,722Z,16.0,22767.0,2132.0
2851364,2851365,53.0,1151730,1,2,0,3,1.0,40.0,1.0,-9.0,4.0,611M1,13.0,22767.0,2132.0
2851365,2851366,18.0,1151730,2,2,2,3,6.0,25.0,4.0,-9.0,4.0,722Z,16.0,22767.0,2132.0
2851366,2851367,53.0,1151731,1,2,0,3,1.0,40.0,1.0,-9.0,4.0,611M1,13.0,22767.0,2132.0
2851367,2851368,18.0,1151731,2,2,2,3,6.0,25.0,4.0,-9.0,4.0,722Z,16.0,22767.0,2132.0
2851368,2851369,53.0,1151732,1,2,0,3,1.0,40.0,1.0,-9.0,4.0,611M1,13.0,22771.0,2135.0
2851369,2851370,18.0,1151732,2,2,2,3,6.0,25.0,4.0,-9.0,4.0,722Z,16.0,22771.0,2135.0
2851370,2851371,53.0,1151733,1,2,0,3,1.0,40.0,1.0,-9.0,4.0,611M1,13.0,22768.0,2132.0
2851371,2851372,18.0,1151733,2,2,2,3,6.0,25.0,4.0,-9.0,4.0,722Z,16.0,22768.0,2132.0
2851372,2851373,53.0,1151734,1,2,0,3,1.0,40.0,1.0,-9.0,4.0,611M1,13.0,22767.0,2132.0
2851373,2851374,18.0,1151734,2,2,2,3,6.0,25.0,4.0,-9.0,4.0,722Z,16.0,22767.0,2132.0
2851374,2851375,62.0,1151735,1,1,0,1,1.0,60.0,1.0,-9.0,4.0,611M1,13.0,22767.0,2132.0
2851375,2851376,62.0,1151735,2,2,1,1,6.0,-9.0,-9.0,-9.0,4.0,-9,0.0,22767.0,2132.0
2851376,2851377,26.0,1151735,3,1,2,1,1.0,40.0,1.0,-9.0,4.0,5415,10.0,22767.0,2132.0
2851377,2851378,20.0,1151735,4,2,2,1,1.0,16.0,1.0,15.0,4.0,722Z,16.0,22767.0,2132.0
2851378,2851379,63.0,1151736,1,1,0,1,1.0,50.0,1.0,-9.0,4.0,6211,14.0,22767.0,2132.0
2851379,2851380,60.0,1151736,2,2,1,1,6.0,-9.0,-9.0,-9.0,4.0,-9,0.0,22767.0,2132.0
2851380,2851381,23.0,1151736,3,2,2,1,1.0,6.0,3.0,16.0,4.0,7111,16.0,22767.0,2132.0
2851381,2851382,21.0,1151736,4,2,2,1,1.0,16.0,5.0,-9.0,4.0,6244,14.0,22767.0,2132.0
2851382,2851383,63.0,1151737,1,1,0,1,1.0,50.0,1.0,-9.0,4.0,6211,14.0,22768.0,2132.0
2851383,2851384,60.0,1151737,2,2,1,1,6.0,-9.0,-9.0,-9.0,4.0,-9,0.0,22768.0,2132.0
2851384,2851385,23.0,1151737,3,2,2,1,1.0,6.0,3.0,16.0,4.0,7111,16.0,22768.0,2132.0
2851385,2851386,21.0,1151737,4,2,2,1,1.0,16.0,5.0,-9.0,4.0,6244,14.0,22768.0,2132.0
2851386,2851387,63.0,1151738,1,1,0,1,1.0,50.0,1.0,-9.0,4.0,6211,14.0,22771.0,2135.0
2851387,2851388,60.0,1151738,2,2,1,1,6.0,-9.0,-9.0,-9.0,4.0,-9,0.0,22771.0,2135.0
2851388,2851389,23.0,1151738,3,2,2,1,1.0,6.0,3.0,16.0,4.0,7111,16.0,22771.0,2135.0
2851389,2851390,21.0,1151738,4,2,2,1,1.0,16.0,5.0,-9.0,4.0,6244,14.0,22771.0,2135.0
2851390,2851391,63.0,1151739,1,1,0,1,1.0,50.0,1.0,-9.0,4.0,6211,14.0,22770.0,2134.0
2851391,2851392,60.0,1151739,2,2,1,1,6.0,-9.0,-9.0,-9.0,4.0,-9,0.0,22770.0,2134.0
2851392,2851393,23.0,1151739,3,2,2,1,1.0,6.0,3.0,16.0,4.0,7111,16.0,22770.0,2134.0
2851393,2851394,21.0,1151739,4,2,2,1,1.0,16.0,5.0,-9.0,4.0,6244,14.0,22770.0,2134.0
2851394,2851395,63.0,1151740,1,1,0,1,1.0,50.0,1.0,-9.0,4.0,6211,14.0,22768.0,2132.0
2851395,2851396,60.0,1151740,2,2,1,1,6.0,-9.0,-9.0,-9.0,4.0,-9,0.0,22768.0,2132.0
2851396,2851397,23.0,1151740,3,2,2,1,1.0,6.0,3.0,16.0,4.0,7111,16.0,22768.0,2132.0
2851397,2851398,21.0,1151740,4,2,2,1,1.0,16.0,5.0,-9.0,4.0,6244,14.0,22768.0,2132.0
2851398,2851399,63.0,1151741,1,1,0,1,1.0,50.0,1.0,-9.0,4.0,6211,14.0,22767.0,2132.0
2851399,2851400,60.0,1151741,2,2,1,1,6.0,-9.0,-9.0,-9.0,4.0,-9,0.0,22767.0,2132.0
2851400,2851401,23.0,1151741,3,2,2,1,1.0,6.0,3.0,16.0,4.0,7111,16.0,22767.0,2132.0
2851401,2851402,21.0,1151741,4,2,2,1,1.0,16.0,5.0,-9.0,4.0,6244,14.0,22767.0,2132.0
2851402,2851403,63.0,1151742,1,1,0,1,1.0,50.0,1.0,-9.0,4.0,6211,14.0,22768.0,2132.0
2851403,2851404,60.0,1151742,2,2,1,1,6.0,-9.0,-9.0,-9.0,4.0,-9,0.0,22768.0,2132.0
2851404,2851405,23.0,1151742,3,2,2,1,1.0,6.0,3.0,16.0,4.0,7111,16.0,22768.0,2132.0
2851405,2851406,21.0,1151742,4,2,2,1,1.0,16.0,5.0,-9.0,4.0,6244,14.0,22768.0,2132.0
2851406,2851407,63.0,1151743,1,1,0,1,1.0,50.0,1.0,-9.0,4.0,6211,14.0,22767.0,2132.0
2851407,2851408,60.0,1151743,2,2,1,1,6.0,-9.0,-9.0,-9.0,4.0,-9,0.0,22767.0,2132.0
2851408,2851409,23.0,1151743,3,2,2,1,1.0,6.0,3.0,16.0,4.0,7111,16.0,22767.0,2132.0
2851409,2851410,21.0,1151743,4,2,2,1,1.0,16.0,5.0,-9.0,4.0,6244,14.0,22767.0,2132.0
2851410,2851411,63.0,1151744,1,1,0,1,1.0,50.0,1.0,-9.0,4.0,6211,14.0,22767.0,2132.0
2851411,2851412,60.0,1151744,2,2,1,1,6.0,-9.0,-9.0,-9.0,4.0,-9,0.0,22767.0,2132.0
2851412,2851413,23.0,1151744,3,2,2,1,1.0,6.0,3.0,16.0,4.0,7111,16.0,22767.0,2132.0
2851413,2851414,21.0,1151744,4,2,2,1,1.0,16.0,5.0,-9.0,4.0,6244,14.0,22767.0,2132.0
2851414,2851415,63.0,1151745,1,1,0,1,1.0,50.0,1.0,-9.0,4.0,6211,14.0,22770.0,2134.0
2851415,2851416,60.0,1151745,2,2,1,1,6.0,-9.0,-9.0,-9.0,4.0,-9,0.0,22770.0,2134.0
2851416,2851417,23.0,1151745,3,2,2,1,1.0,6.0,3.0,16.0,4.0,7111,16.0,22770.0,2134.0
2851417,2851418,21.0,1151745,4,2,2,1,1.0,16.0,5.0,-9.0,4.0,6244,14.0,22770.0,2134.0
2851418,2851419,49.0,1151746,1,1,0,1,1.0,40.0,1.0,-9.0,4.0,5417,10.0,22767.0,2132.0
2851419,2851420,52.0,1151746,2,2,1,1,1.0,30.0,1.0,-9.0,4.0,6111,13.0,22767.0,2132.0
2851420,2851421,18.0,1151746,3,2,2,1,6.0,-9.0,-9.0,14.0,4.0,-9,0.0,22767.0,2132.0
2851421,2851422,18.0,1151746,4,2,2,1,6.0,-9.0,-9.0,14.0,4.0,-9,0.0,22767.0,2132.0
2851422,2851423,49.0,1151747,1,1,0,1,1.0,40.0,1.0,-9.0,4.0,5417,10.0,22767.0,2132.0
2851423,2851424,52.0,1151747,2,2,1,1,1.0,30.0,1.0,-9.0,4.0,6111,13.0,22767.0,2132.0
2851424,2851425,18.0,1151747,3,2,2,1,6.0,-9.0,-9.0,14.0,4.0,-9,0.0,22767.0,2132.0
2851425,2851426,18.0,1151747,4,2,2,1,6.0,-9.0,-9.0,14.0,4.0,-9,0.0,22767.0,2132.0
2851426,2851427,49.0,1151748,1,1,0,1,1.0,40.0,1.0,-9.0,4.0,5417,10.0,22770.0,2134.0
2851427,2851428,52.0,1151748,2,2,1,1,1.0,30.0,1.0,-9.0,4.0,6111,13.0,22770.0,2134.0
2851428,2851429,18.0,1151748,3,2,2,1,6.0,-9.0,-9.0,14.0,4.0,-9,0.0,22770.0,2134.0
2851429,2851430,18.0,1151748,4,2,2,1,6.0,-9.0,-9.0,14.0,4.0,-9,0.0,22770.0,2134.0
2851430,2851431,49.0,1151749,1,1,0,1,1.0,40.0,1.0,-9.0,4.0,5417,10.0,22768.0,2132.0
2851431,2851432,52.0,1151749,2,2,1,1,1.0,30.0,1.0,-9.0,4.0,6111,13.0,22768.0,2132.0
2851432,2851433,18.0,1151749,3,2,2,1,6.0,-9.0,-9.0,14.0,4.0,-9,0.0,22768.0,2132.0
2851433,2851434,18.0,1151749,4,2,2,1,6.0,-9.0,-9.0,14.0,4.0,-9,0.0,22768.0,2132.0
2851434,2851435,49.0,1151750,1,1,0,1,1.0,40.0,1.0,-9.0,4.0,5417,10.0,22767.0,2132.0
2851435,2851436,52.0,1151750,2,2,1,1,1.0,30.0,1.0,-9.0,4.0,6111,13.0,22767.0,2132.0
2851436,2851437,18.0,1151750,3,2,2,1,6.0,-9.0,-9.0,14.0,4.0,-9,0.0,22767.0,2132.0
2851437,2851438,18.0,1151750,4,2,2,1,6.0,-9.0,-9.0,14.0,4.0,-9,0.0,22767.0,2132.0
2851438,2851439,49.0,1151751,1,1,0,1,1.0,40.0,1.0,-9.0,4.0,5417,10.0,22768.0,2132.0
2851439,2851440,52.0,1151751,2,2,1,1,1.0,30.0,1.0,-9.0,4.0,6111,13.0,22768.0,2132.0
2851440,2851441,18.0,1151751,3,2,2,1,6.0,-9.0,-9.0,14.0,4.0,-9,0.0,22768.0,2132.0
2851441,2851442,18.0,1151751,4,2,2,1,6.0,-9.0,-9.0,14.0,4.0,-9,0.0,22768.0,2132.0
2851442,2851443,49.0,1151752,1,1,0,1,1.0,40.0,1.0,-9.0,4.0,5417,10.0,22767.0,2132.0
2851443,2851444,52.0,1151752,2,2,1,1,1.0,30.0,1.0,-9.0,4.0,6111,13.0,22767.0,2132.0
2851444,2851445,18.0,1151752,3,2,2,1,6.0,-9.0,-9.0,14.0,4.0,-9,0.0,22767.0,2132.0
2851445,2851446,18.0,1151752,4,2,2,1,6.0,-9.0,-9.0,14.0,4.0,-9,0.0,22767.0,2132.0
2851446,2851447,49.0,1151753,1,1,0,1,1.0,40.0,1.0,-9.0,4.0,5417,10.0,22767.0,2132.0
2851447,2851448,52.0,1151753,2,2,1,1,1.0,30.0,1.0,-9.0,4.0,6111,13.0,22767.0,2132.0
2851448,2851449,18.0,1151753,3,2,2,1,6.0,-9.0,-9.0,14.0,4.0,-9,0.0,22767.0,2132.0
2851449,2851450,18.0,1151753,4,2,2,1,6.0,-9.0,-9.0,14.0,4.0,-9,0.0,22767.0,2132.0
2851450,2851451,49.0,1151754,1,1,0,1,1.0,40.0,1.0,-9.0,4.0,5417,10.0,22767.0,2132.0
2851451,2851452,52.0,1151754,2,2,1,1,1.0,30.0,1.0,-9.0,4.0,6111,13.0,22767.0,2132.0
2851452,2851453,18.0,1151754,3,2,2,1,6.0,-9.0,-9.0,14.0,4.0,-9,0.0,22767.0,2132.0
2851453,2851454,18.0,1151754,4,2,2,1,6.0,-9.0,-9.0,14.0,4.0,-9,0.0,22767.0,2132.0
2851454,2851455,49.0,1151755,1,1,0,1,1.0,40.0,1.0,-9.0,4.0,5417,10.0,22767.0,2132.0
2851455,2851456,52.0,1151755,2,2,1,1,1.0,30.0,1.0,-9.0,4.0,6111,13.0,22767.0,2132.0
2851456,2851457,18.0,1151755,3,2,2,1,6.0,-9.0,-9.0,14.0,4.0,-9,0.0,22767.0,2132.0
2851457,2851458,18.0,1151755,4,2,2,1,6.0,-9.0,-9.0,14.0,4.0,-9,0.0,22767.0,2132.0
2851458,2851459,49.0,1151756,1,1,0,1,1.0,40.0,1.0,-9.0,4.0,5417,10.0,22767.0,2132.0
2851459,2851460,52.0,1151756,2,2,1,1,1.0,30.0,1.0,-9.0,4.0,6111,13.0,22767.0,2132.0
2851460,2851461,18.0,1151756,3,2,2,1,6.0,-9.0,-9.0,14.0,4.0,-9,0.0,22767.0,2132.0
2851461,2851462,18.0,1151756,4,2,2,1,6.0,-9.0,-9.0,14.0,4.0,-9,0.0,22767.0,2132.0
2851462,2851463,49.0,1151757,1,1,0,1,1.0,40.0,1.0,-9.0,4.0,5417,10.0,22767.0,2132.0
2851463,2851464,52.0,1151757,2,2,1,1,1.0,30.0,1.0,-9.0,4.0,6111,13.0,22767.0,2132.0
2851464,2851465,18.0,1151757,3,2,2,1,6.0,-9.0,-9.0,14.0,4.0,-9,0.0,22767.0,2132.0
2851465,2851466,18.0,1151757,4,2,2,1,6.0,-9.0,-9.0,14.0,4.0,-9,0.0,22767.0,2132.0
2851466,2851467,49.0,1151758,1,1,0,1,1.0,40.0,1.0,-9.0,4.0,5417,10.0,22767.0,2132.0
2851467,2851468,52.0,1151758,2,2,1,1,1.0,30.0,1.0,-9.0,4.0,6111,13.0,22767.0,2132.0
2851468,2851469,18.0,1151758,3,2,2,1,6.0,-9.0,-9.0,14.0,4.0,-9,0.0,22767.0,2132.0
2851469,2851470,18.0,1151758,4,2,2,1,6.0,-9.0,-9.0,14.0,4.0,-9,0.0,22767.0,2132.0
2851470,2851471,49.0,1151759,1,1,0,1,1.0,40.0,1.0,-9.0,4.0,5417,10.0,22771.0,2135.0
2851471,2851472,52.0,1151759,2,2,1,1,1.0,30.0,1.0,-9.0,4.0,6111,13.0,22771.0,2135.0
2851472,2851473,18.0,1151759,3,2,2,1,6.0,-9.0,-9.0,14.0,4.0,-9,0.0,22771.0,2135.0
2851473,2851474,18.0,1151759,4,2,2,1,6.0,-9.0,-9.0,14.0,4.0,-9,0.0,22771.0,2135.0
2851474,2851475,49.0,1151760,1,1,0,1,1.0,40.0,1.0,-9.0,4.0,5417,10.0,22767.0,2132.0
2851475,2851476,52.0,1151760,2,2,1,1,1.0,30.0,1.0,-9.0,4.0,6111,13.0,22767.0,2132.0
2851476,2851477,18.0,1151760,3,2,2,1,6.0,-9.0,-9.0,14.0,4.0,-9,0.0,22767.0,2132.0
2851477,2851478,18.0,1151760,4,2,2,1,6.0,-9.0,-9.0,14.0,4.0,-9,0.0,22767.0,2132.0
2851478,2851479,49.0,1151761,1,1,0,1,1.0,40.0,1.0,-9.0,4.0,5417,10.0,22767.0,2132.0
2851479,2851480,52.0,1151761,2,2,1,1,1.0,30.0,1.0,-9.0,4.0,6111,13.0,22767.0,2132.0
2851480,2851481,18.0,1151761,3,2,2,1,6.0,-9.0,-9.0,14.0,4.0,-9,0.0,22767.0,2132.0
2851481,2851482,18.0,1151761,4,2,2,1,6.0,-9.0,-9.0,14.0,4.0,-9,0.0,22767.0,2132.0
2851482,2851483,49.0,1151762,1,1,0,1,1.0,40.0,1.0,-9.0,4.0,5417,10.0,22747.0,2123.0
2851483,2851484,52.0,1151762,2,2,1,1,1.0,30.0,1.0,-9.0,4.0,6111,13.0,22747.0,2123.0
2851484,2851485,18.0,1151762,3,2,2,1,6.0,-9.0,-9.0,14.0,4.0,-9,0.0,22747.0,2123.0
2851485,2851486,18.0,1151762,4,2,2,1,6.0,-9.0,-9.0,14.0,4.0,-9,0.0,22747.0,2123.0
2851486,2851487,49.0,1151763,1,1,0,1,1.0,40.0,1.0,-9.0,4.0,5417,10.0,22767.0,2132.0
2851487,2851488,52.0,1151763,2,2,1,1,1.0,30.0,1.0,-9.0,4.0,6111,13.0,22767.0,2132.0
2851488,2851489,18.0,1151763,3,2,2,1,6.0,-9.0,-9.0,14.0,4.0,-9,0.0,22767.0,2132.0
2851489,2851490,18.0,1151763,4,2,2,1,6.0,-9.0,-9.0,14.0,4.0,-9,0.0,22767.0,2132.0
2851490,2851491,49.0,1151764,1,1,0,1,1.0,40.0,1.0,-9.0,4.0,5417,10.0,22768.0,2132.0
2851491,2851492,52.0,1151764,2,2,1,1,1.0,30.0,1.0,-9.0,4.0,6111,13.0,22768.0,2132.0
2851492,2851493,18.0,1151764,3,2,2,1,6.0,-9.0,-9.0,14.0,4.0,-9,0.0,22768.0,2132.0
2851493,2851494,18.0,1151764,4,2,2,1,6.0,-9.0,-9.0,14.0,4.0,-9,0.0,22768.0,2132.0
2851494,2851495,49.0,1151765,1,1,0,1,1.0,40.0,1.0,-9.0,4.0,5417,10.0,22768.0,2132.0
2851495,2851496,52.0,1151765,2,2,1,1,1.0,30.0,1.0,-9.0,4.0,6111,13.0,22768.0,2132.0
2851496,2851497,18.0,1151765,3,2,2,1,6.0,-9.0,-9.0,14.0,4.0,-9,0.0,22768.0,2132.0
2851497,2851498,18.0,1151765,4,2,2,1,6.0,-9.0,-9.0,14.0,4.0,-9,0.0,22768.0,2132.0
2851498,2851499,49.0,1151766,1,1,0,1,1.0,40.0,1.0,-9.0,4.0,5417,10.0,22768.0,2132.0
2851499,2851500,52.0,1151766,2,2,1,1,1.0,30.0,1.0,-9.0,4.0,6111,13.0,22768.0,2132.0
2851500,2851501,18.0,1151766,3,2,2,1,6.0,-9.0,-9.0,14.0,4.0,-9,0.0,22768.0,2132.0
2851501,2851502,18.0,1151766,4,2,2,1,6.0,-9.0,-9.0,14.0,4.0,-9,0.0,22768.0,2132.0
2851502,2851503,49.0,1151767,1,1,0,1,1.0,40.0,1.0,-9.0,4.0,5417,10.0,22769.0,2133.0
2851503,2851504,52.0,1151767,2,2,1,1,1.0,30.0,1.0,-9.0,4.0,6111,13.0,22769.0,2133.0
2851504,2851505,18.0,1151767,3,2,2,1,6.0,-9.0,-9.0,14.0,4.0,-9,0.0,22769.0,2133.0
2851505,2851506,18.0,1151767,4,2,2,1,6.0,-9.0,-9.0,14.0,4.0,-9,0.0,22769.0,2133.0
2851506,2851507,49.0,1151768,1,1,0,1,1.0,40.0,1.0,-9.0,4.0,5417,10.0,22747.0,2123.0
2851507,2851508,52.0,1151768,2,2,1,1,1.0,30.0,1.0,-9.0,4.0,6111,13.0,22747.0,2123.0
2851508,2851509,18.0,1151768,3,2,2,1,6.0,-9.0,-9.0,14.0,4.0,-9,0.0,22747.0,2123.0
2851509,2851510,18.0,1151768,4,2,2,1,6.0,-9.0,-9.0,14.0,4.0,-9,0.0,22747.0,2123.0
2851510,2851511,49.0,1151769,1,1,0,1,1.0,40.0,1.0,-9.0,4.0,5417,10.0,22767.0,2132.0
2851511,2851512,52.0,1151769,2,2,1,1,1.0,30.0,1.0,-9.0,4.0,6111,13.0,22767.0,2132.0
2851512,2851513,18.0,1151769,3,2,2,1,6.0,-9.0,-9.0,14.0,4.0,-9,0.0,22767.0,2132.0
2851513,2851514,18.0,1151769,4,2,2,1,6.0,-9.0,-9.0,14.0,4.0,-9,0.0,22767.0,2132.0
2851514,2851515,49.0,1151770,1,1,0,1,1.0,40.0,1.0,-9.0,4.0,5417,10.0,22767.0,2132.0
2851515,2851516,52.0,1151770,2,2,1,1,1.0,30.0,1.0,-9.0,4.0,6111,13.0,22767.0,2132.0
2851516,2851517,18.0,1151770,3,2,2,1,6.0,-9.0,-9.0,14.0,4.0,-9,0.0,22767.0,2132.0
2851517,2851518,18.0,1151770,4,2,2,1,6.0,-9.0,-9.0,14.0,4.0,-9,0.0,22767.0,2132.0
2851518,2851519,49.0,1151771,1,1,0,1,1.0,40.0,1.0,-9.0,4.0,5417,10.0,22770.0,2134.0
2851519,2851520,52.0,1151771,2,2,1,1,1.0,30.0,1.0,-9.0,4.0,6111,13.0,22770.0,2134.0
2851520,2851521,18.0,1151771,3,2,2,1,6.0,-9.0,-9.0,14.0,4.0,-9,0.0,22770.0,2134.0
2851521,2851522,18.0,1151771,4,2,2,1,6.0,-9.0,-9.0,14.0,4.0,-9,0.0,22770.0,2134.0
2851522,2851523,49.0,1151772,1,1,0,1,1.0,40.0,1.0,-9.0,4.0,5417,10.0,22767.0,2132.0
2851523,2851524,52.0,1151772,2,2,1,1,1.0,30.0,1.0,-9.0,4.0,6111,13.0,22767.0,2132.0
2851524,2851525,18.0,1151772,3,2,2,1,6.0,-9.0,-9.0,14.0,4.0,-9,0.0,22767.0,2132.0
2851525,2851526,18.0,1151772,4,2,2,1,6.0,-9.0,-9.0,14.0,4.0,-9,0.0,22767.0,2132.0
2851526,2851527,49.0,1151773,1,1,0,1,1.0,40.0,1.0,-9.0,4.0,5417,10.0,22767.0,2132.0
2851527,2851528,52.0,1151773,2,2,1,1,1.0,30.0,1.0,-9.0,4.0,6111,13.0,22767.0,2132.0
2851528,2851529,18.0,1151773,3,2,2,1,6.0,-9.0,-9.0,14.0,4.0,-9,0.0,22767.0,2132.0
2851529,2851530,18.0,1151773,4,2,2,1,6.0,-9.0,-9.0,14.0,4.0,-9,0.0,22767.0,2132.0
2851530,2851531,49.0,1151774,1,1,0,1,1.0,40.0,1.0,-9.0,4.0,5417,10.0,22767.0,2132.0
2851531,2851532,52.0,1151774,2,2,1,1,1.0,30.0,1.0,-9.0,4.0,6111,13.0,22767.0,2132.0
2851532,2851533,18.0,1151774,3,2,2,1,6.0,-9.0,-9.0,14.0,4.0,-9,0.0,22767.0,2132.0
2851533,2851534,18.0,1151774,4,2,2,1,6.0,-9.0,-9.0,14.0,4.0,-9,0.0,22767.0,2132.0
2851534,2851535,49.0,1151775,1,1,0,1,1.0,40.0,1.0,-9.0,4.0,5417,10.0,22771.0,2135.0
2851535,2851536,52.0,1151775,2,2,1,1,1.0,30.0,1.0,-9.0,4.0,6111,13.0,22771.0,2135.0
2851536,2851537,18.0,1151775,3,2,2,1,6.0,-9.0,-9.0,14.0,4.0,-9,0.0,22771.0,2135.0
2851537,2851538,18.0,1151775,4,2,2,1,6.0,-9.0,-9.0,14.0,4.0,-9,0.0,22771.0,2135.0
2851538,2851539,49.0,1151776,1,1,0,1,1.0,40.0,1.0,-9.0,4.0,5417,10.0,22770.0,2134.0
2851539,2851540,52.0,1151776,2,2,1,1,1.0,30.0,1.0,-9.0,4.0,6111,13.0,22770.0,2134.0
2851540,2851541,18.0,1151776,3,2,2,1,6.0,-9.0,-9.0,14.0,4.0,-9,0.0,22770.0,2134.0
2851541,2851542,18.0,1151776,4,2,2,1,6.0,-9.0,-9.0,14.0,4.0,-9,0.0,22770.0,2134.0
2851542,2851543,49.0,1151777,1,1,0,1,1.0,40.0,1.0,-9.0,4.0,5417,10.0,22770.0,2134.0
2851543,2851544,52.0,1151777,2,2,1,1,1.0,30.0,1.0,-9.0,4.0,6111,13.0,22770.0,2134.0
2851544,2851545,18.0,1151777,3,2,2,1,6.0,-9.0,-9.0,14.0,4.0,-9,0.0,22770.0,2134.0
2851545,2851546,18.0,1151777,4,2,2,1,6.0,-9.0,-9.0,14.0,4.0,-9,0.0,22770.0,2134.0
2851546,2851547,49.0,1151778,1,1,0,1,1.0,40.0,1.0,-9.0,4.0,5417,10.0,22767.0,2132.0
2851547,2851548,52.0,1151778,2,2,1,1,1.0,30.0,1.0,-9.0,4.0,6111,13.0,22767.0,2132.0
2851548,2851549,18.0,1151778,3,2,2,1,6.0,-9.0,-9.0,14.0,4.0,-9,0.0,22767.0,2132.0
2851549,2851550,18.0,1151778,4,2,2,1,6.0,-9.0,-9.0,14.0,4.0,-9,0.0,22767.0,2132.0
2851550,2851551,49.0,1151779,1,1,0,1,1.0,40.0,1.0,-9.0,4.0,5417,10.0,22767.0,2132.0
2851551,2851552,52.0,1151779,2,2,1,1,1.0,30.0,1.0,-9.0,4.0,6111,13.0,22767.0,2132.0
2851552,2851553,18.0,1151779,3,2,2,1,6.0,-9.0,-9.0,14.0,4.0,-9,0.0,22767.0,2132.0
2851553,2851554,18.0,1151779,4,2,2,1,6.0,-9.0,-9.0,14.0,4.0,-9,0.0,22767.0,2132.0
2851554,2851555,49.0,1151780,1,1,0,1,1.0,40.0,1.0,-9.0,4.0,5417,10.0,22745.0,2121.0
2851555,2851556,52.0,1151780,2,2,1,1,1.0,30.0,1.0,-9.0,4.0,6111,13.0,22745.0,2121.0
2851556,2851557,18.0,1151780,3,2,2,1,6.0,-9.0,-9.0,14.0,4.0,-9,0.0,22745.0,2121.0
2851557,2851558,18.0,1151780,4,2,2,1,6.0,-9.0,-9.0,14.0,4.0,-9,0.0,22745.0,2121.0
2851558,2851559,49.0,1151781,1,1,0,1,1.0,40.0,1.0,-9.0,4.0,5417,10.0,22770.0,2134.0
2851559,2851560,52.0,1151781,2,2,1,1,1.0,30.0,1.0,-9.0,4.0,6111,13.0,22770.0,2134.0
2851560,2851561,18.0,1151781,3,2,2,1,6.0,-9.0,-9.0,14.0,4.0,-9,0.0,22770.0,2134.0
2851561,2851562,18.0,1151781,4,2,2,1,6.0,-9.0,-9.0,14.0,4.0,-9,0.0,22770.0,2134.0
2851562,2851563,49.0,1151782,1,1,0,1,1.0,40.0,1.0,-9.0,4.0,5417,10.0,22767.0,2132.0
2851563,2851564,52.0,1151782,2,2,1,1,1.0,30.0,1.0,-9.0,4.0,6111,13.0,22767.0,2132.0
2851564,2851565,18.0,1151782,3,2,2,1,6.0,-9.0,-9.0,14.0,4.0,-9,0.0,22767.0,2132.0
2851565,2851566,18.0,1151782,4,2,2,1,6.0,-9.0,-9.0,14.0,4.0,-9,0.0,22767.0,2132.0
2851566,2851567,49.0,1151783,1,1,0,1,1.0,40.0,1.0,-9.0,4.0,5417,10.0,22768.0,2132.0
2851567,2851568,52.0,1151783,2,2,1,1,1.0,30.0,1.0,-9.0,4.0,6111,13.0,22768.0,2132.0
2851568,2851569,18.0,1151783,3,2,2,1,6.0,-9.0,-9.0,14.0,4.0,-9,0.0,22768.0,2132.0
2851569,2851570,18.0,1151783,4,2,2,1,6.0,-9.0,-9.0,14.0,4.0,-9,0.0,22768.0,2132.0
2851570,2851571,49.0,1151784,1,1,0,1,1.0,40.0,1.0,-9.0,4.0,5417,10.0,22767.0,2132.0
2851571,2851572,52.0,1151784,2,2,1,1,1.0,30.0,1.0,-9.0,4.0,6111,13.0,22767.0,2132.0
2851572,2851573,18.0,1151784,3,2,2,1,6.0,-9.0,-9.0,14.0,4.0,-9,0.0,22767.0,2132.0
2851573,2851574,18.0,1151784,4,2,2,1,6.0,-9.0,-9.0,14.0,4.0,-9,0.0,22767.0,2132.0
2851574,2851575,49.0,1151785,1,1,0,1,1.0,40.0,1.0,-9.0,4.0,5417,10.0,22768.0,2132.0
2851575,2851576,52.0,1151785,2,2,1,1,1.0,30.0,1.0,-9.0,4.0,6111,13.0,22768.0,2132.0
2851576,2851577,18.0,1151785,3,2,2,1,6.0,-9.0,-9.0,14.0,4.0,-9,0.0,22768.0,2132.0
2851577,2851578,18.0,1151785,4,2,2,1,6.0,-9.0,-9.0,14.0,4.0,-9,0.0,22768.0,2132.0
2851578,2851579,49.0,1151786,1,1,0,1,1.0,40.0,1.0,-9.0,4.0,5417,10.0,22767.0,2132.0
2851579,2851580,52.0,1151786,2,2,1,1,1.0,30.0,1.0,-9.0,4.0,6111,13.0,22767.0,2132.0
2851580,2851581,18.0,1151786,3,2,2,1,6.0,-9.0,-9.0,14.0,4.0,-9,0.0,22767.0,2132.0
2851581,2851582,18.0,1151786,4,2,2,1,6.0,-9.0,-9.0,14.0,4.0,-9,0.0,22767.0,2132.0
2851582,2851583,49.0,1151787,1,1,0,1,1.0,40.0,1.0,-9.0,4.0,5417,10.0,22767.0,2132.0
2851583,2851584,52.0,1151787,2,2,1,1,1.0,30.0,1.0,-9.0,4.0,6111,13.0,22767.0,2132.0
2851584,2851585,18.0,1151787,3,2,2,1,6.0,-9.0,-9.0,14.0,4.0,-9,0.0,22767.0,2132.0
2851585,2851586,18.0,1151787,4,2,2,1,6.0,-9.0,-9.0,14.0,4.0,-9,0.0,22767.0,2132.0
2851586,2851587,49.0,1151788,1,1,0,1,1.0,40.0,1.0,-9.0,4.0,5417,10.0,22767.0,2132.0
2851587,2851588,52.0,1151788,2,2,1,1,1.0,30.0,1.0,-9.0,4.0,6111,13.0,22767.0,2132.0
2851588,2851589,18.0,1151788,3,2,2,1,6.0,-9.0,-9.0,14.0,4.0,-9,0.0,22767.0,2132.0
2851589,2851590,18.0,1151788,4,2,2,1,6.0,-9.0,-9.0,14.0,4.0,-9,0.0,22767.0,2132.0
2851590,2851591,49.0,1151789,1,1,0,1,1.0,40.0,1.0,-9.0,4.0,5417,10.0,22767.0,2132.0
2851591,2851592,52.0,1151789,2,2,1,1,1.0,30.0,1.0,-9.0,4.0,6111,13.0,22767.0,2132.0
2851592,2851593,18.0,1151789,3,2,2,1,6.0,-9.0,-9.0,14.0,4.0,-9,0.0,22767.0,2132.0
2851593,2851594,18.0,1151789,4,2,2,1,6.0,-9.0,-9.0,14.0,4.0,-9,0.0,22767.0,2132.0
2851594,2851595,49.0,1151790,1,1,0,1,1.0,40.0,1.0,-9.0,4.0,5417,10.0,22767.0,2132.0
2851595,2851596,52.0,1151790,2,2,1,1,1.0,30.0,1.0,-9.0,4.0,6111,13.0,22767.0,2132.0
2851596,2851597,18.0,1151790,3,2,2,1,6.0,-9.0,-9.0,14.0,4.0,-9,0.0,22767.0,2132.0
2851597,2851598,18.0,1151790,4,2,2,1,6.0,-9.0,-9.0,14.0,4.0,-9,0.0,22767.0,2132.0
2851598,2851599,49.0,1151791,1,1,0,1,1.0,40.0,1.0,-9.0,4.0,5417,10.0,22771.0,2135.0
2851599,2851600,52.0,1151791,2,2,1,1,1.0,30.0,1.0,-9.0,4.0,6111,13.0,22771.0,2135.0
2851600,2851601,18.0,1151791,3,2,2,1,6.0,-9.0,-9.0,14.0,4.0,-9,0.0,22771.0,2135.0
2851601,2851602,18.0,1151791,4,2,2,1,6.0,-9.0,-9.0,14.0,4.0,-9,0.0,22771.0,2135.0
2851602,2851603,49.0,1151792,1,1,0,1,1.0,40.0,1.0,-9.0,4.0,5417,10.0,22768.0,2132.0
2851603,2851604,52.0,1151792,2,2,1,1,1.0,30.0,1.0,-9.0,4.0,6111,13.0,22768.0,2132.0
2851604,2851605,18.0,1151792,3,2,2,1,6.0,-9.0,-9.0,14.0,4.0,-9,0.0,22768.0,2132.0
2851605,2851606,18.0,1151792,4,2,2,1,6.0,-9.0,-9.0,14.0,4.0,-9,0.0,22768.0,2132.0
2851606,2851607,49.0,1151793,1,1,0,1,1.0,40.0,1.0,-9.0,4.0,5417,10.0,22768.0,2132.0
2851607,2851608,52.0,1151793,2,2,1,1,1.0,30.0,1.0,-9.0,4.0,6111,13.0,22768.0,2132.0
2851608,2851609,18.0,1151793,3,2,2,1,6.0,-9.0,-9.0,14.0,4.0,-9,0.0,22768.0,2132.0
2851609,2851610,18.0,1151793,4,2,2,1,6.0,-9.0,-9.0,14.0,4.0,-9,0.0,22768.0,2132.0
2851610,2851611,49.0,1151794,1,1,0,1,1.0,40.0,1.0,-9.0,4.0,5417,10.0,22767.0,2132.0
2851611,2851612,52.0,1151794,2,2,1,1,1.0,30.0,1.0,-9.0,4.0,6111,13.0,22767.0,2132.0
2851612,2851613,18.0,1151794,3,2,2,1,6.0,-9.0,-9.0,14.0,4.0,-9,0.0,22767.0,2132.0
2851613,2851614,18.0,1151794,4,2,2,1,6.0,-9.0,-9.0,14.0,4.0,-9,0.0,22767.0,2132.0
2851614,2851615,49.0,1151795,1,1,0,1,1.0,40.0,1.0,-9.0,4.0,5417,10.0,22767.0,2132.0
2851615,2851616,52.0,1151795,2,2,1,1,1.0,30.0,1.0,-9.0,4.0,6111,13.0,22767.0,2132.0
2851616,2851617,18.0,1151795,3,2,2,1,6.0,-9.0,-9.0,14.0,4.0,-9,0.0,22767.0,2132.0
2851617,2851618,18.0,1151795,4,2,2,1,6.0,-9.0,-9.0,14.0,4.0,-9,0.0,22767.0,2132.0
2851618,2851619,49.0,1151796,1,1,0,1,1.0,40.0,1.0,-9.0,4.0,5417,10.0,22768.0,2132.0
2851619,2851620,52.0,1151796,2,2,1,1,1.0,30.0,1.0,-9.0,4.0,6111,13.0,22768.0,2132.0
2851620,2851621,18.0,1151796,3,2,2,1,6.0,-9.0,-9.0,14.0,4.0,-9,0.0,22768.0,2132.0
2851621,2851622,18.0,1151796,4,2,2,1,6.0,-9.0,-9.0,14.0,4.0,-9,0.0,22768.0,2132.0
2851622,2851623,49.0,1151797,1,1,0,1,1.0,40.0,1.0,-9.0,4.0,5417,10.0,22767.0,2132.0
2851623,2851624,52.0,1151797,2,2,1,1,1.0,30.0,1.0,-9.0,4.0,6111,13.0,22767.0,2132.0
2851624,2851625,18.0,1151797,3,2,2,1,6.0,-9.0,-9.0,14.0,4.0,-9,0.0,22767.0,2132.0
2851625,2851626,18.0,1151797,4,2,2,1,6.0,-9.0,-9.0,14.0,4.0,-9,0.0,22767.0,2132.0
2851626,2851627,49.0,1151798,1,1,0,1,1.0,40.0,1.0,-9.0,4.0,5417,10.0,22767.0,2132.0
2851627,2851628,52.0,1151798,2,2,1,1,1.0,30.0,1.0,-9.0,4.0,6111,13.0,22767.0,2132.0
2851628,2851629,18.0,1151798,3,2,2,1,6.0,-9.0,-9.0,14.0,4.0,-9,0.0,22767.0,2132.0
2851629,2851630,18.0,1151798,4,2,2,1,6.0,-9.0,-9.0,14.0,4.0,-9,0.0,22767.0,2132.0
2851630,2851631,49.0,1151799,1,1,0,1,1.0,40.0,1.0,-9.0,4.0,5417,10.0,22767.0,2132.0
2851631,2851632,52.0,1151799,2,2,1,1,1.0,30.0,1.0,-9.0,4.0,6111,13.0,22767.0,2132.0
2851632,2851633,18.0,1151799,3,2,2,1,6.0,-9.0,-9.0,14.0,4.0,-9,0.0,22767.0,2132.0
2851633,2851634,18.0,1151799,4,2,2,1,6.0,-9.0,-9.0,14.0,4.0,-9,0.0,22767.0,2132.0
2851634,2851635,49.0,1151800,1,1,0,1,1.0,40.0,1.0,-9.0,4.0,5417,10.0,22769.0,2133.0
2851635,2851636,52.0,1151800,2,2,1,1,1.0,30.0,1.0,-9.0,4.0,6111,13.0,22769.0,2133.0
2851636,2851637,18.0,1151800,3,2,2,1,6.0,-9.0,-9.0,14.0,4.0,-9,0.0,22769.0,2133.0
2851637,2851638,18.0,1151800,4,2,2,1,6.0,-9.0,-9.0,14.0,4.0,-9,0.0,22769.0,2133.0
2851638,2851639,49.0,1151801,1,1,0,1,1.0,40.0,1.0,-9.0,4.0,5417,10.0,22768.0,2132.0
2851639,2851640,52.0,1151801,2,2,1,1,1.0,30.0,1.0,-9.0,4.0,6111,13.0,22768.0,2132.0
2851640,2851641,18.0,1151801,3,2,2,1,6.0,-9.0,-9.0,14.0,4.0,-9,0.0,22768.0,2132.0
2851641,2851642,18.0,1151801,4,2,2,1,6.0,-9.0,-9.0,14.0,4.0,-9,0.0,22768.0,2132.0
2851642,2851643,49.0,1151802,1,1,0,1,1.0,40.0,1.0,-9.0,4.0,5417,10.0,22767.0,2132.0
2851643,2851644,52.0,1151802,2,2,1,1,1.0,30.0,1.0,-9.0,4.0,6111,13.0,22767.0,2132.0
2851644,2851645,18.0,1151802,3,2,2,1,6.0,-9.0,-9.0,14.0,4.0,-9,0.0,22767.0,2132.0
2851645,2851646,18.0,1151802,4,2,2,1,6.0,-9.0,-9.0,14.0,4.0,-9,0.0,22767.0,2132.0
2851646,2851647,49.0,1151803,1,1,0,1,1.0,40.0,1.0,-9.0,4.0,5417,10.0,22770.0,2134.0
2851647,2851648,52.0,1151803,2,2,1,1,1.0,30.0,1.0,-9.0,4.0,6111,13.0,22770.0,2134.0
2851648,2851649,18.0,1151803,3,2,2,1,6.0,-9.0,-9.0,14.0,4.0,-9,0.0,22770.0,2134.0
2851649,2851650,18.0,1151803,4,2,2,1,6.0,-9.0,-9.0,14.0,4.0,-9,0.0,22770.0,2134.0
2851650,2851651,49.0,1151804,1,1,0,1,1.0,40.0,1.0,-9.0,4.0,5417,10.0,22747.0,2123.0
2851651,2851652,52.0,1151804,2,2,1,1,1.0,30.0,1.0,-9.0,4.0,6111,13.0,22747.0,2123.0
2851652,2851653,18.0,1151804,3,2,2,1,6.0,-9.0,-9.0,14.0,4.0,-9,0.0,22747.0,2123.0
2851653,2851654,18.0,1151804,4,2,2,1,6.0,-9.0,-9.0,14.0,4.0,-9,0.0,22747.0,2123.0
2851654,2851655,49.0,1151805,1,1,0,1,1.0,40.0,1.0,-9.0,4.0,5417,10.0,22747.0,2123.0
2851655,2851656,52.0,1151805,2,2,1,1,1.0,30.0,1.0,-9.0,4.0,6111,13.0,22747.0,2123.0
2851656,2851657,18.0,1151805,3,2,2,1,6.0,-9.0,-9.0,14.0,4.0,-9,0.0,22747.0,2123.0
2851657,2851658,18.0,1151805,4,2,2,1,6.0,-9.0,-9.0,14.0,4.0,-9,0.0,22747.0,2123.0
2851658,2851659,49.0,1151806,1,1,0,1,1.0,40.0,1.0,-9.0,4.0,5417,10.0,22767.0,2132.0
2851659,2851660,52.0,1151806,2,2,1,1,1.0,30.0,1.0,-9.0,4.0,6111,13.0,22767.0,2132.0
2851660,2851661,18.0,1151806,3,2,2,1,6.0,-9.0,-9.0,14.0,4.0,-9,0.0,22767.0,2132.0
2851661,2851662,18.0,1151806,4,2,2,1,6.0,-9.0,-9.0,14.0,4.0,-9,0.0,22767.0,2132.0
2851662,2851663,49.0,1151807,1,1,0,1,1.0,40.0,1.0,-9.0,4.0,5417,10.0,22768.0,2132.0
2851663,2851664,52.0,1151807,2,2,1,1,1.0,30.0,1.0,-9.0,4.0,6111,13.0,22768.0,2132.0
2851664,2851665,18.0,1151807,3,2,2,1,6.0,-9.0,-9.0,14.0,4.0,-9,0.0,22768.0,2132.0
2851665,2851666,18.0,1151807,4,2,2,1,6.0,-9.0,-9.0,14.0,4.0,-9,0.0,22768.0,2132.0
2851666,2851667,49.0,1151808,1,1,0,1,1.0,40.0,1.0,-9.0,4.0,5417,10.0,22767.0,2132.0
2851667,2851668,52.0,1151808,2,2,1,1,1.0,30.0,1.0,-9.0,4.0,6111,13.0,22767.0,2132.0
2851668,2851669,18.0,1151808,3,2,2,1,6.0,-9.0,-9.0,14.0,4.0,-9,0.0,22767.0,2132.0
2851669,2851670,18.0,1151808,4,2,2,1,6.0,-9.0,-9.0,14.0,4.0,-9,0.0,22767.0,2132.0
2851670,2851671,49.0,1151809,1,1,0,1,1.0,40.0,1.0,-9.0,4.0,5417,10.0,22767.0,2132.0
2851671,2851672,52.0,1151809,2,2,1,1,1.0,30.0,1.0,-9.0,4.0,6111,13.0,22767.0,2132.0
2851672,2851673,18.0,1151809,3,2,2,1,6.0,-9.0,-9.0,14.0,4.0,-9,0.0,22767.0,2132.0
2851673,2851674,18.0,1151809,4,2,2,1,6.0,-9.0,-9.0,14.0,4.0,-9,0.0,22767.0,2132.0
2851674,2851675,49.0,1151810,1,1,0,1,1.0,40.0,1.0,-9.0,4.0,5417,10.0,22768.0,2132.0
2851675,2851676,52.0,1151810,2,2,1,1,1.0,30.0,1.0,-9.0,4.0,6111,13.0,22768.0,2132.0
2851676,2851677,18.0,1151810,3,2,2,1,6.0,-9.0,-9.0,14.0,4.0,-9,0.0,22768.0,2132.0
2851677,2851678,18.0,1151810,4,2,2,1,6.0,-9.0,-9.0,14.0,4.0,-9,0.0,22768.0,2132.0
2851678,2851679,49.0,1151811,1,1,0,1,1.0,40.0,1.0,-9.0,4.0,5417,10.0,22769.0,2133.0
2851679,2851680,52.0,1151811,2,2,1,1,1.0,30.0,1.0,-9.0,4.0,6111,13.0,22769.0,2133.0
2851680,2851681,18.0,1151811,3,2,2,1,6.0,-9.0,-9.0,14.0,4.0,-9,0.0,22769.0,2133.0
2851681,2851682,18.0,1151811,4,2,2,1,6.0,-9.0,-9.0,14.0,4.0,-9,0.0,22769.0,2133.0
2851682,2851683,49.0,1151812,1,1,0,1,1.0,40.0,1.0,-9.0,4.0,5417,10.0,22767.0,2132.0
2851683,2851684,52.0,1151812,2,2,1,1,1.0,30.0,1.0,-9.0,4.0,6111,13.0,22767.0,2132.0
2851684,2851685,18.0,1151812,3,2,2,1,6.0,-9.0,-9.0,14.0,4.0,-9,0.0,22767.0,2132.0
2851685,2851686,18.0,1151812,4,2,2,1,6.0,-9.0,-9.0,14.0,4.0,-9,0.0,22767.0,2132.0
2851686,2851687,49.0,1151813,1,1,0,1,1.0,40.0,1.0,-9.0,4.0,5417,10.0,22768.0,2132.0
2851687,2851688,52.0,1151813,2,2,1,1,1.0,30.0,1.0,-9.0,4.0,6111,13.0,22768.0,2132.0
2851688,2851689,18.0,1151813,3,2,2,1,6.0,-9.0,-9.0,14.0,4.0,-9,0.0,22768.0,2132.0
2851689,2851690,18.0,1151813,4,2,2,1,6.0,-9.0,-9.0,14.0,4.0,-9,0.0,22768.0,2132.0
2851690,2851691,49.0,1151814,1,1,0,1,1.0,40.0,1.0,-9.0,4.0,5417,10.0,22771.0,2135.0
2851691,2851692,52.0,1151814,2,2,1,1,1.0,30.0,1.0,-9.0,4.0,6111,13.0,22771.0,2135.0
2851692,2851693,18.0,1151814,3,2,2,1,6.0,-9.0,-9.0,14.0,4.0,-9,0.0,22771.0,2135.0
2851693,2851694,18.0,1151814,4,2,2,1,6.0,-9.0,-9.0,14.0,4.0,-9,0.0,22771.0,2135.0
2851694,2851695,49.0,1151815,1,1,0,1,1.0,40.0,1.0,-9.0,4.0,5417,10.0,22768.0,2132.0
2851695,2851696,52.0,1151815,2,2,1,1,1.0,30.0,1.0,-9.0,4.0,6111,13.0,22768.0,2132.0
2851696,2851697,18.0,1151815,3,2,2,1,6.0,-9.0,-9.0,14.0,4.0,-9,0.0,22768.0,2132.0
2851697,2851698,18.0,1151815,4,2,2,1,6.0,-9.0,-9.0,14.0,4.0,-9,0.0,22768.0,2132.0
2851698,2851699,49.0,1151816,1,1,0,1,1.0,40.0,1.0,-9.0,4.0,5417,10.0,22768.0,2132.0
2851699,2851700,52.0,1151816,2,2,1,1,1.0,30.0,1.0,-9.0,4.0,6111,13.0,22768.0,2132.0
2851700,2851701,18.0,1151816,3,2,2,1,6.0,-9.0,-9.0,14.0,4.0,-9,0.0,22768.0,2132.0
2851701,2851702,18.0,1151816,4,2,2,1,6.0,-9.0,-9.0,14.0,4.0,-9,0.0,22768.0,2132.0
2851702,2851703,49.0,1151817,1,1,0,1,1.0,40.0,1.0,-9.0,4.0,5417,10.0,22747.0,2123.0
2851703,2851704,52.0,1151817,2,2,1,1,1.0,30.0,1.0,-9.0,4.0,6111,13.0,22747.0,2123.0
2851704,2851705,18.0,1151817,3,2,2,1,6.0,-9.0,-9.0,14.0,4.0,-9,0.0,22747.0,2123.0
2851705,2851706,18.0,1151817,4,2,2,1,6.0,-9.0,-9.0,14.0,4.0,-9,0.0,22747.0,2123.0
2851706,2851707,49.0,1151818,1,1,0,1,1.0,40.0,1.0,-9.0,4.0,5417,10.0,22771.0,2135.0
2851707,2851708,52.0,1151818,2,2,1,1,1.0,30.0,1.0,-9.0,4.0,6111,13.0,22771.0,2135.0
2851708,2851709,18.0,1151818,3,2,2,1,6.0,-9.0,-9.0,14.0,4.0,-9,0.0,22771.0,2135.0
2851709,2851710,18.0,1151818,4,2,2,1,6.0,-9.0,-9.0,14.0,4.0,-9,0.0,22771.0,2135.0
2851710,2851711,49.0,1151819,1,1,0,1,1.0,40.0,1.0,-9.0,4.0,5417,10.0,22768.0,2132.0
2851711,2851712,52.0,1151819,2,2,1,1,1.0,30.0,1.0,-9.0,4.0,6111,13.0,22768.0,2132.0
2851712,2851713,18.0,1151819,3,2,2,1,6.0,-9.0,-9.0,14.0,4.0,-9,0.0,22768.0,2132.0
2851713,2851714,18.0,1151819,4,2,2,1,6.0,-9.0,-9.0,14.0,4.0,-9,0.0,22768.0,2132.0
2851714,2851715,49.0,1151820,1,1,0,1,1.0,40.0,1.0,-9.0,4.0,5417,10.0,22768.0,2132.0
2851715,2851716,52.0,1151820,2,2,1,1,1.0,30.0,1.0,-9.0,4.0,6111,13.0,22768.0,2132.0
2851716,2851717,18.0,1151820,3,2,2,1,6.0,-9.0,-9.0,14.0,4.0,-9,0.0,22768.0,2132.0
2851717,2851718,18.0,1151820,4,2,2,1,6.0,-9.0,-9.0,14.0,4.0,-9,0.0,22768.0,2132.0
2851718,2851719,49.0,1151821,1,1,0,1,1.0,40.0,1.0,-9.0,4.0,5417,10.0,22769.0,2133.0
2851719,2851720,52.0,1151821,2,2,1,1,1.0,30.0,1.0,-9.0,4.0,6111,13.0,22769.0,2133.0
2851720,2851721,18.0,1151821,3,2,2,1,6.0,-9.0,-9.0,14.0,4.0,-9,0.0,22769.0,2133.0
2851721,2851722,18.0,1151821,4,2,2,1,6.0,-9.0,-9.0,14.0,4.0,-9,0.0,22769.0,2133.0
2851722,2851723,49.0,1151822,1,1,0,1,1.0,40.0,1.0,-9.0,4.0,5417,10.0,22745.0,2121.0
2851723,2851724,52.0,1151822,2,2,1,1,1.0,30.0,1.0,-9.0,4.0,6111,13.0,22745.0,2121.0
2851724,2851725,18.0,1151822,3,2,2,1,6.0,-9.0,-9.0,14.0,4.0,-9,0.0,22745.0,2121.0
2851725,2851726,18.0,1151822,4,2,2,1,6.0,-9.0,-9.0,14.0,4.0,-9,0.0,22745.0,2121.0
2851726,2851727,49.0,1151823,1,1,0,1,1.0,40.0,1.0,-9.0,4.0,5417,10.0,22767.0,2132.0
2851727,2851728,52.0,1151823,2,2,1,1,1.0,30.0,1.0,-9.0,4.0,6111,13.0,22767.0,2132.0
2851728,2851729,18.0,1151823,3,2,2,1,6.0,-9.0,-9.0,14.0,4.0,-9,0.0,22767.0,2132.0
2851729,2851730,18.0,1151823,4,2,2,1,6.0,-9.0,-9.0,14.0,4.0,-9,0.0,22767.0,2132.0
2851730,2851731,49.0,1151824,1,1,0,1,1.0,40.0,1.0,-9.0,4.0,5417,10.0,22767.0,2132.0
2851731,2851732,52.0,1151824,2,2,1,1,1.0,30.0,1.0,-9.0,4.0,6111,13.0,22767.0,2132.0
2851732,2851733,18.0,1151824,3,2,2,1,6.0,-9.0,-9.0,14.0,4.0,-9,0.0,22767.0,2132.0
2851733,2851734,18.0,1151824,4,2,2,1,6.0,-9.0,-9.0,14.0,4.0,-9,0.0,22767.0,2132.0
2851734,2851735,49.0,1151825,1,1,0,1,1.0,40.0,1.0,-9.0,4.0,5417,10.0,22769.0,2133.0
2851735,2851736,52.0,1151825,2,2,1,1,1.0,30.0,1.0,-9.0,4.0,6111,13.0,22769.0,2133.0
2851736,2851737,18.0,1151825,3,2,2,1,6.0,-9.0,-9.0,14.0,4.0,-9,0.0,22769.0,2133.0
2851737,2851738,18.0,1151825,4,2,2,1,6.0,-9.0,-9.0,14.0,4.0,-9,0.0,22769.0,2133.0
2851738,2851739,49.0,1151826,1,1,0,1,1.0,40.0,1.0,-9.0,4.0,5417,10.0,22767.0,2132.0
2851739,2851740,52.0,1151826,2,2,1,1,1.0,30.0,1.0,-9.0,4.0,6111,13.0,22767.0,2132.0
2851740,2851741,18.0,1151826,3,2,2,1,6.0,-9.0,-9.0,14.0,4.0,-9,0.0,22767.0,2132.0
2851741,2851742,18.0,1151826,4,2,2,1,6.0,-9.0,-9.0,14.0,4.0,-9,0.0,22767.0,2132.0
2851742,2851743,49.0,1151827,1,1,0,1,1.0,40.0,1.0,-9.0,4.0,5417,10.0,22768.0,2132.0
2851743,2851744,52.0,1151827,2,2,1,1,1.0,30.0,1.0,-9.0,4.0,6111,13.0,22768.0,2132.0
2851744,2851745,18.0,1151827,3,2,2,1,6.0,-9.0,-9.0,14.0,4.0,-9,0.0,22768.0,2132.0
2851745,2851746,18.0,1151827,4,2,2,1,6.0,-9.0,-9.0,14.0,4.0,-9,0.0,22768.0,2132.0
2851746,2851747,49.0,1151828,1,1,0,1,1.0,40.0,1.0,-9.0,4.0,5417,10.0,22768.0,2132.0
2851747,2851748,52.0,1151828,2,2,1,1,1.0,30.0,1.0,-9.0,4.0,6111,13.0,22768.0,2132.0
2851748,2851749,18.0,1151828,3,2,2,1,6.0,-9.0,-9.0,14.0,4.0,-9,0.0,22768.0,2132.0
2851749,2851750,18.0,1151828,4,2,2,1,6.0,-9.0,-9.0,14.0,4.0,-9,0.0,22768.0,2132.0
2851750,2851751,49.0,1151829,1,1,0,1,1.0,40.0,1.0,-9.0,4.0,5417,10.0,22767.0,2132.0
2851751,2851752,52.0,1151829,2,2,1,1,1.0,30.0,1.0,-9.0,4.0,6111,13.0,22767.0,2132.0
2851752,2851753,18.0,1151829,3,2,2,1,6.0,-9.0,-9.0,14.0,4.0,-9,0.0,22767.0,2132.0
2851753,2851754,18.0,1151829,4,2,2,1,6.0,-9.0,-9.0,14.0,4.0,-9,0.0,22767.0,2132.0
2851754,2851755,49.0,1151830,1,1,0,1,1.0,40.0,1.0,-9.0,4.0,5417,10.0,22767.0,2132.0
2851755,2851756,52.0,1151830,2,2,1,1,1.0,30.0,1.0,-9.0,4.0,6111,13.0,22767.0,2132.0
2851756,2851757,18.0,1151830,3,2,2,1,6.0,-9.0,-9.0,14.0,4.0,-9,0.0,22767.0,2132.0
2851757,2851758,18.0,1151830,4,2,2,1,6.0,-9.0,-9.0,14.0,4.0,-9,0.0,22767.0,2132.0
2851758,2851759,49.0,1151831,1,1,0,1,1.0,40.0,1.0,-9.0,4.0,5417,10.0,22770.0,2134.0
2851759,2851760,52.0,1151831,2,2,1,1,1.0,30.0,1.0,-9.0,4.0,6111,13.0,22770.0,2134.0
2851760,2851761,18.0,1151831,3,2,2,1,6.0,-9.0,-9.0,14.0,4.0,-9,0.0,22770.0,2134.0
2851761,2851762,18.0,1151831,4,2,2,1,6.0,-9.0,-9.0,14.0,4.0,-9,0.0,22770.0,2134.0
2851762,2851763,49.0,1151832,1,1,0,1,1.0,40.0,1.0,-9.0,4.0,5417,10.0,22767.0,2132.0
2851763,2851764,52.0,1151832,2,2,1,1,1.0,30.0,1.0,-9.0,4.0,6111,13.0,22767.0,2132.0
2851764,2851765,18.0,1151832,3,2,2,1,6.0,-9.0,-9.0,14.0,4.0,-9,0.0,22767.0,2132.0
2851765,2851766,18.0,1151832,4,2,2,1,6.0,-9.0,-9.0,14.0,4.0,-9,0.0,22767.0,2132.0
2851766,2851767,49.0,1151833,1,1,0,1,1.0,40.0,1.0,-9.0,4.0,5417,10.0,22767.0,2132.0
2851767,2851768,52.0,1151833,2,2,1,1,1.0,30.0,1.0,-9.0,4.0,6111,13.0,22767.0,2132.0
2851768,2851769,18.0,1151833,3,2,2,1,6.0,-9.0,-9.0,14.0,4.0,-9,0.0,22767.0,2132.0
2851769,2851770,18.0,1151833,4,2,2,1,6.0,-9.0,-9.0,14.0,4.0,-9,0.0,22767.0,2132.0
2851770,2851771,49.0,1151834,1,1,0,1,1.0,40.0,1.0,-9.0,4.0,5417,10.0,22768.0,2132.0
2851771,2851772,52.0,1151834,2,2,1,1,1.0,30.0,1.0,-9.0,4.0,6111,13.0,22768.0,2132.0
2851772,2851773,18.0,1151834,3,2,2,1,6.0,-9.0,-9.0,14.0,4.0,-9,0.0,22768.0,2132.0
2851773,2851774,18.0,1151834,4,2,2,1,6.0,-9.0,-9.0,14.0,4.0,-9,0.0,22768.0,2132.0
2851774,2851775,49.0,1151835,1,1,0,1,1.0,40.0,1.0,-9.0,4.0,5417,10.0,22768.0,2132.0
2851775,2851776,52.0,1151835,2,2,1,1,1.0,30.0,1.0,-9.0,4.0,6111,13.0,22768.0,2132.0
2851776,2851777,18.0,1151835,3,2,2,1,6.0,-9.0,-9.0,14.0,4.0,-9,0.0,22768.0,2132.0
2851777,2851778,18.0,1151835,4,2,2,1,6.0,-9.0,-9.0,14.0,4.0,-9,0.0,22768.0,2132.0
2851778,2851779,49.0,1151836,1,1,0,1,1.0,40.0,1.0,-9.0,4.0,5417,10.0,22768.0,2132.0
2851779,2851780,52.0,1151836,2,2,1,1,1.0,30.0,1.0,-9.0,4.0,6111,13.0,22768.0,2132.0
2851780,2851781,18.0,1151836,3,2,2,1,6.0,-9.0,-9.0,14.0,4.0,-9,0.0,22768.0,2132.0
2851781,2851782,18.0,1151836,4,2,2,1,6.0,-9.0,-9.0,14.0,4.0,-9,0.0,22768.0,2132.0
2851782,2851783,49.0,1151837,1,1,0,1,1.0,40.0,1.0,-9.0,4.0,5417,10.0,22771.0,2135.0
2851783,2851784,52.0,1151837,2,2,1,1,1.0,30.0,1.0,-9.0,4.0,6111,13.0,22771.0,2135.0
2851784,2851785,18.0,1151837,3,2,2,1,6.0,-9.0,-9.0,14.0,4.0,-9,0.0,22771.0,2135.0
2851785,2851786,18.0,1151837,4,2,2,1,6.0,-9.0,-9.0,14.0,4.0,-9,0.0,22771.0,2135.0
2851786,2851787,49.0,1151838,1,1,0,1,1.0,40.0,1.0,-9.0,4.0,5417,10.0,22767.0,2132.0
2851787,2851788,52.0,1151838,2,2,1,1,1.0,30.0,1.0,-9.0,4.0,6111,13.0,22767.0,2132.0
2851788,2851789,18.0,1151838,3,2,2,1,6.0,-9.0,-9.0,14.0,4.0,-9,0.0,22767.0,2132.0
2851789,2851790,18.0,1151838,4,2,2,1,6.0,-9.0,-9.0,14.0,4.0,-9,0.0,22767.0,2132.0
2851790,2851791,49.0,1151839,1,1,0,1,1.0,40.0,1.0,-9.0,4.0,5417,10.0,22767.0,2132.0
2851791,2851792,52.0,1151839,2,2,1,1,1.0,30.0,1.0,-9.0,4.0,6111,13.0,22767.0,2132.0
2851792,2851793,18.0,1151839,3,2,2,1,6.0,-9.0,-9.0,14.0,4.0,-9,0.0,22767.0,2132.0
2851793,2851794,18.0,1151839,4,2,2,1,6.0,-9.0,-9.0,14.0,4.0,-9,0.0,22767.0,2132.0
2851794,2851795,49.0,1151840,1,1,0,1,1.0,40.0,1.0,-9.0,4.0,5417,10.0,22768.0,2132.0
2851795,2851796,52.0,1151840,2,2,1,1,1.0,30.0,1.0,-9.0,4.0,6111,13.0,22768.0,2132.0
2851796,2851797,18.0,1151840,3,2,2,1,6.0,-9.0,-9.0,14.0,4.0,-9,0.0,22768.0,2132.0
2851797,2851798,18.0,1151840,4,2,2,1,6.0,-9.0,-9.0,14.0,4.0,-9,0.0,22768.0,2132.0
2851798,2851799,49.0,1151841,1,1,0,1,1.0,40.0,1.0,-9.0,4.0,5417,10.0,22767.0,2132.0
2851799,2851800,52.0,1151841,2,2,1,1,1.0,30.0,1.0,-9.0,4.0,6111,13.0,22767.0,2132.0
2851800,2851801,18.0,1151841,3,2,2,1,6.0,-9.0,-9.0,14.0,4.0,-9,0.0,22767.0,2132.0
2851801,2851802,18.0,1151841,4,2,2,1,6.0,-9.0,-9.0,14.0,4.0,-9,0.0,22767.0,2132.0
2851802,2851803,49.0,1151842,1,1,0,1,1.0,40.0,1.0,-9.0,4.0,5417,10.0,22769.0,2133.0
2851803,2851804,52.0,1151842,2,2,1,1,1.0,30.0,1.0,-9.0,4.0,6111,13.0,22769.0,2133.0
2851804,2851805,18.0,1151842,3,2,2,1,6.0,-9.0,-9.0,14.0,4.0,-9,0.0,22769.0,2133.0
2851805,2851806,18.0,1151842,4,2,2,1,6.0,-9.0,-9.0,14.0,4.0,-9,0.0,22769.0,2133.0
2851806,2851807,49.0,1151843,1,1,0,1,1.0,40.0,1.0,-9.0,4.0,5417,10.0,22770.0,2134.0
2851807,2851808,52.0,1151843,2,2,1,1,1.0,30.0,1.0,-9.0,4.0,6111,13.0,22770.0,2134.0
2851808,2851809,18.0,1151843,3,2,2,1,6.0,-9.0,-9.0,14.0,4.0,-9,0.0,22770.0,2134.0
2851809,2851810,18.0,1151843,4,2,2,1,6.0,-9.0,-9.0,14.0,4.0,-9,0.0,22770.0,2134.0
2851810,2851811,49.0,1151844,1,1,0,1,1.0,40.0,1.0,-9.0,4.0,5417,10.0,22770.0,2134.0
2851811,2851812,52.0,1151844,2,2,1,1,1.0,30.0,1.0,-9.0,4.0,6111,13.0,22770.0,2134.0
2851812,2851813,18.0,1151844,3,2,2,1,6.0,-9.0,-9.0,14.0,4.0,-9,0.0,22770.0,2134.0
2851813,2851814,18.0,1151844,4,2,2,1,6.0,-9.0,-9.0,14.0,4.0,-9,0.0,22770.0,2134.0
2851814,2851815,49.0,1151845,1,1,0,1,1.0,40.0,1.0,-9.0,4.0,5417,10.0,22770.0,2134.0
2851815,2851816,52.0,1151845,2,2,1,1,1.0,30.0,1.0,-9.0,4.0,6111,13.0,22770.0,2134.0
2851816,2851817,18.0,1151845,3,2,2,1,6.0,-9.0,-9.0,14.0,4.0,-9,0.0,22770.0,2134.0
2851817,2851818,18.0,1151845,4,2,2,1,6.0,-9.0,-9.0,14.0,4.0,-9,0.0,22770.0,2134.0
2851818,2851819,49.0,1151846,1,1,0,1,1.0,40.0,1.0,-9.0,4.0,5417,10.0,22771.0,2135.0
2851819,2851820,52.0,1151846,2,2,1,1,1.0,30.0,1.0,-9.0,4.0,6111,13.0,22771.0,2135.0
2851820,2851821,18.0,1151846,3,2,2,1,6.0,-9.0,-9.0,14.0,4.0,-9,0.0,22771.0,2135.0
2851821,2851822,18.0,1151846,4,2,2,1,6.0,-9.0,-9.0,14.0,4.0,-9,0.0,22771.0,2135.0
2851822,2851823,49.0,1151847,1,1,0,1,1.0,40.0,1.0,-9.0,4.0,5417,10.0,22768.0,2132.0
2851823,2851824,52.0,1151847,2,2,1,1,1.0,30.0,1.0,-9.0,4.0,6111,13.0,22768.0,2132.0
2851824,2851825,18.0,1151847,3,2,2,1,6.0,-9.0,-9.0,14.0,4.0,-9,0.0,22768.0,2132.0
2851825,2851826,18.0,1151847,4,2,2,1,6.0,-9.0,-9.0,14.0,4.0,-9,0.0,22768.0,2132.0
2851826,2851827,49.0,1151848,1,1,0,1,1.0,40.0,1.0,-9.0,4.0,5417,10.0,22747.0,2123.0
2851827,2851828,52.0,1151848,2,2,1,1,1.0,30.0,1.0,-9.0,4.0,6111,13.0,22747.0,2123.0
2851828,2851829,18.0,1151848,3,2,2,1,6.0,-9.0,-9.0,14.0,4.0,-9,0.0,22747.0,2123.0
2851829,2851830,18.0,1151848,4,2,2,1,6.0,-9.0,-9.0,14.0,4.0,-9,0.0,22747.0,2123.0
2851830,2851831,49.0,1151849,1,1,0,1,1.0,40.0,1.0,-9.0,4.0,5417,10.0,22767.0,2132.0
2851831,2851832,52.0,1151849,2,2,1,1,1.0,30.0,1.0,-9.0,4.0,6111,13.0,22767.0,2132.0
2851832,2851833,18.0,1151849,3,2,2,1,6.0,-9.0,-9.0,14.0,4.0,-9,0.0,22767.0,2132.0
2851833,2851834,18.0,1151849,4,2,2,1,6.0,-9.0,-9.0,14.0,4.0,-9,0.0,22767.0,2132.0
2851834,2851835,49.0,1151850,1,1,0,1,1.0,40.0,1.0,-9.0,4.0,5417,10.0,22772.0,2136.0
2851835,2851836,52.0,1151850,2,2,1,1,1.0,30.0,1.0,-9.0,4.0,6111,13.0,22772.0,2136.0
2851836,2851837,18.0,1151850,3,2,2,1,6.0,-9.0,-9.0,14.0,4.0,-9,0.0,22772.0,2136.0
2851837,2851838,18.0,1151850,4,2,2,1,6.0,-9.0,-9.0,14.0,4.0,-9,0.0,22772.0,2136.0
2851838,2851839,49.0,1151851,1,1,0,1,1.0,40.0,1.0,-9.0,4.0,5417,10.0,22767.0,2132.0
2851839,2851840,52.0,1151851,2,2,1,1,1.0,30.0,1.0,-9.0,4.0,6111,13.0,22767.0,2132.0
2851840,2851841,18.0,1151851,3,2,2,1,6.0,-9.0,-9.0,14.0,4.0,-9,0.0,22767.0,2132.0
2851841,2851842,18.0,1151851,4,2,2,1,6.0,-9.0,-9.0,14.0,4.0,-9,0.0,22767.0,2132.0
2851842,2851843,49.0,1151852,1,1,0,1,1.0,40.0,1.0,-9.0,4.0,5417,10.0,22771.0,2135.0
2851843,2851844,52.0,1151852,2,2,1,1,1.0,30.0,1.0,-9.0,4.0,6111,13.0,22771.0,2135.0
2851844,2851845,18.0,1151852,3,2,2,1,6.0,-9.0,-9.0,14.0,4.0,-9,0.0,22771.0,2135.0
2851845,2851846,18.0,1151852,4,2,2,1,6.0,-9.0,-9.0,14.0,4.0,-9,0.0,22771.0,2135.0
2851846,2851847,49.0,1151853,1,1,0,1,1.0,40.0,1.0,-9.0,4.0,5417,10.0,22771.0,2135.0
2851847,2851848,52.0,1151853,2,2,1,1,1.0,30.0,1.0,-9.0,4.0,6111,13.0,22771.0,2135.0
2851848,2851849,18.0,1151853,3,2,2,1,6.0,-9.0,-9.0,14.0,4.0,-9,0.0,22771.0,2135.0
2851849,2851850,18.0,1151853,4,2,2,1,6.0,-9.0,-9.0,14.0,4.0,-9,0.0,22771.0,2135.0
2851850,2851851,49.0,1151854,1,1,0,1,1.0,40.0,1.0,-9.0,4.0,5417,10.0,22767.0,2132.0
2851851,2851852,52.0,1151854,2,2,1,1,1.0,30.0,1.0,-9.0,4.0,6111,13.0,22767.0,2132.0
2851852,2851853,18.0,1151854,3,2,2,1,6.0,-9.0,-9.0,14.0,4.0,-9,0.0,22767.0,2132.0
2851853,2851854,18.0,1151854,4,2,2,1,6.0,-9.0,-9.0,14.0,4.0,-9,0.0,22767.0,2132.0
2851854,2851855,49.0,1151855,1,1,0,1,1.0,40.0,1.0,-9.0,4.0,5417,10.0,22767.0,2132.0
2851855,2851856,52.0,1151855,2,2,1,1,1.0,30.0,1.0,-9.0,4.0,6111,13.0,22767.0,2132.0
2851856,2851857,18.0,1151855,3,2,2,1,6.0,-9.0,-9.0,14.0,4.0,-9,0.0,22767.0,2132.0
2851857,2851858,18.0,1151855,4,2,2,1,6.0,-9.0,-9.0,14.0,4.0,-9,0.0,22767.0,2132.0
2851858,2851859,49.0,1151856,1,1,0,1,1.0,40.0,1.0,-9.0,4.0,5417,10.0,22767.0,2132.0
2851859,2851860,52.0,1151856,2,2,1,1,1.0,30.0,1.0,-9.0,4.0,6111,13.0,22767.0,2132.0
2851860,2851861,18.0,1151856,3,2,2,1,6.0,-9.0,-9.0,14.0,4.0,-9,0.0,22767.0,2132.0
2851861,2851862,18.0,1151856,4,2,2,1,6.0,-9.0,-9.0,14.0,4.0,-9,0.0,22767.0,2132.0
2851862,2851863,49.0,1151857,1,1,0,1,1.0,40.0,1.0,-9.0,4.0,5417,10.0,22747.0,2123.0
2851863,2851864,52.0,1151857,2,2,1,1,1.0,30.0,1.0,-9.0,4.0,6111,13.0,22747.0,2123.0
2851864,2851865,18.0,1151857,3,2,2,1,6.0,-9.0,-9.0,14.0,4.0,-9,0.0,22747.0,2123.0
2851865,2851866,18.0,1151857,4,2,2,1,6.0,-9.0,-9.0,14.0,4.0,-9,0.0,22747.0,2123.0
2851866,2851867,49.0,1151858,1,1,0,1,1.0,40.0,1.0,-9.0,4.0,5417,10.0,22770.0,2134.0
2851867,2851868,52.0,1151858,2,2,1,1,1.0,30.0,1.0,-9.0,4.0,6111,13.0,22770.0,2134.0
2851868,2851869,18.0,1151858,3,2,2,1,6.0,-9.0,-9.0,14.0,4.0,-9,0.0,22770.0,2134.0
2851869,2851870,18.0,1151858,4,2,2,1,6.0,-9.0,-9.0,14.0,4.0,-9,0.0,22770.0,2134.0
2851870,2851871,49.0,1151859,1,1,0,1,1.0,40.0,1.0,-9.0,4.0,5417,10.0,22768.0,2132.0
2851871,2851872,52.0,1151859,2,2,1,1,1.0,30.0,1.0,-9.0,4.0,6111,13.0,22768.0,2132.0
2851872,2851873,18.0,1151859,3,2,2,1,6.0,-9.0,-9.0,14.0,4.0,-9,0.0,22768.0,2132.0
2851873,2851874,18.0,1151859,4,2,2,1,6.0,-9.0,-9.0,14.0,4.0,-9,0.0,22768.0,2132.0
2851874,2851875,54.0,1151860,1,2,0,1,1.0,50.0,1.0,-9.0,4.0,611M1,13.0,22747.0,2123.0
2851875,2851876,54.0,1151860,2,1,1,1,1.0,60.0,1.0,-9.0,4.0,611M1,13.0,22747.0,2123.0
2851876,2851877,22.0,1151860,3,2,2,1,1.0,42.0,1.0,-9.0,4.0,5121,8.0,22747.0,2123.0
2851877,2851878,23.0,1151860,4,2,15,1,1.0,30.0,1.0,-9.0,4.0,611M1,13.0,22747.0,2123.0
2851878,2851879,54.0,1151861,1,2,0,1,1.0,50.0,1.0,-9.0,4.0,611M1,13.0,22768.0,2132.0
2851879,2851880,54.0,1151861,2,1,1,1,1.0,60.0,1.0,-9.0,4.0,611M1,13.0,22768.0,2132.0
2851880,2851881,22.0,1151861,3,2,2,1,1.0,42.0,1.0,-9.0,4.0,5121,8.0,22768.0,2132.0
2851881,2851882,23.0,1151861,4,2,15,1,1.0,30.0,1.0,-9.0,4.0,611M1,13.0,22768.0,2132.0
2851882,2851883,54.0,1151862,1,2,0,1,1.0,50.0,1.0,-9.0,4.0,611M1,13.0,22747.0,2123.0
2851883,2851884,54.0,1151862,2,1,1,1,1.0,60.0,1.0,-9.0,4.0,611M1,13.0,22747.0,2123.0
2851884,2851885,22.0,1151862,3,2,2,1,1.0,42.0,1.0,-9.0,4.0,5121,8.0,22747.0,2123.0
2851885,2851886,23.0,1151862,4,2,15,1,1.0,30.0,1.0,-9.0,4.0,611M1,13.0,22747.0,2123.0
2851886,2851887,54.0,1151863,1,2,0,1,1.0,50.0,1.0,-9.0,4.0,611M1,13.0,22767.0,2132.0
2851887,2851888,54.0,1151863,2,1,1,1,1.0,60.0,1.0,-9.0,4.0,611M1,13.0,22767.0,2132.0
2851888,2851889,22.0,1151863,3,2,2,1,1.0,42.0,1.0,-9.0,4.0,5121,8.0,22767.0,2132.0
2851889,2851890,23.0,1151863,4,2,15,1,1.0,30.0,1.0,-9.0,4.0,611M1,13.0,22767.0,2132.0
2851890,2851891,57.0,1151864,1,2,0,1,1.0,40.0,1.0,-9.0,4.0,23,2.0,22768.0,2132.0
2851891,2851892,57.0,1151865,1,2,0,1,1.0,40.0,1.0,-9.0,4.0,23,2.0,22767.0,2132.0
2851892,2851893,57.0,1151866,1,2,0,1,1.0,40.0,1.0,-9.0,4.0,23,2.0,22770.0,2134.0
2851893,2851894,57.0,1151867,1,2,0,1,1.0,40.0,1.0,-9.0,4.0,23,2.0,22767.0,2132.0
2851894,2851895,57.0,1151868,1,2,0,1,1.0,40.0,1.0,-9.0,4.0,23,2.0,22768.0,2132.0
2851895,2851896,57.0,1151869,1,2,0,1,1.0,40.0,1.0,-9.0,4.0,23,2.0,22771.0,2135.0
2851896,2851897,57.0,1151870,1,2,0,1,1.0,40.0,1.0,-9.0,4.0,23,2.0,22747.0,2123.0
2851897,2851898,57.0,1151871,1,2,0,1,1.0,40.0,1.0,-9.0,4.0,23,2.0,22767.0,2132.0
2851898,2851899,55.0,1151872,1,1,0,1,1.0,20.0,1.0,-9.0,4.0,4481,5.0,22768.0,2132.0
2851899,2851900,55.0,1151872,2,2,1,1,6.0,-9.0,-9.0,-9.0,4.0,-9,0.0,22768.0,2132.0
2851900,2851901,19.0,1151872,3,1,2,1,6.0,-9.0,-9.0,14.0,4.0,-9,0.0,22768.0,2132.0
2851901,2851902,17.0,1151872,4,2,2,1,1.0,5.0,5.0,13.0,4.0,4481,5.0,22768.0,2132.0
2851902,2851903,55.0,1151873,1,1,0,1,1.0,20.0,1.0,-9.0,4.0,4481,5.0,22770.0,2134.0
2851903,2851904,55.0,1151873,2,2,1,1,6.0,-9.0,-9.0,-9.0,4.0,-9,0.0,22770.0,2134.0
2851904,2851905,19.0,1151873,3,1,2,1,6.0,-9.0,-9.0,14.0,4.0,-9,0.0,22770.0,2134.0
2851905,2851906,17.0,1151873,4,2,2,1,1.0,5.0,5.0,13.0,4.0,4481,5.0,22770.0,2134.0
2851906,2851907,55.0,1151874,1,1,0,1,1.0,20.0,1.0,-9.0,4.0,4481,5.0,22767.0,2132.0
2851907,2851908,55.0,1151874,2,2,1,1,6.0,-9.0,-9.0,-9.0,4.0,-9,0.0,22767.0,2132.0
2851908,2851909,19.0,1151874,3,1,2,1,6.0,-9.0,-9.0,14.0,4.0,-9,0.0,22767.0,2132.0
2851909,2851910,17.0,1151874,4,2,2,1,1.0,5.0,5.0,13.0,4.0,4481,5.0,22767.0,2132.0
2851910,2851911,26.0,1151875,1,1,0,4,1.0,38.0,1.0,-9.0,4.0,4511M,5.0,22745.0,2121.0
2851911,2851912,22.0,1151875,2,1,12,2,1.0,52.0,1.0,-9.0,4.0,722Z,16.0,22745.0,2121.0
2851912,2851913,26.0,1151876,1,1,0,4,1.0,38.0,1.0,-9.0,4.0,4511M,5.0,22770.0,2134.0
2851913,2851914,22.0,1151876,2,1,12,2,1.0,52.0,1.0,-9.0,4.0,722Z,16.0,22770.0,2134.0
2851914,2851915,26.0,1151877,1,1,0,4,1.0,38.0,1.0,-9.0,4.0,4511M,5.0,22748.0,2124.0
2851915,2851916,22.0,1151877,2,1,12,2,1.0,52.0,1.0,-9.0,4.0,722Z,16.0,22748.0,2124.0
2851916,2851917,26.0,1151878,1,1,0,4,1.0,38.0,1.0,-9.0,4.0,4511M,5.0,22767.0,2132.0
2851917,2851918,22.0,1151878,2,1,12,2,1.0,52.0,1.0,-9.0,4.0,722Z,16.0,22767.0,2132.0
2851918,2851919,26.0,1151879,1,1,0,4,1.0,38.0,1.0,-9.0,4.0,4511M,5.0,22770.0,2134.0
2851919,2851920,22.0,1151879,2,1,12,2,1.0,52.0,1.0,-9.0,4.0,722Z,16.0,22770.0,2134.0
2851920,2851921,26.0,1151880,1,1,0,4,1.0,38.0,1.0,-9.0,4.0,4511M,5.0,22770.0,2134.0
2851921,2851922,22.0,1151880,2,1,12,2,1.0,52.0,1.0,-9.0,4.0,722Z,16.0,22770.0,2134.0
2851922,2851923,26.0,1151881,1,1,0,4,1.0,38.0,1.0,-9.0,4.0,4511M,5.0,22773.0,2136.0
2851923,2851924,22.0,1151881,2,1,12,2,1.0,52.0,1.0,-9.0,4.0,722Z,16.0,22773.0,2136.0
2851924,2851925,26.0,1151882,1,1,0,4,1.0,38.0,1.0,-9.0,4.0,4511M,5.0,22771.0,2135.0
2851925,2851926,22.0,1151882,2,1,12,2,1.0,52.0,1.0,-9.0,4.0,722Z,16.0,22771.0,2135.0
2851926,2851927,26.0,1151883,1,1,0,4,1.0,38.0,1.0,-9.0,4.0,4511M,5.0,22771.0,2135.0
2851927,2851928,22.0,1151883,2,1,12,2,1.0,52.0,1.0,-9.0,4.0,722Z,16.0,22771.0,2135.0
2851928,2851929,26.0,1151884,1,1,0,4,1.0,38.0,1.0,-9.0,4.0,4511M,5.0,22767.0,2132.0
2851929,2851930,22.0,1151884,2,1,12,2,1.0,52.0,1.0,-9.0,4.0,722Z,16.0,22767.0,2132.0
2851930,2851931,26.0,1151885,1,1,0,4,1.0,38.0,1.0,-9.0,4.0,4511M,5.0,22770.0,2134.0
2851931,2851932,22.0,1151885,2,1,12,2,1.0,52.0,1.0,-9.0,4.0,722Z,16.0,22770.0,2134.0
2851932,2851933,26.0,1151886,1,1,0,4,1.0,38.0,1.0,-9.0,4.0,4511M,5.0,22768.0,2132.0
2851933,2851934,22.0,1151886,2,1,12,2,1.0,52.0,1.0,-9.0,4.0,722Z,16.0,22768.0,2132.0
2851934,2851935,26.0,1151887,1,1,0,4,1.0,38.0,1.0,-9.0,4.0,4511M,5.0,22767.0,2132.0
2851935,2851936,22.0,1151887,2,1,12,2,1.0,52.0,1.0,-9.0,4.0,722Z,16.0,22767.0,2132.0
2851936,2851937,26.0,1151888,1,2,0,4,1.0,40.0,3.0,16.0,4.0,611M1,13.0,22769.0,2133.0
2851937,2851938,24.0,1151888,2,2,12,4,6.0,-9.0,-9.0,16.0,4.0,-9,0.0,22769.0,2133.0
2851938,2851939,26.0,1151889,1,2,0,4,1.0,40.0,3.0,16.0,4.0,611M1,13.0,22768.0,2132.0
2851939,2851940,24.0,1151889,2,2,12,4,6.0,-9.0,-9.0,16.0,4.0,-9,0.0,22768.0,2132.0
2851940,2851941,26.0,1151890,1,2,0,4,1.0,40.0,3.0,16.0,4.0,611M1,13.0,22767.0,2132.0
2851941,2851942,24.0,1151890,2,2,12,4,6.0,-9.0,-9.0,16.0,4.0,-9,0.0,22767.0,2132.0
2851942,2851943,26.0,1151891,1,2,0,4,1.0,40.0,3.0,16.0,4.0,611M1,13.0,22767.0,2132.0
2851943,2851944,24.0,1151891,2,2,12,4,6.0,-9.0,-9.0,16.0,4.0,-9,0.0,22767.0,2132.0
2851944,2851945,26.0,1151892,1,2,0,4,1.0,40.0,3.0,16.0,4.0,611M1,13.0,22768.0,2132.0
2851945,2851946,24.0,1151892,2,2,12,4,6.0,-9.0,-9.0,16.0,4.0,-9,0.0,22768.0,2132.0
2851946,2851947,26.0,1151893,1,2,0,4,1.0,40.0,3.0,16.0,4.0,611M1,13.0,22768.0,2132.0
2851947,2851948,24.0,1151893,2,2,12,4,6.0,-9.0,-9.0,16.0,4.0,-9,0.0,22768.0,2132.0
2851948,2851949,26.0,1151894,1,2,0,4,1.0,40.0,3.0,16.0,4.0,611M1,13.0,22767.0,2132.0
2851949,2851950,24.0,1151894,2,2,12,4,6.0,-9.0,-9.0,16.0,4.0,-9,0.0,22767.0,2132.0
2851950,2851951,26.0,1151895,1,2,0,4,1.0,40.0,3.0,16.0,4.0,611M1,13.0,22770.0,2134.0
2851951,2851952,24.0,1151895,2,2,12,4,6.0,-9.0,-9.0,16.0,4.0,-9,0.0,22770.0,2134.0
2851952,2851953,26.0,1151896,1,2,0,4,1.0,40.0,3.0,16.0,4.0,611M1,13.0,22767.0,2132.0
2851953,2851954,24.0,1151896,2,2,12,4,6.0,-9.0,-9.0,16.0,4.0,-9,0.0,22767.0,2132.0
2851954,2851955,26.0,1151897,1,2,0,4,1.0,40.0,3.0,16.0,4.0,611M1,13.0,22767.0,2132.0
2851955,2851956,24.0,1151897,2,2,12,4,6.0,-9.0,-9.0,16.0,4.0,-9,0.0,22767.0,2132.0
2851956,2851957,26.0,1151898,1,2,0,4,1.0,40.0,3.0,16.0,4.0,611M1,13.0,22745.0,2121.0
2851957,2851958,24.0,1151898,2,2,12,4,6.0,-9.0,-9.0,16.0,4.0,-9,0.0,22745.0,2121.0
2851958,2851959,26.0,1151899,1,2,0,4,1.0,40.0,3.0,16.0,4.0,611M1,13.0,22767.0,2132.0
2851959,2851960,24.0,1151899,2,2,12,4,6.0,-9.0,-9.0,16.0,4.0,-9,0.0,22767.0,2132.0
2851960,2851961,26.0,1151900,1,2,0,4,1.0,40.0,3.0,16.0,4.0,611M1,13.0,22768.0,2132.0
2851961,2851962,24.0,1151900,2,2,12,4,6.0,-9.0,-9.0,16.0,4.0,-9,0.0,22768.0,2132.0
2851962,2851963,26.0,1151901,1,2,0,4,1.0,40.0,3.0,16.0,4.0,611M1,13.0,22767.0,2132.0
2851963,2851964,24.0,1151901,2,2,12,4,6.0,-9.0,-9.0,16.0,4.0,-9,0.0,22767.0,2132.0
2851964,2851965,26.0,1151902,1,2,0,4,1.0,40.0,3.0,16.0,4.0,611M1,13.0,22767.0,2132.0
2851965,2851966,24.0,1151902,2,2,12,4,6.0,-9.0,-9.0,16.0,4.0,-9,0.0,22767.0,2132.0
2851966,2851967,26.0,1151903,1,2,0,4,1.0,40.0,3.0,16.0,4.0,611M1,13.0,22770.0,2134.0
2851967,2851968,24.0,1151903,2,2,12,4,6.0,-9.0,-9.0,16.0,4.0,-9,0.0,22770.0,2134.0
2851968,2851969,26.0,1151904,1,2,0,4,1.0,40.0,3.0,16.0,4.0,611M1,13.0,22770.0,2134.0
2851969,2851970,24.0,1151904,2,2,12,4,6.0,-9.0,-9.0,16.0,4.0,-9,0.0,22770.0,2134.0
2851970,2851971,26.0,1151905,1,2,0,4,1.0,40.0,3.0,16.0,4.0,611M1,13.0,22767.0,2132.0
2851971,2851972,24.0,1151905,2,2,12,4,6.0,-9.0,-9.0,16.0,4.0,-9,0.0,22767.0,2132.0
2851972,2851973,26.0,1151906,1,2,0,4,1.0,40.0,3.0,16.0,4.0,611M1,13.0,22767.0,2132.0
2851973,2851974,24.0,1151906,2,2,12,4,6.0,-9.0,-9.0,16.0,4.0,-9,0.0,22767.0,2132.0
2851974,2851975,26.0,1151907,1,2,0,4,1.0,40.0,3.0,16.0,4.0,611M1,13.0,22767.0,2132.0
2851975,2851976,24.0,1151907,2,2,12,4,6.0,-9.0,-9.0,16.0,4.0,-9,0.0,22767.0,2132.0
2851976,2851977,26.0,1151908,1,2,0,4,1.0,40.0,3.0,16.0,4.0,611M1,13.0,22767.0,2132.0
2851977,2851978,24.0,1151908,2,2,12,4,6.0,-9.0,-9.0,16.0,4.0,-9,0.0,22767.0,2132.0
2851978,2851979,26.0,1151909,1,2,0,4,1.0,40.0,3.0,16.0,4.0,611M1,13.0,22771.0,2135.0
2851979,2851980,24.0,1151909,2,2,12,4,6.0,-9.0,-9.0,16.0,4.0,-9,0.0,22771.0,2135.0
2851980,2851981,26.0,1151910,1,2,0,4,1.0,40.0,3.0,16.0,4.0,611M1,13.0,22768.0,2132.0
2851981,2851982,24.0,1151910,2,2,12,4,6.0,-9.0,-9.0,16.0,4.0,-9,0.0,22768.0,2132.0
2851982,2851983,26.0,1151911,1,2,0,4,1.0,40.0,3.0,16.0,4.0,611M1,13.0,22767.0,2132.0
2851983,2851984,24.0,1151911,2,2,12,4,6.0,-9.0,-9.0,16.0,4.0,-9,0.0,22767.0,2132.0
2851984,2851985,26.0,1151912,1,2,0,4,1.0,40.0,3.0,16.0,4.0,611M1,13.0,22770.0,2134.0
2851985,2851986,24.0,1151912,2,2,12,4,6.0,-9.0,-9.0,16.0,4.0,-9,0.0,22770.0,2134.0
2851986,2851987,26.0,1151913,1,2,0,4,1.0,40.0,3.0,16.0,4.0,611M1,13.0,22767.0,2132.0
2851987,2851988,24.0,1151913,2,2,12,4,6.0,-9.0,-9.0,16.0,4.0,-9,0.0,22767.0,2132.0
2851988,2851989,26.0,1151914,1,2,0,4,1.0,40.0,3.0,16.0,4.0,611M1,13.0,22768.0,2132.0
2851989,2851990,24.0,1151914,2,2,12,4,6.0,-9.0,-9.0,16.0,4.0,-9,0.0,22768.0,2132.0
2851990,2851991,26.0,1151915,1,2,0,4,1.0,40.0,3.0,16.0,4.0,611M1,13.0,22773.0,2136.0
2851991,2851992,24.0,1151915,2,2,12,4,6.0,-9.0,-9.0,16.0,4.0,-9,0.0,22773.0,2136.0
2851992,2851993,26.0,1151916,1,2,0,4,1.0,40.0,3.0,16.0,4.0,611M1,13.0,22768.0,2132.0
2851993,2851994,24.0,1151916,2,2,12,4,6.0,-9.0,-9.0,16.0,4.0,-9,0.0,22768.0,2132.0
2851994,2851995,26.0,1151917,1,2,0,4,1.0,40.0,3.0,16.0,4.0,611M1,13.0,22768.0,2132.0
2851995,2851996,24.0,1151917,2,2,12,4,6.0,-9.0,-9.0,16.0,4.0,-9,0.0,22768.0,2132.0
2851996,2851997,26.0,1151918,1,2,0,4,1.0,40.0,3.0,16.0,4.0,611M1,13.0,22769.0,2133.0
2851997,2851998,24.0,1151918,2,2,12,4,6.0,-9.0,-9.0,16.0,4.0,-9,0.0,22769.0,2133.0
2851998,2851999,26.0,1151919,1,2,0,4,1.0,40.0,3.0,16.0,4.0,611M1,13.0,22767.0,2132.0
2851999,2852000,24.0,1151919,2,2,12,4,6.0,-9.0,-9.0,16.0,4.0,-9,0.0,22767.0,2132.0
2852000,2852001,26.0,1151920,1,2,0,4,1.0,40.0,3.0,16.0,4.0,611M1,13.0,22771.0,2135.0
2852001,2852002,24.0,1151920,2,2,12,4,6.0,-9.0,-9.0,16.0,4.0,-9,0.0,22771.0,2135.0
2852002,2852003,26.0,1151921,1,2,0,4,1.0,40.0,3.0,16.0,4.0,611M1,13.0,22767.0,2132.0
2852003,2852004,24.0,1151921,2,2,12,4,6.0,-9.0,-9.0,16.0,4.0,-9,0.0,22767.0,2132.0
2852004,2852005,26.0,1151922,1,2,0,4,1.0,40.0,3.0,16.0,4.0,611M1,13.0,22771.0,2135.0
2852005,2852006,24.0,1151922,2,2,12,4,6.0,-9.0,-9.0,16.0,4.0,-9,0.0,22771.0,2135.0
2852006,2852007,26.0,1151923,1,2,0,4,1.0,40.0,3.0,16.0,4.0,611M1,13.0,22767.0,2132.0
2852007,2852008,24.0,1151923,2,2,12,4,6.0,-9.0,-9.0,16.0,4.0,-9,0.0,22767.0,2132.0
2852008,2852009,26.0,1151924,1,2,0,4,1.0,40.0,3.0,16.0,4.0,611M1,13.0,22768.0,2132.0
2852009,2852010,24.0,1151924,2,2,12,4,6.0,-9.0,-9.0,16.0,4.0,-9,0.0,22768.0,2132.0
2852010,2852011,26.0,1151925,1,2,0,4,1.0,40.0,3.0,16.0,4.0,611M1,13.0,22768.0,2132.0
2852011,2852012,24.0,1151925,2,2,12,4,6.0,-9.0,-9.0,16.0,4.0,-9,0.0,22768.0,2132.0
2852012,2852013,26.0,1151926,1,2,0,4,1.0,40.0,3.0,16.0,4.0,611M1,13.0,22767.0,2132.0
2852013,2852014,24.0,1151926,2,2,12,4,6.0,-9.0,-9.0,16.0,4.0,-9,0.0,22767.0,2132.0
2852014,2852015,26.0,1151927,1,2,0,4,1.0,40.0,3.0,16.0,4.0,611M1,13.0,22770.0,2134.0
2852015,2852016,24.0,1151927,2,2,12,4,6.0,-9.0,-9.0,16.0,4.0,-9,0.0,22770.0,2134.0
2852016,2852017,26.0,1151928,1,2,0,4,1.0,40.0,3.0,16.0,4.0,611M1,13.0,22772.0,2136.0
2852017,2852018,24.0,1151928,2,2,12,4,6.0,-9.0,-9.0,16.0,4.0,-9,0.0,22772.0,2136.0
2852018,2852019,26.0,1151929,1,2,0,4,1.0,40.0,3.0,16.0,4.0,611M1,13.0,22767.0,2132.0
2852019,2852020,24.0,1151929,2,2,12,4,6.0,-9.0,-9.0,16.0,4.0,-9,0.0,22767.0,2132.0
2852020,2852021,26.0,1151930,1,2,0,4,1.0,40.0,3.0,16.0,4.0,611M1,13.0,22767.0,2132.0
2852021,2852022,24.0,1151930,2,2,12,4,6.0,-9.0,-9.0,16.0,4.0,-9,0.0,22767.0,2132.0
2852022,2852023,26.0,1151931,1,2,0,4,1.0,40.0,3.0,16.0,4.0,611M1,13.0,22773.0,2136.0
2852023,2852024,24.0,1151931,2,2,12,4,6.0,-9.0,-9.0,16.0,4.0,-9,0.0,22773.0,2136.0
2852024,2852025,26.0,1151932,1,2,0,4,1.0,40.0,3.0,16.0,4.0,611M1,13.0,22767.0,2132.0
2852025,2852026,24.0,1151932,2,2,12,4,6.0,-9.0,-9.0,16.0,4.0,-9,0.0,22767.0,2132.0
2852026,2852027,26.0,1151933,1,2,0,4,1.0,40.0,3.0,16.0,4.0,611M1,13.0,22770.0,2134.0
2852027,2852028,24.0,1151933,2,2,12,4,6.0,-9.0,-9.0,16.0,4.0,-9,0.0,22770.0,2134.0
2852028,2852029,26.0,1151934,1,2,0,4,1.0,40.0,3.0,16.0,4.0,611M1,13.0,22770.0,2134.0
2852029,2852030,24.0,1151934,2,2,12,4,6.0,-9.0,-9.0,16.0,4.0,-9,0.0,22770.0,2134.0
2852030,2852031,26.0,1151935,1,2,0,4,1.0,40.0,3.0,16.0,4.0,611M1,13.0,22767.0,2132.0
2852031,2852032,24.0,1151935,2,2,12,4,6.0,-9.0,-9.0,16.0,4.0,-9,0.0,22767.0,2132.0
2852032,2852033,26.0,1151936,1,2,0,4,1.0,40.0,3.0,16.0,4.0,611M1,13.0,22767.0,2132.0
2852033,2852034,24.0,1151936,2,2,12,4,6.0,-9.0,-9.0,16.0,4.0,-9,0.0,22767.0,2132.0
2852034,2852035,26.0,1151937,1,2,0,4,1.0,40.0,3.0,16.0,4.0,611M1,13.0,22767.0,2132.0
2852035,2852036,24.0,1151937,2,2,12,4,6.0,-9.0,-9.0,16.0,4.0,-9,0.0,22767.0,2132.0
2852036,2852037,26.0,1151938,1,2,0,4,1.0,40.0,3.0,16.0,4.0,611M1,13.0,22770.0,2134.0
2852037,2852038,24.0,1151938,2,2,12,4,6.0,-9.0,-9.0,16.0,4.0,-9,0.0,22770.0,2134.0
2852038,2852039,26.0,1151939,1,2,0,4,1.0,40.0,3.0,16.0,4.0,611M1,13.0,22767.0,2132.0
2852039,2852040,24.0,1151939,2,2,12,4,6.0,-9.0,-9.0,16.0,4.0,-9,0.0,22767.0,2132.0
2852040,2852041,26.0,1151940,1,2,0,4,1.0,40.0,3.0,16.0,4.0,611M1,13.0,22767.0,2132.0
2852041,2852042,24.0,1151940,2,2,12,4,6.0,-9.0,-9.0,16.0,4.0,-9,0.0,22767.0,2132.0
2852042,2852043,26.0,1151941,1,2,0,4,1.0,40.0,3.0,16.0,4.0,611M1,13.0,22768.0,2132.0
2852043,2852044,24.0,1151941,2,2,12,4,6.0,-9.0,-9.0,16.0,4.0,-9,0.0,22768.0,2132.0
2852044,2852045,26.0,1151942,1,2,0,4,1.0,40.0,3.0,16.0,4.0,611M1,13.0,22747.0,2123.0
2852045,2852046,24.0,1151942,2,2,12,4,6.0,-9.0,-9.0,16.0,4.0,-9,0.0,22747.0,2123.0
2852046,2852047,26.0,1151943,1,2,0,4,1.0,40.0,3.0,16.0,4.0,611M1,13.0,22768.0,2132.0
2852047,2852048,24.0,1151943,2,2,12,4,6.0,-9.0,-9.0,16.0,4.0,-9,0.0,22768.0,2132.0
2852048,2852049,26.0,1151944,1,2,0,4,1.0,40.0,3.0,16.0,4.0,611M1,13.0,22768.0,2132.0
2852049,2852050,24.0,1151944,2,2,12,4,6.0,-9.0,-9.0,16.0,4.0,-9,0.0,22768.0,2132.0
2852050,2852051,26.0,1151945,1,2,0,4,1.0,40.0,3.0,16.0,4.0,611M1,13.0,22747.0,2123.0
2852051,2852052,24.0,1151945,2,2,12,4,6.0,-9.0,-9.0,16.0,4.0,-9,0.0,22747.0,2123.0
2852052,2852053,26.0,1151946,1,2,0,4,1.0,40.0,3.0,16.0,4.0,611M1,13.0,22767.0,2132.0
2852053,2852054,24.0,1151946,2,2,12,4,6.0,-9.0,-9.0,16.0,4.0,-9,0.0,22767.0,2132.0
2852054,2852055,26.0,1151947,1,2,0,4,1.0,40.0,3.0,16.0,4.0,611M1,13.0,22768.0,2132.0
2852055,2852056,24.0,1151947,2,2,12,4,6.0,-9.0,-9.0,16.0,4.0,-9,0.0,22768.0,2132.0
2852056,2852057,26.0,1151948,1,2,0,4,1.0,40.0,3.0,16.0,4.0,611M1,13.0,22770.0,2134.0
2852057,2852058,24.0,1151948,2,2,12,4,6.0,-9.0,-9.0,16.0,4.0,-9,0.0,22770.0,2134.0
2852058,2852059,26.0,1151949,1,2,0,4,1.0,40.0,3.0,16.0,4.0,611M1,13.0,22770.0,2134.0
2852059,2852060,24.0,1151949,2,2,12,4,6.0,-9.0,-9.0,16.0,4.0,-9,0.0,22770.0,2134.0
2852060,2852061,26.0,1151950,1,2,0,4,1.0,40.0,3.0,16.0,4.0,611M1,13.0,22767.0,2132.0
2852061,2852062,24.0,1151950,2,2,12,4,6.0,-9.0,-9.0,16.0,4.0,-9,0.0,22767.0,2132.0
2852062,2852063,25.0,1151951,1,1,0,4,1.0,40.0,1.0,16.0,4.0,611M1,13.0,22768.0,2132.0
2852063,2852064,22.0,1151951,2,1,12,4,6.0,-9.0,-9.0,15.0,4.0,-9,0.0,22768.0,2132.0
2852064,2852065,25.0,1151952,1,1,0,4,1.0,40.0,1.0,16.0,4.0,611M1,13.0,22768.0,2132.0
2852065,2852066,22.0,1151952,2,1,12,4,6.0,-9.0,-9.0,15.0,4.0,-9,0.0,22768.0,2132.0
2852066,2852067,25.0,1151953,1,1,0,4,1.0,40.0,1.0,16.0,4.0,611M1,13.0,22767.0,2132.0
2852067,2852068,22.0,1151953,2,1,12,4,6.0,-9.0,-9.0,15.0,4.0,-9,0.0,22767.0,2132.0
2852068,2852069,25.0,1151954,1,1,0,4,1.0,40.0,1.0,16.0,4.0,611M1,13.0,22767.0,2132.0
2852069,2852070,22.0,1151954,2,1,12,4,6.0,-9.0,-9.0,15.0,4.0,-9,0.0,22767.0,2132.0
2852070,2852071,25.0,1151955,1,1,0,4,1.0,40.0,1.0,16.0,4.0,611M1,13.0,22768.0,2132.0
2852071,2852072,22.0,1151955,2,1,12,4,6.0,-9.0,-9.0,15.0,4.0,-9,0.0,22768.0,2132.0
2852072,2852073,25.0,1151956,1,1,0,4,1.0,40.0,1.0,16.0,4.0,611M1,13.0,22771.0,2135.0
2852073,2852074,22.0,1151956,2,1,12,4,6.0,-9.0,-9.0,15.0,4.0,-9,0.0,22771.0,2135.0
2852074,2852075,25.0,1151957,1,1,0,4,1.0,40.0,1.0,16.0,4.0,611M1,13.0,22768.0,2132.0
2852075,2852076,22.0,1151957,2,1,12,4,6.0,-9.0,-9.0,15.0,4.0,-9,0.0,22768.0,2132.0
2852076,2852077,25.0,1151958,1,1,0,4,1.0,40.0,1.0,16.0,4.0,611M1,13.0,22768.0,2132.0
2852077,2852078,22.0,1151958,2,1,12,4,6.0,-9.0,-9.0,15.0,4.0,-9,0.0,22768.0,2132.0
2852078,2852079,25.0,1151959,1,1,0,4,1.0,40.0,1.0,16.0,4.0,611M1,13.0,22771.0,2135.0
2852079,2852080,22.0,1151959,2,1,12,4,6.0,-9.0,-9.0,15.0,4.0,-9,0.0,22771.0,2135.0
2852080,2852081,25.0,1151960,1,1,0,4,1.0,40.0,1.0,16.0,4.0,611M1,13.0,22767.0,2132.0
2852081,2852082,22.0,1151960,2,1,12,4,6.0,-9.0,-9.0,15.0,4.0,-9,0.0,22767.0,2132.0
2852082,2852083,25.0,1151961,1,1,0,4,1.0,40.0,1.0,16.0,4.0,611M1,13.0,22767.0,2132.0
2852083,2852084,22.0,1151961,2,1,12,4,6.0,-9.0,-9.0,15.0,4.0,-9,0.0,22767.0,2132.0
2852084,2852085,25.0,1151962,1,1,0,4,1.0,40.0,1.0,16.0,4.0,611M1,13.0,22767.0,2132.0
2852085,2852086,22.0,1151962,2,1,12,4,6.0,-9.0,-9.0,15.0,4.0,-9,0.0,22767.0,2132.0
2852086,2852087,25.0,1151963,1,1,0,4,1.0,40.0,1.0,16.0,4.0,611M1,13.0,22747.0,2123.0
2852087,2852088,22.0,1151963,2,1,12,4,6.0,-9.0,-9.0,15.0,4.0,-9,0.0,22747.0,2123.0
2852088,2852089,25.0,1151964,1,1,0,4,1.0,40.0,1.0,16.0,4.0,611M1,13.0,22767.0,2132.0
2852089,2852090,22.0,1151964,2,1,12,4,6.0,-9.0,-9.0,15.0,4.0,-9,0.0,22767.0,2132.0
2852090,2852091,25.0,1151965,1,1,0,4,1.0,40.0,1.0,16.0,4.0,611M1,13.0,22770.0,2134.0
2852091,2852092,22.0,1151965,2,1,12,4,6.0,-9.0,-9.0,15.0,4.0,-9,0.0,22770.0,2134.0
2852092,2852093,25.0,1151966,1,1,0,4,1.0,40.0,1.0,16.0,4.0,611M1,13.0,22768.0,2132.0
2852093,2852094,22.0,1151966,2,1,12,4,6.0,-9.0,-9.0,15.0,4.0,-9,0.0,22768.0,2132.0
2852094,2852095,25.0,1151967,1,1,0,4,1.0,40.0,1.0,16.0,4.0,611M1,13.0,22771.0,2135.0
2852095,2852096,22.0,1151967,2,1,12,4,6.0,-9.0,-9.0,15.0,4.0,-9,0.0,22771.0,2135.0
2852096,2852097,25.0,1151968,1,1,0,4,1.0,40.0,1.0,16.0,4.0,611M1,13.0,22767.0,2132.0
2852097,2852098,22.0,1151968,2,1,12,4,6.0,-9.0,-9.0,15.0,4.0,-9,0.0,22767.0,2132.0
2852098,2852099,25.0,1151969,1,1,0,4,1.0,40.0,1.0,16.0,4.0,611M1,13.0,22771.0,2135.0
2852099,2852100,22.0,1151969,2,1,12,4,6.0,-9.0,-9.0,15.0,4.0,-9,0.0,22771.0,2135.0
2852100,2852101,25.0,1151970,1,1,0,4,1.0,40.0,1.0,16.0,4.0,611M1,13.0,22768.0,2132.0
2852101,2852102,22.0,1151970,2,1,12,4,6.0,-9.0,-9.0,15.0,4.0,-9,0.0,22768.0,2132.0
2852102,2852103,25.0,1151971,1,1,0,4,1.0,40.0,1.0,16.0,4.0,611M1,13.0,22767.0,2132.0
2852103,2852104,22.0,1151971,2,1,12,4,6.0,-9.0,-9.0,15.0,4.0,-9,0.0,22767.0,2132.0
2852104,2852105,25.0,1151972,1,1,0,4,1.0,40.0,1.0,16.0,4.0,611M1,13.0,22767.0,2132.0
2852105,2852106,22.0,1151972,2,1,12,4,6.0,-9.0,-9.0,15.0,4.0,-9,0.0,22767.0,2132.0
2852106,2852107,25.0,1151973,1,1,0,4,1.0,40.0,1.0,16.0,4.0,611M1,13.0,22771.0,2135.0
2852107,2852108,22.0,1151973,2,1,12,4,6.0,-9.0,-9.0,15.0,4.0,-9,0.0,22771.0,2135.0
2852108,2852109,25.0,1151974,1,1,0,4,1.0,40.0,1.0,16.0,4.0,611M1,13.0,22771.0,2135.0
2852109,2852110,22.0,1151974,2,1,12,4,6.0,-9.0,-9.0,15.0,4.0,-9,0.0,22771.0,2135.0
2852110,2852111,25.0,1151975,1,1,0,4,1.0,40.0,1.0,16.0,4.0,611M1,13.0,22767.0,2132.0
2852111,2852112,22.0,1151975,2,1,12,4,6.0,-9.0,-9.0,15.0,4.0,-9,0.0,22767.0,2132.0
2852112,2852113,25.0,1151976,1,1,0,4,1.0,40.0,1.0,16.0,4.0,611M1,13.0,22747.0,2123.0
2852113,2852114,22.0,1151976,2,1,12,4,6.0,-9.0,-9.0,15.0,4.0,-9,0.0,22747.0,2123.0
2852114,2852115,25.0,1151977,1,1,0,4,1.0,40.0,1.0,16.0,4.0,611M1,13.0,22770.0,2134.0
2852115,2852116,22.0,1151977,2,1,12,4,6.0,-9.0,-9.0,15.0,4.0,-9,0.0,22770.0,2134.0
2852116,2852117,25.0,1151978,1,1,0,4,1.0,40.0,1.0,16.0,4.0,611M1,13.0,22770.0,2134.0
2852117,2852118,22.0,1151978,2,1,12,4,6.0,-9.0,-9.0,15.0,4.0,-9,0.0,22770.0,2134.0
2852118,2852119,25.0,1151979,1,1,0,4,1.0,40.0,1.0,16.0,4.0,611M1,13.0,22770.0,2134.0
2852119,2852120,22.0,1151979,2,1,12,4,6.0,-9.0,-9.0,15.0,4.0,-9,0.0,22770.0,2134.0
2852120,2852121,25.0,1151980,1,1,0,4,1.0,40.0,1.0,16.0,4.0,611M1,13.0,22770.0,2134.0
2852121,2852122,22.0,1151980,2,1,12,4,6.0,-9.0,-9.0,15.0,4.0,-9,0.0,22770.0,2134.0
2852122,2852123,25.0,1151981,1,1,0,4,1.0,40.0,1.0,16.0,4.0,611M1,13.0,22767.0,2132.0
2852123,2852124,22.0,1151981,2,1,12,4,6.0,-9.0,-9.0,15.0,4.0,-9,0.0,22767.0,2132.0
2852124,2852125,25.0,1151982,1,1,0,4,1.0,40.0,1.0,16.0,4.0,611M1,13.0,22769.0,2133.0
2852125,2852126,22.0,1151982,2,1,12,4,6.0,-9.0,-9.0,15.0,4.0,-9,0.0,22769.0,2133.0
2852126,2852127,25.0,1151983,1,1,0,4,1.0,40.0,1.0,16.0,4.0,611M1,13.0,22767.0,2132.0
2852127,2852128,22.0,1151983,2,1,12,4,6.0,-9.0,-9.0,15.0,4.0,-9,0.0,22767.0,2132.0
2852128,2852129,25.0,1151984,1,1,0,4,2.0,15.0,5.0,16.0,4.0,611M1,13.0,22770.0,2134.0
2852129,2852130,24.0,1151984,2,1,12,4,6.0,20.0,5.0,16.0,4.0,611M1,13.0,22770.0,2134.0
2852130,2852131,25.0,1151985,1,1,0,4,2.0,15.0,5.0,16.0,4.0,611M1,13.0,22768.0,2132.0
2852131,2852132,24.0,1151985,2,1,12,4,6.0,20.0,5.0,16.0,4.0,611M1,13.0,22768.0,2132.0
2852132,2852133,25.0,1151986,1,1,0,4,2.0,15.0,5.0,16.0,4.0,611M1,13.0,22767.0,2132.0
2852133,2852134,24.0,1151986,2,1,12,4,6.0,20.0,5.0,16.0,4.0,611M1,13.0,22767.0,2132.0
2852134,2852135,25.0,1151987,1,1,0,4,2.0,15.0,5.0,16.0,4.0,611M1,13.0,22768.0,2132.0
2852135,2852136,24.0,1151987,2,1,12,4,6.0,20.0,5.0,16.0,4.0,611M1,13.0,22768.0,2132.0
2852136,2852137,25.0,1151988,1,1,0,4,2.0,15.0,5.0,16.0,4.0,611M1,13.0,22771.0,2135.0
2852137,2852138,24.0,1151988,2,1,12,4,6.0,20.0,5.0,16.0,4.0,611M1,13.0,22771.0,2135.0
2852138,2852139,25.0,1151989,1,1,0,4,2.0,15.0,5.0,16.0,4.0,611M1,13.0,22768.0,2132.0
2852139,2852140,24.0,1151989,2,1,12,4,6.0,20.0,5.0,16.0,4.0,611M1,13.0,22768.0,2132.0
2852140,2852141,25.0,1151990,1,1,0,4,2.0,15.0,5.0,16.0,4.0,611M1,13.0,22748.0,2124.0
2852141,2852142,24.0,1151990,2,1,12,4,6.0,20.0,5.0,16.0,4.0,611M1,13.0,22748.0,2124.0
2852142,2852143,25.0,1151991,1,1,0,4,2.0,15.0,5.0,16.0,4.0,611M1,13.0,22767.0,2132.0
2852143,2852144,24.0,1151991,2,1,12,4,6.0,20.0,5.0,16.0,4.0,611M1,13.0,22767.0,2132.0
2852144,2852145,25.0,1151992,1,1,0,4,2.0,15.0,5.0,16.0,4.0,611M1,13.0,22770.0,2134.0
2852145,2852146,24.0,1151992,2,1,12,4,6.0,20.0,5.0,16.0,4.0,611M1,13.0,22770.0,2134.0
2852146,2852147,25.0,1151993,1,1,0,4,2.0,15.0,5.0,16.0,4.0,611M1,13.0,22747.0,2123.0
2852147,2852148,24.0,1151993,2,1,12,4,6.0,20.0,5.0,16.0,4.0,611M1,13.0,22747.0,2123.0
2852148,2852149,25.0,1151994,1,1,0,4,2.0,15.0,5.0,16.0,4.0,611M1,13.0,22767.0,2132.0
2852149,2852150,24.0,1151994,2,1,12,4,6.0,20.0,5.0,16.0,4.0,611M1,13.0,22767.0,2132.0
2852150,2852151,25.0,1151995,1,1,0,4,2.0,15.0,5.0,16.0,4.0,611M1,13.0,22767.0,2132.0
2852151,2852152,24.0,1151995,2,1,12,4,6.0,20.0,5.0,16.0,4.0,611M1,13.0,22767.0,2132.0
2852152,2852153,25.0,1151996,1,1,0,4,2.0,15.0,5.0,16.0,4.0,611M1,13.0,22769.0,2133.0
2852153,2852154,24.0,1151996,2,1,12,4,6.0,20.0,5.0,16.0,4.0,611M1,13.0,22769.0,2133.0
2852154,2852155,25.0,1151997,1,1,0,4,2.0,15.0,5.0,16.0,4.0,611M1,13.0,22747.0,2123.0
2852155,2852156,24.0,1151997,2,1,12,4,6.0,20.0,5.0,16.0,4.0,611M1,13.0,22747.0,2123.0
2852156,2852157,25.0,1151998,1,1,0,4,2.0,15.0,5.0,16.0,4.0,611M1,13.0,22771.0,2135.0
2852157,2852158,24.0,1151998,2,1,12,4,6.0,20.0,5.0,16.0,4.0,611M1,13.0,22771.0,2135.0
2852158,2852159,25.0,1151999,1,1,0,4,2.0,15.0,5.0,16.0,4.0,611M1,13.0,22771.0,2135.0
2852159,2852160,24.0,1151999,2,1,12,4,6.0,20.0,5.0,16.0,4.0,611M1,13.0,22771.0,2135.0
2852160,2852161,25.0,1152000,1,1,0,4,2.0,15.0,5.0,16.0,4.0,611M1,13.0,22768.0,2132.0
2852161,2852162,24.0,1152000,2,1,12,4,6.0,20.0,5.0,16.0,4.0,611M1,13.0,22768.0,2132.0
2852162,2852163,25.0,1152001,1,1,0,4,2.0,15.0,5.0,16.0,4.0,611M1,13.0,22770.0,2134.0
2852163,2852164,24.0,1152001,2,1,12,4,6.0,20.0,5.0,16.0,4.0,611M1,13.0,22770.0,2134.0
2852164,2852165,25.0,1152002,1,1,0,4,2.0,15.0,5.0,16.0,4.0,611M1,13.0,22767.0,2132.0
2852165,2852166,24.0,1152002,2,1,12,4,6.0,20.0,5.0,16.0,4.0,611M1,13.0,22767.0,2132.0
2852166,2852167,25.0,1152003,1,1,0,4,2.0,15.0,5.0,16.0,4.0,611M1,13.0,22747.0,2123.0
2852167,2852168,24.0,1152003,2,1,12,4,6.0,20.0,5.0,16.0,4.0,611M1,13.0,22747.0,2123.0
2852168,2852169,25.0,1152004,1,1,0,4,2.0,15.0,5.0,16.0,4.0,611M1,13.0,22767.0,2132.0
2852169,2852170,24.0,1152004,2,1,12,4,6.0,20.0,5.0,16.0,4.0,611M1,13.0,22767.0,2132.0
2852170,2852171,25.0,1152005,1,1,0,4,2.0,15.0,5.0,16.0,4.0,611M1,13.0,22768.0,2132.0
2852171,2852172,24.0,1152005,2,1,12,4,6.0,20.0,5.0,16.0,4.0,611M1,13.0,22768.0,2132.0
2852172,2852173,25.0,1152006,1,1,0,4,2.0,15.0,5.0,16.0,4.0,611M1,13.0,22770.0,2134.0
2852173,2852174,24.0,1152006,2,1,12,4,6.0,20.0,5.0,16.0,4.0,611M1,13.0,22770.0,2134.0
2852174,2852175,25.0,1152007,1,1,0,4,2.0,15.0,5.0,16.0,4.0,611M1,13.0,22767.0,2132.0
2852175,2852176,24.0,1152007,2,1,12,4,6.0,20.0,5.0,16.0,4.0,611M1,13.0,22767.0,2132.0
2852176,2852177,25.0,1152008,1,1,0,4,2.0,15.0,5.0,16.0,4.0,611M1,13.0,22770.0,2134.0
2852177,2852178,24.0,1152008,2,1,12,4,6.0,20.0,5.0,16.0,4.0,611M1,13.0,22770.0,2134.0
2852178,2852179,25.0,1152009,1,1,0,4,2.0,15.0,5.0,16.0,4.0,611M1,13.0,22767.0,2132.0
2852179,2852180,24.0,1152009,2,1,12,4,6.0,20.0,5.0,16.0,4.0,611M1,13.0,22767.0,2132.0
2852180,2852181,25.0,1152010,1,1,0,4,2.0,15.0,5.0,16.0,4.0,611M1,13.0,22768.0,2132.0
2852181,2852182,24.0,1152010,2,1,12,4,6.0,20.0,5.0,16.0,4.0,611M1,13.0,22768.0,2132.0
2852182,2852183,25.0,1152011,1,1,0,4,2.0,15.0,5.0,16.0,4.0,611M1,13.0,22767.0,2132.0
2852183,2852184,24.0,1152011,2,1,12,4,6.0,20.0,5.0,16.0,4.0,611M1,13.0,22767.0,2132.0
2852184,2852185,26.0,1152012,1,1,0,4,1.0,40.0,2.0,-9.0,4.0,333MS,3.0,22767.0,2132.0
2852185,2852186,24.0,1152012,2,1,5,4,6.0,-9.0,-9.0,16.0,4.0,-9,0.0,22767.0,2132.0
2852186,2852187,26.0,1152013,1,1,0,4,1.0,40.0,2.0,-9.0,4.0,333MS,3.0,22767.0,2132.0
2852187,2852188,24.0,1152013,2,1,5,4,6.0,-9.0,-9.0,16.0,4.0,-9,0.0,22767.0,2132.0
2852188,2852189,26.0,1152014,1,1,0,4,1.0,40.0,2.0,-9.0,4.0,333MS,3.0,22768.0,2132.0
2852189,2852190,24.0,1152014,2,1,5,4,6.0,-9.0,-9.0,16.0,4.0,-9,0.0,22768.0,2132.0
2852190,2852191,26.0,1152015,1,1,0,4,1.0,40.0,2.0,-9.0,4.0,333MS,3.0,22747.0,2123.0
2852191,2852192,24.0,1152015,2,1,5,4,6.0,-9.0,-9.0,16.0,4.0,-9,0.0,22747.0,2123.0
2852192,2852193,26.0,1152016,1,1,0,4,1.0,40.0,2.0,-9.0,4.0,333MS,3.0,22768.0,2132.0
2852193,2852194,24.0,1152016,2,1,5,4,6.0,-9.0,-9.0,16.0,4.0,-9,0.0,22768.0,2132.0
2852194,2852195,26.0,1152017,1,1,0,4,1.0,40.0,2.0,-9.0,4.0,333MS,3.0,22748.0,2124.0
2852195,2852196,24.0,1152017,2,1,5,4,6.0,-9.0,-9.0,16.0,4.0,-9,0.0,22748.0,2124.0
2852196,2852197,26.0,1152018,1,1,0,4,1.0,40.0,2.0,-9.0,4.0,333MS,3.0,22767.0,2132.0
2852197,2852198,24.0,1152018,2,1,5,4,6.0,-9.0,-9.0,16.0,4.0,-9,0.0,22767.0,2132.0
2852198,2852199,26.0,1152019,1,1,0,4,1.0,40.0,2.0,-9.0,4.0,333MS,3.0,22770.0,2134.0
2852199,2852200,24.0,1152019,2,1,5,4,6.0,-9.0,-9.0,16.0,4.0,-9,0.0,22770.0,2134.0
2852200,2852201,26.0,1152020,1,1,0,4,1.0,40.0,2.0,-9.0,4.0,333MS,3.0,22767.0,2132.0
2852201,2852202,24.0,1152020,2,1,5,4,6.0,-9.0,-9.0,16.0,4.0,-9,0.0,22767.0,2132.0
2852202,2852203,26.0,1152021,1,1,0,4,1.0,40.0,2.0,-9.0,4.0,333MS,3.0,22767.0,2132.0
2852203,2852204,24.0,1152021,2,1,5,4,6.0,-9.0,-9.0,16.0,4.0,-9,0.0,22767.0,2132.0
2852204,2852205,26.0,1152022,1,1,0,4,1.0,40.0,2.0,-9.0,4.0,333MS,3.0,22768.0,2132.0
2852205,2852206,24.0,1152022,2,1,5,4,6.0,-9.0,-9.0,16.0,4.0,-9,0.0,22768.0,2132.0
2852206,2852207,26.0,1152023,1,1,0,4,1.0,40.0,2.0,-9.0,4.0,333MS,3.0,22747.0,2123.0
2852207,2852208,24.0,1152023,2,1,5,4,6.0,-9.0,-9.0,16.0,4.0,-9,0.0,22747.0,2123.0
2852208,2852209,26.0,1152024,1,1,0,4,1.0,40.0,2.0,-9.0,4.0,333MS,3.0,22767.0,2132.0
2852209,2852210,24.0,1152024,2,1,5,4,6.0,-9.0,-9.0,16.0,4.0,-9,0.0,22767.0,2132.0
2852210,2852211,26.0,1152025,1,1,0,4,1.0,40.0,2.0,-9.0,4.0,333MS,3.0,22768.0,2132.0
2852211,2852212,24.0,1152025,2,1,5,4,6.0,-9.0,-9.0,16.0,4.0,-9,0.0,22768.0,2132.0
2852212,2852213,26.0,1152026,1,1,0,4,1.0,40.0,2.0,-9.0,4.0,333MS,3.0,22767.0,2132.0
2852213,2852214,24.0,1152026,2,1,5,4,6.0,-9.0,-9.0,16.0,4.0,-9,0.0,22767.0,2132.0
2852214,2852215,26.0,1152027,1,1,0,4,1.0,40.0,2.0,-9.0,4.0,333MS,3.0,22767.0,2132.0
2852215,2852216,24.0,1152027,2,1,5,4,6.0,-9.0,-9.0,16.0,4.0,-9,0.0,22767.0,2132.0
2852216,2852217,26.0,1152028,1,1,0,4,1.0,40.0,2.0,-9.0,4.0,333MS,3.0,22767.0,2132.0
2852217,2852218,24.0,1152028,2,1,5,4,6.0,-9.0,-9.0,16.0,4.0,-9,0.0,22767.0,2132.0
2852218,2852219,26.0,1152029,1,1,0,4,1.0,40.0,2.0,-9.0,4.0,333MS,3.0,22770.0,2134.0
2852219,2852220,24.0,1152029,2,1,5,4,6.0,-9.0,-9.0,16.0,4.0,-9,0.0,22770.0,2134.0
2852220,2852221,26.0,1152030,1,1,0,4,1.0,40.0,2.0,-9.0,4.0,333MS,3.0,22767.0,2132.0
2852221,2852222,24.0,1152030,2,1,5,4,6.0,-9.0,-9.0,16.0,4.0,-9,0.0,22767.0,2132.0
2852222,2852223,26.0,1152031,1,1,0,4,1.0,40.0,2.0,-9.0,4.0,333MS,3.0,22767.0,2132.0
2852223,2852224,24.0,1152031,2,1,5,4,6.0,-9.0,-9.0,16.0,4.0,-9,0.0,22767.0,2132.0
2852224,2852225,26.0,1152032,1,1,0,4,1.0,40.0,2.0,-9.0,4.0,333MS,3.0,22770.0,2134.0
2852225,2852226,24.0,1152032,2,1,5,4,6.0,-9.0,-9.0,16.0,4.0,-9,0.0,22770.0,2134.0
2852226,2852227,26.0,1152033,1,1,0,4,1.0,40.0,2.0,-9.0,4.0,333MS,3.0,22770.0,2134.0
2852227,2852228,24.0,1152033,2,1,5,4,6.0,-9.0,-9.0,16.0,4.0,-9,0.0,22770.0,2134.0
2852228,2852229,26.0,1152034,1,1,0,4,1.0,40.0,2.0,-9.0,4.0,333MS,3.0,22770.0,2134.0
2852229,2852230,24.0,1152034,2,1,5,4,6.0,-9.0,-9.0,16.0,4.0,-9,0.0,22770.0,2134.0
2852230,2852231,26.0,1152035,1,1,0,4,1.0,40.0,2.0,-9.0,4.0,333MS,3.0,22771.0,2135.0
2852231,2852232,24.0,1152035,2,1,5,4,6.0,-9.0,-9.0,16.0,4.0,-9,0.0,22771.0,2135.0
2852232,2852233,26.0,1152036,1,1,0,4,1.0,40.0,2.0,-9.0,4.0,333MS,3.0,22770.0,2134.0
2852233,2852234,24.0,1152036,2,1,5,4,6.0,-9.0,-9.0,16.0,4.0,-9,0.0,22770.0,2134.0
2852234,2852235,26.0,1152037,1,1,0,4,1.0,40.0,2.0,-9.0,4.0,333MS,3.0,22767.0,2132.0
2852235,2852236,24.0,1152037,2,1,5,4,6.0,-9.0,-9.0,16.0,4.0,-9,0.0,22767.0,2132.0
2852236,2852237,26.0,1152038,1,1,0,4,1.0,40.0,2.0,-9.0,4.0,333MS,3.0,22767.0,2132.0
2852237,2852238,24.0,1152038,2,1,5,4,6.0,-9.0,-9.0,16.0,4.0,-9,0.0,22767.0,2132.0
2852238,2852239,26.0,1152039,1,1,0,4,1.0,40.0,2.0,-9.0,4.0,333MS,3.0,22767.0,2132.0
2852239,2852240,24.0,1152039,2,1,5,4,6.0,-9.0,-9.0,16.0,4.0,-9,0.0,22767.0,2132.0
2852240,2852241,26.0,1152040,1,1,0,4,1.0,40.0,2.0,-9.0,4.0,333MS,3.0,22768.0,2132.0
2852241,2852242,24.0,1152040,2,1,5,4,6.0,-9.0,-9.0,16.0,4.0,-9,0.0,22768.0,2132.0
2852242,2852243,26.0,1152041,1,1,0,4,1.0,40.0,2.0,-9.0,4.0,333MS,3.0,22768.0,2132.0
2852243,2852244,24.0,1152041,2,1,5,4,6.0,-9.0,-9.0,16.0,4.0,-9,0.0,22768.0,2132.0
2852244,2852245,26.0,1152042,1,1,0,4,1.0,40.0,2.0,-9.0,4.0,333MS,3.0,22768.0,2132.0
2852245,2852246,24.0,1152042,2,1,5,4,6.0,-9.0,-9.0,16.0,4.0,-9,0.0,22768.0,2132.0
2852246,2852247,26.0,1152043,1,1,0,4,1.0,40.0,2.0,-9.0,4.0,333MS,3.0,22771.0,2135.0
2852247,2852248,24.0,1152043,2,1,5,4,6.0,-9.0,-9.0,16.0,4.0,-9,0.0,22771.0,2135.0
2852248,2852249,26.0,1152044,1,1,0,4,1.0,40.0,2.0,-9.0,4.0,333MS,3.0,22767.0,2132.0
2852249,2852250,24.0,1152044,2,1,5,4,6.0,-9.0,-9.0,16.0,4.0,-9,0.0,22767.0,2132.0
2852250,2852251,26.0,1152045,1,1,0,4,1.0,40.0,2.0,-9.0,4.0,333MS,3.0,22771.0,2135.0
2852251,2852252,24.0,1152045,2,1,5,4,6.0,-9.0,-9.0,16.0,4.0,-9,0.0,22771.0,2135.0
2852252,2852253,26.0,1152046,1,1,0,4,1.0,40.0,2.0,-9.0,4.0,333MS,3.0,22768.0,2132.0
2852253,2852254,24.0,1152046,2,1,5,4,6.0,-9.0,-9.0,16.0,4.0,-9,0.0,22768.0,2132.0
2852254,2852255,26.0,1152047,1,1,0,4,1.0,40.0,2.0,-9.0,4.0,333MS,3.0,22771.0,2135.0
2852255,2852256,24.0,1152047,2,1,5,4,6.0,-9.0,-9.0,16.0,4.0,-9,0.0,22771.0,2135.0
2852256,2852257,26.0,1152048,1,1,0,4,1.0,40.0,2.0,-9.0,4.0,333MS,3.0,22767.0,2132.0
2852257,2852258,24.0,1152048,2,1,5,4,6.0,-9.0,-9.0,16.0,4.0,-9,0.0,22767.0,2132.0
2852258,2852259,26.0,1152049,1,1,0,4,1.0,40.0,2.0,-9.0,4.0,333MS,3.0,22747.0,2123.0
2852259,2852260,24.0,1152049,2,1,5,4,6.0,-9.0,-9.0,16.0,4.0,-9,0.0,22747.0,2123.0
2852260,2852261,26.0,1152050,1,1,0,4,1.0,40.0,2.0,-9.0,4.0,333MS,3.0,22767.0,2132.0
2852261,2852262,24.0,1152050,2,1,5,4,6.0,-9.0,-9.0,16.0,4.0,-9,0.0,22767.0,2132.0
2852262,2852263,26.0,1152051,1,1,0,4,1.0,40.0,2.0,-9.0,4.0,333MS,3.0,22768.0,2132.0
2852263,2852264,24.0,1152051,2,1,5,4,6.0,-9.0,-9.0,16.0,4.0,-9,0.0,22768.0,2132.0
2852264,2852265,26.0,1152052,1,1,0,4,1.0,40.0,2.0,-9.0,4.0,333MS,3.0,22768.0,2132.0
2852265,2852266,24.0,1152052,2,1,5,4,6.0,-9.0,-9.0,16.0,4.0,-9,0.0,22768.0,2132.0
2852266,2852267,26.0,1152053,1,1,0,4,1.0,40.0,2.0,-9.0,4.0,333MS,3.0,22767.0,2132.0
2852267,2852268,24.0,1152053,2,1,5,4,6.0,-9.0,-9.0,16.0,4.0,-9,0.0,22767.0,2132.0
2852268,2852269,26.0,1152054,1,1,0,4,1.0,40.0,2.0,-9.0,4.0,333MS,3.0,22767.0,2132.0
2852269,2852270,24.0,1152054,2,1,5,4,6.0,-9.0,-9.0,16.0,4.0,-9,0.0,22767.0,2132.0
2852270,2852271,26.0,1152055,1,1,0,4,1.0,40.0,2.0,-9.0,4.0,333MS,3.0,22769.0,2133.0
2852271,2852272,24.0,1152055,2,1,5,4,6.0,-9.0,-9.0,16.0,4.0,-9,0.0,22769.0,2133.0
2852272,2852273,26.0,1152056,1,1,0,4,1.0,40.0,2.0,-9.0,4.0,333MS,3.0,22747.0,2123.0
2852273,2852274,24.0,1152056,2,1,5,4,6.0,-9.0,-9.0,16.0,4.0,-9,0.0,22747.0,2123.0
2852274,2852275,26.0,1152057,1,1,0,4,1.0,40.0,2.0,-9.0,4.0,333MS,3.0,22768.0,2132.0
2852275,2852276,24.0,1152057,2,1,5,4,6.0,-9.0,-9.0,16.0,4.0,-9,0.0,22768.0,2132.0
2852276,2852277,26.0,1152058,1,1,0,4,1.0,40.0,2.0,-9.0,4.0,333MS,3.0,22767.0,2132.0
2852277,2852278,24.0,1152058,2,1,5,4,6.0,-9.0,-9.0,16.0,4.0,-9,0.0,22767.0,2132.0
2852278,2852279,26.0,1152059,1,1,0,4,1.0,40.0,2.0,-9.0,4.0,333MS,3.0,22770.0,2134.0
2852279,2852280,24.0,1152059,2,1,5,4,6.0,-9.0,-9.0,16.0,4.0,-9,0.0,22770.0,2134.0
2852280,2852281,26.0,1152060,1,1,0,4,1.0,40.0,2.0,-9.0,4.0,333MS,3.0,22770.0,2134.0
2852281,2852282,24.0,1152060,2,1,5,4,6.0,-9.0,-9.0,16.0,4.0,-9,0.0,22770.0,2134.0
2852282,2852283,26.0,1152061,1,1,0,4,1.0,40.0,2.0,-9.0,4.0,333MS,3.0,22767.0,2132.0
2852283,2852284,24.0,1152061,2,1,5,4,6.0,-9.0,-9.0,16.0,4.0,-9,0.0,22767.0,2132.0
2852284,2852285,26.0,1152062,1,1,0,4,1.0,40.0,2.0,-9.0,4.0,333MS,3.0,22767.0,2132.0
2852285,2852286,24.0,1152062,2,1,5,4,6.0,-9.0,-9.0,16.0,4.0,-9,0.0,22767.0,2132.0
2852286,2852287,26.0,1152063,1,1,0,4,1.0,40.0,2.0,-9.0,4.0,333MS,3.0,22747.0,2123.0
2852287,2852288,24.0,1152063,2,1,5,4,6.0,-9.0,-9.0,16.0,4.0,-9,0.0,22747.0,2123.0
2852288,2852289,26.0,1152064,1,1,0,4,1.0,40.0,2.0,-9.0,4.0,333MS,3.0,22767.0,2132.0
2852289,2852290,24.0,1152064,2,1,5,4,6.0,-9.0,-9.0,16.0,4.0,-9,0.0,22767.0,2132.0
2852290,2852291,26.0,1152065,1,1,0,4,1.0,40.0,2.0,-9.0,4.0,333MS,3.0,22768.0,2132.0
2852291,2852292,24.0,1152065,2,1,5,4,6.0,-9.0,-9.0,16.0,4.0,-9,0.0,22768.0,2132.0
2852292,2852293,26.0,1152066,1,1,0,4,1.0,40.0,2.0,-9.0,4.0,333MS,3.0,22745.0,2121.0
2852293,2852294,24.0,1152066,2,1,5,4,6.0,-9.0,-9.0,16.0,4.0,-9,0.0,22745.0,2121.0
2852294,2852295,26.0,1152067,1,1,0,4,1.0,40.0,2.0,-9.0,4.0,333MS,3.0,22770.0,2134.0
2852295,2852296,24.0,1152067,2,1,5,4,6.0,-9.0,-9.0,16.0,4.0,-9,0.0,22770.0,2134.0
2852296,2852297,26.0,1152068,1,1,0,4,1.0,40.0,2.0,-9.0,4.0,333MS,3.0,22771.0,2135.0
2852297,2852298,24.0,1152068,2,1,5,4,6.0,-9.0,-9.0,16.0,4.0,-9,0.0,22771.0,2135.0
2852298,2852299,26.0,1152069,1,1,0,4,1.0,40.0,2.0,-9.0,4.0,333MS,3.0,22747.0,2123.0
2852299,2852300,24.0,1152069,2,1,5,4,6.0,-9.0,-9.0,16.0,4.0,-9,0.0,22747.0,2123.0
2852300,2852301,26.0,1152070,1,1,0,4,1.0,40.0,2.0,-9.0,4.0,333MS,3.0,22767.0,2132.0
2852301,2852302,24.0,1152070,2,1,5,4,6.0,-9.0,-9.0,16.0,4.0,-9,0.0,22767.0,2132.0
2852302,2852303,26.0,1152071,1,1,0,4,1.0,40.0,2.0,-9.0,4.0,333MS,3.0,22771.0,2135.0
2852303,2852304,24.0,1152071,2,1,5,4,6.0,-9.0,-9.0,16.0,4.0,-9,0.0,22771.0,2135.0
2852304,2852305,26.0,1152072,1,1,0,4,1.0,40.0,2.0,-9.0,4.0,333MS,3.0,22771.0,2135.0
2852305,2852306,24.0,1152072,2,1,5,4,6.0,-9.0,-9.0,16.0,4.0,-9,0.0,22771.0,2135.0
2852306,2852307,26.0,1152073,1,1,0,4,1.0,40.0,2.0,-9.0,4.0,333MS,3.0,22768.0,2132.0
2852307,2852308,24.0,1152073,2,1,5,4,6.0,-9.0,-9.0,16.0,4.0,-9,0.0,22768.0,2132.0
2852308,2852309,26.0,1152074,1,1,0,4,1.0,40.0,2.0,-9.0,4.0,333MS,3.0,22767.0,2132.0
2852309,2852310,24.0,1152074,2,1,5,4,6.0,-9.0,-9.0,16.0,4.0,-9,0.0,22767.0,2132.0
2852310,2852311,26.0,1152075,1,1,0,4,1.0,40.0,2.0,-9.0,4.0,333MS,3.0,22773.0,2136.0
2852311,2852312,24.0,1152075,2,1,5,4,6.0,-9.0,-9.0,16.0,4.0,-9,0.0,22773.0,2136.0
2852312,2852313,26.0,1152076,1,1,0,4,1.0,40.0,2.0,-9.0,4.0,333MS,3.0,22770.0,2134.0
2852313,2852314,24.0,1152076,2,1,5,4,6.0,-9.0,-9.0,16.0,4.0,-9,0.0,22770.0,2134.0
2852314,2852315,26.0,1152077,1,1,0,4,1.0,40.0,2.0,-9.0,4.0,333MS,3.0,22767.0,2132.0
2852315,2852316,24.0,1152077,2,1,5,4,6.0,-9.0,-9.0,16.0,4.0,-9,0.0,22767.0,2132.0
2852316,2852317,26.0,1152078,1,1,0,4,1.0,40.0,2.0,-9.0,4.0,333MS,3.0,22767.0,2132.0
2852317,2852318,24.0,1152078,2,1,5,4,6.0,-9.0,-9.0,16.0,4.0,-9,0.0,22767.0,2132.0
2852318,2852319,26.0,1152079,1,1,0,4,1.0,40.0,2.0,-9.0,4.0,333MS,3.0,22768.0,2132.0
2852319,2852320,24.0,1152079,2,1,5,4,6.0,-9.0,-9.0,16.0,4.0,-9,0.0,22768.0,2132.0
2852320,2852321,26.0,1152080,1,1,0,4,1.0,40.0,2.0,-9.0,4.0,333MS,3.0,22767.0,2132.0
2852321,2852322,24.0,1152080,2,1,5,4,6.0,-9.0,-9.0,16.0,4.0,-9,0.0,22767.0,2132.0
2852322,2852323,26.0,1152081,1,1,0,4,1.0,40.0,2.0,-9.0,4.0,333MS,3.0,22745.0,2121.0
2852323,2852324,24.0,1152081,2,1,5,4,6.0,-9.0,-9.0,16.0,4.0,-9,0.0,22745.0,2121.0
2852324,2852325,26.0,1152082,1,1,0,4,1.0,40.0,2.0,-9.0,4.0,333MS,3.0,22770.0,2134.0
2852325,2852326,24.0,1152082,2,1,5,4,6.0,-9.0,-9.0,16.0,4.0,-9,0.0,22770.0,2134.0
2852326,2852327,26.0,1152083,1,1,0,4,1.0,40.0,2.0,-9.0,4.0,333MS,3.0,22767.0,2132.0
2852327,2852328,24.0,1152083,2,1,5,4,6.0,-9.0,-9.0,16.0,4.0,-9,0.0,22767.0,2132.0
2852328,2852329,26.0,1152084,1,1,0,4,1.0,40.0,2.0,-9.0,4.0,333MS,3.0,22771.0,2135.0
2852329,2852330,24.0,1152084,2,1,5,4,6.0,-9.0,-9.0,16.0,4.0,-9,0.0,22771.0,2135.0
2852330,2852331,26.0,1152085,1,1,0,4,1.0,40.0,2.0,-9.0,4.0,333MS,3.0,22768.0,2132.0
2852331,2852332,24.0,1152085,2,1,5,4,6.0,-9.0,-9.0,16.0,4.0,-9,0.0,22768.0,2132.0
2852332,2852333,26.0,1152086,1,1,0,4,1.0,40.0,2.0,-9.0,4.0,333MS,3.0,22768.0,2132.0
2852333,2852334,24.0,1152086,2,1,5,4,6.0,-9.0,-9.0,16.0,4.0,-9,0.0,22768.0,2132.0
2852334,2852335,26.0,1152087,1,1,0,4,1.0,40.0,2.0,-9.0,4.0,333MS,3.0,22768.0,2132.0
2852335,2852336,24.0,1152087,2,1,5,4,6.0,-9.0,-9.0,16.0,4.0,-9,0.0,22768.0,2132.0
2852336,2852337,26.0,1152088,1,1,0,4,1.0,40.0,2.0,-9.0,4.0,333MS,3.0,22767.0,2132.0
2852337,2852338,24.0,1152088,2,1,5,4,6.0,-9.0,-9.0,16.0,4.0,-9,0.0,22767.0,2132.0
2852338,2852339,26.0,1152089,1,1,0,4,1.0,40.0,2.0,-9.0,4.0,333MS,3.0,22769.0,2133.0
2852339,2852340,24.0,1152089,2,1,5,4,6.0,-9.0,-9.0,16.0,4.0,-9,0.0,22769.0,2133.0
2852340,2852341,26.0,1152090,1,1,0,4,1.0,40.0,2.0,-9.0,4.0,333MS,3.0,22771.0,2135.0
2852341,2852342,24.0,1152090,2,1,5,4,6.0,-9.0,-9.0,16.0,4.0,-9,0.0,22771.0,2135.0
2852342,2852343,26.0,1152091,1,1,0,4,1.0,40.0,2.0,-9.0,4.0,333MS,3.0,22770.0,2134.0
2852343,2852344,24.0,1152091,2,1,5,4,6.0,-9.0,-9.0,16.0,4.0,-9,0.0,22770.0,2134.0
2852344,2852345,26.0,1152092,1,1,0,4,1.0,40.0,2.0,-9.0,4.0,333MS,3.0,22768.0,2132.0
2852345,2852346,24.0,1152092,2,1,5,4,6.0,-9.0,-9.0,16.0,4.0,-9,0.0,22768.0,2132.0
2852346,2852347,26.0,1152093,1,1,0,4,1.0,40.0,2.0,-9.0,4.0,333MS,3.0,22767.0,2132.0
2852347,2852348,24.0,1152093,2,1,5,4,6.0,-9.0,-9.0,16.0,4.0,-9,0.0,22767.0,2132.0
2852348,2852349,26.0,1152094,1,1,0,4,1.0,40.0,2.0,-9.0,4.0,333MS,3.0,22767.0,2132.0
2852349,2852350,24.0,1152094,2,1,5,4,6.0,-9.0,-9.0,16.0,4.0,-9,0.0,22767.0,2132.0
2852350,2852351,26.0,1152095,1,1,0,4,1.0,40.0,2.0,-9.0,4.0,333MS,3.0,22770.0,2134.0
2852351,2852352,24.0,1152095,2,1,5,4,6.0,-9.0,-9.0,16.0,4.0,-9,0.0,22770.0,2134.0
2852352,2852353,26.0,1152096,1,1,0,4,1.0,40.0,2.0,-9.0,4.0,333MS,3.0,22767.0,2132.0
2852353,2852354,24.0,1152096,2,1,5,4,6.0,-9.0,-9.0,16.0,4.0,-9,0.0,22767.0,2132.0
2852354,2852355,26.0,1152097,1,1,0,4,1.0,40.0,2.0,-9.0,4.0,333MS,3.0,22768.0,2132.0
2852355,2852356,24.0,1152097,2,1,5,4,6.0,-9.0,-9.0,16.0,4.0,-9,0.0,22768.0,2132.0
2852356,2852357,26.0,1152098,1,1,0,4,1.0,40.0,2.0,-9.0,4.0,333MS,3.0,22768.0,2132.0
2852357,2852358,24.0,1152098,2,1,5,4,6.0,-9.0,-9.0,16.0,4.0,-9,0.0,22768.0,2132.0
2852358,2852359,26.0,1152099,1,1,0,4,1.0,40.0,2.0,-9.0,4.0,333MS,3.0,22767.0,2132.0
2852359,2852360,24.0,1152099,2,1,5,4,6.0,-9.0,-9.0,16.0,4.0,-9,0.0,22767.0,2132.0
2852360,2852361,26.0,1152100,1,1,0,4,1.0,40.0,2.0,-9.0,4.0,333MS,3.0,22768.0,2132.0
2852361,2852362,24.0,1152100,2,1,5,4,6.0,-9.0,-9.0,16.0,4.0,-9,0.0,22768.0,2132.0
2852362,2852363,26.0,1152101,1,1,0,4,1.0,40.0,2.0,-9.0,4.0,333MS,3.0,22767.0,2132.0
2852363,2852364,24.0,1152101,2,1,5,4,6.0,-9.0,-9.0,16.0,4.0,-9,0.0,22767.0,2132.0
2852364,2852365,26.0,1152102,1,1,0,4,1.0,40.0,2.0,-9.0,4.0,333MS,3.0,22767.0,2132.0
2852365,2852366,24.0,1152102,2,1,5,4,6.0,-9.0,-9.0,16.0,4.0,-9,0.0,22767.0,2132.0
2852366,2852367,26.0,1152103,1,1,0,4,1.0,40.0,2.0,-9.0,4.0,333MS,3.0,22767.0,2132.0
2852367,2852368,24.0,1152103,2,1,5,4,6.0,-9.0,-9.0,16.0,4.0,-9,0.0,22767.0,2132.0
2852368,2852369,26.0,1152104,1,1,0,4,1.0,40.0,2.0,-9.0,4.0,333MS,3.0,22767.0,2132.0
2852369,2852370,24.0,1152104,2,1,5,4,6.0,-9.0,-9.0,16.0,4.0,-9,0.0,22767.0,2132.0
2852370,2852371,26.0,1152105,1,1,0,4,1.0,40.0,2.0,-9.0,4.0,333MS,3.0,22770.0,2134.0
2852371,2852372,24.0,1152105,2,1,5,4,6.0,-9.0,-9.0,16.0,4.0,-9,0.0,22770.0,2134.0
2852372,2852373,26.0,1152106,1,1,0,4,1.0,40.0,2.0,-9.0,4.0,333MS,3.0,22769.0,2133.0
2852373,2852374,24.0,1152106,2,1,5,4,6.0,-9.0,-9.0,16.0,4.0,-9,0.0,22769.0,2133.0
2852374,2852375,26.0,1152107,1,1,0,4,1.0,40.0,2.0,-9.0,4.0,333MS,3.0,22770.0,2134.0
2852375,2852376,24.0,1152107,2,1,5,4,6.0,-9.0,-9.0,16.0,4.0,-9,0.0,22770.0,2134.0
2852376,2852377,26.0,1152108,1,1,0,4,1.0,40.0,2.0,-9.0,4.0,333MS,3.0,22771.0,2135.0
2852377,2852378,24.0,1152108,2,1,5,4,6.0,-9.0,-9.0,16.0,4.0,-9,0.0,22771.0,2135.0
2852378,2852379,26.0,1152109,1,1,0,4,1.0,40.0,2.0,-9.0,4.0,333MS,3.0,22768.0,2132.0
2852379,2852380,24.0,1152109,2,1,5,4,6.0,-9.0,-9.0,16.0,4.0,-9,0.0,22768.0,2132.0
2852380,2852381,26.0,1152110,1,1,0,4,1.0,40.0,2.0,-9.0,4.0,333MS,3.0,22768.0,2132.0
2852381,2852382,24.0,1152110,2,1,5,4,6.0,-9.0,-9.0,16.0,4.0,-9,0.0,22768.0,2132.0
2852382,2852383,26.0,1152111,1,1,0,4,1.0,40.0,2.0,-9.0,4.0,333MS,3.0,22768.0,2132.0
2852383,2852384,24.0,1152111,2,1,5,4,6.0,-9.0,-9.0,16.0,4.0,-9,0.0,22768.0,2132.0
2852384,2852385,26.0,1152112,1,1,0,4,1.0,40.0,2.0,-9.0,4.0,333MS,3.0,22767.0,2132.0
2852385,2852386,24.0,1152112,2,1,5,4,6.0,-9.0,-9.0,16.0,4.0,-9,0.0,22767.0,2132.0
2852386,2852387,26.0,1152113,1,1,0,4,1.0,40.0,2.0,-9.0,4.0,333MS,3.0,22745.0,2121.0
2852387,2852388,24.0,1152113,2,1,5,4,6.0,-9.0,-9.0,16.0,4.0,-9,0.0,22745.0,2121.0
2852388,2852389,26.0,1152114,1,1,0,4,1.0,40.0,2.0,-9.0,4.0,333MS,3.0,22770.0,2134.0
2852389,2852390,24.0,1152114,2,1,5,4,6.0,-9.0,-9.0,16.0,4.0,-9,0.0,22770.0,2134.0
2852390,2852391,26.0,1152115,1,1,0,4,1.0,40.0,2.0,-9.0,4.0,333MS,3.0,22747.0,2123.0
2852391,2852392,24.0,1152115,2,1,5,4,6.0,-9.0,-9.0,16.0,4.0,-9,0.0,22747.0,2123.0
2852392,2852393,40.0,1152116,1,2,0,2,1.0,30.0,4.0,-9.0,4.0,44611,5.0,22747.0,2123.0
2852393,2852394,21.0,1152116,2,1,2,4,6.0,-9.0,-9.0,15.0,4.0,-9,0.0,22747.0,2123.0
2852394,2852395,40.0,1152117,1,2,0,2,1.0,30.0,4.0,-9.0,4.0,44611,5.0,22767.0,2132.0
2852395,2852396,21.0,1152117,2,1,2,4,6.0,-9.0,-9.0,15.0,4.0,-9,0.0,22767.0,2132.0
2852396,2852397,40.0,1152118,1,2,0,2,1.0,30.0,4.0,-9.0,4.0,44611,5.0,22768.0,2132.0
2852397,2852398,21.0,1152118,2,1,2,4,6.0,-9.0,-9.0,15.0,4.0,-9,0.0,22768.0,2132.0
2852398,2852399,40.0,1152119,1,2,0,2,1.0,30.0,4.0,-9.0,4.0,44611,5.0,22768.0,2132.0
2852399,2852400,21.0,1152119,2,1,2,4,6.0,-9.0,-9.0,15.0,4.0,-9,0.0,22768.0,2132.0
2852400,2852401,40.0,1152120,1,2,0,2,1.0,30.0,4.0,-9.0,4.0,44611,5.0,22767.0,2132.0
2852401,2852402,21.0,1152120,2,1,2,4,6.0,-9.0,-9.0,15.0,4.0,-9,0.0,22767.0,2132.0
2852402,2852403,40.0,1152121,1,2,0,2,1.0,30.0,4.0,-9.0,4.0,44611,5.0,22767.0,2132.0
2852403,2852404,21.0,1152121,2,1,2,4,6.0,-9.0,-9.0,15.0,4.0,-9,0.0,22767.0,2132.0
2852404,2852405,40.0,1152122,1,2,0,2,1.0,30.0,4.0,-9.0,4.0,44611,5.0,22767.0,2132.0
2852405,2852406,21.0,1152122,2,1,2,4,6.0,-9.0,-9.0,15.0,4.0,-9,0.0,22767.0,2132.0
2852406,2852407,40.0,1152123,1,2,0,2,1.0,30.0,4.0,-9.0,4.0,44611,5.0,22767.0,2132.0
2852407,2852408,21.0,1152123,2,1,2,4,6.0,-9.0,-9.0,15.0,4.0,-9,0.0,22767.0,2132.0
2852408,2852409,40.0,1152124,1,2,0,2,1.0,30.0,4.0,-9.0,4.0,44611,5.0,22768.0,2132.0
2852409,2852410,21.0,1152124,2,1,2,4,6.0,-9.0,-9.0,15.0,4.0,-9,0.0,22768.0,2132.0
2852410,2852411,40.0,1152125,1,2,0,2,1.0,30.0,4.0,-9.0,4.0,44611,5.0,22768.0,2132.0
2852411,2852412,21.0,1152125,2,1,2,4,6.0,-9.0,-9.0,15.0,4.0,-9,0.0,22768.0,2132.0
2852412,2852413,40.0,1152126,1,2,0,2,1.0,30.0,4.0,-9.0,4.0,44611,5.0,22770.0,2134.0
2852413,2852414,21.0,1152126,2,1,2,4,6.0,-9.0,-9.0,15.0,4.0,-9,0.0,22770.0,2134.0
2852414,2852415,40.0,1152127,1,2,0,2,1.0,30.0,4.0,-9.0,4.0,44611,5.0,22768.0,2132.0
2852415,2852416,21.0,1152127,2,1,2,4,6.0,-9.0,-9.0,15.0,4.0,-9,0.0,22768.0,2132.0
2852416,2852417,40.0,1152128,1,2,0,2,1.0,30.0,4.0,-9.0,4.0,44611,5.0,22770.0,2134.0
2852417,2852418,21.0,1152128,2,1,2,4,6.0,-9.0,-9.0,15.0,4.0,-9,0.0,22770.0,2134.0
2852418,2852419,40.0,1152129,1,2,0,2,1.0,30.0,4.0,-9.0,4.0,44611,5.0,22771.0,2135.0
2852419,2852420,21.0,1152129,2,1,2,4,6.0,-9.0,-9.0,15.0,4.0,-9,0.0,22771.0,2135.0
2852420,2852421,40.0,1152130,1,2,0,2,1.0,30.0,4.0,-9.0,4.0,44611,5.0,22747.0,2123.0
2852421,2852422,21.0,1152130,2,1,2,4,6.0,-9.0,-9.0,15.0,4.0,-9,0.0,22747.0,2123.0
2852422,2852423,40.0,1152131,1,2,0,2,1.0,30.0,4.0,-9.0,4.0,44611,5.0,22767.0,2132.0
2852423,2852424,21.0,1152131,2,1,2,4,6.0,-9.0,-9.0,15.0,4.0,-9,0.0,22767.0,2132.0
2852424,2852425,40.0,1152132,1,2,0,2,1.0,30.0,4.0,-9.0,4.0,44611,5.0,22767.0,2132.0
2852425,2852426,21.0,1152132,2,1,2,4,6.0,-9.0,-9.0,15.0,4.0,-9,0.0,22767.0,2132.0
2852426,2852427,40.0,1152133,1,2,0,2,1.0,30.0,4.0,-9.0,4.0,44611,5.0,22767.0,2132.0
2852427,2852428,21.0,1152133,2,1,2,4,6.0,-9.0,-9.0,15.0,4.0,-9,0.0,22767.0,2132.0
2852428,2852429,40.0,1152134,1,2,0,2,1.0,30.0,4.0,-9.0,4.0,44611,5.0,22767.0,2132.0
2852429,2852430,21.0,1152134,2,1,2,4,6.0,-9.0,-9.0,15.0,4.0,-9,0.0,22767.0,2132.0
2852430,2852431,40.0,1152135,1,2,0,2,1.0,30.0,4.0,-9.0,4.0,44611,5.0,22771.0,2135.0
2852431,2852432,21.0,1152135,2,1,2,4,6.0,-9.0,-9.0,15.0,4.0,-9,0.0,22771.0,2135.0
2852432,2852433,40.0,1152136,1,2,0,2,1.0,30.0,4.0,-9.0,4.0,44611,5.0,22768.0,2132.0
2852433,2852434,21.0,1152136,2,1,2,4,6.0,-9.0,-9.0,15.0,4.0,-9,0.0,22768.0,2132.0
2852434,2852435,40.0,1152137,1,2,0,2,1.0,30.0,4.0,-9.0,4.0,44611,5.0,22769.0,2133.0
2852435,2852436,21.0,1152137,2,1,2,4,6.0,-9.0,-9.0,15.0,4.0,-9,0.0,22769.0,2133.0
2852436,2852437,40.0,1152138,1,2,0,2,1.0,30.0,4.0,-9.0,4.0,44611,5.0,22771.0,2135.0
2852437,2852438,21.0,1152138,2,1,2,4,6.0,-9.0,-9.0,15.0,4.0,-9,0.0,22771.0,2135.0
2852438,2852439,40.0,1152139,1,2,0,2,1.0,30.0,4.0,-9.0,4.0,44611,5.0,22768.0,2132.0
2852439,2852440,21.0,1152139,2,1,2,4,6.0,-9.0,-9.0,15.0,4.0,-9,0.0,22768.0,2132.0
2852440,2852441,40.0,1152140,1,2,0,2,1.0,30.0,4.0,-9.0,4.0,44611,5.0,22768.0,2132.0
2852441,2852442,21.0,1152140,2,1,2,4,6.0,-9.0,-9.0,15.0,4.0,-9,0.0,22768.0,2132.0
2852442,2852443,40.0,1152141,1,2,0,2,1.0,30.0,4.0,-9.0,4.0,44611,5.0,22771.0,2135.0
2852443,2852444,21.0,1152141,2,1,2,4,6.0,-9.0,-9.0,15.0,4.0,-9,0.0,22771.0,2135.0
2852444,2852445,40.0,1152142,1,2,0,2,1.0,30.0,4.0,-9.0,4.0,44611,5.0,22767.0,2132.0
2852445,2852446,21.0,1152142,2,1,2,4,6.0,-9.0,-9.0,15.0,4.0,-9,0.0,22767.0,2132.0
2852446,2852447,40.0,1152143,1,2,0,2,1.0,30.0,4.0,-9.0,4.0,44611,5.0,22770.0,2134.0
2852447,2852448,21.0,1152143,2,1,2,4,6.0,-9.0,-9.0,15.0,4.0,-9,0.0,22770.0,2134.0
2852448,2852449,40.0,1152144,1,2,0,2,1.0,30.0,4.0,-9.0,4.0,44611,5.0,22771.0,2135.0
2852449,2852450,21.0,1152144,2,1,2,4,6.0,-9.0,-9.0,15.0,4.0,-9,0.0,22771.0,2135.0
2852450,2852451,40.0,1152145,1,2,0,2,1.0,30.0,4.0,-9.0,4.0,44611,5.0,22767.0,2132.0
2852451,2852452,21.0,1152145,2,1,2,4,6.0,-9.0,-9.0,15.0,4.0,-9,0.0,22767.0,2132.0
2852452,2852453,40.0,1152146,1,2,0,2,1.0,30.0,4.0,-9.0,4.0,44611,5.0,22771.0,2135.0
2852453,2852454,21.0,1152146,2,1,2,4,6.0,-9.0,-9.0,15.0,4.0,-9,0.0,22771.0,2135.0
2852454,2852455,40.0,1152147,1,2,0,2,1.0,30.0,4.0,-9.0,4.0,44611,5.0,22767.0,2132.0
2852455,2852456,21.0,1152147,2,1,2,4,6.0,-9.0,-9.0,15.0,4.0,-9,0.0,22767.0,2132.0
2852456,2852457,40.0,1152148,1,2,0,2,1.0,30.0,4.0,-9.0,4.0,44611,5.0,22768.0,2132.0
2852457,2852458,21.0,1152148,2,1,2,4,6.0,-9.0,-9.0,15.0,4.0,-9,0.0,22768.0,2132.0
2852458,2852459,40.0,1152149,1,2,0,2,1.0,30.0,4.0,-9.0,4.0,44611,5.0,22767.0,2132.0
2852459,2852460,21.0,1152149,2,1,2,4,6.0,-9.0,-9.0,15.0,4.0,-9,0.0,22767.0,2132.0
2852460,2852461,40.0,1152150,1,2,0,2,1.0,30.0,4.0,-9.0,4.0,44611,5.0,22747.0,2123.0
2852461,2852462,21.0,1152150,2,1,2,4,6.0,-9.0,-9.0,15.0,4.0,-9,0.0,22747.0,2123.0
2852462,2852463,40.0,1152151,1,2,0,2,1.0,30.0,4.0,-9.0,4.0,44611,5.0,22771.0,2135.0
2852463,2852464,21.0,1152151,2,1,2,4,6.0,-9.0,-9.0,15.0,4.0,-9,0.0,22771.0,2135.0
2852464,2852465,40.0,1152152,1,2,0,2,1.0,30.0,4.0,-9.0,4.0,44611,5.0,22768.0,2132.0
2852465,2852466,21.0,1152152,2,1,2,4,6.0,-9.0,-9.0,15.0,4.0,-9,0.0,22768.0,2132.0
2852466,2852467,40.0,1152153,1,2,0,2,1.0,30.0,4.0,-9.0,4.0,44611,5.0,22767.0,2132.0
2852467,2852468,21.0,1152153,2,1,2,4,6.0,-9.0,-9.0,15.0,4.0,-9,0.0,22767.0,2132.0
2852468,2852469,40.0,1152154,1,2,0,2,1.0,30.0,4.0,-9.0,4.0,44611,5.0,22747.0,2123.0
2852469,2852470,21.0,1152154,2,1,2,4,6.0,-9.0,-9.0,15.0,4.0,-9,0.0,22747.0,2123.0
2852470,2852471,40.0,1152155,1,2,0,2,1.0,30.0,4.0,-9.0,4.0,44611,5.0,22767.0,2132.0
2852471,2852472,21.0,1152155,2,1,2,4,6.0,-9.0,-9.0,15.0,4.0,-9,0.0,22767.0,2132.0
2852472,2852473,40.0,1152156,1,2,0,2,1.0,30.0,4.0,-9.0,4.0,44611,5.0,22767.0,2132.0
2852473,2852474,21.0,1152156,2,1,2,4,6.0,-9.0,-9.0,15.0,4.0,-9,0.0,22767.0,2132.0
2852474,2852475,40.0,1152157,1,2,0,2,1.0,30.0,4.0,-9.0,4.0,44611,5.0,22771.0,2135.0
2852475,2852476,21.0,1152157,2,1,2,4,6.0,-9.0,-9.0,15.0,4.0,-9,0.0,22771.0,2135.0
2852476,2852477,40.0,1152158,1,2,0,2,1.0,30.0,4.0,-9.0,4.0,44611,5.0,22768.0,2132.0
2852477,2852478,21.0,1152158,2,1,2,4,6.0,-9.0,-9.0,15.0,4.0,-9,0.0,22768.0,2132.0
2852478,2852479,40.0,1152159,1,2,0,2,1.0,30.0,4.0,-9.0,4.0,44611,5.0,22768.0,2132.0
2852479,2852480,21.0,1152159,2,1,2,4,6.0,-9.0,-9.0,15.0,4.0,-9,0.0,22768.0,2132.0
2852480,2852481,27.0,1152160,1,2,0,1,1.0,40.0,1.0,-9.0,4.0,813M,17.0,22771.0,2135.0
2852481,2852482,23.0,1152160,2,2,12,2,1.0,40.0,4.0,15.0,4.0,337,3.0,22771.0,2135.0
2852482,2852483,27.0,1152161,1,2,0,1,1.0,40.0,1.0,-9.0,4.0,813M,17.0,22767.0,2132.0
2852483,2852484,23.0,1152161,2,2,12,2,1.0,40.0,4.0,15.0,4.0,337,3.0,22767.0,2132.0
2852484,2852485,27.0,1152162,1,2,0,1,1.0,40.0,1.0,-9.0,4.0,813M,17.0,22771.0,2135.0
2852485,2852486,23.0,1152162,2,2,12,2,1.0,40.0,4.0,15.0,4.0,337,3.0,22771.0,2135.0
2852486,2852487,27.0,1152163,1,2,0,1,1.0,40.0,1.0,-9.0,4.0,813M,17.0,22767.0,2132.0
2852487,2852488,23.0,1152163,2,2,12,2,1.0,40.0,4.0,15.0,4.0,337,3.0,22767.0,2132.0
2852488,2852489,27.0,1152164,1,2,0,1,1.0,40.0,1.0,-9.0,4.0,813M,17.0,22767.0,2132.0
2852489,2852490,23.0,1152164,2,2,12,2,1.0,40.0,4.0,15.0,4.0,337,3.0,22767.0,2132.0
2852490,2852491,27.0,1152165,1,2,0,1,1.0,40.0,1.0,-9.0,4.0,813M,17.0,22768.0,2132.0
2852491,2852492,23.0,1152165,2,2,12,2,1.0,40.0,4.0,15.0,4.0,337,3.0,22768.0,2132.0
2852492,2852493,27.0,1152166,1,2,0,1,1.0,40.0,1.0,-9.0,4.0,813M,17.0,22747.0,2123.0
2852493,2852494,23.0,1152166,2,2,12,2,1.0,40.0,4.0,15.0,4.0,337,3.0,22747.0,2123.0
2852494,2852495,27.0,1152167,1,2,0,1,1.0,40.0,1.0,-9.0,4.0,813M,17.0,22767.0,2132.0
2852495,2852496,23.0,1152167,2,2,12,2,1.0,40.0,4.0,15.0,4.0,337,3.0,22767.0,2132.0
2852496,2852497,27.0,1152168,1,2,0,1,1.0,40.0,1.0,-9.0,4.0,813M,17.0,22767.0,2132.0
2852497,2852498,23.0,1152168,2,2,12,2,1.0,40.0,4.0,15.0,4.0,337,3.0,22767.0,2132.0
2852498,2852499,27.0,1152169,1,2,0,1,1.0,40.0,1.0,-9.0,4.0,813M,17.0,22767.0,2132.0
2852499,2852500,23.0,1152169,2,2,12,2,1.0,40.0,4.0,15.0,4.0,337,3.0,22767.0,2132.0
2852500,2852501,27.0,1152170,1,2,0,1,1.0,40.0,1.0,-9.0,4.0,813M,17.0,22771.0,2135.0
2852501,2852502,23.0,1152170,2,2,12,2,1.0,40.0,4.0,15.0,4.0,337,3.0,22771.0,2135.0
2852502,2852503,27.0,1152171,1,2,0,1,1.0,40.0,1.0,-9.0,4.0,813M,17.0,22768.0,2132.0
2852503,2852504,23.0,1152171,2,2,12,2,1.0,40.0,4.0,15.0,4.0,337,3.0,22768.0,2132.0
2852504,2852505,27.0,1152172,1,2,0,1,1.0,40.0,1.0,-9.0,4.0,813M,17.0,22768.0,2132.0
2852505,2852506,23.0,1152172,2,2,12,2,1.0,40.0,4.0,15.0,4.0,337,3.0,22768.0,2132.0
2852506,2852507,27.0,1152173,1,2,0,1,1.0,40.0,1.0,-9.0,4.0,813M,17.0,22771.0,2135.0
2852507,2852508,23.0,1152173,2,2,12,2,1.0,40.0,4.0,15.0,4.0,337,3.0,22771.0,2135.0
2852508,2852509,27.0,1152174,1,2,0,1,1.0,40.0,1.0,-9.0,4.0,813M,17.0,22768.0,2132.0
2852509,2852510,23.0,1152174,2,2,12,2,1.0,40.0,4.0,15.0,4.0,337,3.0,22768.0,2132.0
2852510,2852511,27.0,1152175,1,2,0,1,1.0,40.0,1.0,-9.0,4.0,813M,17.0,22768.0,2132.0
2852511,2852512,23.0,1152175,2,2,12,2,1.0,40.0,4.0,15.0,4.0,337,3.0,22768.0,2132.0
2852512,2852513,27.0,1152176,1,2,0,1,1.0,40.0,1.0,-9.0,4.0,813M,17.0,22767.0,2132.0
2852513,2852514,23.0,1152176,2,2,12,2,1.0,40.0,4.0,15.0,4.0,337,3.0,22767.0,2132.0
2852514,2852515,27.0,1152177,1,2,0,1,1.0,40.0,1.0,-9.0,4.0,813M,17.0,22767.0,2132.0
2852515,2852516,23.0,1152177,2,2,12,2,1.0,40.0,4.0,15.0,4.0,337,3.0,22767.0,2132.0
2852516,2852517,27.0,1152178,1,2,0,1,1.0,40.0,1.0,-9.0,4.0,813M,17.0,22771.0,2135.0
2852517,2852518,23.0,1152178,2,2,12,2,1.0,40.0,4.0,15.0,4.0,337,3.0,22771.0,2135.0
2852518,2852519,27.0,1152179,1,2,0,1,1.0,40.0,1.0,-9.0,4.0,813M,17.0,22767.0,2132.0
2852519,2852520,23.0,1152179,2,2,12,2,1.0,40.0,4.0,15.0,4.0,337,3.0,22767.0,2132.0
2852520,2852521,27.0,1152180,1,2,0,1,1.0,40.0,1.0,-9.0,4.0,813M,17.0,22769.0,2133.0
2852521,2852522,23.0,1152180,2,2,12,2,1.0,40.0,4.0,15.0,4.0,337,3.0,22769.0,2133.0
2852522,2852523,27.0,1152181,1,2,0,1,1.0,40.0,1.0,-9.0,4.0,813M,17.0,22768.0,2132.0
2852523,2852524,23.0,1152181,2,2,12,2,1.0,40.0,4.0,15.0,4.0,337,3.0,22768.0,2132.0
2852524,2852525,27.0,1152182,1,2,0,1,1.0,40.0,1.0,-9.0,4.0,813M,17.0,22767.0,2132.0
2852525,2852526,23.0,1152182,2,2,12,2,1.0,40.0,4.0,15.0,4.0,337,3.0,22767.0,2132.0
2852526,2852527,27.0,1152183,1,2,0,1,1.0,40.0,1.0,-9.0,4.0,813M,17.0,22771.0,2135.0
2852527,2852528,23.0,1152183,2,2,12,2,1.0,40.0,4.0,15.0,4.0,337,3.0,22771.0,2135.0
2852528,2852529,27.0,1152184,1,2,0,1,1.0,40.0,1.0,-9.0,4.0,813M,17.0,22767.0,2132.0
2852529,2852530,23.0,1152184,2,2,12,2,1.0,40.0,4.0,15.0,4.0,337,3.0,22767.0,2132.0
2852530,2852531,27.0,1152185,1,2,0,1,1.0,40.0,1.0,-9.0,4.0,813M,17.0,22767.0,2132.0
2852531,2852532,23.0,1152185,2,2,12,2,1.0,40.0,4.0,15.0,4.0,337,3.0,22767.0,2132.0
2852532,2852533,27.0,1152186,1,2,0,1,1.0,40.0,1.0,-9.0,4.0,813M,17.0,22767.0,2132.0
2852533,2852534,23.0,1152186,2,2,12,2,1.0,40.0,4.0,15.0,4.0,337,3.0,22767.0,2132.0
2852534,2852535,27.0,1152187,1,2,0,1,1.0,40.0,1.0,-9.0,4.0,813M,17.0,22768.0,2132.0
2852535,2852536,23.0,1152187,2,2,12,2,1.0,40.0,4.0,15.0,4.0,337,3.0,22768.0,2132.0
2852536,2852537,27.0,1152188,1,2,0,1,1.0,40.0,1.0,-9.0,4.0,813M,17.0,22768.0,2132.0
2852537,2852538,23.0,1152188,2,2,12,2,1.0,40.0,4.0,15.0,4.0,337,3.0,22768.0,2132.0
2852538,2852539,27.0,1152189,1,2,0,1,1.0,40.0,1.0,-9.0,4.0,813M,17.0,22767.0,2132.0
2852539,2852540,23.0,1152189,2,2,12,2,1.0,40.0,4.0,15.0,4.0,337,3.0,22767.0,2132.0
2852540,2852541,27.0,1152190,1,2,0,1,1.0,40.0,1.0,-9.0,4.0,813M,17.0,22767.0,2132.0
2852541,2852542,23.0,1152190,2,2,12,2,1.0,40.0,4.0,15.0,4.0,337,3.0,22767.0,2132.0
2852542,2852543,27.0,1152191,1,2,0,1,1.0,40.0,1.0,-9.0,4.0,813M,17.0,22745.0,2121.0
2852543,2852544,23.0,1152191,2,2,12,2,1.0,40.0,4.0,15.0,4.0,337,3.0,22745.0,2121.0
2852544,2852545,27.0,1152192,1,2,0,1,1.0,40.0,1.0,-9.0,4.0,813M,17.0,22767.0,2132.0
2852545,2852546,23.0,1152192,2,2,12,2,1.0,40.0,4.0,15.0,4.0,337,3.0,22767.0,2132.0
2852546,2852547,27.0,1152193,1,2,0,1,1.0,40.0,1.0,-9.0,4.0,813M,17.0,22769.0,2133.0
2852547,2852548,23.0,1152193,2,2,12,2,1.0,40.0,4.0,15.0,4.0,337,3.0,22769.0,2133.0
2852548,2852549,27.0,1152194,1,2,0,1,1.0,40.0,1.0,-9.0,4.0,813M,17.0,22770.0,2134.0
2852549,2852550,23.0,1152194,2,2,12,2,1.0,40.0,4.0,15.0,4.0,337,3.0,22770.0,2134.0
2852550,2852551,27.0,1152195,1,2,0,1,1.0,40.0,1.0,-9.0,4.0,813M,17.0,22767.0,2132.0
2852551,2852552,23.0,1152195,2,2,12,2,1.0,40.0,4.0,15.0,4.0,337,3.0,22767.0,2132.0
2852552,2852553,27.0,1152196,1,2,0,1,1.0,40.0,1.0,-9.0,4.0,813M,17.0,22767.0,2132.0
2852553,2852554,23.0,1152196,2,2,12,2,1.0,40.0,4.0,15.0,4.0,337,3.0,22767.0,2132.0
2852554,2852555,27.0,1152197,1,2,0,1,1.0,40.0,1.0,-9.0,4.0,813M,17.0,22767.0,2132.0
2852555,2852556,23.0,1152197,2,2,12,2,1.0,40.0,4.0,15.0,4.0,337,3.0,22767.0,2132.0
2852556,2852557,25.0,1152198,1,1,0,1,6.0,-9.0,-9.0,15.0,4.0,-9,0.0,22767.0,2132.0
2852557,2852558,22.0,1152198,2,1,10,1,6.0,-9.0,-9.0,15.0,4.0,-9,0.0,22767.0,2132.0
2852558,2852559,21.0,1152198,3,1,10,1,6.0,-9.0,-9.0,15.0,4.0,-9,0.0,22767.0,2132.0
2852559,2852560,25.0,1152199,1,1,0,1,6.0,-9.0,-9.0,15.0,4.0,-9,0.0,22767.0,2132.0
2852560,2852561,22.0,1152199,2,1,10,1,6.0,-9.0,-9.0,15.0,4.0,-9,0.0,22767.0,2132.0
2852561,2852562,21.0,1152199,3,1,10,1,6.0,-9.0,-9.0,15.0,4.0,-9,0.0,22767.0,2132.0
2852562,2852563,25.0,1152200,1,1,0,1,6.0,-9.0,-9.0,15.0,4.0,-9,0.0,22767.0,2132.0
2852563,2852564,22.0,1152200,2,1,10,1,6.0,-9.0,-9.0,15.0,4.0,-9,0.0,22767.0,2132.0
2852564,2852565,21.0,1152200,3,1,10,1,6.0,-9.0,-9.0,15.0,4.0,-9,0.0,22767.0,2132.0
2852565,2852566,25.0,1152201,1,1,0,1,6.0,-9.0,-9.0,15.0,4.0,-9,0.0,22770.0,2134.0
2852566,2852567,22.0,1152201,2,1,10,1,6.0,-9.0,-9.0,15.0,4.0,-9,0.0,22770.0,2134.0
2852567,2852568,21.0,1152201,3,1,10,1,6.0,-9.0,-9.0,15.0,4.0,-9,0.0,22770.0,2134.0
2852568,2852569,25.0,1152202,1,1,0,1,6.0,-9.0,-9.0,15.0,4.0,-9,0.0,22767.0,2132.0
2852569,2852570,22.0,1152202,2,1,10,1,6.0,-9.0,-9.0,15.0,4.0,-9,0.0,22767.0,2132.0
2852570,2852571,21.0,1152202,3,1,10,1,6.0,-9.0,-9.0,15.0,4.0,-9,0.0,22767.0,2132.0
2852571,2852572,25.0,1152203,1,1,0,1,6.0,-9.0,-9.0,15.0,4.0,-9,0.0,22770.0,2134.0
2852572,2852573,22.0,1152203,2,1,10,1,6.0,-9.0,-9.0,15.0,4.0,-9,0.0,22770.0,2134.0
2852573,2852574,21.0,1152203,3,1,10,1,6.0,-9.0,-9.0,15.0,4.0,-9,0.0,22770.0,2134.0
2852574,2852575,25.0,1152204,1,1,0,1,6.0,-9.0,-9.0,15.0,4.0,-9,0.0,22770.0,2134.0
2852575,2852576,22.0,1152204,2,1,10,1,6.0,-9.0,-9.0,15.0,4.0,-9,0.0,22770.0,2134.0
2852576,2852577,21.0,1152204,3,1,10,1,6.0,-9.0,-9.0,15.0,4.0,-9,0.0,22770.0,2134.0
2852577,2852578,25.0,1152205,1,1,0,1,6.0,-9.0,-9.0,15.0,4.0,-9,0.0,22771.0,2135.0
2852578,2852579,22.0,1152205,2,1,10,1,6.0,-9.0,-9.0,15.0,4.0,-9,0.0,22771.0,2135.0
2852579,2852580,21.0,1152205,3,1,10,1,6.0,-9.0,-9.0,15.0,4.0,-9,0.0,22771.0,2135.0
2852580,2852581,25.0,1152206,1,1,0,1,6.0,-9.0,-9.0,15.0,4.0,-9,0.0,22767.0,2132.0
2852581,2852582,22.0,1152206,2,1,10,1,6.0,-9.0,-9.0,15.0,4.0,-9,0.0,22767.0,2132.0
2852582,2852583,21.0,1152206,3,1,10,1,6.0,-9.0,-9.0,15.0,4.0,-9,0.0,22767.0,2132.0
2852583,2852584,25.0,1152207,1,1,0,1,6.0,-9.0,-9.0,15.0,4.0,-9,0.0,22767.0,2132.0
2852584,2852585,22.0,1152207,2,1,10,1,6.0,-9.0,-9.0,15.0,4.0,-9,0.0,22767.0,2132.0
2852585,2852586,21.0,1152207,3,1,10,1,6.0,-9.0,-9.0,15.0,4.0,-9,0.0,22767.0,2132.0
2852586,2852587,25.0,1152208,1,1,0,1,6.0,-9.0,-9.0,15.0,4.0,-9,0.0,22767.0,2132.0
2852587,2852588,22.0,1152208,2,1,10,1,6.0,-9.0,-9.0,15.0,4.0,-9,0.0,22767.0,2132.0
2852588,2852589,21.0,1152208,3,1,10,1,6.0,-9.0,-9.0,15.0,4.0,-9,0.0,22767.0,2132.0
2852589,2852590,25.0,1152209,1,1,0,1,6.0,-9.0,-9.0,15.0,4.0,-9,0.0,22767.0,2132.0
2852590,2852591,22.0,1152209,2,1,10,1,6.0,-9.0,-9.0,15.0,4.0,-9,0.0,22767.0,2132.0
2852591,2852592,21.0,1152209,3,1,10,1,6.0,-9.0,-9.0,15.0,4.0,-9,0.0,22767.0,2132.0
2852592,2852593,25.0,1152210,1,1,0,1,6.0,-9.0,-9.0,15.0,4.0,-9,0.0,22768.0,2132.0
2852593,2852594,22.0,1152210,2,1,10,1,6.0,-9.0,-9.0,15.0,4.0,-9,0.0,22768.0,2132.0
2852594,2852595,21.0,1152210,3,1,10,1,6.0,-9.0,-9.0,15.0,4.0,-9,0.0,22768.0,2132.0
2852595,2852596,25.0,1152211,1,1,0,1,6.0,-9.0,-9.0,15.0,4.0,-9,0.0,22768.0,2132.0
2852596,2852597,22.0,1152211,2,1,10,1,6.0,-9.0,-9.0,15.0,4.0,-9,0.0,22768.0,2132.0
2852597,2852598,21.0,1152211,3,1,10,1,6.0,-9.0,-9.0,15.0,4.0,-9,0.0,22768.0,2132.0
2852598,2852599,25.0,1152212,1,1,0,1,6.0,-9.0,-9.0,15.0,4.0,-9,0.0,22747.0,2123.0
2852599,2852600,22.0,1152212,2,1,10,1,6.0,-9.0,-9.0,15.0,4.0,-9,0.0,22747.0,2123.0
2852600,2852601,21.0,1152212,3,1,10,1,6.0,-9.0,-9.0,15.0,4.0,-9,0.0,22747.0,2123.0
2852601,2852602,25.0,1152213,1,1,0,1,6.0,-9.0,-9.0,15.0,4.0,-9,0.0,22769.0,2133.0
2852602,2852603,22.0,1152213,2,1,10,1,6.0,-9.0,-9.0,15.0,4.0,-9,0.0,22769.0,2133.0
2852603,2852604,21.0,1152213,3,1,10,1,6.0,-9.0,-9.0,15.0,4.0,-9,0.0,22769.0,2133.0
2852604,2852605,25.0,1152214,1,1,0,1,6.0,-9.0,-9.0,15.0,4.0,-9,0.0,22747.0,2123.0
2852605,2852606,22.0,1152214,2,1,10,1,6.0,-9.0,-9.0,15.0,4.0,-9,0.0,22747.0,2123.0
2852606,2852607,21.0,1152214,3,1,10,1,6.0,-9.0,-9.0,15.0,4.0,-9,0.0,22747.0,2123.0
2852607,2852608,25.0,1152215,1,1,0,1,6.0,-9.0,-9.0,15.0,4.0,-9,0.0,22767.0,2132.0
2852608,2852609,22.0,1152215,2,1,10,1,6.0,-9.0,-9.0,15.0,4.0,-9,0.0,22767.0,2132.0
2852609,2852610,21.0,1152215,3,1,10,1,6.0,-9.0,-9.0,15.0,4.0,-9,0.0,22767.0,2132.0
2852610,2852611,25.0,1152216,1,1,0,1,6.0,-9.0,-9.0,15.0,4.0,-9,0.0,22767.0,2132.0
2852611,2852612,22.0,1152216,2,1,10,1,6.0,-9.0,-9.0,15.0,4.0,-9,0.0,22767.0,2132.0
2852612,2852613,21.0,1152216,3,1,10,1,6.0,-9.0,-9.0,15.0,4.0,-9,0.0,22767.0,2132.0
2852613,2852614,25.0,1152217,1,1,0,1,6.0,-9.0,-9.0,15.0,4.0,-9,0.0,22770.0,2134.0
2852614,2852615,22.0,1152217,2,1,10,1,6.0,-9.0,-9.0,15.0,4.0,-9,0.0,22770.0,2134.0
2852615,2852616,21.0,1152217,3,1,10,1,6.0,-9.0,-9.0,15.0,4.0,-9,0.0,22770.0,2134.0
2852616,2852617,25.0,1152218,1,1,0,1,6.0,-9.0,-9.0,15.0,4.0,-9,0.0,22768.0,2132.0
2852617,2852618,22.0,1152218,2,1,10,1,6.0,-9.0,-9.0,15.0,4.0,-9,0.0,22768.0,2132.0
2852618,2852619,21.0,1152218,3,1,10,1,6.0,-9.0,-9.0,15.0,4.0,-9,0.0,22768.0,2132.0
2852619,2852620,25.0,1152219,1,1,0,1,6.0,-9.0,-9.0,15.0,4.0,-9,0.0,22771.0,2135.0
2852620,2852621,22.0,1152219,2,1,10,1,6.0,-9.0,-9.0,15.0,4.0,-9,0.0,22771.0,2135.0
2852621,2852622,21.0,1152219,3,1,10,1,6.0,-9.0,-9.0,15.0,4.0,-9,0.0,22771.0,2135.0
2852622,2852623,25.0,1152220,1,1,0,1,6.0,-9.0,-9.0,15.0,4.0,-9,0.0,22767.0,2132.0
2852623,2852624,22.0,1152220,2,1,10,1,6.0,-9.0,-9.0,15.0,4.0,-9,0.0,22767.0,2132.0
2852624,2852625,21.0,1152220,3,1,10,1,6.0,-9.0,-9.0,15.0,4.0,-9,0.0,22767.0,2132.0
2852625,2852626,25.0,1152221,1,1,0,1,6.0,-9.0,-9.0,15.0,4.0,-9,0.0,22768.0,2132.0
2852626,2852627,22.0,1152221,2,1,10,1,6.0,-9.0,-9.0,15.0,4.0,-9,0.0,22768.0,2132.0
2852627,2852628,21.0,1152221,3,1,10,1,6.0,-9.0,-9.0,15.0,4.0,-9,0.0,22768.0,2132.0
2852628,2852629,25.0,1152222,1,1,0,1,6.0,-9.0,-9.0,15.0,4.0,-9,0.0,22768.0,2132.0
2852629,2852630,22.0,1152222,2,1,10,1,6.0,-9.0,-9.0,15.0,4.0,-9,0.0,22768.0,2132.0
2852630,2852631,21.0,1152222,3,1,10,1,6.0,-9.0,-9.0,15.0,4.0,-9,0.0,22768.0,2132.0
2852631,2852632,25.0,1152223,1,1,0,1,6.0,-9.0,-9.0,15.0,4.0,-9,0.0,22768.0,2132.0
2852632,2852633,22.0,1152223,2,1,10,1,6.0,-9.0,-9.0,15.0,4.0,-9,0.0,22768.0,2132.0
2852633,2852634,21.0,1152223,3,1,10,1,6.0,-9.0,-9.0,15.0,4.0,-9,0.0,22768.0,2132.0
2852634,2852635,25.0,1152224,1,1,0,1,6.0,-9.0,-9.0,15.0,4.0,-9,0.0,22771.0,2135.0
2852635,2852636,22.0,1152224,2,1,10,1,6.0,-9.0,-9.0,15.0,4.0,-9,0.0,22771.0,2135.0
2852636,2852637,21.0,1152224,3,1,10,1,6.0,-9.0,-9.0,15.0,4.0,-9,0.0,22771.0,2135.0
2852637,2852638,25.0,1152225,1,1,0,1,6.0,-9.0,-9.0,15.0,4.0,-9,0.0,22768.0,2132.0
2852638,2852639,22.0,1152225,2,1,10,1,6.0,-9.0,-9.0,15.0,4.0,-9,0.0,22768.0,2132.0
2852639,2852640,21.0,1152225,3,1,10,1,6.0,-9.0,-9.0,15.0,4.0,-9,0.0,22768.0,2132.0
2852640,2852641,25.0,1152226,1,1,0,1,6.0,-9.0,-9.0,15.0,4.0,-9,0.0,22768.0,2132.0
2852641,2852642,22.0,1152226,2,1,10,1,6.0,-9.0,-9.0,15.0,4.0,-9,0.0,22768.0,2132.0
2852642,2852643,21.0,1152226,3,1,10,1,6.0,-9.0,-9.0,15.0,4.0,-9,0.0,22768.0,2132.0
2852643,2852644,25.0,1152227,1,1,0,1,6.0,-9.0,-9.0,15.0,4.0,-9,0.0,22769.0,2133.0
2852644,2852645,22.0,1152227,2,1,10,1,6.0,-9.0,-9.0,15.0,4.0,-9,0.0,22769.0,2133.0
2852645,2852646,21.0,1152227,3,1,10,1,6.0,-9.0,-9.0,15.0,4.0,-9,0.0,22769.0,2133.0
2852646,2852647,25.0,1152228,1,1,0,1,6.0,-9.0,-9.0,15.0,4.0,-9,0.0,22767.0,2132.0
2852647,2852648,22.0,1152228,2,1,10,1,6.0,-9.0,-9.0,15.0,4.0,-9,0.0,22767.0,2132.0
2852648,2852649,21.0,1152228,3,1,10,1,6.0,-9.0,-9.0,15.0,4.0,-9,0.0,22767.0,2132.0
2852649,2852650,25.0,1152229,1,1,0,1,6.0,-9.0,-9.0,15.0,4.0,-9,0.0,22748.0,2124.0
2852650,2852651,22.0,1152229,2,1,10,1,6.0,-9.0,-9.0,15.0,4.0,-9,0.0,22748.0,2124.0
2852651,2852652,21.0,1152229,3,1,10,1,6.0,-9.0,-9.0,15.0,4.0,-9,0.0,22748.0,2124.0
2852652,2852653,25.0,1152230,1,1,0,1,6.0,-9.0,-9.0,15.0,4.0,-9,0.0,22747.0,2123.0
2852653,2852654,22.0,1152230,2,1,10,1,6.0,-9.0,-9.0,15.0,4.0,-9,0.0,22747.0,2123.0
2852654,2852655,21.0,1152230,3,1,10,1,6.0,-9.0,-9.0,15.0,4.0,-9,0.0,22747.0,2123.0
2852655,2852656,25.0,1152231,1,1,0,1,6.0,-9.0,-9.0,15.0,4.0,-9,0.0,22768.0,2132.0
2852656,2852657,22.0,1152231,2,1,10,1,6.0,-9.0,-9.0,15.0,4.0,-9,0.0,22768.0,2132.0
2852657,2852658,21.0,1152231,3,1,10,1,6.0,-9.0,-9.0,15.0,4.0,-9,0.0,22768.0,2132.0
2852658,2852659,25.0,1152232,1,1,0,1,6.0,-9.0,-9.0,15.0,4.0,-9,0.0,22773.0,2136.0
2852659,2852660,22.0,1152232,2,1,10,1,6.0,-9.0,-9.0,15.0,4.0,-9,0.0,22773.0,2136.0
2852660,2852661,21.0,1152232,3,1,10,1,6.0,-9.0,-9.0,15.0,4.0,-9,0.0,22773.0,2136.0
2852661,2852662,25.0,1152233,1,1,0,1,6.0,-9.0,-9.0,15.0,4.0,-9,0.0,22767.0,2132.0
2852662,2852663,22.0,1152233,2,1,10,1,6.0,-9.0,-9.0,15.0,4.0,-9,0.0,22767.0,2132.0
2852663,2852664,21.0,1152233,3,1,10,1,6.0,-9.0,-9.0,15.0,4.0,-9,0.0,22767.0,2132.0
2852664,2852665,25.0,1152234,1,1,0,1,6.0,-9.0,-9.0,15.0,4.0,-9,0.0,22767.0,2132.0
2852665,2852666,22.0,1152234,2,1,10,1,6.0,-9.0,-9.0,15.0,4.0,-9,0.0,22767.0,2132.0
2852666,2852667,21.0,1152234,3,1,10,1,6.0,-9.0,-9.0,15.0,4.0,-9,0.0,22767.0,2132.0
2852667,2852668,25.0,1152235,1,1,0,1,6.0,-9.0,-9.0,15.0,4.0,-9,0.0,22767.0,2132.0
2852668,2852669,22.0,1152235,2,1,10,1,6.0,-9.0,-9.0,15.0,4.0,-9,0.0,22767.0,2132.0
2852669,2852670,21.0,1152235,3,1,10,1,6.0,-9.0,-9.0,15.0,4.0,-9,0.0,22767.0,2132.0
2852670,2852671,25.0,1152236,1,1,0,1,6.0,-9.0,-9.0,15.0,4.0,-9,0.0,22771.0,2135.0
2852671,2852672,22.0,1152236,2,1,10,1,6.0,-9.0,-9.0,15.0,4.0,-9,0.0,22771.0,2135.0
2852672,2852673,21.0,1152236,3,1,10,1,6.0,-9.0,-9.0,15.0,4.0,-9,0.0,22771.0,2135.0
2852673,2852674,25.0,1152237,1,1,0,1,6.0,-9.0,-9.0,15.0,4.0,-9,0.0,22770.0,2134.0
2852674,2852675,22.0,1152237,2,1,10,1,6.0,-9.0,-9.0,15.0,4.0,-9,0.0,22770.0,2134.0
2852675,2852676,21.0,1152237,3,1,10,1,6.0,-9.0,-9.0,15.0,4.0,-9,0.0,22770.0,2134.0
2852676,2852677,25.0,1152238,1,1,0,1,6.0,-9.0,-9.0,15.0,4.0,-9,0.0,22771.0,2135.0
2852677,2852678,22.0,1152238,2,1,10,1,6.0,-9.0,-9.0,15.0,4.0,-9,0.0,22771.0,2135.0
2852678,2852679,21.0,1152238,3,1,10,1,6.0,-9.0,-9.0,15.0,4.0,-9,0.0,22771.0,2135.0
2852679,2852680,25.0,1152239,1,1,0,1,6.0,-9.0,-9.0,15.0,4.0,-9,0.0,22767.0,2132.0
2852680,2852681,22.0,1152239,2,1,10,1,6.0,-9.0,-9.0,15.0,4.0,-9,0.0,22767.0,2132.0
2852681,2852682,21.0,1152239,3,1,10,1,6.0,-9.0,-9.0,15.0,4.0,-9,0.0,22767.0,2132.0
2852682,2852683,25.0,1152240,1,1,0,1,6.0,-9.0,-9.0,15.0,4.0,-9,0.0,22770.0,2134.0
2852683,2852684,22.0,1152240,2,1,10,1,6.0,-9.0,-9.0,15.0,4.0,-9,0.0,22770.0,2134.0
2852684,2852685,21.0,1152240,3,1,10,1,6.0,-9.0,-9.0,15.0,4.0,-9,0.0,22770.0,2134.0
2852685,2852686,25.0,1152241,1,1,0,1,6.0,-9.0,-9.0,15.0,4.0,-9,0.0,22770.0,2134.0
2852686,2852687,22.0,1152241,2,1,10,1,6.0,-9.0,-9.0,15.0,4.0,-9,0.0,22770.0,2134.0
2852687,2852688,21.0,1152241,3,1,10,1,6.0,-9.0,-9.0,15.0,4.0,-9,0.0,22770.0,2134.0
2852688,2852689,25.0,1152242,1,1,0,1,6.0,-9.0,-9.0,15.0,4.0,-9,0.0,22771.0,2135.0
2852689,2852690,22.0,1152242,2,1,10,1,6.0,-9.0,-9.0,15.0,4.0,-9,0.0,22771.0,2135.0
2852690,2852691,21.0,1152242,3,1,10,1,6.0,-9.0,-9.0,15.0,4.0,-9,0.0,22771.0,2135.0
2852691,2852692,25.0,1152243,1,1,0,1,6.0,-9.0,-9.0,15.0,4.0,-9,0.0,22767.0,2132.0
2852692,2852693,22.0,1152243,2,1,10,1,6.0,-9.0,-9.0,15.0,4.0,-9,0.0,22767.0,2132.0
2852693,2852694,21.0,1152243,3,1,10,1,6.0,-9.0,-9.0,15.0,4.0,-9,0.0,22767.0,2132.0
2852694,2852695,25.0,1152244,1,1,0,1,6.0,-9.0,-9.0,15.0,4.0,-9,0.0,22767.0,2132.0
2852695,2852696,22.0,1152244,2,1,10,1,6.0,-9.0,-9.0,15.0,4.0,-9,0.0,22767.0,2132.0
2852696,2852697,21.0,1152244,3,1,10,1,6.0,-9.0,-9.0,15.0,4.0,-9,0.0,22767.0,2132.0
2852697,2852698,25.0,1152245,1,1,0,1,6.0,-9.0,-9.0,15.0,4.0,-9,0.0,22769.0,2133.0
2852698,2852699,22.0,1152245,2,1,10,1,6.0,-9.0,-9.0,15.0,4.0,-9,0.0,22769.0,2133.0
2852699,2852700,21.0,1152245,3,1,10,1,6.0,-9.0,-9.0,15.0,4.0,-9,0.0,22769.0,2133.0
2852700,2852701,25.0,1152246,1,1,0,1,6.0,-9.0,-9.0,15.0,4.0,-9,0.0,22747.0,2123.0
2852701,2852702,22.0,1152246,2,1,10,1,6.0,-9.0,-9.0,15.0,4.0,-9,0.0,22747.0,2123.0
2852702,2852703,21.0,1152246,3,1,10,1,6.0,-9.0,-9.0,15.0,4.0,-9,0.0,22747.0,2123.0
2852703,2852704,25.0,1152247,1,1,0,1,6.0,-9.0,-9.0,15.0,4.0,-9,0.0,22770.0,2134.0
2852704,2852705,22.0,1152247,2,1,10,1,6.0,-9.0,-9.0,15.0,4.0,-9,0.0,22770.0,2134.0
2852705,2852706,21.0,1152247,3,1,10,1,6.0,-9.0,-9.0,15.0,4.0,-9,0.0,22770.0,2134.0
2852706,2852707,25.0,1152248,1,1,0,1,6.0,-9.0,-9.0,15.0,4.0,-9,0.0,22771.0,2135.0
2852707,2852708,22.0,1152248,2,1,10,1,6.0,-9.0,-9.0,15.0,4.0,-9,0.0,22771.0,2135.0
2852708,2852709,21.0,1152248,3,1,10,1,6.0,-9.0,-9.0,15.0,4.0,-9,0.0,22771.0,2135.0
2852709,2852710,25.0,1152249,1,1,0,1,6.0,-9.0,-9.0,15.0,4.0,-9,0.0,22767.0,2132.0
2852710,2852711,22.0,1152249,2,1,10,1,6.0,-9.0,-9.0,15.0,4.0,-9,0.0,22767.0,2132.0
2852711,2852712,21.0,1152249,3,1,10,1,6.0,-9.0,-9.0,15.0,4.0,-9,0.0,22767.0,2132.0
2852712,2852713,25.0,1152250,1,1,0,1,6.0,-9.0,-9.0,15.0,4.0,-9,0.0,22770.0,2134.0
2852713,2852714,22.0,1152250,2,1,10,1,6.0,-9.0,-9.0,15.0,4.0,-9,0.0,22770.0,2134.0
2852714,2852715,21.0,1152250,3,1,10,1,6.0,-9.0,-9.0,15.0,4.0,-9,0.0,22770.0,2134.0
2852715,2852716,25.0,1152251,1,1,0,1,6.0,-9.0,-9.0,15.0,4.0,-9,0.0,22767.0,2132.0
2852716,2852717,22.0,1152251,2,1,10,1,6.0,-9.0,-9.0,15.0,4.0,-9,0.0,22767.0,2132.0
2852717,2852718,21.0,1152251,3,1,10,1,6.0,-9.0,-9.0,15.0,4.0,-9,0.0,22767.0,2132.0
2852718,2852719,25.0,1152252,1,1,0,1,6.0,-9.0,-9.0,15.0,4.0,-9,0.0,22767.0,2132.0
2852719,2852720,22.0,1152252,2,1,10,1,6.0,-9.0,-9.0,15.0,4.0,-9,0.0,22767.0,2132.0
2852720,2852721,21.0,1152252,3,1,10,1,6.0,-9.0,-9.0,15.0,4.0,-9,0.0,22767.0,2132.0
2852721,2852722,25.0,1152253,1,1,0,1,6.0,-9.0,-9.0,15.0,4.0,-9,0.0,22747.0,2123.0
2852722,2852723,22.0,1152253,2,1,10,1,6.0,-9.0,-9.0,15.0,4.0,-9,0.0,22747.0,2123.0
2852723,2852724,21.0,1152253,3,1,10,1,6.0,-9.0,-9.0,15.0,4.0,-9,0.0,22747.0,2123.0
2852724,2852725,25.0,1152254,1,1,0,1,6.0,-9.0,-9.0,15.0,4.0,-9,0.0,22767.0,2132.0
2852725,2852726,22.0,1152254,2,1,10,1,6.0,-9.0,-9.0,15.0,4.0,-9,0.0,22767.0,2132.0
2852726,2852727,21.0,1152254,3,1,10,1,6.0,-9.0,-9.0,15.0,4.0,-9,0.0,22767.0,2132.0
2852727,2852728,25.0,1152255,1,1,0,1,6.0,-9.0,-9.0,15.0,4.0,-9,0.0,22767.0,2132.0
2852728,2852729,22.0,1152255,2,1,10,1,6.0,-9.0,-9.0,15.0,4.0,-9,0.0,22767.0,2132.0
2852729,2852730,21.0,1152255,3,1,10,1,6.0,-9.0,-9.0,15.0,4.0,-9,0.0,22767.0,2132.0
2852730,2852731,25.0,1152256,1,1,0,1,6.0,-9.0,-9.0,15.0,4.0,-9,0.0,22773.0,2136.0
2852731,2852732,22.0,1152256,2,1,10,1,6.0,-9.0,-9.0,15.0,4.0,-9,0.0,22773.0,2136.0
2852732,2852733,21.0,1152256,3,1,10,1,6.0,-9.0,-9.0,15.0,4.0,-9,0.0,22773.0,2136.0
2852733,2852734,25.0,1152257,1,1,0,1,6.0,-9.0,-9.0,15.0,4.0,-9,0.0,22768.0,2132.0
2852734,2852735,22.0,1152257,2,1,10,1,6.0,-9.0,-9.0,15.0,4.0,-9,0.0,22768.0,2132.0
2852735,2852736,21.0,1152257,3,1,10,1,6.0,-9.0,-9.0,15.0,4.0,-9,0.0,22768.0,2132.0
2852736,2852737,25.0,1152258,1,1,0,1,6.0,-9.0,-9.0,15.0,4.0,-9,0.0,22767.0,2132.0
2852737,2852738,22.0,1152258,2,1,10,1,6.0,-9.0,-9.0,15.0,4.0,-9,0.0,22767.0,2132.0
2852738,2852739,21.0,1152258,3,1,10,1,6.0,-9.0,-9.0,15.0,4.0,-9,0.0,22767.0,2132.0
2852739,2852740,25.0,1152259,1,1,0,1,6.0,-9.0,-9.0,15.0,4.0,-9,0.0,22747.0,2123.0
2852740,2852741,22.0,1152259,2,1,10,1,6.0,-9.0,-9.0,15.0,4.0,-9,0.0,22747.0,2123.0
2852741,2852742,21.0,1152259,3,1,10,1,6.0,-9.0,-9.0,15.0,4.0,-9,0.0,22747.0,2123.0
2852742,2852743,25.0,1152260,1,1,0,1,6.0,-9.0,-9.0,15.0,4.0,-9,0.0,22767.0,2132.0
2852743,2852744,22.0,1152260,2,1,10,1,6.0,-9.0,-9.0,15.0,4.0,-9,0.0,22767.0,2132.0
2852744,2852745,21.0,1152260,3,1,10,1,6.0,-9.0,-9.0,15.0,4.0,-9,0.0,22767.0,2132.0
2852745,2852746,25.0,1152261,1,1,0,1,6.0,-9.0,-9.0,15.0,4.0,-9,0.0,22771.0,2135.0
2852746,2852747,22.0,1152261,2,1,10,1,6.0,-9.0,-9.0,15.0,4.0,-9,0.0,22771.0,2135.0
2852747,2852748,21.0,1152261,3,1,10,1,6.0,-9.0,-9.0,15.0,4.0,-9,0.0,22771.0,2135.0
2852748,2852749,25.0,1152262,1,1,0,1,6.0,-9.0,-9.0,15.0,4.0,-9,0.0,22767.0,2132.0
2852749,2852750,22.0,1152262,2,1,10,1,6.0,-9.0,-9.0,15.0,4.0,-9,0.0,22767.0,2132.0
2852750,2852751,21.0,1152262,3,1,10,1,6.0,-9.0,-9.0,15.0,4.0,-9,0.0,22767.0,2132.0
2852751,2852752,25.0,1152263,1,1,0,1,6.0,-9.0,-9.0,15.0,4.0,-9,0.0,22767.0,2132.0
2852752,2852753,22.0,1152263,2,1,10,1,6.0,-9.0,-9.0,15.0,4.0,-9,0.0,22767.0,2132.0
2852753,2852754,21.0,1152263,3,1,10,1,6.0,-9.0,-9.0,15.0,4.0,-9,0.0,22767.0,2132.0
2852754,2852755,25.0,1152264,1,1,0,1,6.0,-9.0,-9.0,15.0,4.0,-9,0.0,22767.0,2132.0
2852755,2852756,22.0,1152264,2,1,10,1,6.0,-9.0,-9.0,15.0,4.0,-9,0.0,22767.0,2132.0
2852756,2852757,21.0,1152264,3,1,10,1,6.0,-9.0,-9.0,15.0,4.0,-9,0.0,22767.0,2132.0
2852757,2852758,25.0,1152265,1,1,0,1,6.0,-9.0,-9.0,15.0,4.0,-9,0.0,22767.0,2132.0
2852758,2852759,22.0,1152265,2,1,10,1,6.0,-9.0,-9.0,15.0,4.0,-9,0.0,22767.0,2132.0
2852759,2852760,21.0,1152265,3,1,10,1,6.0,-9.0,-9.0,15.0,4.0,-9,0.0,22767.0,2132.0
2852760,2852761,25.0,1152266,1,1,0,1,6.0,-9.0,-9.0,15.0,4.0,-9,0.0,22771.0,2135.0
2852761,2852762,22.0,1152266,2,1,10,1,6.0,-9.0,-9.0,15.0,4.0,-9,0.0,22771.0,2135.0
2852762,2852763,21.0,1152266,3,1,10,1,6.0,-9.0,-9.0,15.0,4.0,-9,0.0,22771.0,2135.0
2852763,2852764,25.0,1152267,1,1,0,1,1.0,30.0,1.0,15.0,4.0,51912,8.0,22773.0,2136.0
2852764,2852765,24.0,1152267,2,2,13,1,1.0,40.0,1.0,-9.0,4.0,4411,5.0,22773.0,2136.0
2852765,2852766,25.0,1152268,1,1,0,1,1.0,30.0,1.0,15.0,4.0,51912,8.0,22767.0,2132.0
2852766,2852767,24.0,1152268,2,2,13,1,1.0,40.0,1.0,-9.0,4.0,4411,5.0,22767.0,2132.0
2852767,2852768,25.0,1152269,1,1,0,1,1.0,30.0,1.0,15.0,4.0,51912,8.0,22767.0,2132.0
2852768,2852769,24.0,1152269,2,2,13,1,1.0,40.0,1.0,-9.0,4.0,4411,5.0,22767.0,2132.0
2852769,2852770,25.0,1152270,1,1,0,1,1.0,30.0,1.0,15.0,4.0,51912,8.0,22770.0,2134.0
2852770,2852771,24.0,1152270,2,2,13,1,1.0,40.0,1.0,-9.0,4.0,4411,5.0,22770.0,2134.0
2852771,2852772,25.0,1152271,1,1,0,1,1.0,30.0,1.0,15.0,4.0,51912,8.0,22767.0,2132.0
2852772,2852773,24.0,1152271,2,2,13,1,1.0,40.0,1.0,-9.0,4.0,4411,5.0,22767.0,2132.0
2852773,2852774,25.0,1152272,1,1,0,1,1.0,30.0,1.0,15.0,4.0,51912,8.0,22769.0,2133.0
2852774,2852775,24.0,1152272,2,2,13,1,1.0,40.0,1.0,-9.0,4.0,4411,5.0,22769.0,2133.0
2852775,2852776,25.0,1152273,1,1,0,1,1.0,30.0,1.0,15.0,4.0,51912,8.0,22768.0,2132.0
2852776,2852777,24.0,1152273,2,2,13,1,1.0,40.0,1.0,-9.0,4.0,4411,5.0,22768.0,2132.0
2852777,2852778,25.0,1152274,1,1,0,1,1.0,30.0,1.0,15.0,4.0,51912,8.0,22768.0,2132.0
2852778,2852779,24.0,1152274,2,2,13,1,1.0,40.0,1.0,-9.0,4.0,4411,5.0,22768.0,2132.0
2852779,2852780,25.0,1152275,1,1,0,1,1.0,30.0,1.0,15.0,4.0,51912,8.0,22768.0,2132.0
2852780,2852781,24.0,1152275,2,2,13,1,1.0,40.0,1.0,-9.0,4.0,4411,5.0,22768.0,2132.0
2852781,2852782,25.0,1152276,1,1,0,1,1.0,30.0,1.0,15.0,4.0,51912,8.0,22768.0,2132.0
2852782,2852783,24.0,1152276,2,2,13,1,1.0,40.0,1.0,-9.0,4.0,4411,5.0,22768.0,2132.0
2852783,2852784,25.0,1152277,1,1,0,1,1.0,30.0,1.0,15.0,4.0,51912,8.0,22747.0,2123.0
2852784,2852785,24.0,1152277,2,2,13,1,1.0,40.0,1.0,-9.0,4.0,4411,5.0,22747.0,2123.0
2852785,2852786,25.0,1152278,1,1,0,1,1.0,30.0,1.0,15.0,4.0,51912,8.0,22767.0,2132.0
2852786,2852787,24.0,1152278,2,2,13,1,1.0,40.0,1.0,-9.0,4.0,4411,5.0,22767.0,2132.0
2852787,2852788,25.0,1152279,1,1,0,1,1.0,30.0,1.0,15.0,4.0,51912,8.0,22767.0,2132.0
2852788,2852789,24.0,1152279,2,2,13,1,1.0,40.0,1.0,-9.0,4.0,4411,5.0,22767.0,2132.0
2852789,2852790,25.0,1152280,1,1,0,1,1.0,30.0,1.0,15.0,4.0,51912,8.0,22771.0,2135.0
2852790,2852791,24.0,1152280,2,2,13,1,1.0,40.0,1.0,-9.0,4.0,4411,5.0,22771.0,2135.0
2852791,2852792,25.0,1152281,1,1,0,1,1.0,30.0,1.0,15.0,4.0,51912,8.0,22770.0,2134.0
2852792,2852793,24.0,1152281,2,2,13,1,1.0,40.0,1.0,-9.0,4.0,4411,5.0,22770.0,2134.0
2852793,2852794,26.0,1152282,1,2,0,1,6.0,-9.0,-9.0,16.0,4.0,52M2,9.0,22771.0,2135.0
2852794,2852795,36.0,1152283,1,2,0,1,3.0,20.0,6.0,-9.0,4.0,5313,9.0,22768.0,2132.0
2852795,2852796,36.0,1152284,1,2,0,1,3.0,20.0,6.0,-9.0,4.0,5313,9.0,22768.0,2132.0
2852796,2852797,26.0,1152285,1,2,0,1,6.0,-9.0,-9.0,16.0,4.0,52M2,9.0,22770.0,2134.0
2852797,2852798,36.0,1152286,1,2,0,1,3.0,20.0,6.0,-9.0,4.0,5313,9.0,22767.0,2132.0
2852798,2852799,36.0,1152287,1,2,0,1,3.0,20.0,6.0,-9.0,4.0,5313,9.0,22771.0,2135.0
2852799,2852800,36.0,1152288,1,2,0,1,3.0,20.0,6.0,-9.0,4.0,5313,9.0,22747.0,2123.0
2852800,2852801,31.0,1152289,1,1,0,1,1.0,40.0,4.0,-9.0,4.0,611M1,13.0,22768.0,2132.0
2852801,2852802,24.0,1152289,2,2,1,1,6.0,-9.0,-9.0,-9.0,4.0,6111,13.0,22768.0,2132.0
2852802,2852803,31.0,1152290,1,1,0,1,1.0,40.0,4.0,-9.0,4.0,611M1,13.0,22767.0,2132.0
2852803,2852804,24.0,1152290,2,2,1,1,6.0,-9.0,-9.0,-9.0,4.0,6111,13.0,22767.0,2132.0
2852804,2852805,31.0,1152291,1,1,0,1,1.0,40.0,4.0,-9.0,4.0,611M1,13.0,22770.0,2134.0
2852805,2852806,24.0,1152291,2,2,1,1,6.0,-9.0,-9.0,-9.0,4.0,6111,13.0,22770.0,2134.0
2852806,2852807,31.0,1152292,1,1,0,1,1.0,40.0,4.0,-9.0,4.0,611M1,13.0,22769.0,2133.0
2852807,2852808,24.0,1152292,2,2,1,1,6.0,-9.0,-9.0,-9.0,4.0,6111,13.0,22769.0,2133.0
2852808,2852809,31.0,1152293,1,1,0,1,1.0,40.0,4.0,-9.0,4.0,611M1,13.0,22767.0,2132.0
2852809,2852810,24.0,1152293,2,2,1,1,6.0,-9.0,-9.0,-9.0,4.0,6111,13.0,22767.0,2132.0
2852810,2852811,31.0,1152294,1,1,0,1,1.0,40.0,4.0,-9.0,4.0,611M1,13.0,22768.0,2132.0
2852811,2852812,24.0,1152294,2,2,1,1,6.0,-9.0,-9.0,-9.0,4.0,6111,13.0,22768.0,2132.0
2852812,2852813,31.0,1152295,1,1,0,1,1.0,40.0,4.0,-9.0,4.0,611M1,13.0,22767.0,2132.0
2852813,2852814,24.0,1152295,2,2,1,1,6.0,-9.0,-9.0,-9.0,4.0,6111,13.0,22767.0,2132.0
2852814,2852815,19.0,1152296,1,1,0,3,1.0,40.0,1.0,-9.0,4.0,722Z,16.0,22767.0,2132.0
2852815,2852816,50.0,1152296,2,1,12,3,1.0,40.0,2.0,-9.0,4.0,713Z,16.0,22767.0,2132.0
2852816,2852817,19.0,1152297,1,1,0,3,1.0,40.0,1.0,-9.0,4.0,722Z,16.0,22769.0,2133.0
2852817,2852818,50.0,1152297,2,1,12,3,1.0,40.0,2.0,-9.0,4.0,713Z,16.0,22769.0,2133.0
2852818,2852819,19.0,1152298,1,1,0,3,1.0,40.0,1.0,-9.0,4.0,722Z,16.0,22767.0,2132.0
2852819,2852820,50.0,1152298,2,1,12,3,1.0,40.0,2.0,-9.0,4.0,713Z,16.0,22767.0,2132.0
2852820,2852821,19.0,1152299,1,1,0,3,1.0,40.0,1.0,-9.0,4.0,722Z,16.0,22769.0,2133.0
2852821,2852822,50.0,1152299,2,1,12,3,1.0,40.0,2.0,-9.0,4.0,713Z,16.0,22769.0,2133.0
2852822,2852823,19.0,1152300,1,1,0,3,1.0,40.0,1.0,-9.0,4.0,722Z,16.0,22771.0,2135.0
2852823,2852824,50.0,1152300,2,1,12,3,1.0,40.0,2.0,-9.0,4.0,713Z,16.0,22771.0,2135.0
2852824,2852825,19.0,1152301,1,1,0,3,1.0,40.0,1.0,-9.0,4.0,722Z,16.0,22747.0,2123.0
2852825,2852826,50.0,1152301,2,1,12,3,1.0,40.0,2.0,-9.0,4.0,713Z,16.0,22747.0,2123.0
2852826,2852827,19.0,1152302,1,1,0,3,1.0,40.0,1.0,-9.0,4.0,722Z,16.0,22771.0,2135.0
2852827,2852828,50.0,1152302,2,1,12,3,1.0,40.0,2.0,-9.0,4.0,713Z,16.0,22771.0,2135.0
2852828,2852829,19.0,1152303,1,1,0,3,1.0,40.0,1.0,-9.0,4.0,722Z,16.0,22771.0,2135.0
2852829,2852830,50.0,1152303,2,1,12,3,1.0,40.0,2.0,-9.0,4.0,713Z,16.0,22771.0,2135.0
2852830,2852831,19.0,1152304,1,1,0,3,1.0,40.0,1.0,-9.0,4.0,722Z,16.0,22770.0,2134.0
2852831,2852832,50.0,1152304,2,1,12,3,1.0,40.0,2.0,-9.0,4.0,713Z,16.0,22770.0,2134.0
2852832,2852833,19.0,1152305,1,1,0,3,1.0,40.0,1.0,-9.0,4.0,722Z,16.0,22768.0,2132.0
2852833,2852834,50.0,1152305,2,1,12,3,1.0,40.0,2.0,-9.0,4.0,713Z,16.0,22768.0,2132.0
2852834,2852835,19.0,1152306,1,1,0,3,1.0,40.0,1.0,-9.0,4.0,722Z,16.0,22770.0,2134.0
2852835,2852836,50.0,1152306,2,1,12,3,1.0,40.0,2.0,-9.0,4.0,713Z,16.0,22770.0,2134.0
2852836,2852837,19.0,1152307,1,1,0,3,1.0,40.0,1.0,-9.0,4.0,722Z,16.0,22768.0,2132.0
2852837,2852838,50.0,1152307,2,1,12,3,1.0,40.0,2.0,-9.0,4.0,713Z,16.0,22768.0,2132.0
2852838,2852839,19.0,1152308,1,1,0,3,1.0,40.0,1.0,-9.0,4.0,722Z,16.0,22767.0,2132.0
2852839,2852840,50.0,1152308,2,1,12,3,1.0,40.0,2.0,-9.0,4.0,713Z,16.0,22767.0,2132.0
2852840,2852841,19.0,1152309,1,1,0,3,1.0,40.0,1.0,-9.0,4.0,722Z,16.0,22771.0,2135.0
2852841,2852842,50.0,1152309,2,1,12,3,1.0,40.0,2.0,-9.0,4.0,713Z,16.0,22771.0,2135.0
2852842,2852843,19.0,1152310,1,1,0,3,1.0,40.0,1.0,-9.0,4.0,722Z,16.0,22767.0,2132.0
2852843,2852844,50.0,1152310,2,1,12,3,1.0,40.0,2.0,-9.0,4.0,713Z,16.0,22767.0,2132.0
2852844,2852845,19.0,1152311,1,1,0,3,1.0,40.0,1.0,-9.0,4.0,722Z,16.0,22768.0,2132.0
2852845,2852846,50.0,1152311,2,1,12,3,1.0,40.0,2.0,-9.0,4.0,713Z,16.0,22768.0,2132.0
2852846,2852847,19.0,1152312,1,1,0,3,1.0,40.0,1.0,-9.0,4.0,722Z,16.0,22769.0,2133.0
2852847,2852848,50.0,1152312,2,1,12,3,1.0,40.0,2.0,-9.0,4.0,713Z,16.0,22769.0,2133.0
2852848,2852849,19.0,1152313,1,1,0,3,1.0,40.0,1.0,-9.0,4.0,722Z,16.0,22747.0,2123.0
2852849,2852850,50.0,1152313,2,1,12,3,1.0,40.0,2.0,-9.0,4.0,713Z,16.0,22747.0,2123.0
2852850,2852851,19.0,1152314,1,1,0,3,1.0,40.0,1.0,-9.0,4.0,722Z,16.0,22770.0,2134.0
2852851,2852852,50.0,1152314,2,1,12,3,1.0,40.0,2.0,-9.0,4.0,713Z,16.0,22770.0,2134.0
2852852,2852853,19.0,1152315,1,1,0,3,1.0,40.0,1.0,-9.0,4.0,722Z,16.0,22770.0,2134.0
2852853,2852854,50.0,1152315,2,1,12,3,1.0,40.0,2.0,-9.0,4.0,713Z,16.0,22770.0,2134.0
2852854,2852855,19.0,1152316,1,1,0,3,1.0,40.0,1.0,-9.0,4.0,722Z,16.0,22767.0,2132.0
2852855,2852856,50.0,1152316,2,1,12,3,1.0,40.0,2.0,-9.0,4.0,713Z,16.0,22767.0,2132.0
2852856,2852857,19.0,1152317,1,1,0,3,1.0,40.0,1.0,-9.0,4.0,722Z,16.0,22771.0,2135.0
2852857,2852858,50.0,1152317,2,1,12,3,1.0,40.0,2.0,-9.0,4.0,713Z,16.0,22771.0,2135.0
2852858,2852859,19.0,1152318,1,1,0,3,1.0,40.0,1.0,-9.0,4.0,722Z,16.0,22767.0,2132.0
2852859,2852860,50.0,1152318,2,1,12,3,1.0,40.0,2.0,-9.0,4.0,713Z,16.0,22767.0,2132.0
2852860,2852861,19.0,1152319,1,1,0,3,1.0,40.0,1.0,-9.0,4.0,722Z,16.0,22768.0,2132.0
2852861,2852862,50.0,1152319,2,1,12,3,1.0,40.0,2.0,-9.0,4.0,713Z,16.0,22768.0,2132.0
2852862,2852863,19.0,1152320,1,1,0,3,1.0,40.0,1.0,-9.0,4.0,722Z,16.0,22747.0,2123.0
2852863,2852864,50.0,1152320,2,1,12,3,1.0,40.0,2.0,-9.0,4.0,713Z,16.0,22747.0,2123.0
2852864,2852865,19.0,1152321,1,1,0,3,1.0,40.0,1.0,-9.0,4.0,722Z,16.0,22771.0,2135.0
2852865,2852866,50.0,1152321,2,1,12,3,1.0,40.0,2.0,-9.0,4.0,713Z,16.0,22771.0,2135.0
2852866,2852867,19.0,1152322,1,1,0,3,1.0,40.0,1.0,-9.0,4.0,722Z,16.0,22771.0,2135.0
2852867,2852868,50.0,1152322,2,1,12,3,1.0,40.0,2.0,-9.0,4.0,713Z,16.0,22771.0,2135.0
2852868,2852869,19.0,1152323,1,1,0,3,1.0,40.0,1.0,-9.0,4.0,722Z,16.0,22771.0,2135.0
2852869,2852870,50.0,1152323,2,1,12,3,1.0,40.0,2.0,-9.0,4.0,713Z,16.0,22771.0,2135.0
2852870,2852871,19.0,1152324,1,1,0,3,1.0,40.0,1.0,-9.0,4.0,722Z,16.0,22767.0,2132.0
2852871,2852872,50.0,1152324,2,1,12,3,1.0,40.0,2.0,-9.0,4.0,713Z,16.0,22767.0,2132.0
2852872,2852873,19.0,1152325,1,1,0,3,1.0,40.0,1.0,-9.0,4.0,722Z,16.0,22770.0,2134.0
2852873,2852874,50.0,1152325,2,1,12,3,1.0,40.0,2.0,-9.0,4.0,713Z,16.0,22770.0,2134.0
2852874,2852875,19.0,1152326,1,1,0,3,1.0,40.0,1.0,-9.0,4.0,722Z,16.0,22770.0,2134.0
2852875,2852876,50.0,1152326,2,1,12,3,1.0,40.0,2.0,-9.0,4.0,713Z,16.0,22770.0,2134.0
2852876,2852877,24.0,1152327,1,2,0,3,1.0,30.0,6.0,16.0,4.0,5417,10.0,22768.0,2132.0
2852877,2852878,24.0,1152328,1,2,0,3,1.0,30.0,6.0,16.0,4.0,5417,10.0,22767.0,2132.0
2852878,2852879,24.0,1152329,1,2,0,3,1.0,30.0,6.0,16.0,4.0,5417,10.0,22768.0,2132.0
2852879,2852880,24.0,1152330,1,2,0,3,1.0,30.0,6.0,16.0,4.0,5417,10.0,22767.0,2132.0
2852880,2852881,24.0,1152331,1,2,0,3,1.0,30.0,6.0,16.0,4.0,5417,10.0,22767.0,2132.0
2852881,2852882,24.0,1152332,1,2,0,3,1.0,30.0,6.0,16.0,4.0,5417,10.0,22771.0,2135.0
2852882,2852883,24.0,1152333,1,2,0,3,1.0,30.0,6.0,16.0,4.0,5417,10.0,22770.0,2134.0
2852883,2852884,24.0,1152334,1,2,0,3,1.0,30.0,6.0,16.0,4.0,5417,10.0,22771.0,2135.0
2852884,2852885,24.0,1152335,1,2,0,3,1.0,30.0,6.0,16.0,4.0,5417,10.0,22767.0,2132.0
2852885,2852886,24.0,1152336,1,2,0,3,1.0,30.0,6.0,16.0,4.0,5417,10.0,22747.0,2123.0
2852886,2852887,24.0,1152337,1,2,0,3,1.0,30.0,6.0,16.0,4.0,5417,10.0,22767.0,2132.0
2852887,2852888,24.0,1152338,1,2,0,4,1.0,50.0,1.0,-9.0,4.0,611M1,13.0,22747.0,2123.0
2852888,2852889,23.0,1152339,1,1,0,4,2.0,5.0,5.0,16.0,4.0,611M1,13.0,22767.0,2132.0
2852889,2852890,23.0,1152340,1,1,0,4,2.0,5.0,5.0,16.0,4.0,611M1,13.0,22768.0,2132.0
2852890,2852891,22.0,1152341,1,1,0,4,1.0,20.0,3.0,-9.0,4.0,611M1,13.0,22769.0,2133.0
2852891,2852892,19.0,1152342,1,2,0,2,1.0,10.0,6.0,15.0,4.0,611M1,13.0,22767.0,2132.0
2852892,2852893,19.0,1152343,1,2,0,2,1.0,10.0,6.0,15.0,4.0,611M1,13.0,22767.0,2132.0
2852893,2852894,19.0,1152344,1,2,0,2,1.0,10.0,6.0,15.0,4.0,611M1,13.0,22770.0,2134.0
2852894,2852895,19.0,1152345,1,2,0,2,1.0,10.0,6.0,15.0,4.0,611M1,13.0,22768.0,2132.0
2852895,2852896,24.0,1152346,1,2,0,2,1.0,36.0,4.0,-9.0,4.0,622M,15.0,22767.0,2132.0
2852896,2852897,19.0,1152347,1,2,0,2,1.0,10.0,6.0,15.0,4.0,611M1,13.0,22747.0,2123.0
2852897,2852898,19.0,1152348,1,2,0,2,1.0,10.0,6.0,15.0,4.0,611M1,13.0,22768.0,2132.0
2852898,2852899,24.0,1152349,1,2,0,2,1.0,36.0,4.0,-9.0,4.0,622M,15.0,22767.0,2132.0
2852899,2852900,24.0,1152350,1,2,0,2,1.0,36.0,4.0,-9.0,4.0,622M,15.0,22770.0,2134.0
2852900,2852901,19.0,1152351,1,2,0,2,1.0,10.0,6.0,15.0,4.0,611M1,13.0,22770.0,2134.0
2852901,2852902,19.0,1152352,1,2,0,2,1.0,10.0,6.0,15.0,4.0,611M1,13.0,22770.0,2134.0
2852902,2852903,19.0,1152353,1,2,0,2,1.0,10.0,6.0,15.0,4.0,611M1,13.0,22769.0,2133.0
2852903,2852904,24.0,1152354,1,2,0,2,1.0,36.0,4.0,-9.0,4.0,622M,15.0,22767.0,2132.0
2852904,2852905,24.0,1152355,1,2,0,2,1.0,36.0,4.0,-9.0,4.0,622M,15.0,22768.0,2132.0
2852905,2852906,19.0,1152356,1,2,0,2,1.0,10.0,6.0,15.0,4.0,611M1,13.0,22747.0,2123.0
2852906,2852907,19.0,1152357,1,2,0,2,1.0,10.0,6.0,15.0,4.0,611M1,13.0,22768.0,2132.0
2852907,2852908,24.0,1152358,1,2,0,2,1.0,36.0,4.0,-9.0,4.0,622M,15.0,22767.0,2132.0
2852908,2852909,19.0,1152359,1,2,0,2,1.0,10.0,6.0,15.0,4.0,611M1,13.0,22767.0,2132.0
2852909,2852910,19.0,1152360,1,2,0,2,1.0,10.0,6.0,15.0,4.0,611M1,13.0,22747.0,2123.0
2852910,2852911,19.0,1152361,1,2,0,2,1.0,10.0,6.0,15.0,4.0,611M1,13.0,22767.0,2132.0
2852911,2852912,19.0,1152362,1,2,0,2,1.0,10.0,6.0,15.0,4.0,611M1,13.0,22770.0,2134.0
2852912,2852913,19.0,1152363,1,2,0,2,1.0,10.0,6.0,15.0,4.0,611M1,13.0,22770.0,2134.0
2852913,2852914,19.0,1152364,1,2,0,2,1.0,10.0,6.0,15.0,4.0,611M1,13.0,22747.0,2123.0
2852914,2852915,19.0,1152365,1,2,0,2,1.0,10.0,6.0,15.0,4.0,611M1,13.0,22770.0,2134.0
2852915,2852916,24.0,1152366,1,2,0,2,1.0,36.0,4.0,-9.0,4.0,622M,15.0,22773.0,2136.0
2852916,2852917,19.0,1152367,1,2,0,2,1.0,10.0,6.0,15.0,4.0,611M1,13.0,22767.0,2132.0
2852917,2852918,19.0,1152368,1,2,0,2,1.0,10.0,6.0,15.0,4.0,611M1,13.0,22767.0,2132.0
2852918,2852919,24.0,1152369,1,2,0,2,1.0,36.0,4.0,-9.0,4.0,622M,15.0,22747.0,2123.0
2852919,2852920,19.0,1152370,1,2,0,2,1.0,10.0,6.0,15.0,4.0,611M1,13.0,22767.0,2132.0
2852920,2852921,19.0,1152371,1,2,0,2,1.0,10.0,6.0,15.0,4.0,611M1,13.0,22768.0,2132.0
2852921,2852922,24.0,1152372,1,2,0,2,1.0,36.0,4.0,-9.0,4.0,622M,15.0,22768.0,2132.0
2852922,2852923,19.0,1152373,1,2,0,2,1.0,10.0,6.0,15.0,4.0,611M1,13.0,22771.0,2135.0
2852923,2852924,19.0,1152374,1,2,0,2,1.0,10.0,6.0,15.0,4.0,611M1,13.0,22767.0,2132.0
2852924,2852925,24.0,1152375,1,2,0,2,1.0,36.0,4.0,-9.0,4.0,622M,15.0,22767.0,2132.0
2852925,2852926,19.0,1152376,1,2,0,2,1.0,10.0,6.0,15.0,4.0,611M1,13.0,22767.0,2132.0
2852926,2852927,19.0,1152377,1,2,0,2,1.0,10.0,6.0,15.0,4.0,611M1,13.0,22769.0,2133.0
2852927,2852928,24.0,1152378,1,2,0,2,1.0,36.0,4.0,-9.0,4.0,622M,15.0,22745.0,2121.0
2852928,2852929,19.0,1152379,1,2,0,2,1.0,10.0,6.0,15.0,4.0,611M1,13.0,22769.0,2133.0
2852929,2852930,24.0,1152380,1,2,0,2,1.0,36.0,4.0,-9.0,4.0,622M,15.0,22771.0,2135.0
2852930,2852931,19.0,1152381,1,2,0,2,1.0,10.0,6.0,15.0,4.0,611M1,13.0,22767.0,2132.0
2852931,2852932,19.0,1152382,1,2,0,2,1.0,10.0,6.0,15.0,4.0,611M1,13.0,22771.0,2135.0
2852932,2852933,19.0,1152383,1,2,0,2,1.0,10.0,6.0,15.0,4.0,611M1,13.0,22770.0,2134.0
2852933,2852934,19.0,1152384,1,2,0,2,1.0,10.0,6.0,15.0,4.0,611M1,13.0,22770.0,2134.0
2852934,2852935,19.0,1152385,1,2,0,2,1.0,10.0,6.0,15.0,4.0,611M1,13.0,22768.0,2132.0
2852935,2852936,24.0,1152386,1,2,0,2,1.0,36.0,4.0,-9.0,4.0,622M,15.0,22747.0,2123.0
2852936,2852937,24.0,1152387,1,2,0,2,1.0,36.0,4.0,-9.0,4.0,622M,15.0,22770.0,2134.0
2852937,2852938,24.0,1152388,1,2,0,2,1.0,36.0,4.0,-9.0,4.0,622M,15.0,22767.0,2132.0
2852938,2852939,19.0,1152389,1,2,0,2,1.0,10.0,6.0,15.0,4.0,611M1,13.0,22767.0,2132.0
2852939,2852940,19.0,1152390,1,2,0,2,1.0,10.0,6.0,15.0,4.0,611M1,13.0,22748.0,2124.0
2852940,2852941,24.0,1152391,1,2,0,2,1.0,36.0,4.0,-9.0,4.0,622M,15.0,22768.0,2132.0
2852941,2852942,19.0,1152392,1,2,0,2,1.0,10.0,6.0,15.0,4.0,611M1,13.0,22767.0,2132.0
2852942,2852943,24.0,1152393,1,2,0,2,1.0,36.0,4.0,-9.0,4.0,622M,15.0,22767.0,2132.0
2852943,2852944,24.0,1152394,1,2,0,2,1.0,36.0,4.0,-9.0,4.0,622M,15.0,22769.0,2133.0
2852944,2852945,19.0,1152395,1,2,0,2,1.0,10.0,6.0,15.0,4.0,611M1,13.0,22747.0,2123.0
2852945,2852946,19.0,1152396,1,2,0,2,1.0,10.0,6.0,15.0,4.0,611M1,13.0,22771.0,2135.0
2852946,2852947,19.0,1152397,1,2,0,2,1.0,10.0,6.0,15.0,4.0,611M1,13.0,22748.0,2124.0
2852947,2852948,19.0,1152398,1,2,0,2,1.0,10.0,6.0,15.0,4.0,611M1,13.0,22768.0,2132.0
2852948,2852949,19.0,1152399,1,2,0,2,1.0,10.0,6.0,15.0,4.0,611M1,13.0,22771.0,2135.0
2852949,2852950,19.0,1152400,1,2,0,2,1.0,10.0,6.0,15.0,4.0,611M1,13.0,22747.0,2123.0
2852950,2852951,24.0,1152401,1,2,0,2,1.0,36.0,4.0,-9.0,4.0,622M,15.0,22748.0,2124.0
2852951,2852952,19.0,1152402,1,2,0,2,1.0,10.0,6.0,15.0,4.0,611M1,13.0,22768.0,2132.0
2852952,2852953,19.0,1152403,1,2,0,2,1.0,10.0,6.0,15.0,4.0,611M1,13.0,22767.0,2132.0
2852953,2852954,19.0,1152404,1,2,0,2,1.0,10.0,6.0,15.0,4.0,611M1,13.0,22767.0,2132.0
2852954,2852955,19.0,1152405,1,2,0,2,1.0,10.0,6.0,15.0,4.0,611M1,13.0,22771.0,2135.0
2852955,2852956,19.0,1152406,1,2,0,2,1.0,10.0,6.0,15.0,4.0,611M1,13.0,22767.0,2132.0
2852956,2852957,24.0,1152407,1,1,0,2,1.0,35.0,1.0,-9.0,4.0,722Z,16.0,22767.0,2132.0
2852957,2852958,23.0,1152408,1,1,0,3,1.0,45.0,1.0,-9.0,4.0,51913,8.0,22768.0,2132.0
2852958,2852959,23.0,1152409,1,1,0,3,1.0,45.0,1.0,-9.0,4.0,51913,8.0,22767.0,2132.0
2852959,2852960,23.0,1152410,1,1,0,3,1.0,45.0,1.0,-9.0,4.0,51913,8.0,22771.0,2135.0
2852960,2852961,23.0,1152411,1,1,0,3,1.0,45.0,1.0,-9.0,4.0,51913,8.0,22767.0,2132.0
2852961,2852962,23.0,1152412,1,1,0,3,1.0,45.0,1.0,-9.0,4.0,51913,8.0,22768.0,2132.0
2852962,2852963,23.0,1152413,1,1,0,3,1.0,45.0,1.0,-9.0,4.0,51913,8.0,22770.0,2134.0
2852963,2852964,23.0,1152414,1,1,0,3,1.0,45.0,1.0,-9.0,4.0,51913,8.0,22767.0,2132.0
2852964,2852965,23.0,1152415,1,1,0,3,1.0,45.0,1.0,-9.0,4.0,51913,8.0,22767.0,2132.0
2852965,2852966,23.0,1152416,1,1,0,3,1.0,45.0,1.0,-9.0,4.0,51913,8.0,22770.0,2134.0
2852966,2852967,23.0,1152417,1,1,0,3,1.0,45.0,1.0,-9.0,4.0,51913,8.0,22748.0,2124.0
2852967,2852968,23.0,1152418,1,1,0,3,1.0,45.0,1.0,-9.0,4.0,51913,8.0,22770.0,2134.0
2852968,2852969,23.0,1152419,1,1,0,3,1.0,45.0,1.0,-9.0,4.0,51913,8.0,22767.0,2132.0
2852969,2852970,23.0,1152420,1,1,0,3,1.0,45.0,1.0,-9.0,4.0,51913,8.0,22771.0,2135.0
2852970,2852971,23.0,1152421,1,1,0,3,1.0,45.0,1.0,-9.0,4.0,51913,8.0,22767.0,2132.0
2852971,2852972,23.0,1152422,1,1,0,3,1.0,45.0,1.0,-9.0,4.0,51913,8.0,22767.0,2132.0
2852972,2852973,23.0,1152423,1,1,0,3,1.0,45.0,1.0,-9.0,4.0,51913,8.0,22768.0,2132.0
2852973,2852974,23.0,1152424,1,1,0,3,1.0,45.0,1.0,-9.0,4.0,51913,8.0,22767.0,2132.0
2852974,2852975,23.0,1152425,1,1,0,3,1.0,45.0,1.0,-9.0,4.0,51913,8.0,22768.0,2132.0
2852975,2852976,23.0,1152426,1,1,0,3,1.0,45.0,1.0,-9.0,4.0,51913,8.0,22767.0,2132.0
2852976,2852977,23.0,1152427,1,1,0,3,1.0,45.0,1.0,-9.0,4.0,51913,8.0,22768.0,2132.0
2852977,2852978,23.0,1152428,1,1,0,3,1.0,45.0,1.0,-9.0,4.0,51913,8.0,22767.0,2132.0
2852978,2852979,23.0,1152429,1,1,0,3,1.0,45.0,1.0,-9.0,4.0,51913,8.0,22771.0,2135.0
2852979,2852980,23.0,1152430,1,1,0,3,1.0,45.0,1.0,-9.0,4.0,51913,8.0,22770.0,2134.0
2852980,2852981,23.0,1152431,1,1,0,3,1.0,45.0,1.0,-9.0,4.0,51913,8.0,22767.0,2132.0
2852981,2852982,23.0,1152432,1,1,0,3,1.0,45.0,1.0,-9.0,4.0,51913,8.0,22767.0,2132.0
2852982,2852983,23.0,1152433,1,1,0,3,1.0,45.0,1.0,-9.0,4.0,51913,8.0,22771.0,2135.0
2852983,2852984,23.0,1152434,1,1,0,3,1.0,45.0,1.0,-9.0,4.0,51913,8.0,22767.0,2132.0
2852984,2852985,23.0,1152435,1,1,0,3,1.0,45.0,1.0,-9.0,4.0,51913,8.0,22768.0,2132.0
2852985,2852986,23.0,1152436,1,1,0,3,1.0,45.0,1.0,-9.0,4.0,51913,8.0,22767.0,2132.0
2852986,2852987,23.0,1152437,1,1,0,3,1.0,45.0,1.0,-9.0,4.0,51913,8.0,22770.0,2134.0
2852987,2852988,23.0,1152438,1,1,0,3,1.0,45.0,1.0,-9.0,4.0,51913,8.0,22768.0,2132.0
2852988,2852989,23.0,1152439,1,1,0,3,1.0,45.0,1.0,-9.0,4.0,51913,8.0,22767.0,2132.0
2852989,2852990,23.0,1152440,1,1,0,3,1.0,45.0,1.0,-9.0,4.0,51913,8.0,22747.0,2123.0
2852990,2852991,23.0,1152441,1,1,0,3,1.0,45.0,1.0,-9.0,4.0,51913,8.0,22767.0,2132.0
2852991,2852992,23.0,1152442,1,1,0,3,1.0,45.0,1.0,-9.0,4.0,51913,8.0,22771.0,2135.0
2852992,2852993,23.0,1152443,1,1,0,3,1.0,45.0,1.0,-9.0,4.0,51913,8.0,22747.0,2123.0
2852993,2852994,23.0,1152444,1,1,0,3,1.0,45.0,1.0,-9.0,4.0,51913,8.0,22767.0,2132.0
2852994,2852995,23.0,1152445,1,1,0,3,1.0,45.0,1.0,-9.0,4.0,51913,8.0,22767.0,2132.0
2852995,2852996,23.0,1152446,1,1,0,3,1.0,45.0,1.0,-9.0,4.0,51913,8.0,22769.0,2133.0
2852996,2852997,23.0,1152447,1,1,0,3,1.0,45.0,1.0,-9.0,4.0,51913,8.0,22767.0,2132.0
2852997,2852998,23.0,1152448,1,1,0,3,1.0,45.0,1.0,-9.0,4.0,51913,8.0,22767.0,2132.0
2852998,2852999,23.0,1152449,1,1,0,3,1.0,45.0,1.0,-9.0,4.0,51913,8.0,22770.0,2134.0
2852999,2853000,23.0,1152450,1,1,0,3,1.0,45.0,1.0,-9.0,4.0,51913,8.0,22771.0,2135.0
2853000,2853001,23.0,1152451,1,1,0,3,1.0,45.0,1.0,-9.0,4.0,51913,8.0,22767.0,2132.0
2853001,2853002,23.0,1152452,1,1,0,3,1.0,45.0,1.0,-9.0,4.0,51913,8.0,22768.0,2132.0
2853002,2853003,23.0,1152453,1,1,0,3,1.0,45.0,1.0,-9.0,4.0,51913,8.0,22745.0,2121.0
2853003,2853004,23.0,1152454,1,1,0,3,1.0,45.0,1.0,-9.0,4.0,51913,8.0,22767.0,2132.0
2853004,2853005,23.0,1152455,1,1,0,3,1.0,45.0,1.0,-9.0,4.0,51913,8.0,22771.0,2135.0
2853005,2853006,23.0,1152456,1,1,0,3,1.0,45.0,1.0,-9.0,4.0,51913,8.0,22772.0,2136.0
2853006,2853007,23.0,1152457,1,1,0,3,1.0,45.0,1.0,-9.0,4.0,51913,8.0,22771.0,2135.0
2853007,2853008,23.0,1152458,1,1,0,3,1.0,45.0,1.0,-9.0,4.0,51913,8.0,22768.0,2132.0
2853008,2853009,23.0,1152459,1,1,0,3,1.0,45.0,1.0,-9.0,4.0,51913,8.0,22768.0,2132.0
2853009,2853010,23.0,1152460,1,1,0,3,1.0,45.0,1.0,-9.0,4.0,51913,8.0,22771.0,2135.0
2853010,2853011,23.0,1152461,1,1,0,3,1.0,45.0,1.0,-9.0,4.0,51913,8.0,22770.0,2134.0
2853011,2853012,23.0,1152462,1,1,0,3,1.0,45.0,1.0,-9.0,4.0,51913,8.0,22768.0,2132.0
2853012,2853013,23.0,1152463,1,1,0,3,1.0,45.0,1.0,-9.0,4.0,51913,8.0,22747.0,2123.0
2853013,2853014,23.0,1152464,1,1,0,3,1.0,45.0,1.0,-9.0,4.0,51913,8.0,22767.0,2132.0
2853014,2853015,23.0,1152465,1,1,0,3,1.0,40.0,1.0,-9.0,4.0,4411,5.0,22768.0,2132.0
2853015,2853016,23.0,1152466,1,1,0,3,1.0,40.0,1.0,-9.0,4.0,4411,5.0,22767.0,2132.0
2853016,2853017,23.0,1152467,1,1,0,3,1.0,40.0,1.0,-9.0,4.0,4411,5.0,22768.0,2132.0
2853017,2853018,23.0,1152468,1,1,0,3,1.0,40.0,1.0,-9.0,4.0,4411,5.0,22770.0,2134.0
2853018,2853019,22.0,1152469,1,1,0,3,1.0,15.0,6.0,16.0,4.0,611M1,13.0,22767.0,2132.0
2853019,2853020,22.0,1152470,1,1,0,3,1.0,15.0,6.0,16.0,4.0,611M1,13.0,22748.0,2124.0
2853020,2853021,22.0,1152471,1,1,0,3,1.0,15.0,6.0,16.0,4.0,611M1,13.0,22767.0,2132.0
2853021,2853022,22.0,1152472,1,1,0,3,1.0,15.0,6.0,16.0,4.0,611M1,13.0,22768.0,2132.0
2853022,2853023,22.0,1152473,1,1,0,3,1.0,15.0,6.0,16.0,4.0,611M1,13.0,22768.0,2132.0
2853023,2853024,22.0,1152474,1,1,0,3,1.0,15.0,6.0,16.0,4.0,611M1,13.0,22768.0,2132.0
2853024,2853025,22.0,1152475,1,1,0,3,1.0,15.0,6.0,16.0,4.0,611M1,13.0,22773.0,2136.0
2853025,2853026,22.0,1152476,1,1,0,3,1.0,15.0,6.0,16.0,4.0,611M1,13.0,22767.0,2132.0
2853026,2853027,22.0,1152477,1,1,0,3,1.0,15.0,6.0,16.0,4.0,611M1,13.0,22768.0,2132.0
2853027,2853028,22.0,1152478,1,1,0,3,1.0,15.0,6.0,16.0,4.0,611M1,13.0,22769.0,2133.0
2853028,2853029,22.0,1152479,1,1,0,3,1.0,15.0,6.0,16.0,4.0,611M1,13.0,22767.0,2132.0
2853029,2853030,22.0,1152480,1,1,0,3,1.0,15.0,6.0,16.0,4.0,611M1,13.0,22767.0,2132.0
2853030,2853031,22.0,1152481,1,1,0,3,1.0,15.0,6.0,16.0,4.0,611M1,13.0,22767.0,2132.0
2853031,2853032,22.0,1152482,1,1,0,3,1.0,15.0,6.0,16.0,4.0,611M1,13.0,22767.0,2132.0
2853032,2853033,22.0,1152483,1,1,0,3,1.0,15.0,6.0,16.0,4.0,611M1,13.0,22768.0,2132.0
2853033,2853034,22.0,1152484,1,1,0,3,1.0,15.0,6.0,16.0,4.0,611M1,13.0,22770.0,2134.0
2853034,2853035,22.0,1152485,1,1,0,3,1.0,15.0,6.0,16.0,4.0,611M1,13.0,22767.0,2132.0
2853035,2853036,22.0,1152486,1,1,0,3,1.0,15.0,6.0,16.0,4.0,611M1,13.0,22769.0,2133.0
2853036,2853037,22.0,1152487,1,1,0,3,1.0,15.0,6.0,16.0,4.0,611M1,13.0,22767.0,2132.0
2853037,2853038,22.0,1152488,1,1,0,3,1.0,15.0,6.0,16.0,4.0,611M1,13.0,22771.0,2135.0
2853038,2853039,22.0,1152489,1,1,0,3,1.0,15.0,6.0,16.0,4.0,611M1,13.0,22768.0,2132.0
2853039,2853040,22.0,1152490,1,1,0,3,1.0,15.0,6.0,16.0,4.0,611M1,13.0,22767.0,2132.0
2853040,2853041,22.0,1152491,1,1,0,3,1.0,15.0,6.0,16.0,4.0,611M1,13.0,22747.0,2123.0
2853041,2853042,22.0,1152492,1,1,0,3,1.0,15.0,6.0,16.0,4.0,611M1,13.0,22770.0,2134.0
2853042,2853043,22.0,1152493,1,1,0,3,1.0,15.0,6.0,16.0,4.0,611M1,13.0,22769.0,2133.0
2853043,2853044,22.0,1152494,1,1,0,3,1.0,15.0,6.0,16.0,4.0,611M1,13.0,22768.0,2132.0
2853044,2853045,22.0,1152495,1,1,0,3,1.0,15.0,6.0,16.0,4.0,611M1,13.0,22770.0,2134.0
2853045,2853046,22.0,1152496,1,1,0,3,1.0,15.0,6.0,16.0,4.0,611M1,13.0,22747.0,2123.0
2853046,2853047,22.0,1152497,1,1,0,3,1.0,15.0,6.0,16.0,4.0,611M1,13.0,22767.0,2132.0
2853047,2853048,23.0,1152498,1,1,0,1,3.0,-9.0,-9.0,15.0,4.0,999920,0.0,22767.0,2132.0
2853048,2853049,23.0,1152499,1,1,0,1,3.0,-9.0,-9.0,15.0,4.0,999920,0.0,22768.0,2132.0
2853049,2853050,23.0,1152500,1,1,0,1,3.0,-9.0,-9.0,15.0,4.0,999920,0.0,22767.0,2132.0
2853050,2853051,23.0,1152501,1,1,0,1,3.0,-9.0,-9.0,15.0,4.0,999920,0.0,22771.0,2135.0
2853051,2853052,23.0,1152502,1,1,0,1,3.0,-9.0,-9.0,15.0,4.0,999920,0.0,22768.0,2132.0
2853052,2853053,23.0,1152503,1,1,0,1,3.0,-9.0,-9.0,15.0,4.0,999920,0.0,22767.0,2132.0
2853053,2853054,23.0,1152504,1,1,0,1,3.0,-9.0,-9.0,15.0,4.0,999920,0.0,22771.0,2135.0
2853054,2853055,23.0,1152505,1,1,0,1,3.0,-9.0,-9.0,15.0,4.0,999920,0.0,22768.0,2132.0
2853055,2853056,23.0,1152506,1,1,0,1,3.0,-9.0,-9.0,15.0,4.0,999920,0.0,22768.0,2132.0
2853056,2853057,23.0,1152507,1,1,0,1,3.0,-9.0,-9.0,15.0,4.0,999920,0.0,22770.0,2134.0
2853057,2853058,23.0,1152508,1,1,0,1,3.0,-9.0,-9.0,15.0,4.0,999920,0.0,22767.0,2132.0
2853058,2853059,23.0,1152509,1,1,0,1,3.0,-9.0,-9.0,15.0,4.0,999920,0.0,22771.0,2135.0
2853059,2853060,23.0,1152510,1,1,0,1,3.0,-9.0,-9.0,15.0,4.0,999920,0.0,22768.0,2132.0
2853060,2853061,23.0,1152511,1,1,0,1,3.0,-9.0,-9.0,15.0,4.0,999920,0.0,22770.0,2134.0
2853061,2853062,23.0,1152512,1,1,0,1,3.0,-9.0,-9.0,15.0,4.0,999920,0.0,22767.0,2132.0
2853062,2853063,23.0,1152513,1,1,0,1,3.0,-9.0,-9.0,15.0,4.0,999920,0.0,22768.0,2132.0
2853063,2853064,23.0,1152514,1,1,0,1,3.0,-9.0,-9.0,15.0,4.0,999920,0.0,22767.0,2132.0
2853064,2853065,23.0,1152515,1,1,0,1,3.0,-9.0,-9.0,15.0,4.0,999920,0.0,22767.0,2132.0
2853065,2853066,23.0,1152516,1,1,0,1,3.0,-9.0,-9.0,15.0,4.0,999920,0.0,22770.0,2134.0
2853066,2853067,23.0,1152517,1,1,0,1,3.0,-9.0,-9.0,15.0,4.0,999920,0.0,22767.0,2132.0
2853067,2853068,23.0,1152518,1,1,0,1,3.0,-9.0,-9.0,15.0,4.0,999920,0.0,22771.0,2135.0
2853068,2853069,23.0,1152519,1,1,0,1,3.0,-9.0,-9.0,15.0,4.0,999920,0.0,22770.0,2134.0
2853069,2853070,23.0,1152520,1,1,0,1,3.0,-9.0,-9.0,15.0,4.0,999920,0.0,22767.0,2132.0
2853070,2853071,23.0,1152521,1,1,0,1,3.0,-9.0,-9.0,15.0,4.0,999920,0.0,22768.0,2132.0
2853071,2853072,23.0,1152522,1,1,0,1,3.0,-9.0,-9.0,15.0,4.0,999920,0.0,22745.0,2121.0
2853072,2853073,23.0,1152523,1,1,0,1,3.0,-9.0,-9.0,15.0,4.0,999920,0.0,22767.0,2132.0
2853073,2853074,23.0,1152524,1,1,0,1,3.0,-9.0,-9.0,15.0,4.0,999920,0.0,22770.0,2134.0
2853074,2853075,23.0,1152525,1,2,0,1,1.0,35.0,1.0,15.0,4.0,2213M,7.0,22748.0,2124.0
2853075,2853076,26.0,1152525,2,1,13,1,1.0,40.0,1.0,15.0,4.0,4411,5.0,22748.0,2124.0
2853076,2853077,23.0,1152526,1,2,0,1,1.0,35.0,1.0,15.0,4.0,2213M,7.0,22767.0,2132.0
2853077,2853078,26.0,1152526,2,1,13,1,1.0,40.0,1.0,15.0,4.0,4411,5.0,22767.0,2132.0
2853078,2853079,23.0,1152527,1,2,0,1,1.0,35.0,1.0,15.0,4.0,2213M,7.0,22770.0,2134.0
2853079,2853080,26.0,1152527,2,1,13,1,1.0,40.0,1.0,15.0,4.0,4411,5.0,22770.0,2134.0
2853080,2853081,23.0,1152528,1,2,0,1,1.0,35.0,1.0,15.0,4.0,2213M,7.0,22747.0,2123.0
2853081,2853082,26.0,1152528,2,1,13,1,1.0,40.0,1.0,15.0,4.0,4411,5.0,22747.0,2123.0
2853082,2853083,23.0,1152529,1,2,0,1,1.0,35.0,1.0,15.0,4.0,2213M,7.0,22771.0,2135.0
2853083,2853084,26.0,1152529,2,1,13,1,1.0,40.0,1.0,15.0,4.0,4411,5.0,22771.0,2135.0
2853084,2853085,23.0,1152530,1,2,0,1,1.0,35.0,1.0,15.0,4.0,2213M,7.0,22767.0,2132.0
2853085,2853086,26.0,1152530,2,1,13,1,1.0,40.0,1.0,15.0,4.0,4411,5.0,22767.0,2132.0
2853086,2853087,23.0,1152531,1,2,0,1,1.0,35.0,1.0,15.0,4.0,2213M,7.0,22747.0,2123.0
2853087,2853088,26.0,1152531,2,1,13,1,1.0,40.0,1.0,15.0,4.0,4411,5.0,22747.0,2123.0
2853088,2853089,23.0,1152532,1,2,0,1,1.0,35.0,1.0,15.0,4.0,2213M,7.0,22771.0,2135.0
2853089,2853090,26.0,1152532,2,1,13,1,1.0,40.0,1.0,15.0,4.0,4411,5.0,22771.0,2135.0
2853090,2853091,23.0,1152533,1,2,0,1,1.0,35.0,1.0,15.0,4.0,2213M,7.0,22767.0,2132.0
2853091,2853092,26.0,1152533,2,1,13,1,1.0,40.0,1.0,15.0,4.0,4411,5.0,22767.0,2132.0
2853092,2853093,23.0,1152534,1,2,0,1,1.0,35.0,1.0,15.0,4.0,2213M,7.0,22767.0,2132.0
2853093,2853094,26.0,1152534,2,1,13,1,1.0,40.0,1.0,15.0,4.0,4411,5.0,22767.0,2132.0
2853094,2853095,23.0,1152535,1,2,0,1,1.0,35.0,1.0,15.0,4.0,2213M,7.0,22768.0,2132.0
2853095,2853096,26.0,1152535,2,1,13,1,1.0,40.0,1.0,15.0,4.0,4411,5.0,22768.0,2132.0
2853096,2853097,23.0,1152536,1,2,0,1,1.0,35.0,1.0,15.0,4.0,2213M,7.0,22770.0,2134.0
2853097,2853098,26.0,1152536,2,1,13,1,1.0,40.0,1.0,15.0,4.0,4411,5.0,22770.0,2134.0
2853098,2853099,23.0,1152537,1,2,0,1,1.0,35.0,1.0,15.0,4.0,2213M,7.0,22767.0,2132.0
2853099,2853100,26.0,1152537,2,1,13,1,1.0,40.0,1.0,15.0,4.0,4411,5.0,22767.0,2132.0
2853100,2853101,23.0,1152538,1,2,0,1,1.0,35.0,1.0,15.0,4.0,2213M,7.0,22767.0,2132.0
2853101,2853102,26.0,1152538,2,1,13,1,1.0,40.0,1.0,15.0,4.0,4411,5.0,22767.0,2132.0
2853102,2853103,23.0,1152539,1,2,0,1,1.0,35.0,1.0,15.0,4.0,2213M,7.0,22770.0,2134.0
2853103,2853104,26.0,1152539,2,1,13,1,1.0,40.0,1.0,15.0,4.0,4411,5.0,22770.0,2134.0
2853104,2853105,24.0,1152540,1,2,0,1,1.0,36.0,1.0,16.0,4.0,622M,15.0,22768.0,2132.0
2853105,2853106,24.0,1152541,1,2,0,1,1.0,36.0,1.0,16.0,4.0,622M,15.0,22773.0,2136.0
2853106,2853107,24.0,1152542,1,2,0,1,1.0,36.0,1.0,16.0,4.0,622M,15.0,22770.0,2134.0
2853107,2853108,24.0,1152543,1,2,0,1,1.0,36.0,1.0,16.0,4.0,622M,15.0,22767.0,2132.0
2853108,2853109,24.0,1152544,1,2,0,1,1.0,36.0,1.0,16.0,4.0,622M,15.0,22767.0,2132.0
2853109,2853110,24.0,1152545,1,2,0,1,1.0,36.0,1.0,16.0,4.0,622M,15.0,22768.0,2132.0
2853110,2853111,24.0,1152546,1,2,0,1,1.0,36.0,1.0,16.0,4.0,622M,15.0,22767.0,2132.0
2853111,2853112,24.0,1152547,1,2,0,1,1.0,36.0,1.0,16.0,4.0,622M,15.0,22767.0,2132.0
2853112,2853113,24.0,1152548,1,2,0,1,1.0,36.0,1.0,16.0,4.0,622M,15.0,22768.0,2132.0
2853113,2853114,24.0,1152549,1,2,0,1,1.0,36.0,1.0,16.0,4.0,622M,15.0,22768.0,2132.0
2853114,2853115,24.0,1152550,1,2,0,1,1.0,36.0,1.0,16.0,4.0,622M,15.0,22770.0,2134.0
2853115,2853116,24.0,1152551,1,2,0,1,1.0,36.0,1.0,16.0,4.0,622M,15.0,22771.0,2135.0
2853116,2853117,24.0,1152552,1,2,0,1,1.0,36.0,1.0,16.0,4.0,622M,15.0,22747.0,2123.0
2853117,2853118,24.0,1152553,1,2,0,1,1.0,36.0,1.0,16.0,4.0,622M,15.0,22768.0,2132.0
2853118,2853119,24.0,1152554,1,2,0,1,1.0,36.0,1.0,16.0,4.0,622M,15.0,22768.0,2132.0
2853119,2853120,24.0,1152555,1,2,0,1,1.0,36.0,1.0,16.0,4.0,622M,15.0,22748.0,2124.0
2853120,2853121,24.0,1152556,1,2,0,1,1.0,36.0,1.0,16.0,4.0,622M,15.0,22747.0,2123.0
2853121,2853122,24.0,1152557,1,2,0,1,1.0,36.0,1.0,16.0,4.0,622M,15.0,22771.0,2135.0
2853122,2853123,24.0,1152558,1,2,0,1,1.0,36.0,1.0,16.0,4.0,622M,15.0,22768.0,2132.0
2853123,2853124,24.0,1152559,1,2,0,1,1.0,36.0,1.0,16.0,4.0,622M,15.0,22768.0,2132.0
2853124,2853125,24.0,1152560,1,2,0,1,1.0,36.0,1.0,16.0,4.0,622M,15.0,22768.0,2132.0
2853125,2853126,24.0,1152561,1,2,0,1,1.0,36.0,1.0,16.0,4.0,622M,15.0,22767.0,2132.0
2853126,2853127,24.0,1152562,1,2,0,1,1.0,36.0,1.0,16.0,4.0,622M,15.0,22768.0,2132.0
2853127,2853128,24.0,1152563,1,2,0,1,1.0,36.0,1.0,16.0,4.0,622M,15.0,22768.0,2132.0
2853128,2853129,24.0,1152564,1,2,0,1,1.0,36.0,1.0,16.0,4.0,622M,15.0,22767.0,2132.0
2853129,2853130,24.0,1152565,1,2,0,1,1.0,36.0,1.0,16.0,4.0,622M,15.0,22747.0,2123.0
2853130,2853131,24.0,1152566,1,2,0,1,1.0,36.0,1.0,16.0,4.0,622M,15.0,22745.0,2121.0
2853131,2853132,24.0,1152567,1,2,0,1,1.0,36.0,1.0,16.0,4.0,622M,15.0,22770.0,2134.0
2853132,2853133,24.0,1152568,1,2,0,1,1.0,36.0,1.0,16.0,4.0,622M,15.0,22770.0,2134.0
2853133,2853134,24.0,1152569,1,2,0,1,1.0,36.0,1.0,16.0,4.0,622M,15.0,22770.0,2134.0
2853134,2853135,24.0,1152570,1,2,0,1,1.0,36.0,1.0,16.0,4.0,622M,15.0,22747.0,2123.0
2853135,2853136,24.0,1152571,1,2,0,1,1.0,36.0,1.0,16.0,4.0,622M,15.0,22771.0,2135.0
2853136,2853137,24.0,1152572,1,2,0,1,1.0,36.0,1.0,16.0,4.0,622M,15.0,22768.0,2132.0
2853137,2853138,24.0,1152573,1,2,0,1,1.0,36.0,1.0,16.0,4.0,622M,15.0,22768.0,2132.0
2853138,2853139,24.0,1152574,1,2,0,1,1.0,36.0,1.0,16.0,4.0,622M,15.0,22767.0,2132.0
2853139,2853140,24.0,1152575,1,2,0,1,1.0,36.0,1.0,16.0,4.0,622M,15.0,22772.0,2136.0
2853140,2853141,24.0,1152576,1,2,0,1,1.0,36.0,1.0,16.0,4.0,622M,15.0,22768.0,2132.0
2853141,2853142,24.0,1152577,1,2,0,1,1.0,36.0,1.0,16.0,4.0,622M,15.0,22771.0,2135.0
2853142,2853143,24.0,1152578,1,2,0,1,1.0,36.0,1.0,16.0,4.0,622M,15.0,22767.0,2132.0
2853143,2853144,24.0,1152579,1,2,0,1,1.0,36.0,1.0,16.0,4.0,622M,15.0,22767.0,2132.0
2853144,2853145,24.0,1152580,1,2,0,1,1.0,36.0,1.0,16.0,4.0,622M,15.0,22767.0,2132.0
2853145,2853146,24.0,1152581,1,2,0,1,1.0,50.0,1.0,-9.0,4.0,5613,12.0,22771.0,2135.0
2853146,2853147,24.0,1152582,1,2,0,1,1.0,50.0,1.0,-9.0,4.0,5613,12.0,22767.0,2132.0
2853147,2853148,24.0,1152583,1,2,0,1,1.0,50.0,1.0,-9.0,4.0,5613,12.0,22768.0,2132.0
2853148,2853149,24.0,1152584,1,2,0,1,1.0,50.0,1.0,-9.0,4.0,5613,12.0,22770.0,2134.0
2853149,2853150,24.0,1152585,1,2,0,1,1.0,50.0,1.0,-9.0,4.0,5613,12.0,22747.0,2123.0
2853150,2853151,24.0,1152586,1,2,0,1,1.0,50.0,1.0,-9.0,4.0,5613,12.0,22768.0,2132.0
2853151,2853152,24.0,1152587,1,2,0,1,1.0,50.0,1.0,-9.0,4.0,5613,12.0,22769.0,2133.0
2853152,2853153,24.0,1152588,1,2,0,1,1.0,50.0,1.0,-9.0,4.0,5613,12.0,22768.0,2132.0
2853153,2853154,24.0,1152589,1,2,0,1,1.0,50.0,1.0,-9.0,4.0,5613,12.0,22768.0,2132.0
2853154,2853155,24.0,1152590,1,2,0,1,1.0,50.0,1.0,-9.0,4.0,5613,12.0,22770.0,2134.0
2853155,2853156,24.0,1152591,1,2,0,1,1.0,50.0,1.0,-9.0,4.0,5613,12.0,22767.0,2132.0
2853156,2853157,24.0,1152592,1,2,0,1,1.0,50.0,1.0,-9.0,4.0,5613,12.0,22767.0,2132.0
2853157,2853158,24.0,1152593,1,2,0,1,1.0,50.0,1.0,-9.0,4.0,5613,12.0,22767.0,2132.0
2853158,2853159,24.0,1152594,1,2,0,1,1.0,50.0,1.0,-9.0,4.0,5613,12.0,22768.0,2132.0
2853159,2853160,23.0,1152595,1,1,0,1,1.0,40.0,1.0,-9.0,4.0,611M1,13.0,22768.0,2132.0
2853160,2853161,23.0,1152596,1,1,0,1,1.0,40.0,1.0,-9.0,4.0,611M1,13.0,22769.0,2133.0
2853161,2853162,23.0,1152597,1,1,0,1,1.0,40.0,1.0,-9.0,4.0,611M1,13.0,22768.0,2132.0
2853162,2853163,23.0,1152598,1,1,0,1,1.0,40.0,1.0,-9.0,4.0,611M1,13.0,22747.0,2123.0
2853163,2853164,23.0,1152599,1,1,0,1,1.0,40.0,1.0,-9.0,4.0,611M1,13.0,22767.0,2132.0
2853164,2853165,21.0,1152600,1,1,0,1,1.0,50.0,1.0,-9.0,4.0,621M,14.0,22770.0,2134.0
2853165,2853166,21.0,1152601,1,1,0,1,1.0,50.0,1.0,-9.0,4.0,621M,14.0,22767.0,2132.0
2853166,2853167,21.0,1152602,1,1,0,1,1.0,50.0,1.0,-9.0,4.0,621M,14.0,22768.0,2132.0
2853167,2853168,21.0,1152603,1,1,0,1,1.0,50.0,1.0,-9.0,4.0,621M,14.0,22745.0,2121.0
2853168,2853169,21.0,1152604,1,1,0,1,1.0,50.0,1.0,-9.0,4.0,621M,14.0,22768.0,2132.0
2853169,2853170,23.0,1152605,1,1,0,1,1.0,40.0,1.0,-9.0,4.0,611M1,13.0,22747.0,2123.0
2853170,2853171,21.0,1152606,1,1,0,1,1.0,50.0,1.0,-9.0,4.0,621M,14.0,22767.0,2132.0
2853171,2853172,21.0,1152607,1,1,0,1,1.0,50.0,1.0,-9.0,4.0,621M,14.0,22767.0,2132.0
2853172,2853173,23.0,1152608,1,1,0,1,1.0,40.0,1.0,-9.0,4.0,611M1,13.0,22771.0,2135.0
2853173,2853174,23.0,1152609,1,1,0,1,1.0,40.0,1.0,-9.0,4.0,611M1,13.0,22767.0,2132.0
2853174,2853175,23.0,1152610,1,1,0,1,1.0,40.0,1.0,-9.0,4.0,611M1,13.0,22771.0,2135.0
2853175,2853176,23.0,1152611,1,1,0,1,1.0,40.0,1.0,-9.0,4.0,611M1,13.0,22771.0,2135.0
2853176,2853177,21.0,1152612,1,1,0,1,1.0,50.0,1.0,-9.0,4.0,621M,14.0,22771.0,2135.0
2853177,2853178,21.0,1152613,1,1,0,1,1.0,50.0,1.0,-9.0,4.0,621M,14.0,22747.0,2123.0
2853178,2853179,21.0,1152614,1,1,0,1,1.0,50.0,1.0,-9.0,4.0,621M,14.0,22767.0,2132.0
2853179,2853180,23.0,1152615,1,1,0,1,1.0,40.0,1.0,-9.0,4.0,611M1,13.0,22767.0,2132.0
2853180,2853181,21.0,1152616,1,1,0,1,1.0,50.0,1.0,-9.0,4.0,621M,14.0,22747.0,2123.0
2853181,2853182,23.0,1152617,1,1,0,1,1.0,40.0,1.0,-9.0,4.0,611M1,13.0,22767.0,2132.0
2853182,2853183,21.0,1152618,1,1,0,1,1.0,50.0,1.0,-9.0,4.0,621M,14.0,22768.0,2132.0
2853183,2853184,23.0,1152619,1,1,0,1,1.0,40.0,1.0,-9.0,4.0,611M1,13.0,22771.0,2135.0
2853184,2853185,23.0,1152620,1,1,0,1,1.0,40.0,1.0,-9.0,4.0,611M1,13.0,22767.0,2132.0
2853185,2853186,23.0,1152621,1,1,0,1,1.0,40.0,1.0,-9.0,4.0,611M1,13.0,22768.0,2132.0
2853186,2853187,23.0,1152622,1,1,0,1,1.0,40.0,1.0,-9.0,4.0,611M1,13.0,22767.0,2132.0
2853187,2853188,23.0,1152623,1,1,0,1,1.0,40.0,1.0,-9.0,4.0,611M1,13.0,22768.0,2132.0
2853188,2853189,21.0,1152624,1,1,0,1,1.0,50.0,1.0,-9.0,4.0,621M,14.0,22767.0,2132.0
2853189,2853190,21.0,1152625,1,1,0,1,1.0,50.0,1.0,-9.0,4.0,621M,14.0,22767.0,2132.0
2853190,2853191,21.0,1152626,1,1,0,1,1.0,50.0,1.0,-9.0,4.0,621M,14.0,22770.0,2134.0
2853191,2853192,21.0,1152627,1,1,0,1,1.0,50.0,1.0,-9.0,4.0,621M,14.0,22767.0,2132.0
2853192,2853193,21.0,1152628,1,1,0,1,1.0,50.0,1.0,-9.0,4.0,621M,14.0,22773.0,2136.0
2853193,2853194,23.0,1152629,1,1,0,1,1.0,40.0,1.0,-9.0,4.0,611M1,13.0,22770.0,2134.0
2853194,2853195,22.0,1152630,1,2,0,1,1.0,40.0,3.0,15.0,2.0,722Z,16.0,22747.0,2123.0
2853195,2853196,22.0,1152631,1,2,0,1,1.0,25.0,1.0,15.0,4.0,722Z,16.0,22767.0,2132.0
2853196,2853197,21.0,1152632,1,2,0,1,1.0,25.0,3.0,15.0,4.0,722Z,16.0,22771.0,2135.0
2853197,2853198,22.0,1152633,1,2,0,1,1.0,25.0,1.0,15.0,4.0,722Z,16.0,22767.0,2132.0
2853198,2853199,22.0,1152634,1,2,0,1,1.0,40.0,3.0,15.0,2.0,722Z,16.0,22770.0,2134.0
2853199,2853200,23.0,1152635,1,2,0,1,1.0,40.0,5.0,-9.0,4.0,611M1,13.0,22767.0,2132.0
2853200,2853201,21.0,1152636,1,2,0,1,1.0,20.0,1.0,15.0,4.0,611M1,13.0,22771.0,2135.0
2853201,2853202,23.0,1152637,1,2,0,1,1.0,35.0,1.0,16.0,4.0,611M1,13.0,22747.0,2123.0
2853202,2853203,23.0,1152638,1,2,0,1,1.0,35.0,1.0,16.0,4.0,611M1,13.0,22768.0,2132.0
2853203,2853204,21.0,1152639,1,2,0,1,1.0,6.0,1.0,15.0,4.0,611M3,13.0,22770.0,2134.0
2853204,2853205,21.0,1152640,1,2,0,1,1.0,10.0,3.0,15.0,4.0,611M1,13.0,22767.0,2132.0
2853205,2853206,22.0,1152641,1,2,0,1,1.0,15.0,2.0,16.0,4.0,611M1,13.0,22767.0,2132.0
2853206,2853207,23.0,1152642,1,2,0,1,1.0,35.0,1.0,16.0,4.0,611M1,13.0,22767.0,2132.0
2853207,2853208,23.0,1152643,1,2,0,1,1.0,35.0,1.0,16.0,4.0,611M1,13.0,22770.0,2134.0
2853208,2853209,21.0,1152644,1,2,0,1,1.0,6.0,1.0,15.0,4.0,611M3,13.0,22770.0,2134.0
2853209,2853210,21.0,1152645,1,2,0,1,1.0,6.0,1.0,15.0,4.0,611M3,13.0,22770.0,2134.0
2853210,2853211,23.0,1152646,1,2,0,1,1.0,35.0,1.0,16.0,4.0,611M1,13.0,22770.0,2134.0
2853211,2853212,23.0,1152647,1,2,0,1,1.0,40.0,5.0,-9.0,4.0,611M1,13.0,22770.0,2134.0
2853212,2853213,23.0,1152648,1,2,0,1,1.0,40.0,5.0,-9.0,4.0,611M1,13.0,22767.0,2132.0
2853213,2853214,22.0,1152649,1,2,0,1,1.0,15.0,2.0,16.0,4.0,611M1,13.0,22767.0,2132.0
2853214,2853215,24.0,1152650,1,2,0,1,1.0,9.0,6.0,16.0,4.0,611M1,13.0,22768.0,2132.0
2853215,2853216,22.0,1152651,1,2,0,1,1.0,15.0,2.0,16.0,4.0,611M1,13.0,22767.0,2132.0
2853216,2853217,22.0,1152652,1,2,0,1,1.0,15.0,2.0,16.0,4.0,611M1,13.0,22767.0,2132.0
2853217,2853218,23.0,1152653,1,2,0,1,1.0,35.0,1.0,16.0,4.0,611M1,13.0,22771.0,2135.0
2853218,2853219,23.0,1152654,1,2,0,1,1.0,35.0,1.0,16.0,4.0,611M1,13.0,22771.0,2135.0
2853219,2853220,21.0,1152655,1,2,0,1,1.0,20.0,1.0,15.0,4.0,611M1,13.0,22768.0,2132.0
2853220,2853221,23.0,1152656,1,2,0,1,1.0,40.0,5.0,-9.0,4.0,611M1,13.0,22767.0,2132.0
2853221,2853222,22.0,1152657,1,2,0,1,1.0,15.0,2.0,16.0,4.0,611M1,13.0,22767.0,2132.0
2853222,2853223,21.0,1152658,1,2,0,1,1.0,20.0,1.0,15.0,4.0,611M1,13.0,22770.0,2134.0
2853223,2853224,23.0,1152659,1,2,0,1,1.0,40.0,5.0,-9.0,4.0,611M1,13.0,22770.0,2134.0
2853224,2853225,23.0,1152660,1,2,0,1,1.0,35.0,1.0,16.0,4.0,611M1,13.0,22768.0,2132.0
2853225,2853226,22.0,1152661,1,2,0,1,1.0,6.0,4.0,16.0,4.0,611M1,13.0,22773.0,2136.0
2853226,2853227,21.0,1152662,1,2,0,1,1.0,6.0,1.0,15.0,4.0,611M3,13.0,22748.0,2124.0
2853227,2853228,23.0,1152663,1,2,0,1,1.0,40.0,5.0,-9.0,4.0,611M1,13.0,22767.0,2132.0
2853228,2853229,21.0,1152664,1,2,0,1,1.0,20.0,1.0,15.0,4.0,611M1,13.0,22768.0,2132.0
2853229,2853230,22.0,1152665,1,2,0,1,1.0,6.0,4.0,16.0,4.0,611M1,13.0,22771.0,2135.0
2853230,2853231,23.0,1152666,1,2,0,1,1.0,40.0,5.0,-9.0,4.0,611M1,13.0,22768.0,2132.0
2853231,2853232,21.0,1152667,1,2,0,1,1.0,6.0,1.0,15.0,4.0,611M3,13.0,22767.0,2132.0
2853232,2853233,21.0,1152668,1,2,0,1,1.0,6.0,1.0,15.0,4.0,611M3,13.0,22747.0,2123.0
2853233,2853234,22.0,1152669,1,2,0,1,1.0,15.0,2.0,16.0,4.0,611M1,13.0,22770.0,2134.0
2853234,2853235,21.0,1152670,1,2,0,1,1.0,20.0,1.0,15.0,4.0,611M1,13.0,22767.0,2132.0
2853235,2853236,23.0,1152671,1,2,0,1,1.0,35.0,1.0,16.0,4.0,611M1,13.0,22747.0,2123.0
2853236,2853237,21.0,1152672,1,2,0,1,1.0,6.0,1.0,15.0,4.0,611M3,13.0,22770.0,2134.0
2853237,2853238,21.0,1152673,1,2,0,1,1.0,10.0,3.0,15.0,4.0,611M1,13.0,22772.0,2136.0
2853238,2853239,21.0,1152674,1,2,0,1,1.0,20.0,1.0,15.0,4.0,611M1,13.0,22767.0,2132.0
2853239,2853240,24.0,1152675,1,2,0,1,1.0,9.0,6.0,16.0,4.0,611M1,13.0,22767.0,2132.0
2853240,2853241,22.0,1152676,1,2,0,1,1.0,15.0,2.0,16.0,4.0,611M1,13.0,22767.0,2132.0
2853241,2853242,21.0,1152677,1,2,0,1,1.0,6.0,1.0,15.0,4.0,611M3,13.0,22767.0,2132.0
2853242,2853243,23.0,1152678,1,2,0,1,1.0,35.0,1.0,16.0,4.0,611M1,13.0,22767.0,2132.0
2853243,2853244,21.0,1152679,1,2,0,1,1.0,6.0,1.0,15.0,4.0,611M3,13.0,22769.0,2133.0
2853244,2853245,23.0,1152680,1,2,0,1,1.0,35.0,1.0,16.0,4.0,611M1,13.0,22767.0,2132.0
2853245,2853246,23.0,1152681,1,2,0,1,1.0,35.0,1.0,16.0,4.0,611M1,13.0,22767.0,2132.0
2853246,2853247,23.0,1152682,1,2,0,1,1.0,40.0,5.0,-9.0,4.0,611M1,13.0,22767.0,2132.0
2853247,2853248,23.0,1152683,1,2,0,1,1.0,35.0,1.0,16.0,4.0,611M1,13.0,22769.0,2133.0
2853248,2853249,22.0,1152684,1,2,0,1,1.0,15.0,2.0,16.0,4.0,611M1,13.0,22770.0,2134.0
2853249,2853250,21.0,1152685,1,2,0,1,1.0,10.0,3.0,15.0,4.0,611M1,13.0,22767.0,2132.0
2853250,2853251,21.0,1152686,1,2,0,1,1.0,20.0,1.0,15.0,4.0,611M1,13.0,22767.0,2132.0
2853251,2853252,21.0,1152687,1,2,0,1,1.0,6.0,1.0,15.0,4.0,611M3,13.0,22767.0,2132.0
2853252,2853253,23.0,1152688,1,2,0,1,1.0,40.0,5.0,-9.0,4.0,611M1,13.0,22768.0,2132.0
2853253,2853254,21.0,1152689,1,2,0,1,1.0,10.0,3.0,15.0,4.0,611M1,13.0,22767.0,2132.0
2853254,2853255,23.0,1152690,1,2,0,1,1.0,40.0,5.0,-9.0,4.0,611M1,13.0,22767.0,2132.0
2853255,2853256,21.0,1152691,1,2,0,1,1.0,6.0,1.0,15.0,4.0,611M3,13.0,22771.0,2135.0
2853256,2853257,23.0,1152692,1,2,0,1,1.0,35.0,1.0,16.0,4.0,611M1,13.0,22768.0,2132.0
2853257,2853258,22.0,1152693,1,2,0,1,1.0,6.0,4.0,16.0,4.0,611M1,13.0,22767.0,2132.0
2853258,2853259,23.0,1152694,1,2,0,1,1.0,40.0,5.0,-9.0,4.0,611M1,13.0,22768.0,2132.0
2853259,2853260,24.0,1152695,1,2,0,1,1.0,9.0,6.0,16.0,4.0,611M1,13.0,22745.0,2121.0
2853260,2853261,21.0,1152696,1,2,0,1,1.0,20.0,1.0,15.0,4.0,611M1,13.0,22767.0,2132.0
2853261,2853262,24.0,1152697,1,2,0,1,1.0,9.0,6.0,16.0,4.0,611M1,13.0,22747.0,2123.0
2853262,2853263,21.0,1152698,1,2,0,1,1.0,6.0,1.0,15.0,4.0,611M3,13.0,22768.0,2132.0
2853263,2853264,21.0,1152699,1,2,0,1,1.0,20.0,1.0,15.0,4.0,611M1,13.0,22767.0,2132.0
2853264,2853265,23.0,1152700,1,2,0,1,1.0,35.0,1.0,16.0,4.0,611M1,13.0,22768.0,2132.0
2853265,2853266,21.0,1152701,1,2,0,1,1.0,6.0,1.0,15.0,4.0,611M3,13.0,22769.0,2133.0
2853266,2853267,22.0,1152702,1,2,0,1,1.0,6.0,4.0,16.0,4.0,611M1,13.0,22769.0,2133.0
2853267,2853268,23.0,1152703,1,2,0,1,1.0,40.0,5.0,-9.0,4.0,611M1,13.0,22747.0,2123.0
2853268,2853269,21.0,1152704,1,2,0,1,1.0,20.0,1.0,15.0,4.0,611M1,13.0,22770.0,2134.0
2853269,2853270,23.0,1152705,1,2,0,1,1.0,35.0,1.0,16.0,4.0,611M1,13.0,22773.0,2136.0
2853270,2853271,21.0,1152706,1,2,0,1,1.0,6.0,1.0,15.0,4.0,611M3,13.0,22768.0,2132.0
2853271,2853272,21.0,1152707,1,2,0,1,1.0,20.0,1.0,15.0,4.0,611M1,13.0,22771.0,2135.0
2853272,2853273,23.0,1152708,1,2,0,1,1.0,35.0,1.0,16.0,4.0,611M1,13.0,22769.0,2133.0
2853273,2853274,23.0,1152709,1,2,0,1,1.0,35.0,1.0,16.0,4.0,611M1,13.0,22768.0,2132.0
2853274,2853275,21.0,1152710,1,2,0,1,1.0,10.0,3.0,15.0,4.0,611M1,13.0,22768.0,2132.0
2853275,2853276,23.0,1152711,1,2,0,1,1.0,35.0,1.0,16.0,4.0,611M1,13.0,22768.0,2132.0
2853276,2853277,23.0,1152712,1,2,0,1,1.0,35.0,1.0,16.0,4.0,611M1,13.0,22770.0,2134.0
2853277,2853278,22.0,1152713,1,2,0,1,1.0,6.0,4.0,16.0,4.0,611M1,13.0,22768.0,2132.0
2853278,2853279,21.0,1152714,1,2,0,1,1.0,6.0,1.0,15.0,4.0,611M3,13.0,22767.0,2132.0
2853279,2853280,23.0,1152715,1,2,0,1,1.0,40.0,5.0,-9.0,4.0,611M1,13.0,22767.0,2132.0
2853280,2853281,21.0,1152716,1,2,0,1,1.0,10.0,3.0,15.0,4.0,611M1,13.0,22767.0,2132.0
2853281,2853282,23.0,1152717,1,2,0,1,1.0,40.0,5.0,-9.0,4.0,611M1,13.0,22771.0,2135.0
2853282,2853283,22.0,1152718,1,2,0,1,1.0,15.0,2.0,16.0,4.0,611M1,13.0,22768.0,2132.0
2853283,2853284,21.0,1152719,1,2,0,1,1.0,6.0,1.0,15.0,4.0,611M3,13.0,22768.0,2132.0
2853284,2853285,21.0,1152720,1,2,0,1,1.0,20.0,1.0,15.0,4.0,611M1,13.0,22747.0,2123.0
2853285,2853286,23.0,1152721,1,2,0,1,1.0,35.0,1.0,16.0,4.0,611M1,13.0,22767.0,2132.0
2853286,2853287,23.0,1152722,1,2,0,1,1.0,40.0,5.0,-9.0,4.0,611M1,13.0,22770.0,2134.0
2853287,2853288,24.0,1152723,1,2,0,1,1.0,9.0,6.0,16.0,4.0,611M1,13.0,22767.0,2132.0
2853288,2853289,23.0,1152724,1,2,0,1,1.0,40.0,5.0,-9.0,4.0,611M1,13.0,22747.0,2123.0
2853289,2853290,21.0,1152725,1,2,0,1,1.0,6.0,1.0,15.0,4.0,611M3,13.0,22770.0,2134.0
2853290,2853291,22.0,1152726,1,2,0,1,1.0,15.0,2.0,16.0,4.0,611M1,13.0,22767.0,2132.0
2853291,2853292,23.0,1152727,1,2,0,1,1.0,35.0,1.0,16.0,4.0,611M1,13.0,22747.0,2123.0
2853292,2853293,22.0,1152728,1,2,0,1,1.0,6.0,4.0,16.0,4.0,611M1,13.0,22747.0,2123.0
2853293,2853294,21.0,1152729,1,2,0,1,1.0,6.0,1.0,15.0,4.0,611M3,13.0,22769.0,2133.0
2853294,2853295,21.0,1152730,1,2,0,1,1.0,6.0,1.0,15.0,4.0,611M3,13.0,22767.0,2132.0
2853295,2853296,21.0,1152731,1,2,0,1,1.0,6.0,1.0,15.0,4.0,611M3,13.0,22769.0,2133.0
2853296,2853297,22.0,1152732,1,2,0,1,1.0,15.0,2.0,16.0,4.0,611M1,13.0,22767.0,2132.0
2853297,2853298,24.0,1152733,1,2,0,1,1.0,9.0,6.0,16.0,4.0,611M1,13.0,22770.0,2134.0
2853298,2853299,23.0,1152734,1,2,0,1,1.0,40.0,5.0,-9.0,4.0,611M1,13.0,22767.0,2132.0
2853299,2853300,21.0,1152735,1,2,0,1,1.0,20.0,1.0,15.0,4.0,611M1,13.0,22767.0,2132.0
2853300,2853301,23.0,1152736,1,2,0,1,1.0,40.0,5.0,-9.0,4.0,611M1,13.0,22771.0,2135.0
2853301,2853302,22.0,1152737,1,2,0,1,1.0,15.0,2.0,16.0,4.0,611M1,13.0,22767.0,2132.0
2853302,2853303,22.0,1152738,1,2,0,1,1.0,15.0,2.0,16.0,4.0,611M1,13.0,22767.0,2132.0
2853303,2853304,24.0,1152739,1,2,0,1,1.0,9.0,6.0,16.0,4.0,611M1,13.0,22768.0,2132.0
2853304,2853305,23.0,1152740,1,2,0,1,1.0,35.0,1.0,16.0,4.0,611M1,13.0,22747.0,2123.0
2853305,2853306,23.0,1152741,1,2,0,1,1.0,35.0,1.0,16.0,4.0,611M1,13.0,22767.0,2132.0
2853306,2853307,22.0,1152742,1,2,0,1,1.0,6.0,4.0,16.0,4.0,611M1,13.0,22747.0,2123.0
2853307,2853308,21.0,1152743,1,2,0,1,1.0,20.0,1.0,15.0,4.0,611M1,13.0,22767.0,2132.0
2853308,2853309,21.0,1152744,1,2,0,1,1.0,10.0,3.0,15.0,4.0,611M1,13.0,22747.0,2123.0
2853309,2853310,23.0,1152745,1,2,0,1,1.0,40.0,5.0,-9.0,4.0,611M1,13.0,22767.0,2132.0
2853310,2853311,21.0,1152746,1,2,0,1,1.0,6.0,1.0,15.0,4.0,611M3,13.0,22768.0,2132.0
2853311,2853312,21.0,1152747,1,2,0,1,1.0,6.0,1.0,15.0,4.0,611M3,13.0,22767.0,2132.0
2853312,2853313,22.0,1152748,1,2,0,1,1.0,15.0,2.0,16.0,4.0,611M1,13.0,22771.0,2135.0
2853313,2853314,21.0,1152749,1,2,0,1,1.0,6.0,1.0,15.0,4.0,611M3,13.0,22771.0,2135.0
2853314,2853315,21.0,1152750,1,2,0,1,1.0,20.0,1.0,15.0,4.0,611M1,13.0,22768.0,2132.0
2853315,2853316,23.0,1152751,1,2,0,1,1.0,35.0,1.0,16.0,4.0,611M1,13.0,22767.0,2132.0
2853316,2853317,22.0,1152752,1,2,0,1,1.0,15.0,2.0,16.0,4.0,611M1,13.0,22767.0,2132.0
2853317,2853318,23.0,1152753,1,2,0,1,1.0,40.0,5.0,-9.0,4.0,611M1,13.0,22768.0,2132.0
2853318,2853319,23.0,1152754,1,2,0,1,1.0,35.0,1.0,16.0,4.0,611M1,13.0,22767.0,2132.0
2853319,2853320,22.0,1152755,1,2,0,1,1.0,6.0,4.0,16.0,4.0,611M1,13.0,22770.0,2134.0
2853320,2853321,23.0,1152756,1,2,0,1,1.0,35.0,1.0,16.0,4.0,611M1,13.0,22768.0,2132.0
2853321,2853322,22.0,1152757,1,2,0,1,1.0,15.0,2.0,16.0,4.0,611M1,13.0,22767.0,2132.0
2853322,2853323,22.0,1152758,1,2,0,1,1.0,15.0,2.0,16.0,4.0,611M1,13.0,22747.0,2123.0
2853323,2853324,23.0,1152759,1,2,0,1,1.0,40.0,5.0,-9.0,4.0,611M1,13.0,22769.0,2133.0
2853324,2853325,22.0,1152760,1,2,0,1,1.0,15.0,2.0,16.0,4.0,611M1,13.0,22769.0,2133.0
2853325,2853326,21.0,1152761,1,2,0,1,1.0,6.0,1.0,15.0,4.0,611M3,13.0,22768.0,2132.0
2853326,2853327,21.0,1152762,1,2,0,1,1.0,6.0,1.0,15.0,4.0,611M3,13.0,22745.0,2121.0
2853327,2853328,23.0,1152763,1,2,0,1,1.0,40.0,5.0,-9.0,4.0,611M1,13.0,22768.0,2132.0
2853328,2853329,21.0,1152764,1,2,0,1,1.0,20.0,1.0,15.0,4.0,611M1,13.0,22767.0,2132.0
2853329,2853330,21.0,1152765,1,2,0,1,1.0,20.0,1.0,15.0,4.0,611M1,13.0,22768.0,2132.0
2853330,2853331,21.0,1152766,1,2,0,1,1.0,6.0,1.0,15.0,4.0,611M3,13.0,22768.0,2132.0
2853331,2853332,23.0,1152767,1,2,0,1,1.0,35.0,1.0,16.0,4.0,611M1,13.0,22747.0,2123.0
2853332,2853333,23.0,1152768,1,2,0,1,1.0,35.0,1.0,16.0,4.0,611M1,13.0,22773.0,2136.0
2853333,2853334,21.0,1152769,1,2,0,1,1.0,20.0,1.0,15.0,4.0,611M1,13.0,22767.0,2132.0
2853334,2853335,21.0,1152770,1,2,0,1,1.0,20.0,1.0,15.0,4.0,611M1,13.0,22770.0,2134.0
2853335,2853336,23.0,1152771,1,2,0,1,1.0,35.0,1.0,16.0,4.0,611M1,13.0,22769.0,2133.0
2853336,2853337,22.0,1152772,1,2,0,1,1.0,6.0,4.0,16.0,4.0,611M1,13.0,22771.0,2135.0
2853337,2853338,23.0,1152773,1,2,0,1,1.0,40.0,5.0,-9.0,4.0,611M1,13.0,22747.0,2123.0
2853338,2853339,23.0,1152774,1,2,0,1,1.0,40.0,5.0,-9.0,4.0,611M1,13.0,22767.0,2132.0
2853339,2853340,21.0,1152775,1,2,0,1,1.0,6.0,1.0,15.0,4.0,611M3,13.0,22767.0,2132.0
2853340,2853341,21.0,1152776,1,2,0,1,1.0,20.0,1.0,15.0,4.0,611M1,13.0,22771.0,2135.0
2853341,2853342,21.0,1152777,1,2,0,1,1.0,6.0,1.0,15.0,4.0,611M3,13.0,22770.0,2134.0
2853342,2853343,21.0,1152778,1,2,0,1,1.0,20.0,1.0,15.0,4.0,611M1,13.0,22767.0,2132.0
2853343,2853344,24.0,1152779,1,2,0,1,1.0,9.0,6.0,16.0,4.0,611M1,13.0,22767.0,2132.0
2853344,2853345,21.0,1152780,1,2,0,1,1.0,20.0,1.0,15.0,4.0,611M1,13.0,22768.0,2132.0
2853345,2853346,21.0,1152781,1,2,0,1,1.0,20.0,1.0,15.0,4.0,611M1,13.0,22748.0,2124.0
2853346,2853347,23.0,1152782,1,2,0,1,1.0,35.0,1.0,16.0,4.0,611M1,13.0,22747.0,2123.0
2853347,2853348,21.0,1152783,1,2,0,1,1.0,6.0,1.0,15.0,4.0,611M3,13.0,22747.0,2123.0
2853348,2853349,23.0,1152784,1,2,0,1,1.0,35.0,1.0,16.0,4.0,611M1,13.0,22767.0,2132.0
2853349,2853350,23.0,1152785,1,2,0,1,1.0,35.0,1.0,16.0,4.0,611M1,13.0,22767.0,2132.0
2853350,2853351,23.0,1152786,1,2,0,1,1.0,35.0,1.0,16.0,4.0,611M1,13.0,22771.0,2135.0
2853351,2853352,21.0,1152787,1,2,0,1,1.0,10.0,3.0,15.0,4.0,611M1,13.0,22767.0,2132.0
2853352,2853353,23.0,1152788,1,2,0,1,1.0,35.0,1.0,16.0,4.0,611M1,13.0,22748.0,2124.0
2853353,2853354,21.0,1152789,1,2,0,1,1.0,20.0,1.0,15.0,4.0,611M1,13.0,22770.0,2134.0
2853354,2853355,23.0,1152790,1,2,0,1,1.0,40.0,5.0,-9.0,4.0,611M1,13.0,22747.0,2123.0
2853355,2853356,23.0,1152791,1,2,0,1,1.0,40.0,5.0,-9.0,4.0,611M1,13.0,22768.0,2132.0
2853356,2853357,24.0,1152792,1,2,0,1,1.0,9.0,6.0,16.0,4.0,611M1,13.0,22773.0,2136.0
2853357,2853358,21.0,1152793,1,2,0,1,1.0,6.0,1.0,15.0,4.0,611M3,13.0,22767.0,2132.0
2853358,2853359,23.0,1152794,1,2,0,1,1.0,35.0,1.0,16.0,4.0,611M1,13.0,22767.0,2132.0
2853359,2853360,22.0,1152795,1,2,0,1,1.0,15.0,2.0,16.0,4.0,611M1,13.0,22767.0,2132.0
2853360,2853361,23.0,1152796,1,2,0,1,1.0,35.0,1.0,16.0,4.0,611M1,13.0,22771.0,2135.0
2853361,2853362,23.0,1152797,1,2,0,1,1.0,35.0,1.0,16.0,4.0,611M1,13.0,22767.0,2132.0
2853362,2853363,21.0,1152798,1,2,0,1,1.0,20.0,1.0,15.0,4.0,611M1,13.0,22769.0,2133.0
2853363,2853364,23.0,1152799,1,2,0,1,1.0,35.0,1.0,16.0,4.0,611M1,13.0,22767.0,2132.0
2853364,2853365,22.0,1152800,1,2,0,1,1.0,15.0,2.0,16.0,4.0,611M1,13.0,22768.0,2132.0
2853365,2853366,23.0,1152801,1,2,0,1,1.0,35.0,1.0,16.0,4.0,611M1,13.0,22770.0,2134.0
2853366,2853367,21.0,1152802,1,2,0,1,1.0,6.0,1.0,15.0,4.0,611M3,13.0,22747.0,2123.0
2853367,2853368,24.0,1152803,1,1,0,1,1.0,8.0,6.0,16.0,4.0,454110,5.0,22767.0,2132.0
2853368,2853369,24.0,1152804,1,1,0,1,1.0,45.0,4.0,-9.0,4.0,4251,4.0,22768.0,2132.0
2853369,2853370,24.0,1152805,1,1,0,1,1.0,45.0,4.0,-9.0,4.0,4251,4.0,22768.0,2132.0
2853370,2853371,24.0,1152806,1,1,0,1,1.0,45.0,4.0,-9.0,4.0,4251,4.0,22770.0,2134.0
2853371,2853372,24.0,1152807,1,1,0,1,1.0,45.0,4.0,-9.0,4.0,4251,4.0,22747.0,2123.0
2853372,2853373,24.0,1152808,1,1,0,1,1.0,45.0,4.0,-9.0,4.0,4251,4.0,22767.0,2132.0
2853373,2853374,24.0,1152809,1,1,0,1,1.0,45.0,4.0,-9.0,4.0,4251,4.0,22747.0,2123.0
2853374,2853375,24.0,1152810,1,1,0,1,1.0,45.0,4.0,-9.0,4.0,4251,4.0,22767.0,2132.0
2853375,2853376,24.0,1152811,1,1,0,1,1.0,45.0,4.0,-9.0,4.0,4251,4.0,22767.0,2132.0
2853376,2853377,24.0,1152812,1,1,0,1,1.0,45.0,4.0,-9.0,4.0,4251,4.0,22771.0,2135.0
2853377,2853378,24.0,1152813,1,1,0,1,1.0,45.0,4.0,-9.0,4.0,4251,4.0,22767.0,2132.0
2853378,2853379,24.0,1152814,1,1,0,1,1.0,45.0,4.0,-9.0,4.0,4251,4.0,22770.0,2134.0
2853379,2853380,24.0,1152815,1,1,0,1,1.0,45.0,4.0,-9.0,4.0,4251,4.0,22769.0,2133.0
2853380,2853381,24.0,1152816,1,1,0,1,1.0,45.0,4.0,-9.0,4.0,4251,4.0,22770.0,2134.0
2853381,2853382,24.0,1152817,1,1,0,1,1.0,45.0,4.0,-9.0,4.0,4251,4.0,22767.0,2132.0
2853382,2853383,24.0,1152818,1,1,0,1,1.0,45.0,4.0,-9.0,4.0,4251,4.0,22747.0,2123.0
2853383,2853384,24.0,1152819,1,1,0,1,1.0,45.0,4.0,-9.0,4.0,4251,4.0,22773.0,2136.0
2853384,2853385,24.0,1152820,1,1,0,1,1.0,45.0,4.0,-9.0,4.0,4251,4.0,22768.0,2132.0
2853385,2853386,24.0,1152821,1,1,0,1,1.0,45.0,4.0,-9.0,4.0,4251,4.0,22768.0,2132.0
2853386,2853387,24.0,1152822,1,1,0,1,1.0,45.0,4.0,-9.0,4.0,4251,4.0,22767.0,2132.0
2853387,2853388,24.0,1152823,1,1,0,1,1.0,45.0,4.0,-9.0,4.0,4251,4.0,22771.0,2135.0
2853388,2853389,24.0,1152824,1,1,0,1,1.0,45.0,4.0,-9.0,4.0,4251,4.0,22767.0,2132.0
2853389,2853390,24.0,1152825,1,1,0,1,1.0,45.0,4.0,-9.0,4.0,4251,4.0,22768.0,2132.0
2853390,2853391,24.0,1152826,1,1,0,1,1.0,45.0,4.0,-9.0,4.0,4251,4.0,22767.0,2132.0
2853391,2853392,24.0,1152827,1,1,0,1,1.0,45.0,4.0,-9.0,4.0,4251,4.0,22771.0,2135.0
2853392,2853393,24.0,1152828,1,1,0,1,1.0,45.0,4.0,-9.0,4.0,4251,4.0,22767.0,2132.0
2853393,2853394,24.0,1152829,1,1,0,1,1.0,45.0,4.0,-9.0,4.0,4251,4.0,22767.0,2132.0
2853394,2853395,24.0,1152830,1,1,0,1,1.0,45.0,4.0,-9.0,4.0,4251,4.0,22768.0,2132.0
2853395,2853396,24.0,1152831,1,1,0,1,1.0,45.0,4.0,-9.0,4.0,4251,4.0,22770.0,2134.0
2853396,2853397,24.0,1152832,1,1,0,1,1.0,45.0,4.0,-9.0,4.0,4251,4.0,22768.0,2132.0
2853397,2853398,24.0,1152833,1,1,0,1,1.0,45.0,4.0,-9.0,4.0,4251,4.0,22767.0,2132.0
2853398,2853399,24.0,1152834,1,1,0,1,1.0,45.0,4.0,-9.0,4.0,4251,4.0,22767.0,2132.0
2853399,2853400,24.0,1152835,1,1,0,1,1.0,45.0,4.0,-9.0,4.0,4251,4.0,22771.0,2135.0
2853400,2853401,24.0,1152836,1,1,0,1,1.0,45.0,4.0,-9.0,4.0,4251,4.0,22768.0,2132.0
2853401,2853402,24.0,1152837,1,1,0,1,1.0,45.0,4.0,-9.0,4.0,4251,4.0,22747.0,2123.0
2853402,2853403,24.0,1152838,1,1,0,1,1.0,45.0,4.0,-9.0,4.0,4251,4.0,22768.0,2132.0
2853403,2853404,24.0,1152839,1,1,0,1,1.0,45.0,4.0,-9.0,4.0,4251,4.0,22771.0,2135.0
2853404,2853405,24.0,1152840,1,1,0,1,1.0,45.0,4.0,-9.0,4.0,4251,4.0,22747.0,2123.0
2853405,2853406,24.0,1152841,1,1,0,1,1.0,45.0,4.0,-9.0,4.0,4251,4.0,22767.0,2132.0
2853406,2853407,24.0,1152842,1,1,0,1,1.0,45.0,4.0,-9.0,4.0,4251,4.0,22747.0,2123.0
2853407,2853408,24.0,1152843,1,1,0,1,1.0,45.0,4.0,-9.0,4.0,4251,4.0,22768.0,2132.0
2853408,2853409,24.0,1152844,1,1,0,1,1.0,45.0,4.0,-9.0,4.0,4251,4.0,22768.0,2132.0
2853409,2853410,24.0,1152845,1,1,0,1,1.0,45.0,4.0,-9.0,4.0,4251,4.0,22771.0,2135.0
2853410,2853411,24.0,1152846,1,1,0,1,1.0,45.0,4.0,-9.0,4.0,4251,4.0,22767.0,2132.0
2853411,2853412,24.0,1152847,1,1,0,1,1.0,45.0,4.0,-9.0,4.0,4251,4.0,22769.0,2133.0
2853412,2853413,24.0,1152848,1,1,0,1,1.0,45.0,4.0,-9.0,4.0,4251,4.0,22767.0,2132.0
2853413,2853414,24.0,1152849,1,1,0,1,1.0,45.0,4.0,-9.0,4.0,4251,4.0,22747.0,2123.0
2853414,2853415,24.0,1152850,1,1,0,1,1.0,45.0,4.0,-9.0,4.0,4251,4.0,22747.0,2123.0
2853415,2853416,24.0,1152851,1,1,0,1,1.0,45.0,4.0,-9.0,4.0,4251,4.0,22768.0,2132.0
2853416,2853417,24.0,1152852,1,1,0,1,1.0,45.0,4.0,-9.0,4.0,4251,4.0,22767.0,2132.0
2853417,2853418,24.0,1152853,1,1,0,1,1.0,45.0,4.0,-9.0,4.0,4251,4.0,22747.0,2123.0
2853418,2853419,24.0,1152854,1,1,0,1,1.0,45.0,4.0,-9.0,4.0,4251,4.0,22769.0,2133.0
2853419,2853420,24.0,1152855,1,1,0,1,1.0,45.0,4.0,-9.0,4.0,4251,4.0,22747.0,2123.0
2853420,2853421,22.0,1152856,1,2,0,1,1.0,20.0,6.0,-9.0,4.0,722Z,16.0,22771.0,2135.0
2853421,2853422,22.0,1152857,1,2,0,1,1.0,20.0,6.0,-9.0,4.0,722Z,16.0,22768.0,2132.0
2853422,2853423,22.0,1152858,1,2,0,1,1.0,20.0,6.0,-9.0,4.0,722Z,16.0,22771.0,2135.0
2853423,2853424,22.0,1152859,1,2,0,1,1.0,20.0,6.0,-9.0,4.0,722Z,16.0,22767.0,2132.0
2853424,2853425,22.0,1152860,1,2,0,1,1.0,20.0,6.0,-9.0,4.0,722Z,16.0,22747.0,2123.0
2853425,2853426,22.0,1152861,1,2,0,1,1.0,20.0,6.0,-9.0,4.0,722Z,16.0,22771.0,2135.0
2853426,2853427,22.0,1152862,1,2,0,1,1.0,20.0,6.0,-9.0,4.0,722Z,16.0,22767.0,2132.0
2853427,2853428,22.0,1152863,1,2,0,1,1.0,20.0,6.0,-9.0,4.0,722Z,16.0,22747.0,2123.0
2853428,2853429,22.0,1152864,1,2,0,1,1.0,20.0,6.0,-9.0,4.0,722Z,16.0,22767.0,2132.0
2853429,2853430,22.0,1152865,1,2,0,1,1.0,20.0,6.0,-9.0,4.0,722Z,16.0,22767.0,2132.0
2853430,2853431,22.0,1152866,1,2,0,1,1.0,20.0,6.0,-9.0,4.0,722Z,16.0,22771.0,2135.0
2853431,2853432,22.0,1152867,1,2,0,1,1.0,20.0,6.0,-9.0,4.0,722Z,16.0,22767.0,2132.0
2853432,2853433,22.0,1152868,1,2,0,1,1.0,20.0,6.0,-9.0,4.0,722Z,16.0,22767.0,2132.0
2853433,2853434,22.0,1152869,1,2,0,1,1.0,20.0,6.0,-9.0,4.0,722Z,16.0,22771.0,2135.0
2853434,2853435,22.0,1152870,1,2,0,1,1.0,20.0,6.0,-9.0,4.0,722Z,16.0,22767.0,2132.0
2853435,2853436,22.0,1152871,1,2,0,1,1.0,20.0,6.0,-9.0,4.0,722Z,16.0,22771.0,2135.0
2853436,2853437,22.0,1152872,1,2,0,1,1.0,20.0,6.0,-9.0,4.0,722Z,16.0,22768.0,2132.0
2853437,2853438,22.0,1152873,1,2,0,1,1.0,20.0,6.0,-9.0,4.0,722Z,16.0,22767.0,2132.0
2853438,2853439,22.0,1152874,1,2,0,1,1.0,20.0,6.0,-9.0,4.0,722Z,16.0,22771.0,2135.0
2853439,2853440,22.0,1152875,1,2,0,1,1.0,20.0,6.0,-9.0,4.0,722Z,16.0,22768.0,2132.0
2853440,2853441,22.0,1152876,1,2,0,1,1.0,20.0,6.0,-9.0,4.0,722Z,16.0,22768.0,2132.0
2853441,2853442,22.0,1152877,1,2,0,1,1.0,20.0,6.0,-9.0,4.0,722Z,16.0,22767.0,2132.0
2853442,2853443,22.0,1152878,1,2,0,1,1.0,20.0,6.0,-9.0,4.0,722Z,16.0,22768.0,2132.0
2853443,2853444,22.0,1152879,1,2,0,1,1.0,20.0,6.0,-9.0,4.0,722Z,16.0,22771.0,2135.0
2853444,2853445,22.0,1152880,1,2,0,1,1.0,20.0,6.0,-9.0,4.0,722Z,16.0,22767.0,2132.0
2853445,2853446,22.0,1152881,1,2,0,1,1.0,20.0,6.0,-9.0,4.0,722Z,16.0,22767.0,2132.0
2853446,2853447,22.0,1152882,1,2,0,1,1.0,20.0,6.0,-9.0,4.0,722Z,16.0,22770.0,2134.0
2853447,2853448,22.0,1152883,1,2,0,1,1.0,20.0,6.0,-9.0,4.0,722Z,16.0,22770.0,2134.0
2853448,2853449,22.0,1152884,1,2,0,1,1.0,20.0,6.0,-9.0,4.0,722Z,16.0,22767.0,2132.0
2853449,2853450,22.0,1152885,1,2,0,1,1.0,20.0,6.0,-9.0,4.0,722Z,16.0,22767.0,2132.0
2853450,2853451,22.0,1152886,1,2,0,1,1.0,20.0,6.0,-9.0,4.0,722Z,16.0,22747.0,2123.0
2853451,2853452,22.0,1152887,1,2,0,1,1.0,20.0,6.0,-9.0,4.0,722Z,16.0,22767.0,2132.0
2853452,2853453,22.0,1152888,1,2,0,1,1.0,20.0,6.0,-9.0,4.0,722Z,16.0,22773.0,2136.0
2853453,2853454,22.0,1152889,1,2,0,1,1.0,20.0,6.0,-9.0,4.0,722Z,16.0,22770.0,2134.0
2853454,2853455,22.0,1152890,1,2,0,1,1.0,20.0,6.0,-9.0,4.0,722Z,16.0,22767.0,2132.0
2853455,2853456,22.0,1152891,1,2,0,1,1.0,20.0,6.0,-9.0,4.0,722Z,16.0,22767.0,2132.0
2853456,2853457,22.0,1152892,1,2,0,1,1.0,20.0,6.0,-9.0,4.0,722Z,16.0,22768.0,2132.0
2853457,2853458,22.0,1152893,1,2,0,1,1.0,20.0,6.0,-9.0,4.0,722Z,16.0,22767.0,2132.0
2853458,2853459,22.0,1152894,1,2,0,1,1.0,20.0,6.0,-9.0,4.0,722Z,16.0,22771.0,2135.0
2853459,2853460,22.0,1152895,1,2,0,1,1.0,20.0,6.0,-9.0,4.0,722Z,16.0,22767.0,2132.0
2853460,2853461,22.0,1152896,1,2,0,1,1.0,20.0,6.0,-9.0,4.0,722Z,16.0,22770.0,2134.0
2853461,2853462,22.0,1152897,1,2,0,1,1.0,20.0,6.0,-9.0,4.0,722Z,16.0,22767.0,2132.0
2853462,2853463,22.0,1152898,1,2,0,1,1.0,20.0,6.0,-9.0,4.0,722Z,16.0,22747.0,2123.0
2853463,2853464,22.0,1152899,1,2,0,1,1.0,20.0,6.0,-9.0,4.0,722Z,16.0,22770.0,2134.0
2853464,2853465,22.0,1152900,1,2,0,1,1.0,20.0,6.0,-9.0,4.0,722Z,16.0,22767.0,2132.0
2853465,2853466,22.0,1152901,1,2,0,1,1.0,20.0,6.0,-9.0,4.0,722Z,16.0,22771.0,2135.0
2853466,2853467,22.0,1152902,1,2,0,1,1.0,20.0,6.0,-9.0,4.0,722Z,16.0,22767.0,2132.0
2853467,2853468,22.0,1152903,1,2,0,1,1.0,20.0,6.0,-9.0,4.0,722Z,16.0,22771.0,2135.0
2853468,2853469,22.0,1152904,1,2,0,1,1.0,20.0,6.0,-9.0,4.0,722Z,16.0,22771.0,2135.0
2853469,2853470,22.0,1152905,1,2,0,1,1.0,20.0,6.0,-9.0,4.0,722Z,16.0,22771.0,2135.0
2853470,2853471,22.0,1152906,1,2,0,1,1.0,20.0,6.0,-9.0,4.0,722Z,16.0,22771.0,2135.0
2853471,2853472,22.0,1152907,1,2,0,1,1.0,20.0,6.0,-9.0,4.0,722Z,16.0,22770.0,2134.0
2853472,2853473,22.0,1152908,1,2,0,1,1.0,20.0,6.0,-9.0,4.0,722Z,16.0,22767.0,2132.0
2853473,2853474,22.0,1152909,1,2,0,1,1.0,20.0,6.0,-9.0,4.0,722Z,16.0,22745.0,2121.0
2853474,2853475,22.0,1152910,1,2,0,1,1.0,20.0,6.0,-9.0,4.0,722Z,16.0,22771.0,2135.0
2853475,2853476,22.0,1152911,1,2,0,1,1.0,20.0,6.0,-9.0,4.0,722Z,16.0,22768.0,2132.0
2853476,2853477,22.0,1152912,1,2,0,1,1.0,20.0,6.0,-9.0,4.0,722Z,16.0,22767.0,2132.0
2853477,2853478,22.0,1152913,1,2,0,1,1.0,20.0,6.0,-9.0,4.0,722Z,16.0,22768.0,2132.0
2853478,2853479,22.0,1152914,1,2,0,1,1.0,20.0,6.0,-9.0,4.0,722Z,16.0,22767.0,2132.0
2853479,2853480,22.0,1152915,1,2,0,1,1.0,20.0,6.0,-9.0,4.0,722Z,16.0,22747.0,2123.0
2853480,2853481,22.0,1152916,1,2,0,1,1.0,20.0,6.0,-9.0,4.0,722Z,16.0,22770.0,2134.0
2853481,2853482,22.0,1152917,1,2,0,1,1.0,20.0,6.0,-9.0,4.0,722Z,16.0,22767.0,2132.0
2853482,2853483,22.0,1152918,1,2,0,1,1.0,20.0,6.0,-9.0,4.0,722Z,16.0,22767.0,2132.0
2853483,2853484,22.0,1152919,1,2,0,1,1.0,8.0,6.0,15.0,4.0,611M1,13.0,22770.0,2134.0
2853484,2853485,22.0,1152920,1,2,0,1,1.0,8.0,6.0,15.0,4.0,611M1,13.0,22768.0,2132.0
2853485,2853486,22.0,1152921,1,2,0,1,1.0,8.0,6.0,15.0,4.0,611M1,13.0,22771.0,2135.0
2853486,2853487,22.0,1152922,1,2,0,1,1.0,8.0,6.0,15.0,4.0,611M1,13.0,22771.0,2135.0
2853487,2853488,22.0,1152923,1,2,0,1,1.0,8.0,6.0,15.0,4.0,611M1,13.0,22767.0,2132.0
2853488,2853489,22.0,1152924,1,2,0,1,1.0,8.0,6.0,15.0,4.0,611M1,13.0,22768.0,2132.0
2853489,2853490,22.0,1152925,1,2,0,1,1.0,8.0,6.0,15.0,4.0,611M1,13.0,22771.0,2135.0
2853490,2853491,22.0,1152926,1,2,0,1,1.0,8.0,6.0,15.0,4.0,611M1,13.0,22771.0,2135.0
2853491,2853492,22.0,1152927,1,2,0,1,1.0,8.0,6.0,15.0,4.0,611M1,13.0,22767.0,2132.0
2853492,2853493,22.0,1152928,1,2,0,1,1.0,8.0,6.0,15.0,4.0,611M1,13.0,22772.0,2136.0
2853493,2853494,22.0,1152929,1,2,0,1,1.0,8.0,6.0,15.0,4.0,611M1,13.0,22770.0,2134.0
2853494,2853495,23.0,1152930,1,2,0,1,6.0,-9.0,-9.0,15.0,4.0,623M,14.0,22771.0,2135.0
2853495,2853496,23.0,1152931,1,2,0,1,6.0,-9.0,-9.0,15.0,4.0,623M,14.0,22747.0,2123.0
2853496,2853497,23.0,1152932,1,2,0,1,6.0,-9.0,-9.0,15.0,4.0,623M,14.0,22767.0,2132.0
2853497,2853498,23.0,1152933,1,2,0,1,1.0,35.0,1.0,16.0,4.0,721M,16.0,22767.0,2132.0
2853498,2853499,23.0,1152934,1,2,0,1,1.0,35.0,1.0,16.0,4.0,721M,16.0,22767.0,2132.0
2853499,2853500,23.0,1152935,1,2,0,1,1.0,35.0,1.0,16.0,4.0,721M,16.0,22767.0,2132.0
2853500,2853501,23.0,1152936,1,2,0,1,1.0,35.0,1.0,16.0,4.0,721M,16.0,22768.0,2132.0
2853501,2853502,23.0,1152937,1,2,0,1,1.0,50.0,1.0,16.0,4.0,611M1,13.0,22767.0,2132.0
2853502,2853503,23.0,1152938,1,2,0,1,1.0,50.0,1.0,16.0,4.0,611M1,13.0,22767.0,2132.0
2853503,2853504,23.0,1152939,1,2,0,1,1.0,50.0,1.0,16.0,4.0,611M1,13.0,22745.0,2121.0
2853504,2853505,23.0,1152940,1,2,0,1,1.0,50.0,1.0,16.0,4.0,611M1,13.0,22767.0,2132.0
2853505,2853506,23.0,1152941,1,2,0,1,1.0,50.0,1.0,16.0,4.0,611M1,13.0,22767.0,2132.0
2853506,2853507,23.0,1152942,1,2,0,1,1.0,50.0,1.0,16.0,4.0,611M1,13.0,22767.0,2132.0
2853507,2853508,23.0,1152943,1,2,0,1,1.0,50.0,1.0,16.0,4.0,611M1,13.0,22771.0,2135.0
2853508,2853509,23.0,1152944,1,2,0,1,1.0,50.0,1.0,16.0,4.0,611M1,13.0,22767.0,2132.0
2853509,2853510,23.0,1152945,1,2,0,1,1.0,50.0,1.0,16.0,4.0,611M1,13.0,22767.0,2132.0
2853510,2853511,23.0,1152946,1,2,0,1,1.0,50.0,1.0,16.0,4.0,611M1,13.0,22767.0,2132.0
2853511,2853512,23.0,1152947,1,2,0,1,1.0,50.0,1.0,16.0,4.0,611M1,13.0,22767.0,2132.0
2853512,2853513,23.0,1152948,1,2,0,1,1.0,50.0,1.0,16.0,4.0,611M1,13.0,22770.0,2134.0
2853513,2853514,23.0,1152949,1,2,0,1,1.0,50.0,1.0,16.0,4.0,611M1,13.0,22747.0,2123.0
2853514,2853515,23.0,1152950,1,2,0,1,1.0,50.0,1.0,16.0,4.0,611M1,13.0,22771.0,2135.0
2853515,2853516,23.0,1152951,1,2,0,1,1.0,50.0,1.0,16.0,4.0,611M1,13.0,22747.0,2123.0
2853516,2853517,23.0,1152952,1,2,0,1,1.0,50.0,1.0,16.0,4.0,611M1,13.0,22771.0,2135.0
2853517,2853518,23.0,1152953,1,2,0,1,1.0,50.0,1.0,16.0,4.0,611M1,13.0,22768.0,2132.0
2853518,2853519,24.0,1152954,1,2,0,1,1.0,50.0,5.0,-9.0,4.0,611M1,13.0,22767.0,2132.0
2853519,2853520,24.0,1152955,1,2,0,1,1.0,50.0,5.0,-9.0,4.0,611M1,13.0,22767.0,2132.0
2853520,2853521,24.0,1152956,1,2,0,1,1.0,50.0,5.0,-9.0,4.0,611M1,13.0,22767.0,2132.0
2853521,2853522,23.0,1152957,1,2,0,1,1.0,50.0,1.0,16.0,4.0,611M1,13.0,22767.0,2132.0
2853522,2853523,24.0,1152958,1,2,0,1,1.0,50.0,5.0,-9.0,4.0,611M1,13.0,22768.0,2132.0
2853523,2853524,24.0,1152959,1,2,0,1,1.0,50.0,5.0,-9.0,4.0,611M1,13.0,22770.0,2134.0
2853524,2853525,23.0,1152960,1,2,0,1,1.0,50.0,1.0,16.0,4.0,611M1,13.0,22768.0,2132.0
2853525,2853526,23.0,1152961,1,2,0,1,1.0,50.0,1.0,16.0,4.0,611M1,13.0,22768.0,2132.0
2853526,2853527,23.0,1152962,1,2,0,1,1.0,50.0,1.0,16.0,4.0,611M1,13.0,22767.0,2132.0
2853527,2853528,24.0,1152963,1,2,0,1,1.0,50.0,5.0,-9.0,4.0,611M1,13.0,22767.0,2132.0
2853528,2853529,24.0,1152964,1,2,0,1,1.0,50.0,5.0,-9.0,4.0,611M1,13.0,22771.0,2135.0
2853529,2853530,23.0,1152965,1,2,0,1,1.0,50.0,1.0,16.0,4.0,611M1,13.0,22771.0,2135.0
2853530,2853531,23.0,1152966,1,2,0,1,1.0,50.0,1.0,16.0,4.0,611M1,13.0,22770.0,2134.0
2853531,2853532,23.0,1152967,1,2,0,1,1.0,50.0,1.0,16.0,4.0,611M1,13.0,22767.0,2132.0
2853532,2853533,24.0,1152968,1,2,0,1,1.0,50.0,5.0,-9.0,4.0,611M1,13.0,22767.0,2132.0
2853533,2853534,23.0,1152969,1,2,0,1,1.0,50.0,1.0,16.0,4.0,611M1,13.0,22767.0,2132.0
2853534,2853535,23.0,1152970,1,2,0,1,1.0,50.0,1.0,16.0,4.0,611M1,13.0,22767.0,2132.0
2853535,2853536,23.0,1152971,1,2,0,1,1.0,50.0,1.0,16.0,4.0,611M1,13.0,22767.0,2132.0
2853536,2853537,23.0,1152972,1,2,0,1,1.0,50.0,1.0,16.0,4.0,611M1,13.0,22767.0,2132.0
2853537,2853538,23.0,1152973,1,2,0,1,1.0,50.0,1.0,16.0,4.0,611M1,13.0,22770.0,2134.0
2853538,2853539,23.0,1152974,1,2,0,1,1.0,50.0,1.0,16.0,4.0,611M1,13.0,22768.0,2132.0
2853539,2853540,21.0,1152975,1,1,0,1,1.0,10.0,6.0,15.0,4.0,611M1,13.0,22768.0,2132.0
2853540,2853541,20.0,1152976,1,2,0,1,1.0,20.0,1.0,15.0,4.0,4481,5.0,22770.0,2134.0
2853541,2853542,20.0,1152977,1,2,0,1,1.0,20.0,1.0,15.0,4.0,4481,5.0,22768.0,2132.0
2853542,2853543,20.0,1152978,1,2,0,1,1.0,20.0,1.0,15.0,4.0,4481,5.0,22767.0,2132.0
2853543,2853544,20.0,1152979,1,2,0,1,1.0,20.0,1.0,15.0,4.0,4481,5.0,22771.0,2135.0
2853544,2853545,20.0,1152980,1,2,0,1,1.0,20.0,1.0,15.0,4.0,4481,5.0,22768.0,2132.0
2853545,2853546,20.0,1152981,1,2,0,1,1.0,20.0,1.0,15.0,4.0,4481,5.0,22767.0,2132.0
2853546,2853547,20.0,1152982,1,2,0,1,1.0,20.0,1.0,15.0,4.0,4481,5.0,22747.0,2123.0
2853547,2853548,20.0,1152983,1,2,0,1,1.0,20.0,1.0,15.0,4.0,4481,5.0,22747.0,2123.0
2853548,2853549,20.0,1152984,1,2,0,1,1.0,20.0,1.0,15.0,4.0,4481,5.0,22767.0,2132.0
2853549,2853550,20.0,1152985,1,2,0,1,1.0,20.0,1.0,15.0,4.0,4481,5.0,22770.0,2134.0
2853550,2853551,20.0,1152986,1,2,0,1,1.0,20.0,1.0,15.0,4.0,4481,5.0,22767.0,2132.0
2853551,2853552,20.0,1152987,1,2,0,1,1.0,20.0,1.0,15.0,4.0,4481,5.0,22747.0,2123.0
2853552,2853553,20.0,1152988,1,2,0,1,1.0,20.0,1.0,15.0,4.0,4481,5.0,22767.0,2132.0
2853553,2853554,20.0,1152989,1,2,0,1,1.0,20.0,1.0,15.0,4.0,4481,5.0,22767.0,2132.0
2853554,2853555,20.0,1152990,1,2,0,1,1.0,20.0,1.0,15.0,4.0,4481,5.0,22770.0,2134.0
2853555,2853556,20.0,1152991,1,2,0,1,1.0,20.0,1.0,15.0,4.0,4481,5.0,22768.0,2132.0
2853556,2853557,20.0,1152992,1,2,0,1,1.0,20.0,1.0,15.0,4.0,4481,5.0,22767.0,2132.0
2853557,2853558,20.0,1152993,1,2,0,1,1.0,20.0,1.0,15.0,4.0,4481,5.0,22771.0,2135.0
2853558,2853559,20.0,1152994,1,2,0,1,1.0,20.0,1.0,15.0,4.0,4481,5.0,22769.0,2133.0
2853559,2853560,20.0,1152995,1,2,0,1,1.0,20.0,1.0,15.0,4.0,4481,5.0,22767.0,2132.0
2853560,2853561,20.0,1152996,1,2,0,1,1.0,20.0,1.0,15.0,4.0,4481,5.0,22768.0,2132.0
2853561,2853562,20.0,1152997,1,2,0,1,1.0,20.0,1.0,15.0,4.0,4481,5.0,22767.0,2132.0
2853562,2853563,20.0,1152998,1,2,0,1,1.0,20.0,1.0,15.0,4.0,4481,5.0,22771.0,2135.0
2853563,2853564,20.0,1152999,1,2,0,1,1.0,20.0,1.0,15.0,4.0,4481,5.0,22767.0,2132.0
2853564,2853565,20.0,1153000,1,2,0,1,1.0,20.0,1.0,15.0,4.0,4481,5.0,22767.0,2132.0
2853565,2853566,20.0,1153001,1,2,0,1,1.0,20.0,1.0,15.0,4.0,4481,5.0,22767.0,2132.0
2853566,2853567,20.0,1153002,1,2,0,1,1.0,20.0,1.0,15.0,4.0,4481,5.0,22767.0,2132.0
2853567,2853568,20.0,1153003,1,2,0,1,1.0,20.0,1.0,15.0,4.0,4481,5.0,22771.0,2135.0
2853568,2853569,20.0,1153004,1,2,0,1,1.0,20.0,1.0,15.0,4.0,4481,5.0,22770.0,2134.0
2853569,2853570,20.0,1153005,1,2,0,1,1.0,20.0,1.0,15.0,4.0,4481,5.0,22768.0,2132.0
2853570,2853571,20.0,1153006,1,2,0,1,1.0,20.0,1.0,15.0,4.0,4481,5.0,22773.0,2136.0
2853571,2853572,20.0,1153007,1,2,0,1,1.0,20.0,1.0,15.0,4.0,4481,5.0,22767.0,2132.0
2853572,2853573,20.0,1153008,1,2,0,1,1.0,20.0,1.0,15.0,4.0,4481,5.0,22767.0,2132.0
2853573,2853574,20.0,1153009,1,2,0,1,1.0,20.0,1.0,15.0,4.0,4481,5.0,22771.0,2135.0
2853574,2853575,20.0,1153010,1,2,0,1,1.0,20.0,1.0,15.0,4.0,4481,5.0,22767.0,2132.0
2853575,2853576,20.0,1153011,1,2,0,1,1.0,20.0,1.0,15.0,4.0,4481,5.0,22767.0,2132.0
2853576,2853577,20.0,1153012,1,2,0,1,1.0,20.0,1.0,15.0,4.0,4481,5.0,22767.0,2132.0
2853577,2853578,20.0,1153013,1,2,0,1,1.0,20.0,1.0,15.0,4.0,4481,5.0,22771.0,2135.0
2853578,2853579,20.0,1153014,1,2,0,1,1.0,20.0,1.0,15.0,4.0,4481,5.0,22771.0,2135.0
2853579,2853580,20.0,1153015,1,2,0,1,1.0,20.0,1.0,15.0,4.0,4481,5.0,22767.0,2132.0
2853580,2853581,20.0,1153016,1,2,0,1,1.0,20.0,1.0,15.0,4.0,4481,5.0,22767.0,2132.0
2853581,2853582,20.0,1153017,1,2,0,1,1.0,20.0,1.0,15.0,4.0,4481,5.0,22767.0,2132.0
2853582,2853583,20.0,1153018,1,2,0,1,1.0,20.0,1.0,15.0,4.0,4481,5.0,22767.0,2132.0
2853583,2853584,20.0,1153019,1,2,0,1,1.0,20.0,1.0,15.0,4.0,4481,5.0,22770.0,2134.0
2855312,2855313,65.0,1154012,1,2,0,1,1.0,45.0,3.0,-9.0,4.0,611M3,13.0,22815.0,2150.0
2855313,2855314,65.0,1154012,2,1,1,1,1.0,45.0,1.0,-9.0,4.0,611M1,13.0,22815.0,2150.0
2855314,2855315,24.0,1154012,3,2,2,1,2.0,25.0,4.0,-9.0,4.0,611M3,13.0,22815.0,2150.0
2855315,2855316,65.0,1154013,1,2,0,1,1.0,45.0,3.0,-9.0,4.0,611M3,13.0,22814.0,2150.0
2855316,2855317,65.0,1154013,2,1,1,1,1.0,45.0,1.0,-9.0,4.0,611M1,13.0,22814.0,2150.0
2855317,2855318,24.0,1154013,3,2,2,1,2.0,25.0,4.0,-9.0,4.0,611M3,13.0,22814.0,2150.0
2855318,2855319,65.0,1154014,1,2,0,1,1.0,45.0,3.0,-9.0,4.0,611M3,13.0,22808.0,2147.0
2855319,2855320,65.0,1154014,2,1,1,1,1.0,45.0,1.0,-9.0,4.0,611M1,13.0,22808.0,2147.0
2855320,2855321,24.0,1154014,3,2,2,1,2.0,25.0,4.0,-9.0,4.0,611M3,13.0,22808.0,2147.0
2855321,2855322,65.0,1154015,1,2,0,1,1.0,45.0,3.0,-9.0,4.0,611M3,13.0,22815.0,2150.0
2855322,2855323,65.0,1154015,2,1,1,1,1.0,45.0,1.0,-9.0,4.0,611M1,13.0,22815.0,2150.0
2855323,2855324,24.0,1154015,3,2,2,1,2.0,25.0,4.0,-9.0,4.0,611M3,13.0,22815.0,2150.0
2855324,2855325,65.0,1154016,1,2,0,1,1.0,45.0,3.0,-9.0,4.0,611M3,13.0,22815.0,2150.0
2855325,2855326,65.0,1154016,2,1,1,1,1.0,45.0,1.0,-9.0,4.0,611M1,13.0,22815.0,2150.0
2855326,2855327,24.0,1154016,3,2,2,1,2.0,25.0,4.0,-9.0,4.0,611M3,13.0,22815.0,2150.0
2855327,2855328,65.0,1154017,1,2,0,1,1.0,45.0,3.0,-9.0,4.0,611M3,13.0,22808.0,2147.0
2855328,2855329,65.0,1154017,2,1,1,1,1.0,45.0,1.0,-9.0,4.0,611M1,13.0,22808.0,2147.0
2855329,2855330,24.0,1154017,3,2,2,1,2.0,25.0,4.0,-9.0,4.0,611M3,13.0,22808.0,2147.0
2855330,2855331,65.0,1154018,1,2,0,1,1.0,45.0,3.0,-9.0,4.0,611M3,13.0,22815.0,2150.0
2855331,2855332,65.0,1154018,2,1,1,1,1.0,45.0,1.0,-9.0,4.0,611M1,13.0,22815.0,2150.0
2855332,2855333,24.0,1154018,3,2,2,1,2.0,25.0,4.0,-9.0,4.0,611M3,13.0,22815.0,2150.0
2855333,2855334,65.0,1154019,1,2,0,1,1.0,45.0,3.0,-9.0,4.0,611M3,13.0,22815.0,2150.0
2855334,2855335,65.0,1154019,2,1,1,1,1.0,45.0,1.0,-9.0,4.0,611M1,13.0,22815.0,2150.0
2855335,2855336,24.0,1154019,3,2,2,1,2.0,25.0,4.0,-9.0,4.0,611M3,13.0,22815.0,2150.0
2855339,2855340,65.0,1154021,1,2,0,1,1.0,45.0,3.0,-9.0,4.0,611M3,13.0,22814.0,2150.0
2855340,2855341,65.0,1154021,2,1,1,1,1.0,45.0,1.0,-9.0,4.0,611M1,13.0,22814.0,2150.0
2855341,2855342,24.0,1154021,3,2,2,1,2.0,25.0,4.0,-9.0,4.0,611M3,13.0,22814.0,2150.0
2855342,2855343,65.0,1154022,1,2,0,1,1.0,45.0,3.0,-9.0,4.0,611M3,13.0,22814.0,2150.0
2855343,2855344,65.0,1154022,2,1,1,1,1.0,45.0,1.0,-9.0,4.0,611M1,13.0,22814.0,2150.0
2855344,2855345,24.0,1154022,3,2,2,1,2.0,25.0,4.0,-9.0,4.0,611M3,13.0,22814.0,2150.0
2855345,2855346,65.0,1154023,1,2,0,1,1.0,45.0,3.0,-9.0,4.0,611M3,13.0,22808.0,2147.0
2855346,2855347,65.0,1154023,2,1,1,1,1.0,45.0,1.0,-9.0,4.0,611M1,13.0,22808.0,2147.0
2855347,2855348,24.0,1154023,3,2,2,1,2.0,25.0,4.0,-9.0,4.0,611M3,13.0,22808.0,2147.0
2855348,2855349,65.0,1154024,1,2,0,1,1.0,45.0,3.0,-9.0,4.0,611M3,13.0,22815.0,2150.0
2855349,2855350,65.0,1154024,2,1,1,1,1.0,45.0,1.0,-9.0,4.0,611M1,13.0,22815.0,2150.0
2855350,2855351,24.0,1154024,3,2,2,1,2.0,25.0,4.0,-9.0,4.0,611M3,13.0,22815.0,2150.0
2855351,2855352,65.0,1154025,1,2,0,1,1.0,45.0,3.0,-9.0,4.0,611M3,13.0,22814.0,2150.0
2855352,2855353,65.0,1154025,2,1,1,1,1.0,45.0,1.0,-9.0,4.0,611M1,13.0,22814.0,2150.0
2855353,2855354,24.0,1154025,3,2,2,1,2.0,25.0,4.0,-9.0,4.0,611M3,13.0,22814.0,2150.0
2855354,2855355,65.0,1154026,1,2,0,1,1.0,45.0,3.0,-9.0,4.0,611M3,13.0,22815.0,2150.0
2855355,2855356,65.0,1154026,2,1,1,1,1.0,45.0,1.0,-9.0,4.0,611M1,13.0,22815.0,2150.0
2855356,2855357,24.0,1154026,3,2,2,1,2.0,25.0,4.0,-9.0,4.0,611M3,13.0,22815.0,2150.0
2855357,2855358,65.0,1154027,1,2,0,1,1.0,45.0,3.0,-9.0,4.0,611M3,13.0,22808.0,2147.0
2855358,2855359,65.0,1154027,2,1,1,1,1.0,45.0,1.0,-9.0,4.0,611M1,13.0,22808.0,2147.0
2855359,2855360,24.0,1154027,3,2,2,1,2.0,25.0,4.0,-9.0,4.0,611M3,13.0,22808.0,2147.0
2855360,2855361,65.0,1154028,1,2,0,1,1.0,45.0,3.0,-9.0,4.0,611M3,13.0,22814.0,2150.0
2855361,2855362,65.0,1154028,2,1,1,1,1.0,45.0,1.0,-9.0,4.0,611M1,13.0,22814.0,2150.0
2855362,2855363,24.0,1154028,3,2,2,1,2.0,25.0,4.0,-9.0,4.0,611M3,13.0,22814.0,2150.0
2855363,2855364,65.0,1154029,1,2,0,1,1.0,45.0,3.0,-9.0,4.0,611M3,13.0,22808.0,2147.0
2855364,2855365,65.0,1154029,2,1,1,1,1.0,45.0,1.0,-9.0,4.0,611M1,13.0,22808.0,2147.0
2855365,2855366,24.0,1154029,3,2,2,1,2.0,25.0,4.0,-9.0,4.0,611M3,13.0,22808.0,2147.0
2855366,2855367,65.0,1154030,1,2,0,1,1.0,45.0,3.0,-9.0,4.0,611M3,13.0,22814.0,2150.0
2855367,2855368,65.0,1154030,2,1,1,1,1.0,45.0,1.0,-9.0,4.0,611M1,13.0,22814.0,2150.0
2855368,2855369,24.0,1154030,3,2,2,1,2.0,25.0,4.0,-9.0,4.0,611M3,13.0,22814.0,2150.0
2855369,2855370,65.0,1154031,1,2,0,1,1.0,45.0,3.0,-9.0,4.0,611M3,13.0,22814.0,2150.0
2855370,2855371,65.0,1154031,2,1,1,1,1.0,45.0,1.0,-9.0,4.0,611M1,13.0,22814.0,2150.0
2855371,2855372,24.0,1154031,3,2,2,1,2.0,25.0,4.0,-9.0,4.0,611M3,13.0,22814.0,2150.0
2855372,2855373,65.0,1154032,1,2,0,1,1.0,45.0,3.0,-9.0,4.0,611M3,13.0,22815.0,2150.0
2855373,2855374,65.0,1154032,2,1,1,1,1.0,45.0,1.0,-9.0,4.0,611M1,13.0,22815.0,2150.0
2855374,2855375,24.0,1154032,3,2,2,1,2.0,25.0,4.0,-9.0,4.0,611M3,13.0,22815.0,2150.0
2855378,2855379,65.0,1154034,1,2,0,1,1.0,45.0,3.0,-9.0,4.0,611M3,13.0,22814.0,2150.0
2855379,2855380,65.0,1154034,2,1,1,1,1.0,45.0,1.0,-9.0,4.0,611M1,13.0,22814.0,2150.0
2855380,2855381,24.0,1154034,3,2,2,1,2.0,25.0,4.0,-9.0,4.0,611M3,13.0,22814.0,2150.0
2855387,2855388,65.0,1154037,1,2,0,1,1.0,45.0,3.0,-9.0,4.0,611M3,13.0,22814.0,2150.0
2855388,2855389,65.0,1154037,2,1,1,1,1.0,45.0,1.0,-9.0,4.0,611M1,13.0,22814.0,2150.0
2855389,2855390,24.0,1154037,3,2,2,1,2.0,25.0,4.0,-9.0,4.0,611M3,13.0,22814.0,2150.0
2855396,2855397,45.0,1154040,1,2,0,4,6.0,-9.0,-9.0,-9.0,4.0,-9,0.0,22815.0,2150.0
2855397,2855398,28.0,1154040,2,2,2,2,6.0,-9.0,-9.0,-9.0,4.0,-9,0.0,22815.0,2150.0
2855398,2855399,23.0,1154040,3,1,2,2,1.0,30.0,1.0,-9.0,4.0,4413,5.0,22815.0,2150.0
2855399,2855400,4.0,1154040,4,1,7,4,-9.0,-9.0,-9.0,1.0,-9.0,-9,0.0,22815.0,2150.0
2855400,2855401,4.0,1154040,5,1,7,4,-9.0,-9.0,-9.0,1.0,-9.0,-9,0.0,22815.0,2150.0
2855401,2855402,2.0,1154040,6,1,7,4,-9.0,-9.0,-9.0,-9.0,-9.0,-9,0.0,22815.0,2150.0
2855408,2855409,45.0,1154042,1,2,0,4,6.0,-9.0,-9.0,-9.0,4.0,-9,0.0,22808.0,2147.0
2855409,2855410,28.0,1154042,2,2,2,2,6.0,-9.0,-9.0,-9.0,4.0,-9,0.0,22808.0,2147.0
2855410,2855411,23.0,1154042,3,1,2,2,1.0,30.0,1.0,-9.0,4.0,4413,5.0,22808.0,2147.0
2855411,2855412,4.0,1154042,4,1,7,4,-9.0,-9.0,-9.0,1.0,-9.0,-9,0.0,22808.0,2147.0
2855412,2855413,4.0,1154042,5,1,7,4,-9.0,-9.0,-9.0,1.0,-9.0,-9,0.0,22808.0,2147.0
2855413,2855414,2.0,1154042,6,1,7,4,-9.0,-9.0,-9.0,-9.0,-9.0,-9,0.0,22808.0,2147.0
2855414,2855415,45.0,1154043,1,2,0,4,6.0,-9.0,-9.0,-9.0,4.0,-9,0.0,22808.0,2147.0
2855415,2855416,28.0,1154043,2,2,2,2,6.0,-9.0,-9.0,-9.0,4.0,-9,0.0,22808.0,2147.0
2855416,2855417,23.0,1154043,3,1,2,2,1.0,30.0,1.0,-9.0,4.0,4413,5.0,22808.0,2147.0
2855417,2855418,4.0,1154043,4,1,7,4,-9.0,-9.0,-9.0,1.0,-9.0,-9,0.0,22808.0,2147.0
2855418,2855419,4.0,1154043,5,1,7,4,-9.0,-9.0,-9.0,1.0,-9.0,-9,0.0,22808.0,2147.0
2855419,2855420,2.0,1154043,6,1,7,4,-9.0,-9.0,-9.0,-9.0,-9.0,-9,0.0,22808.0,2147.0
2855420,2855421,45.0,1154044,1,2,0,4,6.0,-9.0,-9.0,-9.0,4.0,-9,0.0,22808.0,2147.0
2855421,2855422,28.0,1154044,2,2,2,2,6.0,-9.0,-9.0,-9.0,4.0,-9,0.0,22808.0,2147.0
2855422,2855423,23.0,1154044,3,1,2,2,1.0,30.0,1.0,-9.0,4.0,4413,5.0,22808.0,2147.0
2855423,2855424,4.0,1154044,4,1,7,4,-9.0,-9.0,-9.0,1.0,-9.0,-9,0.0,22808.0,2147.0
2855424,2855425,4.0,1154044,5,1,7,4,-9.0,-9.0,-9.0,1.0,-9.0,-9,0.0,22808.0,2147.0
2855425,2855426,2.0,1154044,6,1,7,4,-9.0,-9.0,-9.0,-9.0,-9.0,-9,0.0,22808.0,2147.0
2855426,2855427,45.0,1154045,1,2,0,4,6.0,-9.0,-9.0,-9.0,4.0,-9,0.0,22815.0,2150.0
2855427,2855428,28.0,1154045,2,2,2,2,6.0,-9.0,-9.0,-9.0,4.0,-9,0.0,22815.0,2150.0
2855428,2855429,23.0,1154045,3,1,2,2,1.0,30.0,1.0,-9.0,4.0,4413,5.0,22815.0,2150.0
2855429,2855430,4.0,1154045,4,1,7,4,-9.0,-9.0,-9.0,1.0,-9.0,-9,0.0,22815.0,2150.0
2855430,2855431,4.0,1154045,5,1,7,4,-9.0,-9.0,-9.0,1.0,-9.0,-9,0.0,22815.0,2150.0
2855431,2855432,2.0,1154045,6,1,7,4,-9.0,-9.0,-9.0,-9.0,-9.0,-9,0.0,22815.0,2150.0
2855432,2855433,48.0,1154046,1,2,0,2,1.0,40.0,1.0,-9.0,4.0,5313,9.0,22814.0,2150.0
2855433,2855434,19.0,1154046,2,2,2,2,6.0,16.0,6.0,15.0,4.0,722Z,16.0,22814.0,2150.0
2855434,2855435,48.0,1154047,1,2,0,2,1.0,40.0,1.0,-9.0,4.0,5313,9.0,22815.0,2150.0
2855435,2855436,19.0,1154047,2,2,2,2,6.0,16.0,6.0,15.0,4.0,722Z,16.0,22815.0,2150.0
2855436,2855437,48.0,1154048,1,2,0,2,1.0,40.0,1.0,-9.0,4.0,5313,9.0,22808.0,2147.0
2855437,2855438,19.0,1154048,2,2,2,2,6.0,16.0,6.0,15.0,4.0,722Z,16.0,22808.0,2147.0
2855438,2855439,48.0,1154049,1,2,0,2,1.0,40.0,1.0,-9.0,4.0,5313,9.0,22814.0,2150.0
2855439,2855440,19.0,1154049,2,2,2,2,6.0,16.0,6.0,15.0,4.0,722Z,16.0,22814.0,2150.0
2855440,2855441,48.0,1154050,1,2,0,2,1.0,40.0,1.0,-9.0,4.0,5313,9.0,22808.0,2147.0
2855441,2855442,19.0,1154050,2,2,2,2,6.0,16.0,6.0,15.0,4.0,722Z,16.0,22808.0,2147.0
2855442,2855443,48.0,1154051,1,2,0,2,1.0,40.0,1.0,-9.0,4.0,5313,9.0,22815.0,2150.0
2855443,2855444,19.0,1154051,2,2,2,2,6.0,16.0,6.0,15.0,4.0,722Z,16.0,22815.0,2150.0
2855446,2855447,48.0,1154053,1,2,0,2,1.0,40.0,1.0,-9.0,4.0,5313,9.0,22815.0,2150.0
2855447,2855448,19.0,1154053,2,2,2,2,6.0,16.0,6.0,15.0,4.0,722Z,16.0,22815.0,2150.0
2855450,2855451,48.0,1154055,1,2,0,2,1.0,40.0,1.0,-9.0,4.0,5313,9.0,22808.0,2147.0
2855451,2855452,19.0,1154055,2,2,2,2,6.0,16.0,6.0,15.0,4.0,722Z,16.0,22808.0,2147.0
2855454,2855455,48.0,1154057,1,2,0,2,1.0,40.0,1.0,-9.0,4.0,5313,9.0,22814.0,2150.0
2855455,2855456,19.0,1154057,2,2,2,2,6.0,16.0,6.0,15.0,4.0,722Z,16.0,22814.0,2150.0
2855456,2855457,48.0,1154058,1,2,0,2,1.0,40.0,1.0,-9.0,4.0,5313,9.0,22808.0,2147.0
2855457,2855458,19.0,1154058,2,2,2,2,6.0,16.0,6.0,15.0,4.0,722Z,16.0,22808.0,2147.0
2855463,2855464,63.0,1154060,1,1,0,1,1.0,50.0,1.0,-9.0,4.0,6211,14.0,22814.0,2150.0
2855464,2855465,60.0,1154060,2,2,1,1,6.0,-9.0,-9.0,-9.0,4.0,-9,0.0,22814.0,2150.0
2855465,2855466,23.0,1154060,3,2,2,1,1.0,6.0,3.0,16.0,4.0,7111,16.0,22814.0,2150.0
2855466,2855467,21.0,1154060,4,2,2,1,1.0,16.0,5.0,-9.0,4.0,6244,14.0,22814.0,2150.0
2855471,2855472,49.0,1154062,1,1,0,1,1.0,40.0,1.0,-9.0,4.0,5417,10.0,22815.0,2150.0
2855472,2855473,52.0,1154062,2,2,1,1,1.0,30.0,1.0,-9.0,4.0,6111,13.0,22815.0,2150.0
2855473,2855474,18.0,1154062,3,2,2,1,6.0,-9.0,-9.0,14.0,4.0,-9,0.0,22815.0,2150.0
2855474,2855475,18.0,1154062,4,2,2,1,6.0,-9.0,-9.0,14.0,4.0,-9,0.0,22815.0,2150.0
2855475,2855476,54.0,1154063,1,2,0,1,1.0,50.0,1.0,-9.0,4.0,611M1,13.0,22814.0,2150.0
2855476,2855477,54.0,1154063,2,1,1,1,1.0,60.0,1.0,-9.0,4.0,611M1,13.0,22814.0,2150.0
2855477,2855478,22.0,1154063,3,2,2,1,1.0,42.0,1.0,-9.0,4.0,5121,8.0,22814.0,2150.0
2855478,2855479,23.0,1154063,4,2,15,1,1.0,30.0,1.0,-9.0,4.0,611M1,13.0,22814.0,2150.0
2855479,2855480,54.0,1154064,1,2,0,1,1.0,50.0,1.0,-9.0,4.0,611M1,13.0,22808.0,2147.0
2855480,2855481,54.0,1154064,2,1,1,1,1.0,60.0,1.0,-9.0,4.0,611M1,13.0,22808.0,2147.0
2855481,2855482,22.0,1154064,3,2,2,1,1.0,42.0,1.0,-9.0,4.0,5121,8.0,22808.0,2147.0
2855482,2855483,23.0,1154064,4,2,15,1,1.0,30.0,1.0,-9.0,4.0,611M1,13.0,22808.0,2147.0
2855483,2855484,54.0,1154065,1,2,0,1,1.0,50.0,1.0,-9.0,4.0,611M1,13.0,22815.0,2150.0
2855484,2855485,54.0,1154065,2,1,1,1,1.0,60.0,1.0,-9.0,4.0,611M1,13.0,22815.0,2150.0
2855485,2855486,22.0,1154065,3,2,2,1,1.0,42.0,1.0,-9.0,4.0,5121,8.0,22815.0,2150.0
2855486,2855487,23.0,1154065,4,2,15,1,1.0,30.0,1.0,-9.0,4.0,611M1,13.0,22815.0,2150.0
2855491,2855492,54.0,1154067,1,2,0,1,1.0,50.0,1.0,-9.0,4.0,611M1,13.0,22815.0,2150.0
2855492,2855493,54.0,1154067,2,1,1,1,1.0,60.0,1.0,-9.0,4.0,611M1,13.0,22815.0,2150.0
2855493,2855494,22.0,1154067,3,2,2,1,1.0,42.0,1.0,-9.0,4.0,5121,8.0,22815.0,2150.0
2855494,2855495,23.0,1154067,4,2,15,1,1.0,30.0,1.0,-9.0,4.0,611M1,13.0,22815.0,2150.0
2855495,2855496,54.0,1154068,1,2,0,1,1.0,50.0,1.0,-9.0,4.0,611M1,13.0,22814.0,2150.0
2855496,2855497,54.0,1154068,2,1,1,1,1.0,60.0,1.0,-9.0,4.0,611M1,13.0,22814.0,2150.0
2855497,2855498,22.0,1154068,3,2,2,1,1.0,42.0,1.0,-9.0,4.0,5121,8.0,22814.0,2150.0
2855498,2855499,23.0,1154068,4,2,15,1,1.0,30.0,1.0,-9.0,4.0,611M1,13.0,22814.0,2150.0
2855499,2855500,54.0,1154069,1,2,0,1,1.0,50.0,1.0,-9.0,4.0,611M1,13.0,22815.0,2150.0
2855500,2855501,54.0,1154069,2,1,1,1,1.0,60.0,1.0,-9.0,4.0,611M1,13.0,22815.0,2150.0
2855501,2855502,22.0,1154069,3,2,2,1,1.0,42.0,1.0,-9.0,4.0,5121,8.0,22815.0,2150.0
2855502,2855503,23.0,1154069,4,2,15,1,1.0,30.0,1.0,-9.0,4.0,611M1,13.0,22815.0,2150.0
2855507,2855508,54.0,1154071,1,2,0,1,1.0,50.0,1.0,-9.0,4.0,611M1,13.0,22815.0,2150.0
2855508,2855509,54.0,1154071,2,1,1,1,1.0,60.0,1.0,-9.0,4.0,611M1,13.0,22815.0,2150.0
2855509,2855510,22.0,1154071,3,2,2,1,1.0,42.0,1.0,-9.0,4.0,5121,8.0,22815.0,2150.0
2855510,2855511,23.0,1154071,4,2,15,1,1.0,30.0,1.0,-9.0,4.0,611M1,13.0,22815.0,2150.0
2855511,2855512,54.0,1154072,1,2,0,1,1.0,50.0,1.0,-9.0,4.0,611M1,13.0,22815.0,2150.0
2855512,2855513,54.0,1154072,2,1,1,1,1.0,60.0,1.0,-9.0,4.0,611M1,13.0,22815.0,2150.0
2855513,2855514,22.0,1154072,3,2,2,1,1.0,42.0,1.0,-9.0,4.0,5121,8.0,22815.0,2150.0
2855514,2855515,23.0,1154072,4,2,15,1,1.0,30.0,1.0,-9.0,4.0,611M1,13.0,22815.0,2150.0
2855519,2855520,54.0,1154074,1,2,0,1,1.0,50.0,1.0,-9.0,4.0,611M1,13.0,22808.0,2147.0
2855520,2855521,54.0,1154074,2,1,1,1,1.0,60.0,1.0,-9.0,4.0,611M1,13.0,22808.0,2147.0
2855521,2855522,22.0,1154074,3,2,2,1,1.0,42.0,1.0,-9.0,4.0,5121,8.0,22808.0,2147.0
2855522,2855523,23.0,1154074,4,2,15,1,1.0,30.0,1.0,-9.0,4.0,611M1,13.0,22808.0,2147.0
2855523,2855524,54.0,1154075,1,2,0,1,1.0,50.0,1.0,-9.0,4.0,611M1,13.0,22815.0,2150.0
2855524,2855525,54.0,1154075,2,1,1,1,1.0,60.0,1.0,-9.0,4.0,611M1,13.0,22815.0,2150.0
2855525,2855526,22.0,1154075,3,2,2,1,1.0,42.0,1.0,-9.0,4.0,5121,8.0,22815.0,2150.0
2855526,2855527,23.0,1154075,4,2,15,1,1.0,30.0,1.0,-9.0,4.0,611M1,13.0,22815.0,2150.0
2855531,2855532,54.0,1154077,1,2,0,1,1.0,50.0,1.0,-9.0,4.0,611M1,13.0,22814.0,2150.0
2855532,2855533,54.0,1154077,2,1,1,1,1.0,60.0,1.0,-9.0,4.0,611M1,13.0,22814.0,2150.0
2855533,2855534,22.0,1154077,3,2,2,1,1.0,42.0,1.0,-9.0,4.0,5121,8.0,22814.0,2150.0
2855534,2855535,23.0,1154077,4,2,15,1,1.0,30.0,1.0,-9.0,4.0,611M1,13.0,22814.0,2150.0
2855535,2855536,54.0,1154078,1,2,0,1,1.0,50.0,1.0,-9.0,4.0,611M1,13.0,22814.0,2150.0
2855536,2855537,54.0,1154078,2,1,1,1,1.0,60.0,1.0,-9.0,4.0,611M1,13.0,22814.0,2150.0
2855537,2855538,22.0,1154078,3,2,2,1,1.0,42.0,1.0,-9.0,4.0,5121,8.0,22814.0,2150.0
2855538,2855539,23.0,1154078,4,2,15,1,1.0,30.0,1.0,-9.0,4.0,611M1,13.0,22814.0,2150.0
2855539,2855540,56.0,1154079,1,2,0,1,1.0,60.0,1.0,-9.0,4.0,6111,13.0,22814.0,2150.0
2855540,2855541,56.0,1154079,2,1,1,1,1.0,70.0,1.0,-9.0,4.0,3261,3.0,22814.0,2150.0
2855541,2855542,23.0,1154079,3,2,2,1,1.0,40.0,1.0,-9.0,4.0,6214,14.0,22814.0,2150.0
2855542,2855543,23.0,1154079,4,1,15,1,1.0,20.0,4.0,16.0,4.0,713Z,16.0,22814.0,2150.0
2855543,2855544,60.0,1154080,1,1,0,1,6.0,8.0,6.0,-9.0,2.0,23,2.0,22815.0,2150.0
2855544,2855545,62.0,1154080,2,2,1,1,6.0,-9.0,-9.0,-9.0,4.0,-9,0.0,22815.0,2150.0
2855545,2855546,21.0,1154080,3,1,2,1,1.0,50.0,1.0,-9.0,4.0,3272,3.0,22815.0,2150.0
2855546,2855547,60.0,1154081,1,1,0,1,6.0,8.0,6.0,-9.0,2.0,23,2.0,22814.0,2150.0
2855547,2855548,62.0,1154081,2,2,1,1,6.0,-9.0,-9.0,-9.0,4.0,-9,0.0,22814.0,2150.0
2855548,2855549,21.0,1154081,3,1,2,1,1.0,50.0,1.0,-9.0,4.0,3272,3.0,22814.0,2150.0
2855552,2855553,60.0,1154083,1,1,0,1,6.0,8.0,6.0,-9.0,2.0,23,2.0,22815.0,2150.0
2855553,2855554,62.0,1154083,2,2,1,1,6.0,-9.0,-9.0,-9.0,4.0,-9,0.0,22815.0,2150.0
2855554,2855555,21.0,1154083,3,1,2,1,1.0,50.0,1.0,-9.0,4.0,3272,3.0,22815.0,2150.0
2855555,2855556,60.0,1154084,1,1,0,1,6.0,8.0,6.0,-9.0,2.0,23,2.0,22808.0,2147.0
2855556,2855557,62.0,1154084,2,2,1,1,6.0,-9.0,-9.0,-9.0,4.0,-9,0.0,22808.0,2147.0
2855557,2855558,21.0,1154084,3,1,2,1,1.0,50.0,1.0,-9.0,4.0,3272,3.0,22808.0,2147.0
2855561,2855562,47.0,1154086,1,2,0,1,6.0,-9.0,-9.0,-9.0,4.0,-9,0.0,22815.0,2150.0
2855562,2855563,52.0,1154086,2,1,1,1,6.0,-9.0,-9.0,-9.0,4.0,-9,0.0,22815.0,2150.0
2855563,2855564,23.0,1154086,3,1,2,1,6.0,-9.0,-9.0,-9.0,4.0,-9,0.0,22815.0,2150.0
2855570,2855571,47.0,1154089,1,2,0,1,6.0,-9.0,-9.0,-9.0,4.0,-9,0.0,22815.0,2150.0
2855571,2855572,52.0,1154089,2,1,1,1,6.0,-9.0,-9.0,-9.0,4.0,-9,0.0,22815.0,2150.0
2855572,2855573,23.0,1154089,3,1,2,1,6.0,-9.0,-9.0,-9.0,4.0,-9,0.0,22815.0,2150.0
2855573,2855574,47.0,1154090,1,2,0,1,6.0,-9.0,-9.0,-9.0,4.0,-9,0.0,22814.0,2150.0
2855574,2855575,52.0,1154090,2,1,1,1,6.0,-9.0,-9.0,-9.0,4.0,-9,0.0,22814.0,2150.0
2855575,2855576,23.0,1154090,3,1,2,1,6.0,-9.0,-9.0,-9.0,4.0,-9,0.0,22814.0,2150.0
2855579,2855580,47.0,1154092,1,2,0,1,6.0,-9.0,-9.0,-9.0,4.0,-9,0.0,22814.0,2150.0
2855580,2855581,52.0,1154092,2,1,1,1,6.0,-9.0,-9.0,-9.0,4.0,-9,0.0,22814.0,2150.0
2855581,2855582,23.0,1154092,3,1,2,1,6.0,-9.0,-9.0,-9.0,4.0,-9,0.0,22814.0,2150.0
2855582,2855583,47.0,1154093,1,2,0,1,6.0,-9.0,-9.0,-9.0,4.0,-9,0.0,22814.0,2150.0
2855583,2855584,52.0,1154093,2,1,1,1,6.0,-9.0,-9.0,-9.0,4.0,-9,0.0,22814.0,2150.0
2855584,2855585,23.0,1154093,3,1,2,1,6.0,-9.0,-9.0,-9.0,4.0,-9,0.0,22814.0,2150.0
2855588,2855589,47.0,1154095,1,2,0,1,6.0,-9.0,-9.0,-9.0,4.0,-9,0.0,22814.0,2150.0
2855589,2855590,52.0,1154095,2,1,1,1,6.0,-9.0,-9.0,-9.0,4.0,-9,0.0,22814.0,2150.0
2855590,2855591,23.0,1154095,3,1,2,1,6.0,-9.0,-9.0,-9.0,4.0,-9,0.0,22814.0,2150.0
2855591,2855592,47.0,1154096,1,2,0,1,6.0,-9.0,-9.0,-9.0,4.0,-9,0.0,22815.0,2150.0
2855592,2855593,52.0,1154096,2,1,1,1,6.0,-9.0,-9.0,-9.0,4.0,-9,0.0,22815.0,2150.0
2855593,2855594,23.0,1154096,3,1,2,1,6.0,-9.0,-9.0,-9.0,4.0,-9,0.0,22815.0,2150.0
2855594,2855595,47.0,1154097,1,2,0,1,6.0,-9.0,-9.0,-9.0,4.0,-9,0.0,22814.0,2150.0
2855595,2855596,52.0,1154097,2,1,1,1,6.0,-9.0,-9.0,-9.0,4.0,-9,0.0,22814.0,2150.0
2855596,2855597,23.0,1154097,3,1,2,1,6.0,-9.0,-9.0,-9.0,4.0,-9,0.0,22814.0,2150.0
2855597,2855598,47.0,1154098,1,2,0,1,6.0,-9.0,-9.0,-9.0,4.0,-9,0.0,22815.0,2150.0
2855598,2855599,52.0,1154098,2,1,1,1,6.0,-9.0,-9.0,-9.0,4.0,-9,0.0,22815.0,2150.0
2855599,2855600,23.0,1154098,3,1,2,1,6.0,-9.0,-9.0,-9.0,4.0,-9,0.0,22815.0,2150.0
2855600,2855601,47.0,1154099,1,2,0,1,6.0,-9.0,-9.0,-9.0,4.0,-9,0.0,22814.0,2150.0
2855601,2855602,52.0,1154099,2,1,1,1,6.0,-9.0,-9.0,-9.0,4.0,-9,0.0,22814.0,2150.0
2855602,2855603,23.0,1154099,3,1,2,1,6.0,-9.0,-9.0,-9.0,4.0,-9,0.0,22814.0,2150.0
2855603,2855604,47.0,1154100,1,2,0,1,6.0,-9.0,-9.0,-9.0,4.0,-9,0.0,22814.0,2150.0
2855604,2855605,52.0,1154100,2,1,1,1,6.0,-9.0,-9.0,-9.0,4.0,-9,0.0,22814.0,2150.0
2855605,2855606,23.0,1154100,3,1,2,1,6.0,-9.0,-9.0,-9.0,4.0,-9,0.0,22814.0,2150.0
2855606,2855607,47.0,1154101,1,2,0,1,6.0,-9.0,-9.0,-9.0,4.0,-9,0.0,22814.0,2150.0
2855607,2855608,52.0,1154101,2,1,1,1,6.0,-9.0,-9.0,-9.0,4.0,-9,0.0,22814.0,2150.0
2855608,2855609,23.0,1154101,3,1,2,1,6.0,-9.0,-9.0,-9.0,4.0,-9,0.0,22814.0,2150.0
2855609,2855610,47.0,1154102,1,2,0,1,6.0,-9.0,-9.0,-9.0,4.0,-9,0.0,22814.0,2150.0
2855610,2855611,52.0,1154102,2,1,1,1,6.0,-9.0,-9.0,-9.0,4.0,-9,0.0,22814.0,2150.0
2855611,2855612,23.0,1154102,3,1,2,1,6.0,-9.0,-9.0,-9.0,4.0,-9,0.0,22814.0,2150.0
2855612,2855613,47.0,1154103,1,2,0,1,6.0,-9.0,-9.0,-9.0,4.0,-9,0.0,22808.0,2147.0
2855613,2855614,52.0,1154103,2,1,1,1,6.0,-9.0,-9.0,-9.0,4.0,-9,0.0,22808.0,2147.0
2855614,2855615,23.0,1154103,3,1,2,1,6.0,-9.0,-9.0,-9.0,4.0,-9,0.0,22808.0,2147.0
2855618,2855619,47.0,1154105,1,2,0,1,6.0,-9.0,-9.0,-9.0,4.0,-9,0.0,22814.0,2150.0
2855619,2855620,52.0,1154105,2,1,1,1,6.0,-9.0,-9.0,-9.0,4.0,-9,0.0,22814.0,2150.0
2855620,2855621,23.0,1154105,3,1,2,1,6.0,-9.0,-9.0,-9.0,4.0,-9,0.0,22814.0,2150.0
2855621,2855622,47.0,1154106,1,2,0,1,6.0,-9.0,-9.0,-9.0,4.0,-9,0.0,22808.0,2147.0
2855622,2855623,52.0,1154106,2,1,1,1,6.0,-9.0,-9.0,-9.0,4.0,-9,0.0,22808.0,2147.0
2855623,2855624,23.0,1154106,3,1,2,1,6.0,-9.0,-9.0,-9.0,4.0,-9,0.0,22808.0,2147.0
2855624,2855625,47.0,1154107,1,2,0,1,6.0,-9.0,-9.0,-9.0,4.0,-9,0.0,22808.0,2147.0
2855625,2855626,52.0,1154107,2,1,1,1,6.0,-9.0,-9.0,-9.0,4.0,-9,0.0,22808.0,2147.0
2855626,2855627,23.0,1154107,3,1,2,1,6.0,-9.0,-9.0,-9.0,4.0,-9,0.0,22808.0,2147.0
2855627,2855628,47.0,1154108,1,2,0,1,6.0,-9.0,-9.0,-9.0,4.0,-9,0.0,22814.0,2150.0
2855628,2855629,52.0,1154108,2,1,1,1,6.0,-9.0,-9.0,-9.0,4.0,-9,0.0,22814.0,2150.0
2855629,2855630,23.0,1154108,3,1,2,1,6.0,-9.0,-9.0,-9.0,4.0,-9,0.0,22814.0,2150.0
2855630,2855631,47.0,1154109,1,2,0,1,6.0,-9.0,-9.0,-9.0,4.0,-9,0.0,22815.0,2150.0
2855631,2855632,52.0,1154109,2,1,1,1,6.0,-9.0,-9.0,-9.0,4.0,-9,0.0,22815.0,2150.0
2855632,2855633,23.0,1154109,3,1,2,1,6.0,-9.0,-9.0,-9.0,4.0,-9,0.0,22815.0,2150.0
2855636,2855637,47.0,1154111,1,2,0,1,6.0,-9.0,-9.0,-9.0,4.0,-9,0.0,22815.0,2150.0
2855637,2855638,52.0,1154111,2,1,1,1,6.0,-9.0,-9.0,-9.0,4.0,-9,0.0,22815.0,2150.0
2855638,2855639,23.0,1154111,3,1,2,1,6.0,-9.0,-9.0,-9.0,4.0,-9,0.0,22815.0,2150.0
2855639,2855640,47.0,1154112,1,2,0,1,6.0,-9.0,-9.0,-9.0,4.0,-9,0.0,22815.0,2150.0
2855640,2855641,52.0,1154112,2,1,1,1,6.0,-9.0,-9.0,-9.0,4.0,-9,0.0,22815.0,2150.0
2855641,2855642,23.0,1154112,3,1,2,1,6.0,-9.0,-9.0,-9.0,4.0,-9,0.0,22815.0,2150.0
2855642,2855643,47.0,1154113,1,2,0,1,6.0,-9.0,-9.0,-9.0,4.0,-9,0.0,22808.0,2147.0
2855643,2855644,52.0,1154113,2,1,1,1,6.0,-9.0,-9.0,-9.0,4.0,-9,0.0,22808.0,2147.0
2855644,2855645,23.0,1154113,3,1,2,1,6.0,-9.0,-9.0,-9.0,4.0,-9,0.0,22808.0,2147.0
2855645,2855646,47.0,1154114,1,2,0,1,6.0,-9.0,-9.0,-9.0,4.0,-9,0.0,22815.0,2150.0
2855646,2855647,52.0,1154114,2,1,1,1,6.0,-9.0,-9.0,-9.0,4.0,-9,0.0,22815.0,2150.0
2855647,2855648,23.0,1154114,3,1,2,1,6.0,-9.0,-9.0,-9.0,4.0,-9,0.0,22815.0,2150.0
2855648,2855649,47.0,1154115,1,2,0,1,6.0,-9.0,-9.0,-9.0,4.0,-9,0.0,22815.0,2150.0
2855649,2855650,52.0,1154115,2,1,1,1,6.0,-9.0,-9.0,-9.0,4.0,-9,0.0,22815.0,2150.0
2855650,2855651,23.0,1154115,3,1,2,1,6.0,-9.0,-9.0,-9.0,4.0,-9,0.0,22815.0,2150.0
2855651,2855652,47.0,1154116,1,2,0,1,6.0,-9.0,-9.0,-9.0,4.0,-9,0.0,22814.0,2150.0
2855652,2855653,52.0,1154116,2,1,1,1,6.0,-9.0,-9.0,-9.0,4.0,-9,0.0,22814.0,2150.0
2855653,2855654,23.0,1154116,3,1,2,1,6.0,-9.0,-9.0,-9.0,4.0,-9,0.0,22814.0,2150.0
2855654,2855655,47.0,1154117,1,2,0,1,6.0,-9.0,-9.0,-9.0,4.0,-9,0.0,22815.0,2150.0
2855655,2855656,52.0,1154117,2,1,1,1,6.0,-9.0,-9.0,-9.0,4.0,-9,0.0,22815.0,2150.0
2855656,2855657,23.0,1154117,3,1,2,1,6.0,-9.0,-9.0,-9.0,4.0,-9,0.0,22815.0,2150.0
2855660,2855661,47.0,1154119,1,2,0,1,6.0,-9.0,-9.0,-9.0,4.0,-9,0.0,22814.0,2150.0
2855661,2855662,52.0,1154119,2,1,1,1,6.0,-9.0,-9.0,-9.0,4.0,-9,0.0,22814.0,2150.0
2855662,2855663,23.0,1154119,3,1,2,1,6.0,-9.0,-9.0,-9.0,4.0,-9,0.0,22814.0,2150.0
2855663,2855664,47.0,1154120,1,2,0,1,6.0,-9.0,-9.0,-9.0,4.0,-9,0.0,22814.0,2150.0
2855664,2855665,52.0,1154120,2,1,1,1,6.0,-9.0,-9.0,-9.0,4.0,-9,0.0,22814.0,2150.0
2855665,2855666,23.0,1154120,3,1,2,1,6.0,-9.0,-9.0,-9.0,4.0,-9,0.0,22814.0,2150.0
2855669,2855670,47.0,1154122,1,2,0,1,6.0,-9.0,-9.0,-9.0,4.0,-9,0.0,22814.0,2150.0
2855670,2855671,52.0,1154122,2,1,1,1,6.0,-9.0,-9.0,-9.0,4.0,-9,0.0,22814.0,2150.0
2855671,2855672,23.0,1154122,3,1,2,1,6.0,-9.0,-9.0,-9.0,4.0,-9,0.0,22814.0,2150.0
2855672,2855673,47.0,1154123,1,2,0,1,6.0,-9.0,-9.0,-9.0,4.0,-9,0.0,22808.0,2147.0
2855673,2855674,52.0,1154123,2,1,1,1,6.0,-9.0,-9.0,-9.0,4.0,-9,0.0,22808.0,2147.0
2855674,2855675,23.0,1154123,3,1,2,1,6.0,-9.0,-9.0,-9.0,4.0,-9,0.0,22808.0,2147.0
2855675,2855676,47.0,1154124,1,2,0,1,6.0,-9.0,-9.0,-9.0,4.0,-9,0.0,22814.0,2150.0
2855676,2855677,52.0,1154124,2,1,1,1,6.0,-9.0,-9.0,-9.0,4.0,-9,0.0,22814.0,2150.0
2855677,2855678,23.0,1154124,3,1,2,1,6.0,-9.0,-9.0,-9.0,4.0,-9,0.0,22814.0,2150.0
2855678,2855679,47.0,1154125,1,2,0,1,6.0,-9.0,-9.0,-9.0,4.0,-9,0.0,22808.0,2147.0
2855679,2855680,52.0,1154125,2,1,1,1,6.0,-9.0,-9.0,-9.0,4.0,-9,0.0,22808.0,2147.0
2855680,2855681,23.0,1154125,3,1,2,1,6.0,-9.0,-9.0,-9.0,4.0,-9,0.0,22808.0,2147.0
2855681,2855682,47.0,1154126,1,2,0,1,6.0,-9.0,-9.0,-9.0,4.0,-9,0.0,22814.0,2150.0
2855682,2855683,52.0,1154126,2,1,1,1,6.0,-9.0,-9.0,-9.0,4.0,-9,0.0,22814.0,2150.0
2855683,2855684,23.0,1154126,3,1,2,1,6.0,-9.0,-9.0,-9.0,4.0,-9,0.0,22814.0,2150.0
2855687,2855688,47.0,1154128,1,2,0,1,6.0,-9.0,-9.0,-9.0,4.0,-9,0.0,22815.0,2150.0
2855688,2855689,52.0,1154128,2,1,1,1,6.0,-9.0,-9.0,-9.0,4.0,-9,0.0,22815.0,2150.0
2855689,2855690,23.0,1154128,3,1,2,1,6.0,-9.0,-9.0,-9.0,4.0,-9,0.0,22815.0,2150.0
2855690,2855691,47.0,1154129,1,2,0,1,6.0,-9.0,-9.0,-9.0,4.0,-9,0.0,22814.0,2150.0
2855691,2855692,52.0,1154129,2,1,1,1,6.0,-9.0,-9.0,-9.0,4.0,-9,0.0,22814.0,2150.0
2855692,2855693,23.0,1154129,3,1,2,1,6.0,-9.0,-9.0,-9.0,4.0,-9,0.0,22814.0,2150.0
2855693,2855694,47.0,1154130,1,2,0,1,6.0,-9.0,-9.0,-9.0,4.0,-9,0.0,22808.0,2147.0
2855694,2855695,52.0,1154130,2,1,1,1,6.0,-9.0,-9.0,-9.0,4.0,-9,0.0,22808.0,2147.0
2855695,2855696,23.0,1154130,3,1,2,1,6.0,-9.0,-9.0,-9.0,4.0,-9,0.0,22808.0,2147.0
2855696,2855697,47.0,1154131,1,2,0,1,6.0,-9.0,-9.0,-9.0,4.0,-9,0.0,22814.0,2150.0
2855697,2855698,52.0,1154131,2,1,1,1,6.0,-9.0,-9.0,-9.0,4.0,-9,0.0,22814.0,2150.0
2855698,2855699,23.0,1154131,3,1,2,1,6.0,-9.0,-9.0,-9.0,4.0,-9,0.0,22814.0,2150.0
2855699,2855700,47.0,1154132,1,2,0,1,6.0,-9.0,-9.0,-9.0,4.0,-9,0.0,22814.0,2150.0
2855700,2855701,52.0,1154132,2,1,1,1,6.0,-9.0,-9.0,-9.0,4.0,-9,0.0,22814.0,2150.0
2855701,2855702,23.0,1154132,3,1,2,1,6.0,-9.0,-9.0,-9.0,4.0,-9,0.0,22814.0,2150.0
2855702,2855703,47.0,1154133,1,2,0,1,6.0,-9.0,-9.0,-9.0,4.0,-9,0.0,22815.0,2150.0
2855703,2855704,52.0,1154133,2,1,1,1,6.0,-9.0,-9.0,-9.0,4.0,-9,0.0,22815.0,2150.0
2855704,2855705,23.0,1154133,3,1,2,1,6.0,-9.0,-9.0,-9.0,4.0,-9,0.0,22815.0,2150.0
2855705,2855706,47.0,1154134,1,2,0,1,6.0,-9.0,-9.0,-9.0,4.0,-9,0.0,22815.0,2150.0
2855706,2855707,52.0,1154134,2,1,1,1,6.0,-9.0,-9.0,-9.0,4.0,-9,0.0,22815.0,2150.0
2855707,2855708,23.0,1154134,3,1,2,1,6.0,-9.0,-9.0,-9.0,4.0,-9,0.0,22815.0,2150.0
2855711,2855712,26.0,1154136,1,2,0,1,1.0,60.0,1.0,16.0,4.0,611M1,13.0,22815.0,2150.0
2855712,2855713,28.0,1154136,2,2,12,1,1.0,30.0,6.0,16.0,4.0,611M1,13.0,22815.0,2150.0
2855713,2855714,28.0,1154136,3,1,12,2,1.0,40.0,1.0,-9.0,4.0,5617Z,12.0,22815.0,2150.0
2855714,2855715,24.0,1154136,4,2,12,1,1.0,70.0,1.0,16.0,4.0,611M1,13.0,22815.0,2150.0
2855715,2855716,26.0,1154137,1,2,0,1,1.0,60.0,1.0,16.0,4.0,611M1,13.0,22814.0,2150.0
2855716,2855717,28.0,1154137,2,2,12,1,1.0,30.0,6.0,16.0,4.0,611M1,13.0,22814.0,2150.0
2855717,2855718,28.0,1154137,3,1,12,2,1.0,40.0,1.0,-9.0,4.0,5617Z,12.0,22814.0,2150.0
2855718,2855719,24.0,1154137,4,2,12,1,1.0,70.0,1.0,16.0,4.0,611M1,13.0,22814.0,2150.0
2855719,2855720,26.0,1154138,1,2,0,1,1.0,60.0,1.0,16.0,4.0,611M1,13.0,22808.0,2147.0
2855720,2855721,28.0,1154138,2,2,12,1,1.0,30.0,6.0,16.0,4.0,611M1,13.0,22808.0,2147.0
2855721,2855722,28.0,1154138,3,1,12,2,1.0,40.0,1.0,-9.0,4.0,5617Z,12.0,22808.0,2147.0
2855722,2855723,24.0,1154138,4,2,12,1,1.0,70.0,1.0,16.0,4.0,611M1,13.0,22808.0,2147.0
2855723,2855724,26.0,1154139,1,2,0,1,1.0,60.0,1.0,16.0,4.0,611M1,13.0,22814.0,2150.0
2855724,2855725,28.0,1154139,2,2,12,1,1.0,30.0,6.0,16.0,4.0,611M1,13.0,22814.0,2150.0
2855725,2855726,28.0,1154139,3,1,12,2,1.0,40.0,1.0,-9.0,4.0,5617Z,12.0,22814.0,2150.0
2855726,2855727,24.0,1154139,4,2,12,1,1.0,70.0,1.0,16.0,4.0,611M1,13.0,22814.0,2150.0
2855727,2855728,27.0,1154140,1,1,0,1,6.0,5.0,6.0,16.0,4.0,611M1,13.0,22808.0,2147.0
2855728,2855729,23.0,1154140,2,1,12,1,6.0,20.0,6.0,16.0,4.0,4452,5.0,22808.0,2147.0
2855729,2855730,27.0,1154141,1,1,0,1,6.0,5.0,6.0,16.0,4.0,611M1,13.0,22814.0,2150.0
2855730,2855731,23.0,1154141,2,1,12,1,6.0,20.0,6.0,16.0,4.0,4452,5.0,22814.0,2150.0
2855731,2855732,27.0,1154142,1,1,0,1,6.0,5.0,6.0,16.0,4.0,611M1,13.0,22814.0,2150.0
2855732,2855733,23.0,1154142,2,1,12,1,6.0,20.0,6.0,16.0,4.0,4452,5.0,22814.0,2150.0
2855733,2855734,27.0,1154143,1,1,0,1,6.0,5.0,6.0,16.0,4.0,611M1,13.0,22814.0,2150.0
2855734,2855735,23.0,1154143,2,1,12,1,6.0,20.0,6.0,16.0,4.0,4452,5.0,22814.0,2150.0
2855735,2855736,27.0,1154144,1,1,0,1,6.0,5.0,6.0,16.0,4.0,611M1,13.0,22808.0,2147.0
2855736,2855737,23.0,1154144,2,1,12,1,6.0,20.0,6.0,16.0,4.0,4452,5.0,22808.0,2147.0
2855737,2855738,27.0,1154145,1,1,0,1,6.0,5.0,6.0,16.0,4.0,611M1,13.0,22808.0,2147.0
2855738,2855739,23.0,1154145,2,1,12,1,6.0,20.0,6.0,16.0,4.0,4452,5.0,22808.0,2147.0
2855739,2855740,27.0,1154146,1,1,0,1,6.0,5.0,6.0,16.0,4.0,611M1,13.0,22815.0,2150.0
2855740,2855741,23.0,1154146,2,1,12,1,6.0,20.0,6.0,16.0,4.0,4452,5.0,22815.0,2150.0
2855741,2855742,27.0,1154147,1,1,0,1,6.0,5.0,6.0,16.0,4.0,611M1,13.0,22814.0,2150.0
2855742,2855743,23.0,1154147,2,1,12,1,6.0,20.0,6.0,16.0,4.0,4452,5.0,22814.0,2150.0
2855743,2855744,27.0,1154148,1,1,0,1,6.0,5.0,6.0,16.0,4.0,611M1,13.0,22814.0,2150.0
2855744,2855745,23.0,1154148,2,1,12,1,6.0,20.0,6.0,16.0,4.0,4452,5.0,22814.0,2150.0
2855745,2855746,27.0,1154149,1,1,0,1,6.0,5.0,6.0,16.0,4.0,611M1,13.0,22814.0,2150.0
2855746,2855747,23.0,1154149,2,1,12,1,6.0,20.0,6.0,16.0,4.0,4452,5.0,22814.0,2150.0
2855747,2855748,27.0,1154150,1,1,0,1,6.0,5.0,6.0,16.0,4.0,611M1,13.0,22814.0,2150.0
2855748,2855749,23.0,1154150,2,1,12,1,6.0,20.0,6.0,16.0,4.0,4452,5.0,22814.0,2150.0
2855749,2855750,27.0,1154151,1,1,0,1,6.0,5.0,6.0,16.0,4.0,611M1,13.0,22814.0,2150.0
2855750,2855751,23.0,1154151,2,1,12,1,6.0,20.0,6.0,16.0,4.0,4452,5.0,22814.0,2150.0
2855751,2855752,27.0,1154152,1,1,0,1,6.0,5.0,6.0,16.0,4.0,611M1,13.0,22808.0,2147.0
2855752,2855753,23.0,1154152,2,1,12,1,6.0,20.0,6.0,16.0,4.0,4452,5.0,22808.0,2147.0
2855753,2855754,27.0,1154153,1,1,0,1,6.0,5.0,6.0,16.0,4.0,611M1,13.0,22808.0,2147.0
2855754,2855755,23.0,1154153,2,1,12,1,6.0,20.0,6.0,16.0,4.0,4452,5.0,22808.0,2147.0
2855755,2855756,27.0,1154154,1,1,0,1,6.0,5.0,6.0,16.0,4.0,611M1,13.0,22814.0,2150.0
2855756,2855757,23.0,1154154,2,1,12,1,6.0,20.0,6.0,16.0,4.0,4452,5.0,22814.0,2150.0
2855762,2855763,25.0,1154157,1,1,0,1,6.0,-9.0,-9.0,15.0,4.0,-9,0.0,22815.0,2150.0
2855763,2855764,22.0,1154157,2,1,10,1,6.0,-9.0,-9.0,15.0,4.0,-9,0.0,22815.0,2150.0
2855764,2855765,21.0,1154157,3,1,10,1,6.0,-9.0,-9.0,15.0,4.0,-9,0.0,22815.0,2150.0
2855765,2855766,25.0,1154158,1,1,0,1,6.0,-9.0,-9.0,15.0,4.0,-9,0.0,22815.0,2150.0
2855766,2855767,22.0,1154158,2,1,10,1,6.0,-9.0,-9.0,15.0,4.0,-9,0.0,22815.0,2150.0
2855767,2855768,21.0,1154158,3,1,10,1,6.0,-9.0,-9.0,15.0,4.0,-9,0.0,22815.0,2150.0
2855768,2855769,25.0,1154159,1,1,0,1,6.0,-9.0,-9.0,15.0,4.0,-9,0.0,22815.0,2150.0
2855769,2855770,22.0,1154159,2,1,10,1,6.0,-9.0,-9.0,15.0,4.0,-9,0.0,22815.0,2150.0
2855770,2855771,21.0,1154159,3,1,10,1,6.0,-9.0,-9.0,15.0,4.0,-9,0.0,22815.0,2150.0
2855774,2855775,25.0,1154161,1,1,0,1,6.0,-9.0,-9.0,15.0,4.0,-9,0.0,22814.0,2150.0
2855775,2855776,22.0,1154161,2,1,10,1,6.0,-9.0,-9.0,15.0,4.0,-9,0.0,22814.0,2150.0
2855776,2855777,21.0,1154161,3,1,10,1,6.0,-9.0,-9.0,15.0,4.0,-9,0.0,22814.0,2150.0
2855777,2855778,25.0,1154162,1,1,0,1,6.0,-9.0,-9.0,15.0,4.0,-9,0.0,22808.0,2147.0
2855778,2855779,22.0,1154162,2,1,10,1,6.0,-9.0,-9.0,15.0,4.0,-9,0.0,22808.0,2147.0
2855779,2855780,21.0,1154162,3,1,10,1,6.0,-9.0,-9.0,15.0,4.0,-9,0.0,22808.0,2147.0
2855780,2855781,25.0,1154163,1,1,0,1,6.0,-9.0,-9.0,15.0,4.0,-9,0.0,22815.0,2150.0
2855781,2855782,22.0,1154163,2,1,10,1,6.0,-9.0,-9.0,15.0,4.0,-9,0.0,22815.0,2150.0
2855782,2855783,21.0,1154163,3,1,10,1,6.0,-9.0,-9.0,15.0,4.0,-9,0.0,22815.0,2150.0
2855786,2855787,25.0,1154165,1,1,0,1,6.0,-9.0,-9.0,15.0,4.0,-9,0.0,22808.0,2147.0
2855787,2855788,22.0,1154165,2,1,10,1,6.0,-9.0,-9.0,15.0,4.0,-9,0.0,22808.0,2147.0
2855788,2855789,21.0,1154165,3,1,10,1,6.0,-9.0,-9.0,15.0,4.0,-9,0.0,22808.0,2147.0
2855789,2855790,25.0,1154166,1,1,0,1,6.0,-9.0,-9.0,15.0,4.0,-9,0.0,22808.0,2147.0
2855790,2855791,22.0,1154166,2,1,10,1,6.0,-9.0,-9.0,15.0,4.0,-9,0.0,22808.0,2147.0
2855791,2855792,21.0,1154166,3,1,10,1,6.0,-9.0,-9.0,15.0,4.0,-9,0.0,22808.0,2147.0
2855792,2855793,25.0,1154167,1,1,0,1,6.0,-9.0,-9.0,15.0,4.0,-9,0.0,22814.0,2150.0
2855793,2855794,22.0,1154167,2,1,10,1,6.0,-9.0,-9.0,15.0,4.0,-9,0.0,22814.0,2150.0
2855794,2855795,21.0,1154167,3,1,10,1,6.0,-9.0,-9.0,15.0,4.0,-9,0.0,22814.0,2150.0
2855795,2855796,25.0,1154168,1,1,0,1,6.0,-9.0,-9.0,15.0,4.0,-9,0.0,22814.0,2150.0
2855796,2855797,22.0,1154168,2,1,10,1,6.0,-9.0,-9.0,15.0,4.0,-9,0.0,22814.0,2150.0
2855797,2855798,21.0,1154168,3,1,10,1,6.0,-9.0,-9.0,15.0,4.0,-9,0.0,22814.0,2150.0
2855798,2855799,25.0,1154169,1,1,0,1,6.0,-9.0,-9.0,15.0,4.0,-9,0.0,22815.0,2150.0
2855799,2855800,22.0,1154169,2,1,10,1,6.0,-9.0,-9.0,15.0,4.0,-9,0.0,22815.0,2150.0
2855800,2855801,21.0,1154169,3,1,10,1,6.0,-9.0,-9.0,15.0,4.0,-9,0.0,22815.0,2150.0
2855801,2855802,25.0,1154170,1,1,0,1,6.0,-9.0,-9.0,15.0,4.0,-9,0.0,22815.0,2150.0
2855802,2855803,22.0,1154170,2,1,10,1,6.0,-9.0,-9.0,15.0,4.0,-9,0.0,22815.0,2150.0
2855803,2855804,21.0,1154170,3,1,10,1,6.0,-9.0,-9.0,15.0,4.0,-9,0.0,22815.0,2150.0
2855804,2855805,25.0,1154171,1,1,0,1,6.0,-9.0,-9.0,15.0,4.0,-9,0.0,22808.0,2147.0
2855805,2855806,22.0,1154171,2,1,10,1,6.0,-9.0,-9.0,15.0,4.0,-9,0.0,22808.0,2147.0
2855806,2855807,21.0,1154171,3,1,10,1,6.0,-9.0,-9.0,15.0,4.0,-9,0.0,22808.0,2147.0
2855807,2855808,25.0,1154172,1,1,0,1,6.0,-9.0,-9.0,15.0,4.0,-9,0.0,22808.0,2147.0
2855808,2855809,22.0,1154172,2,1,10,1,6.0,-9.0,-9.0,15.0,4.0,-9,0.0,22808.0,2147.0
2855809,2855810,21.0,1154172,3,1,10,1,6.0,-9.0,-9.0,15.0,4.0,-9,0.0,22808.0,2147.0
2855813,2855814,25.0,1154174,1,1,0,1,6.0,-9.0,-9.0,15.0,4.0,-9,0.0,22814.0,2150.0
2855814,2855815,22.0,1154174,2,1,10,1,6.0,-9.0,-9.0,15.0,4.0,-9,0.0,22814.0,2150.0
2855815,2855816,21.0,1154174,3,1,10,1,6.0,-9.0,-9.0,15.0,4.0,-9,0.0,22814.0,2150.0
2855816,2855817,25.0,1154175,1,1,0,1,6.0,-9.0,-9.0,15.0,4.0,-9,0.0,22814.0,2150.0
2855817,2855818,22.0,1154175,2,1,10,1,6.0,-9.0,-9.0,15.0,4.0,-9,0.0,22814.0,2150.0
2855818,2855819,21.0,1154175,3,1,10,1,6.0,-9.0,-9.0,15.0,4.0,-9,0.0,22814.0,2150.0
2855819,2855820,25.0,1154176,1,1,0,1,6.0,-9.0,-9.0,15.0,4.0,-9,0.0,22814.0,2150.0
2855820,2855821,22.0,1154176,2,1,10,1,6.0,-9.0,-9.0,15.0,4.0,-9,0.0,22814.0,2150.0
2855821,2855822,21.0,1154176,3,1,10,1,6.0,-9.0,-9.0,15.0,4.0,-9,0.0,22814.0,2150.0
2855825,2855826,25.0,1154178,1,1,0,1,6.0,-9.0,-9.0,15.0,4.0,-9,0.0,22808.0,2147.0
2855826,2855827,22.0,1154178,2,1,10,1,6.0,-9.0,-9.0,15.0,4.0,-9,0.0,22808.0,2147.0
2855827,2855828,21.0,1154178,3,1,10,1,6.0,-9.0,-9.0,15.0,4.0,-9,0.0,22808.0,2147.0
2855828,2855829,25.0,1154179,1,1,0,1,6.0,-9.0,-9.0,15.0,4.0,-9,0.0,22814.0,2150.0
2855829,2855830,22.0,1154179,2,1,10,1,6.0,-9.0,-9.0,15.0,4.0,-9,0.0,22814.0,2150.0
2855830,2855831,21.0,1154179,3,1,10,1,6.0,-9.0,-9.0,15.0,4.0,-9,0.0,22814.0,2150.0
2855831,2855832,25.0,1154180,1,1,0,1,6.0,-9.0,-9.0,15.0,4.0,-9,0.0,22814.0,2150.0
2855832,2855833,22.0,1154180,2,1,10,1,6.0,-9.0,-9.0,15.0,4.0,-9,0.0,22814.0,2150.0
2855833,2855834,21.0,1154180,3,1,10,1,6.0,-9.0,-9.0,15.0,4.0,-9,0.0,22814.0,2150.0
2855834,2855835,25.0,1154181,1,1,0,1,6.0,-9.0,-9.0,15.0,4.0,-9,0.0,22815.0,2150.0
2855835,2855836,22.0,1154181,2,1,10,1,6.0,-9.0,-9.0,15.0,4.0,-9,0.0,22815.0,2150.0
2855836,2855837,21.0,1154181,3,1,10,1,6.0,-9.0,-9.0,15.0,4.0,-9,0.0,22815.0,2150.0
2855837,2855838,25.0,1154182,1,1,0,1,6.0,-9.0,-9.0,15.0,4.0,-9,0.0,22814.0,2150.0
2855838,2855839,22.0,1154182,2,1,10,1,6.0,-9.0,-9.0,15.0,4.0,-9,0.0,22814.0,2150.0
2855839,2855840,21.0,1154182,3,1,10,1,6.0,-9.0,-9.0,15.0,4.0,-9,0.0,22814.0,2150.0
2855840,2855841,25.0,1154183,1,1,0,1,6.0,-9.0,-9.0,15.0,4.0,-9,0.0,22814.0,2150.0
2855841,2855842,22.0,1154183,2,1,10,1,6.0,-9.0,-9.0,15.0,4.0,-9,0.0,22814.0,2150.0
2855842,2855843,21.0,1154183,3,1,10,1,6.0,-9.0,-9.0,15.0,4.0,-9,0.0,22814.0,2150.0
2855843,2855844,25.0,1154184,1,1,0,1,6.0,-9.0,-9.0,15.0,4.0,-9,0.0,22815.0,2150.0
2855844,2855845,22.0,1154184,2,1,10,1,6.0,-9.0,-9.0,15.0,4.0,-9,0.0,22815.0,2150.0
2855845,2855846,21.0,1154184,3,1,10,1,6.0,-9.0,-9.0,15.0,4.0,-9,0.0,22815.0,2150.0
2855849,2855850,25.0,1154186,1,1,0,1,6.0,-9.0,-9.0,15.0,4.0,-9,0.0,22808.0,2147.0
2855850,2855851,22.0,1154186,2,1,10,1,6.0,-9.0,-9.0,15.0,4.0,-9,0.0,22808.0,2147.0
2855851,2855852,21.0,1154186,3,1,10,1,6.0,-9.0,-9.0,15.0,4.0,-9,0.0,22808.0,2147.0
2855852,2855853,25.0,1154187,1,1,0,1,6.0,-9.0,-9.0,15.0,4.0,-9,0.0,22814.0,2150.0
2855853,2855854,22.0,1154187,2,1,10,1,6.0,-9.0,-9.0,15.0,4.0,-9,0.0,22814.0,2150.0
2855854,2855855,21.0,1154187,3,1,10,1,6.0,-9.0,-9.0,15.0,4.0,-9,0.0,22814.0,2150.0
2855855,2855856,25.0,1154188,1,1,0,1,6.0,-9.0,-9.0,15.0,4.0,-9,0.0,22814.0,2150.0
2855856,2855857,22.0,1154188,2,1,10,1,6.0,-9.0,-9.0,15.0,4.0,-9,0.0,22814.0,2150.0
2855857,2855858,21.0,1154188,3,1,10,1,6.0,-9.0,-9.0,15.0,4.0,-9,0.0,22814.0,2150.0
2855858,2855859,25.0,1154189,1,1,0,1,6.0,-9.0,-9.0,15.0,4.0,-9,0.0,22815.0,2150.0
2855859,2855860,22.0,1154189,2,1,10,1,6.0,-9.0,-9.0,15.0,4.0,-9,0.0,22815.0,2150.0
2855860,2855861,21.0,1154189,3,1,10,1,6.0,-9.0,-9.0,15.0,4.0,-9,0.0,22815.0,2150.0
2855864,2855865,25.0,1154191,1,1,0,1,6.0,-9.0,-9.0,15.0,4.0,-9,0.0,22814.0,2150.0
2855865,2855866,22.0,1154191,2,1,10,1,6.0,-9.0,-9.0,15.0,4.0,-9,0.0,22814.0,2150.0
2855866,2855867,21.0,1154191,3,1,10,1,6.0,-9.0,-9.0,15.0,4.0,-9,0.0,22814.0,2150.0
2855867,2855868,25.0,1154192,1,1,0,1,6.0,-9.0,-9.0,15.0,4.0,-9,0.0,22815.0,2150.0
2855868,2855869,22.0,1154192,2,1,10,1,6.0,-9.0,-9.0,15.0,4.0,-9,0.0,22815.0,2150.0
2855869,2855870,21.0,1154192,3,1,10,1,6.0,-9.0,-9.0,15.0,4.0,-9,0.0,22815.0,2150.0
2855870,2855871,25.0,1154193,1,1,0,1,6.0,-9.0,-9.0,15.0,4.0,-9,0.0,22814.0,2150.0
2855871,2855872,22.0,1154193,2,1,10,1,6.0,-9.0,-9.0,15.0,4.0,-9,0.0,22814.0,2150.0
2855872,2855873,21.0,1154193,3,1,10,1,6.0,-9.0,-9.0,15.0,4.0,-9,0.0,22814.0,2150.0
2855873,2855874,25.0,1154194,1,1,0,1,6.0,-9.0,-9.0,15.0,4.0,-9,0.0,22814.0,2150.0
2855874,2855875,22.0,1154194,2,1,10,1,6.0,-9.0,-9.0,15.0,4.0,-9,0.0,22814.0,2150.0
2855875,2855876,21.0,1154194,3,1,10,1,6.0,-9.0,-9.0,15.0,4.0,-9,0.0,22814.0,2150.0
2855876,2855877,25.0,1154195,1,1,0,1,6.0,-9.0,-9.0,15.0,4.0,-9,0.0,22815.0,2150.0
2855877,2855878,22.0,1154195,2,1,10,1,6.0,-9.0,-9.0,15.0,4.0,-9,0.0,22815.0,2150.0
2855878,2855879,21.0,1154195,3,1,10,1,6.0,-9.0,-9.0,15.0,4.0,-9,0.0,22815.0,2150.0
2855879,2855880,25.0,1154196,1,1,0,1,6.0,-9.0,-9.0,15.0,4.0,-9,0.0,22808.0,2147.0
2855880,2855881,22.0,1154196,2,1,10,1,6.0,-9.0,-9.0,15.0,4.0,-9,0.0,22808.0,2147.0
2855881,2855882,21.0,1154196,3,1,10,1,6.0,-9.0,-9.0,15.0,4.0,-9,0.0,22808.0,2147.0
2855888,2855889,25.0,1154199,1,1,0,1,6.0,-9.0,-9.0,15.0,4.0,-9,0.0,22814.0,2150.0
2855889,2855890,22.0,1154199,2,1,10,1,6.0,-9.0,-9.0,15.0,4.0,-9,0.0,22814.0,2150.0
2855890,2855891,21.0,1154199,3,1,10,1,6.0,-9.0,-9.0,15.0,4.0,-9,0.0,22814.0,2150.0
2855891,2855892,25.0,1154200,1,1,0,1,6.0,-9.0,-9.0,15.0,4.0,-9,0.0,22814.0,2150.0
2855892,2855893,22.0,1154200,2,1,10,1,6.0,-9.0,-9.0,15.0,4.0,-9,0.0,22814.0,2150.0
2855893,2855894,21.0,1154200,3,1,10,1,6.0,-9.0,-9.0,15.0,4.0,-9,0.0,22814.0,2150.0
2855894,2855895,25.0,1154201,1,1,0,1,6.0,-9.0,-9.0,15.0,4.0,-9,0.0,22815.0,2150.0
2855895,2855896,22.0,1154201,2,1,10,1,6.0,-9.0,-9.0,15.0,4.0,-9,0.0,22815.0,2150.0
2855896,2855897,21.0,1154201,3,1,10,1,6.0,-9.0,-9.0,15.0,4.0,-9,0.0,22815.0,2150.0
2855900,2855901,25.0,1154203,1,1,0,1,6.0,-9.0,-9.0,15.0,4.0,-9,0.0,22808.0,2147.0
2855901,2855902,22.0,1154203,2,1,10,1,6.0,-9.0,-9.0,15.0,4.0,-9,0.0,22808.0,2147.0
2855902,2855903,21.0,1154203,3,1,10,1,6.0,-9.0,-9.0,15.0,4.0,-9,0.0,22808.0,2147.0
2855903,2855904,25.0,1154204,1,1,0,1,6.0,-9.0,-9.0,15.0,4.0,-9,0.0,22808.0,2147.0
2855904,2855905,22.0,1154204,2,1,10,1,6.0,-9.0,-9.0,15.0,4.0,-9,0.0,22808.0,2147.0
2855905,2855906,21.0,1154204,3,1,10,1,6.0,-9.0,-9.0,15.0,4.0,-9,0.0,22808.0,2147.0
2855906,2855907,25.0,1154205,1,1,0,1,6.0,-9.0,-9.0,15.0,4.0,-9,0.0,22814.0,2150.0
2855907,2855908,22.0,1154205,2,1,10,1,6.0,-9.0,-9.0,15.0,4.0,-9,0.0,22814.0,2150.0
2855908,2855909,21.0,1154205,3,1,10,1,6.0,-9.0,-9.0,15.0,4.0,-9,0.0,22814.0,2150.0
2855909,2855910,25.0,1154206,1,1,0,1,6.0,-9.0,-9.0,15.0,4.0,-9,0.0,22814.0,2150.0
2855910,2855911,22.0,1154206,2,1,10,1,6.0,-9.0,-9.0,15.0,4.0,-9,0.0,22814.0,2150.0
2855911,2855912,21.0,1154206,3,1,10,1,6.0,-9.0,-9.0,15.0,4.0,-9,0.0,22814.0,2150.0
2855912,2855913,25.0,1154207,1,1,0,1,6.0,-9.0,-9.0,15.0,4.0,-9,0.0,22815.0,2150.0
2855913,2855914,22.0,1154207,2,1,10,1,6.0,-9.0,-9.0,15.0,4.0,-9,0.0,22815.0,2150.0
2855914,2855915,21.0,1154207,3,1,10,1,6.0,-9.0,-9.0,15.0,4.0,-9,0.0,22815.0,2150.0
2855915,2855916,25.0,1154208,1,1,0,1,6.0,-9.0,-9.0,15.0,4.0,-9,0.0,22808.0,2147.0
2855916,2855917,22.0,1154208,2,1,10,1,6.0,-9.0,-9.0,15.0,4.0,-9,0.0,22808.0,2147.0
2855917,2855918,21.0,1154208,3,1,10,1,6.0,-9.0,-9.0,15.0,4.0,-9,0.0,22808.0,2147.0
2855918,2855919,25.0,1154209,1,1,0,1,6.0,-9.0,-9.0,15.0,4.0,-9,0.0,22808.0,2147.0
2855919,2855920,22.0,1154209,2,1,10,1,6.0,-9.0,-9.0,15.0,4.0,-9,0.0,22808.0,2147.0
2855920,2855921,21.0,1154209,3,1,10,1,6.0,-9.0,-9.0,15.0,4.0,-9,0.0,22808.0,2147.0
2855921,2855922,25.0,1154210,1,1,0,1,6.0,-9.0,-9.0,15.0,4.0,-9,0.0,22808.0,2147.0
2855922,2855923,22.0,1154210,2,1,10,1,6.0,-9.0,-9.0,15.0,4.0,-9,0.0,22808.0,2147.0
2855923,2855924,21.0,1154210,3,1,10,1,6.0,-9.0,-9.0,15.0,4.0,-9,0.0,22808.0,2147.0
2855927,2855928,25.0,1154212,1,1,0,1,6.0,-9.0,-9.0,15.0,4.0,-9,0.0,22814.0,2150.0
2855928,2855929,22.0,1154212,2,1,10,1,6.0,-9.0,-9.0,15.0,4.0,-9,0.0,22814.0,2150.0
2855929,2855930,21.0,1154212,3,1,10,1,6.0,-9.0,-9.0,15.0,4.0,-9,0.0,22814.0,2150.0
2855933,2855934,25.0,1154214,1,1,0,1,6.0,-9.0,-9.0,15.0,4.0,-9,0.0,22815.0,2150.0
2855934,2855935,22.0,1154214,2,1,10,1,6.0,-9.0,-9.0,15.0,4.0,-9,0.0,22815.0,2150.0
2855935,2855936,21.0,1154214,3,1,10,1,6.0,-9.0,-9.0,15.0,4.0,-9,0.0,22815.0,2150.0
2855939,2855940,25.0,1154216,1,1,0,1,6.0,-9.0,-9.0,15.0,4.0,-9,0.0,22815.0,2150.0
2855940,2855941,22.0,1154216,2,1,10,1,6.0,-9.0,-9.0,15.0,4.0,-9,0.0,22815.0,2150.0
2855941,2855942,21.0,1154216,3,1,10,1,6.0,-9.0,-9.0,15.0,4.0,-9,0.0,22815.0,2150.0
2855942,2855943,25.0,1154217,1,1,0,1,6.0,-9.0,-9.0,15.0,4.0,-9,0.0,22814.0,2150.0
2855943,2855944,22.0,1154217,2,1,10,1,6.0,-9.0,-9.0,15.0,4.0,-9,0.0,22814.0,2150.0
2855944,2855945,21.0,1154217,3,1,10,1,6.0,-9.0,-9.0,15.0,4.0,-9,0.0,22814.0,2150.0
2855945,2855946,25.0,1154218,1,1,0,1,6.0,-9.0,-9.0,15.0,4.0,-9,0.0,22808.0,2147.0
2855946,2855947,22.0,1154218,2,1,10,1,6.0,-9.0,-9.0,15.0,4.0,-9,0.0,22808.0,2147.0
2855947,2855948,21.0,1154218,3,1,10,1,6.0,-9.0,-9.0,15.0,4.0,-9,0.0,22808.0,2147.0
2855948,2855949,25.0,1154219,1,1,0,1,6.0,-9.0,-9.0,15.0,4.0,-9,0.0,22815.0,2150.0
2855949,2855950,22.0,1154219,2,1,10,1,6.0,-9.0,-9.0,15.0,4.0,-9,0.0,22815.0,2150.0
2855950,2855951,21.0,1154219,3,1,10,1,6.0,-9.0,-9.0,15.0,4.0,-9,0.0,22815.0,2150.0
2855951,2855952,25.0,1154220,1,1,0,1,6.0,-9.0,-9.0,15.0,4.0,-9,0.0,22815.0,2150.0
2855952,2855953,22.0,1154220,2,1,10,1,6.0,-9.0,-9.0,15.0,4.0,-9,0.0,22815.0,2150.0
2855953,2855954,21.0,1154220,3,1,10,1,6.0,-9.0,-9.0,15.0,4.0,-9,0.0,22815.0,2150.0
2855954,2855955,25.0,1154221,1,1,0,1,6.0,-9.0,-9.0,15.0,4.0,-9,0.0,22815.0,2150.0
2855955,2855956,22.0,1154221,2,1,10,1,6.0,-9.0,-9.0,15.0,4.0,-9,0.0,22815.0,2150.0
2855956,2855957,21.0,1154221,3,1,10,1,6.0,-9.0,-9.0,15.0,4.0,-9,0.0,22815.0,2150.0
2855957,2855958,25.0,1154222,1,1,0,1,6.0,-9.0,-9.0,15.0,4.0,-9,0.0,22814.0,2150.0
2855958,2855959,22.0,1154222,2,1,10,1,6.0,-9.0,-9.0,15.0,4.0,-9,0.0,22814.0,2150.0
2855959,2855960,21.0,1154222,3,1,10,1,6.0,-9.0,-9.0,15.0,4.0,-9,0.0,22814.0,2150.0
2855960,2855961,25.0,1154223,1,1,0,1,6.0,-9.0,-9.0,15.0,4.0,-9,0.0,22814.0,2150.0
2855961,2855962,22.0,1154223,2,1,10,1,6.0,-9.0,-9.0,15.0,4.0,-9,0.0,22814.0,2150.0
2855962,2855963,21.0,1154223,3,1,10,1,6.0,-9.0,-9.0,15.0,4.0,-9,0.0,22814.0,2150.0
2855963,2855964,25.0,1154224,1,1,0,1,6.0,-9.0,-9.0,15.0,4.0,-9,0.0,22814.0,2150.0
2855964,2855965,22.0,1154224,2,1,10,1,6.0,-9.0,-9.0,15.0,4.0,-9,0.0,22814.0,2150.0
2855965,2855966,21.0,1154224,3,1,10,1,6.0,-9.0,-9.0,15.0,4.0,-9,0.0,22814.0,2150.0
2855966,2855967,25.0,1154225,1,1,0,1,6.0,-9.0,-9.0,15.0,4.0,-9,0.0,22814.0,2150.0
2855967,2855968,22.0,1154225,2,1,10,1,6.0,-9.0,-9.0,15.0,4.0,-9,0.0,22814.0,2150.0
2855968,2855969,21.0,1154225,3,1,10,1,6.0,-9.0,-9.0,15.0,4.0,-9,0.0,22814.0,2150.0
2855969,2855970,25.0,1154226,1,1,0,1,6.0,-9.0,-9.0,15.0,4.0,-9,0.0,22815.0,2150.0
2855970,2855971,22.0,1154226,2,1,10,1,6.0,-9.0,-9.0,15.0,4.0,-9,0.0,22815.0,2150.0
2855971,2855972,21.0,1154226,3,1,10,1,6.0,-9.0,-9.0,15.0,4.0,-9,0.0,22815.0,2150.0
2855972,2855973,25.0,1154227,1,1,0,1,6.0,-9.0,-9.0,15.0,4.0,-9,0.0,22814.0,2150.0
2855973,2855974,22.0,1154227,2,1,10,1,6.0,-9.0,-9.0,15.0,4.0,-9,0.0,22814.0,2150.0
2855974,2855975,21.0,1154227,3,1,10,1,6.0,-9.0,-9.0,15.0,4.0,-9,0.0,22814.0,2150.0
2855975,2855976,25.0,1154228,1,1,0,1,6.0,-9.0,-9.0,15.0,4.0,-9,0.0,22814.0,2150.0
2855976,2855977,22.0,1154228,2,1,10,1,6.0,-9.0,-9.0,15.0,4.0,-9,0.0,22814.0,2150.0
2855977,2855978,21.0,1154228,3,1,10,1,6.0,-9.0,-9.0,15.0,4.0,-9,0.0,22814.0,2150.0
2855978,2855979,25.0,1154229,1,1,0,1,6.0,-9.0,-9.0,15.0,4.0,-9,0.0,22814.0,2150.0
2855979,2855980,22.0,1154229,2,1,10,1,6.0,-9.0,-9.0,15.0,4.0,-9,0.0,22814.0,2150.0
2855980,2855981,21.0,1154229,3,1,10,1,6.0,-9.0,-9.0,15.0,4.0,-9,0.0,22814.0,2150.0
2855981,2855982,25.0,1154230,1,1,0,1,6.0,-9.0,-9.0,15.0,4.0,-9,0.0,22815.0,2150.0
2855982,2855983,22.0,1154230,2,1,10,1,6.0,-9.0,-9.0,15.0,4.0,-9,0.0,22815.0,2150.0
2855983,2855984,21.0,1154230,3,1,10,1,6.0,-9.0,-9.0,15.0,4.0,-9,0.0,22815.0,2150.0
2855984,2855985,25.0,1154231,1,1,0,1,6.0,-9.0,-9.0,15.0,4.0,-9,0.0,22814.0,2150.0
2855985,2855986,22.0,1154231,2,1,10,1,6.0,-9.0,-9.0,15.0,4.0,-9,0.0,22814.0,2150.0
2855986,2855987,21.0,1154231,3,1,10,1,6.0,-9.0,-9.0,15.0,4.0,-9,0.0,22814.0,2150.0
2855987,2855988,25.0,1154232,1,1,0,1,6.0,-9.0,-9.0,15.0,4.0,-9,0.0,22814.0,2150.0
2855988,2855989,22.0,1154232,2,1,10,1,6.0,-9.0,-9.0,15.0,4.0,-9,0.0,22814.0,2150.0
2855989,2855990,21.0,1154232,3,1,10,1,6.0,-9.0,-9.0,15.0,4.0,-9,0.0,22814.0,2150.0
2855990,2855991,25.0,1154233,1,1,0,1,6.0,-9.0,-9.0,15.0,4.0,-9,0.0,22814.0,2150.0
2855991,2855992,22.0,1154233,2,1,10,1,6.0,-9.0,-9.0,15.0,4.0,-9,0.0,22814.0,2150.0
2855992,2855993,21.0,1154233,3,1,10,1,6.0,-9.0,-9.0,15.0,4.0,-9,0.0,22814.0,2150.0
2855993,2855994,25.0,1154234,1,1,0,1,6.0,-9.0,-9.0,15.0,4.0,-9,0.0,22814.0,2150.0
2855994,2855995,22.0,1154234,2,1,10,1,6.0,-9.0,-9.0,15.0,4.0,-9,0.0,22814.0,2150.0
2855995,2855996,21.0,1154234,3,1,10,1,6.0,-9.0,-9.0,15.0,4.0,-9,0.0,22814.0,2150.0
2855999,2856000,25.0,1154236,1,1,0,1,6.0,-9.0,-9.0,15.0,4.0,-9,0.0,22808.0,2147.0
2856000,2856001,22.0,1154236,2,1,10,1,6.0,-9.0,-9.0,15.0,4.0,-9,0.0,22808.0,2147.0
2856001,2856002,21.0,1154236,3,1,10,1,6.0,-9.0,-9.0,15.0,4.0,-9,0.0,22808.0,2147.0
2856002,2856003,25.0,1154237,1,1,0,1,6.0,-9.0,-9.0,15.0,4.0,-9,0.0,22808.0,2147.0
2856003,2856004,22.0,1154237,2,1,10,1,6.0,-9.0,-9.0,15.0,4.0,-9,0.0,22808.0,2147.0
2856004,2856005,21.0,1154237,3,1,10,1,6.0,-9.0,-9.0,15.0,4.0,-9,0.0,22808.0,2147.0
2856011,2856012,25.0,1154240,1,1,0,1,6.0,-9.0,-9.0,15.0,4.0,-9,0.0,22808.0,2147.0
2856012,2856013,22.0,1154240,2,1,10,1,6.0,-9.0,-9.0,15.0,4.0,-9,0.0,22808.0,2147.0
2856013,2856014,21.0,1154240,3,1,10,1,6.0,-9.0,-9.0,15.0,4.0,-9,0.0,22808.0,2147.0
2856014,2856015,25.0,1154241,1,1,0,1,6.0,-9.0,-9.0,15.0,4.0,-9,0.0,22814.0,2150.0
2856015,2856016,22.0,1154241,2,1,10,1,6.0,-9.0,-9.0,15.0,4.0,-9,0.0,22814.0,2150.0
2856016,2856017,21.0,1154241,3,1,10,1,6.0,-9.0,-9.0,15.0,4.0,-9,0.0,22814.0,2150.0
2856017,2856018,25.0,1154242,1,1,0,1,6.0,-9.0,-9.0,15.0,4.0,-9,0.0,22814.0,2150.0
2856018,2856019,22.0,1154242,2,1,10,1,6.0,-9.0,-9.0,15.0,4.0,-9,0.0,22814.0,2150.0
2856019,2856020,21.0,1154242,3,1,10,1,6.0,-9.0,-9.0,15.0,4.0,-9,0.0,22814.0,2150.0
2856020,2856021,31.0,1154243,1,1,0,1,1.0,40.0,4.0,-9.0,4.0,611M1,13.0,22814.0,2150.0
2856021,2856022,24.0,1154243,2,2,1,1,6.0,-9.0,-9.0,-9.0,4.0,6111,13.0,22814.0,2150.0
2856024,2856025,31.0,1154245,1,1,0,1,1.0,40.0,4.0,-9.0,4.0,611M1,13.0,22814.0,2150.0
2856025,2856026,24.0,1154245,2,2,1,1,6.0,-9.0,-9.0,-9.0,4.0,6111,13.0,22814.0,2150.0
2856026,2856027,31.0,1154246,1,1,0,1,1.0,40.0,4.0,-9.0,4.0,611M1,13.0,22814.0,2150.0
2856027,2856028,24.0,1154246,2,2,1,1,6.0,-9.0,-9.0,-9.0,4.0,6111,13.0,22814.0,2150.0
2856028,2856029,31.0,1154247,1,1,0,1,1.0,40.0,4.0,-9.0,4.0,611M1,13.0,22814.0,2150.0
2856029,2856030,24.0,1154247,2,2,1,1,6.0,-9.0,-9.0,-9.0,4.0,6111,13.0,22814.0,2150.0
2856030,2856031,31.0,1154248,1,1,0,1,1.0,40.0,4.0,-9.0,4.0,611M1,13.0,22815.0,2150.0
2856031,2856032,24.0,1154248,2,2,1,1,6.0,-9.0,-9.0,-9.0,4.0,6111,13.0,22815.0,2150.0
2856032,2856033,31.0,1154249,1,1,0,1,1.0,40.0,4.0,-9.0,4.0,611M1,13.0,22814.0,2150.0
2856033,2856034,24.0,1154249,2,2,1,1,6.0,-9.0,-9.0,-9.0,4.0,6111,13.0,22814.0,2150.0
2856034,2856035,31.0,1154250,1,1,0,1,1.0,40.0,4.0,-9.0,4.0,611M1,13.0,22815.0,2150.0
2856035,2856036,24.0,1154250,2,2,1,1,6.0,-9.0,-9.0,-9.0,4.0,6111,13.0,22815.0,2150.0
2856036,2856037,31.0,1154251,1,1,0,1,1.0,40.0,4.0,-9.0,4.0,611M1,13.0,22815.0,2150.0
2856037,2856038,24.0,1154251,2,2,1,1,6.0,-9.0,-9.0,-9.0,4.0,6111,13.0,22815.0,2150.0
2856038,2856039,31.0,1154252,1,1,0,1,1.0,40.0,4.0,-9.0,4.0,611M1,13.0,22808.0,2147.0
2856039,2856040,24.0,1154252,2,2,1,1,6.0,-9.0,-9.0,-9.0,4.0,6111,13.0,22808.0,2147.0
2856040,2856041,31.0,1154253,1,1,0,1,1.0,40.0,4.0,-9.0,4.0,611M1,13.0,22814.0,2150.0
2856041,2856042,24.0,1154253,2,2,1,1,6.0,-9.0,-9.0,-9.0,4.0,6111,13.0,22814.0,2150.0
2856044,2856045,31.0,1154255,1,1,0,1,1.0,40.0,4.0,-9.0,4.0,611M1,13.0,22808.0,2147.0
2856045,2856046,24.0,1154255,2,2,1,1,6.0,-9.0,-9.0,-9.0,4.0,6111,13.0,22808.0,2147.0
2856046,2856047,31.0,1154256,1,1,0,1,1.0,40.0,4.0,-9.0,4.0,611M1,13.0,22815.0,2150.0
2856047,2856048,24.0,1154256,2,2,1,1,6.0,-9.0,-9.0,-9.0,4.0,6111,13.0,22815.0,2150.0
2856048,2856049,31.0,1154257,1,1,0,1,1.0,40.0,4.0,-9.0,4.0,611M1,13.0,22808.0,2147.0
2856049,2856050,24.0,1154257,2,2,1,1,6.0,-9.0,-9.0,-9.0,4.0,6111,13.0,22808.0,2147.0
2856050,2856051,31.0,1154258,1,1,0,1,1.0,40.0,4.0,-9.0,4.0,611M1,13.0,22815.0,2150.0
2856051,2856052,24.0,1154258,2,2,1,1,6.0,-9.0,-9.0,-9.0,4.0,6111,13.0,22815.0,2150.0
2856052,2856053,31.0,1154259,1,1,0,1,1.0,40.0,4.0,-9.0,4.0,611M1,13.0,22814.0,2150.0
2856053,2856054,24.0,1154259,2,2,1,1,6.0,-9.0,-9.0,-9.0,4.0,6111,13.0,22814.0,2150.0
2856054,2856055,31.0,1154260,1,1,0,1,1.0,40.0,4.0,-9.0,4.0,611M1,13.0,22814.0,2150.0
2856055,2856056,24.0,1154260,2,2,1,1,6.0,-9.0,-9.0,-9.0,4.0,6111,13.0,22814.0,2150.0
2856060,2856061,31.0,1154263,1,1,0,1,1.0,40.0,4.0,-9.0,4.0,611M1,13.0,22814.0,2150.0
2856061,2856062,24.0,1154263,2,2,1,1,6.0,-9.0,-9.0,-9.0,4.0,6111,13.0,22814.0,2150.0
2856064,2856065,31.0,1154265,1,1,0,1,1.0,40.0,4.0,-9.0,4.0,611M1,13.0,22815.0,2150.0
2856065,2856066,24.0,1154265,2,2,1,1,6.0,-9.0,-9.0,-9.0,4.0,6111,13.0,22815.0,2150.0
2856070,2856071,31.0,1154268,1,1,0,1,1.0,40.0,4.0,-9.0,4.0,611M1,13.0,22815.0,2150.0
2856071,2856072,24.0,1154268,2,2,1,1,6.0,-9.0,-9.0,-9.0,4.0,6111,13.0,22815.0,2150.0
2856072,2856073,31.0,1154269,1,1,0,1,1.0,40.0,4.0,-9.0,4.0,611M1,13.0,22814.0,2150.0
2856073,2856074,24.0,1154269,2,2,1,1,6.0,-9.0,-9.0,-9.0,4.0,6111,13.0,22814.0,2150.0
2856074,2856075,31.0,1154270,1,1,0,1,1.0,40.0,4.0,-9.0,4.0,611M1,13.0,22808.0,2147.0
2856075,2856076,24.0,1154270,2,2,1,1,6.0,-9.0,-9.0,-9.0,4.0,6111,13.0,22808.0,2147.0
2856076,2856077,31.0,1154271,1,1,0,1,1.0,40.0,4.0,-9.0,4.0,611M1,13.0,22814.0,2150.0
2856077,2856078,24.0,1154271,2,2,1,1,6.0,-9.0,-9.0,-9.0,4.0,6111,13.0,22814.0,2150.0
2856080,2856081,31.0,1154273,1,1,0,1,1.0,40.0,4.0,-9.0,4.0,611M1,13.0,22808.0,2147.0
2856081,2856082,24.0,1154273,2,2,1,1,6.0,-9.0,-9.0,-9.0,4.0,6111,13.0,22808.0,2147.0
2856082,2856083,31.0,1154274,1,1,0,1,1.0,40.0,4.0,-9.0,4.0,611M1,13.0,22814.0,2150.0
2856083,2856084,24.0,1154274,2,2,1,1,6.0,-9.0,-9.0,-9.0,4.0,6111,13.0,22814.0,2150.0
2856084,2856085,31.0,1154275,1,1,0,1,1.0,40.0,4.0,-9.0,4.0,611M1,13.0,22815.0,2150.0
2856085,2856086,24.0,1154275,2,2,1,1,6.0,-9.0,-9.0,-9.0,4.0,6111,13.0,22815.0,2150.0
2856086,2856087,31.0,1154276,1,1,0,1,1.0,40.0,4.0,-9.0,4.0,611M1,13.0,22815.0,2150.0
2856087,2856088,24.0,1154276,2,2,1,1,6.0,-9.0,-9.0,-9.0,4.0,6111,13.0,22815.0,2150.0
2856088,2856089,31.0,1154277,1,1,0,1,1.0,40.0,4.0,-9.0,4.0,611M1,13.0,22814.0,2150.0
2856089,2856090,24.0,1154277,2,2,1,1,6.0,-9.0,-9.0,-9.0,4.0,6111,13.0,22814.0,2150.0
2856092,2856093,31.0,1154279,1,1,0,1,1.0,40.0,4.0,-9.0,4.0,611M1,13.0,22815.0,2150.0
2856093,2856094,24.0,1154279,2,2,1,1,6.0,-9.0,-9.0,-9.0,4.0,6111,13.0,22815.0,2150.0
2856096,2856097,31.0,1154281,1,1,0,1,1.0,40.0,4.0,-9.0,4.0,611M1,13.0,22814.0,2150.0
2856097,2856098,24.0,1154281,2,2,1,1,6.0,-9.0,-9.0,-9.0,4.0,6111,13.0,22814.0,2150.0
2856098,2856099,31.0,1154282,1,1,0,1,1.0,40.0,4.0,-9.0,4.0,611M1,13.0,22815.0,2150.0
2856099,2856100,24.0,1154282,2,2,1,1,6.0,-9.0,-9.0,-9.0,4.0,6111,13.0,22815.0,2150.0
2856100,2856101,31.0,1154283,1,1,0,1,1.0,40.0,4.0,-9.0,4.0,611M1,13.0,22814.0,2150.0
2856101,2856102,24.0,1154283,2,2,1,1,6.0,-9.0,-9.0,-9.0,4.0,6111,13.0,22814.0,2150.0
2856102,2856103,31.0,1154284,1,1,0,1,1.0,40.0,4.0,-9.0,4.0,611M1,13.0,22814.0,2150.0
2856103,2856104,24.0,1154284,2,2,1,1,6.0,-9.0,-9.0,-9.0,4.0,6111,13.0,22814.0,2150.0
2856104,2856105,22.0,1154285,1,2,0,4,6.0,-9.0,-9.0,16.0,4.0,-9,0.0,22815.0,2150.0
2856105,2856106,25.0,1154285,2,2,12,4,1.0,45.0,1.0,-9.0,4.0,6214,14.0,22815.0,2150.0
2856106,2856107,21.0,1154285,3,2,12,4,6.0,20.0,6.0,16.0,4.0,611M1,13.0,22815.0,2150.0
2856107,2856108,22.0,1154286,1,2,0,4,6.0,-9.0,-9.0,16.0,4.0,-9,0.0,22815.0,2150.0
2856108,2856109,25.0,1154286,2,2,12,4,1.0,45.0,1.0,-9.0,4.0,6214,14.0,22815.0,2150.0
2856109,2856110,21.0,1154286,3,2,12,4,6.0,20.0,6.0,16.0,4.0,611M1,13.0,22815.0,2150.0
2856110,2856111,22.0,1154287,1,2,0,4,6.0,-9.0,-9.0,16.0,4.0,-9,0.0,22814.0,2150.0
2856111,2856112,25.0,1154287,2,2,12,4,1.0,45.0,1.0,-9.0,4.0,6214,14.0,22814.0,2150.0
2856112,2856113,21.0,1154287,3,2,12,4,6.0,20.0,6.0,16.0,4.0,611M1,13.0,22814.0,2150.0
2856119,2856120,22.0,1154290,1,2,0,4,6.0,-9.0,-9.0,16.0,4.0,-9,0.0,22808.0,2147.0
2856120,2856121,25.0,1154290,2,2,12,4,1.0,45.0,1.0,-9.0,4.0,6214,14.0,22808.0,2147.0
2856121,2856122,21.0,1154290,3,2,12,4,6.0,20.0,6.0,16.0,4.0,611M1,13.0,22808.0,2147.0
2856122,2856123,22.0,1154291,1,2,0,4,6.0,-9.0,-9.0,16.0,4.0,-9,0.0,22815.0,2150.0
2856123,2856124,25.0,1154291,2,2,12,4,1.0,45.0,1.0,-9.0,4.0,6214,14.0,22815.0,2150.0
2856124,2856125,21.0,1154291,3,2,12,4,6.0,20.0,6.0,16.0,4.0,611M1,13.0,22815.0,2150.0
2856128,2856129,22.0,1154293,1,2,0,4,6.0,-9.0,-9.0,16.0,4.0,-9,0.0,22815.0,2150.0
2856129,2856130,25.0,1154293,2,2,12,4,1.0,45.0,1.0,-9.0,4.0,6214,14.0,22815.0,2150.0
2856130,2856131,21.0,1154293,3,2,12,4,6.0,20.0,6.0,16.0,4.0,611M1,13.0,22815.0,2150.0
2856131,2856132,22.0,1154294,1,2,0,4,6.0,-9.0,-9.0,16.0,4.0,-9,0.0,22808.0,2147.0
2856132,2856133,25.0,1154294,2,2,12,4,1.0,45.0,1.0,-9.0,4.0,6214,14.0,22808.0,2147.0
2856133,2856134,21.0,1154294,3,2,12,4,6.0,20.0,6.0,16.0,4.0,611M1,13.0,22808.0,2147.0
2856134,2856135,22.0,1154295,1,2,0,4,6.0,-9.0,-9.0,16.0,4.0,-9,0.0,22814.0,2150.0
2856135,2856136,25.0,1154295,2,2,12,4,1.0,45.0,1.0,-9.0,4.0,6214,14.0,22814.0,2150.0
2856136,2856137,21.0,1154295,3,2,12,4,6.0,20.0,6.0,16.0,4.0,611M1,13.0,22814.0,2150.0
2856137,2856138,22.0,1154296,1,2,0,4,6.0,-9.0,-9.0,16.0,4.0,-9,0.0,22815.0,2150.0
2856138,2856139,25.0,1154296,2,2,12,4,1.0,45.0,1.0,-9.0,4.0,6214,14.0,22815.0,2150.0
2856139,2856140,21.0,1154296,3,2,12,4,6.0,20.0,6.0,16.0,4.0,611M1,13.0,22815.0,2150.0
2856140,2856141,24.0,1154297,1,2,0,4,6.0,-9.0,-9.0,16.0,4.0,-9,0.0,22815.0,2150.0
2856141,2856142,20.0,1154298,1,2,0,4,3.0,-9.0,-9.0,15.0,4.0,999920,0.0,22814.0,2150.0
2856142,2856143,20.0,1154299,1,2,0,4,3.0,-9.0,-9.0,15.0,4.0,999920,0.0,22814.0,2150.0
2856144,2856145,24.0,1154301,1,2,0,4,6.0,-9.0,-9.0,16.0,4.0,-9,0.0,22814.0,2150.0
2856145,2856146,24.0,1154302,1,2,0,4,6.0,-9.0,-9.0,16.0,4.0,-9,0.0,22814.0,2150.0
2856146,2856147,20.0,1154303,1,2,0,4,3.0,-9.0,-9.0,15.0,4.0,999920,0.0,22815.0,2150.0
2856147,2856148,24.0,1154304,1,2,0,4,6.0,-9.0,-9.0,16.0,4.0,-9,0.0,22814.0,2150.0
2856148,2856149,24.0,1154305,1,2,0,4,6.0,-9.0,-9.0,16.0,4.0,-9,0.0,22814.0,2150.0
2856149,2856150,24.0,1154306,1,2,0,4,6.0,-9.0,-9.0,16.0,4.0,-9,0.0,22808.0,2147.0
2856150,2856151,20.0,1154307,1,2,0,4,3.0,-9.0,-9.0,15.0,4.0,999920,0.0,22815.0,2150.0
2856152,2856153,24.0,1154309,1,2,0,4,6.0,-9.0,-9.0,16.0,4.0,-9,0.0,22814.0,2150.0
2856154,2856155,20.0,1154311,1,2,0,4,3.0,-9.0,-9.0,15.0,4.0,999920,0.0,22814.0,2150.0
2856155,2856156,24.0,1154312,1,2,0,4,6.0,-9.0,-9.0,16.0,4.0,-9,0.0,22814.0,2150.0
2856156,2856157,20.0,1154313,1,2,0,4,3.0,-9.0,-9.0,15.0,4.0,999920,0.0,22814.0,2150.0
2856157,2856158,24.0,1154314,1,2,0,4,6.0,-9.0,-9.0,16.0,4.0,-9,0.0,22815.0,2150.0
2856158,2856159,20.0,1154315,1,2,0,4,3.0,-9.0,-9.0,15.0,4.0,999920,0.0,22814.0,2150.0
2856159,2856160,20.0,1154316,1,2,0,4,3.0,-9.0,-9.0,15.0,4.0,999920,0.0,22808.0,2147.0
2856160,2856161,20.0,1154317,1,2,0,4,3.0,-9.0,-9.0,15.0,4.0,999920,0.0,22815.0,2150.0
2856161,2856162,20.0,1154318,1,2,0,4,3.0,-9.0,-9.0,15.0,4.0,999920,0.0,22814.0,2150.0
2856162,2856163,24.0,1154319,1,2,0,4,6.0,-9.0,-9.0,16.0,4.0,-9,0.0,22814.0,2150.0
2856163,2856164,20.0,1154320,1,2,0,4,3.0,-9.0,-9.0,15.0,4.0,999920,0.0,22815.0,2150.0
2856166,2856167,24.0,1154323,1,2,0,4,6.0,-9.0,-9.0,16.0,4.0,-9,0.0,22808.0,2147.0
2856167,2856168,24.0,1154324,1,2,0,4,6.0,-9.0,-9.0,16.0,4.0,-9,0.0,22815.0,2150.0
2856168,2856169,24.0,1154325,1,2,0,4,6.0,-9.0,-9.0,16.0,4.0,-9,0.0,22815.0,2150.0
2856169,2856170,20.0,1154326,1,2,0,4,3.0,-9.0,-9.0,15.0,4.0,999920,0.0,22808.0,2147.0
2856170,2856171,20.0,1154327,1,2,0,4,3.0,-9.0,-9.0,15.0,4.0,999920,0.0,22814.0,2150.0
2856171,2856172,20.0,1154328,1,2,0,4,3.0,-9.0,-9.0,15.0,4.0,999920,0.0,22815.0,2150.0
2856173,2856174,20.0,1154330,1,2,0,4,3.0,-9.0,-9.0,15.0,4.0,999920,0.0,22814.0,2150.0
2856174,2856175,24.0,1154331,1,2,0,4,6.0,-9.0,-9.0,16.0,4.0,-9,0.0,22814.0,2150.0
2856176,2856177,24.0,1154333,1,2,0,4,6.0,-9.0,-9.0,16.0,4.0,-9,0.0,22815.0,2150.0
2856177,2856178,20.0,1154334,1,2,0,4,3.0,-9.0,-9.0,15.0,4.0,999920,0.0,22815.0,2150.0
2856178,2856179,20.0,1154335,1,2,0,4,3.0,-9.0,-9.0,15.0,4.0,999920,0.0,22814.0,2150.0
2856179,2856180,20.0,1154336,1,2,0,4,3.0,-9.0,-9.0,15.0,4.0,999920,0.0,22815.0,2150.0
2856180,2856181,24.0,1154337,1,2,0,4,6.0,-9.0,-9.0,16.0,4.0,-9,0.0,22815.0,2150.0
2856181,2856182,24.0,1154338,1,2,0,4,6.0,-9.0,-9.0,16.0,4.0,-9,0.0,22808.0,2147.0
2856182,2856183,24.0,1154339,1,2,0,4,6.0,-9.0,-9.0,16.0,4.0,-9,0.0,22814.0,2150.0
2856184,2856185,20.0,1154341,1,2,0,4,3.0,-9.0,-9.0,15.0,4.0,999920,0.0,22814.0,2150.0
2856186,2856187,20.0,1154343,1,2,0,4,3.0,-9.0,-9.0,15.0,4.0,999920,0.0,22814.0,2150.0
2856187,2856188,20.0,1154344,1,2,0,4,3.0,-9.0,-9.0,15.0,4.0,999920,0.0,22814.0,2150.0
2856189,2856190,20.0,1154346,1,2,0,4,3.0,-9.0,-9.0,15.0,4.0,999920,0.0,22814.0,2150.0
2856190,2856191,20.0,1154347,1,2,0,4,3.0,-9.0,-9.0,15.0,4.0,999920,0.0,22815.0,2150.0
2856191,2856192,24.0,1154348,1,2,0,4,6.0,-9.0,-9.0,16.0,4.0,-9,0.0,22815.0,2150.0
2856192,2856193,22.0,1154349,1,2,0,4,2.0,30.0,2.0,15.0,4.0,611M1,13.0,22808.0,2147.0
2856193,2856194,22.0,1154350,1,2,0,4,6.0,9.0,5.0,16.0,4.0,722Z,16.0,22808.0,2147.0
2856194,2856195,25.0,1154350,2,2,12,4,6.0,-9.0,-9.0,16.0,4.0,-9,0.0,22808.0,2147.0
2856195,2856196,22.0,1154351,1,2,0,4,6.0,9.0,5.0,16.0,4.0,722Z,16.0,22815.0,2150.0
2856196,2856197,25.0,1154351,2,2,12,4,6.0,-9.0,-9.0,16.0,4.0,-9,0.0,22815.0,2150.0
2856199,2856200,23.0,1154353,1,2,0,4,6.0,-9.0,-9.0,16.0,4.0,-9,0.0,22808.0,2147.0
2856200,2856201,23.0,1154354,1,2,0,4,6.0,-9.0,-9.0,16.0,4.0,-9,0.0,22815.0,2150.0
2856201,2856202,23.0,1154355,1,2,0,4,6.0,-9.0,-9.0,16.0,4.0,-9,0.0,22815.0,2150.0
2856202,2856203,23.0,1154356,1,2,0,4,6.0,-9.0,-9.0,16.0,4.0,-9,0.0,22815.0,2150.0
2856203,2856204,23.0,1154357,1,2,0,4,6.0,-9.0,-9.0,16.0,4.0,-9,0.0,22815.0,2150.0
2856204,2856205,23.0,1154358,1,2,0,4,6.0,-9.0,-9.0,16.0,4.0,-9,0.0,22815.0,2150.0
2856205,2856206,20.0,1154359,1,1,0,4,6.0,-9.0,-9.0,15.0,4.0,-9,0.0,22814.0,2150.0
2856206,2856207,20.0,1154360,1,1,0,4,6.0,-9.0,-9.0,15.0,4.0,-9,0.0,22814.0,2150.0
2856207,2856208,20.0,1154361,1,1,0,4,6.0,-9.0,-9.0,15.0,4.0,-9,0.0,22815.0,2150.0
2856208,2856209,20.0,1154362,1,1,0,4,6.0,-9.0,-9.0,15.0,4.0,-9,0.0,22808.0,2147.0
2856209,2856210,19.0,1154363,1,2,0,2,1.0,10.0,6.0,15.0,4.0,611M1,13.0,22814.0,2150.0
2856210,2856211,24.0,1154364,1,2,0,2,1.0,36.0,4.0,-9.0,4.0,622M,15.0,22815.0,2150.0
2856213,2856214,19.0,1154367,1,2,0,2,1.0,10.0,6.0,15.0,4.0,611M1,13.0,22814.0,2150.0
2856214,2856215,19.0,1154368,1,2,0,2,1.0,10.0,6.0,15.0,4.0,611M1,13.0,22808.0,2147.0
2856215,2856216,19.0,1154369,1,2,0,2,1.0,10.0,6.0,15.0,4.0,611M1,13.0,22808.0,2147.0
2856216,2856217,19.0,1154370,1,2,0,2,1.0,10.0,6.0,15.0,4.0,611M1,13.0,22815.0,2150.0
2856217,2856218,19.0,1154371,1,2,0,2,1.0,10.0,6.0,15.0,4.0,611M1,13.0,22814.0,2150.0
2856218,2856219,19.0,1154372,1,2,0,2,1.0,10.0,6.0,15.0,4.0,611M1,13.0,22814.0,2150.0
2856219,2856220,19.0,1154373,1,2,0,2,1.0,10.0,6.0,15.0,4.0,611M1,13.0,22808.0,2147.0
2856220,2856221,19.0,1154374,1,2,0,2,1.0,10.0,6.0,15.0,4.0,611M1,13.0,22814.0,2150.0
2856221,2856222,19.0,1154375,1,2,0,2,1.0,10.0,6.0,15.0,4.0,611M1,13.0,22815.0,2150.0
2856222,2856223,19.0,1154376,1,2,0,2,1.0,10.0,6.0,15.0,4.0,611M1,13.0,22815.0,2150.0
2856223,2856224,24.0,1154377,1,2,0,2,1.0,36.0,4.0,-9.0,4.0,622M,15.0,22815.0,2150.0
2856224,2856225,24.0,1154378,1,2,0,2,1.0,36.0,4.0,-9.0,4.0,622M,15.0,22815.0,2150.0
2856225,2856226,19.0,1154379,1,2,0,2,1.0,10.0,6.0,15.0,4.0,611M1,13.0,22814.0,2150.0
2856226,2856227,19.0,1154380,1,2,0,2,1.0,10.0,6.0,15.0,4.0,611M1,13.0,22815.0,2150.0
2856227,2856228,19.0,1154381,1,2,0,2,1.0,10.0,6.0,15.0,4.0,611M1,13.0,22808.0,2147.0
2856228,2856229,19.0,1154382,1,2,0,2,1.0,10.0,6.0,15.0,4.0,611M1,13.0,22814.0,2150.0
2856229,2856230,19.0,1154383,1,2,0,2,1.0,10.0,6.0,15.0,4.0,611M1,13.0,22814.0,2150.0
2856230,2856231,19.0,1154384,1,2,0,2,1.0,10.0,6.0,15.0,4.0,611M1,13.0,22815.0,2150.0
2856231,2856232,19.0,1154385,1,2,0,2,1.0,10.0,6.0,15.0,4.0,611M1,13.0,22814.0,2150.0
2856233,2856234,19.0,1154387,1,2,0,2,1.0,10.0,6.0,15.0,4.0,611M1,13.0,22815.0,2150.0
2856234,2856235,24.0,1154388,1,2,0,2,1.0,36.0,4.0,-9.0,4.0,622M,15.0,22815.0,2150.0
2856236,2856237,19.0,1154390,1,2,0,2,1.0,10.0,6.0,15.0,4.0,611M1,13.0,22815.0,2150.0
2856237,2856238,19.0,1154391,1,2,0,2,1.0,10.0,6.0,15.0,4.0,611M1,13.0,22815.0,2150.0
2856238,2856239,24.0,1154392,1,1,0,2,1.0,35.0,1.0,-9.0,4.0,722Z,16.0,22815.0,2150.0
2856239,2856240,24.0,1154393,1,1,0,2,1.0,35.0,1.0,-9.0,4.0,722Z,16.0,22814.0,2150.0
2856241,2856242,24.0,1154395,1,1,0,2,1.0,35.0,1.0,-9.0,4.0,722Z,16.0,22808.0,2147.0
2856242,2856243,24.0,1154396,1,1,0,2,1.0,35.0,1.0,-9.0,4.0,722Z,16.0,22814.0,2150.0
2856243,2856244,24.0,1154397,1,1,0,2,1.0,35.0,1.0,-9.0,4.0,722Z,16.0,22815.0,2150.0
2856244,2856245,24.0,1154398,1,1,0,2,1.0,35.0,1.0,-9.0,4.0,722Z,16.0,22815.0,2150.0
2856245,2856246,23.0,1154399,1,2,0,3,1.0,35.0,1.0,-9.0,4.0,722Z,16.0,22808.0,2147.0
2856246,2856247,31.0,1154399,2,1,13,1,1.0,45.0,1.0,-9.0,4.0,44511,5.0,22808.0,2147.0
2856247,2856248,23.0,1154400,1,2,0,3,1.0,35.0,1.0,-9.0,4.0,722Z,16.0,22815.0,2150.0
2856248,2856249,31.0,1154400,2,1,13,1,1.0,45.0,1.0,-9.0,4.0,44511,5.0,22815.0,2150.0
2856249,2856250,23.0,1154401,1,2,0,3,1.0,35.0,1.0,-9.0,4.0,722Z,16.0,22814.0,2150.0
2856250,2856251,31.0,1154401,2,1,13,1,1.0,45.0,1.0,-9.0,4.0,44511,5.0,22814.0,2150.0
2856251,2856252,23.0,1154402,1,2,0,3,1.0,35.0,1.0,-9.0,4.0,722Z,16.0,22814.0,2150.0
2856252,2856253,31.0,1154402,2,1,13,1,1.0,45.0,1.0,-9.0,4.0,44511,5.0,22814.0,2150.0
2856253,2856254,23.0,1154403,1,2,0,3,1.0,35.0,1.0,-9.0,4.0,722Z,16.0,22815.0,2150.0
2856254,2856255,31.0,1154403,2,1,13,1,1.0,45.0,1.0,-9.0,4.0,44511,5.0,22815.0,2150.0
2856257,2856258,23.0,1154405,1,2,0,3,1.0,35.0,1.0,-9.0,4.0,722Z,16.0,22815.0,2150.0
2856258,2856259,31.0,1154405,2,1,13,1,1.0,45.0,1.0,-9.0,4.0,44511,5.0,22815.0,2150.0
2856259,2856260,23.0,1154406,1,2,0,3,1.0,35.0,1.0,-9.0,4.0,722Z,16.0,22808.0,2147.0
2856260,2856261,31.0,1154406,2,1,13,1,1.0,45.0,1.0,-9.0,4.0,44511,5.0,22808.0,2147.0
2856261,2856262,23.0,1154407,1,2,0,3,1.0,35.0,1.0,-9.0,4.0,722Z,16.0,22808.0,2147.0
2856262,2856263,31.0,1154407,2,1,13,1,1.0,45.0,1.0,-9.0,4.0,44511,5.0,22808.0,2147.0
2856263,2856264,23.0,1154408,1,2,0,3,1.0,35.0,1.0,-9.0,4.0,722Z,16.0,22808.0,2147.0
2856264,2856265,31.0,1154408,2,1,13,1,1.0,45.0,1.0,-9.0,4.0,44511,5.0,22808.0,2147.0
2856265,2856266,24.0,1154409,1,1,0,3,1.0,40.0,1.0,-9.0,4.0,622M,15.0,22814.0,2150.0
2856266,2856267,26.0,1154409,2,2,1,1,6.0,20.0,1.0,-9.0,3.0,4481,5.0,22814.0,2150.0
2856267,2856268,24.0,1154410,1,1,0,3,1.0,40.0,1.0,-9.0,4.0,622M,15.0,22808.0,2147.0
2856268,2856269,26.0,1154410,2,2,1,1,6.0,20.0,1.0,-9.0,3.0,4481,5.0,22808.0,2147.0
2856271,2856272,24.0,1154412,1,1,0,3,1.0,40.0,1.0,-9.0,4.0,622M,15.0,22814.0,2150.0
2856272,2856273,26.0,1154412,2,2,1,1,6.0,20.0,1.0,-9.0,3.0,4481,5.0,22814.0,2150.0
2856275,2856276,24.0,1154414,1,1,0,3,1.0,40.0,1.0,-9.0,4.0,622M,15.0,22814.0,2150.0
2856276,2856277,26.0,1154414,2,2,1,1,6.0,20.0,1.0,-9.0,3.0,4481,5.0,22814.0,2150.0
2856277,2856278,24.0,1154415,1,1,0,3,1.0,40.0,1.0,-9.0,4.0,622M,15.0,22814.0,2150.0
2856278,2856279,26.0,1154415,2,2,1,1,6.0,20.0,1.0,-9.0,3.0,4481,5.0,22814.0,2150.0
2856279,2856280,24.0,1154416,1,1,0,3,1.0,40.0,1.0,-9.0,4.0,622M,15.0,22814.0,2150.0
2856280,2856281,26.0,1154416,2,2,1,1,6.0,20.0,1.0,-9.0,3.0,4481,5.0,22814.0,2150.0
2856283,2856284,24.0,1154418,1,1,0,3,1.0,40.0,1.0,-9.0,4.0,622M,15.0,22808.0,2147.0
2856284,2856285,26.0,1154418,2,2,1,1,6.0,20.0,1.0,-9.0,3.0,4481,5.0,22808.0,2147.0
2856285,2856286,23.0,1154419,1,1,0,3,1.0,45.0,1.0,-9.0,4.0,51913,8.0,22814.0,2150.0
2856286,2856287,23.0,1154420,1,1,0,3,1.0,45.0,1.0,-9.0,4.0,51913,8.0,22815.0,2150.0
2856287,2856288,23.0,1154421,1,1,0,3,1.0,45.0,1.0,-9.0,4.0,51913,8.0,22815.0,2150.0
2856288,2856289,23.0,1154422,1,1,0,3,1.0,45.0,1.0,-9.0,4.0,51913,8.0,22814.0,2150.0
2856291,2856292,23.0,1154425,1,1,0,3,1.0,45.0,1.0,-9.0,4.0,51913,8.0,22814.0,2150.0
2856292,2856293,23.0,1154426,1,1,0,3,1.0,45.0,1.0,-9.0,4.0,51913,8.0,22814.0,2150.0
2856293,2856294,23.0,1154427,1,1,0,3,1.0,45.0,1.0,-9.0,4.0,51913,8.0,22815.0,2150.0
2856294,2856295,23.0,1154428,1,1,0,3,1.0,45.0,1.0,-9.0,4.0,51913,8.0,22808.0,2147.0
2856295,2856296,23.0,1154429,1,1,0,3,1.0,45.0,1.0,-9.0,4.0,51913,8.0,22814.0,2150.0
2856296,2856297,23.0,1154430,1,1,0,3,1.0,45.0,1.0,-9.0,4.0,51913,8.0,22815.0,2150.0
2856297,2856298,23.0,1154431,1,1,0,3,1.0,45.0,1.0,-9.0,4.0,51913,8.0,22814.0,2150.0
2856298,2856299,23.0,1154432,1,1,0,3,1.0,45.0,1.0,-9.0,4.0,51913,8.0,22814.0,2150.0
2856299,2856300,23.0,1154433,1,1,0,3,1.0,45.0,1.0,-9.0,4.0,51913,8.0,22814.0,2150.0
2856300,2856301,23.0,1154434,1,1,0,3,1.0,40.0,1.0,-9.0,4.0,4411,5.0,22815.0,2150.0
2856301,2856302,23.0,1154435,1,1,0,3,1.0,40.0,1.0,-9.0,4.0,4411,5.0,22815.0,2150.0
2856302,2856303,23.0,1154436,1,1,0,3,1.0,40.0,1.0,-9.0,4.0,4411,5.0,22815.0,2150.0
2856303,2856304,23.0,1154437,1,1,0,1,1.0,40.0,1.0,-9.0,4.0,336M,3.0,22815.0,2150.0
2856304,2856305,26.0,1154437,2,1,12,1,1.0,40.0,1.0,15.0,4.0,722Z,16.0,22815.0,2150.0
2856305,2856306,23.0,1154437,3,1,12,1,1.0,40.0,1.0,16.0,4.0,325M,3.0,22815.0,2150.0
2856306,2856307,23.0,1154437,4,1,12,1,2.0,30.0,3.0,15.0,4.0,7211,16.0,22815.0,2150.0
2856307,2856308,23.0,1154438,1,1,0,1,1.0,40.0,1.0,-9.0,4.0,336M,3.0,22814.0,2150.0
2856308,2856309,26.0,1154438,2,1,12,1,1.0,40.0,1.0,15.0,4.0,722Z,16.0,22814.0,2150.0
2856309,2856310,23.0,1154438,3,1,12,1,1.0,40.0,1.0,16.0,4.0,325M,3.0,22814.0,2150.0
2856310,2856311,23.0,1154438,4,1,12,1,2.0,30.0,3.0,15.0,4.0,7211,16.0,22814.0,2150.0
2856311,2856312,23.0,1154439,1,1,0,1,1.0,40.0,1.0,-9.0,4.0,336M,3.0,22814.0,2150.0
2856312,2856313,26.0,1154439,2,1,12,1,1.0,40.0,1.0,15.0,4.0,722Z,16.0,22814.0,2150.0
2856313,2856314,23.0,1154439,3,1,12,1,1.0,40.0,1.0,16.0,4.0,325M,3.0,22814.0,2150.0
2856314,2856315,23.0,1154439,4,1,12,1,2.0,30.0,3.0,15.0,4.0,7211,16.0,22814.0,2150.0
2856315,2856316,23.0,1154440,1,1,0,1,1.0,40.0,1.0,-9.0,4.0,336M,3.0,22815.0,2150.0
2856316,2856317,26.0,1154440,2,1,12,1,1.0,40.0,1.0,15.0,4.0,722Z,16.0,22815.0,2150.0
2856317,2856318,23.0,1154440,3,1,12,1,1.0,40.0,1.0,16.0,4.0,325M,3.0,22815.0,2150.0
2856318,2856319,23.0,1154440,4,1,12,1,2.0,30.0,3.0,15.0,4.0,7211,16.0,22815.0,2150.0
2856319,2856320,23.0,1154441,1,1,0,1,1.0,40.0,1.0,-9.0,4.0,336M,3.0,22814.0,2150.0
2856320,2856321,26.0,1154441,2,1,12,1,1.0,40.0,1.0,15.0,4.0,722Z,16.0,22814.0,2150.0
2856321,2856322,23.0,1154441,3,1,12,1,1.0,40.0,1.0,16.0,4.0,325M,3.0,22814.0,2150.0
2856322,2856323,23.0,1154441,4,1,12,1,2.0,30.0,3.0,15.0,4.0,7211,16.0,22814.0,2150.0
2856323,2856324,23.0,1154442,1,1,0,1,1.0,40.0,1.0,-9.0,4.0,336M,3.0,22815.0,2150.0
2856324,2856325,26.0,1154442,2,1,12,1,1.0,40.0,1.0,15.0,4.0,722Z,16.0,22815.0,2150.0
2856325,2856326,23.0,1154442,3,1,12,1,1.0,40.0,1.0,16.0,4.0,325M,3.0,22815.0,2150.0
2856326,2856327,23.0,1154442,4,1,12,1,2.0,30.0,3.0,15.0,4.0,7211,16.0,22815.0,2150.0
2856327,2856328,23.0,1154443,1,1,0,1,1.0,40.0,1.0,-9.0,4.0,336M,3.0,22815.0,2150.0
2856328,2856329,26.0,1154443,2,1,12,1,1.0,40.0,1.0,15.0,4.0,722Z,16.0,22815.0,2150.0
2856329,2856330,23.0,1154443,3,1,12,1,1.0,40.0,1.0,16.0,4.0,325M,3.0,22815.0,2150.0
2856330,2856331,23.0,1154443,4,1,12,1,2.0,30.0,3.0,15.0,4.0,7211,16.0,22815.0,2150.0
2856335,2856336,23.0,1154445,1,1,0,1,1.0,40.0,1.0,-9.0,4.0,336M,3.0,22814.0,2150.0
2856336,2856337,26.0,1154445,2,1,12,1,1.0,40.0,1.0,15.0,4.0,722Z,16.0,22814.0,2150.0
2856337,2856338,23.0,1154445,3,1,12,1,1.0,40.0,1.0,16.0,4.0,325M,3.0,22814.0,2150.0
2856338,2856339,23.0,1154445,4,1,12,1,2.0,30.0,3.0,15.0,4.0,7211,16.0,22814.0,2150.0
2856343,2856344,23.0,1154447,1,1,0,1,1.0,40.0,1.0,-9.0,4.0,336M,3.0,22815.0,2150.0
2856344,2856345,26.0,1154447,2,1,12,1,1.0,40.0,1.0,15.0,4.0,722Z,16.0,22815.0,2150.0
2856345,2856346,23.0,1154447,3,1,12,1,1.0,40.0,1.0,16.0,4.0,325M,3.0,22815.0,2150.0
2856346,2856347,23.0,1154447,4,1,12,1,2.0,30.0,3.0,15.0,4.0,7211,16.0,22815.0,2150.0
2856347,2856348,23.0,1154448,1,1,0,1,1.0,40.0,1.0,-9.0,4.0,336M,3.0,22808.0,2147.0
2856348,2856349,26.0,1154448,2,1,12,1,1.0,40.0,1.0,15.0,4.0,722Z,16.0,22808.0,2147.0
2856349,2856350,23.0,1154448,3,1,12,1,1.0,40.0,1.0,16.0,4.0,325M,3.0,22808.0,2147.0
2856350,2856351,23.0,1154448,4,1,12,1,2.0,30.0,3.0,15.0,4.0,7211,16.0,22808.0,2147.0
2856359,2856360,24.0,1154451,1,1,0,1,1.0,50.0,1.0,-9.0,4.0,5415,10.0,22814.0,2150.0
2856360,2856361,23.0,1154451,2,1,13,1,1.0,40.0,1.0,-9.0,4.0,5415,10.0,22814.0,2150.0
2856361,2856362,23.0,1154452,1,1,0,1,3.0,-9.0,-9.0,15.0,4.0,999920,0.0,22808.0,2147.0
2856362,2856363,23.0,1154453,1,1,0,1,3.0,-9.0,-9.0,15.0,4.0,999920,0.0,22814.0,2150.0
2856363,2856364,23.0,1154454,1,1,0,1,3.0,-9.0,-9.0,15.0,4.0,999920,0.0,22814.0,2150.0
2856365,2856366,23.0,1154456,1,1,0,1,3.0,-9.0,-9.0,15.0,4.0,999920,0.0,22814.0,2150.0
2856366,2856367,23.0,1154457,1,1,0,1,3.0,-9.0,-9.0,15.0,4.0,999920,0.0,22814.0,2150.0
2856367,2856368,23.0,1154458,1,1,0,1,3.0,-9.0,-9.0,15.0,4.0,999920,0.0,22815.0,2150.0
2856368,2856369,23.0,1154459,1,1,0,1,3.0,-9.0,-9.0,15.0,4.0,999920,0.0,22815.0,2150.0
2856369,2856370,23.0,1154460,1,1,0,1,3.0,-9.0,-9.0,15.0,4.0,999920,0.0,22814.0,2150.0
2856372,2856373,23.0,1154463,1,1,0,1,3.0,-9.0,-9.0,15.0,4.0,999920,0.0,22815.0,2150.0
2856373,2856374,23.0,1154464,1,1,0,1,3.0,-9.0,-9.0,15.0,4.0,999920,0.0,22808.0,2147.0
2856374,2856375,23.0,1154465,1,1,0,1,3.0,-9.0,-9.0,15.0,4.0,999920,0.0,22808.0,2147.0
2856376,2856377,23.0,1154467,1,1,0,1,3.0,-9.0,-9.0,15.0,4.0,999920,0.0,22808.0,2147.0
2856377,2856378,23.0,1154468,1,1,0,1,3.0,-9.0,-9.0,15.0,4.0,999920,0.0,22808.0,2147.0
2856378,2856379,23.0,1154469,1,1,0,1,3.0,-9.0,-9.0,15.0,4.0,999920,0.0,22814.0,2150.0
2856380,2856381,23.0,1154471,1,1,0,1,3.0,-9.0,-9.0,15.0,4.0,999920,0.0,22815.0,2150.0
2856381,2856382,23.0,1154472,1,1,0,1,3.0,-9.0,-9.0,15.0,4.0,999920,0.0,22814.0,2150.0
2856382,2856383,23.0,1154473,1,1,0,1,3.0,-9.0,-9.0,15.0,4.0,999920,0.0,22815.0,2150.0
2856383,2856384,23.0,1154474,1,1,0,1,3.0,-9.0,-9.0,15.0,4.0,999920,0.0,22815.0,2150.0
2856384,2856385,23.0,1154475,1,1,0,1,3.0,-9.0,-9.0,15.0,4.0,999920,0.0,22814.0,2150.0
2856385,2856386,23.0,1154476,1,1,0,1,3.0,-9.0,-9.0,15.0,4.0,999920,0.0,22814.0,2150.0
2856386,2856387,23.0,1154477,1,1,0,1,3.0,-9.0,-9.0,15.0,4.0,999920,0.0,22808.0,2147.0
2856387,2856388,23.0,1154478,1,1,0,1,3.0,-9.0,-9.0,15.0,4.0,999920,0.0,22814.0,2150.0
2856388,2856389,23.0,1154479,1,1,0,1,3.0,-9.0,-9.0,15.0,4.0,999920,0.0,22815.0,2150.0
2856389,2856390,23.0,1154480,1,1,0,1,3.0,-9.0,-9.0,15.0,4.0,999920,0.0,22815.0,2150.0
2856390,2856391,23.0,1154481,1,1,0,1,3.0,-9.0,-9.0,15.0,4.0,999920,0.0,22815.0,2150.0
2856391,2856392,23.0,1154482,1,1,0,1,3.0,-9.0,-9.0,15.0,4.0,999920,0.0,22815.0,2150.0
2856392,2856393,23.0,1154483,1,1,0,1,3.0,-9.0,-9.0,15.0,4.0,999920,0.0,22815.0,2150.0
2856393,2856394,23.0,1154484,1,1,0,1,3.0,-9.0,-9.0,15.0,4.0,999920,0.0,22815.0,2150.0
2856394,2856395,23.0,1154485,1,1,0,1,3.0,-9.0,-9.0,15.0,4.0,999920,0.0,22815.0,2150.0
2856395,2856396,23.0,1154486,1,1,0,1,3.0,-9.0,-9.0,15.0,4.0,999920,0.0,22815.0,2150.0
2856397,2856398,23.0,1154488,1,1,0,1,3.0,-9.0,-9.0,15.0,4.0,999920,0.0,22814.0,2150.0
2856398,2856399,23.0,1154489,1,1,0,1,3.0,-9.0,-9.0,15.0,4.0,999920,0.0,22815.0,2150.0
2856400,2856401,23.0,1154491,1,1,0,1,3.0,-9.0,-9.0,15.0,4.0,999920,0.0,22808.0,2147.0
2856401,2856402,23.0,1154492,1,1,0,1,3.0,-9.0,-9.0,15.0,4.0,999920,0.0,22815.0,2150.0
2856405,2856406,23.0,1154496,1,1,0,1,3.0,-9.0,-9.0,15.0,4.0,999920,0.0,22808.0,2147.0
2856406,2856407,23.0,1154497,1,1,0,1,3.0,-9.0,-9.0,15.0,4.0,999920,0.0,22815.0,2150.0
2856407,2856408,23.0,1154498,1,1,0,1,3.0,-9.0,-9.0,15.0,4.0,999920,0.0,22808.0,2147.0
2856408,2856409,23.0,1154499,1,1,0,1,3.0,-9.0,-9.0,15.0,4.0,999920,0.0,22808.0,2147.0
2856409,2856410,23.0,1154500,1,1,0,1,3.0,-9.0,-9.0,15.0,4.0,999920,0.0,22814.0,2150.0
2856410,2856411,23.0,1154501,1,1,0,1,3.0,-9.0,-9.0,15.0,4.0,999920,0.0,22815.0,2150.0
2856411,2856412,23.0,1154502,1,1,0,1,3.0,-9.0,-9.0,15.0,4.0,999920,0.0,22808.0,2147.0
2856412,2856413,23.0,1154503,1,1,0,1,3.0,-9.0,-9.0,15.0,4.0,999920,0.0,22815.0,2150.0
2856413,2856414,23.0,1154504,1,1,0,1,3.0,-9.0,-9.0,15.0,4.0,999920,0.0,22808.0,2147.0
2856414,2856415,23.0,1154505,1,1,0,1,3.0,-9.0,-9.0,15.0,4.0,999920,0.0,22814.0,2150.0
2856416,2856417,23.0,1154507,1,1,0,1,3.0,-9.0,-9.0,15.0,4.0,999920,0.0,22814.0,2150.0
2856418,2856419,23.0,1154509,1,1,0,1,3.0,-9.0,-9.0,15.0,4.0,999920,0.0,22814.0,2150.0
2856419,2856420,23.0,1154510,1,1,0,1,3.0,-9.0,-9.0,15.0,4.0,999920,0.0,22814.0,2150.0
2856420,2856421,23.0,1154511,1,1,0,1,3.0,-9.0,-9.0,15.0,4.0,999920,0.0,22815.0,2150.0
2856421,2856422,23.0,1154512,1,1,0,1,3.0,-9.0,-9.0,15.0,4.0,999920,0.0,22815.0,2150.0
2856422,2856423,23.0,1154513,1,1,0,1,3.0,-9.0,-9.0,15.0,4.0,999920,0.0,22814.0,2150.0
2856425,2856426,23.0,1154515,1,2,0,1,3.0,20.0,6.0,15.0,4.0,722Z,16.0,22814.0,2150.0
2856426,2856427,25.0,1154515,2,2,12,4,1.0,50.0,1.0,-9.0,4.0,446Z,5.0,22814.0,2150.0
2856427,2856428,23.0,1154516,1,2,0,1,3.0,20.0,6.0,15.0,4.0,722Z,16.0,22815.0,2150.0
2856428,2856429,25.0,1154516,2,2,12,4,1.0,50.0,1.0,-9.0,4.0,446Z,5.0,22815.0,2150.0
2856429,2856430,24.0,1154517,1,2,0,1,1.0,40.0,1.0,-9.0,4.0,92MP,18.0,22814.0,2150.0
2856430,2856431,25.0,1154517,2,1,1,1,6.0,-9.0,-9.0,16.0,3.0,92MP,18.0,22814.0,2150.0
2856431,2856432,24.0,1154518,1,2,0,1,1.0,40.0,1.0,-9.0,4.0,92MP,18.0,22814.0,2150.0
2856432,2856433,25.0,1154518,2,1,1,1,6.0,-9.0,-9.0,16.0,3.0,92MP,18.0,22814.0,2150.0
2856435,2856436,24.0,1154520,1,2,0,1,1.0,40.0,1.0,-9.0,4.0,92MP,18.0,22815.0,2150.0
2856436,2856437,25.0,1154520,2,1,1,1,6.0,-9.0,-9.0,16.0,3.0,92MP,18.0,22815.0,2150.0
2856437,2856438,24.0,1154521,1,2,0,1,1.0,40.0,1.0,-9.0,4.0,92MP,18.0,22814.0,2150.0
2856438,2856439,25.0,1154521,2,1,1,1,6.0,-9.0,-9.0,16.0,3.0,92MP,18.0,22814.0,2150.0
2856439,2856440,24.0,1154522,1,2,0,1,1.0,40.0,1.0,-9.0,4.0,92MP,18.0,22815.0,2150.0
2856440,2856441,25.0,1154522,2,1,1,1,6.0,-9.0,-9.0,16.0,3.0,92MP,18.0,22815.0,2150.0
2856441,2856442,24.0,1154523,1,1,0,1,1.0,50.0,1.0,16.0,4.0,611M1,13.0,22815.0,2150.0
2856442,2856443,25.0,1154523,2,1,12,4,1.0,50.0,1.0,16.0,4.0,611M1,13.0,22815.0,2150.0
2856447,2856448,24.0,1154526,1,1,0,1,1.0,50.0,1.0,16.0,4.0,611M1,13.0,22814.0,2150.0
2856448,2856449,25.0,1154526,2,1,12,4,1.0,50.0,1.0,16.0,4.0,611M1,13.0,22814.0,2150.0
2856449,2856450,24.0,1154527,1,1,0,1,1.0,50.0,1.0,16.0,4.0,611M1,13.0,22815.0,2150.0
2856450,2856451,25.0,1154527,2,1,12,4,1.0,50.0,1.0,16.0,4.0,611M1,13.0,22815.0,2150.0
2856455,2856456,24.0,1154530,1,1,0,1,1.0,50.0,1.0,16.0,4.0,611M1,13.0,22815.0,2150.0
2856456,2856457,25.0,1154530,2,1,12,4,1.0,50.0,1.0,16.0,4.0,611M1,13.0,22815.0,2150.0
2856457,2856458,24.0,1154531,1,1,0,1,1.0,50.0,1.0,16.0,4.0,611M1,13.0,22815.0,2150.0
2856458,2856459,25.0,1154531,2,1,12,4,1.0,50.0,1.0,16.0,4.0,611M1,13.0,22815.0,2150.0
2856459,2856460,24.0,1154532,1,1,0,1,1.0,50.0,1.0,16.0,4.0,611M1,13.0,22815.0,2150.0
2856460,2856461,25.0,1154532,2,1,12,4,1.0,50.0,1.0,16.0,4.0,611M1,13.0,22815.0,2150.0
2856461,2856462,24.0,1154533,1,1,0,1,1.0,50.0,1.0,16.0,4.0,611M1,13.0,22808.0,2147.0
2856462,2856463,25.0,1154533,2,1,12,4,1.0,50.0,1.0,16.0,4.0,611M1,13.0,22808.0,2147.0
2856465,2856466,24.0,1154535,1,1,0,1,1.0,50.0,1.0,16.0,4.0,611M1,13.0,22814.0,2150.0
2856466,2856467,25.0,1154535,2,1,12,4,1.0,50.0,1.0,16.0,4.0,611M1,13.0,22814.0,2150.0
2856469,2856470,24.0,1154537,1,1,0,1,1.0,50.0,1.0,16.0,4.0,611M1,13.0,22815.0,2150.0
2856470,2856471,25.0,1154537,2,1,12,4,1.0,50.0,1.0,16.0,4.0,611M1,13.0,22815.0,2150.0
2856471,2856472,24.0,1154538,1,1,0,1,1.0,50.0,1.0,16.0,4.0,611M1,13.0,22814.0,2150.0
2856472,2856473,25.0,1154538,2,1,12,4,1.0,50.0,1.0,16.0,4.0,611M1,13.0,22814.0,2150.0
2856477,2856478,24.0,1154541,1,1,0,1,1.0,50.0,1.0,16.0,4.0,611M1,13.0,22808.0,2147.0
2856478,2856479,25.0,1154541,2,1,12,4,1.0,50.0,1.0,16.0,4.0,611M1,13.0,22808.0,2147.0
2856479,2856480,24.0,1154542,1,1,0,1,1.0,50.0,1.0,16.0,4.0,611M1,13.0,22814.0,2150.0
2856480,2856481,25.0,1154542,2,1,12,4,1.0,50.0,1.0,16.0,4.0,611M1,13.0,22814.0,2150.0
2856481,2856482,24.0,1154543,1,1,0,1,1.0,50.0,1.0,16.0,4.0,611M1,13.0,22814.0,2150.0
2856482,2856483,25.0,1154543,2,1,12,4,1.0,50.0,1.0,16.0,4.0,611M1,13.0,22814.0,2150.0
2856483,2856484,24.0,1154544,1,1,0,1,1.0,50.0,1.0,16.0,4.0,611M1,13.0,22815.0,2150.0
2856484,2856485,25.0,1154544,2,1,12,4,1.0,50.0,1.0,16.0,4.0,611M1,13.0,22815.0,2150.0
2856489,2856490,24.0,1154547,1,1,0,1,1.0,50.0,1.0,16.0,4.0,611M1,13.0,22814.0,2150.0
2856490,2856491,25.0,1154547,2,1,12,4,1.0,50.0,1.0,16.0,4.0,611M1,13.0,22814.0,2150.0
2856491,2856492,24.0,1154548,1,1,0,1,1.0,50.0,1.0,16.0,4.0,611M1,13.0,22815.0,2150.0
2856492,2856493,25.0,1154548,2,1,12,4,1.0,50.0,1.0,16.0,4.0,611M1,13.0,22815.0,2150.0
2856493,2856494,24.0,1154549,1,1,0,1,1.0,50.0,1.0,16.0,4.0,611M1,13.0,22814.0,2150.0
2856494,2856495,25.0,1154549,2,1,12,4,1.0,50.0,1.0,16.0,4.0,611M1,13.0,22814.0,2150.0
2856499,2856500,24.0,1154552,1,1,0,1,1.0,50.0,1.0,16.0,4.0,611M1,13.0,22814.0,2150.0
2856500,2856501,25.0,1154552,2,1,12,4,1.0,50.0,1.0,16.0,4.0,611M1,13.0,22814.0,2150.0
2856513,2856514,24.0,1154559,1,1,0,1,1.0,50.0,1.0,16.0,4.0,611M1,13.0,22814.0,2150.0
2856514,2856515,25.0,1154559,2,1,12,4,1.0,50.0,1.0,16.0,4.0,611M1,13.0,22814.0,2150.0
2856515,2856516,24.0,1154560,1,1,0,1,1.0,50.0,1.0,16.0,4.0,611M1,13.0,22814.0,2150.0
2856516,2856517,25.0,1154560,2,1,12,4,1.0,50.0,1.0,16.0,4.0,611M1,13.0,22814.0,2150.0
2856517,2856518,24.0,1154561,1,1,0,1,1.0,50.0,1.0,16.0,4.0,611M1,13.0,22814.0,2150.0
2856518,2856519,25.0,1154561,2,1,12,4,1.0,50.0,1.0,16.0,4.0,611M1,13.0,22814.0,2150.0
2856521,2856522,24.0,1154563,1,1,0,1,1.0,50.0,1.0,16.0,4.0,611M1,13.0,22814.0,2150.0
2856522,2856523,25.0,1154563,2,1,12,4,1.0,50.0,1.0,16.0,4.0,611M1,13.0,22814.0,2150.0
2856523,2856524,24.0,1154564,1,1,0,1,1.0,50.0,1.0,16.0,4.0,611M1,13.0,22814.0,2150.0
2856524,2856525,25.0,1154564,2,1,12,4,1.0,50.0,1.0,16.0,4.0,611M1,13.0,22814.0,2150.0
2856525,2856526,24.0,1154565,1,1,0,1,1.0,50.0,1.0,16.0,4.0,611M1,13.0,22814.0,2150.0
2856526,2856527,25.0,1154565,2,1,12,4,1.0,50.0,1.0,16.0,4.0,611M1,13.0,22814.0,2150.0
2856527,2856528,24.0,1154566,1,1,0,1,1.0,50.0,1.0,16.0,4.0,611M1,13.0,22815.0,2150.0
2856528,2856529,25.0,1154566,2,1,12,4,1.0,50.0,1.0,16.0,4.0,611M1,13.0,22815.0,2150.0
2856529,2856530,24.0,1154567,1,1,0,1,1.0,50.0,1.0,16.0,4.0,611M1,13.0,22808.0,2147.0
2856530,2856531,25.0,1154567,2,1,12,4,1.0,50.0,1.0,16.0,4.0,611M1,13.0,22808.0,2147.0
2856531,2856532,24.0,1154568,1,1,0,1,1.0,50.0,1.0,16.0,4.0,611M1,13.0,22815.0,2150.0
2856532,2856533,25.0,1154568,2,1,12,4,1.0,50.0,1.0,16.0,4.0,611M1,13.0,22815.0,2150.0
2856535,2856536,24.0,1154570,1,1,0,1,1.0,50.0,1.0,16.0,4.0,611M1,13.0,22814.0,2150.0
2856536,2856537,25.0,1154570,2,1,12,4,1.0,50.0,1.0,16.0,4.0,611M1,13.0,22814.0,2150.0
2856537,2856538,24.0,1154571,1,1,0,1,1.0,50.0,1.0,16.0,4.0,611M1,13.0,22815.0,2150.0
2856538,2856539,25.0,1154571,2,1,12,4,1.0,50.0,1.0,16.0,4.0,611M1,13.0,22815.0,2150.0
2856539,2856540,24.0,1154572,1,1,0,1,1.0,50.0,1.0,16.0,4.0,611M1,13.0,22808.0,2147.0
2856540,2856541,25.0,1154572,2,1,12,4,1.0,50.0,1.0,16.0,4.0,611M1,13.0,22808.0,2147.0
2856541,2856542,24.0,1154573,1,1,0,1,1.0,50.0,1.0,16.0,4.0,611M1,13.0,22815.0,2150.0
2856542,2856543,25.0,1154573,2,1,12,4,1.0,50.0,1.0,16.0,4.0,611M1,13.0,22815.0,2150.0
2856543,2856544,24.0,1154574,1,1,0,1,1.0,50.0,1.0,16.0,4.0,611M1,13.0,22815.0,2150.0
2856544,2856545,25.0,1154574,2,1,12,4,1.0,50.0,1.0,16.0,4.0,611M1,13.0,22815.0,2150.0
2856545,2856546,24.0,1154575,1,1,0,1,1.0,50.0,1.0,16.0,4.0,611M1,13.0,22808.0,2147.0
2856546,2856547,25.0,1154575,2,1,12,4,1.0,50.0,1.0,16.0,4.0,611M1,13.0,22808.0,2147.0
2856547,2856548,24.0,1154576,1,1,0,1,1.0,50.0,1.0,16.0,4.0,611M1,13.0,22814.0,2150.0
2856548,2856549,25.0,1154576,2,1,12,4,1.0,50.0,1.0,16.0,4.0,611M1,13.0,22814.0,2150.0
2856549,2856550,24.0,1154577,1,1,0,1,1.0,50.0,1.0,16.0,4.0,611M1,13.0,22808.0,2147.0
2856550,2856551,25.0,1154577,2,1,12,4,1.0,50.0,1.0,16.0,4.0,611M1,13.0,22808.0,2147.0
2856553,2856554,24.0,1154579,1,1,0,1,1.0,50.0,1.0,16.0,4.0,611M1,13.0,22814.0,2150.0
2856554,2856555,25.0,1154579,2,1,12,4,1.0,50.0,1.0,16.0,4.0,611M1,13.0,22814.0,2150.0
2856555,2856556,24.0,1154580,1,1,0,1,1.0,50.0,1.0,16.0,4.0,611M1,13.0,22815.0,2150.0
2856556,2856557,25.0,1154580,2,1,12,4,1.0,50.0,1.0,16.0,4.0,611M1,13.0,22815.0,2150.0
2856557,2856558,24.0,1154581,1,1,0,1,1.0,50.0,1.0,16.0,4.0,611M1,13.0,22814.0,2150.0
2856558,2856559,25.0,1154581,2,1,12,4,1.0,50.0,1.0,16.0,4.0,611M1,13.0,22814.0,2150.0
2856559,2856560,24.0,1154582,1,1,0,1,1.0,50.0,1.0,16.0,4.0,611M1,13.0,22815.0,2150.0
2856560,2856561,25.0,1154582,2,1,12,4,1.0,50.0,1.0,16.0,4.0,611M1,13.0,22815.0,2150.0
2856563,2856564,24.0,1154584,1,1,0,1,1.0,50.0,1.0,16.0,4.0,611M1,13.0,22815.0,2150.0
2856564,2856565,25.0,1154584,2,1,12,4,1.0,50.0,1.0,16.0,4.0,611M1,13.0,22815.0,2150.0
2856565,2856566,24.0,1154585,1,1,0,1,1.0,50.0,1.0,16.0,4.0,611M1,13.0,22815.0,2150.0
2856566,2856567,25.0,1154585,2,1,12,4,1.0,50.0,1.0,16.0,4.0,611M1,13.0,22815.0,2150.0
2856567,2856568,24.0,1154586,1,1,0,1,1.0,50.0,1.0,16.0,4.0,611M1,13.0,22808.0,2147.0
2856568,2856569,25.0,1154586,2,1,12,4,1.0,50.0,1.0,16.0,4.0,611M1,13.0,22808.0,2147.0
2856569,2856570,24.0,1154587,1,1,0,1,1.0,50.0,1.0,16.0,4.0,611M1,13.0,22814.0,2150.0
2856570,2856571,25.0,1154587,2,1,12,4,1.0,50.0,1.0,16.0,4.0,611M1,13.0,22814.0,2150.0
2856571,2856572,24.0,1154588,1,1,0,1,1.0,50.0,1.0,16.0,4.0,611M1,13.0,22815.0,2150.0
2856572,2856573,25.0,1154588,2,1,12,4,1.0,50.0,1.0,16.0,4.0,611M1,13.0,22815.0,2150.0
2856573,2856574,24.0,1154589,1,1,0,1,1.0,50.0,1.0,16.0,4.0,611M1,13.0,22814.0,2150.0
2856574,2856575,25.0,1154589,2,1,12,4,1.0,50.0,1.0,16.0,4.0,611M1,13.0,22814.0,2150.0
2856575,2856576,24.0,1154590,1,1,0,1,1.0,50.0,1.0,16.0,4.0,611M1,13.0,22814.0,2150.0
2856576,2856577,25.0,1154590,2,1,12,4,1.0,50.0,1.0,16.0,4.0,611M1,13.0,22814.0,2150.0
2856579,2856580,24.0,1154592,1,1,0,1,1.0,50.0,1.0,16.0,4.0,611M1,13.0,22808.0,2147.0
2856580,2856581,25.0,1154592,2,1,12,4,1.0,50.0,1.0,16.0,4.0,611M1,13.0,22808.0,2147.0
2856587,2856588,24.0,1154596,1,1,0,1,1.0,50.0,1.0,16.0,4.0,611M1,13.0,22814.0,2150.0
2856588,2856589,25.0,1154596,2,1,12,4,1.0,50.0,1.0,16.0,4.0,611M1,13.0,22814.0,2150.0
2856589,2856590,24.0,1154597,1,1,0,1,1.0,50.0,1.0,16.0,4.0,611M1,13.0,22815.0,2150.0
2856590,2856591,25.0,1154597,2,1,12,4,1.0,50.0,1.0,16.0,4.0,611M1,13.0,22815.0,2150.0
2856591,2856592,24.0,1154598,1,2,0,1,1.0,30.0,6.0,16.0,4.0,611M1,13.0,22815.0,2150.0
2856592,2856593,35.0,1154598,2,1,13,1,1.0,40.0,3.0,-9.0,4.0,45114,5.0,22815.0,2150.0
2856593,2856594,24.0,1154599,1,2,0,1,1.0,30.0,6.0,16.0,4.0,611M1,13.0,22815.0,2150.0
2856594,2856595,35.0,1154599,2,1,13,1,1.0,40.0,3.0,-9.0,4.0,45114,5.0,22815.0,2150.0
2856595,2856596,24.0,1154600,1,2,0,1,1.0,30.0,6.0,16.0,4.0,611M1,13.0,22808.0,2147.0
2856596,2856597,35.0,1154600,2,1,13,1,1.0,40.0,3.0,-9.0,4.0,45114,5.0,22808.0,2147.0
2856597,2856598,23.0,1154601,1,2,0,1,1.0,35.0,1.0,15.0,4.0,2213M,7.0,22815.0,2150.0
2856598,2856599,26.0,1154601,2,1,13,1,1.0,40.0,1.0,15.0,4.0,4411,5.0,22815.0,2150.0
2856601,2856602,23.0,1154603,1,2,0,1,1.0,35.0,1.0,15.0,4.0,2213M,7.0,22815.0,2150.0
2856602,2856603,26.0,1154603,2,1,13,1,1.0,40.0,1.0,15.0,4.0,4411,5.0,22815.0,2150.0
2856603,2856604,23.0,1154604,1,2,0,1,1.0,35.0,1.0,15.0,4.0,2213M,7.0,22815.0,2150.0
2856604,2856605,26.0,1154604,2,1,13,1,1.0,40.0,1.0,15.0,4.0,4411,5.0,22815.0,2150.0
2856605,2856606,23.0,1154605,1,2,0,1,1.0,35.0,1.0,15.0,4.0,2213M,7.0,22808.0,2147.0
2856606,2856607,26.0,1154605,2,1,13,1,1.0,40.0,1.0,15.0,4.0,4411,5.0,22808.0,2147.0
2856608,2856609,24.0,1154607,1,2,0,1,1.0,50.0,1.0,-9.0,4.0,5613,12.0,22815.0,2150.0
2856609,2856610,22.0,1154608,1,2,0,1,6.0,55.0,6.0,16.0,4.0,814,17.0,22814.0,2150.0
2856610,2856611,22.0,1154609,1,2,0,1,6.0,55.0,6.0,16.0,4.0,814,17.0,22814.0,2150.0
2856611,2856612,22.0,1154610,1,2,0,1,6.0,55.0,6.0,16.0,4.0,814,17.0,22815.0,2150.0
2856612,2856613,22.0,1154611,1,2,0,1,6.0,55.0,6.0,16.0,4.0,814,17.0,22815.0,2150.0
2856613,2856614,22.0,1154612,1,2,0,1,6.0,55.0,6.0,16.0,4.0,814,17.0,22815.0,2150.0
2856615,2856616,22.0,1154614,1,2,0,1,6.0,55.0,6.0,16.0,4.0,814,17.0,22814.0,2150.0
2856616,2856617,22.0,1154615,1,2,0,1,6.0,55.0,6.0,16.0,4.0,814,17.0,22808.0,2147.0
2856617,2856618,20.0,1154616,1,1,0,1,6.0,-9.0,-9.0,15.0,4.0,-9,0.0,22814.0,2150.0
2856618,2856619,21.0,1154616,2,1,12,4,6.0,-9.0,-9.0,15.0,2.0,-9,0.0,22814.0,2150.0
2856619,2856620,21.0,1154616,3,1,12,1,6.0,-9.0,-9.0,15.0,4.0,-9,0.0,22814.0,2150.0
2856620,2856621,20.0,1154616,4,1,12,4,6.0,-9.0,-9.0,15.0,4.0,-9,0.0,22814.0,2150.0
2856621,2856622,20.0,1154616,5,1,12,1,6.0,-9.0,-9.0,15.0,4.0,-9,0.0,22814.0,2150.0
2856622,2856623,20.0,1154616,6,1,12,1,6.0,-9.0,-9.0,15.0,4.0,-9,0.0,22814.0,2150.0
2856623,2856624,23.0,1154617,1,1,0,1,6.0,-9.0,-9.0,16.0,4.0,6111,13.0,22815.0,2150.0
2856624,2856625,26.0,1154617,2,1,12,4,6.0,-9.0,-9.0,16.0,4.0,611M1,13.0,22815.0,2150.0
2856625,2856626,23.0,1154618,1,1,0,1,6.0,-9.0,-9.0,16.0,4.0,6111,13.0,22814.0,2150.0
2856626,2856627,26.0,1154618,2,1,12,4,6.0,-9.0,-9.0,16.0,4.0,611M1,13.0,22814.0,2150.0
2856627,2856628,23.0,1154619,1,1,0,1,6.0,-9.0,-9.0,16.0,4.0,6111,13.0,22815.0,2150.0
2856628,2856629,26.0,1154619,2,1,12,4,6.0,-9.0,-9.0,16.0,4.0,611M1,13.0,22815.0,2150.0
2856629,2856630,23.0,1154620,1,1,0,1,6.0,-9.0,-9.0,16.0,4.0,6111,13.0,22814.0,2150.0
2856630,2856631,26.0,1154620,2,1,12,4,6.0,-9.0,-9.0,16.0,4.0,611M1,13.0,22814.0,2150.0
2856631,2856632,23.0,1154621,1,1,0,1,6.0,-9.0,-9.0,16.0,4.0,6111,13.0,22814.0,2150.0
2856632,2856633,26.0,1154621,2,1,12,4,6.0,-9.0,-9.0,16.0,4.0,611M1,13.0,22814.0,2150.0
2856635,2856636,23.0,1154623,1,1,0,1,6.0,-9.0,-9.0,16.0,4.0,6111,13.0,22815.0,2150.0
2856636,2856637,26.0,1154623,2,1,12,4,6.0,-9.0,-9.0,16.0,4.0,611M1,13.0,22815.0,2150.0
2856637,2856638,23.0,1154624,1,1,0,1,6.0,-9.0,-9.0,16.0,4.0,6111,13.0,22814.0,2150.0
2856638,2856639,26.0,1154624,2,1,12,4,6.0,-9.0,-9.0,16.0,4.0,611M1,13.0,22814.0,2150.0
2856639,2856640,23.0,1154625,1,1,0,1,6.0,-9.0,-9.0,16.0,4.0,6111,13.0,22808.0,2147.0
2856640,2856641,26.0,1154625,2,1,12,4,6.0,-9.0,-9.0,16.0,4.0,611M1,13.0,22808.0,2147.0
2856643,2856644,23.0,1154627,1,1,0,1,6.0,-9.0,-9.0,16.0,4.0,6111,13.0,22814.0,2150.0
2856644,2856645,26.0,1154627,2,1,12,4,6.0,-9.0,-9.0,16.0,4.0,611M1,13.0,22814.0,2150.0
2856645,2856646,23.0,1154628,1,1,0,1,6.0,-9.0,-9.0,16.0,4.0,6111,13.0,22814.0,2150.0
2856646,2856647,26.0,1154628,2,1,12,4,6.0,-9.0,-9.0,16.0,4.0,611M1,13.0,22814.0,2150.0
2856649,2856650,23.0,1154630,1,1,0,1,6.0,-9.0,-9.0,16.0,4.0,6111,13.0,22815.0,2150.0
2856650,2856651,26.0,1154630,2,1,12,4,6.0,-9.0,-9.0,16.0,4.0,611M1,13.0,22815.0,2150.0
2856651,2856652,23.0,1154631,1,1,0,1,6.0,-9.0,-9.0,16.0,4.0,6111,13.0,22808.0,2147.0
2856652,2856653,26.0,1154631,2,1,12,4,6.0,-9.0,-9.0,16.0,4.0,611M1,13.0,22808.0,2147.0
2856653,2856654,23.0,1154632,1,1,0,1,6.0,-9.0,-9.0,16.0,4.0,6111,13.0,22815.0,2150.0
2856654,2856655,26.0,1154632,2,1,12,4,6.0,-9.0,-9.0,16.0,4.0,611M1,13.0,22815.0,2150.0
2856655,2856656,23.0,1154633,1,1,0,1,6.0,-9.0,-9.0,16.0,4.0,6111,13.0,22808.0,2147.0
2856656,2856657,26.0,1154633,2,1,12,4,6.0,-9.0,-9.0,16.0,4.0,611M1,13.0,22808.0,2147.0
2856657,2856658,23.0,1154634,1,1,0,1,6.0,-9.0,-9.0,16.0,4.0,6111,13.0,22814.0,2150.0
2856658,2856659,26.0,1154634,2,1,12,4,6.0,-9.0,-9.0,16.0,4.0,611M1,13.0,22814.0,2150.0
2856659,2856660,23.0,1154635,1,1,0,1,6.0,-9.0,-9.0,16.0,4.0,6111,13.0,22815.0,2150.0
2856660,2856661,26.0,1154635,2,1,12,4,6.0,-9.0,-9.0,16.0,4.0,611M1,13.0,22815.0,2150.0
2856661,2856662,23.0,1154636,1,1,0,1,6.0,-9.0,-9.0,16.0,4.0,6111,13.0,22815.0,2150.0
2856662,2856663,26.0,1154636,2,1,12,4,6.0,-9.0,-9.0,16.0,4.0,611M1,13.0,22815.0,2150.0
2856663,2856664,23.0,1154637,1,1,0,1,6.0,-9.0,-9.0,16.0,4.0,6111,13.0,22808.0,2147.0
2856664,2856665,26.0,1154637,2,1,12,4,6.0,-9.0,-9.0,16.0,4.0,611M1,13.0,22808.0,2147.0
2856665,2856666,23.0,1154638,1,1,0,1,6.0,-9.0,-9.0,16.0,4.0,6111,13.0,22808.0,2147.0
2856666,2856667,26.0,1154638,2,1,12,4,6.0,-9.0,-9.0,16.0,4.0,611M1,13.0,22808.0,2147.0
2856669,2856670,23.0,1154640,1,1,0,1,6.0,-9.0,-9.0,16.0,4.0,6111,13.0,22814.0,2150.0
2856670,2856671,26.0,1154640,2,1,12,4,6.0,-9.0,-9.0,16.0,4.0,611M1,13.0,22814.0,2150.0
2856671,2856672,23.0,1154641,1,1,0,1,6.0,-9.0,-9.0,16.0,4.0,6111,13.0,22808.0,2147.0
2856672,2856673,26.0,1154641,2,1,12,4,6.0,-9.0,-9.0,16.0,4.0,611M1,13.0,22808.0,2147.0
2856674,2856675,22.0,1154643,1,2,0,1,1.0,25.0,1.0,15.0,4.0,722Z,16.0,22808.0,2147.0
2856675,2856676,21.0,1154644,1,2,0,1,1.0,25.0,3.0,15.0,4.0,722Z,16.0,22814.0,2150.0
2856677,2856678,22.0,1154646,1,2,0,1,1.0,25.0,1.0,15.0,4.0,722Z,16.0,22815.0,2150.0
2856678,2856679,22.0,1154647,1,2,0,1,1.0,25.0,1.0,15.0,4.0,722Z,16.0,22815.0,2150.0
2856681,2856682,22.0,1154650,1,2,0,1,1.0,40.0,3.0,15.0,2.0,722Z,16.0,22808.0,2147.0
2856682,2856683,21.0,1154651,1,2,0,1,1.0,25.0,3.0,15.0,4.0,722Z,16.0,22814.0,2150.0
2856685,2856686,24.0,1154654,1,2,0,1,1.0,9.0,6.0,16.0,4.0,611M1,13.0,22815.0,2150.0
2856686,2856687,21.0,1154655,1,2,0,1,1.0,20.0,1.0,15.0,4.0,611M1,13.0,22814.0,2150.0
2856687,2856688,21.0,1154656,1,2,0,1,1.0,6.0,1.0,15.0,4.0,611M3,13.0,22815.0,2150.0
2856688,2856689,23.0,1154657,1,2,0,1,1.0,35.0,1.0,16.0,4.0,611M1,13.0,22815.0,2150.0
2856689,2856690,22.0,1154658,1,2,0,1,1.0,15.0,2.0,16.0,4.0,611M1,13.0,22808.0,2147.0
2856690,2856691,21.0,1154659,1,2,0,1,1.0,20.0,1.0,15.0,4.0,611M1,13.0,22808.0,2147.0
2856691,2856692,21.0,1154660,1,2,0,1,1.0,6.0,1.0,15.0,4.0,611M3,13.0,22815.0,2150.0
2856693,2856694,21.0,1154662,1,2,0,1,1.0,10.0,3.0,15.0,4.0,611M1,13.0,22814.0,2150.0
2856694,2856695,21.0,1154663,1,2,0,1,1.0,6.0,1.0,15.0,4.0,611M3,13.0,22815.0,2150.0
2856696,2856697,22.0,1154665,1,2,0,1,1.0,6.0,4.0,16.0,4.0,611M1,13.0,22814.0,2150.0
2856697,2856698,23.0,1154666,1,2,0,1,1.0,40.0,5.0,-9.0,4.0,611M1,13.0,22815.0,2150.0
2856698,2856699,24.0,1154667,1,1,0,1,1.0,50.0,4.0,15.0,4.0,336M,3.0,22808.0,2147.0
2856700,2856701,24.0,1154669,1,2,0,1,6.0,-9.0,-9.0,-9.0,4.0,5419Z,10.0,22808.0,2147.0
2856702,2856703,24.0,1154671,1,2,0,1,6.0,-9.0,-9.0,-9.0,4.0,5419Z,10.0,22814.0,2150.0
2856706,2856707,23.0,1154674,1,2,0,1,1.0,35.0,1.0,16.0,4.0,721M,16.0,22808.0,2147.0
2856708,2856709,24.0,1154676,1,2,0,1,1.0,50.0,5.0,-9.0,4.0,611M1,13.0,22808.0,2147.0
2856709,2856710,23.0,1154677,1,2,0,1,1.0,50.0,1.0,16.0,4.0,611M1,13.0,22808.0,2147.0
2856711,2856712,19.0,1154679,1,1,0,1,1.0,10.0,6.0,15.0,4.0,7111,16.0,22808.0,2147.0
2856713,2856714,20.0,1154681,1,2,0,1,1.0,20.0,1.0,15.0,4.0,4481,5.0,22808.0,2147.0
2856714,2856715,20.0,1154682,1,2,0,1,1.0,20.0,1.0,15.0,4.0,4481,5.0,22815.0,2150.0
2856716,2856717,20.0,1154684,1,2,0,1,1.0,20.0,1.0,15.0,4.0,4481,5.0,22814.0,2150.0
2856718,2856719,20.0,1154686,1,2,0,1,1.0,20.0,1.0,15.0,4.0,4481,5.0,22808.0,2147.0
2856719,2856720,20.0,1154687,1,2,0,1,1.0,20.0,1.0,15.0,4.0,4481,5.0,22808.0,2147.0
2856721,2856722,20.0,1154689,1,2,0,1,1.0,20.0,1.0,15.0,4.0,4481,5.0,22808.0,2147.0
2856722,2856723,20.0,1154690,1,2,0,1,1.0,20.0,1.0,15.0,4.0,4481,5.0,22815.0,2150.0
2856723,2856724,20.0,1154691,1,2,0,1,1.0,20.0,1.0,15.0,4.0,4481,5.0,22814.0,2150.0
2856725,2856726,20.0,1154693,1,2,0,1,1.0,20.0,1.0,15.0,4.0,4481,5.0,22815.0,2150.0
2856726,2856727,20.0,1154694,1,2,0,1,1.0,20.0,1.0,15.0,4.0,4481,5.0,22815.0,2150.0
2856727,2856728,21.0,1154695,1,1,0,1,6.0,50.0,5.0,15.0,4.0,56173,12.0,22815.0,2150.0
2860809,2860810,26.0,1156249,1,2,0,4,1.0,40.0,3.0,16.0,4.0,611M1,13.0,22803.0,2144.0
2860810,2860811,24.0,1156249,2,2,12,4,6.0,-9.0,-9.0,16.0,4.0,-9,0.0,22803.0,2144.0
2860811,2860812,26.0,1156250,1,2,0,4,1.0,40.0,3.0,16.0,4.0,611M1,13.0,22805.0,2145.0
2860812,2860813,24.0,1156250,2,2,12,4,6.0,-9.0,-9.0,16.0,4.0,-9,0.0,22805.0,2145.0
2860813,2860814,26.0,1156251,1,2,0,4,1.0,40.0,3.0,16.0,4.0,611M1,13.0,22805.0,2145.0
2860814,2860815,24.0,1156251,2,2,12,4,6.0,-9.0,-9.0,16.0,4.0,-9,0.0,22805.0,2145.0
2860815,2860816,26.0,1156252,1,2,0,4,1.0,40.0,3.0,16.0,4.0,611M1,13.0,22805.0,2145.0
2860816,2860817,24.0,1156252,2,2,12,4,6.0,-9.0,-9.0,16.0,4.0,-9,0.0,22805.0,2145.0
2860817,2860818,26.0,1156253,1,2,0,4,1.0,40.0,3.0,16.0,4.0,611M1,13.0,22805.0,2145.0
2860818,2860819,24.0,1156253,2,2,12,4,6.0,-9.0,-9.0,16.0,4.0,-9,0.0,22805.0,2145.0
2860819,2860820,26.0,1156254,1,2,0,4,1.0,40.0,3.0,16.0,4.0,611M1,13.0,22806.0,2146.0
2860820,2860821,24.0,1156254,2,2,12,4,6.0,-9.0,-9.0,16.0,4.0,-9,0.0,22806.0,2146.0
2860821,2860822,26.0,1156255,1,2,0,4,1.0,40.0,3.0,16.0,4.0,611M1,13.0,22805.0,2145.0
2860822,2860823,24.0,1156255,2,2,12,4,6.0,-9.0,-9.0,16.0,4.0,-9,0.0,22805.0,2145.0
2860823,2860824,26.0,1156256,1,2,0,4,1.0,40.0,3.0,16.0,4.0,611M1,13.0,22806.0,2146.0
2860824,2860825,24.0,1156256,2,2,12,4,6.0,-9.0,-9.0,16.0,4.0,-9,0.0,22806.0,2146.0
2860825,2860826,26.0,1156257,1,2,0,4,1.0,40.0,3.0,16.0,4.0,611M1,13.0,22806.0,2146.0
2860826,2860827,24.0,1156257,2,2,12,4,6.0,-9.0,-9.0,16.0,4.0,-9,0.0,22806.0,2146.0
2860827,2860828,26.0,1156258,1,2,0,4,1.0,40.0,3.0,16.0,4.0,611M1,13.0,22807.0,2146.0
2860828,2860829,24.0,1156258,2,2,12,4,6.0,-9.0,-9.0,16.0,4.0,-9,0.0,22807.0,2146.0
2860829,2860830,26.0,1156259,1,2,0,4,1.0,40.0,3.0,16.0,4.0,611M1,13.0,22806.0,2146.0
2860830,2860831,24.0,1156259,2,2,12,4,6.0,-9.0,-9.0,16.0,4.0,-9,0.0,22806.0,2146.0
2860831,2860832,26.0,1156260,1,2,0,4,1.0,40.0,3.0,16.0,4.0,611M1,13.0,22806.0,2146.0
2860832,2860833,24.0,1156260,2,2,12,4,6.0,-9.0,-9.0,16.0,4.0,-9,0.0,22806.0,2146.0
2860833,2860834,26.0,1156261,1,2,0,4,1.0,40.0,3.0,16.0,4.0,611M1,13.0,22807.0,2146.0
2860834,2860835,24.0,1156261,2,2,12,4,6.0,-9.0,-9.0,16.0,4.0,-9,0.0,22807.0,2146.0
2860835,2860836,26.0,1156262,1,2,0,4,1.0,40.0,3.0,16.0,4.0,611M1,13.0,22806.0,2146.0
2860836,2860837,24.0,1156262,2,2,12,4,6.0,-9.0,-9.0,16.0,4.0,-9,0.0,22806.0,2146.0
2860837,2860838,26.0,1156263,1,2,0,4,1.0,40.0,3.0,16.0,4.0,611M1,13.0,22805.0,2145.0
2860838,2860839,24.0,1156263,2,2,12,4,6.0,-9.0,-9.0,16.0,4.0,-9,0.0,22805.0,2145.0
2860839,2860840,26.0,1156264,1,2,0,4,1.0,40.0,3.0,16.0,4.0,611M1,13.0,22805.0,2145.0
2860840,2860841,24.0,1156264,2,2,12,4,6.0,-9.0,-9.0,16.0,4.0,-9,0.0,22805.0,2145.0
2860841,2860842,26.0,1156265,1,2,0,4,1.0,40.0,3.0,16.0,4.0,611M1,13.0,22807.0,2146.0
2860842,2860843,24.0,1156265,2,2,12,4,6.0,-9.0,-9.0,16.0,4.0,-9,0.0,22807.0,2146.0
2860843,2860844,26.0,1156266,1,2,0,4,1.0,40.0,3.0,16.0,4.0,611M1,13.0,22805.0,2145.0
2860844,2860845,24.0,1156266,2,2,12,4,6.0,-9.0,-9.0,16.0,4.0,-9,0.0,22805.0,2145.0
2860845,2860846,26.0,1156267,1,2,0,4,1.0,40.0,3.0,16.0,4.0,611M1,13.0,22807.0,2146.0
2860846,2860847,24.0,1156267,2,2,12,4,6.0,-9.0,-9.0,16.0,4.0,-9,0.0,22807.0,2146.0
2860847,2860848,26.0,1156268,1,2,0,4,1.0,40.0,3.0,16.0,4.0,611M1,13.0,22807.0,2146.0
2860848,2860849,24.0,1156268,2,2,12,4,6.0,-9.0,-9.0,16.0,4.0,-9,0.0,22807.0,2146.0
2860849,2860850,26.0,1156269,1,2,0,4,1.0,40.0,3.0,16.0,4.0,611M1,13.0,22807.0,2146.0
2860850,2860851,24.0,1156269,2,2,12,4,6.0,-9.0,-9.0,16.0,4.0,-9,0.0,22807.0,2146.0
2860851,2860852,26.0,1156270,1,2,0,4,1.0,40.0,3.0,16.0,4.0,611M1,13.0,22807.0,2146.0
2860852,2860853,24.0,1156270,2,2,12,4,6.0,-9.0,-9.0,16.0,4.0,-9,0.0,22807.0,2146.0
2860853,2860854,26.0,1156271,1,2,0,4,1.0,40.0,3.0,16.0,4.0,611M1,13.0,22806.0,2146.0
2860854,2860855,24.0,1156271,2,2,12,4,6.0,-9.0,-9.0,16.0,4.0,-9,0.0,22806.0,2146.0
2860855,2860856,26.0,1156272,1,2,0,4,1.0,40.0,3.0,16.0,4.0,611M1,13.0,22807.0,2146.0
2860856,2860857,24.0,1156272,2,2,12,4,6.0,-9.0,-9.0,16.0,4.0,-9,0.0,22807.0,2146.0
2860857,2860858,26.0,1156273,1,2,0,4,1.0,40.0,3.0,16.0,4.0,611M1,13.0,22807.0,2146.0
2860858,2860859,24.0,1156273,2,2,12,4,6.0,-9.0,-9.0,16.0,4.0,-9,0.0,22807.0,2146.0
2860859,2860860,26.0,1156274,1,2,0,4,1.0,40.0,3.0,16.0,4.0,611M1,13.0,22806.0,2146.0
2860860,2860861,24.0,1156274,2,2,12,4,6.0,-9.0,-9.0,16.0,4.0,-9,0.0,22806.0,2146.0
2860861,2860862,26.0,1156275,1,2,0,4,1.0,40.0,3.0,16.0,4.0,611M1,13.0,22805.0,2145.0
2860862,2860863,24.0,1156275,2,2,12,4,6.0,-9.0,-9.0,16.0,4.0,-9,0.0,22805.0,2145.0
2860863,2860864,26.0,1156276,1,2,0,4,1.0,40.0,3.0,16.0,4.0,611M1,13.0,22806.0,2146.0
2860864,2860865,24.0,1156276,2,2,12,4,6.0,-9.0,-9.0,16.0,4.0,-9,0.0,22806.0,2146.0
2860865,2860866,26.0,1156277,1,2,0,4,1.0,40.0,3.0,16.0,4.0,611M1,13.0,22803.0,2144.0
2860866,2860867,24.0,1156277,2,2,12,4,6.0,-9.0,-9.0,16.0,4.0,-9,0.0,22803.0,2144.0
2860867,2860868,26.0,1156278,1,2,0,4,1.0,40.0,3.0,16.0,4.0,611M1,13.0,22807.0,2146.0
2860868,2860869,24.0,1156278,2,2,12,4,6.0,-9.0,-9.0,16.0,4.0,-9,0.0,22807.0,2146.0
2860869,2860870,26.0,1156279,1,2,0,4,1.0,40.0,3.0,16.0,4.0,611M1,13.0,22805.0,2145.0
2860870,2860871,24.0,1156279,2,2,12,4,6.0,-9.0,-9.0,16.0,4.0,-9,0.0,22805.0,2145.0
2860871,2860872,26.0,1156280,1,2,0,4,1.0,40.0,3.0,16.0,4.0,611M1,13.0,22805.0,2145.0
2860872,2860873,24.0,1156280,2,2,12,4,6.0,-9.0,-9.0,16.0,4.0,-9,0.0,22805.0,2145.0
2860873,2860874,26.0,1156281,1,2,0,4,1.0,40.0,3.0,16.0,4.0,611M1,13.0,22807.0,2146.0
2860874,2860875,24.0,1156281,2,2,12,4,6.0,-9.0,-9.0,16.0,4.0,-9,0.0,22807.0,2146.0
2860875,2860876,26.0,1156282,1,2,0,4,1.0,40.0,3.0,16.0,4.0,611M1,13.0,22807.0,2146.0
2860876,2860877,24.0,1156282,2,2,12,4,6.0,-9.0,-9.0,16.0,4.0,-9,0.0,22807.0,2146.0
2860877,2860878,26.0,1156283,1,2,0,4,1.0,40.0,3.0,16.0,4.0,611M1,13.0,22805.0,2145.0
2860878,2860879,24.0,1156283,2,2,12,4,6.0,-9.0,-9.0,16.0,4.0,-9,0.0,22805.0,2145.0
2860879,2860880,26.0,1156284,1,2,0,4,1.0,40.0,3.0,16.0,4.0,611M1,13.0,22805.0,2145.0
2860880,2860881,24.0,1156284,2,2,12,4,6.0,-9.0,-9.0,16.0,4.0,-9,0.0,22805.0,2145.0
2860881,2860882,26.0,1156285,1,2,0,4,1.0,40.0,3.0,16.0,4.0,611M1,13.0,22807.0,2146.0
2860882,2860883,24.0,1156285,2,2,12,4,6.0,-9.0,-9.0,16.0,4.0,-9,0.0,22807.0,2146.0
2860883,2860884,26.0,1156286,1,2,0,4,1.0,40.0,3.0,16.0,4.0,611M1,13.0,22805.0,2145.0
2860884,2860885,24.0,1156286,2,2,12,4,6.0,-9.0,-9.0,16.0,4.0,-9,0.0,22805.0,2145.0
2860885,2860886,26.0,1156287,1,2,0,4,1.0,40.0,3.0,16.0,4.0,611M1,13.0,22806.0,2146.0
2860886,2860887,24.0,1156287,2,2,12,4,6.0,-9.0,-9.0,16.0,4.0,-9,0.0,22806.0,2146.0
2860887,2860888,26.0,1156288,1,2,0,4,1.0,40.0,3.0,16.0,4.0,611M1,13.0,22807.0,2146.0
2860888,2860889,24.0,1156288,2,2,12,4,6.0,-9.0,-9.0,16.0,4.0,-9,0.0,22807.0,2146.0
2860889,2860890,26.0,1156289,1,2,0,4,1.0,40.0,3.0,16.0,4.0,611M1,13.0,22806.0,2146.0
2860890,2860891,24.0,1156289,2,2,12,4,6.0,-9.0,-9.0,16.0,4.0,-9,0.0,22806.0,2146.0
2860891,2860892,26.0,1156290,1,2,0,1,1.0,40.0,1.0,-9.0,4.0,51912,8.0,22806.0,2146.0
2860892,2860893,24.0,1156290,2,1,12,1,1.0,20.0,2.0,15.0,4.0,713Z,16.0,22806.0,2146.0
2860893,2860894,26.0,1156291,1,2,0,1,1.0,40.0,1.0,-9.0,4.0,51912,8.0,22805.0,2145.0
2860894,2860895,24.0,1156291,2,1,12,1,1.0,20.0,2.0,15.0,4.0,713Z,16.0,22805.0,2145.0
2860895,2860896,26.0,1156292,1,2,0,1,1.0,40.0,1.0,-9.0,4.0,51912,8.0,22807.0,2146.0
2860896,2860897,24.0,1156292,2,1,12,1,1.0,20.0,2.0,15.0,4.0,713Z,16.0,22807.0,2146.0
2860897,2860898,26.0,1156293,1,2,0,1,1.0,40.0,1.0,-9.0,4.0,51912,8.0,22807.0,2146.0
2860898,2860899,24.0,1156293,2,1,12,1,1.0,20.0,2.0,15.0,4.0,713Z,16.0,22807.0,2146.0
2860899,2860900,26.0,1156294,1,2,0,1,1.0,40.0,1.0,-9.0,4.0,51912,8.0,22807.0,2146.0
2860900,2860901,24.0,1156294,2,1,12,1,1.0,20.0,2.0,15.0,4.0,713Z,16.0,22807.0,2146.0
2860901,2860902,26.0,1156295,1,2,0,1,1.0,40.0,1.0,-9.0,4.0,51912,8.0,22807.0,2146.0
2860902,2860903,24.0,1156295,2,1,12,1,1.0,20.0,2.0,15.0,4.0,713Z,16.0,22807.0,2146.0
2860903,2860904,26.0,1156296,1,2,0,1,1.0,40.0,1.0,-9.0,4.0,51912,8.0,22805.0,2145.0
2860904,2860905,24.0,1156296,2,1,12,1,1.0,20.0,2.0,15.0,4.0,713Z,16.0,22805.0,2145.0
2860905,2860906,26.0,1156297,1,2,0,1,1.0,40.0,1.0,-9.0,4.0,51912,8.0,22807.0,2146.0
2860906,2860907,24.0,1156297,2,1,12,1,1.0,20.0,2.0,15.0,4.0,713Z,16.0,22807.0,2146.0
2860907,2860908,26.0,1156298,1,2,0,1,1.0,40.0,1.0,-9.0,4.0,51912,8.0,22807.0,2146.0
2860908,2860909,24.0,1156298,2,1,12,1,1.0,20.0,2.0,15.0,4.0,713Z,16.0,22807.0,2146.0
2860909,2860910,26.0,1156299,1,2,0,1,1.0,40.0,1.0,-9.0,4.0,51912,8.0,22807.0,2146.0
2860910,2860911,24.0,1156299,2,1,12,1,1.0,20.0,2.0,15.0,4.0,713Z,16.0,22807.0,2146.0
2860911,2860912,26.0,1156300,1,2,0,1,1.0,40.0,1.0,-9.0,4.0,51912,8.0,22806.0,2146.0
2860912,2860913,24.0,1156300,2,1,12,1,1.0,20.0,2.0,15.0,4.0,713Z,16.0,22806.0,2146.0
2860913,2860914,26.0,1156301,1,2,0,1,1.0,40.0,1.0,-9.0,4.0,51912,8.0,22803.0,2144.0
2860914,2860915,24.0,1156301,2,1,12,1,1.0,20.0,2.0,15.0,4.0,713Z,16.0,22803.0,2144.0
2860915,2860916,26.0,1156302,1,2,0,1,1.0,40.0,1.0,-9.0,4.0,51912,8.0,22805.0,2145.0
2860916,2860917,24.0,1156302,2,1,12,1,1.0,20.0,2.0,15.0,4.0,713Z,16.0,22805.0,2145.0
2860917,2860918,26.0,1156303,1,2,0,1,1.0,40.0,1.0,-9.0,4.0,51912,8.0,22803.0,2144.0
2860918,2860919,24.0,1156303,2,1,12,1,1.0,20.0,2.0,15.0,4.0,713Z,16.0,22803.0,2144.0
2860919,2860920,26.0,1156304,1,2,0,1,1.0,40.0,1.0,-9.0,4.0,51912,8.0,22807.0,2146.0
2860920,2860921,24.0,1156304,2,1,12,1,1.0,20.0,2.0,15.0,4.0,713Z,16.0,22807.0,2146.0
2860921,2860922,26.0,1156305,1,2,0,1,1.0,40.0,1.0,-9.0,4.0,51912,8.0,22807.0,2146.0
2860922,2860923,24.0,1156305,2,1,12,1,1.0,20.0,2.0,15.0,4.0,713Z,16.0,22807.0,2146.0
2860923,2860924,26.0,1156306,1,2,0,1,1.0,40.0,1.0,-9.0,4.0,51912,8.0,22806.0,2146.0
2860924,2860925,24.0,1156306,2,1,12,1,1.0,20.0,2.0,15.0,4.0,713Z,16.0,22806.0,2146.0
2860925,2860926,26.0,1156307,1,2,0,1,1.0,40.0,1.0,-9.0,4.0,51912,8.0,22807.0,2146.0
2860926,2860927,24.0,1156307,2,1,12,1,1.0,20.0,2.0,15.0,4.0,713Z,16.0,22807.0,2146.0
2860927,2860928,26.0,1156308,1,2,0,1,1.0,40.0,1.0,-9.0,4.0,51912,8.0,22807.0,2146.0
2860928,2860929,24.0,1156308,2,1,12,1,1.0,20.0,2.0,15.0,4.0,713Z,16.0,22807.0,2146.0
2860929,2860930,27.0,1156309,1,2,0,1,6.0,-9.0,-9.0,16.0,4.0,622M,15.0,22806.0,2146.0
2860930,2860931,24.0,1156309,2,2,12,1,1.0,36.0,2.0,15.0,4.0,622M,15.0,22806.0,2146.0
2860931,2860932,27.0,1156310,1,2,0,1,6.0,-9.0,-9.0,16.0,4.0,622M,15.0,22807.0,2146.0
2860932,2860933,24.0,1156310,2,2,12,1,1.0,36.0,2.0,15.0,4.0,622M,15.0,22807.0,2146.0
2860933,2860934,27.0,1156311,1,2,0,1,6.0,-9.0,-9.0,16.0,4.0,622M,15.0,22806.0,2146.0
2860934,2860935,24.0,1156311,2,2,12,1,1.0,36.0,2.0,15.0,4.0,622M,15.0,22806.0,2146.0
2860935,2860936,27.0,1156312,1,2,0,1,6.0,-9.0,-9.0,16.0,4.0,622M,15.0,22806.0,2146.0
2860936,2860937,24.0,1156312,2,2,12,1,1.0,36.0,2.0,15.0,4.0,622M,15.0,22806.0,2146.0
2860937,2860938,27.0,1156313,1,2,0,1,6.0,-9.0,-9.0,16.0,4.0,622M,15.0,22806.0,2146.0
2860938,2860939,24.0,1156313,2,2,12,1,1.0,36.0,2.0,15.0,4.0,622M,15.0,22806.0,2146.0
2860939,2860940,27.0,1156314,1,2,0,1,6.0,-9.0,-9.0,16.0,4.0,622M,15.0,22807.0,2146.0
2860940,2860941,24.0,1156314,2,2,12,1,1.0,36.0,2.0,15.0,4.0,622M,15.0,22807.0,2146.0
2860941,2860942,27.0,1156315,1,2,0,1,6.0,-9.0,-9.0,16.0,4.0,622M,15.0,22805.0,2145.0
2860942,2860943,24.0,1156315,2,2,12,1,1.0,36.0,2.0,15.0,4.0,622M,15.0,22805.0,2145.0
2860943,2860944,27.0,1156316,1,2,0,1,6.0,-9.0,-9.0,16.0,4.0,622M,15.0,22805.0,2145.0
2860944,2860945,24.0,1156316,2,2,12,1,1.0,36.0,2.0,15.0,4.0,622M,15.0,22805.0,2145.0
2860945,2860946,27.0,1156317,1,2,0,1,6.0,-9.0,-9.0,16.0,4.0,622M,15.0,22805.0,2145.0
2860946,2860947,24.0,1156317,2,2,12,1,1.0,36.0,2.0,15.0,4.0,622M,15.0,22805.0,2145.0
2860947,2860948,27.0,1156318,1,2,0,1,6.0,-9.0,-9.0,16.0,4.0,622M,15.0,22805.0,2145.0
2860948,2860949,24.0,1156318,2,2,12,1,1.0,36.0,2.0,15.0,4.0,622M,15.0,22805.0,2145.0
2860949,2860950,27.0,1156319,1,2,0,1,6.0,-9.0,-9.0,16.0,4.0,622M,15.0,22806.0,2146.0
2860950,2860951,24.0,1156319,2,2,12,1,1.0,36.0,2.0,15.0,4.0,622M,15.0,22806.0,2146.0
2860951,2860952,27.0,1156320,1,2,0,1,6.0,-9.0,-9.0,16.0,4.0,622M,15.0,22805.0,2145.0
2860952,2860953,24.0,1156320,2,2,12,1,1.0,36.0,2.0,15.0,4.0,622M,15.0,22805.0,2145.0
2860953,2860954,27.0,1156321,1,2,0,1,6.0,-9.0,-9.0,16.0,4.0,622M,15.0,22806.0,2146.0
2860954,2860955,24.0,1156321,2,2,12,1,1.0,36.0,2.0,15.0,4.0,622M,15.0,22806.0,2146.0
2860955,2860956,27.0,1156322,1,2,0,1,6.0,-9.0,-9.0,16.0,4.0,622M,15.0,22807.0,2146.0
2860956,2860957,24.0,1156322,2,2,12,1,1.0,36.0,2.0,15.0,4.0,622M,15.0,22807.0,2146.0
2860957,2860958,27.0,1156323,1,2,0,1,6.0,-9.0,-9.0,16.0,4.0,622M,15.0,22806.0,2146.0
2860958,2860959,24.0,1156323,2,2,12,1,1.0,36.0,2.0,15.0,4.0,622M,15.0,22806.0,2146.0
2860959,2860960,27.0,1156324,1,2,0,1,6.0,-9.0,-9.0,16.0,4.0,622M,15.0,22807.0,2146.0
2860960,2860961,24.0,1156324,2,2,12,1,1.0,36.0,2.0,15.0,4.0,622M,15.0,22807.0,2146.0
2860961,2860962,27.0,1156325,1,2,0,1,6.0,-9.0,-9.0,16.0,4.0,622M,15.0,22807.0,2146.0
2860962,2860963,24.0,1156325,2,2,12,1,1.0,36.0,2.0,15.0,4.0,622M,15.0,22807.0,2146.0
2860963,2860964,27.0,1156326,1,2,0,1,6.0,-9.0,-9.0,16.0,4.0,622M,15.0,22807.0,2146.0
2860964,2860965,24.0,1156326,2,2,12,1,1.0,36.0,2.0,15.0,4.0,622M,15.0,22807.0,2146.0
2860965,2860966,27.0,1156327,1,2,0,1,6.0,-9.0,-9.0,16.0,4.0,622M,15.0,22805.0,2145.0
2860966,2860967,24.0,1156327,2,2,12,1,1.0,36.0,2.0,15.0,4.0,622M,15.0,22805.0,2145.0
2860967,2860968,27.0,1156328,1,2,0,1,6.0,-9.0,-9.0,16.0,4.0,622M,15.0,22806.0,2146.0
2860968,2860969,24.0,1156328,2,2,12,1,1.0,36.0,2.0,15.0,4.0,622M,15.0,22806.0,2146.0
2860969,2860970,19.0,1156329,1,1,0,3,1.0,40.0,1.0,-9.0,4.0,722Z,16.0,22807.0,2146.0
2860970,2860971,50.0,1156329,2,1,12,3,1.0,40.0,2.0,-9.0,4.0,713Z,16.0,22807.0,2146.0
2860971,2860972,19.0,1156330,1,1,0,3,1.0,40.0,1.0,-9.0,4.0,722Z,16.0,22806.0,2146.0
2860972,2860973,50.0,1156330,2,1,12,3,1.0,40.0,2.0,-9.0,4.0,713Z,16.0,22806.0,2146.0
2860973,2860974,19.0,1156331,1,1,0,3,1.0,40.0,1.0,-9.0,4.0,722Z,16.0,22807.0,2146.0
2860974,2860975,50.0,1156331,2,1,12,3,1.0,40.0,2.0,-9.0,4.0,713Z,16.0,22807.0,2146.0
2860975,2860976,19.0,1156332,1,1,0,3,1.0,40.0,1.0,-9.0,4.0,722Z,16.0,22807.0,2146.0
2860976,2860977,50.0,1156332,2,1,12,3,1.0,40.0,2.0,-9.0,4.0,713Z,16.0,22807.0,2146.0
2860977,2860978,19.0,1156333,1,1,0,3,1.0,40.0,1.0,-9.0,4.0,722Z,16.0,22807.0,2146.0
2860978,2860979,50.0,1156333,2,1,12,3,1.0,40.0,2.0,-9.0,4.0,713Z,16.0,22807.0,2146.0
2860979,2860980,19.0,1156334,1,1,0,3,1.0,40.0,1.0,-9.0,4.0,722Z,16.0,22807.0,2146.0
2860980,2860981,50.0,1156334,2,1,12,3,1.0,40.0,2.0,-9.0,4.0,713Z,16.0,22807.0,2146.0
2860981,2860982,19.0,1156335,1,1,0,3,1.0,40.0,1.0,-9.0,4.0,722Z,16.0,22806.0,2146.0
2860982,2860983,50.0,1156335,2,1,12,3,1.0,40.0,2.0,-9.0,4.0,713Z,16.0,22806.0,2146.0
2860983,2860984,19.0,1156336,1,1,0,3,1.0,40.0,1.0,-9.0,4.0,722Z,16.0,22805.0,2145.0
2860984,2860985,50.0,1156336,2,1,12,3,1.0,40.0,2.0,-9.0,4.0,713Z,16.0,22805.0,2145.0
2860985,2860986,19.0,1156337,1,1,0,3,1.0,40.0,1.0,-9.0,4.0,722Z,16.0,22805.0,2145.0
2860986,2860987,50.0,1156337,2,1,12,3,1.0,40.0,2.0,-9.0,4.0,713Z,16.0,22805.0,2145.0
2860987,2860988,19.0,1156338,1,1,0,3,1.0,40.0,1.0,-9.0,4.0,722Z,16.0,22807.0,2146.0
2860988,2860989,50.0,1156338,2,1,12,3,1.0,40.0,2.0,-9.0,4.0,713Z,16.0,22807.0,2146.0
2860989,2860990,19.0,1156339,1,1,0,3,1.0,40.0,1.0,-9.0,4.0,722Z,16.0,22805.0,2145.0
2860990,2860991,50.0,1156339,2,1,12,3,1.0,40.0,2.0,-9.0,4.0,713Z,16.0,22805.0,2145.0
2860991,2860992,19.0,1156340,1,1,0,3,1.0,40.0,1.0,-9.0,4.0,722Z,16.0,22805.0,2145.0
2860992,2860993,50.0,1156340,2,1,12,3,1.0,40.0,2.0,-9.0,4.0,713Z,16.0,22805.0,2145.0
2860993,2860994,19.0,1156341,1,1,0,3,1.0,40.0,1.0,-9.0,4.0,722Z,16.0,22807.0,2146.0
2860994,2860995,50.0,1156341,2,1,12,3,1.0,40.0,2.0,-9.0,4.0,713Z,16.0,22807.0,2146.0
2860995,2860996,19.0,1156342,1,1,0,3,1.0,40.0,1.0,-9.0,4.0,722Z,16.0,22805.0,2145.0
2860996,2860997,50.0,1156342,2,1,12,3,1.0,40.0,2.0,-9.0,4.0,713Z,16.0,22805.0,2145.0
2860997,2860998,19.0,1156343,1,1,0,3,1.0,40.0,1.0,-9.0,4.0,722Z,16.0,22807.0,2146.0
2860998,2860999,50.0,1156343,2,1,12,3,1.0,40.0,2.0,-9.0,4.0,713Z,16.0,22807.0,2146.0
2860999,2861000,19.0,1156344,1,1,0,3,1.0,40.0,1.0,-9.0,4.0,722Z,16.0,22805.0,2145.0
2861000,2861001,50.0,1156344,2,1,12,3,1.0,40.0,2.0,-9.0,4.0,713Z,16.0,22805.0,2145.0
2861001,2861002,19.0,1156345,1,1,0,3,1.0,40.0,1.0,-9.0,4.0,722Z,16.0,22805.0,2145.0
2861002,2861003,50.0,1156345,2,1,12,3,1.0,40.0,2.0,-9.0,4.0,713Z,16.0,22805.0,2145.0
2861003,2861004,19.0,1156346,1,1,0,3,1.0,40.0,1.0,-9.0,4.0,722Z,16.0,22805.0,2145.0
2861004,2861005,50.0,1156346,2,1,12,3,1.0,40.0,2.0,-9.0,4.0,713Z,16.0,22805.0,2145.0
2861005,2861006,19.0,1156347,1,1,0,3,1.0,40.0,1.0,-9.0,4.0,722Z,16.0,22807.0,2146.0
2861006,2861007,50.0,1156347,2,1,12,3,1.0,40.0,2.0,-9.0,4.0,713Z,16.0,22807.0,2146.0
2861007,2861008,19.0,1156348,1,1,0,3,1.0,40.0,1.0,-9.0,4.0,722Z,16.0,22805.0,2145.0
2861008,2861009,50.0,1156348,2,1,12,3,1.0,40.0,2.0,-9.0,4.0,713Z,16.0,22805.0,2145.0
2861009,2861010,19.0,1156349,1,1,0,3,1.0,40.0,1.0,-9.0,4.0,722Z,16.0,22807.0,2146.0
2861010,2861011,50.0,1156349,2,1,12,3,1.0,40.0,2.0,-9.0,4.0,713Z,16.0,22807.0,2146.0
2861011,2861012,19.0,1156350,1,1,0,3,1.0,40.0,1.0,-9.0,4.0,722Z,16.0,22807.0,2146.0
2861012,2861013,50.0,1156350,2,1,12,3,1.0,40.0,2.0,-9.0,4.0,713Z,16.0,22807.0,2146.0
2861013,2861014,19.0,1156351,1,1,0,3,1.0,40.0,1.0,-9.0,4.0,722Z,16.0,22805.0,2145.0
2861014,2861015,50.0,1156351,2,1,12,3,1.0,40.0,2.0,-9.0,4.0,713Z,16.0,22805.0,2145.0
2861015,2861016,19.0,1156352,1,1,0,3,1.0,40.0,1.0,-9.0,4.0,722Z,16.0,22806.0,2146.0
2861016,2861017,50.0,1156352,2,1,12,3,1.0,40.0,2.0,-9.0,4.0,713Z,16.0,22806.0,2146.0
2861017,2861018,19.0,1156353,1,1,0,3,1.0,40.0,1.0,-9.0,4.0,722Z,16.0,22806.0,2146.0
2861018,2861019,50.0,1156353,2,1,12,3,1.0,40.0,2.0,-9.0,4.0,713Z,16.0,22806.0,2146.0
2861019,2861020,19.0,1156354,1,1,0,3,1.0,40.0,1.0,-9.0,4.0,722Z,16.0,22806.0,2146.0
2861020,2861021,50.0,1156354,2,1,12,3,1.0,40.0,2.0,-9.0,4.0,713Z,16.0,22806.0,2146.0
2861021,2861022,19.0,1156355,1,1,0,3,1.0,40.0,1.0,-9.0,4.0,722Z,16.0,22803.0,2144.0
2861022,2861023,50.0,1156355,2,1,12,3,1.0,40.0,2.0,-9.0,4.0,713Z,16.0,22803.0,2144.0
2861023,2861024,19.0,1156356,1,1,0,3,1.0,40.0,1.0,-9.0,4.0,722Z,16.0,22807.0,2146.0
2861024,2861025,50.0,1156356,2,1,12,3,1.0,40.0,2.0,-9.0,4.0,713Z,16.0,22807.0,2146.0
2861025,2861026,19.0,1156357,1,1,0,3,1.0,40.0,1.0,-9.0,4.0,722Z,16.0,22807.0,2146.0
2861026,2861027,50.0,1156357,2,1,12,3,1.0,40.0,2.0,-9.0,4.0,713Z,16.0,22807.0,2146.0
2861027,2861028,19.0,1156358,1,1,0,3,1.0,40.0,1.0,-9.0,4.0,722Z,16.0,22805.0,2145.0
2861028,2861029,50.0,1156358,2,1,12,3,1.0,40.0,2.0,-9.0,4.0,713Z,16.0,22805.0,2145.0
2861029,2861030,19.0,1156359,1,1,0,3,1.0,40.0,1.0,-9.0,4.0,722Z,16.0,22805.0,2145.0
2861030,2861031,50.0,1156359,2,1,12,3,1.0,40.0,2.0,-9.0,4.0,713Z,16.0,22805.0,2145.0
2861031,2861032,19.0,1156360,1,1,0,3,1.0,40.0,1.0,-9.0,4.0,722Z,16.0,22806.0,2146.0
2861032,2861033,50.0,1156360,2,1,12,3,1.0,40.0,2.0,-9.0,4.0,713Z,16.0,22806.0,2146.0
2861033,2861034,19.0,1156361,1,1,0,3,1.0,40.0,1.0,-9.0,4.0,722Z,16.0,22807.0,2146.0
2861034,2861035,50.0,1156361,2,1,12,3,1.0,40.0,2.0,-9.0,4.0,713Z,16.0,22807.0,2146.0
2861035,2861036,19.0,1156362,1,1,0,3,1.0,40.0,1.0,-9.0,4.0,722Z,16.0,22807.0,2146.0
2861036,2861037,50.0,1156362,2,1,12,3,1.0,40.0,2.0,-9.0,4.0,713Z,16.0,22807.0,2146.0
2861037,2861038,19.0,1156363,1,1,0,3,1.0,40.0,1.0,-9.0,4.0,722Z,16.0,22807.0,2146.0
2861038,2861039,50.0,1156363,2,1,12,3,1.0,40.0,2.0,-9.0,4.0,713Z,16.0,22807.0,2146.0
2861039,2861040,19.0,1156364,1,1,0,3,1.0,40.0,1.0,-9.0,4.0,722Z,16.0,22806.0,2146.0
2861040,2861041,50.0,1156364,2,1,12,3,1.0,40.0,2.0,-9.0,4.0,713Z,16.0,22806.0,2146.0
2861041,2861042,19.0,1156365,1,1,0,3,1.0,40.0,1.0,-9.0,4.0,722Z,16.0,22806.0,2146.0
2861042,2861043,50.0,1156365,2,1,12,3,1.0,40.0,2.0,-9.0,4.0,713Z,16.0,22806.0,2146.0
2861043,2861044,19.0,1156366,1,1,0,3,1.0,40.0,1.0,-9.0,4.0,722Z,16.0,22807.0,2146.0
2861044,2861045,50.0,1156366,2,1,12,3,1.0,40.0,2.0,-9.0,4.0,713Z,16.0,22807.0,2146.0
2861045,2861046,19.0,1156367,1,1,0,3,1.0,40.0,1.0,-9.0,4.0,722Z,16.0,22805.0,2145.0
2861046,2861047,50.0,1156367,2,1,12,3,1.0,40.0,2.0,-9.0,4.0,713Z,16.0,22805.0,2145.0
2861047,2861048,19.0,1156368,1,1,0,3,1.0,40.0,1.0,-9.0,4.0,722Z,16.0,22806.0,2146.0
2861048,2861049,50.0,1156368,2,1,12,3,1.0,40.0,2.0,-9.0,4.0,713Z,16.0,22806.0,2146.0
2861049,2861050,19.0,1156369,1,1,0,3,1.0,40.0,1.0,-9.0,4.0,722Z,16.0,22807.0,2146.0
2861050,2861051,50.0,1156369,2,1,12,3,1.0,40.0,2.0,-9.0,4.0,713Z,16.0,22807.0,2146.0
2861051,2861052,19.0,1156370,1,1,0,3,1.0,40.0,1.0,-9.0,4.0,722Z,16.0,22807.0,2146.0
2861052,2861053,50.0,1156370,2,1,12,3,1.0,40.0,2.0,-9.0,4.0,713Z,16.0,22807.0,2146.0
2861053,2861054,19.0,1156371,1,1,0,3,1.0,40.0,1.0,-9.0,4.0,722Z,16.0,22805.0,2145.0
2861054,2861055,50.0,1156371,2,1,12,3,1.0,40.0,2.0,-9.0,4.0,713Z,16.0,22805.0,2145.0
2861055,2861056,19.0,1156372,1,1,0,3,1.0,40.0,1.0,-9.0,4.0,722Z,16.0,22805.0,2145.0
2861056,2861057,50.0,1156372,2,1,12,3,1.0,40.0,2.0,-9.0,4.0,713Z,16.0,22805.0,2145.0
2861057,2861058,19.0,1156373,1,1,0,3,1.0,40.0,1.0,-9.0,4.0,722Z,16.0,22807.0,2146.0
2861058,2861059,50.0,1156373,2,1,12,3,1.0,40.0,2.0,-9.0,4.0,713Z,16.0,22807.0,2146.0
2861059,2861060,19.0,1156374,1,1,0,3,1.0,40.0,1.0,-9.0,4.0,722Z,16.0,22805.0,2145.0
2861060,2861061,50.0,1156374,2,1,12,3,1.0,40.0,2.0,-9.0,4.0,713Z,16.0,22805.0,2145.0
2861061,2861062,19.0,1156375,1,1,0,3,1.0,40.0,1.0,-9.0,4.0,722Z,16.0,22805.0,2145.0
2861062,2861063,50.0,1156375,2,1,12,3,1.0,40.0,2.0,-9.0,4.0,713Z,16.0,22805.0,2145.0
2861063,2861064,19.0,1156376,1,1,0,3,1.0,40.0,1.0,-9.0,4.0,722Z,16.0,22807.0,2146.0
2861064,2861065,50.0,1156376,2,1,12,3,1.0,40.0,2.0,-9.0,4.0,713Z,16.0,22807.0,2146.0
2861065,2861066,19.0,1156377,1,1,0,3,1.0,40.0,1.0,-9.0,4.0,722Z,16.0,22807.0,2146.0
2861066,2861067,50.0,1156377,2,1,12,3,1.0,40.0,2.0,-9.0,4.0,713Z,16.0,22807.0,2146.0
2861067,2861068,19.0,1156378,1,1,0,3,1.0,40.0,1.0,-9.0,4.0,722Z,16.0,22807.0,2146.0
2861068,2861069,50.0,1156378,2,1,12,3,1.0,40.0,2.0,-9.0,4.0,713Z,16.0,22807.0,2146.0
2861069,2861070,19.0,1156379,1,1,0,3,1.0,40.0,1.0,-9.0,4.0,722Z,16.0,22807.0,2146.0
2861070,2861071,50.0,1156379,2,1,12,3,1.0,40.0,2.0,-9.0,4.0,713Z,16.0,22807.0,2146.0
2861071,2861072,19.0,1156380,1,1,0,3,1.0,40.0,1.0,-9.0,4.0,722Z,16.0,22805.0,2145.0
2861072,2861073,50.0,1156380,2,1,12,3,1.0,40.0,2.0,-9.0,4.0,713Z,16.0,22805.0,2145.0
2861073,2861074,19.0,1156381,1,1,0,3,1.0,40.0,1.0,-9.0,4.0,722Z,16.0,22805.0,2145.0
2861074,2861075,50.0,1156381,2,1,12,3,1.0,40.0,2.0,-9.0,4.0,713Z,16.0,22805.0,2145.0
2861075,2861076,19.0,1156382,1,1,0,3,1.0,40.0,1.0,-9.0,4.0,722Z,16.0,22807.0,2146.0
2861076,2861077,50.0,1156382,2,1,12,3,1.0,40.0,2.0,-9.0,4.0,713Z,16.0,22807.0,2146.0
2861077,2861078,19.0,1156383,1,1,0,3,1.0,40.0,1.0,-9.0,4.0,722Z,16.0,22805.0,2145.0
2861078,2861079,50.0,1156383,2,1,12,3,1.0,40.0,2.0,-9.0,4.0,713Z,16.0,22805.0,2145.0
2861079,2861080,22.0,1156384,1,1,0,4,1.0,20.0,3.0,-9.0,4.0,611M1,13.0,22805.0,2145.0
2861080,2861081,23.0,1156385,1,2,0,4,6.0,-9.0,-9.0,16.0,4.0,-9,0.0,22803.0,2144.0
2861081,2861082,23.0,1156386,1,2,0,4,6.0,-9.0,-9.0,16.0,4.0,-9,0.0,22806.0,2146.0
2861082,2861083,23.0,1156387,1,2,0,4,6.0,-9.0,-9.0,16.0,4.0,-9,0.0,22806.0,2146.0
2861083,2861084,23.0,1156388,1,2,0,4,6.0,-9.0,-9.0,16.0,4.0,-9,0.0,22807.0,2146.0
2861084,2861085,20.0,1156389,1,1,0,4,6.0,-9.0,-9.0,15.0,4.0,-9,0.0,22806.0,2146.0
2861085,2861086,20.0,1156390,1,1,0,4,6.0,-9.0,-9.0,15.0,4.0,-9,0.0,22805.0,2145.0
2861086,2861087,20.0,1156391,1,1,0,4,6.0,-9.0,-9.0,15.0,4.0,-9,0.0,22807.0,2146.0
2861087,2861088,20.0,1156392,1,1,0,4,6.0,-9.0,-9.0,15.0,4.0,-9,0.0,22806.0,2146.0
2861088,2861089,20.0,1156393,1,1,0,4,6.0,-9.0,-9.0,15.0,4.0,-9,0.0,22803.0,2144.0
2861089,2861090,20.0,1156394,1,1,0,4,6.0,-9.0,-9.0,15.0,4.0,-9,0.0,22807.0,2146.0
2861090,2861091,20.0,1156395,1,1,0,4,6.0,-9.0,-9.0,15.0,4.0,-9,0.0,22805.0,2145.0
2861091,2861092,20.0,1156396,1,1,0,4,6.0,-9.0,-9.0,15.0,4.0,-9,0.0,22807.0,2146.0
2861092,2861093,20.0,1156397,1,1,0,4,6.0,-9.0,-9.0,15.0,4.0,-9,0.0,22807.0,2146.0
2861093,2861094,20.0,1156398,1,1,0,4,6.0,-9.0,-9.0,15.0,4.0,-9,0.0,22807.0,2146.0
2861094,2861095,20.0,1156399,1,1,0,4,6.0,-9.0,-9.0,15.0,4.0,-9,0.0,22807.0,2146.0
2861095,2861096,20.0,1156400,1,1,0,4,6.0,-9.0,-9.0,15.0,4.0,-9,0.0,22807.0,2146.0
2861096,2861097,23.0,1156401,1,1,0,3,1.0,45.0,1.0,-9.0,4.0,51913,8.0,22806.0,2146.0
2861097,2861098,23.0,1156402,1,1,0,3,1.0,45.0,1.0,-9.0,4.0,51913,8.0,22805.0,2145.0
2861098,2861099,23.0,1156403,1,1,0,1,3.0,-9.0,-9.0,15.0,4.0,999920,0.0,22805.0,2145.0
2861099,2861100,23.0,1156404,1,1,0,1,3.0,-9.0,-9.0,15.0,4.0,999920,0.0,22807.0,2146.0
2861100,2861101,23.0,1156405,1,1,0,1,3.0,-9.0,-9.0,15.0,4.0,999920,0.0,22807.0,2146.0
2861101,2861102,23.0,1156406,1,1,0,1,3.0,-9.0,-9.0,15.0,4.0,999920,0.0,22806.0,2146.0
2861102,2861103,23.0,1156407,1,1,0,1,3.0,-9.0,-9.0,15.0,4.0,999920,0.0,22805.0,2145.0
2861103,2861104,23.0,1156408,1,1,0,1,3.0,-9.0,-9.0,15.0,4.0,999920,0.0,22805.0,2145.0
2861104,2861105,23.0,1156409,1,1,0,1,3.0,-9.0,-9.0,15.0,4.0,999920,0.0,22803.0,2144.0
2861105,2861106,23.0,1156410,1,1,0,1,3.0,-9.0,-9.0,15.0,4.0,999920,0.0,22807.0,2146.0
2861106,2861107,23.0,1156411,1,1,0,1,3.0,-9.0,-9.0,15.0,4.0,999920,0.0,22806.0,2146.0
2861107,2861108,23.0,1156412,1,1,0,1,3.0,-9.0,-9.0,15.0,4.0,999920,0.0,22807.0,2146.0
2861108,2861109,23.0,1156413,1,1,0,1,3.0,-9.0,-9.0,15.0,4.0,999920,0.0,22807.0,2146.0
2861109,2861110,23.0,1156414,1,1,0,1,3.0,-9.0,-9.0,15.0,4.0,999920,0.0,22807.0,2146.0
2861110,2861111,23.0,1156415,1,1,0,1,3.0,-9.0,-9.0,15.0,4.0,999920,0.0,22806.0,2146.0
2861111,2861112,23.0,1156416,1,1,0,1,3.0,-9.0,-9.0,15.0,4.0,999920,0.0,22805.0,2145.0
2861112,2861113,23.0,1156417,1,1,0,1,3.0,-9.0,-9.0,15.0,4.0,999920,0.0,22807.0,2146.0
2861113,2861114,23.0,1156418,1,1,0,1,3.0,-9.0,-9.0,15.0,4.0,999920,0.0,22805.0,2145.0
2861114,2861115,23.0,1156419,1,1,0,1,3.0,-9.0,-9.0,15.0,4.0,999920,0.0,22807.0,2146.0
2861115,2861116,23.0,1156420,1,1,0,1,3.0,-9.0,-9.0,15.0,4.0,999920,0.0,22806.0,2146.0
2861116,2861117,23.0,1156421,1,1,0,1,3.0,-9.0,-9.0,15.0,4.0,999920,0.0,22805.0,2145.0
2861117,2861118,23.0,1156422,1,1,0,1,3.0,-9.0,-9.0,15.0,4.0,999920,0.0,22806.0,2146.0
2861118,2861119,23.0,1156423,1,1,0,1,3.0,-9.0,-9.0,15.0,4.0,999920,0.0,22803.0,2144.0
2861119,2861120,23.0,1156424,1,1,0,1,3.0,-9.0,-9.0,15.0,4.0,999920,0.0,22807.0,2146.0
2861120,2861121,23.0,1156425,1,1,0,1,3.0,-9.0,-9.0,15.0,4.0,999920,0.0,22805.0,2145.0
2861121,2861122,23.0,1156426,1,1,0,1,3.0,-9.0,-9.0,15.0,4.0,999920,0.0,22807.0,2146.0
2861122,2861123,23.0,1156427,1,1,0,1,3.0,-9.0,-9.0,15.0,4.0,999920,0.0,22806.0,2146.0
2861123,2861124,23.0,1156428,1,1,0,1,3.0,-9.0,-9.0,15.0,4.0,999920,0.0,22805.0,2145.0
2861124,2861125,23.0,1156429,1,1,0,1,3.0,-9.0,-9.0,15.0,4.0,999920,0.0,22807.0,2146.0
2861125,2861126,23.0,1156430,1,1,0,1,3.0,-9.0,-9.0,15.0,4.0,999920,0.0,22805.0,2145.0
2861126,2861127,23.0,1156431,1,1,0,1,3.0,-9.0,-9.0,15.0,4.0,999920,0.0,22807.0,2146.0
2861127,2861128,23.0,1156432,1,1,0,1,3.0,-9.0,-9.0,15.0,4.0,999920,0.0,22807.0,2146.0
2861128,2861129,23.0,1156433,1,1,0,1,3.0,-9.0,-9.0,15.0,4.0,999920,0.0,22807.0,2146.0
2861129,2861130,23.0,1156434,1,1,0,1,3.0,-9.0,-9.0,15.0,4.0,999920,0.0,22805.0,2145.0
2861130,2861131,23.0,1156435,1,1,0,1,3.0,-9.0,-9.0,15.0,4.0,999920,0.0,22807.0,2146.0
2861131,2861132,23.0,1156436,1,1,0,1,3.0,-9.0,-9.0,15.0,4.0,999920,0.0,22805.0,2145.0
2861132,2861133,23.0,1156437,1,1,0,1,3.0,-9.0,-9.0,15.0,4.0,999920,0.0,22807.0,2146.0
2861133,2861134,23.0,1156438,1,1,0,1,3.0,-9.0,-9.0,15.0,4.0,999920,0.0,22805.0,2145.0
2861134,2861135,23.0,1156439,1,1,0,1,3.0,-9.0,-9.0,15.0,4.0,999920,0.0,22807.0,2146.0
2861135,2861136,23.0,1156440,1,1,0,1,3.0,-9.0,-9.0,15.0,4.0,999920,0.0,22805.0,2145.0
2861136,2861137,23.0,1156441,1,1,0,1,3.0,-9.0,-9.0,15.0,4.0,999920,0.0,22807.0,2146.0
2861137,2861138,23.0,1156442,1,1,0,1,3.0,-9.0,-9.0,15.0,4.0,999920,0.0,22805.0,2145.0
2861138,2861139,23.0,1156443,1,1,0,1,3.0,-9.0,-9.0,15.0,4.0,999920,0.0,22805.0,2145.0
2861139,2861140,23.0,1156444,1,1,0,1,3.0,-9.0,-9.0,15.0,4.0,999920,0.0,22805.0,2145.0
2861140,2861141,23.0,1156445,1,1,0,1,3.0,-9.0,-9.0,15.0,4.0,999920,0.0,22806.0,2146.0
2861141,2861142,24.0,1156446,1,1,0,1,1.0,50.0,1.0,16.0,4.0,611M1,13.0,22803.0,2144.0
2861142,2861143,25.0,1156446,2,1,12,4,1.0,50.0,1.0,16.0,4.0,611M1,13.0,22803.0,2144.0
2861143,2861144,24.0,1156447,1,1,0,1,1.0,50.0,1.0,16.0,4.0,611M1,13.0,22807.0,2146.0
2861144,2861145,25.0,1156447,2,1,12,4,1.0,50.0,1.0,16.0,4.0,611M1,13.0,22807.0,2146.0
2861145,2861146,24.0,1156448,1,1,0,1,1.0,50.0,1.0,16.0,4.0,611M1,13.0,22807.0,2146.0
2861146,2861147,25.0,1156448,2,1,12,4,1.0,50.0,1.0,16.0,4.0,611M1,13.0,22807.0,2146.0
2861147,2861148,24.0,1156449,1,1,0,1,1.0,50.0,1.0,16.0,4.0,611M1,13.0,22806.0,2146.0
2861148,2861149,25.0,1156449,2,1,12,4,1.0,50.0,1.0,16.0,4.0,611M1,13.0,22806.0,2146.0
2861149,2861150,24.0,1156450,1,1,0,1,1.0,50.0,1.0,16.0,4.0,611M1,13.0,22807.0,2146.0
2861150,2861151,25.0,1156450,2,1,12,4,1.0,50.0,1.0,16.0,4.0,611M1,13.0,22807.0,2146.0
2861151,2861152,24.0,1156451,1,1,0,1,1.0,50.0,1.0,16.0,4.0,611M1,13.0,22806.0,2146.0
2861152,2861153,25.0,1156451,2,1,12,4,1.0,50.0,1.0,16.0,4.0,611M1,13.0,22806.0,2146.0
2861153,2861154,24.0,1156452,1,1,0,1,1.0,50.0,1.0,16.0,4.0,611M1,13.0,22806.0,2146.0
2861154,2861155,25.0,1156452,2,1,12,4,1.0,50.0,1.0,16.0,4.0,611M1,13.0,22806.0,2146.0
2861155,2861156,24.0,1156453,1,1,0,1,1.0,50.0,1.0,16.0,4.0,611M1,13.0,22806.0,2146.0
2861156,2861157,25.0,1156453,2,1,12,4,1.0,50.0,1.0,16.0,4.0,611M1,13.0,22806.0,2146.0
2861157,2861158,24.0,1156454,1,1,0,1,1.0,50.0,1.0,16.0,4.0,611M1,13.0,22807.0,2146.0
2861158,2861159,25.0,1156454,2,1,12,4,1.0,50.0,1.0,16.0,4.0,611M1,13.0,22807.0,2146.0
2861159,2861160,24.0,1156455,1,1,0,1,1.0,50.0,1.0,16.0,4.0,611M1,13.0,22805.0,2145.0
2861160,2861161,25.0,1156455,2,1,12,4,1.0,50.0,1.0,16.0,4.0,611M1,13.0,22805.0,2145.0
2861161,2861162,24.0,1156456,1,1,0,1,1.0,50.0,1.0,16.0,4.0,611M1,13.0,22805.0,2145.0
2861162,2861163,25.0,1156456,2,1,12,4,1.0,50.0,1.0,16.0,4.0,611M1,13.0,22805.0,2145.0
2861163,2861164,24.0,1156457,1,1,0,1,1.0,50.0,1.0,16.0,4.0,611M1,13.0,22807.0,2146.0
2861164,2861165,25.0,1156457,2,1,12,4,1.0,50.0,1.0,16.0,4.0,611M1,13.0,22807.0,2146.0
2861165,2861166,24.0,1156458,1,1,0,1,1.0,50.0,1.0,16.0,4.0,611M1,13.0,22805.0,2145.0
2861166,2861167,25.0,1156458,2,1,12,4,1.0,50.0,1.0,16.0,4.0,611M1,13.0,22805.0,2145.0
2861167,2861168,24.0,1156459,1,1,0,1,1.0,50.0,1.0,16.0,4.0,611M1,13.0,22805.0,2145.0
2861168,2861169,25.0,1156459,2,1,12,4,1.0,50.0,1.0,16.0,4.0,611M1,13.0,22805.0,2145.0
2861169,2861170,24.0,1156460,1,1,0,1,1.0,50.0,1.0,16.0,4.0,611M1,13.0,22807.0,2146.0
2861170,2861171,25.0,1156460,2,1,12,4,1.0,50.0,1.0,16.0,4.0,611M1,13.0,22807.0,2146.0
2861171,2861172,24.0,1156461,1,1,0,1,1.0,50.0,1.0,16.0,4.0,611M1,13.0,22807.0,2146.0
2861172,2861173,25.0,1156461,2,1,12,4,1.0,50.0,1.0,16.0,4.0,611M1,13.0,22807.0,2146.0
2861173,2861174,24.0,1156462,1,1,0,1,1.0,50.0,1.0,16.0,4.0,611M1,13.0,22805.0,2145.0
2861174,2861175,25.0,1156462,2,1,12,4,1.0,50.0,1.0,16.0,4.0,611M1,13.0,22805.0,2145.0
2861175,2861176,24.0,1156463,1,1,0,1,1.0,50.0,1.0,16.0,4.0,611M1,13.0,22807.0,2146.0
2861176,2861177,25.0,1156463,2,1,12,4,1.0,50.0,1.0,16.0,4.0,611M1,13.0,22807.0,2146.0
2861177,2861178,23.0,1156464,1,2,0,1,1.0,35.0,1.0,15.0,4.0,2213M,7.0,22806.0,2146.0
2861178,2861179,26.0,1156464,2,1,13,1,1.0,40.0,1.0,15.0,4.0,4411,5.0,22806.0,2146.0
2861179,2861180,23.0,1156465,1,2,0,1,1.0,35.0,1.0,15.0,4.0,2213M,7.0,22806.0,2146.0
2861180,2861181,26.0,1156465,2,1,13,1,1.0,40.0,1.0,15.0,4.0,4411,5.0,22806.0,2146.0
2861181,2861182,23.0,1156466,1,2,0,1,1.0,35.0,1.0,15.0,4.0,2213M,7.0,22805.0,2145.0
2861182,2861183,26.0,1156466,2,1,13,1,1.0,40.0,1.0,15.0,4.0,4411,5.0,22805.0,2145.0
2861183,2861184,23.0,1156467,1,2,0,1,1.0,35.0,1.0,15.0,4.0,2213M,7.0,22805.0,2145.0
2861184,2861185,26.0,1156467,2,1,13,1,1.0,40.0,1.0,15.0,4.0,4411,5.0,22805.0,2145.0
2861185,2861186,23.0,1156468,1,2,0,1,1.0,35.0,1.0,15.0,4.0,2213M,7.0,22807.0,2146.0
2861186,2861187,26.0,1156468,2,1,13,1,1.0,40.0,1.0,15.0,4.0,4411,5.0,22807.0,2146.0
2861187,2861188,23.0,1156469,1,2,0,1,1.0,35.0,1.0,15.0,4.0,2213M,7.0,22805.0,2145.0
2861188,2861189,26.0,1156469,2,1,13,1,1.0,40.0,1.0,15.0,4.0,4411,5.0,22805.0,2145.0
2861189,2861190,23.0,1156470,1,2,0,1,1.0,35.0,1.0,15.0,4.0,2213M,7.0,22805.0,2145.0
2861190,2861191,26.0,1156470,2,1,13,1,1.0,40.0,1.0,15.0,4.0,4411,5.0,22805.0,2145.0
2861191,2861192,23.0,1156471,1,2,0,1,1.0,35.0,1.0,15.0,4.0,2213M,7.0,22805.0,2145.0
2861192,2861193,26.0,1156471,2,1,13,1,1.0,40.0,1.0,15.0,4.0,4411,5.0,22805.0,2145.0
2861193,2861194,23.0,1156472,1,2,0,1,1.0,35.0,1.0,15.0,4.0,2213M,7.0,22806.0,2146.0
2861194,2861195,26.0,1156472,2,1,13,1,1.0,40.0,1.0,15.0,4.0,4411,5.0,22806.0,2146.0
2861195,2861196,23.0,1156473,1,2,0,1,1.0,35.0,1.0,15.0,4.0,2213M,7.0,22805.0,2145.0
2861196,2861197,26.0,1156473,2,1,13,1,1.0,40.0,1.0,15.0,4.0,4411,5.0,22805.0,2145.0
2861197,2861198,23.0,1156474,1,2,0,1,1.0,35.0,1.0,15.0,4.0,2213M,7.0,22807.0,2146.0
2861198,2861199,26.0,1156474,2,1,13,1,1.0,40.0,1.0,15.0,4.0,4411,5.0,22807.0,2146.0
2861199,2861200,23.0,1156475,1,2,0,1,1.0,35.0,1.0,15.0,4.0,2213M,7.0,22807.0,2146.0
2861200,2861201,26.0,1156475,2,1,13,1,1.0,40.0,1.0,15.0,4.0,4411,5.0,22807.0,2146.0
2861201,2861202,23.0,1156476,1,2,0,1,1.0,35.0,1.0,15.0,4.0,2213M,7.0,22805.0,2145.0
2861202,2861203,26.0,1156476,2,1,13,1,1.0,40.0,1.0,15.0,4.0,4411,5.0,22805.0,2145.0
2861203,2861204,23.0,1156477,1,2,0,1,1.0,35.0,1.0,15.0,4.0,2213M,7.0,22807.0,2146.0
2861204,2861205,26.0,1156477,2,1,13,1,1.0,40.0,1.0,15.0,4.0,4411,5.0,22807.0,2146.0
2861205,2861206,23.0,1156478,1,2,0,1,1.0,35.0,1.0,15.0,4.0,2213M,7.0,22805.0,2145.0
2861206,2861207,26.0,1156478,2,1,13,1,1.0,40.0,1.0,15.0,4.0,4411,5.0,22805.0,2145.0
2861207,2861208,23.0,1156479,1,2,0,1,1.0,35.0,1.0,15.0,4.0,2213M,7.0,22807.0,2146.0
2861208,2861209,26.0,1156479,2,1,13,1,1.0,40.0,1.0,15.0,4.0,4411,5.0,22807.0,2146.0
2861209,2861210,23.0,1156480,1,2,0,1,1.0,35.0,1.0,15.0,4.0,2213M,7.0,22803.0,2144.0
2861210,2861211,26.0,1156480,2,1,13,1,1.0,40.0,1.0,15.0,4.0,4411,5.0,22803.0,2144.0
2861211,2861212,23.0,1156481,1,2,0,1,1.0,35.0,1.0,15.0,4.0,2213M,7.0,22807.0,2146.0
2861212,2861213,26.0,1156481,2,1,13,1,1.0,40.0,1.0,15.0,4.0,4411,5.0,22807.0,2146.0
2861213,2861214,23.0,1156482,1,2,0,1,1.0,35.0,1.0,15.0,4.0,2213M,7.0,22806.0,2146.0
2861214,2861215,26.0,1156482,2,1,13,1,1.0,40.0,1.0,15.0,4.0,4411,5.0,22806.0,2146.0
2861215,2861216,23.0,1156483,1,2,0,1,1.0,35.0,1.0,15.0,4.0,2213M,7.0,22806.0,2146.0
2861216,2861217,26.0,1156483,2,1,13,1,1.0,40.0,1.0,15.0,4.0,4411,5.0,22806.0,2146.0
2861217,2861218,23.0,1156484,1,2,0,1,1.0,35.0,1.0,15.0,4.0,2213M,7.0,22805.0,2145.0
2861218,2861219,26.0,1156484,2,1,13,1,1.0,40.0,1.0,15.0,4.0,4411,5.0,22805.0,2145.0
2861219,2861220,23.0,1156485,1,2,0,1,1.0,35.0,1.0,15.0,4.0,2213M,7.0,22805.0,2145.0
2861220,2861221,26.0,1156485,2,1,13,1,1.0,40.0,1.0,15.0,4.0,4411,5.0,22805.0,2145.0
2861221,2861222,24.0,1156486,1,2,0,1,1.0,50.0,1.0,-9.0,4.0,5613,12.0,22805.0,2145.0
2861222,2861223,24.0,1156487,1,2,0,1,1.0,50.0,1.0,-9.0,4.0,5613,12.0,22807.0,2146.0
2861223,2861224,24.0,1156488,1,2,0,1,1.0,50.0,1.0,-9.0,4.0,5613,12.0,22806.0,2146.0
2861224,2861225,24.0,1156489,1,2,0,1,1.0,50.0,1.0,-9.0,4.0,5613,12.0,22806.0,2146.0
2861225,2861226,24.0,1156490,1,2,0,1,1.0,50.0,1.0,-9.0,4.0,5613,12.0,22805.0,2145.0
2861226,2861227,24.0,1156491,1,2,0,1,1.0,50.0,1.0,-9.0,4.0,5613,12.0,22807.0,2146.0
2861227,2861228,24.0,1156492,1,2,0,1,1.0,50.0,1.0,-9.0,4.0,5613,12.0,22807.0,2146.0
2861228,2861229,22.0,1156493,1,1,0,1,1.0,55.0,4.0,-9.0,4.0,5416,10.0,22806.0,2146.0
2861229,2861230,22.0,1156494,1,2,0,1,1.0,40.0,3.0,15.0,2.0,722Z,16.0,22806.0,2146.0
2861230,2861231,21.0,1156495,1,2,0,1,1.0,25.0,3.0,15.0,4.0,722Z,16.0,22806.0,2146.0
2861231,2861232,22.0,1156496,1,2,0,1,1.0,25.0,1.0,15.0,4.0,722Z,16.0,22805.0,2145.0
2861232,2861233,22.0,1156497,1,2,0,1,1.0,25.0,1.0,15.0,4.0,722Z,16.0,22803.0,2144.0
2861233,2861234,22.0,1156498,1,2,0,1,1.0,25.0,1.0,15.0,4.0,722Z,16.0,22806.0,2146.0
2861234,2861235,22.0,1156499,1,2,0,1,1.0,40.0,3.0,15.0,2.0,722Z,16.0,22805.0,2145.0
2861235,2861236,22.0,1156500,1,2,0,1,1.0,40.0,3.0,15.0,2.0,722Z,16.0,22807.0,2146.0
2861236,2861237,22.0,1156501,1,2,0,1,1.0,25.0,1.0,15.0,4.0,722Z,16.0,22807.0,2146.0
2861237,2861238,22.0,1156502,1,2,0,1,1.0,40.0,3.0,15.0,2.0,722Z,16.0,22805.0,2145.0
2861238,2861239,22.0,1156503,1,2,0,1,1.0,25.0,1.0,15.0,4.0,722Z,16.0,22806.0,2146.0
2861239,2861240,22.0,1156504,1,2,0,1,1.0,40.0,3.0,15.0,2.0,722Z,16.0,22806.0,2146.0
2861240,2861241,21.0,1156505,1,2,0,1,1.0,25.0,3.0,15.0,4.0,722Z,16.0,22805.0,2145.0
2861241,2861242,22.0,1156506,1,2,0,1,1.0,15.0,2.0,16.0,4.0,611M1,13.0,22805.0,2145.0
2861242,2861243,22.0,1156507,1,2,0,1,1.0,15.0,2.0,16.0,4.0,611M1,13.0,22806.0,2146.0
2861243,2861244,21.0,1156508,1,2,0,1,1.0,20.0,1.0,15.0,4.0,611M1,13.0,22806.0,2146.0
2861244,2861245,21.0,1156509,1,2,0,1,1.0,20.0,1.0,15.0,4.0,611M1,13.0,22807.0,2146.0
2861245,2861246,22.0,1156510,1,2,0,1,1.0,15.0,2.0,16.0,4.0,611M1,13.0,22805.0,2145.0
2861246,2861247,23.0,1156511,1,2,0,1,1.0,35.0,1.0,16.0,4.0,611M1,13.0,22805.0,2145.0
2861247,2861248,21.0,1156512,1,2,0,1,1.0,6.0,1.0,15.0,4.0,611M3,13.0,22805.0,2145.0
2861248,2861249,21.0,1156513,1,2,0,1,1.0,6.0,1.0,15.0,4.0,611M3,13.0,22805.0,2145.0
2861249,2861250,21.0,1156514,1,2,0,1,1.0,6.0,1.0,15.0,4.0,611M3,13.0,22807.0,2146.0
2861250,2861251,22.0,1156515,1,2,0,1,1.0,15.0,2.0,16.0,4.0,611M1,13.0,22806.0,2146.0
2861251,2861252,23.0,1156516,1,2,0,1,1.0,35.0,1.0,16.0,4.0,611M1,13.0,22805.0,2145.0
2861252,2861253,23.0,1156517,1,2,0,1,1.0,40.0,5.0,-9.0,4.0,611M1,13.0,22806.0,2146.0
2861253,2861254,21.0,1156518,1,2,0,1,1.0,6.0,1.0,15.0,4.0,611M3,13.0,22807.0,2146.0
2861254,2861255,23.0,1156519,1,2,0,1,1.0,35.0,1.0,16.0,4.0,611M1,13.0,22806.0,2146.0
2861255,2861256,23.0,1156520,1,2,0,1,1.0,40.0,5.0,-9.0,4.0,611M1,13.0,22807.0,2146.0
2861256,2861257,22.0,1156521,1,2,0,1,1.0,15.0,2.0,16.0,4.0,611M1,13.0,22805.0,2145.0
2861257,2861258,21.0,1156522,1,2,0,1,1.0,20.0,1.0,15.0,4.0,611M1,13.0,22807.0,2146.0
2861258,2861259,21.0,1156523,1,2,0,1,1.0,20.0,1.0,15.0,4.0,611M1,13.0,22807.0,2146.0
2861259,2861260,22.0,1156524,1,2,0,1,1.0,15.0,2.0,16.0,4.0,611M1,13.0,22807.0,2146.0
2861260,2861261,24.0,1156525,1,2,0,1,1.0,9.0,6.0,16.0,4.0,611M1,13.0,22805.0,2145.0
2861261,2861262,24.0,1156526,1,2,0,1,1.0,9.0,6.0,16.0,4.0,611M1,13.0,22807.0,2146.0
2861262,2861263,23.0,1156527,1,2,0,1,1.0,40.0,5.0,-9.0,4.0,611M1,13.0,22807.0,2146.0
2861263,2861264,21.0,1156528,1,2,0,1,1.0,6.0,1.0,15.0,4.0,611M3,13.0,22806.0,2146.0
2861264,2861265,23.0,1156529,1,2,0,1,1.0,35.0,1.0,16.0,4.0,611M1,13.0,22807.0,2146.0
2861265,2861266,22.0,1156530,1,2,0,1,1.0,6.0,4.0,16.0,4.0,611M1,13.0,22805.0,2145.0
2861266,2861267,22.0,1156531,1,2,0,1,1.0,6.0,4.0,16.0,4.0,611M1,13.0,22807.0,2146.0
2861267,2861268,21.0,1156532,1,2,0,1,1.0,10.0,3.0,15.0,4.0,611M1,13.0,22807.0,2146.0
2861268,2861269,21.0,1156533,1,2,0,1,1.0,6.0,1.0,15.0,4.0,611M3,13.0,22807.0,2146.0
2861269,2861270,23.0,1156534,1,2,0,1,1.0,40.0,5.0,-9.0,4.0,611M1,13.0,22803.0,2144.0
2861270,2861271,21.0,1156535,1,2,0,1,1.0,6.0,1.0,15.0,4.0,611M3,13.0,22805.0,2145.0
2861271,2861272,23.0,1156536,1,2,0,1,1.0,35.0,1.0,16.0,4.0,611M1,13.0,22805.0,2145.0
2861272,2861273,23.0,1156537,1,2,0,1,1.0,40.0,5.0,-9.0,4.0,611M1,13.0,22803.0,2144.0
2861273,2861274,23.0,1156538,1,2,0,1,1.0,35.0,1.0,16.0,4.0,611M1,13.0,22807.0,2146.0
2861274,2861275,23.0,1156539,1,2,0,1,1.0,40.0,5.0,-9.0,4.0,611M1,13.0,22806.0,2146.0
2861275,2861276,22.0,1156540,1,2,0,1,1.0,15.0,2.0,16.0,4.0,611M1,13.0,22807.0,2146.0
2861276,2861277,23.0,1156541,1,2,0,1,1.0,40.0,5.0,-9.0,4.0,611M1,13.0,22805.0,2145.0
2861277,2861278,23.0,1156542,1,2,0,1,1.0,40.0,5.0,-9.0,4.0,611M1,13.0,22805.0,2145.0
2861278,2861279,23.0,1156543,1,2,0,1,1.0,40.0,5.0,-9.0,4.0,611M1,13.0,22807.0,2146.0
2861279,2861280,21.0,1156544,1,2,0,1,1.0,10.0,3.0,15.0,4.0,611M1,13.0,22807.0,2146.0
2861280,2861281,24.0,1156545,1,2,0,1,1.0,9.0,6.0,16.0,4.0,611M1,13.0,22807.0,2146.0
2861281,2861282,23.0,1156546,1,2,0,1,1.0,40.0,5.0,-9.0,4.0,611M1,13.0,22805.0,2145.0
2861282,2861283,21.0,1156547,1,2,0,1,1.0,6.0,1.0,15.0,4.0,611M3,13.0,22807.0,2146.0
2861283,2861284,21.0,1156548,1,2,0,1,1.0,20.0,1.0,15.0,4.0,611M1,13.0,22803.0,2144.0
2861284,2861285,24.0,1156549,1,2,0,1,1.0,9.0,6.0,16.0,4.0,611M1,13.0,22803.0,2144.0
2861285,2861286,21.0,1156550,1,2,0,1,1.0,6.0,1.0,15.0,4.0,611M3,13.0,22805.0,2145.0
2861286,2861287,21.0,1156551,1,2,0,1,1.0,6.0,1.0,15.0,4.0,611M3,13.0,22806.0,2146.0
2861287,2861288,23.0,1156552,1,2,0,1,1.0,40.0,5.0,-9.0,4.0,611M1,13.0,22805.0,2145.0
2861288,2861289,21.0,1156553,1,2,0,1,1.0,20.0,1.0,15.0,4.0,611M1,13.0,22807.0,2146.0
2861289,2861290,21.0,1156554,1,2,0,1,1.0,20.0,1.0,15.0,4.0,611M1,13.0,22806.0,2146.0
2861290,2861291,22.0,1156555,1,2,0,1,1.0,6.0,4.0,16.0,4.0,611M1,13.0,22807.0,2146.0
2861291,2861292,21.0,1156556,1,2,0,1,1.0,20.0,1.0,15.0,4.0,611M1,13.0,22805.0,2145.0
2861292,2861293,21.0,1156557,1,2,0,1,1.0,20.0,1.0,15.0,4.0,611M1,13.0,22805.0,2145.0
2861293,2861294,21.0,1156558,1,2,0,1,1.0,20.0,1.0,15.0,4.0,611M1,13.0,22803.0,2144.0
2861294,2861295,21.0,1156559,1,2,0,1,1.0,20.0,1.0,15.0,4.0,611M1,13.0,22807.0,2146.0
2861295,2861296,23.0,1156560,1,2,0,1,1.0,35.0,1.0,16.0,4.0,611M1,13.0,22807.0,2146.0
2861296,2861297,21.0,1156561,1,2,0,1,1.0,20.0,1.0,15.0,4.0,611M1,13.0,22806.0,2146.0
2861297,2861298,21.0,1156562,1,2,0,1,1.0,10.0,3.0,15.0,4.0,611M1,13.0,22807.0,2146.0
2861298,2861299,21.0,1156563,1,2,0,1,1.0,10.0,3.0,15.0,4.0,611M1,13.0,22806.0,2146.0
2861299,2861300,23.0,1156564,1,2,0,1,1.0,40.0,5.0,-9.0,4.0,611M1,13.0,22805.0,2145.0
2861300,2861301,21.0,1156565,1,2,0,1,1.0,6.0,1.0,15.0,4.0,611M3,13.0,22807.0,2146.0
2861301,2861302,22.0,1156566,1,2,0,1,1.0,15.0,2.0,16.0,4.0,611M1,13.0,22807.0,2146.0
2861302,2861303,23.0,1156567,1,2,0,1,1.0,35.0,1.0,16.0,4.0,611M1,13.0,22807.0,2146.0
2861303,2861304,21.0,1156568,1,2,0,1,1.0,20.0,1.0,15.0,4.0,611M1,13.0,22807.0,2146.0
2861304,2861305,23.0,1156569,1,2,0,1,1.0,40.0,5.0,-9.0,4.0,611M1,13.0,22805.0,2145.0
2861305,2861306,23.0,1156570,1,2,0,1,1.0,40.0,5.0,-9.0,4.0,611M1,13.0,22807.0,2146.0
2861306,2861307,24.0,1156571,1,2,0,1,1.0,9.0,6.0,16.0,4.0,611M1,13.0,22805.0,2145.0
2861307,2861308,22.0,1156572,1,2,0,1,1.0,15.0,2.0,16.0,4.0,611M1,13.0,22805.0,2145.0
2861308,2861309,21.0,1156573,1,2,0,1,1.0,20.0,1.0,15.0,4.0,611M1,13.0,22807.0,2146.0
2861309,2861310,23.0,1156574,1,2,0,1,1.0,40.0,5.0,-9.0,4.0,611M1,13.0,22806.0,2146.0
2861310,2861311,23.0,1156575,1,2,0,1,1.0,40.0,5.0,-9.0,4.0,611M1,13.0,22807.0,2146.0
2861311,2861312,23.0,1156576,1,2,0,1,1.0,40.0,5.0,-9.0,4.0,611M1,13.0,22807.0,2146.0
2861312,2861313,24.0,1156577,1,2,0,1,1.0,9.0,6.0,16.0,4.0,611M1,13.0,22805.0,2145.0
2861313,2861314,23.0,1156578,1,2,0,1,1.0,40.0,5.0,-9.0,4.0,611M1,13.0,22806.0,2146.0
2861314,2861315,22.0,1156579,1,2,0,1,1.0,15.0,2.0,16.0,4.0,611M1,13.0,22807.0,2146.0
2861315,2861316,23.0,1156580,1,2,0,1,1.0,40.0,5.0,-9.0,4.0,611M1,13.0,22807.0,2146.0
2861316,2861317,23.0,1156581,1,2,0,1,1.0,35.0,1.0,16.0,4.0,611M1,13.0,22805.0,2145.0
2861317,2861318,22.0,1156582,1,2,0,1,1.0,6.0,4.0,16.0,4.0,611M1,13.0,22805.0,2145.0
2861318,2861319,21.0,1156583,1,2,0,1,1.0,20.0,1.0,15.0,4.0,611M1,13.0,22807.0,2146.0
2861319,2861320,21.0,1156584,1,2,0,1,1.0,10.0,3.0,15.0,4.0,611M1,13.0,22807.0,2146.0
2861320,2861321,23.0,1156585,1,2,0,1,1.0,40.0,5.0,-9.0,4.0,611M1,13.0,22807.0,2146.0
2861321,2861322,21.0,1156586,1,2,0,1,1.0,10.0,3.0,15.0,4.0,611M1,13.0,22805.0,2145.0
2861322,2861323,21.0,1156587,1,2,0,1,1.0,10.0,3.0,15.0,4.0,611M1,13.0,22807.0,2146.0
2861323,2861324,23.0,1156588,1,2,0,1,1.0,35.0,1.0,16.0,4.0,611M1,13.0,22807.0,2146.0
2861324,2861325,22.0,1156589,1,2,0,1,1.0,6.0,4.0,16.0,4.0,611M1,13.0,22806.0,2146.0
2861325,2861326,22.0,1156590,1,2,0,1,1.0,15.0,2.0,16.0,4.0,611M1,13.0,22806.0,2146.0
2861326,2861327,24.0,1156591,1,2,0,1,1.0,9.0,6.0,16.0,4.0,611M1,13.0,22807.0,2146.0
2861327,2861328,21.0,1156592,1,2,0,1,1.0,6.0,1.0,15.0,4.0,611M3,13.0,22805.0,2145.0
2861328,2861329,23.0,1156593,1,2,0,1,1.0,35.0,1.0,16.0,4.0,611M1,13.0,22806.0,2146.0
2861329,2861330,22.0,1156594,1,2,0,1,1.0,15.0,2.0,16.0,4.0,611M1,13.0,22807.0,2146.0
2861330,2861331,23.0,1156595,1,2,0,1,1.0,40.0,5.0,-9.0,4.0,611M1,13.0,22806.0,2146.0
2861331,2861332,23.0,1156596,1,2,0,1,1.0,35.0,1.0,16.0,4.0,611M1,13.0,22807.0,2146.0
2861332,2861333,22.0,1156597,1,2,0,1,1.0,15.0,2.0,16.0,4.0,611M1,13.0,22807.0,2146.0
2861333,2861334,21.0,1156598,1,2,0,1,1.0,6.0,1.0,15.0,4.0,611M3,13.0,22805.0,2145.0
2861334,2861335,24.0,1156599,1,2,0,1,1.0,9.0,6.0,16.0,4.0,611M1,13.0,22805.0,2145.0
2861335,2861336,21.0,1156600,1,2,0,1,1.0,6.0,1.0,15.0,4.0,611M3,13.0,22807.0,2146.0
2861336,2861337,22.0,1156601,1,2,0,1,1.0,6.0,4.0,16.0,4.0,611M1,13.0,22805.0,2145.0
2861337,2861338,23.0,1156602,1,2,0,1,1.0,40.0,5.0,-9.0,4.0,611M1,13.0,22806.0,2146.0
2861338,2861339,21.0,1156603,1,2,0,1,1.0,10.0,3.0,15.0,4.0,611M1,13.0,22806.0,2146.0
2861339,2861340,21.0,1156604,1,2,0,1,1.0,6.0,1.0,15.0,4.0,611M3,13.0,22807.0,2146.0
2861340,2861341,21.0,1156605,1,2,0,1,1.0,20.0,1.0,15.0,4.0,611M1,13.0,22805.0,2145.0
2861341,2861342,21.0,1156606,1,2,0,1,1.0,6.0,1.0,15.0,4.0,611M3,13.0,22807.0,2146.0
2861342,2861343,23.0,1156607,1,2,0,1,1.0,40.0,5.0,-9.0,4.0,611M1,13.0,22805.0,2145.0
2861343,2861344,21.0,1156608,1,2,0,1,1.0,20.0,1.0,15.0,4.0,611M1,13.0,22807.0,2146.0
2861344,2861345,21.0,1156609,1,2,0,1,1.0,6.0,1.0,15.0,4.0,611M3,13.0,22805.0,2145.0
2861345,2861346,23.0,1156610,1,2,0,1,1.0,35.0,1.0,16.0,4.0,611M1,13.0,22806.0,2146.0
2861346,2861347,21.0,1156611,1,2,0,1,1.0,10.0,3.0,15.0,4.0,611M1,13.0,22807.0,2146.0
2861347,2861348,24.0,1156612,1,2,0,1,1.0,9.0,6.0,16.0,4.0,611M1,13.0,22805.0,2145.0
2861348,2861349,22.0,1156613,1,2,0,1,1.0,15.0,2.0,16.0,4.0,611M1,13.0,22806.0,2146.0
2861349,2861350,23.0,1156614,1,2,0,1,1.0,35.0,1.0,16.0,4.0,611M1,13.0,22803.0,2144.0
2861350,2861351,23.0,1156615,1,2,0,1,1.0,40.0,5.0,-9.0,4.0,611M1,13.0,22807.0,2146.0
2861351,2861352,22.0,1156616,1,2,0,1,1.0,6.0,4.0,16.0,4.0,611M1,13.0,22803.0,2144.0
2861352,2861353,22.0,1156617,1,2,0,1,1.0,6.0,4.0,16.0,4.0,611M1,13.0,22806.0,2146.0
2861353,2861354,24.0,1156618,1,2,0,1,1.0,9.0,6.0,16.0,4.0,611M1,13.0,22805.0,2145.0
2861354,2861355,21.0,1156619,1,2,0,1,1.0,6.0,1.0,15.0,4.0,611M3,13.0,22807.0,2146.0
2861355,2861356,22.0,1156620,1,2,0,1,1.0,15.0,2.0,16.0,4.0,611M1,13.0,22805.0,2145.0
2861356,2861357,23.0,1156621,1,2,0,1,1.0,35.0,1.0,16.0,4.0,611M1,13.0,22805.0,2145.0
2861357,2861358,23.0,1156622,1,2,0,1,1.0,40.0,5.0,-9.0,4.0,611M1,13.0,22803.0,2144.0
2861358,2861359,22.0,1156623,1,2,0,1,1.0,6.0,4.0,16.0,4.0,611M1,13.0,22806.0,2146.0
2861359,2861360,23.0,1156624,1,2,0,1,1.0,35.0,1.0,16.0,4.0,611M1,13.0,22805.0,2145.0
2861360,2861361,22.0,1156625,1,2,0,1,1.0,6.0,4.0,16.0,4.0,611M1,13.0,22806.0,2146.0
2861361,2861362,23.0,1156626,1,2,0,1,1.0,35.0,1.0,16.0,4.0,611M1,13.0,22805.0,2145.0
2861362,2861363,22.0,1156627,1,2,0,1,1.0,6.0,4.0,16.0,4.0,611M1,13.0,22806.0,2146.0
2861363,2861364,22.0,1156628,1,2,0,1,1.0,15.0,2.0,16.0,4.0,611M1,13.0,22807.0,2146.0
2861364,2861365,23.0,1156629,1,2,0,1,1.0,35.0,1.0,16.0,4.0,611M1,13.0,22807.0,2146.0
2861365,2861366,24.0,1156630,1,2,0,1,1.0,9.0,6.0,16.0,4.0,611M1,13.0,22803.0,2144.0
2861366,2861367,22.0,1156631,1,2,0,1,1.0,15.0,2.0,16.0,4.0,611M1,13.0,22805.0,2145.0
2861367,2861368,22.0,1156632,1,2,0,1,1.0,6.0,4.0,16.0,4.0,611M1,13.0,22805.0,2145.0
2861368,2861369,21.0,1156633,1,2,0,1,1.0,20.0,1.0,15.0,4.0,611M1,13.0,22805.0,2145.0
2861369,2861370,21.0,1156634,1,2,0,1,1.0,6.0,1.0,15.0,4.0,611M3,13.0,22805.0,2145.0
2861370,2861371,22.0,1156635,1,2,0,1,1.0,6.0,4.0,16.0,4.0,611M1,13.0,22807.0,2146.0
2861371,2861372,23.0,1156636,1,2,0,1,1.0,40.0,5.0,-9.0,4.0,611M1,13.0,22805.0,2145.0
2861372,2861373,23.0,1156637,1,2,0,1,1.0,40.0,5.0,-9.0,4.0,611M1,13.0,22805.0,2145.0
2861373,2861374,21.0,1156638,1,2,0,1,1.0,6.0,1.0,15.0,4.0,611M3,13.0,22806.0,2146.0
2861374,2861375,23.0,1156639,1,2,0,1,1.0,35.0,1.0,16.0,4.0,611M1,13.0,22807.0,2146.0
2861375,2861376,23.0,1156640,1,1,0,1,1.0,40.0,6.0,15.0,4.0,8111Z,17.0,22803.0,2144.0
2861376,2861377,23.0,1156641,1,1,0,1,1.0,40.0,6.0,15.0,4.0,8111Z,17.0,22807.0,2146.0
2861377,2861378,23.0,1156642,1,1,0,1,1.0,40.0,6.0,15.0,4.0,8111Z,17.0,22803.0,2144.0
2861378,2861379,23.0,1156643,1,1,0,1,1.0,40.0,6.0,15.0,4.0,8111Z,17.0,22806.0,2146.0
2861379,2861380,23.0,1156644,1,1,0,1,1.0,40.0,6.0,15.0,4.0,8111Z,17.0,22805.0,2145.0
2861380,2861381,23.0,1156645,1,1,0,1,1.0,40.0,6.0,15.0,4.0,8111Z,17.0,22807.0,2146.0
2861381,2861382,23.0,1156646,1,1,0,1,1.0,40.0,6.0,15.0,4.0,8111Z,17.0,22805.0,2145.0
2861382,2861383,23.0,1156647,1,1,0,1,1.0,40.0,6.0,15.0,4.0,8111Z,17.0,22805.0,2145.0
2861383,2861384,23.0,1156648,1,1,0,1,1.0,40.0,6.0,15.0,4.0,8111Z,17.0,22805.0,2145.0
2861384,2861385,23.0,1156649,1,1,0,1,1.0,40.0,6.0,15.0,4.0,8111Z,17.0,22806.0,2146.0
2861385,2861386,23.0,1156650,1,1,0,1,1.0,40.0,6.0,15.0,4.0,8111Z,17.0,22805.0,2145.0
2861386,2861387,23.0,1156651,1,1,0,1,1.0,40.0,6.0,15.0,4.0,8111Z,17.0,22806.0,2146.0
2861387,2861388,23.0,1156652,1,1,0,1,1.0,40.0,6.0,15.0,4.0,8111Z,17.0,22803.0,2144.0
2861388,2861389,23.0,1156653,1,1,0,1,1.0,40.0,6.0,15.0,4.0,8111Z,17.0,22807.0,2146.0
2861389,2861390,23.0,1156654,1,1,0,1,1.0,40.0,6.0,15.0,4.0,8111Z,17.0,22806.0,2146.0
2861390,2861391,20.0,1156655,1,1,0,1,1.0,20.0,5.0,15.0,4.0,611M1,13.0,22807.0,2146.0
2861391,2861392,24.0,1156656,1,2,0,1,6.0,-9.0,-9.0,-9.0,4.0,5419Z,10.0,22807.0,2146.0
2861392,2861393,24.0,1156657,1,2,0,1,6.0,-9.0,-9.0,-9.0,4.0,5419Z,10.0,22806.0,2146.0
2861393,2861394,24.0,1156658,1,2,0,1,6.0,-9.0,-9.0,-9.0,4.0,5419Z,10.0,22807.0,2146.0
2861394,2861395,24.0,1156659,1,2,0,1,6.0,-9.0,-9.0,-9.0,4.0,5419Z,10.0,22807.0,2146.0
2861395,2861396,24.0,1156660,1,2,0,1,6.0,-9.0,-9.0,-9.0,4.0,5419Z,10.0,22806.0,2146.0
2861396,2861397,24.0,1156661,1,2,0,1,6.0,-9.0,-9.0,-9.0,4.0,5419Z,10.0,22807.0,2146.0
2861397,2861398,24.0,1156662,1,2,0,1,6.0,-9.0,-9.0,-9.0,4.0,5419Z,10.0,22807.0,2146.0
2861398,2861399,23.0,1156663,1,2,0,1,1.0,35.0,1.0,16.0,4.0,721M,16.0,22805.0,2145.0
2861399,2861400,23.0,1156664,1,2,0,1,1.0,50.0,1.0,16.0,4.0,611M1,13.0,22807.0,2146.0
2861400,2861401,23.0,1156665,1,2,0,1,1.0,50.0,1.0,16.0,4.0,611M1,13.0,22807.0,2146.0
2861401,2861402,23.0,1156666,1,2,0,1,1.0,50.0,1.0,16.0,4.0,611M1,13.0,22807.0,2146.0
2861402,2861403,24.0,1156667,1,2,0,1,1.0,50.0,5.0,-9.0,4.0,611M1,13.0,22805.0,2145.0
2861403,2861404,19.0,1156668,1,1,0,1,1.0,10.0,6.0,15.0,4.0,7111,16.0,22806.0,2146.0
2861404,2861405,21.0,1156669,1,1,0,1,1.0,10.0,6.0,15.0,4.0,611M1,13.0,22807.0,2146.0
2861405,2861406,21.0,1156670,1,1,0,1,1.0,10.0,6.0,15.0,4.0,611M1,13.0,22807.0,2146.0
2861406,2861407,21.0,1156671,1,1,0,1,1.0,10.0,6.0,15.0,4.0,611M1,13.0,22803.0,2144.0
2861407,2861408,21.0,1156672,1,1,0,1,1.0,10.0,6.0,15.0,4.0,611M1,13.0,22805.0,2145.0
2861408,2861409,21.0,1156673,1,1,0,1,1.0,10.0,6.0,15.0,4.0,611M1,13.0,22807.0,2146.0
2861409,2861410,21.0,1156674,1,1,0,1,6.0,50.0,5.0,15.0,4.0,56173,12.0,22805.0,2145.0
2861410,2861411,21.0,1156675,1,1,0,1,6.0,50.0,5.0,15.0,4.0,56173,12.0,22807.0,2146.0
2861411,2861412,21.0,1156676,1,1,0,1,6.0,50.0,5.0,15.0,4.0,56173,12.0,22807.0,2146.0
2861412,2861413,21.0,1156677,1,1,0,1,6.0,50.0,5.0,15.0,4.0,56173,12.0,22805.0,2145.0
2861413,2861414,21.0,1156678,1,1,0,1,6.0,50.0,5.0,15.0,4.0,56173,12.0,22805.0,2145.0
2861414,2861415,65.0,1156679,1,2,0,1,1.0,45.0,3.0,-9.0,4.0,611M3,13.0,22802.0,2144.0
2861415,2861416,65.0,1156679,2,1,1,1,1.0,45.0,1.0,-9.0,4.0,611M1,13.0,22802.0,2144.0
2861416,2861417,24.0,1156679,3,2,2,1,2.0,25.0,4.0,-9.0,4.0,611M3,13.0,22802.0,2144.0
2861417,2861418,65.0,1156680,1,2,0,1,1.0,45.0,3.0,-9.0,4.0,611M3,13.0,22804.0,2144.0
2861418,2861419,65.0,1156680,2,1,1,1,1.0,45.0,1.0,-9.0,4.0,611M1,13.0,22804.0,2144.0
2861419,2861420,24.0,1156680,3,2,2,1,2.0,25.0,4.0,-9.0,4.0,611M3,13.0,22804.0,2144.0
2861420,2861421,65.0,1156681,1,2,0,1,1.0,45.0,3.0,-9.0,4.0,611M3,13.0,22802.0,2144.0
2861421,2861422,65.0,1156681,2,1,1,1,1.0,45.0,1.0,-9.0,4.0,611M1,13.0,22802.0,2144.0
2861422,2861423,24.0,1156681,3,2,2,1,2.0,25.0,4.0,-9.0,4.0,611M3,13.0,22802.0,2144.0
2861423,2861424,65.0,1156682,1,2,0,1,1.0,45.0,3.0,-9.0,4.0,611M3,13.0,22802.0,2144.0
2861424,2861425,65.0,1156682,2,1,1,1,1.0,45.0,1.0,-9.0,4.0,611M1,13.0,22802.0,2144.0
2861425,2861426,24.0,1156682,3,2,2,1,2.0,25.0,4.0,-9.0,4.0,611M3,13.0,22802.0,2144.0
2861426,2861427,65.0,1156683,1,2,0,1,1.0,45.0,3.0,-9.0,4.0,611M3,13.0,22801.0,2143.0
2861427,2861428,65.0,1156683,2,1,1,1,1.0,45.0,1.0,-9.0,4.0,611M1,13.0,22801.0,2143.0
2861428,2861429,24.0,1156683,3,2,2,1,2.0,25.0,4.0,-9.0,4.0,611M3,13.0,22801.0,2143.0
2861429,2861430,65.0,1156684,1,2,0,1,1.0,45.0,3.0,-9.0,4.0,611M3,13.0,22802.0,2144.0
2861430,2861431,65.0,1156684,2,1,1,1,1.0,45.0,1.0,-9.0,4.0,611M1,13.0,22802.0,2144.0
2861431,2861432,24.0,1156684,3,2,2,1,2.0,25.0,4.0,-9.0,4.0,611M3,13.0,22802.0,2144.0
2861432,2861433,65.0,1156685,1,2,0,1,1.0,45.0,3.0,-9.0,4.0,611M3,13.0,22802.0,2144.0
2861433,2861434,65.0,1156685,2,1,1,1,1.0,45.0,1.0,-9.0,4.0,611M1,13.0,22802.0,2144.0
2861434,2861435,24.0,1156685,3,2,2,1,2.0,25.0,4.0,-9.0,4.0,611M3,13.0,22802.0,2144.0
2861435,2861436,65.0,1156686,1,2,0,1,1.0,45.0,3.0,-9.0,4.0,611M3,13.0,22804.0,2144.0
2861436,2861437,65.0,1156686,2,1,1,1,1.0,45.0,1.0,-9.0,4.0,611M1,13.0,22804.0,2144.0
2861437,2861438,24.0,1156686,3,2,2,1,2.0,25.0,4.0,-9.0,4.0,611M3,13.0,22804.0,2144.0
2861438,2861439,65.0,1156687,1,2,0,1,1.0,45.0,3.0,-9.0,4.0,611M3,13.0,22804.0,2144.0
2861439,2861440,65.0,1156687,2,1,1,1,1.0,45.0,1.0,-9.0,4.0,611M1,13.0,22804.0,2144.0
2861440,2861441,24.0,1156687,3,2,2,1,2.0,25.0,4.0,-9.0,4.0,611M3,13.0,22804.0,2144.0
2861441,2861442,65.0,1156688,1,2,0,1,1.0,45.0,3.0,-9.0,4.0,611M3,13.0,22804.0,2144.0
2861442,2861443,65.0,1156688,2,1,1,1,1.0,45.0,1.0,-9.0,4.0,611M1,13.0,22804.0,2144.0
2861443,2861444,24.0,1156688,3,2,2,1,2.0,25.0,4.0,-9.0,4.0,611M3,13.0,22804.0,2144.0
2861444,2861445,65.0,1156689,1,2,0,1,1.0,45.0,3.0,-9.0,4.0,611M3,13.0,22801.0,2143.0
2861445,2861446,65.0,1156689,2,1,1,1,1.0,45.0,1.0,-9.0,4.0,611M1,13.0,22801.0,2143.0
2861446,2861447,24.0,1156689,3,2,2,1,2.0,25.0,4.0,-9.0,4.0,611M3,13.0,22801.0,2143.0
2861447,2861448,65.0,1156690,1,2,0,1,1.0,45.0,3.0,-9.0,4.0,611M3,13.0,22802.0,2144.0
2861448,2861449,65.0,1156690,2,1,1,1,1.0,45.0,1.0,-9.0,4.0,611M1,13.0,22802.0,2144.0
2861449,2861450,24.0,1156690,3,2,2,1,2.0,25.0,4.0,-9.0,4.0,611M3,13.0,22802.0,2144.0
2861450,2861451,65.0,1156691,1,2,0,1,1.0,45.0,3.0,-9.0,4.0,611M3,13.0,22804.0,2144.0
2861451,2861452,65.0,1156691,2,1,1,1,1.0,45.0,1.0,-9.0,4.0,611M1,13.0,22804.0,2144.0
2861452,2861453,24.0,1156691,3,2,2,1,2.0,25.0,4.0,-9.0,4.0,611M3,13.0,22804.0,2144.0
2861453,2861454,65.0,1156692,1,2,0,1,1.0,45.0,3.0,-9.0,4.0,611M3,13.0,22801.0,2143.0
2861454,2861455,65.0,1156692,2,1,1,1,1.0,45.0,1.0,-9.0,4.0,611M1,13.0,22801.0,2143.0
2861455,2861456,24.0,1156692,3,2,2,1,2.0,25.0,4.0,-9.0,4.0,611M3,13.0,22801.0,2143.0
2861456,2861457,49.0,1156693,1,1,0,2,1.0,40.0,1.0,-9.0,4.0,484,6.0,22801.0,2143.0
2861457,2861458,34.0,1156693,2,2,10,2,1.0,32.0,3.0,-9.0,4.0,44611,5.0,22801.0,2143.0
2861458,2861459,18.0,1156693,3,2,10,2,3.0,-9.0,-9.0,-9.0,4.0,999920,0.0,22801.0,2143.0
2861459,2861460,50.0,1156693,4,2,13,2,1.0,32.0,1.0,-9.0,4.0,5617Z,12.0,22801.0,2143.0
2861460,2861461,58.0,1156694,1,2,0,1,1.0,40.0,1.0,-9.0,4.0,611M1,13.0,22802.0,2144.0
2861461,2861462,64.0,1156694,2,1,1,1,1.0,40.0,1.0,-9.0,4.0,5313,9.0,22802.0,2144.0
2861462,2861463,24.0,1156694,3,1,2,1,1.0,30.0,5.0,15.0,4.0,3118Z,3.0,22802.0,2144.0
2861463,2861464,23.0,1156694,4,1,2,1,1.0,16.0,1.0,-9.0,4.0,44511,5.0,22802.0,2144.0
2861464,2861465,70.0,1156694,5,2,5,1,6.0,-9.0,-9.0,-9.0,4.0,-9,0.0,22802.0,2144.0
2861465,2861466,58.0,1156695,1,2,0,1,1.0,40.0,1.0,-9.0,4.0,611M1,13.0,22801.0,2143.0
2861466,2861467,64.0,1156695,2,1,1,1,1.0,40.0,1.0,-9.0,4.0,5313,9.0,22801.0,2143.0
2861467,2861468,24.0,1156695,3,1,2,1,1.0,30.0,5.0,15.0,4.0,3118Z,3.0,22801.0,2143.0
2861468,2861469,23.0,1156695,4,1,2,1,1.0,16.0,1.0,-9.0,4.0,44511,5.0,22801.0,2143.0
2861469,2861470,70.0,1156695,5,2,5,1,6.0,-9.0,-9.0,-9.0,4.0,-9,0.0,22801.0,2143.0
2861470,2861471,58.0,1156696,1,2,0,1,1.0,40.0,1.0,-9.0,4.0,611M1,13.0,22802.0,2144.0
2861471,2861472,64.0,1156696,2,1,1,1,1.0,40.0,1.0,-9.0,4.0,5313,9.0,22802.0,2144.0
2861472,2861473,24.0,1156696,3,1,2,1,1.0,30.0,5.0,15.0,4.0,3118Z,3.0,22802.0,2144.0
2861473,2861474,23.0,1156696,4,1,2,1,1.0,16.0,1.0,-9.0,4.0,44511,5.0,22802.0,2144.0
2861474,2861475,70.0,1156696,5,2,5,1,6.0,-9.0,-9.0,-9.0,4.0,-9,0.0,22802.0,2144.0
2861475,2861476,58.0,1156697,1,2,0,1,1.0,40.0,1.0,-9.0,4.0,611M1,13.0,22804.0,2144.0
2861476,2861477,64.0,1156697,2,1,1,1,1.0,40.0,1.0,-9.0,4.0,5313,9.0,22804.0,2144.0
2861477,2861478,24.0,1156697,3,1,2,1,1.0,30.0,5.0,15.0,4.0,3118Z,3.0,22804.0,2144.0
2861478,2861479,23.0,1156697,4,1,2,1,1.0,16.0,1.0,-9.0,4.0,44511,5.0,22804.0,2144.0
2861479,2861480,70.0,1156697,5,2,5,1,6.0,-9.0,-9.0,-9.0,4.0,-9,0.0,22804.0,2144.0
2861480,2861481,58.0,1156698,1,2,0,1,1.0,40.0,1.0,-9.0,4.0,611M1,13.0,22802.0,2144.0
2861481,2861482,64.0,1156698,2,1,1,1,1.0,40.0,1.0,-9.0,4.0,5313,9.0,22802.0,2144.0
2861482,2861483,24.0,1156698,3,1,2,1,1.0,30.0,5.0,15.0,4.0,3118Z,3.0,22802.0,2144.0
2861483,2861484,23.0,1156698,4,1,2,1,1.0,16.0,1.0,-9.0,4.0,44511,5.0,22802.0,2144.0
2861484,2861485,70.0,1156698,5,2,5,1,6.0,-9.0,-9.0,-9.0,4.0,-9,0.0,22802.0,2144.0
2861485,2861486,58.0,1156699,1,2,0,1,1.0,40.0,1.0,-9.0,4.0,611M1,13.0,22802.0,2144.0
2861486,2861487,64.0,1156699,2,1,1,1,1.0,40.0,1.0,-9.0,4.0,5313,9.0,22802.0,2144.0
2861487,2861488,24.0,1156699,3,1,2,1,1.0,30.0,5.0,15.0,4.0,3118Z,3.0,22802.0,2144.0
2861488,2861489,23.0,1156699,4,1,2,1,1.0,16.0,1.0,-9.0,4.0,44511,5.0,22802.0,2144.0
2861489,2861490,70.0,1156699,5,2,5,1,6.0,-9.0,-9.0,-9.0,4.0,-9,0.0,22802.0,2144.0
2861490,2861491,58.0,1156700,1,2,0,1,1.0,40.0,1.0,-9.0,4.0,611M1,13.0,22801.0,2143.0
2861491,2861492,64.0,1156700,2,1,1,1,1.0,40.0,1.0,-9.0,4.0,5313,9.0,22801.0,2143.0
2861492,2861493,24.0,1156700,3,1,2,1,1.0,30.0,5.0,15.0,4.0,3118Z,3.0,22801.0,2143.0
2861493,2861494,23.0,1156700,4,1,2,1,1.0,16.0,1.0,-9.0,4.0,44511,5.0,22801.0,2143.0
2861494,2861495,70.0,1156700,5,2,5,1,6.0,-9.0,-9.0,-9.0,4.0,-9,0.0,22801.0,2143.0
2861495,2861496,58.0,1156701,1,2,0,1,1.0,40.0,1.0,-9.0,4.0,611M1,13.0,22802.0,2144.0
2861496,2861497,64.0,1156701,2,1,1,1,1.0,40.0,1.0,-9.0,4.0,5313,9.0,22802.0,2144.0
2861497,2861498,24.0,1156701,3,1,2,1,1.0,30.0,5.0,15.0,4.0,3118Z,3.0,22802.0,2144.0
2861498,2861499,23.0,1156701,4,1,2,1,1.0,16.0,1.0,-9.0,4.0,44511,5.0,22802.0,2144.0
2861499,2861500,70.0,1156701,5,2,5,1,6.0,-9.0,-9.0,-9.0,4.0,-9,0.0,22802.0,2144.0
2861500,2861501,58.0,1156702,1,2,0,1,1.0,40.0,1.0,-9.0,4.0,611M1,13.0,22801.0,2143.0
2861501,2861502,64.0,1156702,2,1,1,1,1.0,40.0,1.0,-9.0,4.0,5313,9.0,22801.0,2143.0
2861502,2861503,24.0,1156702,3,1,2,1,1.0,30.0,5.0,15.0,4.0,3118Z,3.0,22801.0,2143.0
2861503,2861504,23.0,1156702,4,1,2,1,1.0,16.0,1.0,-9.0,4.0,44511,5.0,22801.0,2143.0
2861504,2861505,70.0,1156702,5,2,5,1,6.0,-9.0,-9.0,-9.0,4.0,-9,0.0,22801.0,2143.0
2861505,2861506,58.0,1156703,1,2,0,1,1.0,40.0,1.0,-9.0,4.0,611M1,13.0,22802.0,2144.0
2861506,2861507,64.0,1156703,2,1,1,1,1.0,40.0,1.0,-9.0,4.0,5313,9.0,22802.0,2144.0
2861507,2861508,24.0,1156703,3,1,2,1,1.0,30.0,5.0,15.0,4.0,3118Z,3.0,22802.0,2144.0
2861508,2861509,23.0,1156703,4,1,2,1,1.0,16.0,1.0,-9.0,4.0,44511,5.0,22802.0,2144.0
2861509,2861510,70.0,1156703,5,2,5,1,6.0,-9.0,-9.0,-9.0,4.0,-9,0.0,22802.0,2144.0
2861510,2861511,45.0,1156704,1,2,0,1,1.0,45.0,1.0,-9.0,4.0,621M,14.0,22805.0,2145.0
2861511,2861512,45.0,1156704,2,1,12,1,1.0,40.0,1.0,-9.0,4.0,23,2.0,22805.0,2145.0
2861512,2861513,28.0,1156704,3,1,12,1,1.0,30.0,4.0,-9.0,4.0,23,2.0,22805.0,2145.0
2861513,2861514,24.0,1156704,4,1,12,1,1.0,40.0,1.0,-9.0,4.0,722Z,16.0,22805.0,2145.0
2861514,2861515,49.0,1156705,1,2,0,1,1.0,40.0,1.0,-9.0,4.0,622M,15.0,22801.0,2143.0
2861515,2861516,50.0,1156705,2,1,1,1,1.0,40.0,1.0,-9.0,4.0,621M,14.0,22801.0,2143.0
2861516,2861517,23.0,1156705,3,1,2,1,1.0,30.0,4.0,-9.0,4.0,23,2.0,22801.0,2143.0
2861517,2861518,49.0,1156706,1,2,0,1,1.0,40.0,1.0,-9.0,4.0,622M,15.0,22801.0,2143.0
2861518,2861519,50.0,1156706,2,1,1,1,1.0,40.0,1.0,-9.0,4.0,621M,14.0,22801.0,2143.0
2861519,2861520,23.0,1156706,3,1,2,1,1.0,30.0,4.0,-9.0,4.0,23,2.0,22801.0,2143.0
2861520,2861521,49.0,1156707,1,2,0,1,1.0,40.0,1.0,-9.0,4.0,622M,15.0,22801.0,2143.0
2861521,2861522,50.0,1156707,2,1,1,1,1.0,40.0,1.0,-9.0,4.0,621M,14.0,22801.0,2143.0
2861522,2861523,23.0,1156707,3,1,2,1,1.0,30.0,4.0,-9.0,4.0,23,2.0,22801.0,2143.0
2861523,2861524,49.0,1156708,1,2,0,1,1.0,40.0,1.0,-9.0,4.0,622M,15.0,22802.0,2144.0
2861524,2861525,50.0,1156708,2,1,1,1,1.0,40.0,1.0,-9.0,4.0,621M,14.0,22802.0,2144.0
2861525,2861526,23.0,1156708,3,1,2,1,1.0,30.0,4.0,-9.0,4.0,23,2.0,22802.0,2144.0
2861526,2861527,49.0,1156709,1,2,0,1,1.0,40.0,1.0,-9.0,4.0,622M,15.0,22804.0,2144.0
2861527,2861528,50.0,1156709,2,1,1,1,1.0,40.0,1.0,-9.0,4.0,621M,14.0,22804.0,2144.0
2861528,2861529,23.0,1156709,3,1,2,1,1.0,30.0,4.0,-9.0,4.0,23,2.0,22804.0,2144.0
2861529,2861530,49.0,1156710,1,2,0,1,1.0,40.0,1.0,-9.0,4.0,622M,15.0,22802.0,2144.0
2861530,2861531,50.0,1156710,2,1,1,1,1.0,40.0,1.0,-9.0,4.0,621M,14.0,22802.0,2144.0
2861531,2861532,23.0,1156710,3,1,2,1,1.0,30.0,4.0,-9.0,4.0,23,2.0,22802.0,2144.0
2861532,2861533,49.0,1156711,1,2,0,1,1.0,40.0,1.0,-9.0,4.0,622M,15.0,22801.0,2143.0
2861533,2861534,50.0,1156711,2,1,1,1,1.0,40.0,1.0,-9.0,4.0,621M,14.0,22801.0,2143.0
2861534,2861535,23.0,1156711,3,1,2,1,1.0,30.0,4.0,-9.0,4.0,23,2.0,22801.0,2143.0
2861535,2861536,49.0,1156712,1,2,0,1,1.0,40.0,1.0,-9.0,4.0,622M,15.0,22802.0,2144.0
2861536,2861537,50.0,1156712,2,1,1,1,1.0,40.0,1.0,-9.0,4.0,621M,14.0,22802.0,2144.0
2861537,2861538,23.0,1156712,3,1,2,1,1.0,30.0,4.0,-9.0,4.0,23,2.0,22802.0,2144.0
2861538,2861539,49.0,1156713,1,2,0,1,1.0,40.0,1.0,-9.0,4.0,622M,15.0,22804.0,2144.0
2861539,2861540,50.0,1156713,2,1,1,1,1.0,40.0,1.0,-9.0,4.0,621M,14.0,22804.0,2144.0
2861540,2861541,23.0,1156713,3,1,2,1,1.0,30.0,4.0,-9.0,4.0,23,2.0,22804.0,2144.0
2861541,2861542,49.0,1156714,1,2,0,1,1.0,40.0,1.0,-9.0,4.0,622M,15.0,22804.0,2144.0
2861542,2861543,50.0,1156714,2,1,1,1,1.0,40.0,1.0,-9.0,4.0,621M,14.0,22804.0,2144.0
2861543,2861544,23.0,1156714,3,1,2,1,1.0,30.0,4.0,-9.0,4.0,23,2.0,22804.0,2144.0
2861544,2861545,49.0,1156715,1,2,0,1,1.0,40.0,1.0,-9.0,4.0,622M,15.0,22801.0,2143.0
2861545,2861546,50.0,1156715,2,1,1,1,1.0,40.0,1.0,-9.0,4.0,621M,14.0,22801.0,2143.0
2861546,2861547,23.0,1156715,3,1,2,1,1.0,30.0,4.0,-9.0,4.0,23,2.0,22801.0,2143.0
2861547,2861548,49.0,1156716,1,2,0,1,1.0,40.0,1.0,-9.0,4.0,622M,15.0,22802.0,2144.0
2861548,2861549,50.0,1156716,2,1,1,1,1.0,40.0,1.0,-9.0,4.0,621M,14.0,22802.0,2144.0
2861549,2861550,23.0,1156716,3,1,2,1,1.0,30.0,4.0,-9.0,4.0,23,2.0,22802.0,2144.0
2861550,2861551,49.0,1156717,1,2,0,1,1.0,40.0,1.0,-9.0,4.0,622M,15.0,22801.0,2143.0
2861551,2861552,50.0,1156717,2,1,1,1,1.0,40.0,1.0,-9.0,4.0,621M,14.0,22801.0,2143.0
2861552,2861553,23.0,1156717,3,1,2,1,1.0,30.0,4.0,-9.0,4.0,23,2.0,22801.0,2143.0
2861553,2861554,49.0,1156718,1,2,0,1,1.0,40.0,1.0,-9.0,4.0,622M,15.0,22804.0,2144.0
2861554,2861555,50.0,1156718,2,1,1,1,1.0,40.0,1.0,-9.0,4.0,621M,14.0,22804.0,2144.0
2861555,2861556,23.0,1156718,3,1,2,1,1.0,30.0,4.0,-9.0,4.0,23,2.0,22804.0,2144.0
2861556,2861557,49.0,1156719,1,2,0,1,1.0,40.0,1.0,-9.0,4.0,622M,15.0,22804.0,2144.0
2861557,2861558,50.0,1156719,2,1,1,1,1.0,40.0,1.0,-9.0,4.0,621M,14.0,22804.0,2144.0
2861558,2861559,23.0,1156719,3,1,2,1,1.0,30.0,4.0,-9.0,4.0,23,2.0,22804.0,2144.0
2861559,2861560,49.0,1156720,1,2,0,1,1.0,40.0,1.0,-9.0,4.0,622M,15.0,22802.0,2144.0
2861560,2861561,50.0,1156720,2,1,1,1,1.0,40.0,1.0,-9.0,4.0,621M,14.0,22802.0,2144.0
2861561,2861562,23.0,1156720,3,1,2,1,1.0,30.0,4.0,-9.0,4.0,23,2.0,22802.0,2144.0
2861562,2861563,49.0,1156721,1,2,0,1,1.0,40.0,1.0,-9.0,4.0,622M,15.0,22802.0,2144.0
2861563,2861564,50.0,1156721,2,1,1,1,1.0,40.0,1.0,-9.0,4.0,621M,14.0,22802.0,2144.0
2861564,2861565,23.0,1156721,3,1,2,1,1.0,30.0,4.0,-9.0,4.0,23,2.0,22802.0,2144.0
2861565,2861566,49.0,1156722,1,2,0,1,1.0,40.0,1.0,-9.0,4.0,622M,15.0,22802.0,2144.0
2861566,2861567,50.0,1156722,2,1,1,1,1.0,40.0,1.0,-9.0,4.0,621M,14.0,22802.0,2144.0
2861567,2861568,23.0,1156722,3,1,2,1,1.0,30.0,4.0,-9.0,4.0,23,2.0,22802.0,2144.0
2861568,2861569,49.0,1156723,1,2,0,1,1.0,40.0,1.0,-9.0,4.0,622M,15.0,22802.0,2144.0
2861569,2861570,50.0,1156723,2,1,1,1,1.0,40.0,1.0,-9.0,4.0,621M,14.0,22802.0,2144.0
2861570,2861571,23.0,1156723,3,1,2,1,1.0,30.0,4.0,-9.0,4.0,23,2.0,22802.0,2144.0
2861571,2861572,49.0,1156724,1,2,0,1,1.0,40.0,1.0,-9.0,4.0,622M,15.0,22804.0,2144.0
2861572,2861573,50.0,1156724,2,1,1,1,1.0,40.0,1.0,-9.0,4.0,621M,14.0,22804.0,2144.0
2861573,2861574,23.0,1156724,3,1,2,1,1.0,30.0,4.0,-9.0,4.0,23,2.0,22804.0,2144.0
2861574,2861575,49.0,1156725,1,2,0,1,1.0,40.0,1.0,-9.0,4.0,622M,15.0,22804.0,2144.0
2861575,2861576,50.0,1156725,2,1,1,1,1.0,40.0,1.0,-9.0,4.0,621M,14.0,22804.0,2144.0
2861576,2861577,23.0,1156725,3,1,2,1,1.0,30.0,4.0,-9.0,4.0,23,2.0,22804.0,2144.0
2861577,2861578,49.0,1156726,1,2,0,1,1.0,40.0,1.0,-9.0,4.0,622M,15.0,22802.0,2144.0
2861578,2861579,50.0,1156726,2,1,1,1,1.0,40.0,1.0,-9.0,4.0,621M,14.0,22802.0,2144.0
2861579,2861580,23.0,1156726,3,1,2,1,1.0,30.0,4.0,-9.0,4.0,23,2.0,22802.0,2144.0
2861580,2861581,49.0,1156727,1,2,0,1,1.0,40.0,1.0,-9.0,4.0,622M,15.0,22804.0,2144.0
2861581,2861582,50.0,1156727,2,1,1,1,1.0,40.0,1.0,-9.0,4.0,621M,14.0,22804.0,2144.0
2861582,2861583,23.0,1156727,3,1,2,1,1.0,30.0,4.0,-9.0,4.0,23,2.0,22804.0,2144.0
2861583,2861584,49.0,1156728,1,2,0,1,1.0,40.0,1.0,-9.0,4.0,622M,15.0,22802.0,2144.0
2861584,2861585,50.0,1156728,2,1,1,1,1.0,40.0,1.0,-9.0,4.0,621M,14.0,22802.0,2144.0
2861585,2861586,23.0,1156728,3,1,2,1,1.0,30.0,4.0,-9.0,4.0,23,2.0,22802.0,2144.0
2861586,2861587,49.0,1156729,1,2,0,1,1.0,40.0,1.0,-9.0,4.0,622M,15.0,22801.0,2143.0
2861587,2861588,50.0,1156729,2,1,1,1,1.0,40.0,1.0,-9.0,4.0,621M,14.0,22801.0,2143.0
2861588,2861589,23.0,1156729,3,1,2,1,1.0,30.0,4.0,-9.0,4.0,23,2.0,22801.0,2143.0
2861589,2861590,49.0,1156730,1,2,0,1,1.0,40.0,1.0,-9.0,4.0,622M,15.0,22805.0,2145.0
2861590,2861591,50.0,1156730,2,1,1,1,1.0,40.0,1.0,-9.0,4.0,621M,14.0,22805.0,2145.0
2861591,2861592,23.0,1156730,3,1,2,1,1.0,30.0,4.0,-9.0,4.0,23,2.0,22805.0,2145.0
2861592,2861593,49.0,1156731,1,2,0,1,1.0,40.0,1.0,-9.0,4.0,622M,15.0,22802.0,2144.0
2861593,2861594,50.0,1156731,2,1,1,1,1.0,40.0,1.0,-9.0,4.0,621M,14.0,22802.0,2144.0
2861594,2861595,23.0,1156731,3,1,2,1,1.0,30.0,4.0,-9.0,4.0,23,2.0,22802.0,2144.0
2861595,2861596,49.0,1156732,1,2,0,1,1.0,40.0,1.0,-9.0,4.0,622M,15.0,22805.0,2145.0
2861596,2861597,50.0,1156732,2,1,1,1,1.0,40.0,1.0,-9.0,4.0,621M,14.0,22805.0,2145.0
2861597,2861598,23.0,1156732,3,1,2,1,1.0,30.0,4.0,-9.0,4.0,23,2.0,22805.0,2145.0
2861598,2861599,49.0,1156733,1,2,0,1,1.0,40.0,1.0,-9.0,4.0,622M,15.0,22801.0,2143.0
2861599,2861600,50.0,1156733,2,1,1,1,1.0,40.0,1.0,-9.0,4.0,621M,14.0,22801.0,2143.0
2861600,2861601,23.0,1156733,3,1,2,1,1.0,30.0,4.0,-9.0,4.0,23,2.0,22801.0,2143.0
2861601,2861602,49.0,1156734,1,2,0,1,1.0,40.0,1.0,-9.0,4.0,622M,15.0,22804.0,2144.0
2861602,2861603,50.0,1156734,2,1,1,1,1.0,40.0,1.0,-9.0,4.0,621M,14.0,22804.0,2144.0
2861603,2861604,23.0,1156734,3,1,2,1,1.0,30.0,4.0,-9.0,4.0,23,2.0,22804.0,2144.0
2861604,2861605,49.0,1156735,1,2,0,1,1.0,40.0,1.0,-9.0,4.0,622M,15.0,22802.0,2144.0
2861605,2861606,50.0,1156735,2,1,1,1,1.0,40.0,1.0,-9.0,4.0,621M,14.0,22802.0,2144.0
2861606,2861607,23.0,1156735,3,1,2,1,1.0,30.0,4.0,-9.0,4.0,23,2.0,22802.0,2144.0
2861607,2861608,49.0,1156736,1,2,0,1,1.0,40.0,1.0,-9.0,4.0,622M,15.0,22804.0,2144.0
2861608,2861609,50.0,1156736,2,1,1,1,1.0,40.0,1.0,-9.0,4.0,621M,14.0,22804.0,2144.0
2861609,2861610,23.0,1156736,3,1,2,1,1.0,30.0,4.0,-9.0,4.0,23,2.0,22804.0,2144.0
2861610,2861611,49.0,1156737,1,2,0,1,1.0,40.0,1.0,-9.0,4.0,622M,15.0,22802.0,2144.0
2861611,2861612,50.0,1156737,2,1,1,1,1.0,40.0,1.0,-9.0,4.0,621M,14.0,22802.0,2144.0
2861612,2861613,23.0,1156737,3,1,2,1,1.0,30.0,4.0,-9.0,4.0,23,2.0,22802.0,2144.0
2861613,2861614,47.0,1156738,1,2,0,1,6.0,-9.0,-9.0,-9.0,4.0,-9,0.0,22802.0,2144.0
2861614,2861615,52.0,1156738,2,1,1,1,6.0,-9.0,-9.0,-9.0,4.0,-9,0.0,22802.0,2144.0
2861615,2861616,23.0,1156738,3,1,2,1,6.0,-9.0,-9.0,-9.0,4.0,-9,0.0,22802.0,2144.0
2861616,2861617,47.0,1156739,1,2,0,1,6.0,-9.0,-9.0,-9.0,4.0,-9,0.0,22804.0,2144.0
2861617,2861618,52.0,1156739,2,1,1,1,6.0,-9.0,-9.0,-9.0,4.0,-9,0.0,22804.0,2144.0
2861618,2861619,23.0,1156739,3,1,2,1,6.0,-9.0,-9.0,-9.0,4.0,-9,0.0,22804.0,2144.0
2861619,2861620,47.0,1156740,1,2,0,1,6.0,-9.0,-9.0,-9.0,4.0,-9,0.0,22801.0,2143.0
2861620,2861621,52.0,1156740,2,1,1,1,6.0,-9.0,-9.0,-9.0,4.0,-9,0.0,22801.0,2143.0
2861621,2861622,23.0,1156740,3,1,2,1,6.0,-9.0,-9.0,-9.0,4.0,-9,0.0,22801.0,2143.0
2861622,2861623,47.0,1156741,1,2,0,1,6.0,-9.0,-9.0,-9.0,4.0,-9,0.0,22801.0,2143.0
2861623,2861624,52.0,1156741,2,1,1,1,6.0,-9.0,-9.0,-9.0,4.0,-9,0.0,22801.0,2143.0
2861624,2861625,23.0,1156741,3,1,2,1,6.0,-9.0,-9.0,-9.0,4.0,-9,0.0,22801.0,2143.0
2861625,2861626,47.0,1156742,1,2,0,1,6.0,-9.0,-9.0,-9.0,4.0,-9,0.0,22801.0,2143.0
2861626,2861627,52.0,1156742,2,1,1,1,6.0,-9.0,-9.0,-9.0,4.0,-9,0.0,22801.0,2143.0
2861627,2861628,23.0,1156742,3,1,2,1,6.0,-9.0,-9.0,-9.0,4.0,-9,0.0,22801.0,2143.0
2861628,2861629,47.0,1156743,1,2,0,1,6.0,-9.0,-9.0,-9.0,4.0,-9,0.0,22801.0,2143.0
2861629,2861630,52.0,1156743,2,1,1,1,6.0,-9.0,-9.0,-9.0,4.0,-9,0.0,22801.0,2143.0
2861630,2861631,23.0,1156743,3,1,2,1,6.0,-9.0,-9.0,-9.0,4.0,-9,0.0,22801.0,2143.0
2861631,2861632,47.0,1156744,1,2,0,1,6.0,-9.0,-9.0,-9.0,4.0,-9,0.0,22801.0,2143.0
2861632,2861633,52.0,1156744,2,1,1,1,6.0,-9.0,-9.0,-9.0,4.0,-9,0.0,22801.0,2143.0
2861633,2861634,23.0,1156744,3,1,2,1,6.0,-9.0,-9.0,-9.0,4.0,-9,0.0,22801.0,2143.0
2861634,2861635,47.0,1156745,1,2,0,1,6.0,-9.0,-9.0,-9.0,4.0,-9,0.0,22801.0,2143.0
2861635,2861636,52.0,1156745,2,1,1,1,6.0,-9.0,-9.0,-9.0,4.0,-9,0.0,22801.0,2143.0
2861636,2861637,23.0,1156745,3,1,2,1,6.0,-9.0,-9.0,-9.0,4.0,-9,0.0,22801.0,2143.0
2861637,2861638,47.0,1156746,1,2,0,1,6.0,-9.0,-9.0,-9.0,4.0,-9,0.0,22801.0,2143.0
2861638,2861639,52.0,1156746,2,1,1,1,6.0,-9.0,-9.0,-9.0,4.0,-9,0.0,22801.0,2143.0
2861639,2861640,23.0,1156746,3,1,2,1,6.0,-9.0,-9.0,-9.0,4.0,-9,0.0,22801.0,2143.0
2861640,2861641,47.0,1156747,1,2,0,1,6.0,-9.0,-9.0,-9.0,4.0,-9,0.0,22804.0,2144.0
2861641,2861642,52.0,1156747,2,1,1,1,6.0,-9.0,-9.0,-9.0,4.0,-9,0.0,22804.0,2144.0
2861642,2861643,23.0,1156747,3,1,2,1,6.0,-9.0,-9.0,-9.0,4.0,-9,0.0,22804.0,2144.0
2861643,2861644,47.0,1156748,1,2,0,1,6.0,-9.0,-9.0,-9.0,4.0,-9,0.0,22804.0,2144.0
2861644,2861645,52.0,1156748,2,1,1,1,6.0,-9.0,-9.0,-9.0,4.0,-9,0.0,22804.0,2144.0
2861645,2861646,23.0,1156748,3,1,2,1,6.0,-9.0,-9.0,-9.0,4.0,-9,0.0,22804.0,2144.0
2861646,2861647,47.0,1156749,1,2,0,1,6.0,-9.0,-9.0,-9.0,4.0,-9,0.0,22801.0,2143.0
2861647,2861648,52.0,1156749,2,1,1,1,6.0,-9.0,-9.0,-9.0,4.0,-9,0.0,22801.0,2143.0
2861648,2861649,23.0,1156749,3,1,2,1,6.0,-9.0,-9.0,-9.0,4.0,-9,0.0,22801.0,2143.0
2861649,2861650,53.0,1156750,1,1,0,1,1.0,45.0,1.0,-9.0,4.0,5241,9.0,22804.0,2144.0
2861650,2861651,33.0,1156750,2,1,2,1,1.0,40.0,5.0,15.0,4.0,531M,9.0,22804.0,2144.0
2861651,2861652,19.0,1156750,3,2,4,1,2.0,15.0,6.0,15.0,4.0,722Z,16.0,22804.0,2144.0
2861652,2861653,15.0,1156750,4,2,4,1,-9.0,-9.0,-9.0,11.0,-9.0,-9,0.0,22804.0,2144.0
2861653,2861654,48.0,1156750,5,2,13,1,1.0,40.0,1.0,-9.0,4.0,52M2,9.0,22804.0,2144.0
2861654,2861655,26.0,1156751,1,2,0,4,1.0,40.0,3.0,16.0,4.0,611M1,13.0,22801.0,2143.0
2861655,2861656,24.0,1156751,2,2,12,4,6.0,-9.0,-9.0,16.0,4.0,-9,0.0,22801.0,2143.0
2861656,2861657,26.0,1156752,1,2,0,4,1.0,40.0,3.0,16.0,4.0,611M1,13.0,22802.0,2144.0
2861657,2861658,24.0,1156752,2,2,12,4,6.0,-9.0,-9.0,16.0,4.0,-9,0.0,22802.0,2144.0
2861658,2861659,26.0,1156753,1,2,0,4,1.0,40.0,3.0,16.0,4.0,611M1,13.0,22801.0,2143.0
2861659,2861660,24.0,1156753,2,2,12,4,6.0,-9.0,-9.0,16.0,4.0,-9,0.0,22801.0,2143.0
2861660,2861661,26.0,1156754,1,2,0,4,1.0,40.0,3.0,16.0,4.0,611M1,13.0,22804.0,2144.0
2861661,2861662,24.0,1156754,2,2,12,4,6.0,-9.0,-9.0,16.0,4.0,-9,0.0,22804.0,2144.0
2861662,2861663,26.0,1156755,1,2,0,4,1.0,40.0,3.0,16.0,4.0,611M1,13.0,22801.0,2143.0
2861663,2861664,24.0,1156755,2,2,12,4,6.0,-9.0,-9.0,16.0,4.0,-9,0.0,22801.0,2143.0
2861664,2861665,26.0,1156756,1,2,0,4,1.0,40.0,3.0,16.0,4.0,611M1,13.0,22801.0,2143.0
2861665,2861666,24.0,1156756,2,2,12,4,6.0,-9.0,-9.0,16.0,4.0,-9,0.0,22801.0,2143.0
2861666,2861667,26.0,1156757,1,2,0,4,1.0,40.0,3.0,16.0,4.0,611M1,13.0,22801.0,2143.0
2861667,2861668,24.0,1156757,2,2,12,4,6.0,-9.0,-9.0,16.0,4.0,-9,0.0,22801.0,2143.0
2861668,2861669,26.0,1156758,1,2,0,4,1.0,40.0,3.0,16.0,4.0,611M1,13.0,22802.0,2144.0
2861669,2861670,24.0,1156758,2,2,12,4,6.0,-9.0,-9.0,16.0,4.0,-9,0.0,22802.0,2144.0
2861670,2861671,26.0,1156759,1,2,0,4,1.0,40.0,3.0,16.0,4.0,611M1,13.0,22801.0,2143.0
2861671,2861672,24.0,1156759,2,2,12,4,6.0,-9.0,-9.0,16.0,4.0,-9,0.0,22801.0,2143.0
2861672,2861673,26.0,1156760,1,2,0,4,1.0,40.0,3.0,16.0,4.0,611M1,13.0,22801.0,2143.0
2861673,2861674,24.0,1156760,2,2,12,4,6.0,-9.0,-9.0,16.0,4.0,-9,0.0,22801.0,2143.0
2861674,2861675,26.0,1156761,1,2,0,4,1.0,40.0,3.0,16.0,4.0,611M1,13.0,22801.0,2143.0
2861675,2861676,24.0,1156761,2,2,12,4,6.0,-9.0,-9.0,16.0,4.0,-9,0.0,22801.0,2143.0
2861676,2861677,26.0,1156762,1,2,0,4,1.0,40.0,3.0,16.0,4.0,611M1,13.0,22805.0,2145.0
2861677,2861678,24.0,1156762,2,2,12,4,6.0,-9.0,-9.0,16.0,4.0,-9,0.0,22805.0,2145.0
2861678,2861679,26.0,1156763,1,2,0,4,1.0,40.0,3.0,16.0,4.0,611M1,13.0,22802.0,2144.0
2861679,2861680,24.0,1156763,2,2,12,4,6.0,-9.0,-9.0,16.0,4.0,-9,0.0,22802.0,2144.0
2861680,2861681,26.0,1156764,1,2,0,4,1.0,40.0,3.0,16.0,4.0,611M1,13.0,22804.0,2144.0
2861681,2861682,24.0,1156764,2,2,12,4,6.0,-9.0,-9.0,16.0,4.0,-9,0.0,22804.0,2144.0
2861682,2861683,26.0,1156765,1,2,0,4,1.0,40.0,3.0,16.0,4.0,611M1,13.0,22801.0,2143.0
2861683,2861684,24.0,1156765,2,2,12,4,6.0,-9.0,-9.0,16.0,4.0,-9,0.0,22801.0,2143.0
2861684,2861685,26.0,1156766,1,2,0,4,1.0,40.0,3.0,16.0,4.0,611M1,13.0,22802.0,2144.0
2861685,2861686,24.0,1156766,2,2,12,4,6.0,-9.0,-9.0,16.0,4.0,-9,0.0,22802.0,2144.0
2861686,2861687,26.0,1156767,1,2,0,4,1.0,40.0,3.0,16.0,4.0,611M1,13.0,22801.0,2143.0
2861687,2861688,24.0,1156767,2,2,12,4,6.0,-9.0,-9.0,16.0,4.0,-9,0.0,22801.0,2143.0
2861688,2861689,26.0,1156768,1,2,0,1,1.0,60.0,1.0,16.0,4.0,611M1,13.0,22802.0,2144.0
2861689,2861690,28.0,1156768,2,2,12,1,1.0,30.0,6.0,16.0,4.0,611M1,13.0,22802.0,2144.0
2861690,2861691,28.0,1156768,3,1,12,2,1.0,40.0,1.0,-9.0,4.0,5617Z,12.0,22802.0,2144.0
2861691,2861692,24.0,1156768,4,2,12,1,1.0,70.0,1.0,16.0,4.0,611M1,13.0,22802.0,2144.0
2861692,2861693,26.0,1156769,1,2,0,1,1.0,60.0,1.0,16.0,4.0,611M1,13.0,22801.0,2143.0
2861693,2861694,28.0,1156769,2,2,12,1,1.0,30.0,6.0,16.0,4.0,611M1,13.0,22801.0,2143.0
2861694,2861695,28.0,1156769,3,1,12,2,1.0,40.0,1.0,-9.0,4.0,5617Z,12.0,22801.0,2143.0
2861695,2861696,24.0,1156769,4,2,12,1,1.0,70.0,1.0,16.0,4.0,611M1,13.0,22801.0,2143.0
2861696,2861697,26.0,1156770,1,2,0,1,1.0,60.0,1.0,16.0,4.0,611M1,13.0,22802.0,2144.0
2861697,2861698,28.0,1156770,2,2,12,1,1.0,30.0,6.0,16.0,4.0,611M1,13.0,22802.0,2144.0
2861698,2861699,28.0,1156770,3,1,12,2,1.0,40.0,1.0,-9.0,4.0,5617Z,12.0,22802.0,2144.0
2861699,2861700,24.0,1156770,4,2,12,1,1.0,70.0,1.0,16.0,4.0,611M1,13.0,22802.0,2144.0
2861700,2861701,26.0,1156771,1,2,0,1,1.0,60.0,1.0,16.0,4.0,611M1,13.0,22804.0,2144.0
2861701,2861702,28.0,1156771,2,2,12,1,1.0,30.0,6.0,16.0,4.0,611M1,13.0,22804.0,2144.0
2861702,2861703,28.0,1156771,3,1,12,2,1.0,40.0,1.0,-9.0,4.0,5617Z,12.0,22804.0,2144.0
2861703,2861704,24.0,1156771,4,2,12,1,1.0,70.0,1.0,16.0,4.0,611M1,13.0,22804.0,2144.0
2861704,2861705,26.0,1156772,1,2,0,1,1.0,60.0,1.0,16.0,4.0,611M1,13.0,22804.0,2144.0
2861705,2861706,28.0,1156772,2,2,12,1,1.0,30.0,6.0,16.0,4.0,611M1,13.0,22804.0,2144.0
2861706,2861707,28.0,1156772,3,1,12,2,1.0,40.0,1.0,-9.0,4.0,5617Z,12.0,22804.0,2144.0
2861707,2861708,24.0,1156772,4,2,12,1,1.0,70.0,1.0,16.0,4.0,611M1,13.0,22804.0,2144.0
2861708,2861709,26.0,1156773,1,2,0,1,1.0,60.0,1.0,16.0,4.0,611M1,13.0,22802.0,2144.0
2861709,2861710,28.0,1156773,2,2,12,1,1.0,30.0,6.0,16.0,4.0,611M1,13.0,22802.0,2144.0
2861710,2861711,28.0,1156773,3,1,12,2,1.0,40.0,1.0,-9.0,4.0,5617Z,12.0,22802.0,2144.0
2861711,2861712,24.0,1156773,4,2,12,1,1.0,70.0,1.0,16.0,4.0,611M1,13.0,22802.0,2144.0
2861712,2861713,26.0,1156774,1,2,0,1,1.0,60.0,1.0,16.0,4.0,611M1,13.0,22804.0,2144.0
2861713,2861714,28.0,1156774,2,2,12,1,1.0,30.0,6.0,16.0,4.0,611M1,13.0,22804.0,2144.0
2861714,2861715,28.0,1156774,3,1,12,2,1.0,40.0,1.0,-9.0,4.0,5617Z,12.0,22804.0,2144.0
2861715,2861716,24.0,1156774,4,2,12,1,1.0,70.0,1.0,16.0,4.0,611M1,13.0,22804.0,2144.0
2861716,2861717,26.0,1156775,1,2,0,1,1.0,60.0,1.0,16.0,4.0,611M1,13.0,22802.0,2144.0
2861717,2861718,28.0,1156775,2,2,12,1,1.0,30.0,6.0,16.0,4.0,611M1,13.0,22802.0,2144.0
2861718,2861719,28.0,1156775,3,1,12,2,1.0,40.0,1.0,-9.0,4.0,5617Z,12.0,22802.0,2144.0
2861719,2861720,24.0,1156775,4,2,12,1,1.0,70.0,1.0,16.0,4.0,611M1,13.0,22802.0,2144.0
2861720,2861721,26.0,1156776,1,2,0,1,1.0,60.0,1.0,16.0,4.0,611M1,13.0,22802.0,2144.0
2861721,2861722,28.0,1156776,2,2,12,1,1.0,30.0,6.0,16.0,4.0,611M1,13.0,22802.0,2144.0
2861722,2861723,28.0,1156776,3,1,12,2,1.0,40.0,1.0,-9.0,4.0,5617Z,12.0,22802.0,2144.0
2861723,2861724,24.0,1156776,4,2,12,1,1.0,70.0,1.0,16.0,4.0,611M1,13.0,22802.0,2144.0
2861724,2861725,26.0,1156777,1,2,0,1,1.0,60.0,1.0,16.0,4.0,611M1,13.0,22801.0,2143.0
2861725,2861726,28.0,1156777,2,2,12,1,1.0,30.0,6.0,16.0,4.0,611M1,13.0,22801.0,2143.0
2861726,2861727,28.0,1156777,3,1,12,2,1.0,40.0,1.0,-9.0,4.0,5617Z,12.0,22801.0,2143.0
2861727,2861728,24.0,1156777,4,2,12,1,1.0,70.0,1.0,16.0,4.0,611M1,13.0,22801.0,2143.0
2861728,2861729,26.0,1156778,1,2,0,1,1.0,60.0,1.0,16.0,4.0,611M1,13.0,22805.0,2145.0
2861729,2861730,28.0,1156778,2,2,12,1,1.0,30.0,6.0,16.0,4.0,611M1,13.0,22805.0,2145.0
2861730,2861731,28.0,1156778,3,1,12,2,1.0,40.0,1.0,-9.0,4.0,5617Z,12.0,22805.0,2145.0
2861731,2861732,24.0,1156778,4,2,12,1,1.0,70.0,1.0,16.0,4.0,611M1,13.0,22805.0,2145.0
2861732,2861733,26.0,1156779,1,2,0,1,1.0,60.0,1.0,16.0,4.0,611M1,13.0,22801.0,2143.0
2861733,2861734,28.0,1156779,2,2,12,1,1.0,30.0,6.0,16.0,4.0,611M1,13.0,22801.0,2143.0
2861734,2861735,28.0,1156779,3,1,12,2,1.0,40.0,1.0,-9.0,4.0,5617Z,12.0,22801.0,2143.0
2861735,2861736,24.0,1156779,4,2,12,1,1.0,70.0,1.0,16.0,4.0,611M1,13.0,22801.0,2143.0
2861736,2861737,26.0,1156780,1,2,0,1,1.0,60.0,1.0,16.0,4.0,611M1,13.0,22805.0,2145.0
2861737,2861738,28.0,1156780,2,2,12,1,1.0,30.0,6.0,16.0,4.0,611M1,13.0,22805.0,2145.0
2861738,2861739,28.0,1156780,3,1,12,2,1.0,40.0,1.0,-9.0,4.0,5617Z,12.0,22805.0,2145.0
2861739,2861740,24.0,1156780,4,2,12,1,1.0,70.0,1.0,16.0,4.0,611M1,13.0,22805.0,2145.0
2861740,2861741,26.0,1156781,1,2,0,1,1.0,60.0,1.0,16.0,4.0,611M1,13.0,22801.0,2143.0
2861741,2861742,28.0,1156781,2,2,12,1,1.0,30.0,6.0,16.0,4.0,611M1,13.0,22801.0,2143.0
2861742,2861743,28.0,1156781,3,1,12,2,1.0,40.0,1.0,-9.0,4.0,5617Z,12.0,22801.0,2143.0
2861743,2861744,24.0,1156781,4,2,12,1,1.0,70.0,1.0,16.0,4.0,611M1,13.0,22801.0,2143.0
2861744,2861745,26.0,1156782,1,2,0,1,1.0,60.0,1.0,16.0,4.0,611M1,13.0,22801.0,2143.0
2861745,2861746,28.0,1156782,2,2,12,1,1.0,30.0,6.0,16.0,4.0,611M1,13.0,22801.0,2143.0
2861746,2861747,28.0,1156782,3,1,12,2,1.0,40.0,1.0,-9.0,4.0,5617Z,12.0,22801.0,2143.0
2861747,2861748,24.0,1156782,4,2,12,1,1.0,70.0,1.0,16.0,4.0,611M1,13.0,22801.0,2143.0
2861748,2861749,26.0,1156783,1,2,0,1,1.0,60.0,1.0,16.0,4.0,611M1,13.0,22801.0,2143.0
2861749,2861750,28.0,1156783,2,2,12,1,1.0,30.0,6.0,16.0,4.0,611M1,13.0,22801.0,2143.0
2861750,2861751,28.0,1156783,3,1,12,2,1.0,40.0,1.0,-9.0,4.0,5617Z,12.0,22801.0,2143.0
2861751,2861752,24.0,1156783,4,2,12,1,1.0,70.0,1.0,16.0,4.0,611M1,13.0,22801.0,2143.0
2861752,2861753,26.0,1156784,1,2,0,1,1.0,60.0,1.0,16.0,4.0,611M1,13.0,22802.0,2144.0
2861753,2861754,28.0,1156784,2,2,12,1,1.0,30.0,6.0,16.0,4.0,611M1,13.0,22802.0,2144.0
2861754,2861755,28.0,1156784,3,1,12,2,1.0,40.0,1.0,-9.0,4.0,5617Z,12.0,22802.0,2144.0
2861755,2861756,24.0,1156784,4,2,12,1,1.0,70.0,1.0,16.0,4.0,611M1,13.0,22802.0,2144.0
2861756,2861757,26.0,1156785,1,2,0,1,1.0,60.0,1.0,16.0,4.0,611M1,13.0,22805.0,2145.0
2861757,2861758,28.0,1156785,2,2,12,1,1.0,30.0,6.0,16.0,4.0,611M1,13.0,22805.0,2145.0
2861758,2861759,28.0,1156785,3,1,12,2,1.0,40.0,1.0,-9.0,4.0,5617Z,12.0,22805.0,2145.0
2861759,2861760,24.0,1156785,4,2,12,1,1.0,70.0,1.0,16.0,4.0,611M1,13.0,22805.0,2145.0
2861760,2861761,26.0,1156786,1,2,0,1,1.0,60.0,1.0,16.0,4.0,611M1,13.0,22802.0,2144.0
2861761,2861762,28.0,1156786,2,2,12,1,1.0,30.0,6.0,16.0,4.0,611M1,13.0,22802.0,2144.0
2861762,2861763,28.0,1156786,3,1,12,2,1.0,40.0,1.0,-9.0,4.0,5617Z,12.0,22802.0,2144.0
2861763,2861764,24.0,1156786,4,2,12,1,1.0,70.0,1.0,16.0,4.0,611M1,13.0,22802.0,2144.0
2861764,2861765,31.0,1156787,1,1,0,1,1.0,45.0,1.0,16.0,4.0,622M,15.0,22805.0,2145.0
2861765,2861766,24.0,1156787,2,1,12,1,1.0,50.0,1.0,16.0,4.0,622M,15.0,22805.0,2145.0
2861766,2861767,25.0,1156788,1,1,0,1,6.0,-9.0,-9.0,15.0,4.0,-9,0.0,22801.0,2143.0
2861767,2861768,22.0,1156788,2,1,10,1,6.0,-9.0,-9.0,15.0,4.0,-9,0.0,22801.0,2143.0
2861768,2861769,21.0,1156788,3,1,10,1,6.0,-9.0,-9.0,15.0,4.0,-9,0.0,22801.0,2143.0
2861769,2861770,25.0,1156789,1,1,0,1,6.0,-9.0,-9.0,15.0,4.0,-9,0.0,22802.0,2144.0
2861770,2861771,22.0,1156789,2,1,10,1,6.0,-9.0,-9.0,15.0,4.0,-9,0.0,22802.0,2144.0
2861771,2861772,21.0,1156789,3,1,10,1,6.0,-9.0,-9.0,15.0,4.0,-9,0.0,22802.0,2144.0
2861772,2861773,25.0,1156790,1,1,0,1,6.0,-9.0,-9.0,15.0,4.0,-9,0.0,22802.0,2144.0
2861773,2861774,22.0,1156790,2,1,10,1,6.0,-9.0,-9.0,15.0,4.0,-9,0.0,22802.0,2144.0
2861774,2861775,21.0,1156790,3,1,10,1,6.0,-9.0,-9.0,15.0,4.0,-9,0.0,22802.0,2144.0
2861775,2861776,25.0,1156791,1,1,0,1,6.0,-9.0,-9.0,15.0,4.0,-9,0.0,22801.0,2143.0
2861776,2861777,22.0,1156791,2,1,10,1,6.0,-9.0,-9.0,15.0,4.0,-9,0.0,22801.0,2143.0
2861777,2861778,21.0,1156791,3,1,10,1,6.0,-9.0,-9.0,15.0,4.0,-9,0.0,22801.0,2143.0
2861778,2861779,25.0,1156792,1,1,0,1,6.0,-9.0,-9.0,15.0,4.0,-9,0.0,22801.0,2143.0
2861779,2861780,22.0,1156792,2,1,10,1,6.0,-9.0,-9.0,15.0,4.0,-9,0.0,22801.0,2143.0
2861780,2861781,21.0,1156792,3,1,10,1,6.0,-9.0,-9.0,15.0,4.0,-9,0.0,22801.0,2143.0
2861781,2861782,25.0,1156793,1,1,0,1,6.0,-9.0,-9.0,15.0,4.0,-9,0.0,22802.0,2144.0
2861782,2861783,22.0,1156793,2,1,10,1,6.0,-9.0,-9.0,15.0,4.0,-9,0.0,22802.0,2144.0
2861783,2861784,21.0,1156793,3,1,10,1,6.0,-9.0,-9.0,15.0,4.0,-9,0.0,22802.0,2144.0
2861784,2861785,25.0,1156794,1,1,0,1,6.0,-9.0,-9.0,15.0,4.0,-9,0.0,22804.0,2144.0
2861785,2861786,22.0,1156794,2,1,10,1,6.0,-9.0,-9.0,15.0,4.0,-9,0.0,22804.0,2144.0
2861786,2861787,21.0,1156794,3,1,10,1,6.0,-9.0,-9.0,15.0,4.0,-9,0.0,22804.0,2144.0
2861787,2861788,25.0,1156795,1,1,0,1,6.0,-9.0,-9.0,15.0,4.0,-9,0.0,22805.0,2145.0
2861788,2861789,22.0,1156795,2,1,10,1,6.0,-9.0,-9.0,15.0,4.0,-9,0.0,22805.0,2145.0
2861789,2861790,21.0,1156795,3,1,10,1,6.0,-9.0,-9.0,15.0,4.0,-9,0.0,22805.0,2145.0
2861790,2861791,25.0,1156796,1,1,0,1,6.0,-9.0,-9.0,15.0,4.0,-9,0.0,22801.0,2143.0
2861791,2861792,22.0,1156796,2,1,10,1,6.0,-9.0,-9.0,15.0,4.0,-9,0.0,22801.0,2143.0
2861792,2861793,21.0,1156796,3,1,10,1,6.0,-9.0,-9.0,15.0,4.0,-9,0.0,22801.0,2143.0
2861793,2861794,25.0,1156797,1,1,0,1,6.0,-9.0,-9.0,15.0,4.0,-9,0.0,22804.0,2144.0
2861794,2861795,22.0,1156797,2,1,10,1,6.0,-9.0,-9.0,15.0,4.0,-9,0.0,22804.0,2144.0
2861795,2861796,21.0,1156797,3,1,10,1,6.0,-9.0,-9.0,15.0,4.0,-9,0.0,22804.0,2144.0
2861796,2861797,25.0,1156798,1,1,0,1,6.0,-9.0,-9.0,15.0,4.0,-9,0.0,22802.0,2144.0
2861797,2861798,22.0,1156798,2,1,10,1,6.0,-9.0,-9.0,15.0,4.0,-9,0.0,22802.0,2144.0
2861798,2861799,21.0,1156798,3,1,10,1,6.0,-9.0,-9.0,15.0,4.0,-9,0.0,22802.0,2144.0
2861799,2861800,25.0,1156799,1,1,0,1,6.0,-9.0,-9.0,15.0,4.0,-9,0.0,22804.0,2144.0
2861800,2861801,22.0,1156799,2,1,10,1,6.0,-9.0,-9.0,15.0,4.0,-9,0.0,22804.0,2144.0
2861801,2861802,21.0,1156799,3,1,10,1,6.0,-9.0,-9.0,15.0,4.0,-9,0.0,22804.0,2144.0
2861802,2861803,25.0,1156800,1,1,0,1,6.0,-9.0,-9.0,15.0,4.0,-9,0.0,22802.0,2144.0
2861803,2861804,22.0,1156800,2,1,10,1,6.0,-9.0,-9.0,15.0,4.0,-9,0.0,22802.0,2144.0
2861804,2861805,21.0,1156800,3,1,10,1,6.0,-9.0,-9.0,15.0,4.0,-9,0.0,22802.0,2144.0
2861805,2861806,25.0,1156801,1,1,0,1,6.0,-9.0,-9.0,15.0,4.0,-9,0.0,22802.0,2144.0
2861806,2861807,22.0,1156801,2,1,10,1,6.0,-9.0,-9.0,15.0,4.0,-9,0.0,22802.0,2144.0
2861807,2861808,21.0,1156801,3,1,10,1,6.0,-9.0,-9.0,15.0,4.0,-9,0.0,22802.0,2144.0
2861808,2861809,25.0,1156802,1,1,0,1,6.0,-9.0,-9.0,15.0,4.0,-9,0.0,22801.0,2143.0
2861809,2861810,22.0,1156802,2,1,10,1,6.0,-9.0,-9.0,15.0,4.0,-9,0.0,22801.0,2143.0
2861810,2861811,21.0,1156802,3,1,10,1,6.0,-9.0,-9.0,15.0,4.0,-9,0.0,22801.0,2143.0
2861811,2861812,25.0,1156803,1,1,0,1,6.0,-9.0,-9.0,15.0,4.0,-9,0.0,22804.0,2144.0
2861812,2861813,22.0,1156803,2,1,10,1,6.0,-9.0,-9.0,15.0,4.0,-9,0.0,22804.0,2144.0
2861813,2861814,21.0,1156803,3,1,10,1,6.0,-9.0,-9.0,15.0,4.0,-9,0.0,22804.0,2144.0
2861814,2861815,25.0,1156804,1,1,0,1,6.0,-9.0,-9.0,15.0,4.0,-9,0.0,22802.0,2144.0
2861815,2861816,22.0,1156804,2,1,10,1,6.0,-9.0,-9.0,15.0,4.0,-9,0.0,22802.0,2144.0
2861816,2861817,21.0,1156804,3,1,10,1,6.0,-9.0,-9.0,15.0,4.0,-9,0.0,22802.0,2144.0
2861817,2861818,25.0,1156805,1,1,0,1,6.0,-9.0,-9.0,15.0,4.0,-9,0.0,22801.0,2143.0
2861818,2861819,22.0,1156805,2,1,10,1,6.0,-9.0,-9.0,15.0,4.0,-9,0.0,22801.0,2143.0
2861819,2861820,21.0,1156805,3,1,10,1,6.0,-9.0,-9.0,15.0,4.0,-9,0.0,22801.0,2143.0
2861820,2861821,25.0,1156806,1,1,0,1,6.0,-9.0,-9.0,15.0,4.0,-9,0.0,22801.0,2143.0
2861821,2861822,22.0,1156806,2,1,10,1,6.0,-9.0,-9.0,15.0,4.0,-9,0.0,22801.0,2143.0
2861822,2861823,21.0,1156806,3,1,10,1,6.0,-9.0,-9.0,15.0,4.0,-9,0.0,22801.0,2143.0
2861823,2861824,25.0,1156807,1,1,0,1,6.0,-9.0,-9.0,15.0,4.0,-9,0.0,22802.0,2144.0
2861824,2861825,22.0,1156807,2,1,10,1,6.0,-9.0,-9.0,15.0,4.0,-9,0.0,22802.0,2144.0
2861825,2861826,21.0,1156807,3,1,10,1,6.0,-9.0,-9.0,15.0,4.0,-9,0.0,22802.0,2144.0
2861826,2861827,25.0,1156808,1,1,0,1,6.0,-9.0,-9.0,15.0,4.0,-9,0.0,22802.0,2144.0
2861827,2861828,22.0,1156808,2,1,10,1,6.0,-9.0,-9.0,15.0,4.0,-9,0.0,22802.0,2144.0
2861828,2861829,21.0,1156808,3,1,10,1,6.0,-9.0,-9.0,15.0,4.0,-9,0.0,22802.0,2144.0
2861829,2861830,25.0,1156809,1,1,0,1,6.0,-9.0,-9.0,15.0,4.0,-9,0.0,22802.0,2144.0
2861830,2861831,22.0,1156809,2,1,10,1,6.0,-9.0,-9.0,15.0,4.0,-9,0.0,22802.0,2144.0
2861831,2861832,21.0,1156809,3,1,10,1,6.0,-9.0,-9.0,15.0,4.0,-9,0.0,22802.0,2144.0
2861832,2861833,25.0,1156810,1,1,0,1,6.0,-9.0,-9.0,15.0,4.0,-9,0.0,22804.0,2144.0
2861833,2861834,22.0,1156810,2,1,10,1,6.0,-9.0,-9.0,15.0,4.0,-9,0.0,22804.0,2144.0
2861834,2861835,21.0,1156810,3,1,10,1,6.0,-9.0,-9.0,15.0,4.0,-9,0.0,22804.0,2144.0
2861835,2861836,25.0,1156811,1,1,0,1,6.0,-9.0,-9.0,15.0,4.0,-9,0.0,22802.0,2144.0
2861836,2861837,22.0,1156811,2,1,10,1,6.0,-9.0,-9.0,15.0,4.0,-9,0.0,22802.0,2144.0
2861837,2861838,21.0,1156811,3,1,10,1,6.0,-9.0,-9.0,15.0,4.0,-9,0.0,22802.0,2144.0
2861838,2861839,25.0,1156812,1,1,0,1,6.0,-9.0,-9.0,15.0,4.0,-9,0.0,22802.0,2144.0
2861839,2861840,22.0,1156812,2,1,10,1,6.0,-9.0,-9.0,15.0,4.0,-9,0.0,22802.0,2144.0
2861840,2861841,21.0,1156812,3,1,10,1,6.0,-9.0,-9.0,15.0,4.0,-9,0.0,22802.0,2144.0
2861841,2861842,25.0,1156813,1,1,0,1,6.0,-9.0,-9.0,15.0,4.0,-9,0.0,22801.0,2143.0
2861842,2861843,22.0,1156813,2,1,10,1,6.0,-9.0,-9.0,15.0,4.0,-9,0.0,22801.0,2143.0
2861843,2861844,21.0,1156813,3,1,10,1,6.0,-9.0,-9.0,15.0,4.0,-9,0.0,22801.0,2143.0
2861844,2861845,25.0,1156814,1,1,0,1,6.0,-9.0,-9.0,15.0,4.0,-9,0.0,22801.0,2143.0
2861845,2861846,22.0,1156814,2,1,10,1,6.0,-9.0,-9.0,15.0,4.0,-9,0.0,22801.0,2143.0
2861846,2861847,21.0,1156814,3,1,10,1,6.0,-9.0,-9.0,15.0,4.0,-9,0.0,22801.0,2143.0
2861847,2861848,25.0,1156815,1,1,0,1,6.0,-9.0,-9.0,15.0,4.0,-9,0.0,22804.0,2144.0
2861848,2861849,22.0,1156815,2,1,10,1,6.0,-9.0,-9.0,15.0,4.0,-9,0.0,22804.0,2144.0
2861849,2861850,21.0,1156815,3,1,10,1,6.0,-9.0,-9.0,15.0,4.0,-9,0.0,22804.0,2144.0
2861850,2861851,25.0,1156816,1,1,0,1,6.0,-9.0,-9.0,15.0,4.0,-9,0.0,22802.0,2144.0
2861851,2861852,22.0,1156816,2,1,10,1,6.0,-9.0,-9.0,15.0,4.0,-9,0.0,22802.0,2144.0
2861852,2861853,21.0,1156816,3,1,10,1,6.0,-9.0,-9.0,15.0,4.0,-9,0.0,22802.0,2144.0
2861853,2861854,25.0,1156817,1,1,0,1,6.0,-9.0,-9.0,15.0,4.0,-9,0.0,22801.0,2143.0
2861854,2861855,22.0,1156817,2,1,10,1,6.0,-9.0,-9.0,15.0,4.0,-9,0.0,22801.0,2143.0
2861855,2861856,21.0,1156817,3,1,10,1,6.0,-9.0,-9.0,15.0,4.0,-9,0.0,22801.0,2143.0
2861856,2861857,25.0,1156818,1,1,0,1,6.0,-9.0,-9.0,15.0,4.0,-9,0.0,22802.0,2144.0
2861857,2861858,22.0,1156818,2,1,10,1,6.0,-9.0,-9.0,15.0,4.0,-9,0.0,22802.0,2144.0
2861858,2861859,21.0,1156818,3,1,10,1,6.0,-9.0,-9.0,15.0,4.0,-9,0.0,22802.0,2144.0
2861859,2861860,25.0,1156819,1,1,0,1,6.0,-9.0,-9.0,15.0,4.0,-9,0.0,22802.0,2144.0
2861860,2861861,22.0,1156819,2,1,10,1,6.0,-9.0,-9.0,15.0,4.0,-9,0.0,22802.0,2144.0
2861861,2861862,21.0,1156819,3,1,10,1,6.0,-9.0,-9.0,15.0,4.0,-9,0.0,22802.0,2144.0
2861862,2861863,25.0,1156820,1,1,0,1,6.0,-9.0,-9.0,15.0,4.0,-9,0.0,22802.0,2144.0
2861863,2861864,22.0,1156820,2,1,10,1,6.0,-9.0,-9.0,15.0,4.0,-9,0.0,22802.0,2144.0
2861864,2861865,21.0,1156820,3,1,10,1,6.0,-9.0,-9.0,15.0,4.0,-9,0.0,22802.0,2144.0
2861865,2861866,25.0,1156821,1,1,0,1,6.0,-9.0,-9.0,15.0,4.0,-9,0.0,22804.0,2144.0
2861866,2861867,22.0,1156821,2,1,10,1,6.0,-9.0,-9.0,15.0,4.0,-9,0.0,22804.0,2144.0
2861867,2861868,21.0,1156821,3,1,10,1,6.0,-9.0,-9.0,15.0,4.0,-9,0.0,22804.0,2144.0
2861868,2861869,25.0,1156822,1,1,0,1,6.0,-9.0,-9.0,15.0,4.0,-9,0.0,22802.0,2144.0
2861869,2861870,22.0,1156822,2,1,10,1,6.0,-9.0,-9.0,15.0,4.0,-9,0.0,22802.0,2144.0
2861870,2861871,21.0,1156822,3,1,10,1,6.0,-9.0,-9.0,15.0,4.0,-9,0.0,22802.0,2144.0
2861871,2861872,25.0,1156823,1,1,0,1,6.0,-9.0,-9.0,15.0,4.0,-9,0.0,22801.0,2143.0
2861872,2861873,22.0,1156823,2,1,10,1,6.0,-9.0,-9.0,15.0,4.0,-9,0.0,22801.0,2143.0
2861873,2861874,21.0,1156823,3,1,10,1,6.0,-9.0,-9.0,15.0,4.0,-9,0.0,22801.0,2143.0
2861874,2861875,25.0,1156824,1,1,0,1,6.0,-9.0,-9.0,15.0,4.0,-9,0.0,22805.0,2145.0
2861875,2861876,22.0,1156824,2,1,10,1,6.0,-9.0,-9.0,15.0,4.0,-9,0.0,22805.0,2145.0
2861876,2861877,21.0,1156824,3,1,10,1,6.0,-9.0,-9.0,15.0,4.0,-9,0.0,22805.0,2145.0
2861877,2861878,25.0,1156825,1,1,0,1,6.0,-9.0,-9.0,15.0,4.0,-9,0.0,22801.0,2143.0
2861878,2861879,22.0,1156825,2,1,10,1,6.0,-9.0,-9.0,15.0,4.0,-9,0.0,22801.0,2143.0
2861879,2861880,21.0,1156825,3,1,10,1,6.0,-9.0,-9.0,15.0,4.0,-9,0.0,22801.0,2143.0
2861880,2861881,25.0,1156826,1,1,0,1,6.0,-9.0,-9.0,15.0,4.0,-9,0.0,22804.0,2144.0
2861881,2861882,22.0,1156826,2,1,10,1,6.0,-9.0,-9.0,15.0,4.0,-9,0.0,22804.0,2144.0
2861882,2861883,21.0,1156826,3,1,10,1,6.0,-9.0,-9.0,15.0,4.0,-9,0.0,22804.0,2144.0
2861883,2861884,25.0,1156827,1,1,0,1,6.0,-9.0,-9.0,15.0,4.0,-9,0.0,22801.0,2143.0
2861884,2861885,22.0,1156827,2,1,10,1,6.0,-9.0,-9.0,15.0,4.0,-9,0.0,22801.0,2143.0
2861885,2861886,21.0,1156827,3,1,10,1,6.0,-9.0,-9.0,15.0,4.0,-9,0.0,22801.0,2143.0
2861886,2861887,25.0,1156828,1,1,0,1,6.0,-9.0,-9.0,15.0,4.0,-9,0.0,22804.0,2144.0
2861887,2861888,22.0,1156828,2,1,10,1,6.0,-9.0,-9.0,15.0,4.0,-9,0.0,22804.0,2144.0
2861888,2861889,21.0,1156828,3,1,10,1,6.0,-9.0,-9.0,15.0,4.0,-9,0.0,22804.0,2144.0
2861889,2861890,25.0,1156829,1,1,0,1,6.0,-9.0,-9.0,15.0,4.0,-9,0.0,22805.0,2145.0
2861890,2861891,22.0,1156829,2,1,10,1,6.0,-9.0,-9.0,15.0,4.0,-9,0.0,22805.0,2145.0
2861891,2861892,21.0,1156829,3,1,10,1,6.0,-9.0,-9.0,15.0,4.0,-9,0.0,22805.0,2145.0
2861892,2861893,25.0,1156830,1,1,0,1,6.0,-9.0,-9.0,15.0,4.0,-9,0.0,22801.0,2143.0
2861893,2861894,22.0,1156830,2,1,10,1,6.0,-9.0,-9.0,15.0,4.0,-9,0.0,22801.0,2143.0
2861894,2861895,21.0,1156830,3,1,10,1,6.0,-9.0,-9.0,15.0,4.0,-9,0.0,22801.0,2143.0
2861895,2861896,25.0,1156831,1,1,0,1,6.0,-9.0,-9.0,15.0,4.0,-9,0.0,22801.0,2143.0
2861896,2861897,22.0,1156831,2,1,10,1,6.0,-9.0,-9.0,15.0,4.0,-9,0.0,22801.0,2143.0
2861897,2861898,21.0,1156831,3,1,10,1,6.0,-9.0,-9.0,15.0,4.0,-9,0.0,22801.0,2143.0
2861898,2861899,25.0,1156832,1,1,0,1,6.0,-9.0,-9.0,15.0,4.0,-9,0.0,22805.0,2145.0
2861899,2861900,22.0,1156832,2,1,10,1,6.0,-9.0,-9.0,15.0,4.0,-9,0.0,22805.0,2145.0
2861900,2861901,21.0,1156832,3,1,10,1,6.0,-9.0,-9.0,15.0,4.0,-9,0.0,22805.0,2145.0
2861901,2861902,25.0,1156833,1,1,0,1,6.0,-9.0,-9.0,15.0,4.0,-9,0.0,22802.0,2144.0
2861902,2861903,22.0,1156833,2,1,10,1,6.0,-9.0,-9.0,15.0,4.0,-9,0.0,22802.0,2144.0
2861903,2861904,21.0,1156833,3,1,10,1,6.0,-9.0,-9.0,15.0,4.0,-9,0.0,22802.0,2144.0
2861904,2861905,25.0,1156834,1,1,0,1,6.0,-9.0,-9.0,15.0,4.0,-9,0.0,22802.0,2144.0
2861905,2861906,22.0,1156834,2,1,10,1,6.0,-9.0,-9.0,15.0,4.0,-9,0.0,22802.0,2144.0
2861906,2861907,21.0,1156834,3,1,10,1,6.0,-9.0,-9.0,15.0,4.0,-9,0.0,22802.0,2144.0
2861907,2861908,25.0,1156835,1,1,0,1,6.0,-9.0,-9.0,15.0,4.0,-9,0.0,22801.0,2143.0
2861908,2861909,22.0,1156835,2,1,10,1,6.0,-9.0,-9.0,15.0,4.0,-9,0.0,22801.0,2143.0
2861909,2861910,21.0,1156835,3,1,10,1,6.0,-9.0,-9.0,15.0,4.0,-9,0.0,22801.0,2143.0
2861910,2861911,25.0,1156836,1,1,0,1,6.0,-9.0,-9.0,15.0,4.0,-9,0.0,22802.0,2144.0
2861911,2861912,22.0,1156836,2,1,10,1,6.0,-9.0,-9.0,15.0,4.0,-9,0.0,22802.0,2144.0
2861912,2861913,21.0,1156836,3,1,10,1,6.0,-9.0,-9.0,15.0,4.0,-9,0.0,22802.0,2144.0
2861913,2861914,25.0,1156837,1,1,0,1,6.0,-9.0,-9.0,15.0,4.0,-9,0.0,22801.0,2143.0
2861914,2861915,22.0,1156837,2,1,10,1,6.0,-9.0,-9.0,15.0,4.0,-9,0.0,22801.0,2143.0
2861915,2861916,21.0,1156837,3,1,10,1,6.0,-9.0,-9.0,15.0,4.0,-9,0.0,22801.0,2143.0
2861916,2861917,25.0,1156838,1,1,0,1,6.0,-9.0,-9.0,15.0,4.0,-9,0.0,22804.0,2144.0
2861917,2861918,22.0,1156838,2,1,10,1,6.0,-9.0,-9.0,15.0,4.0,-9,0.0,22804.0,2144.0
2861918,2861919,21.0,1156838,3,1,10,1,6.0,-9.0,-9.0,15.0,4.0,-9,0.0,22804.0,2144.0
2861919,2861920,25.0,1156839,1,1,0,1,6.0,-9.0,-9.0,15.0,4.0,-9,0.0,22802.0,2144.0
2861920,2861921,22.0,1156839,2,1,10,1,6.0,-9.0,-9.0,15.0,4.0,-9,0.0,22802.0,2144.0
2861921,2861922,21.0,1156839,3,1,10,1,6.0,-9.0,-9.0,15.0,4.0,-9,0.0,22802.0,2144.0
2861922,2861923,25.0,1156840,1,1,0,1,6.0,-9.0,-9.0,15.0,4.0,-9,0.0,22804.0,2144.0
2861923,2861924,22.0,1156840,2,1,10,1,6.0,-9.0,-9.0,15.0,4.0,-9,0.0,22804.0,2144.0
2861924,2861925,21.0,1156840,3,1,10,1,6.0,-9.0,-9.0,15.0,4.0,-9,0.0,22804.0,2144.0
2861925,2861926,25.0,1156841,1,1,0,1,6.0,-9.0,-9.0,15.0,4.0,-9,0.0,22802.0,2144.0
2861926,2861927,22.0,1156841,2,1,10,1,6.0,-9.0,-9.0,15.0,4.0,-9,0.0,22802.0,2144.0
2861927,2861928,21.0,1156841,3,1,10,1,6.0,-9.0,-9.0,15.0,4.0,-9,0.0,22802.0,2144.0
2861928,2861929,25.0,1156842,1,1,0,1,6.0,-9.0,-9.0,15.0,4.0,-9,0.0,22801.0,2143.0
2861929,2861930,22.0,1156842,2,1,10,1,6.0,-9.0,-9.0,15.0,4.0,-9,0.0,22801.0,2143.0
2861930,2861931,21.0,1156842,3,1,10,1,6.0,-9.0,-9.0,15.0,4.0,-9,0.0,22801.0,2143.0
2861931,2861932,25.0,1156843,1,1,0,1,6.0,-9.0,-9.0,15.0,4.0,-9,0.0,22802.0,2144.0
2861932,2861933,22.0,1156843,2,1,10,1,6.0,-9.0,-9.0,15.0,4.0,-9,0.0,22802.0,2144.0
2861933,2861934,21.0,1156843,3,1,10,1,6.0,-9.0,-9.0,15.0,4.0,-9,0.0,22802.0,2144.0
2861934,2861935,25.0,1156844,1,1,0,1,6.0,-9.0,-9.0,15.0,4.0,-9,0.0,22804.0,2144.0
2861935,2861936,22.0,1156844,2,1,10,1,6.0,-9.0,-9.0,15.0,4.0,-9,0.0,22804.0,2144.0
2861936,2861937,21.0,1156844,3,1,10,1,6.0,-9.0,-9.0,15.0,4.0,-9,0.0,22804.0,2144.0
2861937,2861938,25.0,1156845,1,1,0,1,6.0,-9.0,-9.0,15.0,4.0,-9,0.0,22802.0,2144.0
2861938,2861939,22.0,1156845,2,1,10,1,6.0,-9.0,-9.0,15.0,4.0,-9,0.0,22802.0,2144.0
2861939,2861940,21.0,1156845,3,1,10,1,6.0,-9.0,-9.0,15.0,4.0,-9,0.0,22802.0,2144.0
2861940,2861941,25.0,1156846,1,1,0,1,6.0,-9.0,-9.0,15.0,4.0,-9,0.0,22801.0,2143.0
2861941,2861942,22.0,1156846,2,1,10,1,6.0,-9.0,-9.0,15.0,4.0,-9,0.0,22801.0,2143.0
2861942,2861943,21.0,1156846,3,1,10,1,6.0,-9.0,-9.0,15.0,4.0,-9,0.0,22801.0,2143.0
2861943,2861944,25.0,1156847,1,1,0,1,6.0,-9.0,-9.0,15.0,4.0,-9,0.0,22802.0,2144.0
2861944,2861945,22.0,1156847,2,1,10,1,6.0,-9.0,-9.0,15.0,4.0,-9,0.0,22802.0,2144.0
2861945,2861946,21.0,1156847,3,1,10,1,6.0,-9.0,-9.0,15.0,4.0,-9,0.0,22802.0,2144.0
2861946,2861947,25.0,1156848,1,1,0,1,6.0,-9.0,-9.0,15.0,4.0,-9,0.0,22805.0,2145.0
2861947,2861948,22.0,1156848,2,1,10,1,6.0,-9.0,-9.0,15.0,4.0,-9,0.0,22805.0,2145.0
2861948,2861949,21.0,1156848,3,1,10,1,6.0,-9.0,-9.0,15.0,4.0,-9,0.0,22805.0,2145.0
2861949,2861950,25.0,1156849,1,1,0,1,6.0,-9.0,-9.0,15.0,4.0,-9,0.0,22801.0,2143.0
2861950,2861951,22.0,1156849,2,1,10,1,6.0,-9.0,-9.0,15.0,4.0,-9,0.0,22801.0,2143.0
2861951,2861952,21.0,1156849,3,1,10,1,6.0,-9.0,-9.0,15.0,4.0,-9,0.0,22801.0,2143.0
2861952,2861953,25.0,1156850,1,1,0,1,6.0,-9.0,-9.0,15.0,4.0,-9,0.0,22804.0,2144.0
2861953,2861954,22.0,1156850,2,1,10,1,6.0,-9.0,-9.0,15.0,4.0,-9,0.0,22804.0,2144.0
2861954,2861955,21.0,1156850,3,1,10,1,6.0,-9.0,-9.0,15.0,4.0,-9,0.0,22804.0,2144.0
2861955,2861956,25.0,1156851,1,1,0,1,6.0,-9.0,-9.0,15.0,4.0,-9,0.0,22802.0,2144.0
2861956,2861957,22.0,1156851,2,1,10,1,6.0,-9.0,-9.0,15.0,4.0,-9,0.0,22802.0,2144.0
2861957,2861958,21.0,1156851,3,1,10,1,6.0,-9.0,-9.0,15.0,4.0,-9,0.0,22802.0,2144.0
2861958,2861959,25.0,1156852,1,1,0,1,6.0,-9.0,-9.0,15.0,4.0,-9,0.0,22804.0,2144.0
2861959,2861960,22.0,1156852,2,1,10,1,6.0,-9.0,-9.0,15.0,4.0,-9,0.0,22804.0,2144.0
2861960,2861961,21.0,1156852,3,1,10,1,6.0,-9.0,-9.0,15.0,4.0,-9,0.0,22804.0,2144.0
2861961,2861962,25.0,1156853,1,1,0,1,6.0,-9.0,-9.0,15.0,4.0,-9,0.0,22801.0,2143.0
2861962,2861963,22.0,1156853,2,1,10,1,6.0,-9.0,-9.0,15.0,4.0,-9,0.0,22801.0,2143.0
2861963,2861964,21.0,1156853,3,1,10,1,6.0,-9.0,-9.0,15.0,4.0,-9,0.0,22801.0,2143.0
2861964,2861965,25.0,1156854,1,1,0,1,6.0,-9.0,-9.0,15.0,4.0,-9,0.0,22801.0,2143.0
2861965,2861966,22.0,1156854,2,1,10,1,6.0,-9.0,-9.0,15.0,4.0,-9,0.0,22801.0,2143.0
2861966,2861967,21.0,1156854,3,1,10,1,6.0,-9.0,-9.0,15.0,4.0,-9,0.0,22801.0,2143.0
2861967,2861968,25.0,1156855,1,1,0,1,6.0,-9.0,-9.0,15.0,4.0,-9,0.0,22802.0,2144.0
2861968,2861969,22.0,1156855,2,1,10,1,6.0,-9.0,-9.0,15.0,4.0,-9,0.0,22802.0,2144.0
2861969,2861970,21.0,1156855,3,1,10,1,6.0,-9.0,-9.0,15.0,4.0,-9,0.0,22802.0,2144.0
2861970,2861971,25.0,1156856,1,1,0,1,6.0,-9.0,-9.0,15.0,4.0,-9,0.0,22802.0,2144.0
2861971,2861972,22.0,1156856,2,1,10,1,6.0,-9.0,-9.0,15.0,4.0,-9,0.0,22802.0,2144.0
2861972,2861973,21.0,1156856,3,1,10,1,6.0,-9.0,-9.0,15.0,4.0,-9,0.0,22802.0,2144.0
2861973,2861974,25.0,1156857,1,1,0,1,6.0,-9.0,-9.0,15.0,4.0,-9,0.0,22801.0,2143.0
2861974,2861975,22.0,1156857,2,1,10,1,6.0,-9.0,-9.0,15.0,4.0,-9,0.0,22801.0,2143.0
2861975,2861976,21.0,1156857,3,1,10,1,6.0,-9.0,-9.0,15.0,4.0,-9,0.0,22801.0,2143.0
2861976,2861977,25.0,1156858,1,1,0,1,6.0,-9.0,-9.0,15.0,4.0,-9,0.0,22801.0,2143.0
2861977,2861978,22.0,1156858,2,1,10,1,6.0,-9.0,-9.0,15.0,4.0,-9,0.0,22801.0,2143.0
2861978,2861979,21.0,1156858,3,1,10,1,6.0,-9.0,-9.0,15.0,4.0,-9,0.0,22801.0,2143.0
2861979,2861980,25.0,1156859,1,1,0,1,6.0,-9.0,-9.0,15.0,4.0,-9,0.0,22804.0,2144.0
2861980,2861981,22.0,1156859,2,1,10,1,6.0,-9.0,-9.0,15.0,4.0,-9,0.0,22804.0,2144.0
2861981,2861982,21.0,1156859,3,1,10,1,6.0,-9.0,-9.0,15.0,4.0,-9,0.0,22804.0,2144.0
2861982,2861983,25.0,1156860,1,1,0,1,6.0,-9.0,-9.0,15.0,4.0,-9,0.0,22802.0,2144.0
2861983,2861984,22.0,1156860,2,1,10,1,6.0,-9.0,-9.0,15.0,4.0,-9,0.0,22802.0,2144.0
2861984,2861985,21.0,1156860,3,1,10,1,6.0,-9.0,-9.0,15.0,4.0,-9,0.0,22802.0,2144.0
2861985,2861986,25.0,1156861,1,1,0,1,6.0,-9.0,-9.0,15.0,4.0,-9,0.0,22801.0,2143.0
2861986,2861987,22.0,1156861,2,1,10,1,6.0,-9.0,-9.0,15.0,4.0,-9,0.0,22801.0,2143.0
2861987,2861988,21.0,1156861,3,1,10,1,6.0,-9.0,-9.0,15.0,4.0,-9,0.0,22801.0,2143.0
2861988,2861989,25.0,1156862,1,1,0,1,6.0,-9.0,-9.0,15.0,4.0,-9,0.0,22802.0,2144.0
2861989,2861990,22.0,1156862,2,1,10,1,6.0,-9.0,-9.0,15.0,4.0,-9,0.0,22802.0,2144.0
2861990,2861991,21.0,1156862,3,1,10,1,6.0,-9.0,-9.0,15.0,4.0,-9,0.0,22802.0,2144.0
2861991,2861992,25.0,1156863,1,1,0,1,6.0,-9.0,-9.0,15.0,4.0,-9,0.0,22801.0,2143.0
2861992,2861993,22.0,1156863,2,1,10,1,6.0,-9.0,-9.0,15.0,4.0,-9,0.0,22801.0,2143.0
2861993,2861994,21.0,1156863,3,1,10,1,6.0,-9.0,-9.0,15.0,4.0,-9,0.0,22801.0,2143.0
2861994,2861995,25.0,1156864,1,1,0,1,6.0,-9.0,-9.0,15.0,4.0,-9,0.0,22801.0,2143.0
2861995,2861996,22.0,1156864,2,1,10,1,6.0,-9.0,-9.0,15.0,4.0,-9,0.0,22801.0,2143.0
2861996,2861997,21.0,1156864,3,1,10,1,6.0,-9.0,-9.0,15.0,4.0,-9,0.0,22801.0,2143.0
2861997,2861998,25.0,1156865,1,1,0,1,6.0,-9.0,-9.0,15.0,4.0,-9,0.0,22801.0,2143.0
2861998,2861999,22.0,1156865,2,1,10,1,6.0,-9.0,-9.0,15.0,4.0,-9,0.0,22801.0,2143.0
2861999,2862000,21.0,1156865,3,1,10,1,6.0,-9.0,-9.0,15.0,4.0,-9,0.0,22801.0,2143.0
2862000,2862001,25.0,1156866,1,1,0,1,6.0,-9.0,-9.0,15.0,4.0,-9,0.0,22802.0,2144.0
2862001,2862002,22.0,1156866,2,1,10,1,6.0,-9.0,-9.0,15.0,4.0,-9,0.0,22802.0,2144.0
2862002,2862003,21.0,1156866,3,1,10,1,6.0,-9.0,-9.0,15.0,4.0,-9,0.0,22802.0,2144.0
2862003,2862004,25.0,1156867,1,1,0,1,6.0,-9.0,-9.0,15.0,4.0,-9,0.0,22801.0,2143.0
2862004,2862005,22.0,1156867,2,1,10,1,6.0,-9.0,-9.0,15.0,4.0,-9,0.0,22801.0,2143.0
2862005,2862006,21.0,1156867,3,1,10,1,6.0,-9.0,-9.0,15.0,4.0,-9,0.0,22801.0,2143.0
2862006,2862007,25.0,1156868,1,1,0,1,6.0,-9.0,-9.0,15.0,4.0,-9,0.0,22804.0,2144.0
2862007,2862008,22.0,1156868,2,1,10,1,6.0,-9.0,-9.0,15.0,4.0,-9,0.0,22804.0,2144.0
2862008,2862009,21.0,1156868,3,1,10,1,6.0,-9.0,-9.0,15.0,4.0,-9,0.0,22804.0,2144.0
2862009,2862010,25.0,1156869,1,1,0,1,6.0,-9.0,-9.0,15.0,4.0,-9,0.0,22801.0,2143.0
2862010,2862011,22.0,1156869,2,1,10,1,6.0,-9.0,-9.0,15.0,4.0,-9,0.0,22801.0,2143.0
2862011,2862012,21.0,1156869,3,1,10,1,6.0,-9.0,-9.0,15.0,4.0,-9,0.0,22801.0,2143.0
2862012,2862013,25.0,1156870,1,1,0,1,6.0,-9.0,-9.0,15.0,4.0,-9,0.0,22801.0,2143.0
2862013,2862014,22.0,1156870,2,1,10,1,6.0,-9.0,-9.0,15.0,4.0,-9,0.0,22801.0,2143.0
2862014,2862015,21.0,1156870,3,1,10,1,6.0,-9.0,-9.0,15.0,4.0,-9,0.0,22801.0,2143.0
2862015,2862016,25.0,1156871,1,1,0,1,6.0,-9.0,-9.0,15.0,4.0,-9,0.0,22805.0,2145.0
2862016,2862017,22.0,1156871,2,1,10,1,6.0,-9.0,-9.0,15.0,4.0,-9,0.0,22805.0,2145.0
2862017,2862018,21.0,1156871,3,1,10,1,6.0,-9.0,-9.0,15.0,4.0,-9,0.0,22805.0,2145.0
2862018,2862019,25.0,1156872,1,1,0,1,6.0,-9.0,-9.0,15.0,4.0,-9,0.0,22801.0,2143.0
2862019,2862020,22.0,1156872,2,1,10,1,6.0,-9.0,-9.0,15.0,4.0,-9,0.0,22801.0,2143.0
2862020,2862021,21.0,1156872,3,1,10,1,6.0,-9.0,-9.0,15.0,4.0,-9,0.0,22801.0,2143.0
2862021,2862022,25.0,1156873,1,1,0,1,6.0,-9.0,-9.0,15.0,4.0,-9,0.0,22802.0,2144.0
2862022,2862023,22.0,1156873,2,1,10,1,6.0,-9.0,-9.0,15.0,4.0,-9,0.0,22802.0,2144.0
2862023,2862024,21.0,1156873,3,1,10,1,6.0,-9.0,-9.0,15.0,4.0,-9,0.0,22802.0,2144.0
2862024,2862025,25.0,1156874,1,1,0,1,6.0,-9.0,-9.0,15.0,4.0,-9,0.0,22801.0,2143.0
2862025,2862026,22.0,1156874,2,1,10,1,6.0,-9.0,-9.0,15.0,4.0,-9,0.0,22801.0,2143.0
2862026,2862027,21.0,1156874,3,1,10,1,6.0,-9.0,-9.0,15.0,4.0,-9,0.0,22801.0,2143.0
2862027,2862028,25.0,1156875,1,1,0,1,6.0,-9.0,-9.0,15.0,4.0,-9,0.0,22801.0,2143.0
2862028,2862029,22.0,1156875,2,1,10,1,6.0,-9.0,-9.0,15.0,4.0,-9,0.0,22801.0,2143.0
2862029,2862030,21.0,1156875,3,1,10,1,6.0,-9.0,-9.0,15.0,4.0,-9,0.0,22801.0,2143.0
2862030,2862031,25.0,1156876,1,1,0,1,6.0,-9.0,-9.0,15.0,4.0,-9,0.0,22804.0,2144.0
2862031,2862032,22.0,1156876,2,1,10,1,6.0,-9.0,-9.0,15.0,4.0,-9,0.0,22804.0,2144.0
2862032,2862033,21.0,1156876,3,1,10,1,6.0,-9.0,-9.0,15.0,4.0,-9,0.0,22804.0,2144.0
2862033,2862034,25.0,1156877,1,1,0,1,6.0,-9.0,-9.0,15.0,4.0,-9,0.0,22805.0,2145.0
2862034,2862035,22.0,1156877,2,1,10,1,6.0,-9.0,-9.0,15.0,4.0,-9,0.0,22805.0,2145.0
2862035,2862036,21.0,1156877,3,1,10,1,6.0,-9.0,-9.0,15.0,4.0,-9,0.0,22805.0,2145.0
2862036,2862037,25.0,1156878,1,1,0,1,6.0,-9.0,-9.0,15.0,4.0,-9,0.0,22801.0,2143.0
2862037,2862038,22.0,1156878,2,1,10,1,6.0,-9.0,-9.0,15.0,4.0,-9,0.0,22801.0,2143.0
2862038,2862039,21.0,1156878,3,1,10,1,6.0,-9.0,-9.0,15.0,4.0,-9,0.0,22801.0,2143.0
2862039,2862040,25.0,1156879,1,1,0,1,6.0,-9.0,-9.0,15.0,4.0,-9,0.0,22801.0,2143.0
2862040,2862041,22.0,1156879,2,1,10,1,6.0,-9.0,-9.0,15.0,4.0,-9,0.0,22801.0,2143.0
2862041,2862042,21.0,1156879,3,1,10,1,6.0,-9.0,-9.0,15.0,4.0,-9,0.0,22801.0,2143.0
2862042,2862043,25.0,1156880,1,1,0,1,6.0,-9.0,-9.0,15.0,4.0,-9,0.0,22802.0,2144.0
2862043,2862044,22.0,1156880,2,1,10,1,6.0,-9.0,-9.0,15.0,4.0,-9,0.0,22802.0,2144.0
2862044,2862045,21.0,1156880,3,1,10,1,6.0,-9.0,-9.0,15.0,4.0,-9,0.0,22802.0,2144.0
2862045,2862046,25.0,1156881,1,1,0,1,6.0,-9.0,-9.0,15.0,4.0,-9,0.0,22804.0,2144.0
2862046,2862047,22.0,1156881,2,1,10,1,6.0,-9.0,-9.0,15.0,4.0,-9,0.0,22804.0,2144.0
2862047,2862048,21.0,1156881,3,1,10,1,6.0,-9.0,-9.0,15.0,4.0,-9,0.0,22804.0,2144.0
2862048,2862049,25.0,1156882,1,1,0,1,6.0,-9.0,-9.0,15.0,4.0,-9,0.0,22802.0,2144.0
2862049,2862050,22.0,1156882,2,1,10,1,6.0,-9.0,-9.0,15.0,4.0,-9,0.0,22802.0,2144.0
2862050,2862051,21.0,1156882,3,1,10,1,6.0,-9.0,-9.0,15.0,4.0,-9,0.0,22802.0,2144.0
2862051,2862052,25.0,1156883,1,1,0,1,6.0,-9.0,-9.0,15.0,4.0,-9,0.0,22802.0,2144.0
2862052,2862053,22.0,1156883,2,1,10,1,6.0,-9.0,-9.0,15.0,4.0,-9,0.0,22802.0,2144.0
2862053,2862054,21.0,1156883,3,1,10,1,6.0,-9.0,-9.0,15.0,4.0,-9,0.0,22802.0,2144.0
2862054,2862055,25.0,1156884,1,1,0,1,6.0,-9.0,-9.0,15.0,4.0,-9,0.0,22804.0,2144.0
2862055,2862056,22.0,1156884,2,1,10,1,6.0,-9.0,-9.0,15.0,4.0,-9,0.0,22804.0,2144.0
2862056,2862057,21.0,1156884,3,1,10,1,6.0,-9.0,-9.0,15.0,4.0,-9,0.0,22804.0,2144.0
2862057,2862058,25.0,1156885,1,1,0,1,6.0,-9.0,-9.0,15.0,4.0,-9,0.0,22801.0,2143.0
2862058,2862059,22.0,1156885,2,1,10,1,6.0,-9.0,-9.0,15.0,4.0,-9,0.0,22801.0,2143.0
2862059,2862060,21.0,1156885,3,1,10,1,6.0,-9.0,-9.0,15.0,4.0,-9,0.0,22801.0,2143.0
2862060,2862061,25.0,1156886,1,1,0,1,6.0,-9.0,-9.0,15.0,4.0,-9,0.0,22802.0,2144.0
2862061,2862062,22.0,1156886,2,1,10,1,6.0,-9.0,-9.0,15.0,4.0,-9,0.0,22802.0,2144.0
2862062,2862063,21.0,1156886,3,1,10,1,6.0,-9.0,-9.0,15.0,4.0,-9,0.0,22802.0,2144.0
2862063,2862064,25.0,1156887,1,1,0,1,6.0,-9.0,-9.0,15.0,4.0,-9,0.0,22802.0,2144.0
2862064,2862065,22.0,1156887,2,1,10,1,6.0,-9.0,-9.0,15.0,4.0,-9,0.0,22802.0,2144.0
2862065,2862066,21.0,1156887,3,1,10,1,6.0,-9.0,-9.0,15.0,4.0,-9,0.0,22802.0,2144.0
2862066,2862067,25.0,1156888,1,1,0,1,6.0,-9.0,-9.0,15.0,4.0,-9,0.0,22801.0,2143.0
2862067,2862068,22.0,1156888,2,1,10,1,6.0,-9.0,-9.0,15.0,4.0,-9,0.0,22801.0,2143.0
2862068,2862069,21.0,1156888,3,1,10,1,6.0,-9.0,-9.0,15.0,4.0,-9,0.0,22801.0,2143.0
2862069,2862070,25.0,1156889,1,1,0,1,6.0,-9.0,-9.0,15.0,4.0,-9,0.0,22801.0,2143.0
2862070,2862071,22.0,1156889,2,1,10,1,6.0,-9.0,-9.0,15.0,4.0,-9,0.0,22801.0,2143.0
2862071,2862072,21.0,1156889,3,1,10,1,6.0,-9.0,-9.0,15.0,4.0,-9,0.0,22801.0,2143.0
2862072,2862073,25.0,1156890,1,1,0,1,6.0,-9.0,-9.0,15.0,4.0,-9,0.0,22805.0,2145.0
2862073,2862074,22.0,1156890,2,1,10,1,6.0,-9.0,-9.0,15.0,4.0,-9,0.0,22805.0,2145.0
2862074,2862075,21.0,1156890,3,1,10,1,6.0,-9.0,-9.0,15.0,4.0,-9,0.0,22805.0,2145.0
2862075,2862076,25.0,1156891,1,1,0,1,6.0,-9.0,-9.0,15.0,4.0,-9,0.0,22804.0,2144.0
2862076,2862077,22.0,1156891,2,1,10,1,6.0,-9.0,-9.0,15.0,4.0,-9,0.0,22804.0,2144.0
2862077,2862078,21.0,1156891,3,1,10,1,6.0,-9.0,-9.0,15.0,4.0,-9,0.0,22804.0,2144.0
2862078,2862079,25.0,1156892,1,1,0,1,6.0,-9.0,-9.0,15.0,4.0,-9,0.0,22804.0,2144.0
2862079,2862080,22.0,1156892,2,1,10,1,6.0,-9.0,-9.0,15.0,4.0,-9,0.0,22804.0,2144.0
2862080,2862081,21.0,1156892,3,1,10,1,6.0,-9.0,-9.0,15.0,4.0,-9,0.0,22804.0,2144.0
2862081,2862082,25.0,1156893,1,1,0,1,6.0,-9.0,-9.0,15.0,4.0,-9,0.0,22802.0,2144.0
2862082,2862083,22.0,1156893,2,1,10,1,6.0,-9.0,-9.0,15.0,4.0,-9,0.0,22802.0,2144.0
2862083,2862084,21.0,1156893,3,1,10,1,6.0,-9.0,-9.0,15.0,4.0,-9,0.0,22802.0,2144.0
2862084,2862085,25.0,1156894,1,1,0,1,6.0,-9.0,-9.0,15.0,4.0,-9,0.0,22802.0,2144.0
2862085,2862086,22.0,1156894,2,1,10,1,6.0,-9.0,-9.0,15.0,4.0,-9,0.0,22802.0,2144.0
2862086,2862087,21.0,1156894,3,1,10,1,6.0,-9.0,-9.0,15.0,4.0,-9,0.0,22802.0,2144.0
2862087,2862088,25.0,1156895,1,1,0,1,6.0,-9.0,-9.0,15.0,4.0,-9,0.0,22801.0,2143.0
2862088,2862089,22.0,1156895,2,1,10,1,6.0,-9.0,-9.0,15.0,4.0,-9,0.0,22801.0,2143.0
2862089,2862090,21.0,1156895,3,1,10,1,6.0,-9.0,-9.0,15.0,4.0,-9,0.0,22801.0,2143.0
2862090,2862091,25.0,1156896,1,1,0,1,6.0,-9.0,-9.0,15.0,4.0,-9,0.0,22804.0,2144.0
2862091,2862092,22.0,1156896,2,1,10,1,6.0,-9.0,-9.0,15.0,4.0,-9,0.0,22804.0,2144.0
2862092,2862093,21.0,1156896,3,1,10,1,6.0,-9.0,-9.0,15.0,4.0,-9,0.0,22804.0,2144.0
2862093,2862094,25.0,1156897,1,1,0,1,6.0,-9.0,-9.0,15.0,4.0,-9,0.0,22804.0,2144.0
2862094,2862095,22.0,1156897,2,1,10,1,6.0,-9.0,-9.0,15.0,4.0,-9,0.0,22804.0,2144.0
2862095,2862096,21.0,1156897,3,1,10,1,6.0,-9.0,-9.0,15.0,4.0,-9,0.0,22804.0,2144.0
2862096,2862097,25.0,1156898,1,1,0,1,6.0,-9.0,-9.0,15.0,4.0,-9,0.0,22802.0,2144.0
2862097,2862098,22.0,1156898,2,1,10,1,6.0,-9.0,-9.0,15.0,4.0,-9,0.0,22802.0,2144.0
2862098,2862099,21.0,1156898,3,1,10,1,6.0,-9.0,-9.0,15.0,4.0,-9,0.0,22802.0,2144.0
2862099,2862100,25.0,1156899,1,1,0,1,6.0,-9.0,-9.0,15.0,4.0,-9,0.0,22801.0,2143.0
2862100,2862101,22.0,1156899,2,1,10,1,6.0,-9.0,-9.0,15.0,4.0,-9,0.0,22801.0,2143.0
2862101,2862102,21.0,1156899,3,1,10,1,6.0,-9.0,-9.0,15.0,4.0,-9,0.0,22801.0,2143.0
2862102,2862103,25.0,1156900,1,1,0,1,6.0,-9.0,-9.0,15.0,4.0,-9,0.0,22804.0,2144.0
2862103,2862104,22.0,1156900,2,1,10,1,6.0,-9.0,-9.0,15.0,4.0,-9,0.0,22804.0,2144.0
2862104,2862105,21.0,1156900,3,1,10,1,6.0,-9.0,-9.0,15.0,4.0,-9,0.0,22804.0,2144.0
2862105,2862106,25.0,1156901,1,1,0,1,6.0,-9.0,-9.0,15.0,4.0,-9,0.0,22802.0,2144.0
2862106,2862107,22.0,1156901,2,1,10,1,6.0,-9.0,-9.0,15.0,4.0,-9,0.0,22802.0,2144.0
2862107,2862108,21.0,1156901,3,1,10,1,6.0,-9.0,-9.0,15.0,4.0,-9,0.0,22802.0,2144.0
2862108,2862109,25.0,1156902,1,1,0,1,6.0,-9.0,-9.0,15.0,4.0,-9,0.0,22804.0,2144.0
2862109,2862110,22.0,1156902,2,1,10,1,6.0,-9.0,-9.0,15.0,4.0,-9,0.0,22804.0,2144.0
2862110,2862111,21.0,1156902,3,1,10,1,6.0,-9.0,-9.0,15.0,4.0,-9,0.0,22804.0,2144.0
2862111,2862112,25.0,1156903,1,1,0,1,6.0,-9.0,-9.0,15.0,4.0,-9,0.0,22801.0,2143.0
2862112,2862113,22.0,1156903,2,1,10,1,6.0,-9.0,-9.0,15.0,4.0,-9,0.0,22801.0,2143.0
2862113,2862114,21.0,1156903,3,1,10,1,6.0,-9.0,-9.0,15.0,4.0,-9,0.0,22801.0,2143.0
2862114,2862115,25.0,1156904,1,1,0,1,6.0,-9.0,-9.0,15.0,4.0,-9,0.0,22801.0,2143.0
2862115,2862116,22.0,1156904,2,1,10,1,6.0,-9.0,-9.0,15.0,4.0,-9,0.0,22801.0,2143.0
2862116,2862117,21.0,1156904,3,1,10,1,6.0,-9.0,-9.0,15.0,4.0,-9,0.0,22801.0,2143.0
2862117,2862118,25.0,1156905,1,1,0,1,6.0,-9.0,-9.0,15.0,4.0,-9,0.0,22804.0,2144.0
2862118,2862119,22.0,1156905,2,1,10,1,6.0,-9.0,-9.0,15.0,4.0,-9,0.0,22804.0,2144.0
2862119,2862120,21.0,1156905,3,1,10,1,6.0,-9.0,-9.0,15.0,4.0,-9,0.0,22804.0,2144.0
2862120,2862121,25.0,1156906,1,1,0,1,6.0,-9.0,-9.0,15.0,4.0,-9,0.0,22804.0,2144.0
2862121,2862122,22.0,1156906,2,1,10,1,6.0,-9.0,-9.0,15.0,4.0,-9,0.0,22804.0,2144.0
2862122,2862123,21.0,1156906,3,1,10,1,6.0,-9.0,-9.0,15.0,4.0,-9,0.0,22804.0,2144.0
2862123,2862124,25.0,1156907,1,1,0,1,6.0,-9.0,-9.0,15.0,4.0,-9,0.0,22802.0,2144.0
2862124,2862125,22.0,1156907,2,1,10,1,6.0,-9.0,-9.0,15.0,4.0,-9,0.0,22802.0,2144.0
2862125,2862126,21.0,1156907,3,1,10,1,6.0,-9.0,-9.0,15.0,4.0,-9,0.0,22802.0,2144.0
2862126,2862127,25.0,1156908,1,1,0,1,6.0,-9.0,-9.0,15.0,4.0,-9,0.0,22802.0,2144.0
2862127,2862128,22.0,1156908,2,1,10,1,6.0,-9.0,-9.0,15.0,4.0,-9,0.0,22802.0,2144.0
2862128,2862129,21.0,1156908,3,1,10,1,6.0,-9.0,-9.0,15.0,4.0,-9,0.0,22802.0,2144.0
2862129,2862130,25.0,1156909,1,1,0,1,6.0,-9.0,-9.0,15.0,4.0,-9,0.0,22801.0,2143.0
2862130,2862131,22.0,1156909,2,1,10,1,6.0,-9.0,-9.0,15.0,4.0,-9,0.0,22801.0,2143.0
2862131,2862132,21.0,1156909,3,1,10,1,6.0,-9.0,-9.0,15.0,4.0,-9,0.0,22801.0,2143.0
2862132,2862133,25.0,1156910,1,1,0,1,6.0,-9.0,-9.0,15.0,4.0,-9,0.0,22802.0,2144.0
2862133,2862134,22.0,1156910,2,1,10,1,6.0,-9.0,-9.0,15.0,4.0,-9,0.0,22802.0,2144.0
2862134,2862135,21.0,1156910,3,1,10,1,6.0,-9.0,-9.0,15.0,4.0,-9,0.0,22802.0,2144.0
2862135,2862136,25.0,1156911,1,1,0,1,6.0,-9.0,-9.0,15.0,4.0,-9,0.0,22804.0,2144.0
2862136,2862137,22.0,1156911,2,1,10,1,6.0,-9.0,-9.0,15.0,4.0,-9,0.0,22804.0,2144.0
2862137,2862138,21.0,1156911,3,1,10,1,6.0,-9.0,-9.0,15.0,4.0,-9,0.0,22804.0,2144.0
2862138,2862139,25.0,1156912,1,1,0,1,6.0,-9.0,-9.0,15.0,4.0,-9,0.0,22805.0,2145.0
2862139,2862140,22.0,1156912,2,1,10,1,6.0,-9.0,-9.0,15.0,4.0,-9,0.0,22805.0,2145.0
2862140,2862141,21.0,1156912,3,1,10,1,6.0,-9.0,-9.0,15.0,4.0,-9,0.0,22805.0,2145.0
2862141,2862142,25.0,1156913,1,1,0,1,6.0,-9.0,-9.0,15.0,4.0,-9,0.0,22804.0,2144.0
2862142,2862143,22.0,1156913,2,1,10,1,6.0,-9.0,-9.0,15.0,4.0,-9,0.0,22804.0,2144.0
2862143,2862144,21.0,1156913,3,1,10,1,6.0,-9.0,-9.0,15.0,4.0,-9,0.0,22804.0,2144.0
2862144,2862145,25.0,1156914,1,1,0,1,6.0,-9.0,-9.0,15.0,4.0,-9,0.0,22801.0,2143.0
2862145,2862146,22.0,1156914,2,1,10,1,6.0,-9.0,-9.0,15.0,4.0,-9,0.0,22801.0,2143.0
2862146,2862147,21.0,1156914,3,1,10,1,6.0,-9.0,-9.0,15.0,4.0,-9,0.0,22801.0,2143.0
2862147,2862148,25.0,1156915,1,1,0,1,6.0,-9.0,-9.0,15.0,4.0,-9,0.0,22801.0,2143.0
2862148,2862149,22.0,1156915,2,1,10,1,6.0,-9.0,-9.0,15.0,4.0,-9,0.0,22801.0,2143.0
2862149,2862150,21.0,1156915,3,1,10,1,6.0,-9.0,-9.0,15.0,4.0,-9,0.0,22801.0,2143.0
2862150,2862151,25.0,1156916,1,1,0,1,6.0,-9.0,-9.0,15.0,4.0,-9,0.0,22804.0,2144.0
2862151,2862152,22.0,1156916,2,1,10,1,6.0,-9.0,-9.0,15.0,4.0,-9,0.0,22804.0,2144.0
2862152,2862153,21.0,1156916,3,1,10,1,6.0,-9.0,-9.0,15.0,4.0,-9,0.0,22804.0,2144.0
2862153,2862154,25.0,1156917,1,1,0,1,6.0,-9.0,-9.0,15.0,4.0,-9,0.0,22801.0,2143.0
2862154,2862155,22.0,1156917,2,1,10,1,6.0,-9.0,-9.0,15.0,4.0,-9,0.0,22801.0,2143.0
2862155,2862156,21.0,1156917,3,1,10,1,6.0,-9.0,-9.0,15.0,4.0,-9,0.0,22801.0,2143.0
2862156,2862157,25.0,1156918,1,1,0,1,6.0,-9.0,-9.0,15.0,4.0,-9,0.0,22801.0,2143.0
2862157,2862158,22.0,1156918,2,1,10,1,6.0,-9.0,-9.0,15.0,4.0,-9,0.0,22801.0,2143.0
2862158,2862159,21.0,1156918,3,1,10,1,6.0,-9.0,-9.0,15.0,4.0,-9,0.0,22801.0,2143.0
2862159,2862160,25.0,1156919,1,1,0,1,6.0,-9.0,-9.0,15.0,4.0,-9,0.0,22801.0,2143.0
2862160,2862161,22.0,1156919,2,1,10,1,6.0,-9.0,-9.0,15.0,4.0,-9,0.0,22801.0,2143.0
2862161,2862162,21.0,1156919,3,1,10,1,6.0,-9.0,-9.0,15.0,4.0,-9,0.0,22801.0,2143.0
2862162,2862163,25.0,1156920,1,1,0,1,6.0,-9.0,-9.0,15.0,4.0,-9,0.0,22801.0,2143.0
2862163,2862164,22.0,1156920,2,1,10,1,6.0,-9.0,-9.0,15.0,4.0,-9,0.0,22801.0,2143.0
2862164,2862165,21.0,1156920,3,1,10,1,6.0,-9.0,-9.0,15.0,4.0,-9,0.0,22801.0,2143.0
2862165,2862166,25.0,1156921,1,1,0,1,6.0,-9.0,-9.0,15.0,4.0,-9,0.0,22801.0,2143.0
2862166,2862167,22.0,1156921,2,1,10,1,6.0,-9.0,-9.0,15.0,4.0,-9,0.0,22801.0,2143.0
2862167,2862168,21.0,1156921,3,1,10,1,6.0,-9.0,-9.0,15.0,4.0,-9,0.0,22801.0,2143.0
2862168,2862169,25.0,1156922,1,1,0,1,6.0,-9.0,-9.0,15.0,4.0,-9,0.0,22801.0,2143.0
2862169,2862170,22.0,1156922,2,1,10,1,6.0,-9.0,-9.0,15.0,4.0,-9,0.0,22801.0,2143.0
2862170,2862171,21.0,1156922,3,1,10,1,6.0,-9.0,-9.0,15.0,4.0,-9,0.0,22801.0,2143.0
2862171,2862172,25.0,1156923,1,1,0,1,6.0,-9.0,-9.0,15.0,4.0,-9,0.0,22804.0,2144.0
2862172,2862173,22.0,1156923,2,1,10,1,6.0,-9.0,-9.0,15.0,4.0,-9,0.0,22804.0,2144.0
2862173,2862174,21.0,1156923,3,1,10,1,6.0,-9.0,-9.0,15.0,4.0,-9,0.0,22804.0,2144.0
2862174,2862175,25.0,1156924,1,1,0,1,6.0,-9.0,-9.0,15.0,4.0,-9,0.0,22801.0,2143.0
2862175,2862176,22.0,1156924,2,1,10,1,6.0,-9.0,-9.0,15.0,4.0,-9,0.0,22801.0,2143.0
2862176,2862177,21.0,1156924,3,1,10,1,6.0,-9.0,-9.0,15.0,4.0,-9,0.0,22801.0,2143.0
2862177,2862178,25.0,1156925,1,1,0,1,6.0,-9.0,-9.0,15.0,4.0,-9,0.0,22802.0,2144.0
2862178,2862179,22.0,1156925,2,1,10,1,6.0,-9.0,-9.0,15.0,4.0,-9,0.0,22802.0,2144.0
2862179,2862180,21.0,1156925,3,1,10,1,6.0,-9.0,-9.0,15.0,4.0,-9,0.0,22802.0,2144.0
2862180,2862181,25.0,1156926,1,1,0,1,6.0,-9.0,-9.0,15.0,4.0,-9,0.0,22802.0,2144.0
2862181,2862182,22.0,1156926,2,1,10,1,6.0,-9.0,-9.0,15.0,4.0,-9,0.0,22802.0,2144.0
2862182,2862183,21.0,1156926,3,1,10,1,6.0,-9.0,-9.0,15.0,4.0,-9,0.0,22802.0,2144.0
2862183,2862184,25.0,1156927,1,1,0,1,6.0,-9.0,-9.0,15.0,4.0,-9,0.0,22801.0,2143.0
2862184,2862185,22.0,1156927,2,1,10,1,6.0,-9.0,-9.0,15.0,4.0,-9,0.0,22801.0,2143.0
2862185,2862186,21.0,1156927,3,1,10,1,6.0,-9.0,-9.0,15.0,4.0,-9,0.0,22801.0,2143.0
2862186,2862187,25.0,1156928,1,1,0,1,6.0,-9.0,-9.0,15.0,4.0,-9,0.0,22801.0,2143.0
2862187,2862188,22.0,1156928,2,1,10,1,6.0,-9.0,-9.0,15.0,4.0,-9,0.0,22801.0,2143.0
2862188,2862189,21.0,1156928,3,1,10,1,6.0,-9.0,-9.0,15.0,4.0,-9,0.0,22801.0,2143.0
2862189,2862190,25.0,1156929,1,1,0,1,6.0,-9.0,-9.0,15.0,4.0,-9,0.0,22801.0,2143.0
2862190,2862191,22.0,1156929,2,1,10,1,6.0,-9.0,-9.0,15.0,4.0,-9,0.0,22801.0,2143.0
2862191,2862192,21.0,1156929,3,1,10,1,6.0,-9.0,-9.0,15.0,4.0,-9,0.0,22801.0,2143.0
2862192,2862193,25.0,1156930,1,1,0,1,6.0,-9.0,-9.0,15.0,4.0,-9,0.0,22801.0,2143.0
2862193,2862194,22.0,1156930,2,1,10,1,6.0,-9.0,-9.0,15.0,4.0,-9,0.0,22801.0,2143.0
2862194,2862195,21.0,1156930,3,1,10,1,6.0,-9.0,-9.0,15.0,4.0,-9,0.0,22801.0,2143.0
2862195,2862196,25.0,1156931,1,1,0,1,6.0,-9.0,-9.0,15.0,4.0,-9,0.0,22802.0,2144.0
2862196,2862197,22.0,1156931,2,1,10,1,6.0,-9.0,-9.0,15.0,4.0,-9,0.0,22802.0,2144.0
2862197,2862198,21.0,1156931,3,1,10,1,6.0,-9.0,-9.0,15.0,4.0,-9,0.0,22802.0,2144.0
2862198,2862199,25.0,1156932,1,1,0,1,6.0,-9.0,-9.0,15.0,4.0,-9,0.0,22804.0,2144.0
2862199,2862200,22.0,1156932,2,1,10,1,6.0,-9.0,-9.0,15.0,4.0,-9,0.0,22804.0,2144.0
2862200,2862201,21.0,1156932,3,1,10,1,6.0,-9.0,-9.0,15.0,4.0,-9,0.0,22804.0,2144.0
2862201,2862202,25.0,1156933,1,1,0,1,6.0,-9.0,-9.0,15.0,4.0,-9,0.0,22805.0,2145.0
2862202,2862203,22.0,1156933,2,1,10,1,6.0,-9.0,-9.0,15.0,4.0,-9,0.0,22805.0,2145.0
2862203,2862204,21.0,1156933,3,1,10,1,6.0,-9.0,-9.0,15.0,4.0,-9,0.0,22805.0,2145.0
2862204,2862205,25.0,1156934,1,1,0,1,6.0,-9.0,-9.0,15.0,4.0,-9,0.0,22801.0,2143.0
2862205,2862206,22.0,1156934,2,1,10,1,6.0,-9.0,-9.0,15.0,4.0,-9,0.0,22801.0,2143.0
2862206,2862207,21.0,1156934,3,1,10,1,6.0,-9.0,-9.0,15.0,4.0,-9,0.0,22801.0,2143.0
2862207,2862208,25.0,1156935,1,1,0,1,6.0,-9.0,-9.0,15.0,4.0,-9,0.0,22804.0,2144.0
2862208,2862209,22.0,1156935,2,1,10,1,6.0,-9.0,-9.0,15.0,4.0,-9,0.0,22804.0,2144.0
2862209,2862210,21.0,1156935,3,1,10,1,6.0,-9.0,-9.0,15.0,4.0,-9,0.0,22804.0,2144.0
2862210,2862211,25.0,1156936,1,1,0,1,6.0,-9.0,-9.0,15.0,4.0,-9,0.0,22801.0,2143.0
2862211,2862212,22.0,1156936,2,1,10,1,6.0,-9.0,-9.0,15.0,4.0,-9,0.0,22801.0,2143.0
2862212,2862213,21.0,1156936,3,1,10,1,6.0,-9.0,-9.0,15.0,4.0,-9,0.0,22801.0,2143.0
2862213,2862214,25.0,1156937,1,1,0,1,6.0,-9.0,-9.0,15.0,4.0,-9,0.0,22801.0,2143.0
2862214,2862215,22.0,1156937,2,1,10,1,6.0,-9.0,-9.0,15.0,4.0,-9,0.0,22801.0,2143.0
2862215,2862216,21.0,1156937,3,1,10,1,6.0,-9.0,-9.0,15.0,4.0,-9,0.0,22801.0,2143.0
2862216,2862217,25.0,1156938,1,1,0,1,6.0,-9.0,-9.0,15.0,4.0,-9,0.0,22805.0,2145.0
2862217,2862218,22.0,1156938,2,1,10,1,6.0,-9.0,-9.0,15.0,4.0,-9,0.0,22805.0,2145.0
2862218,2862219,21.0,1156938,3,1,10,1,6.0,-9.0,-9.0,15.0,4.0,-9,0.0,22805.0,2145.0
2862219,2862220,25.0,1156939,1,1,0,1,6.0,-9.0,-9.0,15.0,4.0,-9,0.0,22801.0,2143.0
2862220,2862221,22.0,1156939,2,1,10,1,6.0,-9.0,-9.0,15.0,4.0,-9,0.0,22801.0,2143.0
2862221,2862222,21.0,1156939,3,1,10,1,6.0,-9.0,-9.0,15.0,4.0,-9,0.0,22801.0,2143.0
2862222,2862223,25.0,1156940,1,1,0,1,6.0,-9.0,-9.0,15.0,4.0,-9,0.0,22801.0,2143.0
2862223,2862224,22.0,1156940,2,1,10,1,6.0,-9.0,-9.0,15.0,4.0,-9,0.0,22801.0,2143.0
2862224,2862225,21.0,1156940,3,1,10,1,6.0,-9.0,-9.0,15.0,4.0,-9,0.0,22801.0,2143.0
2862225,2862226,25.0,1156941,1,1,0,1,6.0,-9.0,-9.0,15.0,4.0,-9,0.0,22804.0,2144.0
2862226,2862227,22.0,1156941,2,1,10,1,6.0,-9.0,-9.0,15.0,4.0,-9,0.0,22804.0,2144.0
2862227,2862228,21.0,1156941,3,1,10,1,6.0,-9.0,-9.0,15.0,4.0,-9,0.0,22804.0,2144.0
2862228,2862229,25.0,1156942,1,1,0,1,6.0,-9.0,-9.0,15.0,4.0,-9,0.0,22804.0,2144.0
2862229,2862230,22.0,1156942,2,1,10,1,6.0,-9.0,-9.0,15.0,4.0,-9,0.0,22804.0,2144.0
2862230,2862231,21.0,1156942,3,1,10,1,6.0,-9.0,-9.0,15.0,4.0,-9,0.0,22804.0,2144.0
2862231,2862232,25.0,1156943,1,1,0,1,6.0,-9.0,-9.0,15.0,4.0,-9,0.0,22802.0,2144.0
2862232,2862233,22.0,1156943,2,1,10,1,6.0,-9.0,-9.0,15.0,4.0,-9,0.0,22802.0,2144.0
2862233,2862234,21.0,1156943,3,1,10,1,6.0,-9.0,-9.0,15.0,4.0,-9,0.0,22802.0,2144.0
2862234,2862235,25.0,1156944,1,1,0,1,6.0,-9.0,-9.0,15.0,4.0,-9,0.0,22804.0,2144.0
2862235,2862236,22.0,1156944,2,1,10,1,6.0,-9.0,-9.0,15.0,4.0,-9,0.0,22804.0,2144.0
2862236,2862237,21.0,1156944,3,1,10,1,6.0,-9.0,-9.0,15.0,4.0,-9,0.0,22804.0,2144.0
2862237,2862238,25.0,1156945,1,1,0,1,6.0,-9.0,-9.0,15.0,4.0,-9,0.0,22801.0,2143.0
2862238,2862239,22.0,1156945,2,1,10,1,6.0,-9.0,-9.0,15.0,4.0,-9,0.0,22801.0,2143.0
2862239,2862240,21.0,1156945,3,1,10,1,6.0,-9.0,-9.0,15.0,4.0,-9,0.0,22801.0,2143.0
2862240,2862241,25.0,1156946,1,1,0,1,6.0,-9.0,-9.0,15.0,4.0,-9,0.0,22801.0,2143.0
2862241,2862242,22.0,1156946,2,1,10,1,6.0,-9.0,-9.0,15.0,4.0,-9,0.0,22801.0,2143.0
2862242,2862243,21.0,1156946,3,1,10,1,6.0,-9.0,-9.0,15.0,4.0,-9,0.0,22801.0,2143.0
2862243,2862244,25.0,1156947,1,1,0,1,6.0,-9.0,-9.0,15.0,4.0,-9,0.0,22801.0,2143.0
2862244,2862245,22.0,1156947,2,1,10,1,6.0,-9.0,-9.0,15.0,4.0,-9,0.0,22801.0,2143.0
2862245,2862246,21.0,1156947,3,1,10,1,6.0,-9.0,-9.0,15.0,4.0,-9,0.0,22801.0,2143.0
2862246,2862247,25.0,1156948,1,1,0,1,6.0,-9.0,-9.0,15.0,4.0,-9,0.0,22802.0,2144.0
2862247,2862248,22.0,1156948,2,1,10,1,6.0,-9.0,-9.0,15.0,4.0,-9,0.0,22802.0,2144.0
2862248,2862249,21.0,1156948,3,1,10,1,6.0,-9.0,-9.0,15.0,4.0,-9,0.0,22802.0,2144.0
2862249,2862250,26.0,1156949,1,2,0,1,1.0,40.0,1.0,-9.0,4.0,51912,8.0,22802.0,2144.0
2862250,2862251,24.0,1156949,2,1,12,1,1.0,20.0,2.0,15.0,4.0,713Z,16.0,22802.0,2144.0
2862251,2862252,27.0,1156950,1,2,0,1,6.0,-9.0,-9.0,16.0,4.0,622M,15.0,22802.0,2144.0
2862252,2862253,24.0,1156950,2,2,12,1,1.0,36.0,2.0,15.0,4.0,622M,15.0,22802.0,2144.0
2862253,2862254,27.0,1156951,1,2,0,1,6.0,-9.0,-9.0,16.0,4.0,622M,15.0,22801.0,2143.0
2862254,2862255,24.0,1156951,2,2,12,1,1.0,36.0,2.0,15.0,4.0,622M,15.0,22801.0,2143.0
2862255,2862256,27.0,1156952,1,2,0,1,6.0,-9.0,-9.0,16.0,4.0,622M,15.0,22802.0,2144.0
2862256,2862257,24.0,1156952,2,2,12,1,1.0,36.0,2.0,15.0,4.0,622M,15.0,22802.0,2144.0
2862257,2862258,27.0,1156953,1,2,0,1,6.0,-9.0,-9.0,16.0,4.0,622M,15.0,22801.0,2143.0
2862258,2862259,24.0,1156953,2,2,12,1,1.0,36.0,2.0,15.0,4.0,622M,15.0,22801.0,2143.0
2862259,2862260,27.0,1156954,1,2,0,1,6.0,-9.0,-9.0,16.0,4.0,622M,15.0,22801.0,2143.0
2862260,2862261,24.0,1156954,2,2,12,1,1.0,36.0,2.0,15.0,4.0,622M,15.0,22801.0,2143.0
2862261,2862262,27.0,1156955,1,2,0,1,6.0,-9.0,-9.0,16.0,4.0,622M,15.0,22801.0,2143.0
2862262,2862263,24.0,1156955,2,2,12,1,1.0,36.0,2.0,15.0,4.0,622M,15.0,22801.0,2143.0
2862263,2862264,27.0,1156956,1,2,0,1,6.0,-9.0,-9.0,16.0,4.0,622M,15.0,22801.0,2143.0
2862264,2862265,24.0,1156956,2,2,12,1,1.0,36.0,2.0,15.0,4.0,622M,15.0,22801.0,2143.0
2862265,2862266,27.0,1156957,1,2,0,1,6.0,-9.0,-9.0,16.0,4.0,622M,15.0,22801.0,2143.0
2862266,2862267,24.0,1156957,2,2,12,1,1.0,36.0,2.0,15.0,4.0,622M,15.0,22801.0,2143.0
2862267,2862268,27.0,1156958,1,2,0,1,6.0,-9.0,-9.0,16.0,4.0,622M,15.0,22805.0,2145.0
2862268,2862269,24.0,1156958,2,2,12,1,1.0,36.0,2.0,15.0,4.0,622M,15.0,22805.0,2145.0
2862269,2862270,27.0,1156959,1,2,0,1,6.0,-9.0,-9.0,16.0,4.0,622M,15.0,22801.0,2143.0
2862270,2862271,24.0,1156959,2,2,12,1,1.0,36.0,2.0,15.0,4.0,622M,15.0,22801.0,2143.0
2862271,2862272,27.0,1156960,1,2,0,1,6.0,-9.0,-9.0,16.0,4.0,622M,15.0,22802.0,2144.0
2862272,2862273,24.0,1156960,2,2,12,1,1.0,36.0,2.0,15.0,4.0,622M,15.0,22802.0,2144.0
2862273,2862274,27.0,1156961,1,2,0,1,6.0,-9.0,-9.0,16.0,4.0,622M,15.0,22802.0,2144.0
2862274,2862275,24.0,1156961,2,2,12,1,1.0,36.0,2.0,15.0,4.0,622M,15.0,22802.0,2144.0
2862275,2862276,27.0,1156962,1,2,0,1,6.0,-9.0,-9.0,16.0,4.0,622M,15.0,22801.0,2143.0
2862276,2862277,24.0,1156962,2,2,12,1,1.0,36.0,2.0,15.0,4.0,622M,15.0,22801.0,2143.0
2862277,2862278,27.0,1156963,1,2,0,1,6.0,-9.0,-9.0,16.0,4.0,622M,15.0,22805.0,2145.0
2862278,2862279,24.0,1156963,2,2,12,1,1.0,36.0,2.0,15.0,4.0,622M,15.0,22805.0,2145.0
2862279,2862280,27.0,1156964,1,2,0,1,6.0,-9.0,-9.0,16.0,4.0,622M,15.0,22801.0,2143.0
2862280,2862281,24.0,1156964,2,2,12,1,1.0,36.0,2.0,15.0,4.0,622M,15.0,22801.0,2143.0
2862281,2862282,27.0,1156965,1,2,0,1,6.0,-9.0,-9.0,16.0,4.0,622M,15.0,22801.0,2143.0
2862282,2862283,24.0,1156965,2,2,12,1,1.0,36.0,2.0,15.0,4.0,622M,15.0,22801.0,2143.0
2862283,2862284,27.0,1156966,1,2,0,1,6.0,-9.0,-9.0,16.0,4.0,622M,15.0,22802.0,2144.0
2862284,2862285,24.0,1156966,2,2,12,1,1.0,36.0,2.0,15.0,4.0,622M,15.0,22802.0,2144.0
2862285,2862286,27.0,1156967,1,2,0,1,6.0,-9.0,-9.0,16.0,4.0,622M,15.0,22804.0,2144.0
2862286,2862287,24.0,1156967,2,2,12,1,1.0,36.0,2.0,15.0,4.0,622M,15.0,22804.0,2144.0
2862287,2862288,27.0,1156968,1,2,0,1,6.0,-9.0,-9.0,16.0,4.0,622M,15.0,22804.0,2144.0
2862288,2862289,24.0,1156968,2,2,12,1,1.0,36.0,2.0,15.0,4.0,622M,15.0,22804.0,2144.0
2862289,2862290,27.0,1156969,1,2,0,1,6.0,-9.0,-9.0,16.0,4.0,622M,15.0,22804.0,2144.0
2862290,2862291,24.0,1156969,2,2,12,1,1.0,36.0,2.0,15.0,4.0,622M,15.0,22804.0,2144.0
2862291,2862292,27.0,1156970,1,2,0,1,6.0,-9.0,-9.0,16.0,4.0,622M,15.0,22801.0,2143.0
2862292,2862293,24.0,1156970,2,2,12,1,1.0,36.0,2.0,15.0,4.0,622M,15.0,22801.0,2143.0
2862293,2862294,27.0,1156971,1,2,0,1,6.0,-9.0,-9.0,16.0,4.0,622M,15.0,22801.0,2143.0
2862294,2862295,24.0,1156971,2,2,12,1,1.0,36.0,2.0,15.0,4.0,622M,15.0,22801.0,2143.0
2862295,2862296,27.0,1156972,1,2,0,1,6.0,-9.0,-9.0,16.0,4.0,622M,15.0,22805.0,2145.0
2862296,2862297,24.0,1156972,2,2,12,1,1.0,36.0,2.0,15.0,4.0,622M,15.0,22805.0,2145.0
2862297,2862298,27.0,1156973,1,2,0,1,6.0,-9.0,-9.0,16.0,4.0,622M,15.0,22805.0,2145.0
2862298,2862299,24.0,1156973,2,2,12,1,1.0,36.0,2.0,15.0,4.0,622M,15.0,22805.0,2145.0
2862299,2862300,27.0,1156974,1,2,0,1,6.0,-9.0,-9.0,16.0,4.0,622M,15.0,22804.0,2144.0
2862300,2862301,24.0,1156974,2,2,12,1,1.0,36.0,2.0,15.0,4.0,622M,15.0,22804.0,2144.0
2862301,2862302,27.0,1156975,1,2,0,1,6.0,-9.0,-9.0,16.0,4.0,622M,15.0,22804.0,2144.0
2862302,2862303,24.0,1156975,2,2,12,1,1.0,36.0,2.0,15.0,4.0,622M,15.0,22804.0,2144.0
2862303,2862304,27.0,1156976,1,2,0,1,6.0,-9.0,-9.0,16.0,4.0,622M,15.0,22801.0,2143.0
2862304,2862305,24.0,1156976,2,2,12,1,1.0,36.0,2.0,15.0,4.0,622M,15.0,22801.0,2143.0
2862305,2862306,27.0,1156977,1,2,0,1,6.0,-9.0,-9.0,16.0,4.0,622M,15.0,22802.0,2144.0
2862306,2862307,24.0,1156977,2,2,12,1,1.0,36.0,2.0,15.0,4.0,622M,15.0,22802.0,2144.0
2862307,2862308,27.0,1156978,1,2,0,1,6.0,-9.0,-9.0,16.0,4.0,622M,15.0,22805.0,2145.0
2862308,2862309,24.0,1156978,2,2,12,1,1.0,36.0,2.0,15.0,4.0,622M,15.0,22805.0,2145.0
2862309,2862310,27.0,1156979,1,2,0,1,6.0,-9.0,-9.0,16.0,4.0,622M,15.0,22801.0,2143.0
2862310,2862311,24.0,1156979,2,2,12,1,1.0,36.0,2.0,15.0,4.0,622M,15.0,22801.0,2143.0
2862311,2862312,27.0,1156980,1,2,0,1,6.0,-9.0,-9.0,16.0,4.0,622M,15.0,22801.0,2143.0
2862312,2862313,24.0,1156980,2,2,12,1,1.0,36.0,2.0,15.0,4.0,622M,15.0,22801.0,2143.0
2862313,2862314,27.0,1156981,1,2,0,1,6.0,-9.0,-9.0,16.0,4.0,622M,15.0,22802.0,2144.0
2862314,2862315,24.0,1156981,2,2,12,1,1.0,36.0,2.0,15.0,4.0,622M,15.0,22802.0,2144.0
2862315,2862316,27.0,1156982,1,2,0,1,6.0,-9.0,-9.0,16.0,4.0,622M,15.0,22801.0,2143.0
2862316,2862317,24.0,1156982,2,2,12,1,1.0,36.0,2.0,15.0,4.0,622M,15.0,22801.0,2143.0
2862317,2862318,27.0,1156983,1,2,0,1,6.0,-9.0,-9.0,16.0,4.0,622M,15.0,22802.0,2144.0
2862318,2862319,24.0,1156983,2,2,12,1,1.0,36.0,2.0,15.0,4.0,622M,15.0,22802.0,2144.0
2862319,2862320,27.0,1156984,1,2,0,1,6.0,-9.0,-9.0,16.0,4.0,622M,15.0,22805.0,2145.0
2862320,2862321,24.0,1156984,2,2,12,1,1.0,36.0,2.0,15.0,4.0,622M,15.0,22805.0,2145.0
2862321,2862322,27.0,1156985,1,2,0,1,6.0,-9.0,-9.0,16.0,4.0,622M,15.0,22801.0,2143.0
2862322,2862323,24.0,1156985,2,2,12,1,1.0,36.0,2.0,15.0,4.0,622M,15.0,22801.0,2143.0
2862323,2862324,27.0,1156986,1,2,0,1,6.0,-9.0,-9.0,16.0,4.0,622M,15.0,22801.0,2143.0
2862324,2862325,24.0,1156986,2,2,12,1,1.0,36.0,2.0,15.0,4.0,622M,15.0,22801.0,2143.0
2862325,2862326,27.0,1156987,1,2,0,1,6.0,-9.0,-9.0,16.0,4.0,622M,15.0,22801.0,2143.0
2862326,2862327,24.0,1156987,2,2,12,1,1.0,36.0,2.0,15.0,4.0,622M,15.0,22801.0,2143.0
2862327,2862328,27.0,1156988,1,2,0,1,6.0,-9.0,-9.0,16.0,4.0,622M,15.0,22801.0,2143.0
2862328,2862329,24.0,1156988,2,2,12,1,1.0,36.0,2.0,15.0,4.0,622M,15.0,22801.0,2143.0
2862329,2862330,27.0,1156989,1,2,0,1,6.0,-9.0,-9.0,16.0,4.0,622M,15.0,22801.0,2143.0
2862330,2862331,24.0,1156989,2,2,12,1,1.0,36.0,2.0,15.0,4.0,622M,15.0,22801.0,2143.0
2862331,2862332,27.0,1156990,1,2,0,1,6.0,-9.0,-9.0,16.0,4.0,622M,15.0,22804.0,2144.0
2862332,2862333,24.0,1156990,2,2,12,1,1.0,36.0,2.0,15.0,4.0,622M,15.0,22804.0,2144.0
2862333,2862334,27.0,1156991,1,2,0,1,6.0,-9.0,-9.0,16.0,4.0,622M,15.0,22802.0,2144.0
2862334,2862335,24.0,1156991,2,2,12,1,1.0,36.0,2.0,15.0,4.0,622M,15.0,22802.0,2144.0
2862335,2862336,27.0,1156992,1,2,0,1,6.0,-9.0,-9.0,16.0,4.0,622M,15.0,22802.0,2144.0
2862336,2862337,24.0,1156992,2,2,12,1,1.0,36.0,2.0,15.0,4.0,622M,15.0,22802.0,2144.0
2862337,2862338,27.0,1156993,1,2,0,1,6.0,-9.0,-9.0,16.0,4.0,622M,15.0,22801.0,2143.0
2862338,2862339,24.0,1156993,2,2,12,1,1.0,36.0,2.0,15.0,4.0,622M,15.0,22801.0,2143.0
2862339,2862340,27.0,1156994,1,2,0,1,6.0,-9.0,-9.0,16.0,4.0,622M,15.0,22802.0,2144.0
2862340,2862341,24.0,1156994,2,2,12,1,1.0,36.0,2.0,15.0,4.0,622M,15.0,22802.0,2144.0
2862341,2862342,27.0,1156995,1,2,0,1,6.0,-9.0,-9.0,16.0,4.0,622M,15.0,22801.0,2143.0
2862342,2862343,24.0,1156995,2,2,12,1,1.0,36.0,2.0,15.0,4.0,622M,15.0,22801.0,2143.0
2862343,2862344,30.0,1156996,1,2,0,1,1.0,45.0,1.0,-9.0,4.0,6244,14.0,22802.0,2144.0
2862344,2862345,4.0,1156996,2,1,2,1,-9.0,-9.0,-9.0,1.0,-9.0,-9,0.0,22802.0,2144.0
2862345,2862346,2.0,1156996,3,1,2,1,-9.0,-9.0,-9.0,-9.0,-9.0,-9,0.0,22802.0,2144.0
2862346,2862347,38.0,1156996,4,1,12,1,1.0,45.0,1.0,-9.0,4.0,332MZ,3.0,22802.0,2144.0
2862347,2862348,30.0,1156996,5,2,12,1,6.0,-9.0,-9.0,-9.0,4.0,522M,9.0,22802.0,2144.0
2862348,2862349,19.0,1156996,6,1,12,1,6.0,-9.0,-9.0,15.0,4.0,-9,0.0,22802.0,2144.0
2862349,2862350,33.0,1156996,7,1,13,1,1.0,15.0,1.0,-9.0,4.0,8121M,17.0,22802.0,2144.0
2862350,2862351,30.0,1156997,1,2,0,1,1.0,45.0,1.0,-9.0,4.0,6244,14.0,22801.0,2143.0
2862351,2862352,4.0,1156997,2,1,2,1,-9.0,-9.0,-9.0,1.0,-9.0,-9,0.0,22801.0,2143.0
2862352,2862353,2.0,1156997,3,1,2,1,-9.0,-9.0,-9.0,-9.0,-9.0,-9,0.0,22801.0,2143.0
2862353,2862354,38.0,1156997,4,1,12,1,1.0,45.0,1.0,-9.0,4.0,332MZ,3.0,22801.0,2143.0
2862354,2862355,30.0,1156997,5,2,12,1,6.0,-9.0,-9.0,-9.0,4.0,522M,9.0,22801.0,2143.0
2862355,2862356,19.0,1156997,6,1,12,1,6.0,-9.0,-9.0,15.0,4.0,-9,0.0,22801.0,2143.0
2862356,2862357,33.0,1156997,7,1,13,1,1.0,15.0,1.0,-9.0,4.0,8121M,17.0,22801.0,2143.0
2862357,2862358,30.0,1156998,1,2,0,1,1.0,45.0,1.0,-9.0,4.0,6244,14.0,22804.0,2144.0
2862358,2862359,4.0,1156998,2,1,2,1,-9.0,-9.0,-9.0,1.0,-9.0,-9,0.0,22804.0,2144.0
2862359,2862360,2.0,1156998,3,1,2,1,-9.0,-9.0,-9.0,-9.0,-9.0,-9,0.0,22804.0,2144.0
2862360,2862361,38.0,1156998,4,1,12,1,1.0,45.0,1.0,-9.0,4.0,332MZ,3.0,22804.0,2144.0
2862361,2862362,30.0,1156998,5,2,12,1,6.0,-9.0,-9.0,-9.0,4.0,522M,9.0,22804.0,2144.0
2862362,2862363,19.0,1156998,6,1,12,1,6.0,-9.0,-9.0,15.0,4.0,-9,0.0,22804.0,2144.0
2862363,2862364,33.0,1156998,7,1,13,1,1.0,15.0,1.0,-9.0,4.0,8121M,17.0,22804.0,2144.0
2862364,2862365,30.0,1156999,1,2,0,1,1.0,45.0,1.0,-9.0,4.0,6244,14.0,22801.0,2143.0
2862365,2862366,4.0,1156999,2,1,2,1,-9.0,-9.0,-9.0,1.0,-9.0,-9,0.0,22801.0,2143.0
2862366,2862367,2.0,1156999,3,1,2,1,-9.0,-9.0,-9.0,-9.0,-9.0,-9,0.0,22801.0,2143.0
2862367,2862368,38.0,1156999,4,1,12,1,1.0,45.0,1.0,-9.0,4.0,332MZ,3.0,22801.0,2143.0
2862368,2862369,30.0,1156999,5,2,12,1,6.0,-9.0,-9.0,-9.0,4.0,522M,9.0,22801.0,2143.0
2862369,2862370,19.0,1156999,6,1,12,1,6.0,-9.0,-9.0,15.0,4.0,-9,0.0,22801.0,2143.0
2862370,2862371,33.0,1156999,7,1,13,1,1.0,15.0,1.0,-9.0,4.0,8121M,17.0,22801.0,2143.0
2862371,2862372,30.0,1157000,1,2,0,1,1.0,45.0,1.0,-9.0,4.0,6244,14.0,22804.0,2144.0
2862372,2862373,4.0,1157000,2,1,2,1,-9.0,-9.0,-9.0,1.0,-9.0,-9,0.0,22804.0,2144.0
2862373,2862374,2.0,1157000,3,1,2,1,-9.0,-9.0,-9.0,-9.0,-9.0,-9,0.0,22804.0,2144.0
2862374,2862375,38.0,1157000,4,1,12,1,1.0,45.0,1.0,-9.0,4.0,332MZ,3.0,22804.0,2144.0
2862375,2862376,30.0,1157000,5,2,12,1,6.0,-9.0,-9.0,-9.0,4.0,522M,9.0,22804.0,2144.0
2862376,2862377,19.0,1157000,6,1,12,1,6.0,-9.0,-9.0,15.0,4.0,-9,0.0,22804.0,2144.0
2862377,2862378,33.0,1157000,7,1,13,1,1.0,15.0,1.0,-9.0,4.0,8121M,17.0,22804.0,2144.0
2862378,2862379,30.0,1157001,1,2,0,1,1.0,45.0,1.0,-9.0,4.0,6244,14.0,22801.0,2143.0
2862379,2862380,4.0,1157001,2,1,2,1,-9.0,-9.0,-9.0,1.0,-9.0,-9,0.0,22801.0,2143.0
2862380,2862381,2.0,1157001,3,1,2,1,-9.0,-9.0,-9.0,-9.0,-9.0,-9,0.0,22801.0,2143.0
2862381,2862382,38.0,1157001,4,1,12,1,1.0,45.0,1.0,-9.0,4.0,332MZ,3.0,22801.0,2143.0
2862382,2862383,30.0,1157001,5,2,12,1,6.0,-9.0,-9.0,-9.0,4.0,522M,9.0,22801.0,2143.0
2862383,2862384,19.0,1157001,6,1,12,1,6.0,-9.0,-9.0,15.0,4.0,-9,0.0,22801.0,2143.0
2862384,2862385,33.0,1157001,7,1,13,1,1.0,15.0,1.0,-9.0,4.0,8121M,17.0,22801.0,2143.0
2862385,2862386,30.0,1157002,1,2,0,1,1.0,45.0,1.0,-9.0,4.0,6244,14.0,22802.0,2144.0
2862386,2862387,4.0,1157002,2,1,2,1,-9.0,-9.0,-9.0,1.0,-9.0,-9,0.0,22802.0,2144.0
2862387,2862388,2.0,1157002,3,1,2,1,-9.0,-9.0,-9.0,-9.0,-9.0,-9,0.0,22802.0,2144.0
2862388,2862389,38.0,1157002,4,1,12,1,1.0,45.0,1.0,-9.0,4.0,332MZ,3.0,22802.0,2144.0
2862389,2862390,30.0,1157002,5,2,12,1,6.0,-9.0,-9.0,-9.0,4.0,522M,9.0,22802.0,2144.0
2862390,2862391,19.0,1157002,6,1,12,1,6.0,-9.0,-9.0,15.0,4.0,-9,0.0,22802.0,2144.0
2862391,2862392,33.0,1157002,7,1,13,1,1.0,15.0,1.0,-9.0,4.0,8121M,17.0,22802.0,2144.0
2862392,2862393,30.0,1157003,1,2,0,1,1.0,45.0,1.0,-9.0,4.0,6244,14.0,22804.0,2144.0
2862393,2862394,4.0,1157003,2,1,2,1,-9.0,-9.0,-9.0,1.0,-9.0,-9,0.0,22804.0,2144.0
2862394,2862395,2.0,1157003,3,1,2,1,-9.0,-9.0,-9.0,-9.0,-9.0,-9,0.0,22804.0,2144.0
2862395,2862396,38.0,1157003,4,1,12,1,1.0,45.0,1.0,-9.0,4.0,332MZ,3.0,22804.0,2144.0
2862396,2862397,30.0,1157003,5,2,12,1,6.0,-9.0,-9.0,-9.0,4.0,522M,9.0,22804.0,2144.0
2862397,2862398,19.0,1157003,6,1,12,1,6.0,-9.0,-9.0,15.0,4.0,-9,0.0,22804.0,2144.0
2862398,2862399,33.0,1157003,7,1,13,1,1.0,15.0,1.0,-9.0,4.0,8121M,17.0,22804.0,2144.0
2862399,2862400,30.0,1157004,1,2,0,1,1.0,45.0,1.0,-9.0,4.0,6244,14.0,22801.0,2143.0
2862400,2862401,4.0,1157004,2,1,2,1,-9.0,-9.0,-9.0,1.0,-9.0,-9,0.0,22801.0,2143.0
2862401,2862402,2.0,1157004,3,1,2,1,-9.0,-9.0,-9.0,-9.0,-9.0,-9,0.0,22801.0,2143.0
2862402,2862403,38.0,1157004,4,1,12,1,1.0,45.0,1.0,-9.0,4.0,332MZ,3.0,22801.0,2143.0
2862403,2862404,30.0,1157004,5,2,12,1,6.0,-9.0,-9.0,-9.0,4.0,522M,9.0,22801.0,2143.0
2862404,2862405,19.0,1157004,6,1,12,1,6.0,-9.0,-9.0,15.0,4.0,-9,0.0,22801.0,2143.0
2862405,2862406,33.0,1157004,7,1,13,1,1.0,15.0,1.0,-9.0,4.0,8121M,17.0,22801.0,2143.0
2862406,2862407,30.0,1157005,1,2,0,1,1.0,45.0,1.0,-9.0,4.0,6244,14.0,22801.0,2143.0
2862407,2862408,4.0,1157005,2,1,2,1,-9.0,-9.0,-9.0,1.0,-9.0,-9,0.0,22801.0,2143.0
2862408,2862409,2.0,1157005,3,1,2,1,-9.0,-9.0,-9.0,-9.0,-9.0,-9,0.0,22801.0,2143.0
2862409,2862410,38.0,1157005,4,1,12,1,1.0,45.0,1.0,-9.0,4.0,332MZ,3.0,22801.0,2143.0
2862410,2862411,30.0,1157005,5,2,12,1,6.0,-9.0,-9.0,-9.0,4.0,522M,9.0,22801.0,2143.0
2862411,2862412,19.0,1157005,6,1,12,1,6.0,-9.0,-9.0,15.0,4.0,-9,0.0,22801.0,2143.0
2862412,2862413,33.0,1157005,7,1,13,1,1.0,15.0,1.0,-9.0,4.0,8121M,17.0,22801.0,2143.0
2862413,2862414,24.0,1157006,1,2,0,4,2.0,6.0,3.0,16.0,4.0,44611,5.0,22802.0,2144.0
2862414,2862415,20.0,1157007,1,2,0,4,3.0,-9.0,-9.0,15.0,4.0,999920,0.0,22802.0,2144.0
2862415,2862416,24.0,1157008,1,2,0,4,6.0,-9.0,-9.0,16.0,4.0,-9,0.0,22801.0,2143.0
2862416,2862417,20.0,1157009,1,2,0,4,3.0,-9.0,-9.0,15.0,4.0,999920,0.0,22801.0,2143.0
2862417,2862418,24.0,1157010,1,2,0,4,6.0,-9.0,-9.0,16.0,4.0,-9,0.0,22801.0,2143.0
2862418,2862419,24.0,1157011,1,2,0,4,6.0,-9.0,-9.0,16.0,4.0,-9,0.0,22804.0,2144.0
2862419,2862420,20.0,1157012,1,2,0,4,3.0,-9.0,-9.0,15.0,4.0,999920,0.0,22801.0,2143.0
2862420,2862421,24.0,1157013,1,2,0,4,6.0,-9.0,-9.0,16.0,4.0,-9,0.0,22801.0,2143.0
2862421,2862422,24.0,1157014,1,2,0,4,6.0,-9.0,-9.0,16.0,4.0,-9,0.0,22801.0,2143.0
2862422,2862423,20.0,1157015,1,2,0,4,3.0,-9.0,-9.0,15.0,4.0,999920,0.0,22804.0,2144.0
2862423,2862424,24.0,1157016,1,2,0,4,6.0,-9.0,-9.0,16.0,4.0,-9,0.0,22801.0,2143.0
2862424,2862425,24.0,1157017,1,2,0,4,6.0,-9.0,-9.0,16.0,4.0,-9,0.0,22801.0,2143.0
2862425,2862426,20.0,1157018,1,2,0,4,3.0,-9.0,-9.0,15.0,4.0,999920,0.0,22801.0,2143.0
2862426,2862427,20.0,1157019,1,2,0,4,3.0,-9.0,-9.0,15.0,4.0,999920,0.0,22802.0,2144.0
2862427,2862428,20.0,1157020,1,2,0,4,3.0,-9.0,-9.0,15.0,4.0,999920,0.0,22801.0,2143.0
2862428,2862429,24.0,1157021,1,2,0,4,6.0,-9.0,-9.0,16.0,4.0,-9,0.0,22802.0,2144.0
2862429,2862430,24.0,1157022,1,2,0,4,6.0,-9.0,-9.0,16.0,4.0,-9,0.0,22801.0,2143.0
2862430,2862431,24.0,1157023,1,2,0,4,6.0,-9.0,-9.0,16.0,4.0,-9,0.0,22801.0,2143.0
2862431,2862432,20.0,1157024,1,2,0,4,3.0,-9.0,-9.0,15.0,4.0,999920,0.0,22801.0,2143.0
2862432,2862433,20.0,1157025,1,2,0,4,3.0,-9.0,-9.0,15.0,4.0,999920,0.0,22802.0,2144.0
2862433,2862434,24.0,1157026,1,2,0,4,6.0,-9.0,-9.0,16.0,4.0,-9,0.0,22801.0,2143.0
2862434,2862435,20.0,1157027,1,2,0,4,3.0,-9.0,-9.0,15.0,4.0,999920,0.0,22804.0,2144.0
2862435,2862436,20.0,1157028,1,2,0,4,3.0,-9.0,-9.0,15.0,4.0,999920,0.0,22804.0,2144.0
2862436,2862437,24.0,1157029,1,2,0,4,6.0,-9.0,-9.0,16.0,4.0,-9,0.0,22802.0,2144.0
2862437,2862438,24.0,1157030,1,2,0,4,6.0,-9.0,-9.0,16.0,4.0,-9,0.0,22802.0,2144.0
2862438,2862439,24.0,1157031,1,2,0,4,6.0,-9.0,-9.0,16.0,4.0,-9,0.0,22804.0,2144.0
2862439,2862440,20.0,1157032,1,2,0,4,3.0,-9.0,-9.0,15.0,4.0,999920,0.0,22801.0,2143.0
2862440,2862441,24.0,1157033,1,2,0,4,6.0,-9.0,-9.0,16.0,4.0,-9,0.0,22801.0,2143.0
2862441,2862442,20.0,1157034,1,2,0,4,3.0,-9.0,-9.0,15.0,4.0,999920,0.0,22802.0,2144.0
2862442,2862443,20.0,1157035,1,2,0,4,3.0,-9.0,-9.0,15.0,4.0,999920,0.0,22804.0,2144.0
2862443,2862444,24.0,1157036,1,2,0,4,6.0,-9.0,-9.0,16.0,4.0,-9,0.0,22801.0,2143.0
2862444,2862445,24.0,1157037,1,2,0,4,6.0,-9.0,-9.0,16.0,4.0,-9,0.0,22801.0,2143.0
2862445,2862446,20.0,1157038,1,2,0,4,3.0,-9.0,-9.0,15.0,4.0,999920,0.0,22801.0,2143.0
2862446,2862447,24.0,1157039,1,2,0,4,6.0,-9.0,-9.0,16.0,4.0,-9,0.0,22802.0,2144.0
2862447,2862448,20.0,1157040,1,2,0,4,3.0,-9.0,-9.0,15.0,4.0,999920,0.0,22801.0,2143.0
2862448,2862449,20.0,1157041,1,2,0,4,3.0,-9.0,-9.0,15.0,4.0,999920,0.0,22804.0,2144.0
2862449,2862450,20.0,1157042,1,2,0,4,3.0,-9.0,-9.0,15.0,4.0,999920,0.0,22801.0,2143.0
2862450,2862451,20.0,1157043,1,2,0,4,3.0,-9.0,-9.0,15.0,4.0,999920,0.0,22802.0,2144.0
2862451,2862452,24.0,1157044,1,2,0,4,6.0,-9.0,-9.0,16.0,4.0,-9,0.0,22802.0,2144.0
2862452,2862453,20.0,1157045,1,2,0,4,3.0,-9.0,-9.0,15.0,4.0,999920,0.0,22801.0,2143.0
2862453,2862454,24.0,1157046,1,2,0,4,6.0,-9.0,-9.0,16.0,4.0,-9,0.0,22801.0,2143.0
2862454,2862455,24.0,1157047,1,2,0,4,6.0,-9.0,-9.0,16.0,4.0,-9,0.0,22801.0,2143.0
2862455,2862456,20.0,1157048,1,2,0,4,3.0,-9.0,-9.0,15.0,4.0,999920,0.0,22802.0,2144.0
2862456,2862457,20.0,1157049,1,2,0,4,3.0,-9.0,-9.0,15.0,4.0,999920,0.0,22801.0,2143.0
2862457,2862458,24.0,1157050,1,2,0,4,6.0,-9.0,-9.0,16.0,4.0,-9,0.0,22801.0,2143.0
2862458,2862459,20.0,1157051,1,2,0,4,3.0,-9.0,-9.0,15.0,4.0,999920,0.0,22804.0,2144.0
2862459,2862460,20.0,1157052,1,2,0,4,3.0,-9.0,-9.0,15.0,4.0,999920,0.0,22804.0,2144.0
2862460,2862461,20.0,1157053,1,2,0,4,3.0,-9.0,-9.0,15.0,4.0,999920,0.0,22802.0,2144.0
2862461,2862462,24.0,1157054,1,2,0,4,6.0,-9.0,-9.0,16.0,4.0,-9,0.0,22802.0,2144.0
2862462,2862463,24.0,1157055,1,2,0,4,6.0,-9.0,-9.0,16.0,4.0,-9,0.0,22802.0,2144.0
2862463,2862464,20.0,1157056,1,2,0,4,3.0,-9.0,-9.0,15.0,4.0,999920,0.0,22801.0,2143.0
2862464,2862465,24.0,1157057,1,2,0,4,6.0,-9.0,-9.0,16.0,4.0,-9,0.0,22801.0,2143.0
2862465,2862466,24.0,1157058,1,2,0,4,6.0,-9.0,-9.0,16.0,4.0,-9,0.0,22801.0,2143.0
2862466,2862467,20.0,1157059,1,2,0,4,3.0,-9.0,-9.0,15.0,4.0,999920,0.0,22801.0,2143.0
2862467,2862468,20.0,1157060,1,2,0,4,3.0,-9.0,-9.0,15.0,4.0,999920,0.0,22804.0,2144.0
2862468,2862469,20.0,1157061,1,2,0,4,3.0,-9.0,-9.0,15.0,4.0,999920,0.0,22804.0,2144.0
2862469,2862470,20.0,1157062,1,2,0,4,3.0,-9.0,-9.0,15.0,4.0,999920,0.0,22804.0,2144.0
2862470,2862471,20.0,1157063,1,2,0,4,3.0,-9.0,-9.0,15.0,4.0,999920,0.0,22805.0,2145.0
2862471,2862472,24.0,1157064,1,2,0,4,6.0,-9.0,-9.0,16.0,4.0,-9,0.0,22802.0,2144.0
2862472,2862473,20.0,1157065,1,2,0,4,3.0,-9.0,-9.0,15.0,4.0,999920,0.0,22804.0,2144.0
2862473,2862474,24.0,1157066,1,2,0,4,6.0,-9.0,-9.0,16.0,4.0,-9,0.0,22802.0,2144.0
2862474,2862475,24.0,1157067,1,2,0,4,6.0,-9.0,-9.0,16.0,4.0,-9,0.0,22801.0,2143.0
2862475,2862476,20.0,1157068,1,2,0,4,3.0,-9.0,-9.0,15.0,4.0,999920,0.0,22801.0,2143.0
2862476,2862477,20.0,1157069,1,2,0,4,3.0,-9.0,-9.0,15.0,4.0,999920,0.0,22802.0,2144.0
2862477,2862478,20.0,1157070,1,2,0,4,3.0,-9.0,-9.0,15.0,4.0,999920,0.0,22802.0,2144.0
2862478,2862479,23.0,1157071,1,1,0,4,2.0,5.0,5.0,16.0,4.0,611M1,13.0,22805.0,2145.0
2862479,2862480,23.0,1157072,1,2,0,4,6.0,-9.0,-9.0,16.0,4.0,-9,0.0,22801.0,2143.0
2862480,2862481,23.0,1157073,1,2,0,4,6.0,-9.0,-9.0,16.0,4.0,-9,0.0,22802.0,2144.0
2862481,2862482,23.0,1157074,1,2,0,4,6.0,-9.0,-9.0,16.0,4.0,-9,0.0,22801.0,2143.0
2862482,2862483,23.0,1157075,1,2,0,4,6.0,-9.0,-9.0,16.0,4.0,-9,0.0,22801.0,2143.0
2862483,2862484,23.0,1157076,1,2,0,4,6.0,-9.0,-9.0,16.0,4.0,-9,0.0,22805.0,2145.0
2862484,2862485,24.0,1157077,1,2,0,3,1.0,40.0,3.0,16.0,4.0,611M1,13.0,22805.0,2145.0
2862485,2862486,27.0,1157077,2,1,12,4,1.0,50.0,1.0,16.0,4.0,611M1,13.0,22805.0,2145.0
2862486,2862487,19.0,1157078,1,2,0,2,1.0,10.0,6.0,15.0,4.0,611M1,13.0,22804.0,2144.0
2862487,2862488,24.0,1157079,1,2,0,2,1.0,36.0,4.0,-9.0,4.0,622M,15.0,22801.0,2143.0
2862488,2862489,19.0,1157080,1,2,0,2,1.0,10.0,6.0,15.0,4.0,611M1,13.0,22802.0,2144.0
2862489,2862490,24.0,1157081,1,2,0,2,1.0,36.0,4.0,-9.0,4.0,622M,15.0,22802.0,2144.0
2862490,2862491,19.0,1157082,1,2,0,2,1.0,10.0,6.0,15.0,4.0,611M1,13.0,22801.0,2143.0
2862491,2862492,19.0,1157083,1,2,0,2,1.0,10.0,6.0,15.0,4.0,611M1,13.0,22804.0,2144.0
2862492,2862493,24.0,1157084,1,2,0,2,1.0,36.0,4.0,-9.0,4.0,622M,15.0,22802.0,2144.0
2862493,2862494,19.0,1157085,1,2,0,2,1.0,10.0,6.0,15.0,4.0,611M1,13.0,22801.0,2143.0
2862494,2862495,19.0,1157086,1,2,0,2,1.0,10.0,6.0,15.0,4.0,611M1,13.0,22801.0,2143.0
2862495,2862496,19.0,1157087,1,2,0,2,1.0,10.0,6.0,15.0,4.0,611M1,13.0,22802.0,2144.0
2862496,2862497,24.0,1157088,1,2,0,2,1.0,36.0,4.0,-9.0,4.0,622M,15.0,22802.0,2144.0
2862497,2862498,19.0,1157089,1,2,0,2,1.0,10.0,6.0,15.0,4.0,611M1,13.0,22801.0,2143.0
2862498,2862499,19.0,1157090,1,2,0,2,1.0,10.0,6.0,15.0,4.0,611M1,13.0,22802.0,2144.0
2862499,2862500,19.0,1157091,1,2,0,2,1.0,10.0,6.0,15.0,4.0,611M1,13.0,22801.0,2143.0
2862500,2862501,19.0,1157092,1,2,0,2,1.0,10.0,6.0,15.0,4.0,611M1,13.0,22802.0,2144.0
2862501,2862502,19.0,1157093,1,2,0,2,1.0,10.0,6.0,15.0,4.0,611M1,13.0,22804.0,2144.0
2862502,2862503,19.0,1157094,1,2,0,2,1.0,10.0,6.0,15.0,4.0,611M1,13.0,22801.0,2143.0
2862503,2862504,19.0,1157095,1,2,0,2,1.0,10.0,6.0,15.0,4.0,611M1,13.0,22801.0,2143.0
2862504,2862505,19.0,1157096,1,2,0,2,1.0,10.0,6.0,15.0,4.0,611M1,13.0,22805.0,2145.0
2862505,2862506,19.0,1157097,1,2,0,2,1.0,10.0,6.0,15.0,4.0,611M1,13.0,22801.0,2143.0
2862506,2862507,19.0,1157098,1,2,0,2,1.0,10.0,6.0,15.0,4.0,611M1,13.0,22801.0,2143.0
2862507,2862508,19.0,1157099,1,2,0,2,1.0,10.0,6.0,15.0,4.0,611M1,13.0,22802.0,2144.0
2862508,2862509,19.0,1157100,1,2,0,2,1.0,10.0,6.0,15.0,4.0,611M1,13.0,22802.0,2144.0
2862509,2862510,24.0,1157101,1,2,0,2,1.0,36.0,4.0,-9.0,4.0,622M,15.0,22802.0,2144.0
2862510,2862511,19.0,1157102,1,2,0,2,1.0,10.0,6.0,15.0,4.0,611M1,13.0,22804.0,2144.0
2862511,2862512,19.0,1157103,1,2,0,2,1.0,10.0,6.0,15.0,4.0,611M1,13.0,22804.0,2144.0
2862512,2862513,19.0,1157104,1,2,0,2,1.0,10.0,6.0,15.0,4.0,611M1,13.0,22801.0,2143.0
2862513,2862514,19.0,1157105,1,2,0,2,1.0,10.0,6.0,15.0,4.0,611M1,13.0,22802.0,2144.0
2862514,2862515,24.0,1157106,1,2,0,2,1.0,36.0,4.0,-9.0,4.0,622M,15.0,22804.0,2144.0
2862515,2862516,19.0,1157107,1,2,0,2,1.0,10.0,6.0,15.0,4.0,611M1,13.0,22804.0,2144.0
2862516,2862517,19.0,1157108,1,2,0,2,1.0,10.0,6.0,15.0,4.0,611M1,13.0,22801.0,2143.0
2862517,2862518,19.0,1157109,1,2,0,2,1.0,10.0,6.0,15.0,4.0,611M1,13.0,22802.0,2144.0
2862518,2862519,19.0,1157110,1,2,0,2,1.0,10.0,6.0,15.0,4.0,611M1,13.0,22801.0,2143.0
2862519,2862520,19.0,1157111,1,2,0,2,1.0,10.0,6.0,15.0,4.0,611M1,13.0,22801.0,2143.0
2862520,2862521,24.0,1157112,1,2,0,2,1.0,36.0,4.0,-9.0,4.0,622M,15.0,22804.0,2144.0
2862521,2862522,24.0,1157113,1,2,0,2,1.0,36.0,4.0,-9.0,4.0,622M,15.0,22801.0,2143.0
2862522,2862523,19.0,1157114,1,2,0,2,1.0,10.0,6.0,15.0,4.0,611M1,13.0,22802.0,2144.0
2862523,2862524,24.0,1157115,1,1,0,2,1.0,35.0,1.0,-9.0,4.0,722Z,16.0,22805.0,2145.0
2862524,2862525,20.0,1157116,1,1,0,2,1.0,50.0,1.0,-9.0,4.0,51111,8.0,22802.0,2144.0
2862525,2862526,20.0,1157117,1,1,0,2,1.0,50.0,1.0,-9.0,4.0,51111,8.0,22802.0,2144.0
2862526,2862527,20.0,1157118,1,1,0,2,1.0,50.0,1.0,-9.0,4.0,51111,8.0,22802.0,2144.0
2862527,2862528,20.0,1157119,1,1,0,2,1.0,50.0,1.0,-9.0,4.0,51111,8.0,22804.0,2144.0
2862528,2862529,20.0,1157120,1,1,0,2,1.0,50.0,1.0,-9.0,4.0,51111,8.0,22801.0,2143.0
2862529,2862530,20.0,1157121,1,1,0,2,1.0,50.0,1.0,-9.0,4.0,51111,8.0,22801.0,2143.0
2862530,2862531,20.0,1157122,1,1,0,2,1.0,50.0,1.0,-9.0,4.0,51111,8.0,22805.0,2145.0
2862531,2862532,23.0,1157123,1,2,0,3,1.0,35.0,1.0,-9.0,4.0,722Z,16.0,22804.0,2144.0
2862532,2862533,31.0,1157123,2,1,13,1,1.0,45.0,1.0,-9.0,4.0,44511,5.0,22804.0,2144.0
2862533,2862534,23.0,1157124,1,2,0,3,1.0,35.0,1.0,-9.0,4.0,722Z,16.0,22801.0,2143.0
2862534,2862535,31.0,1157124,2,1,13,1,1.0,45.0,1.0,-9.0,4.0,44511,5.0,22801.0,2143.0
2862535,2862536,23.0,1157125,1,2,0,3,1.0,35.0,1.0,-9.0,4.0,722Z,16.0,22801.0,2143.0
2862536,2862537,31.0,1157125,2,1,13,1,1.0,45.0,1.0,-9.0,4.0,44511,5.0,22801.0,2143.0
2862537,2862538,23.0,1157126,1,2,0,3,1.0,35.0,1.0,-9.0,4.0,722Z,16.0,22801.0,2143.0
2862538,2862539,31.0,1157126,2,1,13,1,1.0,45.0,1.0,-9.0,4.0,44511,5.0,22801.0,2143.0
2862539,2862540,24.0,1157127,1,1,0,3,1.0,40.0,1.0,-9.0,4.0,622M,15.0,22801.0,2143.0
2862540,2862541,26.0,1157127,2,2,1,1,6.0,20.0,1.0,-9.0,3.0,4481,5.0,22801.0,2143.0
2862541,2862542,24.0,1157128,1,1,0,3,1.0,40.0,1.0,-9.0,4.0,622M,15.0,22804.0,2144.0
2862542,2862543,26.0,1157128,2,2,1,1,6.0,20.0,1.0,-9.0,3.0,4481,5.0,22804.0,2144.0
2862543,2862544,24.0,1157129,1,1,0,3,1.0,40.0,1.0,-9.0,4.0,622M,15.0,22802.0,2144.0
2862544,2862545,26.0,1157129,2,2,1,1,6.0,20.0,1.0,-9.0,3.0,4481,5.0,22802.0,2144.0
2862545,2862546,24.0,1157130,1,1,0,3,1.0,40.0,1.0,-9.0,4.0,622M,15.0,22804.0,2144.0
2862546,2862547,26.0,1157130,2,2,1,1,6.0,20.0,1.0,-9.0,3.0,4481,5.0,22804.0,2144.0
2862547,2862548,24.0,1157131,1,1,0,3,1.0,40.0,1.0,-9.0,4.0,622M,15.0,22801.0,2143.0
2862548,2862549,26.0,1157131,2,2,1,1,6.0,20.0,1.0,-9.0,3.0,4481,5.0,22801.0,2143.0
2862549,2862550,24.0,1157132,1,1,0,3,1.0,40.0,1.0,-9.0,4.0,622M,15.0,22801.0,2143.0
2862550,2862551,26.0,1157132,2,2,1,1,6.0,20.0,1.0,-9.0,3.0,4481,5.0,22801.0,2143.0
2862551,2862552,24.0,1157133,1,1,0,3,1.0,40.0,1.0,-9.0,4.0,622M,15.0,22802.0,2144.0
2862552,2862553,26.0,1157133,2,2,1,1,6.0,20.0,1.0,-9.0,3.0,4481,5.0,22802.0,2144.0
2862553,2862554,23.0,1157134,1,1,0,3,1.0,45.0,1.0,-9.0,4.0,51913,8.0,22802.0,2144.0
2862554,2862555,23.0,1157135,1,1,0,3,1.0,45.0,1.0,-9.0,4.0,51913,8.0,22804.0,2144.0
2862555,2862556,23.0,1157136,1,1,0,3,1.0,45.0,1.0,-9.0,4.0,51913,8.0,22801.0,2143.0
2862556,2862557,23.0,1157137,1,1,0,3,1.0,45.0,1.0,-9.0,4.0,51913,8.0,22801.0,2143.0
2862557,2862558,23.0,1157138,1,1,0,3,1.0,45.0,1.0,-9.0,4.0,51913,8.0,22801.0,2143.0
2862558,2862559,23.0,1157139,1,1,0,3,1.0,45.0,1.0,-9.0,4.0,51913,8.0,22802.0,2144.0
2862559,2862560,23.0,1157140,1,1,0,1,1.0,40.0,1.0,-9.0,4.0,336M,3.0,22804.0,2144.0
2862560,2862561,26.0,1157140,2,1,12,1,1.0,40.0,1.0,15.0,4.0,722Z,16.0,22804.0,2144.0
2862561,2862562,23.0,1157140,3,1,12,1,1.0,40.0,1.0,16.0,4.0,325M,3.0,22804.0,2144.0
2862562,2862563,23.0,1157140,4,1,12,1,2.0,30.0,3.0,15.0,4.0,7211,16.0,22804.0,2144.0
2862563,2862564,23.0,1157141,1,1,0,1,1.0,40.0,1.0,-9.0,4.0,336M,3.0,22802.0,2144.0
2862564,2862565,26.0,1157141,2,1,12,1,1.0,40.0,1.0,15.0,4.0,722Z,16.0,22802.0,2144.0
2862565,2862566,23.0,1157141,3,1,12,1,1.0,40.0,1.0,16.0,4.0,325M,3.0,22802.0,2144.0
2862566,2862567,23.0,1157141,4,1,12,1,2.0,30.0,3.0,15.0,4.0,7211,16.0,22802.0,2144.0
2862567,2862568,23.0,1157142,1,1,0,1,1.0,40.0,1.0,-9.0,4.0,336M,3.0,22801.0,2143.0
2862568,2862569,26.0,1157142,2,1,12,1,1.0,40.0,1.0,15.0,4.0,722Z,16.0,22801.0,2143.0
2862569,2862570,23.0,1157142,3,1,12,1,1.0,40.0,1.0,16.0,4.0,325M,3.0,22801.0,2143.0
2862570,2862571,23.0,1157142,4,1,12,1,2.0,30.0,3.0,15.0,4.0,7211,16.0,22801.0,2143.0
2862571,2862572,23.0,1157143,1,1,0,1,1.0,40.0,1.0,-9.0,4.0,336M,3.0,22801.0,2143.0
2862572,2862573,26.0,1157143,2,1,12,1,1.0,40.0,1.0,15.0,4.0,722Z,16.0,22801.0,2143.0
2862573,2862574,23.0,1157143,3,1,12,1,1.0,40.0,1.0,16.0,4.0,325M,3.0,22801.0,2143.0
2862574,2862575,23.0,1157143,4,1,12,1,2.0,30.0,3.0,15.0,4.0,7211,16.0,22801.0,2143.0
2862575,2862576,23.0,1157144,1,1,0,1,1.0,40.0,1.0,-9.0,4.0,336M,3.0,22802.0,2144.0
2862576,2862577,26.0,1157144,2,1,12,1,1.0,40.0,1.0,15.0,4.0,722Z,16.0,22802.0,2144.0
2862577,2862578,23.0,1157144,3,1,12,1,1.0,40.0,1.0,16.0,4.0,325M,3.0,22802.0,2144.0
2862578,2862579,23.0,1157144,4,1,12,1,2.0,30.0,3.0,15.0,4.0,7211,16.0,22802.0,2144.0
2862579,2862580,24.0,1157145,1,1,0,1,1.0,50.0,1.0,16.0,4.0,611M1,13.0,22801.0,2143.0
2862580,2862581,25.0,1157145,2,1,12,4,1.0,50.0,1.0,16.0,4.0,611M1,13.0,22801.0,2143.0
2862581,2862582,24.0,1157146,1,1,0,1,1.0,50.0,1.0,16.0,4.0,611M1,13.0,22801.0,2143.0
2862582,2862583,25.0,1157146,2,1,12,4,1.0,50.0,1.0,16.0,4.0,611M1,13.0,22801.0,2143.0
2862583,2862584,24.0,1157147,1,1,0,1,1.0,50.0,1.0,16.0,4.0,611M1,13.0,22801.0,2143.0
2862584,2862585,25.0,1157147,2,1,12,4,1.0,50.0,1.0,16.0,4.0,611M1,13.0,22801.0,2143.0
2862585,2862586,24.0,1157148,1,1,0,1,1.0,50.0,1.0,16.0,4.0,611M1,13.0,22801.0,2143.0
2862586,2862587,25.0,1157148,2,1,12,4,1.0,50.0,1.0,16.0,4.0,611M1,13.0,22801.0,2143.0
2862587,2862588,24.0,1157149,1,1,0,1,1.0,50.0,1.0,16.0,4.0,611M1,13.0,22802.0,2144.0
2862588,2862589,25.0,1157149,2,1,12,4,1.0,50.0,1.0,16.0,4.0,611M1,13.0,22802.0,2144.0
2862589,2862590,24.0,1157150,1,1,0,1,1.0,50.0,1.0,16.0,4.0,611M1,13.0,22802.0,2144.0
2862590,2862591,25.0,1157150,2,1,12,4,1.0,50.0,1.0,16.0,4.0,611M1,13.0,22802.0,2144.0
2862591,2862592,24.0,1157151,1,1,0,1,1.0,50.0,1.0,16.0,4.0,611M1,13.0,22801.0,2143.0
2862592,2862593,25.0,1157151,2,1,12,4,1.0,50.0,1.0,16.0,4.0,611M1,13.0,22801.0,2143.0
2862593,2862594,24.0,1157152,1,1,0,1,1.0,50.0,1.0,16.0,4.0,611M1,13.0,22804.0,2144.0
2862594,2862595,25.0,1157152,2,1,12,4,1.0,50.0,1.0,16.0,4.0,611M1,13.0,22804.0,2144.0
2862595,2862596,24.0,1157153,1,1,0,1,1.0,50.0,1.0,16.0,4.0,611M1,13.0,22804.0,2144.0
2862596,2862597,25.0,1157153,2,1,12,4,1.0,50.0,1.0,16.0,4.0,611M1,13.0,22804.0,2144.0
2862597,2862598,24.0,1157154,1,1,0,1,1.0,50.0,1.0,16.0,4.0,611M1,13.0,22804.0,2144.0
2862598,2862599,25.0,1157154,2,1,12,4,1.0,50.0,1.0,16.0,4.0,611M1,13.0,22804.0,2144.0
2862599,2862600,24.0,1157155,1,1,0,1,1.0,50.0,1.0,16.0,4.0,611M1,13.0,22801.0,2143.0
2862600,2862601,25.0,1157155,2,1,12,4,1.0,50.0,1.0,16.0,4.0,611M1,13.0,22801.0,2143.0
2862601,2862602,24.0,1157156,1,1,0,1,1.0,50.0,1.0,16.0,4.0,611M1,13.0,22804.0,2144.0
2862602,2862603,25.0,1157156,2,1,12,4,1.0,50.0,1.0,16.0,4.0,611M1,13.0,22804.0,2144.0
2862603,2862604,24.0,1157157,1,1,0,1,1.0,50.0,1.0,16.0,4.0,611M1,13.0,22801.0,2143.0
2862604,2862605,25.0,1157157,2,1,12,4,1.0,50.0,1.0,16.0,4.0,611M1,13.0,22801.0,2143.0
2862605,2862606,24.0,1157158,1,1,0,1,1.0,50.0,1.0,16.0,4.0,611M1,13.0,22801.0,2143.0
2862606,2862607,25.0,1157158,2,1,12,4,1.0,50.0,1.0,16.0,4.0,611M1,13.0,22801.0,2143.0
2862607,2862608,24.0,1157159,1,1,0,1,1.0,50.0,1.0,16.0,4.0,611M1,13.0,22804.0,2144.0
2862608,2862609,25.0,1157159,2,1,12,4,1.0,50.0,1.0,16.0,4.0,611M1,13.0,22804.0,2144.0
2862609,2862610,24.0,1157160,1,1,0,1,1.0,50.0,1.0,16.0,4.0,611M1,13.0,22801.0,2143.0
2862610,2862611,25.0,1157160,2,1,12,4,1.0,50.0,1.0,16.0,4.0,611M1,13.0,22801.0,2143.0
2862611,2862612,24.0,1157161,1,1,0,1,1.0,50.0,1.0,16.0,4.0,611M1,13.0,22801.0,2143.0
2862612,2862613,25.0,1157161,2,1,12,4,1.0,50.0,1.0,16.0,4.0,611M1,13.0,22801.0,2143.0
2862613,2862614,24.0,1157162,1,1,0,1,1.0,50.0,1.0,16.0,4.0,611M1,13.0,22804.0,2144.0
2862614,2862615,25.0,1157162,2,1,12,4,1.0,50.0,1.0,16.0,4.0,611M1,13.0,22804.0,2144.0
2862615,2862616,24.0,1157163,1,1,0,1,1.0,50.0,1.0,16.0,4.0,611M1,13.0,22801.0,2143.0
2862616,2862617,25.0,1157163,2,1,12,4,1.0,50.0,1.0,16.0,4.0,611M1,13.0,22801.0,2143.0
2862617,2862618,24.0,1157164,1,1,0,1,1.0,50.0,1.0,16.0,4.0,611M1,13.0,22805.0,2145.0
2862618,2862619,25.0,1157164,2,1,12,4,1.0,50.0,1.0,16.0,4.0,611M1,13.0,22805.0,2145.0
2862619,2862620,24.0,1157165,1,1,0,1,1.0,50.0,1.0,16.0,4.0,611M1,13.0,22801.0,2143.0
2862620,2862621,25.0,1157165,2,1,12,4,1.0,50.0,1.0,16.0,4.0,611M1,13.0,22801.0,2143.0
2862621,2862622,24.0,1157166,1,1,0,1,1.0,50.0,1.0,16.0,4.0,611M1,13.0,22801.0,2143.0
2862622,2862623,25.0,1157166,2,1,12,4,1.0,50.0,1.0,16.0,4.0,611M1,13.0,22801.0,2143.0
2862623,2862624,24.0,1157167,1,1,0,1,1.0,50.0,1.0,16.0,4.0,611M1,13.0,22804.0,2144.0
2862624,2862625,25.0,1157167,2,1,12,4,1.0,50.0,1.0,16.0,4.0,611M1,13.0,22804.0,2144.0
2862625,2862626,24.0,1157168,1,1,0,1,1.0,50.0,1.0,16.0,4.0,611M1,13.0,22801.0,2143.0
2862626,2862627,25.0,1157168,2,1,12,4,1.0,50.0,1.0,16.0,4.0,611M1,13.0,22801.0,2143.0
2862627,2862628,24.0,1157169,1,1,0,1,1.0,50.0,1.0,16.0,4.0,611M1,13.0,22802.0,2144.0
2862628,2862629,25.0,1157169,2,1,12,4,1.0,50.0,1.0,16.0,4.0,611M1,13.0,22802.0,2144.0
2862629,2862630,24.0,1157170,1,1,0,1,1.0,50.0,1.0,16.0,4.0,611M1,13.0,22802.0,2144.0
2862630,2862631,25.0,1157170,2,1,12,4,1.0,50.0,1.0,16.0,4.0,611M1,13.0,22802.0,2144.0
2862631,2862632,24.0,1157171,1,1,0,1,1.0,50.0,1.0,16.0,4.0,611M1,13.0,22805.0,2145.0
2862632,2862633,25.0,1157171,2,1,12,4,1.0,50.0,1.0,16.0,4.0,611M1,13.0,22805.0,2145.0
2862633,2862634,24.0,1157172,1,1,0,1,1.0,50.0,1.0,16.0,4.0,611M1,13.0,22802.0,2144.0
2862634,2862635,25.0,1157172,2,1,12,4,1.0,50.0,1.0,16.0,4.0,611M1,13.0,22802.0,2144.0
2862635,2862636,24.0,1157173,1,1,0,1,1.0,50.0,1.0,16.0,4.0,611M1,13.0,22805.0,2145.0
2862636,2862637,25.0,1157173,2,1,12,4,1.0,50.0,1.0,16.0,4.0,611M1,13.0,22805.0,2145.0
2862637,2862638,24.0,1157174,1,1,0,1,1.0,50.0,1.0,16.0,4.0,611M1,13.0,22801.0,2143.0
2862638,2862639,25.0,1157174,2,1,12,4,1.0,50.0,1.0,16.0,4.0,611M1,13.0,22801.0,2143.0
2862639,2862640,24.0,1157175,1,1,0,1,1.0,50.0,1.0,16.0,4.0,611M1,13.0,22802.0,2144.0
2862640,2862641,25.0,1157175,2,1,12,4,1.0,50.0,1.0,16.0,4.0,611M1,13.0,22802.0,2144.0
2862641,2862642,24.0,1157176,1,1,0,1,1.0,50.0,1.0,16.0,4.0,611M1,13.0,22801.0,2143.0
2862642,2862643,25.0,1157176,2,1,12,4,1.0,50.0,1.0,16.0,4.0,611M1,13.0,22801.0,2143.0
2862643,2862644,24.0,1157177,1,1,0,1,1.0,50.0,1.0,16.0,4.0,611M1,13.0,22801.0,2143.0
2862644,2862645,25.0,1157177,2,1,12,4,1.0,50.0,1.0,16.0,4.0,611M1,13.0,22801.0,2143.0
2862645,2862646,24.0,1157178,1,1,0,1,1.0,50.0,1.0,16.0,4.0,611M1,13.0,22804.0,2144.0
2862646,2862647,25.0,1157178,2,1,12,4,1.0,50.0,1.0,16.0,4.0,611M1,13.0,22804.0,2144.0
2862647,2862648,24.0,1157179,1,1,0,1,1.0,50.0,1.0,16.0,4.0,611M1,13.0,22802.0,2144.0
2862648,2862649,25.0,1157179,2,1,12,4,1.0,50.0,1.0,16.0,4.0,611M1,13.0,22802.0,2144.0
2862649,2862650,24.0,1157180,1,1,0,1,1.0,50.0,1.0,16.0,4.0,611M1,13.0,22801.0,2143.0
2862650,2862651,25.0,1157180,2,1,12,4,1.0,50.0,1.0,16.0,4.0,611M1,13.0,22801.0,2143.0
2862651,2862652,24.0,1157181,1,1,0,1,1.0,50.0,1.0,16.0,4.0,611M1,13.0,22804.0,2144.0
2862652,2862653,25.0,1157181,2,1,12,4,1.0,50.0,1.0,16.0,4.0,611M1,13.0,22804.0,2144.0
2862653,2862654,24.0,1157182,1,1,0,1,1.0,50.0,1.0,16.0,4.0,611M1,13.0,22801.0,2143.0
2862654,2862655,25.0,1157182,2,1,12,4,1.0,50.0,1.0,16.0,4.0,611M1,13.0,22801.0,2143.0
2862655,2862656,24.0,1157183,1,1,0,1,1.0,50.0,1.0,16.0,4.0,611M1,13.0,22802.0,2144.0
2862656,2862657,25.0,1157183,2,1,12,4,1.0,50.0,1.0,16.0,4.0,611M1,13.0,22802.0,2144.0
2862657,2862658,24.0,1157184,1,1,0,1,1.0,50.0,1.0,16.0,4.0,611M1,13.0,22802.0,2144.0
2862658,2862659,25.0,1157184,2,1,12,4,1.0,50.0,1.0,16.0,4.0,611M1,13.0,22802.0,2144.0
2862659,2862660,24.0,1157185,1,1,0,1,1.0,50.0,1.0,16.0,4.0,611M1,13.0,22804.0,2144.0
2862660,2862661,25.0,1157185,2,1,12,4,1.0,50.0,1.0,16.0,4.0,611M1,13.0,22804.0,2144.0
2862661,2862662,23.0,1157186,1,2,0,1,1.0,35.0,1.0,15.0,4.0,2213M,7.0,22801.0,2143.0
2862662,2862663,26.0,1157186,2,1,13,1,1.0,40.0,1.0,15.0,4.0,4411,5.0,22801.0,2143.0
2862663,2862664,23.0,1157187,1,2,0,1,1.0,35.0,1.0,15.0,4.0,2213M,7.0,22801.0,2143.0
2862664,2862665,26.0,1157187,2,1,13,1,1.0,40.0,1.0,15.0,4.0,4411,5.0,22801.0,2143.0
2862665,2862666,23.0,1157188,1,2,0,1,1.0,35.0,1.0,15.0,4.0,2213M,7.0,22802.0,2144.0
2862666,2862667,26.0,1157188,2,1,13,1,1.0,40.0,1.0,15.0,4.0,4411,5.0,22802.0,2144.0
2862667,2862668,23.0,1157189,1,2,0,1,1.0,35.0,1.0,15.0,4.0,2213M,7.0,22801.0,2143.0
2862668,2862669,26.0,1157189,2,1,13,1,1.0,40.0,1.0,15.0,4.0,4411,5.0,22801.0,2143.0
2862669,2862670,23.0,1157190,1,2,0,1,1.0,35.0,1.0,15.0,4.0,2213M,7.0,22804.0,2144.0
2862670,2862671,26.0,1157190,2,1,13,1,1.0,40.0,1.0,15.0,4.0,4411,5.0,22804.0,2144.0
2862671,2862672,23.0,1157191,1,2,0,1,1.0,35.0,1.0,15.0,4.0,2213M,7.0,22802.0,2144.0
2862672,2862673,26.0,1157191,2,1,13,1,1.0,40.0,1.0,15.0,4.0,4411,5.0,22802.0,2144.0
2862673,2862674,23.0,1157192,1,2,0,1,1.0,35.0,1.0,15.0,4.0,2213M,7.0,22801.0,2143.0
2862674,2862675,26.0,1157192,2,1,13,1,1.0,40.0,1.0,15.0,4.0,4411,5.0,22801.0,2143.0
2862675,2862676,23.0,1157193,1,2,0,1,1.0,35.0,1.0,15.0,4.0,2213M,7.0,22802.0,2144.0
2862676,2862677,26.0,1157193,2,1,13,1,1.0,40.0,1.0,15.0,4.0,4411,5.0,22802.0,2144.0
2862677,2862678,23.0,1157194,1,2,0,1,1.0,35.0,1.0,15.0,4.0,2213M,7.0,22801.0,2143.0
2862678,2862679,26.0,1157194,2,1,13,1,1.0,40.0,1.0,15.0,4.0,4411,5.0,22801.0,2143.0
2862679,2862680,23.0,1157195,1,2,0,1,1.0,35.0,1.0,15.0,4.0,2213M,7.0,22801.0,2143.0
2862680,2862681,26.0,1157195,2,1,13,1,1.0,40.0,1.0,15.0,4.0,4411,5.0,22801.0,2143.0
2862681,2862682,23.0,1157196,1,2,0,1,1.0,35.0,1.0,15.0,4.0,2213M,7.0,22804.0,2144.0
2862682,2862683,26.0,1157196,2,1,13,1,1.0,40.0,1.0,15.0,4.0,4411,5.0,22804.0,2144.0
2862683,2862684,23.0,1157197,1,2,0,1,1.0,35.0,1.0,15.0,4.0,2213M,7.0,22802.0,2144.0
2862684,2862685,26.0,1157197,2,1,13,1,1.0,40.0,1.0,15.0,4.0,4411,5.0,22802.0,2144.0
2862685,2862686,24.0,1157198,1,2,0,1,1.0,50.0,1.0,-9.0,4.0,5613,12.0,22804.0,2144.0
2862686,2862687,24.0,1157199,1,2,0,1,1.0,50.0,1.0,-9.0,4.0,5613,12.0,22801.0,2143.0
2862687,2862688,24.0,1157200,1,2,0,1,1.0,50.0,1.0,-9.0,4.0,5613,12.0,22804.0,2144.0
2862688,2862689,24.0,1157201,1,2,0,1,1.0,50.0,1.0,-9.0,4.0,5613,12.0,22801.0,2143.0
2862689,2862690,24.0,1157202,1,2,0,1,1.0,50.0,1.0,-9.0,4.0,5613,12.0,22804.0,2144.0
2862690,2862691,24.0,1157203,1,2,0,1,1.0,50.0,1.0,-9.0,4.0,5613,12.0,22802.0,2144.0
2862691,2862692,24.0,1157204,1,2,0,1,1.0,50.0,1.0,-9.0,4.0,5613,12.0,22801.0,2143.0
2862692,2862693,24.0,1157205,1,2,0,1,1.0,50.0,1.0,-9.0,4.0,5613,12.0,22804.0,2144.0
2862693,2862694,24.0,1157206,1,2,0,1,1.0,50.0,1.0,-9.0,4.0,5613,12.0,22802.0,2144.0
2862694,2862695,24.0,1157207,1,2,0,1,1.0,50.0,1.0,-9.0,4.0,5613,12.0,22801.0,2143.0
2862695,2862696,24.0,1157208,1,2,0,1,1.0,50.0,1.0,-9.0,4.0,5613,12.0,22801.0,2143.0
2862696,2862697,24.0,1157209,1,2,0,1,1.0,50.0,1.0,-9.0,4.0,5613,12.0,22801.0,2143.0
2862697,2862698,24.0,1157210,1,2,0,1,1.0,50.0,1.0,-9.0,4.0,5613,12.0,22801.0,2143.0
2862698,2862699,24.0,1157211,1,2,0,1,1.0,50.0,1.0,-9.0,4.0,5613,12.0,22804.0,2144.0
2862699,2862700,24.0,1157212,1,2,0,1,1.0,50.0,1.0,-9.0,4.0,5613,12.0,22804.0,2144.0
2862700,2862701,24.0,1157213,1,2,0,1,1.0,50.0,1.0,-9.0,4.0,5613,12.0,22804.0,2144.0
2862701,2862702,24.0,1157214,1,2,0,1,1.0,50.0,1.0,-9.0,4.0,5613,12.0,22805.0,2145.0
2862702,2862703,24.0,1157215,1,2,0,1,1.0,50.0,1.0,-9.0,4.0,5613,12.0,22801.0,2143.0
2862703,2862704,24.0,1157216,1,2,0,1,1.0,50.0,1.0,-9.0,4.0,5613,12.0,22801.0,2143.0
2862704,2862705,24.0,1157217,1,2,0,1,1.0,50.0,1.0,-9.0,4.0,5613,12.0,22805.0,2145.0
2862705,2862706,24.0,1157218,1,2,0,1,1.0,50.0,1.0,-9.0,4.0,5613,12.0,22805.0,2145.0
2862706,2862707,24.0,1157219,1,2,0,1,1.0,50.0,1.0,-9.0,4.0,5613,12.0,22804.0,2144.0
2862707,2862708,24.0,1157220,1,2,0,1,1.0,50.0,1.0,-9.0,4.0,5613,12.0,22804.0,2144.0
2862708,2862709,24.0,1157221,1,2,0,1,1.0,50.0,1.0,-9.0,4.0,5613,12.0,22801.0,2143.0
2862709,2862710,24.0,1157222,1,2,0,1,1.0,50.0,1.0,-9.0,4.0,5613,12.0,22801.0,2143.0
2862710,2862711,24.0,1157223,1,2,0,1,1.0,50.0,1.0,-9.0,4.0,5613,12.0,22801.0,2143.0
2862711,2862712,24.0,1157224,1,2,0,1,1.0,50.0,1.0,-9.0,4.0,5613,12.0,22802.0,2144.0
2862712,2862713,24.0,1157225,1,2,0,1,1.0,50.0,1.0,-9.0,4.0,5613,12.0,22801.0,2143.0
2862713,2862714,24.0,1157226,1,2,0,1,1.0,50.0,1.0,-9.0,4.0,5613,12.0,22804.0,2144.0
2862714,2862715,24.0,1157227,1,2,0,1,1.0,50.0,1.0,-9.0,4.0,5613,12.0,22805.0,2145.0
2862715,2862716,24.0,1157228,1,2,0,1,1.0,50.0,1.0,-9.0,4.0,5613,12.0,22801.0,2143.0
2862716,2862717,24.0,1157229,1,2,0,1,1.0,50.0,1.0,-9.0,4.0,5613,12.0,22801.0,2143.0
2862717,2862718,24.0,1157230,1,2,0,1,1.0,50.0,1.0,-9.0,4.0,5613,12.0,22804.0,2144.0
2862718,2862719,24.0,1157231,1,2,0,1,1.0,50.0,1.0,-9.0,4.0,5613,12.0,22804.0,2144.0
2862719,2862720,24.0,1157232,1,2,0,1,1.0,50.0,1.0,-9.0,4.0,5613,12.0,22801.0,2143.0
2862720,2862721,24.0,1157233,1,2,0,1,1.0,50.0,1.0,-9.0,4.0,5613,12.0,22802.0,2144.0
2862721,2862722,24.0,1157234,1,2,0,1,1.0,50.0,1.0,-9.0,4.0,5613,12.0,22801.0,2143.0
2862722,2862723,24.0,1157235,1,2,0,1,1.0,50.0,1.0,-9.0,4.0,5613,12.0,22805.0,2145.0
2862723,2862724,24.0,1157236,1,2,0,1,1.0,50.0,1.0,-9.0,4.0,5613,12.0,22802.0,2144.0
2862724,2862725,24.0,1157237,1,2,0,1,1.0,50.0,1.0,-9.0,4.0,5613,12.0,22801.0,2143.0
2862725,2862726,24.0,1157238,1,2,0,1,1.0,50.0,1.0,-9.0,4.0,5613,12.0,22801.0,2143.0
2862726,2862727,24.0,1157239,1,2,0,1,1.0,50.0,1.0,-9.0,4.0,5613,12.0,22801.0,2143.0
2862727,2862728,24.0,1157240,1,2,0,1,1.0,50.0,1.0,-9.0,4.0,5613,12.0,22801.0,2143.0
2862728,2862729,24.0,1157241,1,2,0,1,1.0,50.0,1.0,-9.0,4.0,5613,12.0,22801.0,2143.0
2862729,2862730,24.0,1157242,1,2,0,1,1.0,50.0,1.0,-9.0,4.0,5613,12.0,22804.0,2144.0
2862730,2862731,24.0,1157243,1,2,0,1,1.0,50.0,1.0,-9.0,4.0,5613,12.0,22804.0,2144.0
2862731,2862732,24.0,1157244,1,2,0,1,1.0,50.0,1.0,-9.0,4.0,5613,12.0,22801.0,2143.0
2862732,2862733,24.0,1157245,1,2,0,1,1.0,50.0,1.0,-9.0,4.0,5613,12.0,22801.0,2143.0
2862733,2862734,24.0,1157246,1,2,0,1,1.0,50.0,1.0,-9.0,4.0,5613,12.0,22802.0,2144.0
2862734,2862735,24.0,1157247,1,2,0,1,1.0,50.0,1.0,-9.0,4.0,5613,12.0,22802.0,2144.0
2862735,2862736,24.0,1157248,1,2,0,1,1.0,50.0,1.0,-9.0,4.0,5613,12.0,22801.0,2143.0
2862736,2862737,24.0,1157249,1,2,0,1,1.0,50.0,1.0,-9.0,4.0,5613,12.0,22804.0,2144.0
2862737,2862738,24.0,1157250,1,2,0,1,1.0,50.0,1.0,-9.0,4.0,5613,12.0,22801.0,2143.0
2862738,2862739,24.0,1157251,1,2,0,1,1.0,50.0,1.0,-9.0,4.0,5613,12.0,22802.0,2144.0
2862739,2862740,24.0,1157252,1,2,0,1,1.0,50.0,1.0,-9.0,4.0,5613,12.0,22804.0,2144.0
2862740,2862741,24.0,1157253,1,2,0,1,1.0,50.0,1.0,-9.0,4.0,5613,12.0,22801.0,2143.0
2862741,2862742,24.0,1157254,1,2,0,1,1.0,50.0,1.0,-9.0,4.0,5613,12.0,22802.0,2144.0
2862742,2862743,24.0,1157255,1,2,0,1,1.0,50.0,1.0,-9.0,4.0,5613,12.0,22801.0,2143.0
2862743,2862744,24.0,1157256,1,2,0,1,1.0,50.0,1.0,-9.0,4.0,5613,12.0,22802.0,2144.0
2862744,2862745,22.0,1157257,1,2,0,1,1.0,40.0,3.0,15.0,2.0,722Z,16.0,22801.0,2143.0
2862745,2862746,21.0,1157258,1,2,0,1,1.0,25.0,3.0,15.0,4.0,722Z,16.0,22801.0,2143.0
2862746,2862747,21.0,1157259,1,2,0,1,1.0,6.0,1.0,15.0,4.0,611M3,13.0,22801.0,2143.0
2862747,2862748,21.0,1157260,1,2,0,1,1.0,20.0,1.0,15.0,4.0,611M1,13.0,22802.0,2144.0
2862748,2862749,23.0,1157261,1,2,0,1,1.0,40.0,5.0,-9.0,4.0,611M1,13.0,22805.0,2145.0
2862749,2862750,21.0,1157262,1,2,0,1,1.0,6.0,1.0,15.0,4.0,611M3,13.0,22802.0,2144.0
2862750,2862751,22.0,1157263,1,2,0,1,1.0,6.0,4.0,16.0,4.0,611M1,13.0,22804.0,2144.0
2862751,2862752,22.0,1157264,1,2,0,1,1.0,15.0,2.0,16.0,4.0,611M1,13.0,22804.0,2144.0
2862752,2862753,23.0,1157265,1,2,0,1,1.0,35.0,1.0,16.0,4.0,611M1,13.0,22802.0,2144.0
2862753,2862754,21.0,1157266,1,2,0,1,1.0,6.0,1.0,15.0,4.0,611M3,13.0,22802.0,2144.0
2862754,2862755,23.0,1157267,1,2,0,1,1.0,35.0,1.0,16.0,4.0,611M1,13.0,22801.0,2143.0
2862755,2862756,21.0,1157268,1,2,0,1,1.0,6.0,1.0,15.0,4.0,611M3,13.0,22802.0,2144.0
2862756,2862757,22.0,1157269,1,2,0,1,1.0,15.0,2.0,16.0,4.0,611M1,13.0,22802.0,2144.0
2862757,2862758,23.0,1157270,1,2,0,1,1.0,35.0,1.0,16.0,4.0,611M1,13.0,22802.0,2144.0
2862758,2862759,21.0,1157271,1,2,0,1,1.0,6.0,1.0,15.0,4.0,611M3,13.0,22804.0,2144.0
2862759,2862760,23.0,1157272,1,2,0,1,1.0,35.0,1.0,16.0,4.0,611M1,13.0,22802.0,2144.0
2862760,2862761,21.0,1157273,1,2,0,1,1.0,6.0,1.0,15.0,4.0,611M3,13.0,22801.0,2143.0
2862761,2862762,21.0,1157274,1,2,0,1,1.0,20.0,1.0,15.0,4.0,611M1,13.0,22804.0,2144.0
2862762,2862763,21.0,1157275,1,2,0,1,1.0,6.0,1.0,15.0,4.0,611M3,13.0,22801.0,2143.0
2862763,2862764,21.0,1157276,1,2,0,1,1.0,20.0,1.0,15.0,4.0,611M1,13.0,22801.0,2143.0
2862764,2862765,24.0,1157277,1,2,0,1,1.0,9.0,6.0,16.0,4.0,611M1,13.0,22801.0,2143.0
2862765,2862766,22.0,1157278,1,2,0,1,1.0,6.0,4.0,16.0,4.0,611M1,13.0,22801.0,2143.0
2862766,2862767,21.0,1157279,1,2,0,1,1.0,20.0,1.0,15.0,4.0,611M1,13.0,22804.0,2144.0
2862767,2862768,24.0,1157280,1,2,0,1,6.0,-9.0,-9.0,-9.0,4.0,5419Z,10.0,22802.0,2144.0
2862768,2862769,19.0,1157281,1,1,0,1,6.0,-9.0,-9.0,15.0,4.0,-9,0.0,22802.0,2144.0
2862769,2862770,19.0,1157281,2,1,15,1,1.0,30.0,3.0,15.0,4.0,23,2.0,22802.0,2144.0
2862770,2862771,23.0,1157282,1,2,0,1,1.0,35.0,1.0,16.0,4.0,721M,16.0,22801.0,2143.0
2862771,2862772,23.0,1157283,1,2,0,1,1.0,50.0,1.0,16.0,4.0,611M1,13.0,22802.0,2144.0
2862772,2862773,24.0,1157284,1,2,0,1,1.0,50.0,5.0,-9.0,4.0,611M1,13.0,22802.0,2144.0
2862773,2862774,26.0,1157285,1,2,0,4,1.0,40.0,3.0,16.0,4.0,611M1,13.0,22811.0,2148.0
2862774,2862775,24.0,1157285,2,2,12,4,6.0,-9.0,-9.0,16.0,4.0,-9,0.0,22811.0,2148.0
2862775,2862776,26.0,1157286,1,2,0,4,1.0,40.0,3.0,16.0,4.0,611M1,13.0,22810.0,2148.0
2862776,2862777,24.0,1157286,2,2,12,4,6.0,-9.0,-9.0,16.0,4.0,-9,0.0,22810.0,2148.0
2862777,2862778,26.0,1157287,1,2,0,4,1.0,40.0,3.0,16.0,4.0,611M1,13.0,22810.0,2148.0
2862778,2862779,24.0,1157287,2,2,12,4,6.0,-9.0,-9.0,16.0,4.0,-9,0.0,22810.0,2148.0
2862779,2862780,26.0,1157288,1,2,0,4,1.0,40.0,3.0,16.0,4.0,611M1,13.0,22811.0,2148.0
2862780,2862781,24.0,1157288,2,2,12,4,6.0,-9.0,-9.0,16.0,4.0,-9,0.0,22811.0,2148.0
2862781,2862782,26.0,1157289,1,2,0,4,1.0,40.0,3.0,16.0,4.0,611M1,13.0,22810.0,2148.0
2862782,2862783,24.0,1157289,2,2,12,4,6.0,-9.0,-9.0,16.0,4.0,-9,0.0,22810.0,2148.0
2862783,2862784,25.0,1157290,1,1,0,1,6.0,-9.0,-9.0,15.0,4.0,-9,0.0,22812.0,2149.0
2862784,2862785,22.0,1157290,2,1,10,1,6.0,-9.0,-9.0,15.0,4.0,-9,0.0,22812.0,2149.0
2862785,2862786,21.0,1157290,3,1,10,1,6.0,-9.0,-9.0,15.0,4.0,-9,0.0,22812.0,2149.0
2862786,2862787,25.0,1157291,1,1,0,1,6.0,-9.0,-9.0,15.0,4.0,-9,0.0,22811.0,2148.0
2862787,2862788,22.0,1157291,2,1,10,1,6.0,-9.0,-9.0,15.0,4.0,-9,0.0,22811.0,2148.0
2862788,2862789,21.0,1157291,3,1,10,1,6.0,-9.0,-9.0,15.0,4.0,-9,0.0,22811.0,2148.0
2862789,2862790,25.0,1157292,1,1,0,1,6.0,-9.0,-9.0,15.0,4.0,-9,0.0,22810.0,2148.0
2862790,2862791,22.0,1157292,2,1,10,1,6.0,-9.0,-9.0,15.0,4.0,-9,0.0,22810.0,2148.0
2862791,2862792,21.0,1157292,3,1,10,1,6.0,-9.0,-9.0,15.0,4.0,-9,0.0,22810.0,2148.0
2862792,2862793,25.0,1157293,1,1,0,1,6.0,-9.0,-9.0,15.0,4.0,-9,0.0,22810.0,2148.0
2862793,2862794,22.0,1157293,2,1,10,1,6.0,-9.0,-9.0,15.0,4.0,-9,0.0,22810.0,2148.0
2862794,2862795,21.0,1157293,3,1,10,1,6.0,-9.0,-9.0,15.0,4.0,-9,0.0,22810.0,2148.0
2862795,2862796,25.0,1157294,1,1,0,1,6.0,-9.0,-9.0,15.0,4.0,-9,0.0,22810.0,2148.0
2862796,2862797,22.0,1157294,2,1,10,1,6.0,-9.0,-9.0,15.0,4.0,-9,0.0,22810.0,2148.0
2862797,2862798,21.0,1157294,3,1,10,1,6.0,-9.0,-9.0,15.0,4.0,-9,0.0,22810.0,2148.0
2862798,2862799,25.0,1157295,1,1,0,1,6.0,-9.0,-9.0,15.0,4.0,-9,0.0,22811.0,2148.0
2862799,2862800,22.0,1157295,2,1,10,1,6.0,-9.0,-9.0,15.0,4.0,-9,0.0,22811.0,2148.0
2862800,2862801,21.0,1157295,3,1,10,1,6.0,-9.0,-9.0,15.0,4.0,-9,0.0,22811.0,2148.0
2862801,2862802,25.0,1157296,1,1,0,1,6.0,-9.0,-9.0,15.0,4.0,-9,0.0,22811.0,2148.0
2862802,2862803,22.0,1157296,2,1,10,1,6.0,-9.0,-9.0,15.0,4.0,-9,0.0,22811.0,2148.0
2862803,2862804,21.0,1157296,3,1,10,1,6.0,-9.0,-9.0,15.0,4.0,-9,0.0,22811.0,2148.0
2862804,2862805,25.0,1157297,1,1,0,1,6.0,-9.0,-9.0,15.0,4.0,-9,0.0,22812.0,2149.0
2862805,2862806,22.0,1157297,2,1,10,1,6.0,-9.0,-9.0,15.0,4.0,-9,0.0,22812.0,2149.0
2862806,2862807,21.0,1157297,3,1,10,1,6.0,-9.0,-9.0,15.0,4.0,-9,0.0,22812.0,2149.0
2862807,2862808,25.0,1157298,1,1,0,1,6.0,-9.0,-9.0,15.0,4.0,-9,0.0,22812.0,2149.0
2862808,2862809,22.0,1157298,2,1,10,1,6.0,-9.0,-9.0,15.0,4.0,-9,0.0,22812.0,2149.0
2862809,2862810,21.0,1157298,3,1,10,1,6.0,-9.0,-9.0,15.0,4.0,-9,0.0,22812.0,2149.0
2862810,2862811,25.0,1157299,1,1,0,1,6.0,-9.0,-9.0,15.0,4.0,-9,0.0,22810.0,2148.0
2862811,2862812,22.0,1157299,2,1,10,1,6.0,-9.0,-9.0,15.0,4.0,-9,0.0,22810.0,2148.0
2862812,2862813,21.0,1157299,3,1,10,1,6.0,-9.0,-9.0,15.0,4.0,-9,0.0,22810.0,2148.0
2862813,2862814,25.0,1157300,1,1,0,1,6.0,-9.0,-9.0,15.0,4.0,-9,0.0,22811.0,2148.0
2862814,2862815,22.0,1157300,2,1,10,1,6.0,-9.0,-9.0,15.0,4.0,-9,0.0,22811.0,2148.0
2862815,2862816,21.0,1157300,3,1,10,1,6.0,-9.0,-9.0,15.0,4.0,-9,0.0,22811.0,2148.0
2862816,2862817,25.0,1157301,1,1,0,1,6.0,-9.0,-9.0,15.0,4.0,-9,0.0,22811.0,2148.0
2862817,2862818,22.0,1157301,2,1,10,1,6.0,-9.0,-9.0,15.0,4.0,-9,0.0,22811.0,2148.0
2862818,2862819,21.0,1157301,3,1,10,1,6.0,-9.0,-9.0,15.0,4.0,-9,0.0,22811.0,2148.0
2862819,2862820,25.0,1157302,1,1,0,1,6.0,-9.0,-9.0,15.0,4.0,-9,0.0,22811.0,2148.0
2862820,2862821,22.0,1157302,2,1,10,1,6.0,-9.0,-9.0,15.0,4.0,-9,0.0,22811.0,2148.0
2862821,2862822,21.0,1157302,3,1,10,1,6.0,-9.0,-9.0,15.0,4.0,-9,0.0,22811.0,2148.0
2862822,2862823,25.0,1157303,1,1,0,1,6.0,-9.0,-9.0,15.0,4.0,-9,0.0,22810.0,2148.0
2862823,2862824,22.0,1157303,2,1,10,1,6.0,-9.0,-9.0,15.0,4.0,-9,0.0,22810.0,2148.0
2862824,2862825,21.0,1157303,3,1,10,1,6.0,-9.0,-9.0,15.0,4.0,-9,0.0,22810.0,2148.0
2862825,2862826,25.0,1157304,1,1,0,1,6.0,-9.0,-9.0,15.0,4.0,-9,0.0,22812.0,2149.0
2862826,2862827,22.0,1157304,2,1,10,1,6.0,-9.0,-9.0,15.0,4.0,-9,0.0,22812.0,2149.0
2862827,2862828,21.0,1157304,3,1,10,1,6.0,-9.0,-9.0,15.0,4.0,-9,0.0,22812.0,2149.0
2862828,2862829,25.0,1157305,1,1,0,1,6.0,-9.0,-9.0,15.0,4.0,-9,0.0,22812.0,2149.0
2862829,2862830,22.0,1157305,2,1,10,1,6.0,-9.0,-9.0,15.0,4.0,-9,0.0,22812.0,2149.0
2862830,2862831,21.0,1157305,3,1,10,1,6.0,-9.0,-9.0,15.0,4.0,-9,0.0,22812.0,2149.0
2862831,2862832,25.0,1157306,1,1,0,1,6.0,-9.0,-9.0,15.0,4.0,-9,0.0,22810.0,2148.0
2862832,2862833,22.0,1157306,2,1,10,1,6.0,-9.0,-9.0,15.0,4.0,-9,0.0,22810.0,2148.0
2862833,2862834,21.0,1157306,3,1,10,1,6.0,-9.0,-9.0,15.0,4.0,-9,0.0,22810.0,2148.0
2862834,2862835,25.0,1157307,1,1,0,1,6.0,-9.0,-9.0,15.0,4.0,-9,0.0,22810.0,2148.0
2862835,2862836,22.0,1157307,2,1,10,1,6.0,-9.0,-9.0,15.0,4.0,-9,0.0,22810.0,2148.0
2862836,2862837,21.0,1157307,3,1,10,1,6.0,-9.0,-9.0,15.0,4.0,-9,0.0,22810.0,2148.0
2862837,2862838,25.0,1157308,1,1,0,1,6.0,-9.0,-9.0,15.0,4.0,-9,0.0,22811.0,2148.0
2862838,2862839,22.0,1157308,2,1,10,1,6.0,-9.0,-9.0,15.0,4.0,-9,0.0,22811.0,2148.0
2862839,2862840,21.0,1157308,3,1,10,1,6.0,-9.0,-9.0,15.0,4.0,-9,0.0,22811.0,2148.0
2862840,2862841,25.0,1157309,1,1,0,1,6.0,-9.0,-9.0,15.0,4.0,-9,0.0,22810.0,2148.0
2862841,2862842,22.0,1157309,2,1,10,1,6.0,-9.0,-9.0,15.0,4.0,-9,0.0,22810.0,2148.0
2862842,2862843,21.0,1157309,3,1,10,1,6.0,-9.0,-9.0,15.0,4.0,-9,0.0,22810.0,2148.0
2862843,2862844,25.0,1157310,1,1,0,1,6.0,-9.0,-9.0,15.0,4.0,-9,0.0,22810.0,2148.0
2862844,2862845,22.0,1157310,2,1,10,1,6.0,-9.0,-9.0,15.0,4.0,-9,0.0,22810.0,2148.0
2862845,2862846,21.0,1157310,3,1,10,1,6.0,-9.0,-9.0,15.0,4.0,-9,0.0,22810.0,2148.0
2862846,2862847,25.0,1157311,1,1,0,1,6.0,-9.0,-9.0,15.0,4.0,-9,0.0,22811.0,2148.0
2862847,2862848,22.0,1157311,2,1,10,1,6.0,-9.0,-9.0,15.0,4.0,-9,0.0,22811.0,2148.0
2862848,2862849,21.0,1157311,3,1,10,1,6.0,-9.0,-9.0,15.0,4.0,-9,0.0,22811.0,2148.0
2862849,2862850,25.0,1157312,1,1,0,1,6.0,-9.0,-9.0,15.0,4.0,-9,0.0,22812.0,2149.0
2862850,2862851,22.0,1157312,2,1,10,1,6.0,-9.0,-9.0,15.0,4.0,-9,0.0,22812.0,2149.0
2862851,2862852,21.0,1157312,3,1,10,1,6.0,-9.0,-9.0,15.0,4.0,-9,0.0,22812.0,2149.0
2862852,2862853,25.0,1157313,1,1,0,1,6.0,-9.0,-9.0,15.0,4.0,-9,0.0,22812.0,2149.0
2862853,2862854,22.0,1157313,2,1,10,1,6.0,-9.0,-9.0,15.0,4.0,-9,0.0,22812.0,2149.0
2862854,2862855,21.0,1157313,3,1,10,1,6.0,-9.0,-9.0,15.0,4.0,-9,0.0,22812.0,2149.0
2862855,2862856,25.0,1157314,1,1,0,1,6.0,-9.0,-9.0,15.0,4.0,-9,0.0,22812.0,2149.0
2862856,2862857,22.0,1157314,2,1,10,1,6.0,-9.0,-9.0,15.0,4.0,-9,0.0,22812.0,2149.0
2862857,2862858,21.0,1157314,3,1,10,1,6.0,-9.0,-9.0,15.0,4.0,-9,0.0,22812.0,2149.0
2862858,2862859,25.0,1157315,1,1,0,1,6.0,-9.0,-9.0,15.0,4.0,-9,0.0,22810.0,2148.0
2862859,2862860,22.0,1157315,2,1,10,1,6.0,-9.0,-9.0,15.0,4.0,-9,0.0,22810.0,2148.0
2862860,2862861,21.0,1157315,3,1,10,1,6.0,-9.0,-9.0,15.0,4.0,-9,0.0,22810.0,2148.0
2862861,2862862,25.0,1157316,1,1,0,1,6.0,-9.0,-9.0,15.0,4.0,-9,0.0,22811.0,2148.0
2862862,2862863,22.0,1157316,2,1,10,1,6.0,-9.0,-9.0,15.0,4.0,-9,0.0,22811.0,2148.0
2862863,2862864,21.0,1157316,3,1,10,1,6.0,-9.0,-9.0,15.0,4.0,-9,0.0,22811.0,2148.0
2862864,2862865,25.0,1157317,1,1,0,1,6.0,-9.0,-9.0,15.0,4.0,-9,0.0,22810.0,2148.0
2862865,2862866,22.0,1157317,2,1,10,1,6.0,-9.0,-9.0,15.0,4.0,-9,0.0,22810.0,2148.0
2862866,2862867,21.0,1157317,3,1,10,1,6.0,-9.0,-9.0,15.0,4.0,-9,0.0,22810.0,2148.0
2862867,2862868,25.0,1157318,1,1,0,1,6.0,-9.0,-9.0,15.0,4.0,-9,0.0,22812.0,2149.0
2862868,2862869,22.0,1157318,2,1,10,1,6.0,-9.0,-9.0,15.0,4.0,-9,0.0,22812.0,2149.0
2862869,2862870,21.0,1157318,3,1,10,1,6.0,-9.0,-9.0,15.0,4.0,-9,0.0,22812.0,2149.0
2862870,2862871,25.0,1157319,1,1,0,1,6.0,-9.0,-9.0,15.0,4.0,-9,0.0,22811.0,2148.0
2862871,2862872,22.0,1157319,2,1,10,1,6.0,-9.0,-9.0,15.0,4.0,-9,0.0,22811.0,2148.0
2862872,2862873,21.0,1157319,3,1,10,1,6.0,-9.0,-9.0,15.0,4.0,-9,0.0,22811.0,2148.0
2862873,2862874,25.0,1157320,1,1,0,1,6.0,-9.0,-9.0,15.0,4.0,-9,0.0,22810.0,2148.0
2862874,2862875,22.0,1157320,2,1,10,1,6.0,-9.0,-9.0,15.0,4.0,-9,0.0,22810.0,2148.0
2862875,2862876,21.0,1157320,3,1,10,1,6.0,-9.0,-9.0,15.0,4.0,-9,0.0,22810.0,2148.0
2862876,2862877,25.0,1157321,1,1,0,1,6.0,-9.0,-9.0,15.0,4.0,-9,0.0,22811.0,2148.0
2862877,2862878,22.0,1157321,2,1,10,1,6.0,-9.0,-9.0,15.0,4.0,-9,0.0,22811.0,2148.0
2862878,2862879,21.0,1157321,3,1,10,1,6.0,-9.0,-9.0,15.0,4.0,-9,0.0,22811.0,2148.0
2862879,2862880,25.0,1157322,1,1,0,1,6.0,-9.0,-9.0,15.0,4.0,-9,0.0,22810.0,2148.0
2862880,2862881,22.0,1157322,2,1,10,1,6.0,-9.0,-9.0,15.0,4.0,-9,0.0,22810.0,2148.0
2862881,2862882,21.0,1157322,3,1,10,1,6.0,-9.0,-9.0,15.0,4.0,-9,0.0,22810.0,2148.0
2862882,2862883,25.0,1157323,1,1,0,1,6.0,-9.0,-9.0,15.0,4.0,-9,0.0,22812.0,2149.0
2862883,2862884,22.0,1157323,2,1,10,1,6.0,-9.0,-9.0,15.0,4.0,-9,0.0,22812.0,2149.0
2862884,2862885,21.0,1157323,3,1,10,1,6.0,-9.0,-9.0,15.0,4.0,-9,0.0,22812.0,2149.0
2862885,2862886,25.0,1157324,1,1,0,1,6.0,-9.0,-9.0,15.0,4.0,-9,0.0,22811.0,2148.0
2862886,2862887,22.0,1157324,2,1,10,1,6.0,-9.0,-9.0,15.0,4.0,-9,0.0,22811.0,2148.0
2862887,2862888,21.0,1157324,3,1,10,1,6.0,-9.0,-9.0,15.0,4.0,-9,0.0,22811.0,2148.0
2862888,2862889,25.0,1157325,1,1,0,1,6.0,-9.0,-9.0,15.0,4.0,-9,0.0,22811.0,2148.0
2862889,2862890,22.0,1157325,2,1,10,1,6.0,-9.0,-9.0,15.0,4.0,-9,0.0,22811.0,2148.0
2862890,2862891,21.0,1157325,3,1,10,1,6.0,-9.0,-9.0,15.0,4.0,-9,0.0,22811.0,2148.0
2862891,2862892,25.0,1157326,1,1,0,1,6.0,-9.0,-9.0,15.0,4.0,-9,0.0,22810.0,2148.0
2862892,2862893,22.0,1157326,2,1,10,1,6.0,-9.0,-9.0,15.0,4.0,-9,0.0,22810.0,2148.0
2862893,2862894,21.0,1157326,3,1,10,1,6.0,-9.0,-9.0,15.0,4.0,-9,0.0,22810.0,2148.0
2862894,2862895,25.0,1157327,1,1,0,1,6.0,-9.0,-9.0,15.0,4.0,-9,0.0,22811.0,2148.0
2862895,2862896,22.0,1157327,2,1,10,1,6.0,-9.0,-9.0,15.0,4.0,-9,0.0,22811.0,2148.0
2862896,2862897,21.0,1157327,3,1,10,1,6.0,-9.0,-9.0,15.0,4.0,-9,0.0,22811.0,2148.0
2862897,2862898,25.0,1157328,1,1,0,1,6.0,-9.0,-9.0,15.0,4.0,-9,0.0,22811.0,2148.0
2862898,2862899,22.0,1157328,2,1,10,1,6.0,-9.0,-9.0,15.0,4.0,-9,0.0,22811.0,2148.0
2862899,2862900,21.0,1157328,3,1,10,1,6.0,-9.0,-9.0,15.0,4.0,-9,0.0,22811.0,2148.0
2862900,2862901,25.0,1157329,1,1,0,1,6.0,-9.0,-9.0,15.0,4.0,-9,0.0,22810.0,2148.0
2862901,2862902,22.0,1157329,2,1,10,1,6.0,-9.0,-9.0,15.0,4.0,-9,0.0,22810.0,2148.0
2862902,2862903,21.0,1157329,3,1,10,1,6.0,-9.0,-9.0,15.0,4.0,-9,0.0,22810.0,2148.0
2862903,2862904,25.0,1157330,1,1,0,1,6.0,-9.0,-9.0,15.0,4.0,-9,0.0,22810.0,2148.0
2862904,2862905,22.0,1157330,2,1,10,1,6.0,-9.0,-9.0,15.0,4.0,-9,0.0,22810.0,2148.0
2862905,2862906,21.0,1157330,3,1,10,1,6.0,-9.0,-9.0,15.0,4.0,-9,0.0,22810.0,2148.0
2862906,2862907,25.0,1157331,1,1,0,1,6.0,-9.0,-9.0,15.0,4.0,-9,0.0,22812.0,2149.0
2862907,2862908,22.0,1157331,2,1,10,1,6.0,-9.0,-9.0,15.0,4.0,-9,0.0,22812.0,2149.0
2862908,2862909,21.0,1157331,3,1,10,1,6.0,-9.0,-9.0,15.0,4.0,-9,0.0,22812.0,2149.0
2862909,2862910,25.0,1157332,1,1,0,1,6.0,-9.0,-9.0,15.0,4.0,-9,0.0,22811.0,2148.0
2862910,2862911,22.0,1157332,2,1,10,1,6.0,-9.0,-9.0,15.0,4.0,-9,0.0,22811.0,2148.0
2862911,2862912,21.0,1157332,3,1,10,1,6.0,-9.0,-9.0,15.0,4.0,-9,0.0,22811.0,2148.0
2862912,2862913,25.0,1157333,1,1,0,1,6.0,-9.0,-9.0,15.0,4.0,-9,0.0,22810.0,2148.0
2862913,2862914,22.0,1157333,2,1,10,1,6.0,-9.0,-9.0,15.0,4.0,-9,0.0,22810.0,2148.0
2862914,2862915,21.0,1157333,3,1,10,1,6.0,-9.0,-9.0,15.0,4.0,-9,0.0,22810.0,2148.0
2862915,2862916,25.0,1157334,1,1,0,1,6.0,-9.0,-9.0,15.0,4.0,-9,0.0,22811.0,2148.0
2862916,2862917,22.0,1157334,2,1,10,1,6.0,-9.0,-9.0,15.0,4.0,-9,0.0,22811.0,2148.0
2862917,2862918,21.0,1157334,3,1,10,1,6.0,-9.0,-9.0,15.0,4.0,-9,0.0,22811.0,2148.0
2862918,2862919,25.0,1157335,1,1,0,1,6.0,-9.0,-9.0,15.0,4.0,-9,0.0,22811.0,2148.0
2862919,2862920,22.0,1157335,2,1,10,1,6.0,-9.0,-9.0,15.0,4.0,-9,0.0,22811.0,2148.0
2862920,2862921,21.0,1157335,3,1,10,1,6.0,-9.0,-9.0,15.0,4.0,-9,0.0,22811.0,2148.0
2862921,2862922,25.0,1157336,1,1,0,1,6.0,-9.0,-9.0,15.0,4.0,-9,0.0,22812.0,2149.0
2862922,2862923,22.0,1157336,2,1,10,1,6.0,-9.0,-9.0,15.0,4.0,-9,0.0,22812.0,2149.0
2862923,2862924,21.0,1157336,3,1,10,1,6.0,-9.0,-9.0,15.0,4.0,-9,0.0,22812.0,2149.0
2862924,2862925,25.0,1157337,1,1,0,1,6.0,-9.0,-9.0,15.0,4.0,-9,0.0,22811.0,2148.0
2862925,2862926,22.0,1157337,2,1,10,1,6.0,-9.0,-9.0,15.0,4.0,-9,0.0,22811.0,2148.0
2862926,2862927,21.0,1157337,3,1,10,1,6.0,-9.0,-9.0,15.0,4.0,-9,0.0,22811.0,2148.0
2862927,2862928,25.0,1157338,1,1,0,1,6.0,-9.0,-9.0,15.0,4.0,-9,0.0,22810.0,2148.0
2862928,2862929,22.0,1157338,2,1,10,1,6.0,-9.0,-9.0,15.0,4.0,-9,0.0,22810.0,2148.0
2862929,2862930,21.0,1157338,3,1,10,1,6.0,-9.0,-9.0,15.0,4.0,-9,0.0,22810.0,2148.0
2862930,2862931,25.0,1157339,1,1,0,1,6.0,-9.0,-9.0,15.0,4.0,-9,0.0,22812.0,2149.0
2862931,2862932,22.0,1157339,2,1,10,1,6.0,-9.0,-9.0,15.0,4.0,-9,0.0,22812.0,2149.0
2862932,2862933,21.0,1157339,3,1,10,1,6.0,-9.0,-9.0,15.0,4.0,-9,0.0,22812.0,2149.0
2862933,2862934,25.0,1157340,1,1,0,1,6.0,-9.0,-9.0,15.0,4.0,-9,0.0,22810.0,2148.0
2862934,2862935,22.0,1157340,2,1,10,1,6.0,-9.0,-9.0,15.0,4.0,-9,0.0,22810.0,2148.0
2862935,2862936,21.0,1157340,3,1,10,1,6.0,-9.0,-9.0,15.0,4.0,-9,0.0,22810.0,2148.0
2862936,2862937,25.0,1157341,1,1,0,1,6.0,-9.0,-9.0,15.0,4.0,-9,0.0,22811.0,2148.0
2862937,2862938,22.0,1157341,2,1,10,1,6.0,-9.0,-9.0,15.0,4.0,-9,0.0,22811.0,2148.0
2862938,2862939,21.0,1157341,3,1,10,1,6.0,-9.0,-9.0,15.0,4.0,-9,0.0,22811.0,2148.0
2862939,2862940,25.0,1157342,1,1,0,1,6.0,-9.0,-9.0,15.0,4.0,-9,0.0,22811.0,2148.0
2862940,2862941,22.0,1157342,2,1,10,1,6.0,-9.0,-9.0,15.0,4.0,-9,0.0,22811.0,2148.0
2862941,2862942,21.0,1157342,3,1,10,1,6.0,-9.0,-9.0,15.0,4.0,-9,0.0,22811.0,2148.0
2862942,2862943,25.0,1157343,1,1,0,1,6.0,-9.0,-9.0,15.0,4.0,-9,0.0,22811.0,2148.0
2862943,2862944,22.0,1157343,2,1,10,1,6.0,-9.0,-9.0,15.0,4.0,-9,0.0,22811.0,2148.0
2862944,2862945,21.0,1157343,3,1,10,1,6.0,-9.0,-9.0,15.0,4.0,-9,0.0,22811.0,2148.0
2862945,2862946,25.0,1157344,1,1,0,1,6.0,-9.0,-9.0,15.0,4.0,-9,0.0,22810.0,2148.0
2862946,2862947,22.0,1157344,2,1,10,1,6.0,-9.0,-9.0,15.0,4.0,-9,0.0,22810.0,2148.0
2862947,2862948,21.0,1157344,3,1,10,1,6.0,-9.0,-9.0,15.0,4.0,-9,0.0,22810.0,2148.0
2862948,2862949,25.0,1157345,1,1,0,1,6.0,-9.0,-9.0,15.0,4.0,-9,0.0,22810.0,2148.0
2862949,2862950,22.0,1157345,2,1,10,1,6.0,-9.0,-9.0,15.0,4.0,-9,0.0,22810.0,2148.0
2862950,2862951,21.0,1157345,3,1,10,1,6.0,-9.0,-9.0,15.0,4.0,-9,0.0,22810.0,2148.0
2862951,2862952,25.0,1157346,1,1,0,1,6.0,-9.0,-9.0,15.0,4.0,-9,0.0,22811.0,2148.0
2862952,2862953,22.0,1157346,2,1,10,1,6.0,-9.0,-9.0,15.0,4.0,-9,0.0,22811.0,2148.0
2862953,2862954,21.0,1157346,3,1,10,1,6.0,-9.0,-9.0,15.0,4.0,-9,0.0,22811.0,2148.0
2862954,2862955,25.0,1157347,1,1,0,1,6.0,-9.0,-9.0,15.0,4.0,-9,0.0,22810.0,2148.0
2862955,2862956,22.0,1157347,2,1,10,1,6.0,-9.0,-9.0,15.0,4.0,-9,0.0,22810.0,2148.0
2862956,2862957,21.0,1157347,3,1,10,1,6.0,-9.0,-9.0,15.0,4.0,-9,0.0,22810.0,2148.0
2862957,2862958,25.0,1157348,1,1,0,1,6.0,-9.0,-9.0,15.0,4.0,-9,0.0,22810.0,2148.0
2862958,2862959,22.0,1157348,2,1,10,1,6.0,-9.0,-9.0,15.0,4.0,-9,0.0,22810.0,2148.0
2862959,2862960,21.0,1157348,3,1,10,1,6.0,-9.0,-9.0,15.0,4.0,-9,0.0,22810.0,2148.0
2862960,2862961,25.0,1157349,1,1,0,1,6.0,-9.0,-9.0,15.0,4.0,-9,0.0,22812.0,2149.0
2862961,2862962,22.0,1157349,2,1,10,1,6.0,-9.0,-9.0,15.0,4.0,-9,0.0,22812.0,2149.0
2862962,2862963,21.0,1157349,3,1,10,1,6.0,-9.0,-9.0,15.0,4.0,-9,0.0,22812.0,2149.0
2862963,2862964,25.0,1157350,1,1,0,1,6.0,-9.0,-9.0,15.0,4.0,-9,0.0,22810.0,2148.0
2862964,2862965,22.0,1157350,2,1,10,1,6.0,-9.0,-9.0,15.0,4.0,-9,0.0,22810.0,2148.0
2862965,2862966,21.0,1157350,3,1,10,1,6.0,-9.0,-9.0,15.0,4.0,-9,0.0,22810.0,2148.0
2862966,2862967,25.0,1157351,1,1,0,1,6.0,-9.0,-9.0,15.0,4.0,-9,0.0,22810.0,2148.0
2862967,2862968,22.0,1157351,2,1,10,1,6.0,-9.0,-9.0,15.0,4.0,-9,0.0,22810.0,2148.0
2862968,2862969,21.0,1157351,3,1,10,1,6.0,-9.0,-9.0,15.0,4.0,-9,0.0,22810.0,2148.0
2862969,2862970,25.0,1157352,1,1,0,1,6.0,-9.0,-9.0,15.0,4.0,-9,0.0,22811.0,2148.0
2862970,2862971,22.0,1157352,2,1,10,1,6.0,-9.0,-9.0,15.0,4.0,-9,0.0,22811.0,2148.0
2862971,2862972,21.0,1157352,3,1,10,1,6.0,-9.0,-9.0,15.0,4.0,-9,0.0,22811.0,2148.0
2862972,2862973,25.0,1157353,1,1,0,1,6.0,-9.0,-9.0,15.0,4.0,-9,0.0,22811.0,2148.0
2862973,2862974,22.0,1157353,2,1,10,1,6.0,-9.0,-9.0,15.0,4.0,-9,0.0,22811.0,2148.0
2862974,2862975,21.0,1157353,3,1,10,1,6.0,-9.0,-9.0,15.0,4.0,-9,0.0,22811.0,2148.0
2862975,2862976,25.0,1157354,1,1,0,1,6.0,-9.0,-9.0,15.0,4.0,-9,0.0,22811.0,2148.0
2862976,2862977,22.0,1157354,2,1,10,1,6.0,-9.0,-9.0,15.0,4.0,-9,0.0,22811.0,2148.0
2862977,2862978,21.0,1157354,3,1,10,1,6.0,-9.0,-9.0,15.0,4.0,-9,0.0,22811.0,2148.0
2862978,2862979,25.0,1157355,1,1,0,1,6.0,-9.0,-9.0,15.0,4.0,-9,0.0,22811.0,2148.0
2862979,2862980,22.0,1157355,2,1,10,1,6.0,-9.0,-9.0,15.0,4.0,-9,0.0,22811.0,2148.0
2862980,2862981,21.0,1157355,3,1,10,1,6.0,-9.0,-9.0,15.0,4.0,-9,0.0,22811.0,2148.0
2862981,2862982,25.0,1157356,1,1,0,1,6.0,-9.0,-9.0,15.0,4.0,-9,0.0,22812.0,2149.0
2862982,2862983,22.0,1157356,2,1,10,1,6.0,-9.0,-9.0,15.0,4.0,-9,0.0,22812.0,2149.0
2862983,2862984,21.0,1157356,3,1,10,1,6.0,-9.0,-9.0,15.0,4.0,-9,0.0,22812.0,2149.0
2862984,2862985,25.0,1157357,1,1,0,1,6.0,-9.0,-9.0,15.0,4.0,-9,0.0,22812.0,2149.0
2862985,2862986,22.0,1157357,2,1,10,1,6.0,-9.0,-9.0,15.0,4.0,-9,0.0,22812.0,2149.0
2862986,2862987,21.0,1157357,3,1,10,1,6.0,-9.0,-9.0,15.0,4.0,-9,0.0,22812.0,2149.0
2862987,2862988,25.0,1157358,1,1,0,1,6.0,-9.0,-9.0,15.0,4.0,-9,0.0,22811.0,2148.0
2862988,2862989,22.0,1157358,2,1,10,1,6.0,-9.0,-9.0,15.0,4.0,-9,0.0,22811.0,2148.0
2862989,2862990,21.0,1157358,3,1,10,1,6.0,-9.0,-9.0,15.0,4.0,-9,0.0,22811.0,2148.0
2862990,2862991,25.0,1157359,1,1,0,1,6.0,-9.0,-9.0,15.0,4.0,-9,0.0,22810.0,2148.0
2862991,2862992,22.0,1157359,2,1,10,1,6.0,-9.0,-9.0,15.0,4.0,-9,0.0,22810.0,2148.0
2862992,2862993,21.0,1157359,3,1,10,1,6.0,-9.0,-9.0,15.0,4.0,-9,0.0,22810.0,2148.0
2862993,2862994,25.0,1157360,1,1,0,1,6.0,-9.0,-9.0,15.0,4.0,-9,0.0,22812.0,2149.0
2862994,2862995,22.0,1157360,2,1,10,1,6.0,-9.0,-9.0,15.0,4.0,-9,0.0,22812.0,2149.0
2862995,2862996,21.0,1157360,3,1,10,1,6.0,-9.0,-9.0,15.0,4.0,-9,0.0,22812.0,2149.0
2862996,2862997,25.0,1157361,1,1,0,1,6.0,-9.0,-9.0,15.0,4.0,-9,0.0,22811.0,2148.0
2862997,2862998,22.0,1157361,2,1,10,1,6.0,-9.0,-9.0,15.0,4.0,-9,0.0,22811.0,2148.0
2862998,2862999,21.0,1157361,3,1,10,1,6.0,-9.0,-9.0,15.0,4.0,-9,0.0,22811.0,2148.0
2862999,2863000,25.0,1157362,1,1,0,1,6.0,-9.0,-9.0,15.0,4.0,-9,0.0,22810.0,2148.0
2863000,2863001,22.0,1157362,2,1,10,1,6.0,-9.0,-9.0,15.0,4.0,-9,0.0,22810.0,2148.0
2863001,2863002,21.0,1157362,3,1,10,1,6.0,-9.0,-9.0,15.0,4.0,-9,0.0,22810.0,2148.0
2863002,2863003,25.0,1157363,1,1,0,1,6.0,-9.0,-9.0,15.0,4.0,-9,0.0,22810.0,2148.0
2863003,2863004,22.0,1157363,2,1,10,1,6.0,-9.0,-9.0,15.0,4.0,-9,0.0,22810.0,2148.0
2863004,2863005,21.0,1157363,3,1,10,1,6.0,-9.0,-9.0,15.0,4.0,-9,0.0,22810.0,2148.0
2863005,2863006,25.0,1157364,1,1,0,1,6.0,-9.0,-9.0,15.0,4.0,-9,0.0,22811.0,2148.0
2863006,2863007,22.0,1157364,2,1,10,1,6.0,-9.0,-9.0,15.0,4.0,-9,0.0,22811.0,2148.0
2863007,2863008,21.0,1157364,3,1,10,1,6.0,-9.0,-9.0,15.0,4.0,-9,0.0,22811.0,2148.0
2863008,2863009,25.0,1157365,1,1,0,1,6.0,-9.0,-9.0,15.0,4.0,-9,0.0,22812.0,2149.0
2863009,2863010,22.0,1157365,2,1,10,1,6.0,-9.0,-9.0,15.0,4.0,-9,0.0,22812.0,2149.0
2863010,2863011,21.0,1157365,3,1,10,1,6.0,-9.0,-9.0,15.0,4.0,-9,0.0,22812.0,2149.0
2863011,2863012,25.0,1157366,1,1,0,1,6.0,-9.0,-9.0,15.0,4.0,-9,0.0,22810.0,2148.0
2863012,2863013,22.0,1157366,2,1,10,1,6.0,-9.0,-9.0,15.0,4.0,-9,0.0,22810.0,2148.0
2863013,2863014,21.0,1157366,3,1,10,1,6.0,-9.0,-9.0,15.0,4.0,-9,0.0,22810.0,2148.0
2863014,2863015,25.0,1157367,1,1,0,1,6.0,-9.0,-9.0,15.0,4.0,-9,0.0,22810.0,2148.0
2863015,2863016,22.0,1157367,2,1,10,1,6.0,-9.0,-9.0,15.0,4.0,-9,0.0,22810.0,2148.0
2863016,2863017,21.0,1157367,3,1,10,1,6.0,-9.0,-9.0,15.0,4.0,-9,0.0,22810.0,2148.0
2863017,2863018,25.0,1157368,1,1,0,1,6.0,-9.0,-9.0,15.0,4.0,-9,0.0,22811.0,2148.0
2863018,2863019,22.0,1157368,2,1,10,1,6.0,-9.0,-9.0,15.0,4.0,-9,0.0,22811.0,2148.0
2863019,2863020,21.0,1157368,3,1,10,1,6.0,-9.0,-9.0,15.0,4.0,-9,0.0,22811.0,2148.0
2863020,2863021,25.0,1157369,1,1,0,1,6.0,-9.0,-9.0,15.0,4.0,-9,0.0,22811.0,2148.0
2863021,2863022,22.0,1157369,2,1,10,1,6.0,-9.0,-9.0,15.0,4.0,-9,0.0,22811.0,2148.0
2863022,2863023,21.0,1157369,3,1,10,1,6.0,-9.0,-9.0,15.0,4.0,-9,0.0,22811.0,2148.0
2863023,2863024,25.0,1157370,1,1,0,1,6.0,-9.0,-9.0,15.0,4.0,-9,0.0,22810.0,2148.0
2863024,2863025,22.0,1157370,2,1,10,1,6.0,-9.0,-9.0,15.0,4.0,-9,0.0,22810.0,2148.0
2863025,2863026,21.0,1157370,3,1,10,1,6.0,-9.0,-9.0,15.0,4.0,-9,0.0,22810.0,2148.0
2863026,2863027,25.0,1157371,1,1,0,1,6.0,-9.0,-9.0,15.0,4.0,-9,0.0,22812.0,2149.0
2863027,2863028,22.0,1157371,2,1,10,1,6.0,-9.0,-9.0,15.0,4.0,-9,0.0,22812.0,2149.0
2863028,2863029,21.0,1157371,3,1,10,1,6.0,-9.0,-9.0,15.0,4.0,-9,0.0,22812.0,2149.0
2863029,2863030,25.0,1157372,1,1,0,1,6.0,-9.0,-9.0,15.0,4.0,-9,0.0,22812.0,2149.0
2863030,2863031,22.0,1157372,2,1,10,1,6.0,-9.0,-9.0,15.0,4.0,-9,0.0,22812.0,2149.0
2863031,2863032,21.0,1157372,3,1,10,1,6.0,-9.0,-9.0,15.0,4.0,-9,0.0,22812.0,2149.0
2863032,2863033,25.0,1157373,1,1,0,1,6.0,-9.0,-9.0,15.0,4.0,-9,0.0,22812.0,2149.0
2863033,2863034,22.0,1157373,2,1,10,1,6.0,-9.0,-9.0,15.0,4.0,-9,0.0,22812.0,2149.0
2863034,2863035,21.0,1157373,3,1,10,1,6.0,-9.0,-9.0,15.0,4.0,-9,0.0,22812.0,2149.0
2863035,2863036,25.0,1157374,1,1,0,1,6.0,-9.0,-9.0,15.0,4.0,-9,0.0,22811.0,2148.0
2863036,2863037,22.0,1157374,2,1,10,1,6.0,-9.0,-9.0,15.0,4.0,-9,0.0,22811.0,2148.0
2863037,2863038,21.0,1157374,3,1,10,1,6.0,-9.0,-9.0,15.0,4.0,-9,0.0,22811.0,2148.0
2863038,2863039,25.0,1157375,1,1,0,1,6.0,-9.0,-9.0,15.0,4.0,-9,0.0,22811.0,2148.0
2863039,2863040,22.0,1157375,2,1,10,1,6.0,-9.0,-9.0,15.0,4.0,-9,0.0,22811.0,2148.0
2863040,2863041,21.0,1157375,3,1,10,1,6.0,-9.0,-9.0,15.0,4.0,-9,0.0,22811.0,2148.0
2863041,2863042,25.0,1157376,1,1,0,1,6.0,-9.0,-9.0,15.0,4.0,-9,0.0,22810.0,2148.0
2863042,2863043,22.0,1157376,2,1,10,1,6.0,-9.0,-9.0,15.0,4.0,-9,0.0,22810.0,2148.0
2863043,2863044,21.0,1157376,3,1,10,1,6.0,-9.0,-9.0,15.0,4.0,-9,0.0,22810.0,2148.0
2863044,2863045,27.0,1157377,1,2,0,1,6.0,-9.0,-9.0,16.0,4.0,622M,15.0,22810.0,2148.0
2863045,2863046,24.0,1157377,2,2,12,1,1.0,36.0,2.0,15.0,4.0,622M,15.0,22810.0,2148.0
2863046,2863047,27.0,1157378,1,2,0,1,6.0,-9.0,-9.0,16.0,4.0,622M,15.0,22810.0,2148.0
2863047,2863048,24.0,1157378,2,2,12,1,1.0,36.0,2.0,15.0,4.0,622M,15.0,22810.0,2148.0
2863048,2863049,27.0,1157379,1,2,0,1,6.0,-9.0,-9.0,16.0,4.0,622M,15.0,22810.0,2148.0
2863049,2863050,24.0,1157379,2,2,12,1,1.0,36.0,2.0,15.0,4.0,622M,15.0,22810.0,2148.0
2863050,2863051,27.0,1157380,1,2,0,1,6.0,-9.0,-9.0,16.0,4.0,622M,15.0,22812.0,2149.0
2863051,2863052,24.0,1157380,2,2,12,1,1.0,36.0,2.0,15.0,4.0,622M,15.0,22812.0,2149.0
2863052,2863053,27.0,1157381,1,2,0,1,6.0,-9.0,-9.0,16.0,4.0,622M,15.0,22810.0,2148.0
2863053,2863054,24.0,1157381,2,2,12,1,1.0,36.0,2.0,15.0,4.0,622M,15.0,22810.0,2148.0
2863054,2863055,27.0,1157382,1,2,0,1,6.0,-9.0,-9.0,16.0,4.0,622M,15.0,22812.0,2149.0
2863055,2863056,24.0,1157382,2,2,12,1,1.0,36.0,2.0,15.0,4.0,622M,15.0,22812.0,2149.0
2863056,2863057,27.0,1157383,1,2,0,1,6.0,-9.0,-9.0,16.0,4.0,622M,15.0,22810.0,2148.0
2863057,2863058,24.0,1157383,2,2,12,1,1.0,36.0,2.0,15.0,4.0,622M,15.0,22810.0,2148.0
2863058,2863059,27.0,1157384,1,2,0,1,6.0,-9.0,-9.0,16.0,4.0,622M,15.0,22811.0,2148.0
2863059,2863060,24.0,1157384,2,2,12,1,1.0,36.0,2.0,15.0,4.0,622M,15.0,22811.0,2148.0
2863060,2863061,27.0,1157385,1,2,0,1,6.0,-9.0,-9.0,16.0,4.0,622M,15.0,22811.0,2148.0
2863061,2863062,24.0,1157385,2,2,12,1,1.0,36.0,2.0,15.0,4.0,622M,15.0,22811.0,2148.0
2863062,2863063,27.0,1157386,1,2,0,1,6.0,-9.0,-9.0,16.0,4.0,622M,15.0,22811.0,2148.0
2863063,2863064,24.0,1157386,2,2,12,1,1.0,36.0,2.0,15.0,4.0,622M,15.0,22811.0,2148.0
2863064,2863065,27.0,1157387,1,2,0,1,6.0,-9.0,-9.0,16.0,4.0,622M,15.0,22811.0,2148.0
2863065,2863066,24.0,1157387,2,2,12,1,1.0,36.0,2.0,15.0,4.0,622M,15.0,22811.0,2148.0
2863066,2863067,27.0,1157388,1,2,0,1,6.0,-9.0,-9.0,16.0,4.0,622M,15.0,22810.0,2148.0
2863067,2863068,24.0,1157388,2,2,12,1,1.0,36.0,2.0,15.0,4.0,622M,15.0,22810.0,2148.0
2863068,2863069,27.0,1157389,1,2,0,1,6.0,-9.0,-9.0,16.0,4.0,622M,15.0,22810.0,2148.0
2863069,2863070,24.0,1157389,2,2,12,1,1.0,36.0,2.0,15.0,4.0,622M,15.0,22810.0,2148.0
2863070,2863071,27.0,1157390,1,2,0,1,6.0,-9.0,-9.0,16.0,4.0,622M,15.0,22810.0,2148.0
2863071,2863072,24.0,1157390,2,2,12,1,1.0,36.0,2.0,15.0,4.0,622M,15.0,22810.0,2148.0
2863072,2863073,27.0,1157391,1,2,0,1,6.0,-9.0,-9.0,16.0,4.0,622M,15.0,22811.0,2148.0
2863073,2863074,24.0,1157391,2,2,12,1,1.0,36.0,2.0,15.0,4.0,622M,15.0,22811.0,2148.0
2863074,2863075,27.0,1157392,1,2,0,1,6.0,-9.0,-9.0,16.0,4.0,622M,15.0,22811.0,2148.0
2863075,2863076,24.0,1157392,2,2,12,1,1.0,36.0,2.0,15.0,4.0,622M,15.0,22811.0,2148.0
2863076,2863077,27.0,1157393,1,2,0,1,6.0,-9.0,-9.0,16.0,4.0,622M,15.0,22811.0,2148.0
2863077,2863078,24.0,1157393,2,2,12,1,1.0,36.0,2.0,15.0,4.0,622M,15.0,22811.0,2148.0
2863078,2863079,27.0,1157394,1,2,0,1,6.0,-9.0,-9.0,16.0,4.0,622M,15.0,22811.0,2148.0
2863079,2863080,24.0,1157394,2,2,12,1,1.0,36.0,2.0,15.0,4.0,622M,15.0,22811.0,2148.0
2863080,2863081,27.0,1157395,1,2,0,1,6.0,-9.0,-9.0,16.0,4.0,622M,15.0,22812.0,2149.0
2863081,2863082,24.0,1157395,2,2,12,1,1.0,36.0,2.0,15.0,4.0,622M,15.0,22812.0,2149.0
2863082,2863083,27.0,1157396,1,2,0,1,6.0,-9.0,-9.0,16.0,4.0,622M,15.0,22811.0,2148.0
2863083,2863084,24.0,1157396,2,2,12,1,1.0,36.0,2.0,15.0,4.0,622M,15.0,22811.0,2148.0
2863084,2863085,27.0,1157397,1,2,0,1,6.0,-9.0,-9.0,16.0,4.0,622M,15.0,22810.0,2148.0
2863085,2863086,24.0,1157397,2,2,12,1,1.0,36.0,2.0,15.0,4.0,622M,15.0,22810.0,2148.0
2863086,2863087,27.0,1157398,1,2,0,1,6.0,-9.0,-9.0,16.0,4.0,622M,15.0,22812.0,2149.0
2863087,2863088,24.0,1157398,2,2,12,1,1.0,36.0,2.0,15.0,4.0,622M,15.0,22812.0,2149.0
2863088,2863089,27.0,1157399,1,2,0,1,6.0,-9.0,-9.0,16.0,4.0,622M,15.0,22810.0,2148.0
2863089,2863090,24.0,1157399,2,2,12,1,1.0,36.0,2.0,15.0,4.0,622M,15.0,22810.0,2148.0
2863090,2863091,27.0,1157400,1,2,0,1,6.0,-9.0,-9.0,16.0,4.0,622M,15.0,22811.0,2148.0
2863091,2863092,24.0,1157400,2,2,12,1,1.0,36.0,2.0,15.0,4.0,622M,15.0,22811.0,2148.0
2863092,2863093,27.0,1157401,1,2,0,1,6.0,-9.0,-9.0,16.0,4.0,622M,15.0,22810.0,2148.0
2863093,2863094,24.0,1157401,2,2,12,1,1.0,36.0,2.0,15.0,4.0,622M,15.0,22810.0,2148.0
2863094,2863095,27.0,1157402,1,2,0,1,6.0,-9.0,-9.0,16.0,4.0,622M,15.0,22812.0,2149.0
2863095,2863096,24.0,1157402,2,2,12,1,1.0,36.0,2.0,15.0,4.0,622M,15.0,22812.0,2149.0
2863096,2863097,27.0,1157403,1,2,0,1,6.0,-9.0,-9.0,16.0,4.0,622M,15.0,22812.0,2149.0
2863097,2863098,24.0,1157403,2,2,12,1,1.0,36.0,2.0,15.0,4.0,622M,15.0,22812.0,2149.0
2863098,2863099,27.0,1157404,1,2,0,1,6.0,-9.0,-9.0,16.0,4.0,622M,15.0,22810.0,2148.0
2863099,2863100,24.0,1157404,2,2,12,1,1.0,36.0,2.0,15.0,4.0,622M,15.0,22810.0,2148.0
2863100,2863101,27.0,1157405,1,2,0,1,6.0,-9.0,-9.0,16.0,4.0,622M,15.0,22812.0,2149.0
2863101,2863102,24.0,1157405,2,2,12,1,1.0,36.0,2.0,15.0,4.0,622M,15.0,22812.0,2149.0
2863102,2863103,27.0,1157406,1,2,0,1,6.0,-9.0,-9.0,16.0,4.0,622M,15.0,22810.0,2148.0
2863103,2863104,24.0,1157406,2,2,12,1,1.0,36.0,2.0,15.0,4.0,622M,15.0,22810.0,2148.0
2863104,2863105,27.0,1157407,1,2,0,1,6.0,-9.0,-9.0,16.0,4.0,622M,15.0,22810.0,2148.0
2863105,2863106,24.0,1157407,2,2,12,1,1.0,36.0,2.0,15.0,4.0,622M,15.0,22810.0,2148.0
2863106,2863107,27.0,1157408,1,2,0,1,6.0,-9.0,-9.0,16.0,4.0,622M,15.0,22810.0,2148.0
2863107,2863108,24.0,1157408,2,2,12,1,1.0,36.0,2.0,15.0,4.0,622M,15.0,22810.0,2148.0
2863108,2863109,27.0,1157409,1,2,0,1,6.0,-9.0,-9.0,16.0,4.0,622M,15.0,22810.0,2148.0
2863109,2863110,24.0,1157409,2,2,12,1,1.0,36.0,2.0,15.0,4.0,622M,15.0,22810.0,2148.0
2863110,2863111,27.0,1157410,1,2,0,1,6.0,-9.0,-9.0,16.0,4.0,622M,15.0,22811.0,2148.0
2863111,2863112,24.0,1157410,2,2,12,1,1.0,36.0,2.0,15.0,4.0,622M,15.0,22811.0,2148.0
2863112,2863113,27.0,1157411,1,2,0,1,6.0,-9.0,-9.0,16.0,4.0,622M,15.0,22811.0,2148.0
2863113,2863114,24.0,1157411,2,2,12,1,1.0,36.0,2.0,15.0,4.0,622M,15.0,22811.0,2148.0
2863114,2863115,27.0,1157412,1,2,0,1,6.0,-9.0,-9.0,16.0,4.0,622M,15.0,22811.0,2148.0
2863115,2863116,24.0,1157412,2,2,12,1,1.0,36.0,2.0,15.0,4.0,622M,15.0,22811.0,2148.0
2863116,2863117,27.0,1157413,1,2,0,1,6.0,-9.0,-9.0,16.0,4.0,622M,15.0,22811.0,2148.0
2863117,2863118,24.0,1157413,2,2,12,1,1.0,36.0,2.0,15.0,4.0,622M,15.0,22811.0,2148.0
2863118,2863119,27.0,1157414,1,2,0,1,6.0,-9.0,-9.0,16.0,4.0,622M,15.0,22810.0,2148.0
2863119,2863120,24.0,1157414,2,2,12,1,1.0,36.0,2.0,15.0,4.0,622M,15.0,22810.0,2148.0
2863120,2863121,27.0,1157415,1,2,0,1,6.0,-9.0,-9.0,16.0,4.0,622M,15.0,22811.0,2148.0
2863121,2863122,24.0,1157415,2,2,12,1,1.0,36.0,2.0,15.0,4.0,622M,15.0,22811.0,2148.0
2863122,2863123,27.0,1157416,1,2,0,1,6.0,-9.0,-9.0,16.0,4.0,622M,15.0,22811.0,2148.0
2863123,2863124,24.0,1157416,2,2,12,1,1.0,36.0,2.0,15.0,4.0,622M,15.0,22811.0,2148.0
2863124,2863125,27.0,1157417,1,2,0,1,6.0,-9.0,-9.0,16.0,4.0,622M,15.0,22810.0,2148.0
2863125,2863126,24.0,1157417,2,2,12,1,1.0,36.0,2.0,15.0,4.0,622M,15.0,22810.0,2148.0
2863126,2863127,27.0,1157418,1,2,0,1,6.0,-9.0,-9.0,16.0,4.0,622M,15.0,22811.0,2148.0
2863127,2863128,24.0,1157418,2,2,12,1,1.0,36.0,2.0,15.0,4.0,622M,15.0,22811.0,2148.0
2863128,2863129,27.0,1157419,1,2,0,1,6.0,-9.0,-9.0,16.0,4.0,622M,15.0,22810.0,2148.0
2863129,2863130,24.0,1157419,2,2,12,1,1.0,36.0,2.0,15.0,4.0,622M,15.0,22810.0,2148.0
2863130,2863131,27.0,1157420,1,2,0,1,6.0,-9.0,-9.0,16.0,4.0,622M,15.0,22810.0,2148.0
2863131,2863132,24.0,1157420,2,2,12,1,1.0,36.0,2.0,15.0,4.0,622M,15.0,22810.0,2148.0
2863132,2863133,27.0,1157421,1,2,0,1,6.0,-9.0,-9.0,16.0,4.0,622M,15.0,22810.0,2148.0
2863133,2863134,24.0,1157421,2,2,12,1,1.0,36.0,2.0,15.0,4.0,622M,15.0,22810.0,2148.0
2863134,2863135,27.0,1157422,1,2,0,1,6.0,-9.0,-9.0,16.0,4.0,622M,15.0,22811.0,2148.0
2863135,2863136,24.0,1157422,2,2,12,1,1.0,36.0,2.0,15.0,4.0,622M,15.0,22811.0,2148.0
2863136,2863137,27.0,1157423,1,2,0,1,6.0,-9.0,-9.0,16.0,4.0,622M,15.0,22811.0,2148.0
2863137,2863138,24.0,1157423,2,2,12,1,1.0,36.0,2.0,15.0,4.0,622M,15.0,22811.0,2148.0
2863138,2863139,27.0,1157424,1,2,0,1,6.0,-9.0,-9.0,16.0,4.0,622M,15.0,22812.0,2149.0
2863139,2863140,24.0,1157424,2,2,12,1,1.0,36.0,2.0,15.0,4.0,622M,15.0,22812.0,2149.0
2863140,2863141,27.0,1157425,1,2,0,1,6.0,-9.0,-9.0,16.0,4.0,622M,15.0,22810.0,2148.0
2863141,2863142,24.0,1157425,2,2,12,1,1.0,36.0,2.0,15.0,4.0,622M,15.0,22810.0,2148.0
2863142,2863143,27.0,1157426,1,2,0,1,6.0,-9.0,-9.0,16.0,4.0,622M,15.0,22810.0,2148.0
2863143,2863144,24.0,1157426,2,2,12,1,1.0,36.0,2.0,15.0,4.0,622M,15.0,22810.0,2148.0
2863144,2863145,27.0,1157427,1,2,0,1,6.0,-9.0,-9.0,16.0,4.0,622M,15.0,22811.0,2148.0
2863145,2863146,24.0,1157427,2,2,12,1,1.0,36.0,2.0,15.0,4.0,622M,15.0,22811.0,2148.0
2863146,2863147,19.0,1157428,1,1,0,3,1.0,40.0,1.0,-9.0,4.0,722Z,16.0,22812.0,2149.0
2863147,2863148,50.0,1157428,2,1,12,3,1.0,40.0,2.0,-9.0,4.0,713Z,16.0,22812.0,2149.0
2863148,2863149,19.0,1157429,1,1,0,3,1.0,40.0,1.0,-9.0,4.0,722Z,16.0,22812.0,2149.0
2863149,2863150,50.0,1157429,2,1,12,3,1.0,40.0,2.0,-9.0,4.0,713Z,16.0,22812.0,2149.0
2863150,2863151,19.0,1157430,1,1,0,3,1.0,40.0,1.0,-9.0,4.0,722Z,16.0,22811.0,2148.0
2863151,2863152,50.0,1157430,2,1,12,3,1.0,40.0,2.0,-9.0,4.0,713Z,16.0,22811.0,2148.0
2863152,2863153,19.0,1157431,1,1,0,3,1.0,40.0,1.0,-9.0,4.0,722Z,16.0,22810.0,2148.0
2863153,2863154,50.0,1157431,2,1,12,3,1.0,40.0,2.0,-9.0,4.0,713Z,16.0,22810.0,2148.0
2863154,2863155,19.0,1157432,1,1,0,3,1.0,40.0,1.0,-9.0,4.0,722Z,16.0,22811.0,2148.0
2863155,2863156,50.0,1157432,2,1,12,3,1.0,40.0,2.0,-9.0,4.0,713Z,16.0,22811.0,2148.0
2863156,2863157,19.0,1157433,1,1,0,3,1.0,40.0,1.0,-9.0,4.0,722Z,16.0,22810.0,2148.0
2863157,2863158,50.0,1157433,2,1,12,3,1.0,40.0,2.0,-9.0,4.0,713Z,16.0,22810.0,2148.0
2863158,2863159,19.0,1157434,1,1,0,3,1.0,40.0,1.0,-9.0,4.0,722Z,16.0,22811.0,2148.0
2863159,2863160,50.0,1157434,2,1,12,3,1.0,40.0,2.0,-9.0,4.0,713Z,16.0,22811.0,2148.0
2863160,2863161,19.0,1157435,1,1,0,3,1.0,40.0,1.0,-9.0,4.0,722Z,16.0,22810.0,2148.0
2863161,2863162,50.0,1157435,2,1,12,3,1.0,40.0,2.0,-9.0,4.0,713Z,16.0,22810.0,2148.0
2863162,2863163,19.0,1157436,1,1,0,3,1.0,40.0,1.0,-9.0,4.0,722Z,16.0,22810.0,2148.0
2863163,2863164,50.0,1157436,2,1,12,3,1.0,40.0,2.0,-9.0,4.0,713Z,16.0,22810.0,2148.0
2863164,2863165,19.0,1157437,1,1,0,3,1.0,40.0,1.0,-9.0,4.0,722Z,16.0,22812.0,2149.0
2863165,2863166,50.0,1157437,2,1,12,3,1.0,40.0,2.0,-9.0,4.0,713Z,16.0,22812.0,2149.0
2863166,2863167,19.0,1157438,1,1,0,3,1.0,40.0,1.0,-9.0,4.0,722Z,16.0,22811.0,2148.0
2863167,2863168,50.0,1157438,2,1,12,3,1.0,40.0,2.0,-9.0,4.0,713Z,16.0,22811.0,2148.0
2863168,2863169,19.0,1157439,1,1,0,3,1.0,40.0,1.0,-9.0,4.0,722Z,16.0,22811.0,2148.0
2863169,2863170,50.0,1157439,2,1,12,3,1.0,40.0,2.0,-9.0,4.0,713Z,16.0,22811.0,2148.0
2863170,2863171,19.0,1157440,1,1,0,3,1.0,40.0,1.0,-9.0,4.0,722Z,16.0,22811.0,2148.0
2863171,2863172,50.0,1157440,2,1,12,3,1.0,40.0,2.0,-9.0,4.0,713Z,16.0,22811.0,2148.0
2863172,2863173,19.0,1157441,1,1,0,3,1.0,40.0,1.0,-9.0,4.0,722Z,16.0,22811.0,2148.0
2863173,2863174,50.0,1157441,2,1,12,3,1.0,40.0,2.0,-9.0,4.0,713Z,16.0,22811.0,2148.0
2863174,2863175,19.0,1157442,1,1,0,3,1.0,40.0,1.0,-9.0,4.0,722Z,16.0,22812.0,2149.0
2863175,2863176,50.0,1157442,2,1,12,3,1.0,40.0,2.0,-9.0,4.0,713Z,16.0,22812.0,2149.0
2863176,2863177,19.0,1157443,1,1,0,3,1.0,40.0,1.0,-9.0,4.0,722Z,16.0,22810.0,2148.0
2863177,2863178,50.0,1157443,2,1,12,3,1.0,40.0,2.0,-9.0,4.0,713Z,16.0,22810.0,2148.0
2863178,2863179,19.0,1157444,1,1,0,3,1.0,40.0,1.0,-9.0,4.0,722Z,16.0,22810.0,2148.0
2863179,2863180,50.0,1157444,2,1,12,3,1.0,40.0,2.0,-9.0,4.0,713Z,16.0,22810.0,2148.0
2863180,2863181,19.0,1157445,1,1,0,3,1.0,40.0,1.0,-9.0,4.0,722Z,16.0,22811.0,2148.0
2863181,2863182,50.0,1157445,2,1,12,3,1.0,40.0,2.0,-9.0,4.0,713Z,16.0,22811.0,2148.0
2863182,2863183,19.0,1157446,1,1,0,3,1.0,40.0,1.0,-9.0,4.0,722Z,16.0,22810.0,2148.0
2863183,2863184,50.0,1157446,2,1,12,3,1.0,40.0,2.0,-9.0,4.0,713Z,16.0,22810.0,2148.0
2863184,2863185,19.0,1157447,1,1,0,3,1.0,40.0,1.0,-9.0,4.0,722Z,16.0,22811.0,2148.0
2863185,2863186,50.0,1157447,2,1,12,3,1.0,40.0,2.0,-9.0,4.0,713Z,16.0,22811.0,2148.0
2863186,2863187,19.0,1157448,1,1,0,3,1.0,40.0,1.0,-9.0,4.0,722Z,16.0,22812.0,2149.0
2863187,2863188,50.0,1157448,2,1,12,3,1.0,40.0,2.0,-9.0,4.0,713Z,16.0,22812.0,2149.0
2863188,2863189,19.0,1157449,1,1,0,3,1.0,40.0,1.0,-9.0,4.0,722Z,16.0,22812.0,2149.0
2863189,2863190,50.0,1157449,2,1,12,3,1.0,40.0,2.0,-9.0,4.0,713Z,16.0,22812.0,2149.0
2863190,2863191,19.0,1157450,1,1,0,3,1.0,40.0,1.0,-9.0,4.0,722Z,16.0,22811.0,2148.0
2863191,2863192,50.0,1157450,2,1,12,3,1.0,40.0,2.0,-9.0,4.0,713Z,16.0,22811.0,2148.0
2863192,2863193,19.0,1157451,1,1,0,3,1.0,40.0,1.0,-9.0,4.0,722Z,16.0,22812.0,2149.0
2863193,2863194,50.0,1157451,2,1,12,3,1.0,40.0,2.0,-9.0,4.0,713Z,16.0,22812.0,2149.0
2863194,2863195,19.0,1157452,1,1,0,3,1.0,40.0,1.0,-9.0,4.0,722Z,16.0,22812.0,2149.0
2863195,2863196,50.0,1157452,2,1,12,3,1.0,40.0,2.0,-9.0,4.0,713Z,16.0,22812.0,2149.0
2863196,2863197,19.0,1157453,1,1,0,3,1.0,40.0,1.0,-9.0,4.0,722Z,16.0,22811.0,2148.0
2863197,2863198,50.0,1157453,2,1,12,3,1.0,40.0,2.0,-9.0,4.0,713Z,16.0,22811.0,2148.0
2863198,2863199,19.0,1157454,1,1,0,3,1.0,40.0,1.0,-9.0,4.0,722Z,16.0,22811.0,2148.0
2863199,2863200,50.0,1157454,2,1,12,3,1.0,40.0,2.0,-9.0,4.0,713Z,16.0,22811.0,2148.0
2863200,2863201,19.0,1157455,1,1,0,3,1.0,40.0,1.0,-9.0,4.0,722Z,16.0,22810.0,2148.0
2863201,2863202,50.0,1157455,2,1,12,3,1.0,40.0,2.0,-9.0,4.0,713Z,16.0,22810.0,2148.0
2863202,2863203,19.0,1157456,1,1,0,3,1.0,40.0,1.0,-9.0,4.0,722Z,16.0,22811.0,2148.0
2863203,2863204,50.0,1157456,2,1,12,3,1.0,40.0,2.0,-9.0,4.0,713Z,16.0,22811.0,2148.0
2863204,2863205,19.0,1157457,1,1,0,3,1.0,40.0,1.0,-9.0,4.0,722Z,16.0,22811.0,2148.0
2863205,2863206,50.0,1157457,2,1,12,3,1.0,40.0,2.0,-9.0,4.0,713Z,16.0,22811.0,2148.0
2863206,2863207,19.0,1157458,1,1,0,3,1.0,40.0,1.0,-9.0,4.0,722Z,16.0,22812.0,2149.0
2863207,2863208,50.0,1157458,2,1,12,3,1.0,40.0,2.0,-9.0,4.0,713Z,16.0,22812.0,2149.0
2863208,2863209,19.0,1157459,1,1,0,3,1.0,40.0,1.0,-9.0,4.0,722Z,16.0,22810.0,2148.0
2863209,2863210,50.0,1157459,2,1,12,3,1.0,40.0,2.0,-9.0,4.0,713Z,16.0,22810.0,2148.0
2863210,2863211,19.0,1157460,1,1,0,3,1.0,40.0,1.0,-9.0,4.0,722Z,16.0,22811.0,2148.0
2863211,2863212,50.0,1157460,2,1,12,3,1.0,40.0,2.0,-9.0,4.0,713Z,16.0,22811.0,2148.0
2863212,2863213,24.0,1157461,1,2,0,4,2.0,6.0,3.0,16.0,4.0,44611,5.0,22812.0,2149.0
2863213,2863214,24.0,1157462,1,2,0,4,2.0,6.0,3.0,16.0,4.0,44611,5.0,22810.0,2148.0
2863214,2863215,24.0,1157463,1,2,0,4,2.0,6.0,3.0,16.0,4.0,44611,5.0,22810.0,2148.0
2863215,2863216,24.0,1157464,1,2,0,4,2.0,6.0,3.0,16.0,4.0,44611,5.0,22812.0,2149.0
2863216,2863217,24.0,1157465,1,2,0,4,2.0,6.0,3.0,16.0,4.0,44611,5.0,22811.0,2148.0
2863217,2863218,24.0,1157466,1,2,0,4,2.0,6.0,3.0,16.0,4.0,44611,5.0,22812.0,2149.0
2863218,2863219,24.0,1157467,1,2,0,4,2.0,6.0,3.0,16.0,4.0,44611,5.0,22810.0,2148.0
2863219,2863220,24.0,1157468,1,2,0,4,2.0,6.0,3.0,16.0,4.0,44611,5.0,22811.0,2148.0
2863220,2863221,24.0,1157469,1,2,0,4,2.0,6.0,3.0,16.0,4.0,44611,5.0,22812.0,2149.0
2863221,2863222,24.0,1157470,1,2,0,4,6.0,-9.0,-9.0,16.0,4.0,-9,0.0,22812.0,2149.0
2863222,2863223,20.0,1157471,1,2,0,4,3.0,-9.0,-9.0,15.0,4.0,999920,0.0,22812.0,2149.0
2863223,2863224,24.0,1157472,1,2,0,4,6.0,-9.0,-9.0,16.0,4.0,-9,0.0,22812.0,2149.0
2863224,2863225,24.0,1157473,1,2,0,4,6.0,-9.0,-9.0,16.0,4.0,-9,0.0,22812.0,2149.0
2863225,2863226,24.0,1157474,1,2,0,4,6.0,-9.0,-9.0,16.0,4.0,-9,0.0,22810.0,2148.0
2863226,2863227,24.0,1157475,1,2,0,4,6.0,-9.0,-9.0,16.0,4.0,-9,0.0,22810.0,2148.0
2863227,2863228,20.0,1157476,1,2,0,4,3.0,-9.0,-9.0,15.0,4.0,999920,0.0,22811.0,2148.0
2863228,2863229,20.0,1157477,1,2,0,4,3.0,-9.0,-9.0,15.0,4.0,999920,0.0,22811.0,2148.0
2863229,2863230,24.0,1157478,1,2,0,4,6.0,-9.0,-9.0,16.0,4.0,-9,0.0,22812.0,2149.0
2863230,2863231,24.0,1157479,1,2,0,4,6.0,-9.0,-9.0,16.0,4.0,-9,0.0,22811.0,2148.0
2863231,2863232,24.0,1157480,1,2,0,4,6.0,-9.0,-9.0,16.0,4.0,-9,0.0,22810.0,2148.0
2863232,2863233,24.0,1157481,1,2,0,4,6.0,-9.0,-9.0,16.0,4.0,-9,0.0,22810.0,2148.0
2863233,2863234,20.0,1157482,1,2,0,4,3.0,-9.0,-9.0,15.0,4.0,999920,0.0,22811.0,2148.0
2863234,2863235,20.0,1157483,1,2,0,4,3.0,-9.0,-9.0,15.0,4.0,999920,0.0,22810.0,2148.0
2863235,2863236,20.0,1157484,1,2,0,4,3.0,-9.0,-9.0,15.0,4.0,999920,0.0,22810.0,2148.0
2863236,2863237,20.0,1157485,1,2,0,4,3.0,-9.0,-9.0,15.0,4.0,999920,0.0,22811.0,2148.0
2863237,2863238,20.0,1157486,1,2,0,4,3.0,-9.0,-9.0,15.0,4.0,999920,0.0,22810.0,2148.0
2863238,2863239,24.0,1157487,1,2,0,4,6.0,-9.0,-9.0,16.0,4.0,-9,0.0,22810.0,2148.0
2863239,2863240,24.0,1157488,1,2,0,4,6.0,-9.0,-9.0,16.0,4.0,-9,0.0,22811.0,2148.0
2863240,2863241,24.0,1157489,1,2,0,4,6.0,-9.0,-9.0,16.0,4.0,-9,0.0,22812.0,2149.0
2863241,2863242,24.0,1157490,1,2,0,4,6.0,-9.0,-9.0,16.0,4.0,-9,0.0,22811.0,2148.0
2863242,2863243,24.0,1157491,1,2,0,4,6.0,-9.0,-9.0,16.0,4.0,-9,0.0,22811.0,2148.0
2863243,2863244,24.0,1157492,1,2,0,4,6.0,-9.0,-9.0,16.0,4.0,-9,0.0,22811.0,2148.0
2863244,2863245,24.0,1157493,1,2,0,4,6.0,-9.0,-9.0,16.0,4.0,-9,0.0,22811.0,2148.0
2863245,2863246,20.0,1157494,1,2,0,4,3.0,-9.0,-9.0,15.0,4.0,999920,0.0,22812.0,2149.0
2863246,2863247,20.0,1157495,1,2,0,4,3.0,-9.0,-9.0,15.0,4.0,999920,0.0,22811.0,2148.0
2863247,2863248,20.0,1157496,1,2,0,4,3.0,-9.0,-9.0,15.0,4.0,999920,0.0,22811.0,2148.0
2863248,2863249,24.0,1157497,1,2,0,4,6.0,-9.0,-9.0,16.0,4.0,-9,0.0,22811.0,2148.0
2863249,2863250,20.0,1157498,1,2,0,4,3.0,-9.0,-9.0,15.0,4.0,999920,0.0,22811.0,2148.0
2863250,2863251,20.0,1157499,1,2,0,4,3.0,-9.0,-9.0,15.0,4.0,999920,0.0,22811.0,2148.0
2863251,2863252,20.0,1157500,1,2,0,4,3.0,-9.0,-9.0,15.0,4.0,999920,0.0,22812.0,2149.0
2863252,2863253,24.0,1157501,1,2,0,4,6.0,-9.0,-9.0,16.0,4.0,-9,0.0,22810.0,2148.0
2863253,2863254,24.0,1157502,1,2,0,4,6.0,-9.0,-9.0,16.0,4.0,-9,0.0,22810.0,2148.0
2863254,2863255,20.0,1157503,1,2,0,4,3.0,-9.0,-9.0,15.0,4.0,999920,0.0,22812.0,2149.0
2863255,2863256,24.0,1157504,1,2,0,4,6.0,-9.0,-9.0,16.0,4.0,-9,0.0,22812.0,2149.0
2863256,2863257,20.0,1157505,1,2,0,4,3.0,-9.0,-9.0,15.0,4.0,999920,0.0,22810.0,2148.0
2863257,2863258,20.0,1157506,1,2,0,4,3.0,-9.0,-9.0,15.0,4.0,999920,0.0,22810.0,2148.0
2863258,2863259,20.0,1157507,1,2,0,4,3.0,-9.0,-9.0,15.0,4.0,999920,0.0,22810.0,2148.0
2863259,2863260,20.0,1157508,1,2,0,4,3.0,-9.0,-9.0,15.0,4.0,999920,0.0,22810.0,2148.0
2863260,2863261,24.0,1157509,1,2,0,4,6.0,-9.0,-9.0,16.0,4.0,-9,0.0,22810.0,2148.0
2863261,2863262,24.0,1157510,1,2,0,4,6.0,-9.0,-9.0,16.0,4.0,-9,0.0,22810.0,2148.0
2863262,2863263,24.0,1157511,1,2,0,4,6.0,-9.0,-9.0,16.0,4.0,-9,0.0,22812.0,2149.0
2863263,2863264,24.0,1157512,1,2,0,4,6.0,-9.0,-9.0,16.0,4.0,-9,0.0,22811.0,2148.0
2863264,2863265,24.0,1157513,1,2,0,4,6.0,-9.0,-9.0,16.0,4.0,-9,0.0,22810.0,2148.0
2863265,2863266,24.0,1157514,1,2,0,4,6.0,-9.0,-9.0,16.0,4.0,-9,0.0,22810.0,2148.0
2863266,2863267,24.0,1157515,1,2,0,4,6.0,-9.0,-9.0,16.0,4.0,-9,0.0,22812.0,2149.0
2863267,2863268,20.0,1157516,1,2,0,4,3.0,-9.0,-9.0,15.0,4.0,999920,0.0,22812.0,2149.0
2863268,2863269,24.0,1157517,1,2,0,4,6.0,-9.0,-9.0,16.0,4.0,-9,0.0,22811.0,2148.0
2863269,2863270,24.0,1157518,1,2,0,4,6.0,-9.0,-9.0,16.0,4.0,-9,0.0,22811.0,2148.0
2863270,2863271,20.0,1157519,1,2,0,4,3.0,-9.0,-9.0,15.0,4.0,999920,0.0,22812.0,2149.0
2863271,2863272,24.0,1157520,1,2,0,4,6.0,-9.0,-9.0,16.0,4.0,-9,0.0,22810.0,2148.0
2863272,2863273,20.0,1157521,1,2,0,4,3.0,-9.0,-9.0,15.0,4.0,999920,0.0,22812.0,2149.0
2863273,2863274,20.0,1157522,1,2,0,4,3.0,-9.0,-9.0,15.0,4.0,999920,0.0,22812.0,2149.0
2863274,2863275,20.0,1157523,1,2,0,4,3.0,-9.0,-9.0,15.0,4.0,999920,0.0,22810.0,2148.0
2863275,2863276,20.0,1157524,1,2,0,4,3.0,-9.0,-9.0,15.0,4.0,999920,0.0,22812.0,2149.0
2863276,2863277,20.0,1157525,1,2,0,4,3.0,-9.0,-9.0,15.0,4.0,999920,0.0,22810.0,2148.0
2863277,2863278,20.0,1157526,1,2,0,4,3.0,-9.0,-9.0,15.0,4.0,999920,0.0,22812.0,2149.0
2863278,2863279,20.0,1157527,1,2,0,4,3.0,-9.0,-9.0,15.0,4.0,999920,0.0,22811.0,2148.0
2863279,2863280,24.0,1157528,1,2,0,4,6.0,-9.0,-9.0,16.0,4.0,-9,0.0,22811.0,2148.0
2863280,2863281,24.0,1157529,1,2,0,4,6.0,-9.0,-9.0,16.0,4.0,-9,0.0,22811.0,2148.0
2863281,2863282,20.0,1157530,1,2,0,4,3.0,-9.0,-9.0,15.0,4.0,999920,0.0,22811.0,2148.0
2863282,2863283,24.0,1157531,1,2,0,4,6.0,-9.0,-9.0,16.0,4.0,-9,0.0,22811.0,2148.0
2863283,2863284,20.0,1157532,1,2,0,4,3.0,-9.0,-9.0,15.0,4.0,999920,0.0,22811.0,2148.0
2863284,2863285,23.0,1157533,1,2,0,4,6.0,-9.0,-9.0,16.0,4.0,-9,0.0,22812.0,2149.0
2863285,2863286,24.0,1157534,1,1,0,2,1.0,35.0,1.0,-9.0,4.0,722Z,16.0,22811.0,2148.0
2863286,2863287,20.0,1157535,1,1,0,2,1.0,50.0,1.0,-9.0,4.0,51111,8.0,22811.0,2148.0
2863287,2863288,20.0,1157536,1,1,0,2,1.0,50.0,1.0,-9.0,4.0,51111,8.0,22812.0,2149.0
2863288,2863289,20.0,1157537,1,1,0,2,1.0,50.0,1.0,-9.0,4.0,51111,8.0,22811.0,2148.0
2863289,2863290,20.0,1157538,1,1,0,2,1.0,50.0,1.0,-9.0,4.0,51111,8.0,22812.0,2149.0
2863290,2863291,20.0,1157539,1,1,0,2,1.0,50.0,1.0,-9.0,4.0,51111,8.0,22810.0,2148.0
2863291,2863292,20.0,1157540,1,1,0,2,1.0,50.0,1.0,-9.0,4.0,51111,8.0,22810.0,2148.0
2863292,2863293,20.0,1157541,1,1,0,2,1.0,50.0,1.0,-9.0,4.0,51111,8.0,22811.0,2148.0
2863293,2863294,20.0,1157542,1,1,0,2,1.0,50.0,1.0,-9.0,4.0,51111,8.0,22812.0,2149.0
2863294,2863295,20.0,1157543,1,1,0,2,1.0,50.0,1.0,-9.0,4.0,51111,8.0,22810.0,2148.0
2863295,2863296,23.0,1157544,1,1,0,1,1.0,40.0,1.0,-9.0,4.0,336M,3.0,22812.0,2149.0
2863296,2863297,26.0,1157544,2,1,12,1,1.0,40.0,1.0,15.0,4.0,722Z,16.0,22812.0,2149.0
2863297,2863298,23.0,1157544,3,1,12,1,1.0,40.0,1.0,16.0,4.0,325M,3.0,22812.0,2149.0
2863298,2863299,23.0,1157544,4,1,12,1,2.0,30.0,3.0,15.0,4.0,7211,16.0,22812.0,2149.0
2863299,2863300,23.0,1157545,1,1,0,1,1.0,40.0,1.0,-9.0,4.0,336M,3.0,22810.0,2148.0
2863300,2863301,26.0,1157545,2,1,12,1,1.0,40.0,1.0,15.0,4.0,722Z,16.0,22810.0,2148.0
2863301,2863302,23.0,1157545,3,1,12,1,1.0,40.0,1.0,16.0,4.0,325M,3.0,22810.0,2148.0
2863302,2863303,23.0,1157545,4,1,12,1,2.0,30.0,3.0,15.0,4.0,7211,16.0,22810.0,2148.0
2863303,2863304,23.0,1157546,1,1,0,1,1.0,40.0,1.0,-9.0,4.0,336M,3.0,22810.0,2148.0
2863304,2863305,26.0,1157546,2,1,12,1,1.0,40.0,1.0,15.0,4.0,722Z,16.0,22810.0,2148.0
2863305,2863306,23.0,1157546,3,1,12,1,1.0,40.0,1.0,16.0,4.0,325M,3.0,22810.0,2148.0
2863306,2863307,23.0,1157546,4,1,12,1,2.0,30.0,3.0,15.0,4.0,7211,16.0,22810.0,2148.0
2863307,2863308,23.0,1157547,1,1,0,1,1.0,40.0,1.0,-9.0,4.0,336M,3.0,22812.0,2149.0
2863308,2863309,26.0,1157547,2,1,12,1,1.0,40.0,1.0,15.0,4.0,722Z,16.0,22812.0,2149.0
2863309,2863310,23.0,1157547,3,1,12,1,1.0,40.0,1.0,16.0,4.0,325M,3.0,22812.0,2149.0
2863310,2863311,23.0,1157547,4,1,12,1,2.0,30.0,3.0,15.0,4.0,7211,16.0,22812.0,2149.0
2863311,2863312,23.0,1157548,1,1,0,1,1.0,40.0,1.0,-9.0,4.0,336M,3.0,22810.0,2148.0
2863312,2863313,26.0,1157548,2,1,12,1,1.0,40.0,1.0,15.0,4.0,722Z,16.0,22810.0,2148.0
2863313,2863314,23.0,1157548,3,1,12,1,1.0,40.0,1.0,16.0,4.0,325M,3.0,22810.0,2148.0
2863314,2863315,23.0,1157548,4,1,12,1,2.0,30.0,3.0,15.0,4.0,7211,16.0,22810.0,2148.0
2863315,2863316,23.0,1157549,1,1,0,1,1.0,40.0,1.0,-9.0,4.0,336M,3.0,22811.0,2148.0
2863316,2863317,26.0,1157549,2,1,12,1,1.0,40.0,1.0,15.0,4.0,722Z,16.0,22811.0,2148.0
2863317,2863318,23.0,1157549,3,1,12,1,1.0,40.0,1.0,16.0,4.0,325M,3.0,22811.0,2148.0
2863318,2863319,23.0,1157549,4,1,12,1,2.0,30.0,3.0,15.0,4.0,7211,16.0,22811.0,2148.0
2863319,2863320,23.0,1157550,1,1,0,1,1.0,40.0,1.0,-9.0,4.0,336M,3.0,22811.0,2148.0
2863320,2863321,26.0,1157550,2,1,12,1,1.0,40.0,1.0,15.0,4.0,722Z,16.0,22811.0,2148.0
2863321,2863322,23.0,1157550,3,1,12,1,1.0,40.0,1.0,16.0,4.0,325M,3.0,22811.0,2148.0
2863322,2863323,23.0,1157550,4,1,12,1,2.0,30.0,3.0,15.0,4.0,7211,16.0,22811.0,2148.0
2863323,2863324,23.0,1157551,1,1,0,1,1.0,40.0,1.0,-9.0,4.0,336M,3.0,22811.0,2148.0
2863324,2863325,26.0,1157551,2,1,12,1,1.0,40.0,1.0,15.0,4.0,722Z,16.0,22811.0,2148.0
2863325,2863326,23.0,1157551,3,1,12,1,1.0,40.0,1.0,16.0,4.0,325M,3.0,22811.0,2148.0
2863326,2863327,23.0,1157551,4,1,12,1,2.0,30.0,3.0,15.0,4.0,7211,16.0,22811.0,2148.0
2863327,2863328,23.0,1157552,1,1,0,1,1.0,40.0,1.0,-9.0,4.0,336M,3.0,22810.0,2148.0
2863328,2863329,26.0,1157552,2,1,12,1,1.0,40.0,1.0,15.0,4.0,722Z,16.0,22810.0,2148.0
2863329,2863330,23.0,1157552,3,1,12,1,1.0,40.0,1.0,16.0,4.0,325M,3.0,22810.0,2148.0
2863330,2863331,23.0,1157552,4,1,12,1,2.0,30.0,3.0,15.0,4.0,7211,16.0,22810.0,2148.0
2863331,2863332,23.0,1157553,1,1,0,1,1.0,40.0,1.0,-9.0,4.0,336M,3.0,22811.0,2148.0
2863332,2863333,26.0,1157553,2,1,12,1,1.0,40.0,1.0,15.0,4.0,722Z,16.0,22811.0,2148.0
2863333,2863334,23.0,1157553,3,1,12,1,1.0,40.0,1.0,16.0,4.0,325M,3.0,22811.0,2148.0
2863334,2863335,23.0,1157553,4,1,12,1,2.0,30.0,3.0,15.0,4.0,7211,16.0,22811.0,2148.0
2863335,2863336,23.0,1157554,1,1,0,1,1.0,40.0,1.0,-9.0,4.0,336M,3.0,22811.0,2148.0
2863336,2863337,26.0,1157554,2,1,12,1,1.0,40.0,1.0,15.0,4.0,722Z,16.0,22811.0,2148.0
2863337,2863338,23.0,1157554,3,1,12,1,1.0,40.0,1.0,16.0,4.0,325M,3.0,22811.0,2148.0
2863338,2863339,23.0,1157554,4,1,12,1,2.0,30.0,3.0,15.0,4.0,7211,16.0,22811.0,2148.0
2863339,2863340,23.0,1157555,1,1,0,1,1.0,40.0,1.0,-9.0,4.0,336M,3.0,22810.0,2148.0
2863340,2863341,26.0,1157555,2,1,12,1,1.0,40.0,1.0,15.0,4.0,722Z,16.0,22810.0,2148.0
2863341,2863342,23.0,1157555,3,1,12,1,1.0,40.0,1.0,16.0,4.0,325M,3.0,22810.0,2148.0
2863342,2863343,23.0,1157555,4,1,12,1,2.0,30.0,3.0,15.0,4.0,7211,16.0,22810.0,2148.0
2863343,2863344,23.0,1157556,1,1,0,1,1.0,40.0,1.0,-9.0,4.0,336M,3.0,22810.0,2148.0
2863344,2863345,26.0,1157556,2,1,12,1,1.0,40.0,1.0,15.0,4.0,722Z,16.0,22810.0,2148.0
2863345,2863346,23.0,1157556,3,1,12,1,1.0,40.0,1.0,16.0,4.0,325M,3.0,22810.0,2148.0
2863346,2863347,23.0,1157556,4,1,12,1,2.0,30.0,3.0,15.0,4.0,7211,16.0,22810.0,2148.0
2863347,2863348,23.0,1157557,1,1,0,1,1.0,40.0,1.0,-9.0,4.0,336M,3.0,22810.0,2148.0
2863348,2863349,26.0,1157557,2,1,12,1,1.0,40.0,1.0,15.0,4.0,722Z,16.0,22810.0,2148.0
2863349,2863350,23.0,1157557,3,1,12,1,1.0,40.0,1.0,16.0,4.0,325M,3.0,22810.0,2148.0
2863350,2863351,23.0,1157557,4,1,12,1,2.0,30.0,3.0,15.0,4.0,7211,16.0,22810.0,2148.0
2863351,2863352,23.0,1157558,1,1,0,1,1.0,40.0,1.0,-9.0,4.0,336M,3.0,22811.0,2148.0
2863352,2863353,26.0,1157558,2,1,12,1,1.0,40.0,1.0,15.0,4.0,722Z,16.0,22811.0,2148.0
2863353,2863354,23.0,1157558,3,1,12,1,1.0,40.0,1.0,16.0,4.0,325M,3.0,22811.0,2148.0
2863354,2863355,23.0,1157558,4,1,12,1,2.0,30.0,3.0,15.0,4.0,7211,16.0,22811.0,2148.0
2863355,2863356,23.0,1157559,1,1,0,1,1.0,40.0,1.0,-9.0,4.0,336M,3.0,22812.0,2149.0
2863356,2863357,26.0,1157559,2,1,12,1,1.0,40.0,1.0,15.0,4.0,722Z,16.0,22812.0,2149.0
2863357,2863358,23.0,1157559,3,1,12,1,1.0,40.0,1.0,16.0,4.0,325M,3.0,22812.0,2149.0
2863358,2863359,23.0,1157559,4,1,12,1,2.0,30.0,3.0,15.0,4.0,7211,16.0,22812.0,2149.0
2863359,2863360,23.0,1157560,1,1,0,1,1.0,40.0,1.0,-9.0,4.0,336M,3.0,22810.0,2148.0
2863360,2863361,26.0,1157560,2,1,12,1,1.0,40.0,1.0,15.0,4.0,722Z,16.0,22810.0,2148.0
2863361,2863362,23.0,1157560,3,1,12,1,1.0,40.0,1.0,16.0,4.0,325M,3.0,22810.0,2148.0
2863362,2863363,23.0,1157560,4,1,12,1,2.0,30.0,3.0,15.0,4.0,7211,16.0,22810.0,2148.0
2863363,2863364,23.0,1157561,1,1,0,1,1.0,40.0,1.0,-9.0,4.0,336M,3.0,22812.0,2149.0
2863364,2863365,26.0,1157561,2,1,12,1,1.0,40.0,1.0,15.0,4.0,722Z,16.0,22812.0,2149.0
2863365,2863366,23.0,1157561,3,1,12,1,1.0,40.0,1.0,16.0,4.0,325M,3.0,22812.0,2149.0
2863366,2863367,23.0,1157561,4,1,12,1,2.0,30.0,3.0,15.0,4.0,7211,16.0,22812.0,2149.0
2863367,2863368,23.0,1157562,1,1,0,1,1.0,40.0,1.0,-9.0,4.0,336M,3.0,22811.0,2148.0
2863368,2863369,26.0,1157562,2,1,12,1,1.0,40.0,1.0,15.0,4.0,722Z,16.0,22811.0,2148.0
2863369,2863370,23.0,1157562,3,1,12,1,1.0,40.0,1.0,16.0,4.0,325M,3.0,22811.0,2148.0
2863370,2863371,23.0,1157562,4,1,12,1,2.0,30.0,3.0,15.0,4.0,7211,16.0,22811.0,2148.0
2863371,2863372,23.0,1157563,1,1,0,1,1.0,40.0,1.0,-9.0,4.0,336M,3.0,22812.0,2149.0
2863372,2863373,26.0,1157563,2,1,12,1,1.0,40.0,1.0,15.0,4.0,722Z,16.0,22812.0,2149.0
2863373,2863374,23.0,1157563,3,1,12,1,1.0,40.0,1.0,16.0,4.0,325M,3.0,22812.0,2149.0
2863374,2863375,23.0,1157563,4,1,12,1,2.0,30.0,3.0,15.0,4.0,7211,16.0,22812.0,2149.0
2863375,2863376,23.0,1157564,1,1,0,1,1.0,40.0,1.0,-9.0,4.0,336M,3.0,22812.0,2149.0
2863376,2863377,26.0,1157564,2,1,12,1,1.0,40.0,1.0,15.0,4.0,722Z,16.0,22812.0,2149.0
2863377,2863378,23.0,1157564,3,1,12,1,1.0,40.0,1.0,16.0,4.0,325M,3.0,22812.0,2149.0
2863378,2863379,23.0,1157564,4,1,12,1,2.0,30.0,3.0,15.0,4.0,7211,16.0,22812.0,2149.0
2863379,2863380,23.0,1157565,1,1,0,1,1.0,40.0,1.0,-9.0,4.0,336M,3.0,22810.0,2148.0
2863380,2863381,26.0,1157565,2,1,12,1,1.0,40.0,1.0,15.0,4.0,722Z,16.0,22810.0,2148.0
2863381,2863382,23.0,1157565,3,1,12,1,1.0,40.0,1.0,16.0,4.0,325M,3.0,22810.0,2148.0
2863382,2863383,23.0,1157565,4,1,12,1,2.0,30.0,3.0,15.0,4.0,7211,16.0,22810.0,2148.0
2863383,2863384,23.0,1157566,1,1,0,1,1.0,40.0,1.0,-9.0,4.0,336M,3.0,22812.0,2149.0
2863384,2863385,26.0,1157566,2,1,12,1,1.0,40.0,1.0,15.0,4.0,722Z,16.0,22812.0,2149.0
2863385,2863386,23.0,1157566,3,1,12,1,1.0,40.0,1.0,16.0,4.0,325M,3.0,22812.0,2149.0
2863386,2863387,23.0,1157566,4,1,12,1,2.0,30.0,3.0,15.0,4.0,7211,16.0,22812.0,2149.0
2863387,2863388,23.0,1157567,1,1,0,1,1.0,40.0,1.0,-9.0,4.0,336M,3.0,22810.0,2148.0
2863388,2863389,26.0,1157567,2,1,12,1,1.0,40.0,1.0,15.0,4.0,722Z,16.0,22810.0,2148.0
2863389,2863390,23.0,1157567,3,1,12,1,1.0,40.0,1.0,16.0,4.0,325M,3.0,22810.0,2148.0
2863390,2863391,23.0,1157567,4,1,12,1,2.0,30.0,3.0,15.0,4.0,7211,16.0,22810.0,2148.0
2863391,2863392,23.0,1157568,1,1,0,1,1.0,40.0,1.0,-9.0,4.0,336M,3.0,22812.0,2149.0
2863392,2863393,26.0,1157568,2,1,12,1,1.0,40.0,1.0,15.0,4.0,722Z,16.0,22812.0,2149.0
2863393,2863394,23.0,1157568,3,1,12,1,1.0,40.0,1.0,16.0,4.0,325M,3.0,22812.0,2149.0
2863394,2863395,23.0,1157568,4,1,12,1,2.0,30.0,3.0,15.0,4.0,7211,16.0,22812.0,2149.0
2863395,2863396,23.0,1157569,1,1,0,1,1.0,40.0,1.0,-9.0,4.0,336M,3.0,22811.0,2148.0
2863396,2863397,26.0,1157569,2,1,12,1,1.0,40.0,1.0,15.0,4.0,722Z,16.0,22811.0,2148.0
2863397,2863398,23.0,1157569,3,1,12,1,1.0,40.0,1.0,16.0,4.0,325M,3.0,22811.0,2148.0
2863398,2863399,23.0,1157569,4,1,12,1,2.0,30.0,3.0,15.0,4.0,7211,16.0,22811.0,2148.0
2863399,2863400,23.0,1157570,1,1,0,1,1.0,40.0,1.0,-9.0,4.0,336M,3.0,22810.0,2148.0
2863400,2863401,26.0,1157570,2,1,12,1,1.0,40.0,1.0,15.0,4.0,722Z,16.0,22810.0,2148.0
2863401,2863402,23.0,1157570,3,1,12,1,1.0,40.0,1.0,16.0,4.0,325M,3.0,22810.0,2148.0
2863402,2863403,23.0,1157570,4,1,12,1,2.0,30.0,3.0,15.0,4.0,7211,16.0,22810.0,2148.0
2863403,2863404,23.0,1157571,1,1,0,1,1.0,40.0,1.0,-9.0,4.0,336M,3.0,22812.0,2149.0
2863404,2863405,26.0,1157571,2,1,12,1,1.0,40.0,1.0,15.0,4.0,722Z,16.0,22812.0,2149.0
2863405,2863406,23.0,1157571,3,1,12,1,1.0,40.0,1.0,16.0,4.0,325M,3.0,22812.0,2149.0
2863406,2863407,23.0,1157571,4,1,12,1,2.0,30.0,3.0,15.0,4.0,7211,16.0,22812.0,2149.0
2863407,2863408,23.0,1157572,1,1,0,1,1.0,40.0,1.0,-9.0,4.0,336M,3.0,22810.0,2148.0
2863408,2863409,26.0,1157572,2,1,12,1,1.0,40.0,1.0,15.0,4.0,722Z,16.0,22810.0,2148.0
2863409,2863410,23.0,1157572,3,1,12,1,1.0,40.0,1.0,16.0,4.0,325M,3.0,22810.0,2148.0
2863410,2863411,23.0,1157572,4,1,12,1,2.0,30.0,3.0,15.0,4.0,7211,16.0,22810.0,2148.0
2863411,2863412,23.0,1157573,1,1,0,1,1.0,40.0,1.0,-9.0,4.0,336M,3.0,22810.0,2148.0
2863412,2863413,26.0,1157573,2,1,12,1,1.0,40.0,1.0,15.0,4.0,722Z,16.0,22810.0,2148.0
2863413,2863414,23.0,1157573,3,1,12,1,1.0,40.0,1.0,16.0,4.0,325M,3.0,22810.0,2148.0
2863414,2863415,23.0,1157573,4,1,12,1,2.0,30.0,3.0,15.0,4.0,7211,16.0,22810.0,2148.0
2863415,2863416,23.0,1157574,1,1,0,1,1.0,40.0,1.0,-9.0,4.0,336M,3.0,22810.0,2148.0
2863416,2863417,26.0,1157574,2,1,12,1,1.0,40.0,1.0,15.0,4.0,722Z,16.0,22810.0,2148.0
2863417,2863418,23.0,1157574,3,1,12,1,1.0,40.0,1.0,16.0,4.0,325M,3.0,22810.0,2148.0
2863418,2863419,23.0,1157574,4,1,12,1,2.0,30.0,3.0,15.0,4.0,7211,16.0,22810.0,2148.0
2863419,2863420,23.0,1157575,1,1,0,1,1.0,40.0,1.0,-9.0,4.0,336M,3.0,22811.0,2148.0
2863420,2863421,26.0,1157575,2,1,12,1,1.0,40.0,1.0,15.0,4.0,722Z,16.0,22811.0,2148.0
2863421,2863422,23.0,1157575,3,1,12,1,1.0,40.0,1.0,16.0,4.0,325M,3.0,22811.0,2148.0
2863422,2863423,23.0,1157575,4,1,12,1,2.0,30.0,3.0,15.0,4.0,7211,16.0,22811.0,2148.0
2863423,2863424,23.0,1157576,1,1,0,1,1.0,40.0,1.0,-9.0,4.0,336M,3.0,22810.0,2148.0
2863424,2863425,26.0,1157576,2,1,12,1,1.0,40.0,1.0,15.0,4.0,722Z,16.0,22810.0,2148.0
2863425,2863426,23.0,1157576,3,1,12,1,1.0,40.0,1.0,16.0,4.0,325M,3.0,22810.0,2148.0
2863426,2863427,23.0,1157576,4,1,12,1,2.0,30.0,3.0,15.0,4.0,7211,16.0,22810.0,2148.0
2863427,2863428,23.0,1157577,1,1,0,1,1.0,40.0,1.0,-9.0,4.0,336M,3.0,22810.0,2148.0
2863428,2863429,26.0,1157577,2,1,12,1,1.0,40.0,1.0,15.0,4.0,722Z,16.0,22810.0,2148.0
2863429,2863430,23.0,1157577,3,1,12,1,1.0,40.0,1.0,16.0,4.0,325M,3.0,22810.0,2148.0
2863430,2863431,23.0,1157577,4,1,12,1,2.0,30.0,3.0,15.0,4.0,7211,16.0,22810.0,2148.0
2863431,2863432,23.0,1157578,1,1,0,1,1.0,40.0,1.0,-9.0,4.0,336M,3.0,22810.0,2148.0
2863432,2863433,26.0,1157578,2,1,12,1,1.0,40.0,1.0,15.0,4.0,722Z,16.0,22810.0,2148.0
2863433,2863434,23.0,1157578,3,1,12,1,1.0,40.0,1.0,16.0,4.0,325M,3.0,22810.0,2148.0
2863434,2863435,23.0,1157578,4,1,12,1,2.0,30.0,3.0,15.0,4.0,7211,16.0,22810.0,2148.0
2863435,2863436,23.0,1157579,1,1,0,1,1.0,40.0,1.0,-9.0,4.0,336M,3.0,22811.0,2148.0
2863436,2863437,26.0,1157579,2,1,12,1,1.0,40.0,1.0,15.0,4.0,722Z,16.0,22811.0,2148.0
2863437,2863438,23.0,1157579,3,1,12,1,1.0,40.0,1.0,16.0,4.0,325M,3.0,22811.0,2148.0
2863438,2863439,23.0,1157579,4,1,12,1,2.0,30.0,3.0,15.0,4.0,7211,16.0,22811.0,2148.0
2863439,2863440,23.0,1157580,1,1,0,1,1.0,40.0,1.0,-9.0,4.0,336M,3.0,22810.0,2148.0
2863440,2863441,26.0,1157580,2,1,12,1,1.0,40.0,1.0,15.0,4.0,722Z,16.0,22810.0,2148.0
2863441,2863442,23.0,1157580,3,1,12,1,1.0,40.0,1.0,16.0,4.0,325M,3.0,22810.0,2148.0
2863442,2863443,23.0,1157580,4,1,12,1,2.0,30.0,3.0,15.0,4.0,7211,16.0,22810.0,2148.0
2863443,2863444,23.0,1157581,1,1,0,1,1.0,40.0,1.0,-9.0,4.0,336M,3.0,22811.0,2148.0
2863444,2863445,26.0,1157581,2,1,12,1,1.0,40.0,1.0,15.0,4.0,722Z,16.0,22811.0,2148.0
2863445,2863446,23.0,1157581,3,1,12,1,1.0,40.0,1.0,16.0,4.0,325M,3.0,22811.0,2148.0
2863446,2863447,23.0,1157581,4,1,12,1,2.0,30.0,3.0,15.0,4.0,7211,16.0,22811.0,2148.0
2863447,2863448,23.0,1157582,1,1,0,1,1.0,40.0,1.0,-9.0,4.0,336M,3.0,22810.0,2148.0
2863448,2863449,26.0,1157582,2,1,12,1,1.0,40.0,1.0,15.0,4.0,722Z,16.0,22810.0,2148.0
2863449,2863450,23.0,1157582,3,1,12,1,1.0,40.0,1.0,16.0,4.0,325M,3.0,22810.0,2148.0
2863450,2863451,23.0,1157582,4,1,12,1,2.0,30.0,3.0,15.0,4.0,7211,16.0,22810.0,2148.0
2863451,2863452,23.0,1157583,1,1,0,1,1.0,40.0,1.0,-9.0,4.0,336M,3.0,22810.0,2148.0
2863452,2863453,26.0,1157583,2,1,12,1,1.0,40.0,1.0,15.0,4.0,722Z,16.0,22810.0,2148.0
2863453,2863454,23.0,1157583,3,1,12,1,1.0,40.0,1.0,16.0,4.0,325M,3.0,22810.0,2148.0
2863454,2863455,23.0,1157583,4,1,12,1,2.0,30.0,3.0,15.0,4.0,7211,16.0,22810.0,2148.0
2863455,2863456,23.0,1157584,1,1,0,1,1.0,40.0,1.0,-9.0,4.0,336M,3.0,22811.0,2148.0
2863456,2863457,26.0,1157584,2,1,12,1,1.0,40.0,1.0,15.0,4.0,722Z,16.0,22811.0,2148.0
2863457,2863458,23.0,1157584,3,1,12,1,1.0,40.0,1.0,16.0,4.0,325M,3.0,22811.0,2148.0
2863458,2863459,23.0,1157584,4,1,12,1,2.0,30.0,3.0,15.0,4.0,7211,16.0,22811.0,2148.0
2863459,2863460,23.0,1157585,1,1,0,1,1.0,40.0,1.0,-9.0,4.0,336M,3.0,22811.0,2148.0
2863460,2863461,26.0,1157585,2,1,12,1,1.0,40.0,1.0,15.0,4.0,722Z,16.0,22811.0,2148.0
2863461,2863462,23.0,1157585,3,1,12,1,1.0,40.0,1.0,16.0,4.0,325M,3.0,22811.0,2148.0
2863462,2863463,23.0,1157585,4,1,12,1,2.0,30.0,3.0,15.0,4.0,7211,16.0,22811.0,2148.0
2863463,2863464,24.0,1157586,1,2,0,1,1.0,50.0,1.0,-9.0,4.0,8131,17.0,22810.0,2148.0
2863464,2863465,25.0,1157586,2,1,12,1,1.0,40.0,1.0,-9.0,4.0,311M1,3.0,22810.0,2148.0
2863465,2863466,24.0,1157587,1,2,0,1,1.0,50.0,1.0,-9.0,4.0,8131,17.0,22810.0,2148.0
2863466,2863467,25.0,1157587,2,1,12,1,1.0,40.0,1.0,-9.0,4.0,311M1,3.0,22810.0,2148.0
2863467,2863468,24.0,1157588,1,2,0,1,1.0,50.0,1.0,-9.0,4.0,8131,17.0,22810.0,2148.0
2863468,2863469,25.0,1157588,2,1,12,1,1.0,40.0,1.0,-9.0,4.0,311M1,3.0,22810.0,2148.0
2863469,2863470,24.0,1157589,1,2,0,1,1.0,50.0,1.0,-9.0,4.0,8131,17.0,22812.0,2149.0
2863470,2863471,25.0,1157589,2,1,12,1,1.0,40.0,1.0,-9.0,4.0,311M1,3.0,22812.0,2149.0
2863471,2863472,24.0,1157590,1,2,0,1,1.0,50.0,1.0,-9.0,4.0,8131,17.0,22810.0,2148.0
2863472,2863473,25.0,1157590,2,1,12,1,1.0,40.0,1.0,-9.0,4.0,311M1,3.0,22810.0,2148.0
2863473,2863474,24.0,1157591,1,2,0,1,1.0,50.0,1.0,-9.0,4.0,8131,17.0,22811.0,2148.0
2863474,2863475,25.0,1157591,2,1,12,1,1.0,40.0,1.0,-9.0,4.0,311M1,3.0,22811.0,2148.0
2863475,2863476,24.0,1157592,1,2,0,1,1.0,50.0,1.0,-9.0,4.0,8131,17.0,22810.0,2148.0
2863476,2863477,25.0,1157592,2,1,12,1,1.0,40.0,1.0,-9.0,4.0,311M1,3.0,22810.0,2148.0
2863477,2863478,24.0,1157593,1,2,0,1,1.0,50.0,1.0,-9.0,4.0,8131,17.0,22810.0,2148.0
2863478,2863479,25.0,1157593,2,1,12,1,1.0,40.0,1.0,-9.0,4.0,311M1,3.0,22810.0,2148.0
2863479,2863480,24.0,1157594,1,2,0,1,1.0,50.0,1.0,-9.0,4.0,8131,17.0,22810.0,2148.0
2863480,2863481,25.0,1157594,2,1,12,1,1.0,40.0,1.0,-9.0,4.0,311M1,3.0,22810.0,2148.0
2863481,2863482,24.0,1157595,1,2,0,1,1.0,50.0,1.0,-9.0,4.0,8131,17.0,22810.0,2148.0
2863482,2863483,25.0,1157595,2,1,12,1,1.0,40.0,1.0,-9.0,4.0,311M1,3.0,22810.0,2148.0
2863483,2863484,24.0,1157596,1,2,0,1,1.0,50.0,1.0,-9.0,4.0,8131,17.0,22811.0,2148.0
2863484,2863485,25.0,1157596,2,1,12,1,1.0,40.0,1.0,-9.0,4.0,311M1,3.0,22811.0,2148.0
2863485,2863486,24.0,1157597,1,2,0,1,1.0,50.0,1.0,-9.0,4.0,8131,17.0,22810.0,2148.0
2863486,2863487,25.0,1157597,2,1,12,1,1.0,40.0,1.0,-9.0,4.0,311M1,3.0,22810.0,2148.0
2863487,2863488,24.0,1157598,1,2,0,1,1.0,50.0,1.0,-9.0,4.0,8131,17.0,22810.0,2148.0
2863488,2863489,25.0,1157598,2,1,12,1,1.0,40.0,1.0,-9.0,4.0,311M1,3.0,22810.0,2148.0
2863489,2863490,24.0,1157599,1,2,0,1,1.0,50.0,1.0,-9.0,4.0,8131,17.0,22810.0,2148.0
2863490,2863491,25.0,1157599,2,1,12,1,1.0,40.0,1.0,-9.0,4.0,311M1,3.0,22810.0,2148.0
2863491,2863492,24.0,1157600,1,2,0,1,1.0,50.0,1.0,-9.0,4.0,8131,17.0,22810.0,2148.0
2863492,2863493,25.0,1157600,2,1,12,1,1.0,40.0,1.0,-9.0,4.0,311M1,3.0,22810.0,2148.0
2863493,2863494,24.0,1157601,1,2,0,1,1.0,40.0,1.0,-9.0,4.0,92MP,18.0,22811.0,2148.0
2863494,2863495,25.0,1157601,2,1,1,1,6.0,-9.0,-9.0,16.0,3.0,92MP,18.0,22811.0,2148.0
2863495,2863496,24.0,1157602,1,1,0,1,1.0,50.0,1.0,16.0,4.0,611M1,13.0,22811.0,2148.0
2863496,2863497,25.0,1157602,2,1,12,4,1.0,50.0,1.0,16.0,4.0,611M1,13.0,22811.0,2148.0
2863497,2863498,24.0,1157603,1,1,0,1,1.0,50.0,1.0,16.0,4.0,611M1,13.0,22810.0,2148.0
2863498,2863499,25.0,1157603,2,1,12,4,1.0,50.0,1.0,16.0,4.0,611M1,13.0,22810.0,2148.0
2863499,2863500,24.0,1157604,1,1,0,1,1.0,50.0,1.0,16.0,4.0,611M1,13.0,22812.0,2149.0
2863500,2863501,25.0,1157604,2,1,12,4,1.0,50.0,1.0,16.0,4.0,611M1,13.0,22812.0,2149.0
2863501,2863502,24.0,1157605,1,1,0,1,1.0,50.0,1.0,16.0,4.0,611M1,13.0,22810.0,2148.0
2863502,2863503,25.0,1157605,2,1,12,4,1.0,50.0,1.0,16.0,4.0,611M1,13.0,22810.0,2148.0
2863503,2863504,24.0,1157606,1,1,0,1,1.0,50.0,1.0,16.0,4.0,611M1,13.0,22810.0,2148.0
2863504,2863505,25.0,1157606,2,1,12,4,1.0,50.0,1.0,16.0,4.0,611M1,13.0,22810.0,2148.0
2863505,2863506,24.0,1157607,1,1,0,1,1.0,50.0,1.0,16.0,4.0,611M1,13.0,22810.0,2148.0
2863506,2863507,25.0,1157607,2,1,12,4,1.0,50.0,1.0,16.0,4.0,611M1,13.0,22810.0,2148.0
2863507,2863508,24.0,1157608,1,1,0,1,1.0,50.0,1.0,16.0,4.0,611M1,13.0,22812.0,2149.0
2863508,2863509,25.0,1157608,2,1,12,4,1.0,50.0,1.0,16.0,4.0,611M1,13.0,22812.0,2149.0
2863509,2863510,24.0,1157609,1,1,0,1,1.0,50.0,1.0,16.0,4.0,611M1,13.0,22811.0,2148.0
2863510,2863511,25.0,1157609,2,1,12,4,1.0,50.0,1.0,16.0,4.0,611M1,13.0,22811.0,2148.0
2863511,2863512,24.0,1157610,1,1,0,1,1.0,50.0,1.0,16.0,4.0,611M1,13.0,22811.0,2148.0
2863512,2863513,25.0,1157610,2,1,12,4,1.0,50.0,1.0,16.0,4.0,611M1,13.0,22811.0,2148.0
2863513,2863514,24.0,1157611,1,1,0,1,1.0,50.0,1.0,16.0,4.0,611M1,13.0,22812.0,2149.0
2863514,2863515,25.0,1157611,2,1,12,4,1.0,50.0,1.0,16.0,4.0,611M1,13.0,22812.0,2149.0
2863515,2863516,24.0,1157612,1,1,0,1,1.0,50.0,1.0,16.0,4.0,611M1,13.0,22810.0,2148.0
2863516,2863517,25.0,1157612,2,1,12,4,1.0,50.0,1.0,16.0,4.0,611M1,13.0,22810.0,2148.0
2863517,2863518,24.0,1157613,1,1,0,1,1.0,50.0,1.0,16.0,4.0,611M1,13.0,22812.0,2149.0
2863518,2863519,25.0,1157613,2,1,12,4,1.0,50.0,1.0,16.0,4.0,611M1,13.0,22812.0,2149.0
2863519,2863520,24.0,1157614,1,1,0,1,1.0,50.0,1.0,16.0,4.0,611M1,13.0,22810.0,2148.0
2863520,2863521,25.0,1157614,2,1,12,4,1.0,50.0,1.0,16.0,4.0,611M1,13.0,22810.0,2148.0
2863521,2863522,24.0,1157615,1,1,0,1,1.0,50.0,1.0,16.0,4.0,611M1,13.0,22810.0,2148.0
2863522,2863523,25.0,1157615,2,1,12,4,1.0,50.0,1.0,16.0,4.0,611M1,13.0,22810.0,2148.0
2863523,2863524,24.0,1157616,1,1,0,1,1.0,50.0,1.0,16.0,4.0,611M1,13.0,22811.0,2148.0
2863524,2863525,25.0,1157616,2,1,12,4,1.0,50.0,1.0,16.0,4.0,611M1,13.0,22811.0,2148.0
2863525,2863526,24.0,1157617,1,1,0,1,1.0,50.0,1.0,16.0,4.0,611M1,13.0,22810.0,2148.0
2863526,2863527,25.0,1157617,2,1,12,4,1.0,50.0,1.0,16.0,4.0,611M1,13.0,22810.0,2148.0
2863527,2863528,24.0,1157618,1,1,0,1,1.0,50.0,1.0,16.0,4.0,611M1,13.0,22811.0,2148.0
2863528,2863529,25.0,1157618,2,1,12,4,1.0,50.0,1.0,16.0,4.0,611M1,13.0,22811.0,2148.0
2863529,2863530,24.0,1157619,1,1,0,1,1.0,50.0,1.0,16.0,4.0,611M1,13.0,22810.0,2148.0
2863530,2863531,25.0,1157619,2,1,12,4,1.0,50.0,1.0,16.0,4.0,611M1,13.0,22810.0,2148.0
2863531,2863532,24.0,1157620,1,1,0,1,1.0,50.0,1.0,16.0,4.0,611M1,13.0,22811.0,2148.0
2863532,2863533,25.0,1157620,2,1,12,4,1.0,50.0,1.0,16.0,4.0,611M1,13.0,22811.0,2148.0
2863533,2863534,24.0,1157621,1,1,0,1,1.0,50.0,1.0,16.0,4.0,611M1,13.0,22810.0,2148.0
2863534,2863535,25.0,1157621,2,1,12,4,1.0,50.0,1.0,16.0,4.0,611M1,13.0,22810.0,2148.0
2863535,2863536,24.0,1157622,1,1,0,1,1.0,50.0,1.0,16.0,4.0,611M1,13.0,22811.0,2148.0
2863536,2863537,25.0,1157622,2,1,12,4,1.0,50.0,1.0,16.0,4.0,611M1,13.0,22811.0,2148.0
2863537,2863538,24.0,1157623,1,1,0,1,1.0,50.0,1.0,16.0,4.0,611M1,13.0,22812.0,2149.0
2863538,2863539,25.0,1157623,2,1,12,4,1.0,50.0,1.0,16.0,4.0,611M1,13.0,22812.0,2149.0
2863539,2863540,24.0,1157624,1,1,0,1,1.0,50.0,1.0,16.0,4.0,611M1,13.0,22811.0,2148.0
2863540,2863541,25.0,1157624,2,1,12,4,1.0,50.0,1.0,16.0,4.0,611M1,13.0,22811.0,2148.0
2863541,2863542,24.0,1157625,1,1,0,1,1.0,50.0,1.0,16.0,4.0,611M1,13.0,22811.0,2148.0
2863542,2863543,25.0,1157625,2,1,12,4,1.0,50.0,1.0,16.0,4.0,611M1,13.0,22811.0,2148.0
2863543,2863544,24.0,1157626,1,1,0,1,1.0,50.0,1.0,16.0,4.0,611M1,13.0,22812.0,2149.0
2863544,2863545,25.0,1157626,2,1,12,4,1.0,50.0,1.0,16.0,4.0,611M1,13.0,22812.0,2149.0
2863545,2863546,24.0,1157627,1,1,0,1,1.0,50.0,1.0,16.0,4.0,611M1,13.0,22810.0,2148.0
2863546,2863547,25.0,1157627,2,1,12,4,1.0,50.0,1.0,16.0,4.0,611M1,13.0,22810.0,2148.0
2863547,2863548,24.0,1157628,1,1,0,1,1.0,50.0,1.0,16.0,4.0,611M1,13.0,22811.0,2148.0
2863548,2863549,25.0,1157628,2,1,12,4,1.0,50.0,1.0,16.0,4.0,611M1,13.0,22811.0,2148.0
2863549,2863550,24.0,1157629,1,1,0,1,1.0,50.0,1.0,16.0,4.0,611M1,13.0,22810.0,2148.0
2863550,2863551,25.0,1157629,2,1,12,4,1.0,50.0,1.0,16.0,4.0,611M1,13.0,22810.0,2148.0
2863551,2863552,24.0,1157630,1,1,0,1,1.0,50.0,1.0,16.0,4.0,611M1,13.0,22810.0,2148.0
2863552,2863553,25.0,1157630,2,1,12,4,1.0,50.0,1.0,16.0,4.0,611M1,13.0,22810.0,2148.0
2863553,2863554,24.0,1157631,1,1,0,1,1.0,50.0,1.0,16.0,4.0,611M1,13.0,22811.0,2148.0
2863554,2863555,25.0,1157631,2,1,12,4,1.0,50.0,1.0,16.0,4.0,611M1,13.0,22811.0,2148.0
2863555,2863556,24.0,1157632,1,1,0,1,1.0,50.0,1.0,16.0,4.0,611M1,13.0,22812.0,2149.0
2863556,2863557,25.0,1157632,2,1,12,4,1.0,50.0,1.0,16.0,4.0,611M1,13.0,22812.0,2149.0
2863557,2863558,24.0,1157633,1,1,0,1,1.0,50.0,1.0,16.0,4.0,611M1,13.0,22810.0,2148.0
2863558,2863559,25.0,1157633,2,1,12,4,1.0,50.0,1.0,16.0,4.0,611M1,13.0,22810.0,2148.0
2863559,2863560,24.0,1157634,1,1,0,1,1.0,50.0,1.0,16.0,4.0,611M1,13.0,22812.0,2149.0
2863560,2863561,25.0,1157634,2,1,12,4,1.0,50.0,1.0,16.0,4.0,611M1,13.0,22812.0,2149.0
2863561,2863562,24.0,1157635,1,1,0,1,1.0,50.0,1.0,16.0,4.0,611M1,13.0,22811.0,2148.0
2863562,2863563,25.0,1157635,2,1,12,4,1.0,50.0,1.0,16.0,4.0,611M1,13.0,22811.0,2148.0
2863563,2863564,24.0,1157636,1,1,0,1,1.0,50.0,1.0,16.0,4.0,611M1,13.0,22810.0,2148.0
2863564,2863565,25.0,1157636,2,1,12,4,1.0,50.0,1.0,16.0,4.0,611M1,13.0,22810.0,2148.0
2863565,2863566,24.0,1157637,1,1,0,1,1.0,50.0,1.0,16.0,4.0,611M1,13.0,22811.0,2148.0
2863566,2863567,25.0,1157637,2,1,12,4,1.0,50.0,1.0,16.0,4.0,611M1,13.0,22811.0,2148.0
2863567,2863568,24.0,1157638,1,1,0,1,1.0,50.0,1.0,16.0,4.0,611M1,13.0,22810.0,2148.0
2863568,2863569,25.0,1157638,2,1,12,4,1.0,50.0,1.0,16.0,4.0,611M1,13.0,22810.0,2148.0
2863569,2863570,24.0,1157639,1,1,0,1,1.0,50.0,1.0,16.0,4.0,611M1,13.0,22810.0,2148.0
2863570,2863571,25.0,1157639,2,1,12,4,1.0,50.0,1.0,16.0,4.0,611M1,13.0,22810.0,2148.0
2863571,2863572,24.0,1157640,1,1,0,1,1.0,50.0,1.0,16.0,4.0,611M1,13.0,22811.0,2148.0
2863572,2863573,25.0,1157640,2,1,12,4,1.0,50.0,1.0,16.0,4.0,611M1,13.0,22811.0,2148.0
2863573,2863574,24.0,1157641,1,1,0,1,1.0,50.0,1.0,16.0,4.0,611M1,13.0,22810.0,2148.0
2863574,2863575,25.0,1157641,2,1,12,4,1.0,50.0,1.0,16.0,4.0,611M1,13.0,22810.0,2148.0
2863575,2863576,24.0,1157642,1,1,0,1,1.0,50.0,1.0,16.0,4.0,611M1,13.0,22810.0,2148.0
2863576,2863577,25.0,1157642,2,1,12,4,1.0,50.0,1.0,16.0,4.0,611M1,13.0,22810.0,2148.0
2863577,2863578,24.0,1157643,1,1,0,1,1.0,50.0,1.0,16.0,4.0,611M1,13.0,22810.0,2148.0
2863578,2863579,25.0,1157643,2,1,12,4,1.0,50.0,1.0,16.0,4.0,611M1,13.0,22810.0,2148.0
2863579,2863580,24.0,1157644,1,1,0,1,1.0,50.0,1.0,16.0,4.0,611M1,13.0,22810.0,2148.0
2863580,2863581,25.0,1157644,2,1,12,4,1.0,50.0,1.0,16.0,4.0,611M1,13.0,22810.0,2148.0
2863581,2863582,24.0,1157645,1,1,0,1,1.0,50.0,1.0,16.0,4.0,611M1,13.0,22811.0,2148.0
2863582,2863583,25.0,1157645,2,1,12,4,1.0,50.0,1.0,16.0,4.0,611M1,13.0,22811.0,2148.0
2863583,2863584,24.0,1157646,1,1,0,1,1.0,50.0,1.0,16.0,4.0,611M1,13.0,22812.0,2149.0
2863584,2863585,25.0,1157646,2,1,12,4,1.0,50.0,1.0,16.0,4.0,611M1,13.0,22812.0,2149.0
2863585,2863586,24.0,1157647,1,1,0,1,1.0,50.0,1.0,16.0,4.0,611M1,13.0,22811.0,2148.0
2863586,2863587,25.0,1157647,2,1,12,4,1.0,50.0,1.0,16.0,4.0,611M1,13.0,22811.0,2148.0
2863587,2863588,24.0,1157648,1,1,0,1,1.0,50.0,1.0,16.0,4.0,611M1,13.0,22812.0,2149.0
2863588,2863589,25.0,1157648,2,1,12,4,1.0,50.0,1.0,16.0,4.0,611M1,13.0,22812.0,2149.0
2863589,2863590,24.0,1157649,1,1,0,1,1.0,50.0,1.0,16.0,4.0,611M1,13.0,22812.0,2149.0
2863590,2863591,25.0,1157649,2,1,12,4,1.0,50.0,1.0,16.0,4.0,611M1,13.0,22812.0,2149.0
2863591,2863592,24.0,1157650,1,1,0,1,1.0,50.0,1.0,16.0,4.0,611M1,13.0,22812.0,2149.0
2863592,2863593,25.0,1157650,2,1,12,4,1.0,50.0,1.0,16.0,4.0,611M1,13.0,22812.0,2149.0
2863593,2863594,24.0,1157651,1,1,0,1,1.0,50.0,1.0,16.0,4.0,611M1,13.0,22811.0,2148.0
2863594,2863595,25.0,1157651,2,1,12,4,1.0,50.0,1.0,16.0,4.0,611M1,13.0,22811.0,2148.0
2863595,2863596,24.0,1157652,1,1,0,1,1.0,50.0,1.0,16.0,4.0,611M1,13.0,22811.0,2148.0
2863596,2863597,25.0,1157652,2,1,12,4,1.0,50.0,1.0,16.0,4.0,611M1,13.0,22811.0,2148.0
2863597,2863598,24.0,1157653,1,1,0,1,1.0,50.0,1.0,16.0,4.0,611M1,13.0,22812.0,2149.0
2863598,2863599,25.0,1157653,2,1,12,4,1.0,50.0,1.0,16.0,4.0,611M1,13.0,22812.0,2149.0
2863599,2863600,24.0,1157654,1,1,0,1,1.0,50.0,1.0,16.0,4.0,611M1,13.0,22810.0,2148.0
2863600,2863601,25.0,1157654,2,1,12,4,1.0,50.0,1.0,16.0,4.0,611M1,13.0,22810.0,2148.0
2863601,2863602,24.0,1157655,1,1,0,1,1.0,50.0,1.0,16.0,4.0,611M1,13.0,22810.0,2148.0
2863602,2863603,25.0,1157655,2,1,12,4,1.0,50.0,1.0,16.0,4.0,611M1,13.0,22810.0,2148.0
2863603,2863604,23.0,1157656,1,2,0,1,1.0,35.0,1.0,15.0,4.0,2213M,7.0,22810.0,2148.0
2863604,2863605,26.0,1157656,2,1,13,1,1.0,40.0,1.0,15.0,4.0,4411,5.0,22810.0,2148.0
2863605,2863606,23.0,1157657,1,1,0,1,6.0,-9.0,-9.0,16.0,4.0,6111,13.0,22810.0,2148.0
2863606,2863607,26.0,1157657,2,1,12,4,6.0,-9.0,-9.0,16.0,4.0,611M1,13.0,22810.0,2148.0
2863607,2863608,23.0,1157658,1,1,0,1,6.0,-9.0,-9.0,16.0,4.0,6111,13.0,22810.0,2148.0
2863608,2863609,26.0,1157658,2,1,12,4,6.0,-9.0,-9.0,16.0,4.0,611M1,13.0,22810.0,2148.0
2863609,2863610,23.0,1157659,1,1,0,1,6.0,-9.0,-9.0,16.0,4.0,6111,13.0,22811.0,2148.0
2863610,2863611,26.0,1157659,2,1,12,4,6.0,-9.0,-9.0,16.0,4.0,611M1,13.0,22811.0,2148.0
2863611,2863612,23.0,1157660,1,1,0,1,6.0,-9.0,-9.0,16.0,4.0,6111,13.0,22811.0,2148.0
2863612,2863613,26.0,1157660,2,1,12,4,6.0,-9.0,-9.0,16.0,4.0,611M1,13.0,22811.0,2148.0
2863613,2863614,21.0,1157661,1,2,0,1,1.0,25.0,3.0,15.0,4.0,722Z,16.0,22812.0,2149.0
2863614,2863615,21.0,1157662,1,2,0,1,1.0,25.0,3.0,15.0,4.0,722Z,16.0,22812.0,2149.0
2863615,2863616,22.0,1157663,1,2,0,1,1.0,25.0,1.0,15.0,4.0,722Z,16.0,22811.0,2148.0
2863616,2863617,22.0,1157664,1,2,0,1,1.0,25.0,1.0,15.0,4.0,722Z,16.0,22811.0,2148.0
2863617,2863618,21.0,1157665,1,2,0,1,1.0,25.0,3.0,15.0,4.0,722Z,16.0,22811.0,2148.0
2863618,2863619,22.0,1157666,1,2,0,1,1.0,40.0,3.0,15.0,2.0,722Z,16.0,22810.0,2148.0
2863619,2863620,22.0,1157667,1,2,0,1,1.0,40.0,3.0,15.0,2.0,722Z,16.0,22811.0,2148.0
2863620,2863621,23.0,1157668,1,2,0,1,1.0,35.0,1.0,16.0,4.0,611M1,13.0,22811.0,2148.0
2863621,2863622,21.0,1157669,1,2,0,1,1.0,6.0,1.0,15.0,4.0,611M3,13.0,22810.0,2148.0
2863622,2863623,21.0,1157670,1,2,0,1,1.0,20.0,1.0,15.0,4.0,611M1,13.0,22810.0,2148.0
2863623,2863624,21.0,1157671,1,2,0,1,1.0,20.0,1.0,15.0,4.0,611M1,13.0,22810.0,2148.0
2863624,2863625,21.0,1157672,1,2,0,1,1.0,6.0,1.0,15.0,4.0,611M3,13.0,22811.0,2148.0
2863625,2863626,22.0,1157673,1,2,0,1,1.0,6.0,4.0,16.0,4.0,611M1,13.0,22811.0,2148.0
2863626,2863627,22.0,1157674,1,2,0,1,1.0,6.0,4.0,16.0,4.0,611M1,13.0,22812.0,2149.0
2863627,2863628,23.0,1157675,1,2,0,1,1.0,35.0,1.0,16.0,4.0,611M1,13.0,22811.0,2148.0
2863628,2863629,23.0,1157676,1,2,0,1,1.0,35.0,1.0,16.0,4.0,611M1,13.0,22812.0,2149.0
2863629,2863630,21.0,1157677,1,2,0,1,1.0,6.0,1.0,15.0,4.0,611M3,13.0,22811.0,2148.0
2863630,2863631,21.0,1157678,1,2,0,1,1.0,6.0,1.0,15.0,4.0,611M3,13.0,22812.0,2149.0
2863631,2863632,22.0,1157679,1,2,0,1,1.0,15.0,2.0,16.0,4.0,611M1,13.0,22811.0,2148.0
2863632,2863633,23.0,1157680,1,2,0,1,1.0,40.0,5.0,-9.0,4.0,611M1,13.0,22810.0,2148.0
2863633,2863634,23.0,1157681,1,2,0,1,1.0,40.0,5.0,-9.0,4.0,611M1,13.0,22811.0,2148.0
2863634,2863635,23.0,1157682,1,2,0,1,1.0,35.0,1.0,16.0,4.0,611M1,13.0,22812.0,2149.0
2863635,2863636,23.0,1157683,1,2,0,1,1.0,40.0,5.0,-9.0,4.0,611M1,13.0,22812.0,2149.0
2863636,2863637,21.0,1157684,1,2,0,1,1.0,6.0,1.0,15.0,4.0,611M3,13.0,22810.0,2148.0
2863637,2863638,24.0,1157685,1,2,0,1,1.0,9.0,6.0,16.0,4.0,611M1,13.0,22812.0,2149.0
2863638,2863639,24.0,1157686,1,2,0,1,1.0,9.0,6.0,16.0,4.0,611M1,13.0,22811.0,2148.0
2863639,2863640,23.0,1157687,1,2,0,1,1.0,35.0,1.0,16.0,4.0,611M1,13.0,22810.0,2148.0
2863640,2863641,22.0,1157688,1,2,0,1,1.0,15.0,2.0,16.0,4.0,611M1,13.0,22810.0,2148.0
2863641,2863642,23.0,1157689,1,2,0,1,1.0,35.0,1.0,16.0,4.0,611M1,13.0,22811.0,2148.0
2863642,2863643,21.0,1157690,1,2,0,1,1.0,20.0,1.0,15.0,4.0,611M1,13.0,22812.0,2149.0
2863643,2863644,21.0,1157691,1,2,0,1,1.0,10.0,3.0,15.0,4.0,611M1,13.0,22812.0,2149.0
2863644,2863645,21.0,1157692,1,2,0,1,1.0,6.0,1.0,15.0,4.0,611M3,13.0,22811.0,2148.0
2863645,2863646,21.0,1157693,1,2,0,1,1.0,6.0,1.0,15.0,4.0,611M3,13.0,22810.0,2148.0
2863646,2863647,22.0,1157694,1,2,0,1,1.0,15.0,2.0,16.0,4.0,611M1,13.0,22810.0,2148.0
2863647,2863648,24.0,1157695,1,2,0,1,1.0,9.0,6.0,16.0,4.0,611M1,13.0,22810.0,2148.0
2863648,2863649,21.0,1157696,1,2,0,1,1.0,6.0,1.0,15.0,4.0,611M3,13.0,22810.0,2148.0
2863649,2863650,24.0,1157697,1,2,0,1,1.0,9.0,6.0,16.0,4.0,611M1,13.0,22811.0,2148.0
2863650,2863651,22.0,1157698,1,2,0,1,1.0,15.0,2.0,16.0,4.0,611M1,13.0,22811.0,2148.0
2863651,2863652,23.0,1157699,1,2,0,1,1.0,40.0,5.0,-9.0,4.0,611M1,13.0,22812.0,2149.0
2863652,2863653,21.0,1157700,1,2,0,1,1.0,20.0,1.0,15.0,4.0,611M1,13.0,22810.0,2148.0
2863653,2863654,23.0,1157701,1,2,0,1,1.0,40.0,5.0,-9.0,4.0,611M1,13.0,22810.0,2148.0
2863654,2863655,21.0,1157702,1,2,0,1,1.0,20.0,1.0,15.0,4.0,611M1,13.0,22811.0,2148.0
2863655,2863656,22.0,1157703,1,2,0,1,1.0,15.0,2.0,16.0,4.0,611M1,13.0,22812.0,2149.0
2863656,2863657,23.0,1157704,1,2,0,1,1.0,35.0,1.0,16.0,4.0,611M1,13.0,22810.0,2148.0
2863657,2863658,23.0,1157705,1,2,0,1,1.0,35.0,1.0,16.0,4.0,611M1,13.0,22812.0,2149.0
2863658,2863659,23.0,1157706,1,2,0,1,1.0,40.0,5.0,-9.0,4.0,611M1,13.0,22810.0,2148.0
2863659,2863660,23.0,1157707,1,2,0,1,1.0,40.0,5.0,-9.0,4.0,611M1,13.0,22812.0,2149.0
2863660,2863661,22.0,1157708,1,2,0,1,1.0,6.0,4.0,16.0,4.0,611M1,13.0,22810.0,2148.0
2863661,2863662,22.0,1157709,1,2,0,1,1.0,15.0,2.0,16.0,4.0,611M1,13.0,22810.0,2148.0
2863662,2863663,23.0,1157710,1,2,0,1,1.0,35.0,1.0,16.0,4.0,611M1,13.0,22812.0,2149.0
2863663,2863664,23.0,1157711,1,2,0,1,1.0,40.0,5.0,-9.0,4.0,611M1,13.0,22812.0,2149.0
2863664,2863665,21.0,1157712,1,2,0,1,1.0,10.0,3.0,15.0,4.0,611M1,13.0,22811.0,2148.0
2863665,2863666,21.0,1157713,1,2,0,1,1.0,6.0,1.0,15.0,4.0,611M3,13.0,22810.0,2148.0
2863666,2863667,23.0,1157714,1,2,0,1,1.0,35.0,1.0,16.0,4.0,611M1,13.0,22810.0,2148.0
2863667,2863668,22.0,1157715,1,2,0,1,1.0,15.0,2.0,16.0,4.0,611M1,13.0,22810.0,2148.0
2863668,2863669,21.0,1157716,1,2,0,1,1.0,10.0,3.0,15.0,4.0,611M1,13.0,22811.0,2148.0
2863669,2863670,21.0,1157717,1,2,0,1,1.0,20.0,1.0,15.0,4.0,611M1,13.0,22811.0,2148.0
2863670,2863671,22.0,1157718,1,2,0,1,1.0,6.0,4.0,16.0,4.0,611M1,13.0,22810.0,2148.0
2863671,2863672,21.0,1157719,1,2,0,1,1.0,6.0,1.0,15.0,4.0,611M3,13.0,22812.0,2149.0
2863672,2863673,23.0,1157720,1,2,0,1,1.0,35.0,1.0,16.0,4.0,611M1,13.0,22810.0,2148.0
2863673,2863674,23.0,1157721,1,2,0,1,1.0,35.0,1.0,16.0,4.0,611M1,13.0,22812.0,2149.0
2863674,2863675,21.0,1157722,1,2,0,1,1.0,6.0,1.0,15.0,4.0,611M3,13.0,22811.0,2148.0
2863675,2863676,23.0,1157723,1,2,0,1,1.0,40.0,5.0,-9.0,4.0,611M1,13.0,22811.0,2148.0
2863676,2863677,24.0,1157724,1,2,0,1,1.0,9.0,6.0,16.0,4.0,611M1,13.0,22812.0,2149.0
2863677,2863678,22.0,1157725,1,2,0,1,1.0,15.0,2.0,16.0,4.0,611M1,13.0,22810.0,2148.0
2863678,2863679,23.0,1157726,1,2,0,1,1.0,40.0,5.0,-9.0,4.0,611M1,13.0,22810.0,2148.0
2863679,2863680,23.0,1157727,1,2,0,1,1.0,40.0,5.0,-9.0,4.0,611M1,13.0,22811.0,2148.0
2863680,2863681,21.0,1157728,1,2,0,1,1.0,6.0,1.0,15.0,4.0,611M3,13.0,22811.0,2148.0
2863681,2863682,23.0,1157729,1,2,0,1,1.0,35.0,1.0,16.0,4.0,611M1,13.0,22811.0,2148.0
2863682,2863683,24.0,1157730,1,2,0,1,1.0,9.0,6.0,16.0,4.0,611M1,13.0,22810.0,2148.0
2863683,2863684,23.0,1157731,1,2,0,1,1.0,35.0,1.0,16.0,4.0,611M1,13.0,22810.0,2148.0
2863684,2863685,21.0,1157732,1,2,0,1,1.0,20.0,1.0,15.0,4.0,611M1,13.0,22811.0,2148.0
2863685,2863686,21.0,1157733,1,2,0,1,1.0,20.0,1.0,15.0,4.0,611M1,13.0,22812.0,2149.0
2863686,2863687,22.0,1157734,1,2,0,1,1.0,15.0,2.0,16.0,4.0,611M1,13.0,22810.0,2148.0
2863687,2863688,21.0,1157735,1,2,0,1,1.0,20.0,1.0,15.0,4.0,611M1,13.0,22810.0,2148.0
2863688,2863689,21.0,1157736,1,2,0,1,1.0,10.0,3.0,15.0,4.0,611M1,13.0,22810.0,2148.0
2863689,2863690,23.0,1157737,1,2,0,1,1.0,40.0,5.0,-9.0,4.0,611M1,13.0,22811.0,2148.0
2863690,2863691,21.0,1157738,1,2,0,1,1.0,6.0,1.0,15.0,4.0,611M3,13.0,22810.0,2148.0
2863691,2863692,22.0,1157739,1,2,0,1,1.0,15.0,2.0,16.0,4.0,611M1,13.0,22810.0,2148.0
2863692,2863693,23.0,1157740,1,2,0,1,1.0,35.0,1.0,16.0,4.0,611M1,13.0,22811.0,2148.0
2863693,2863694,23.0,1157741,1,2,0,1,1.0,35.0,1.0,16.0,4.0,611M1,13.0,22810.0,2148.0
2863694,2863695,23.0,1157742,1,2,0,1,1.0,40.0,5.0,-9.0,4.0,611M1,13.0,22812.0,2149.0
2863695,2863696,23.0,1157743,1,2,0,1,1.0,40.0,5.0,-9.0,4.0,611M1,13.0,22810.0,2148.0
2863696,2863697,21.0,1157744,1,2,0,1,1.0,10.0,3.0,15.0,4.0,611M1,13.0,22810.0,2148.0
2863697,2863698,23.0,1157745,1,2,0,1,1.0,35.0,1.0,16.0,4.0,611M1,13.0,22811.0,2148.0
2863698,2863699,24.0,1157746,1,2,0,1,1.0,9.0,6.0,16.0,4.0,611M1,13.0,22812.0,2149.0
2863699,2863700,24.0,1157747,1,2,0,1,6.0,-9.0,-9.0,-9.0,4.0,5419Z,10.0,22810.0,2148.0
2863700,2863701,24.0,1157748,1,2,0,1,6.0,-9.0,-9.0,-9.0,4.0,5419Z,10.0,22810.0,2148.0
2863701,2863702,24.0,1157749,1,2,0,1,6.0,-9.0,-9.0,-9.0,4.0,5419Z,10.0,22810.0,2148.0
2863702,2863703,24.0,1157750,1,2,0,1,6.0,-9.0,-9.0,-9.0,4.0,5419Z,10.0,22811.0,2148.0
2863703,2863704,60.0,1157751,1,1,0,1,6.0,8.0,6.0,-9.0,2.0,23,2.0,22814.0,2150.0
2863704,2863705,62.0,1157751,2,2,1,1,6.0,-9.0,-9.0,-9.0,4.0,-9,0.0,22814.0,2150.0
2863705,2863706,21.0,1157751,3,1,2,1,1.0,50.0,1.0,-9.0,4.0,3272,3.0,22814.0,2150.0
2863706,2863707,47.0,1157752,1,2,0,1,6.0,-9.0,-9.0,-9.0,4.0,-9,0.0,22813.0,2150.0
2863707,2863708,52.0,1157752,2,1,1,1,6.0,-9.0,-9.0,-9.0,4.0,-9,0.0,22813.0,2150.0
2863708,2863709,23.0,1157752,3,1,2,1,6.0,-9.0,-9.0,-9.0,4.0,-9,0.0,22813.0,2150.0
2863709,2863710,47.0,1157753,1,2,0,1,6.0,-9.0,-9.0,-9.0,4.0,-9,0.0,22812.0,2149.0
2863710,2863711,52.0,1157753,2,1,1,1,6.0,-9.0,-9.0,-9.0,4.0,-9,0.0,22812.0,2149.0
2863711,2863712,23.0,1157753,3,1,2,1,6.0,-9.0,-9.0,-9.0,4.0,-9,0.0,22812.0,2149.0
2863712,2863713,47.0,1157754,1,2,0,1,6.0,-9.0,-9.0,-9.0,4.0,-9,0.0,22812.0,2149.0
2863713,2863714,52.0,1157754,2,1,1,1,6.0,-9.0,-9.0,-9.0,4.0,-9,0.0,22812.0,2149.0
2863714,2863715,23.0,1157754,3,1,2,1,6.0,-9.0,-9.0,-9.0,4.0,-9,0.0,22812.0,2149.0
2863715,2863716,47.0,1157755,1,2,0,1,6.0,-9.0,-9.0,-9.0,4.0,-9,0.0,22814.0,2150.0
2863716,2863717,52.0,1157755,2,1,1,1,6.0,-9.0,-9.0,-9.0,4.0,-9,0.0,22814.0,2150.0
2863717,2863718,23.0,1157755,3,1,2,1,6.0,-9.0,-9.0,-9.0,4.0,-9,0.0,22814.0,2150.0
2863718,2863719,47.0,1157756,1,2,0,1,6.0,-9.0,-9.0,-9.0,4.0,-9,0.0,22813.0,2150.0
2863719,2863720,52.0,1157756,2,1,1,1,6.0,-9.0,-9.0,-9.0,4.0,-9,0.0,22813.0,2150.0
2863720,2863721,23.0,1157756,3,1,2,1,6.0,-9.0,-9.0,-9.0,4.0,-9,0.0,22813.0,2150.0
2863721,2863722,47.0,1157757,1,2,0,1,6.0,-9.0,-9.0,-9.0,4.0,-9,0.0,22818.0,2150.0
2863722,2863723,52.0,1157757,2,1,1,1,6.0,-9.0,-9.0,-9.0,4.0,-9,0.0,22818.0,2150.0
2863723,2863724,23.0,1157757,3,1,2,1,6.0,-9.0,-9.0,-9.0,4.0,-9,0.0,22818.0,2150.0
2863724,2863725,47.0,1157758,1,2,0,1,6.0,-9.0,-9.0,-9.0,4.0,-9,0.0,22814.0,2150.0
2863725,2863726,52.0,1157758,2,1,1,1,6.0,-9.0,-9.0,-9.0,4.0,-9,0.0,22814.0,2150.0
2863726,2863727,23.0,1157758,3,1,2,1,6.0,-9.0,-9.0,-9.0,4.0,-9,0.0,22814.0,2150.0
2863727,2863728,47.0,1157759,1,2,0,1,6.0,-9.0,-9.0,-9.0,4.0,-9,0.0,22814.0,2150.0
2863728,2863729,52.0,1157759,2,1,1,1,6.0,-9.0,-9.0,-9.0,4.0,-9,0.0,22814.0,2150.0
2863729,2863730,23.0,1157759,3,1,2,1,6.0,-9.0,-9.0,-9.0,4.0,-9,0.0,22814.0,2150.0
2863730,2863731,47.0,1157760,1,2,0,1,6.0,-9.0,-9.0,-9.0,4.0,-9,0.0,22814.0,2150.0
2863731,2863732,52.0,1157760,2,1,1,1,6.0,-9.0,-9.0,-9.0,4.0,-9,0.0,22814.0,2150.0
2863732,2863733,23.0,1157760,3,1,2,1,6.0,-9.0,-9.0,-9.0,4.0,-9,0.0,22814.0,2150.0
2863733,2863734,47.0,1157761,1,2,0,1,6.0,-9.0,-9.0,-9.0,4.0,-9,0.0,22818.0,2150.0
2863734,2863735,52.0,1157761,2,1,1,1,6.0,-9.0,-9.0,-9.0,4.0,-9,0.0,22818.0,2150.0
2863735,2863736,23.0,1157761,3,1,2,1,6.0,-9.0,-9.0,-9.0,4.0,-9,0.0,22818.0,2150.0
2863736,2863737,47.0,1157762,1,2,0,1,6.0,-9.0,-9.0,-9.0,4.0,-9,0.0,22816.0,2150.0
2863737,2863738,52.0,1157762,2,1,1,1,6.0,-9.0,-9.0,-9.0,4.0,-9,0.0,22816.0,2150.0
2863738,2863739,23.0,1157762,3,1,2,1,6.0,-9.0,-9.0,-9.0,4.0,-9,0.0,22816.0,2150.0
2863739,2863740,47.0,1157763,1,2,0,1,6.0,-9.0,-9.0,-9.0,4.0,-9,0.0,22813.0,2150.0
2863740,2863741,52.0,1157763,2,1,1,1,6.0,-9.0,-9.0,-9.0,4.0,-9,0.0,22813.0,2150.0
2863741,2863742,23.0,1157763,3,1,2,1,6.0,-9.0,-9.0,-9.0,4.0,-9,0.0,22813.0,2150.0
2863742,2863743,47.0,1157764,1,2,0,1,6.0,-9.0,-9.0,-9.0,4.0,-9,0.0,22816.0,2150.0
2863743,2863744,52.0,1157764,2,1,1,1,6.0,-9.0,-9.0,-9.0,4.0,-9,0.0,22816.0,2150.0
2863744,2863745,23.0,1157764,3,1,2,1,6.0,-9.0,-9.0,-9.0,4.0,-9,0.0,22816.0,2150.0
2863745,2863746,47.0,1157765,1,2,0,1,6.0,-9.0,-9.0,-9.0,4.0,-9,0.0,22813.0,2150.0
2863746,2863747,52.0,1157765,2,1,1,1,6.0,-9.0,-9.0,-9.0,4.0,-9,0.0,22813.0,2150.0
2863747,2863748,23.0,1157765,3,1,2,1,6.0,-9.0,-9.0,-9.0,4.0,-9,0.0,22813.0,2150.0
2863748,2863749,47.0,1157766,1,2,0,1,6.0,-9.0,-9.0,-9.0,4.0,-9,0.0,22812.0,2149.0
2863749,2863750,52.0,1157766,2,1,1,1,6.0,-9.0,-9.0,-9.0,4.0,-9,0.0,22812.0,2149.0
2863750,2863751,23.0,1157766,3,1,2,1,6.0,-9.0,-9.0,-9.0,4.0,-9,0.0,22812.0,2149.0
2863751,2863752,47.0,1157767,1,2,0,1,6.0,-9.0,-9.0,-9.0,4.0,-9,0.0,22813.0,2150.0
2863752,2863753,52.0,1157767,2,1,1,1,6.0,-9.0,-9.0,-9.0,4.0,-9,0.0,22813.0,2150.0
2863753,2863754,23.0,1157767,3,1,2,1,6.0,-9.0,-9.0,-9.0,4.0,-9,0.0,22813.0,2150.0
2863754,2863755,47.0,1157768,1,2,0,1,6.0,-9.0,-9.0,-9.0,4.0,-9,0.0,22818.0,2150.0
2863755,2863756,52.0,1157768,2,1,1,1,6.0,-9.0,-9.0,-9.0,4.0,-9,0.0,22818.0,2150.0
2863756,2863757,23.0,1157768,3,1,2,1,6.0,-9.0,-9.0,-9.0,4.0,-9,0.0,22818.0,2150.0
2863757,2863758,47.0,1157769,1,2,0,1,6.0,-9.0,-9.0,-9.0,4.0,-9,0.0,22814.0,2150.0
2863758,2863759,52.0,1157769,2,1,1,1,6.0,-9.0,-9.0,-9.0,4.0,-9,0.0,22814.0,2150.0
2863759,2863760,23.0,1157769,3,1,2,1,6.0,-9.0,-9.0,-9.0,4.0,-9,0.0,22814.0,2150.0
2863760,2863761,47.0,1157770,1,2,0,1,6.0,-9.0,-9.0,-9.0,4.0,-9,0.0,22813.0,2150.0
2863761,2863762,52.0,1157770,2,1,1,1,6.0,-9.0,-9.0,-9.0,4.0,-9,0.0,22813.0,2150.0
2863762,2863763,23.0,1157770,3,1,2,1,6.0,-9.0,-9.0,-9.0,4.0,-9,0.0,22813.0,2150.0
2863763,2863764,25.0,1157771,1,1,0,1,6.0,-9.0,-9.0,15.0,4.0,-9,0.0,22813.0,2150.0
2863764,2863765,22.0,1157771,2,1,10,1,6.0,-9.0,-9.0,15.0,4.0,-9,0.0,22813.0,2150.0
2863765,2863766,21.0,1157771,3,1,10,1,6.0,-9.0,-9.0,15.0,4.0,-9,0.0,22813.0,2150.0
2863766,2863767,25.0,1157772,1,1,0,1,6.0,-9.0,-9.0,15.0,4.0,-9,0.0,22816.0,2150.0
2863767,2863768,22.0,1157772,2,1,10,1,6.0,-9.0,-9.0,15.0,4.0,-9,0.0,22816.0,2150.0
2863768,2863769,21.0,1157772,3,1,10,1,6.0,-9.0,-9.0,15.0,4.0,-9,0.0,22816.0,2150.0
2863769,2863770,25.0,1157773,1,1,0,1,6.0,-9.0,-9.0,15.0,4.0,-9,0.0,22818.0,2150.0
2863770,2863771,22.0,1157773,2,1,10,1,6.0,-9.0,-9.0,15.0,4.0,-9,0.0,22818.0,2150.0
2863771,2863772,21.0,1157773,3,1,10,1,6.0,-9.0,-9.0,15.0,4.0,-9,0.0,22818.0,2150.0
2863772,2863773,25.0,1157774,1,1,0,1,6.0,-9.0,-9.0,15.0,4.0,-9,0.0,22813.0,2150.0
2863773,2863774,22.0,1157774,2,1,10,1,6.0,-9.0,-9.0,15.0,4.0,-9,0.0,22813.0,2150.0
2863774,2863775,21.0,1157774,3,1,10,1,6.0,-9.0,-9.0,15.0,4.0,-9,0.0,22813.0,2150.0
2863775,2863776,25.0,1157775,1,1,0,1,6.0,-9.0,-9.0,15.0,4.0,-9,0.0,22818.0,2150.0
2863776,2863777,22.0,1157775,2,1,10,1,6.0,-9.0,-9.0,15.0,4.0,-9,0.0,22818.0,2150.0
2863777,2863778,21.0,1157775,3,1,10,1,6.0,-9.0,-9.0,15.0,4.0,-9,0.0,22818.0,2150.0
2863778,2863779,25.0,1157776,1,1,0,1,6.0,-9.0,-9.0,15.0,4.0,-9,0.0,22813.0,2150.0
2863779,2863780,22.0,1157776,2,1,10,1,6.0,-9.0,-9.0,15.0,4.0,-9,0.0,22813.0,2150.0
2863780,2863781,21.0,1157776,3,1,10,1,6.0,-9.0,-9.0,15.0,4.0,-9,0.0,22813.0,2150.0
2863781,2863782,25.0,1157777,1,1,0,1,6.0,-9.0,-9.0,15.0,4.0,-9,0.0,22812.0,2149.0
2863782,2863783,22.0,1157777,2,1,10,1,6.0,-9.0,-9.0,15.0,4.0,-9,0.0,22812.0,2149.0
2863783,2863784,21.0,1157777,3,1,10,1,6.0,-9.0,-9.0,15.0,4.0,-9,0.0,22812.0,2149.0
2863784,2863785,25.0,1157778,1,1,0,1,6.0,-9.0,-9.0,15.0,4.0,-9,0.0,22816.0,2150.0
2863785,2863786,22.0,1157778,2,1,10,1,6.0,-9.0,-9.0,15.0,4.0,-9,0.0,22816.0,2150.0
2863786,2863787,21.0,1157778,3,1,10,1,6.0,-9.0,-9.0,15.0,4.0,-9,0.0,22816.0,2150.0
2863787,2863788,25.0,1157779,1,1,0,1,6.0,-9.0,-9.0,15.0,4.0,-9,0.0,22813.0,2150.0
2863788,2863789,22.0,1157779,2,1,10,1,6.0,-9.0,-9.0,15.0,4.0,-9,0.0,22813.0,2150.0
2863789,2863790,21.0,1157779,3,1,10,1,6.0,-9.0,-9.0,15.0,4.0,-9,0.0,22813.0,2150.0
2863790,2863791,25.0,1157780,1,1,0,1,6.0,-9.0,-9.0,15.0,4.0,-9,0.0,22814.0,2150.0
2863791,2863792,22.0,1157780,2,1,10,1,6.0,-9.0,-9.0,15.0,4.0,-9,0.0,22814.0,2150.0
2863792,2863793,21.0,1157780,3,1,10,1,6.0,-9.0,-9.0,15.0,4.0,-9,0.0,22814.0,2150.0
2863793,2863794,25.0,1157781,1,1,0,1,6.0,-9.0,-9.0,15.0,4.0,-9,0.0,22813.0,2150.0
2863794,2863795,22.0,1157781,2,1,10,1,6.0,-9.0,-9.0,15.0,4.0,-9,0.0,22813.0,2150.0
2863795,2863796,21.0,1157781,3,1,10,1,6.0,-9.0,-9.0,15.0,4.0,-9,0.0,22813.0,2150.0
2863796,2863797,25.0,1157782,1,1,0,1,6.0,-9.0,-9.0,15.0,4.0,-9,0.0,22813.0,2150.0
2863797,2863798,22.0,1157782,2,1,10,1,6.0,-9.0,-9.0,15.0,4.0,-9,0.0,22813.0,2150.0
2863798,2863799,21.0,1157782,3,1,10,1,6.0,-9.0,-9.0,15.0,4.0,-9,0.0,22813.0,2150.0
2863799,2863800,25.0,1157783,1,1,0,1,6.0,-9.0,-9.0,15.0,4.0,-9,0.0,22814.0,2150.0
2863800,2863801,22.0,1157783,2,1,10,1,6.0,-9.0,-9.0,15.0,4.0,-9,0.0,22814.0,2150.0
2863801,2863802,21.0,1157783,3,1,10,1,6.0,-9.0,-9.0,15.0,4.0,-9,0.0,22814.0,2150.0
2863802,2863803,25.0,1157784,1,1,0,1,6.0,-9.0,-9.0,15.0,4.0,-9,0.0,22814.0,2150.0
2863803,2863804,22.0,1157784,2,1,10,1,6.0,-9.0,-9.0,15.0,4.0,-9,0.0,22814.0,2150.0
2863804,2863805,21.0,1157784,3,1,10,1,6.0,-9.0,-9.0,15.0,4.0,-9,0.0,22814.0,2150.0
2863805,2863806,25.0,1157785,1,1,0,1,6.0,-9.0,-9.0,15.0,4.0,-9,0.0,22814.0,2150.0
2863806,2863807,22.0,1157785,2,1,10,1,6.0,-9.0,-9.0,15.0,4.0,-9,0.0,22814.0,2150.0
2863807,2863808,21.0,1157785,3,1,10,1,6.0,-9.0,-9.0,15.0,4.0,-9,0.0,22814.0,2150.0
2863808,2863809,25.0,1157786,1,1,0,1,6.0,-9.0,-9.0,15.0,4.0,-9,0.0,22812.0,2149.0
2863809,2863810,22.0,1157786,2,1,10,1,6.0,-9.0,-9.0,15.0,4.0,-9,0.0,22812.0,2149.0
2863810,2863811,21.0,1157786,3,1,10,1,6.0,-9.0,-9.0,15.0,4.0,-9,0.0,22812.0,2149.0
2863811,2863812,25.0,1157787,1,1,0,1,6.0,-9.0,-9.0,15.0,4.0,-9,0.0,22812.0,2149.0
2863812,2863813,22.0,1157787,2,1,10,1,6.0,-9.0,-9.0,15.0,4.0,-9,0.0,22812.0,2149.0
2863813,2863814,21.0,1157787,3,1,10,1,6.0,-9.0,-9.0,15.0,4.0,-9,0.0,22812.0,2149.0
2863814,2863815,25.0,1157788,1,1,0,1,6.0,-9.0,-9.0,15.0,4.0,-9,0.0,22813.0,2150.0
2863815,2863816,22.0,1157788,2,1,10,1,6.0,-9.0,-9.0,15.0,4.0,-9,0.0,22813.0,2150.0
2863816,2863817,21.0,1157788,3,1,10,1,6.0,-9.0,-9.0,15.0,4.0,-9,0.0,22813.0,2150.0
2863817,2863818,25.0,1157789,1,1,0,1,6.0,-9.0,-9.0,15.0,4.0,-9,0.0,22814.0,2150.0
2863818,2863819,22.0,1157789,2,1,10,1,6.0,-9.0,-9.0,15.0,4.0,-9,0.0,22814.0,2150.0
2863819,2863820,21.0,1157789,3,1,10,1,6.0,-9.0,-9.0,15.0,4.0,-9,0.0,22814.0,2150.0
2863820,2863821,25.0,1157790,1,1,0,1,6.0,-9.0,-9.0,15.0,4.0,-9,0.0,22818.0,2150.0
2863821,2863822,22.0,1157790,2,1,10,1,6.0,-9.0,-9.0,15.0,4.0,-9,0.0,22818.0,2150.0
2863822,2863823,21.0,1157790,3,1,10,1,6.0,-9.0,-9.0,15.0,4.0,-9,0.0,22818.0,2150.0
2863823,2863824,25.0,1157791,1,1,0,1,6.0,-9.0,-9.0,15.0,4.0,-9,0.0,22813.0,2150.0
2863824,2863825,22.0,1157791,2,1,10,1,6.0,-9.0,-9.0,15.0,4.0,-9,0.0,22813.0,2150.0
2863825,2863826,21.0,1157791,3,1,10,1,6.0,-9.0,-9.0,15.0,4.0,-9,0.0,22813.0,2150.0
2863826,2863827,25.0,1157792,1,1,0,1,6.0,-9.0,-9.0,15.0,4.0,-9,0.0,22812.0,2149.0
2863827,2863828,22.0,1157792,2,1,10,1,6.0,-9.0,-9.0,15.0,4.0,-9,0.0,22812.0,2149.0
2863828,2863829,21.0,1157792,3,1,10,1,6.0,-9.0,-9.0,15.0,4.0,-9,0.0,22812.0,2149.0
2863829,2863830,25.0,1157793,1,1,0,1,6.0,-9.0,-9.0,15.0,4.0,-9,0.0,22816.0,2150.0
2863830,2863831,22.0,1157793,2,1,10,1,6.0,-9.0,-9.0,15.0,4.0,-9,0.0,22816.0,2150.0
2863831,2863832,21.0,1157793,3,1,10,1,6.0,-9.0,-9.0,15.0,4.0,-9,0.0,22816.0,2150.0
2863832,2863833,25.0,1157794,1,1,0,1,6.0,-9.0,-9.0,15.0,4.0,-9,0.0,22812.0,2149.0
2863833,2863834,22.0,1157794,2,1,10,1,6.0,-9.0,-9.0,15.0,4.0,-9,0.0,22812.0,2149.0
2863834,2863835,21.0,1157794,3,1,10,1,6.0,-9.0,-9.0,15.0,4.0,-9,0.0,22812.0,2149.0
2863835,2863836,25.0,1157795,1,1,0,1,6.0,-9.0,-9.0,15.0,4.0,-9,0.0,22816.0,2150.0
2863836,2863837,22.0,1157795,2,1,10,1,6.0,-9.0,-9.0,15.0,4.0,-9,0.0,22816.0,2150.0
2863837,2863838,21.0,1157795,3,1,10,1,6.0,-9.0,-9.0,15.0,4.0,-9,0.0,22816.0,2150.0
2863838,2863839,25.0,1157796,1,1,0,1,6.0,-9.0,-9.0,15.0,4.0,-9,0.0,22812.0,2149.0
2863839,2863840,22.0,1157796,2,1,10,1,6.0,-9.0,-9.0,15.0,4.0,-9,0.0,22812.0,2149.0
2863840,2863841,21.0,1157796,3,1,10,1,6.0,-9.0,-9.0,15.0,4.0,-9,0.0,22812.0,2149.0
2863841,2863842,25.0,1157797,1,1,0,1,6.0,-9.0,-9.0,15.0,4.0,-9,0.0,22814.0,2150.0
2863842,2863843,22.0,1157797,2,1,10,1,6.0,-9.0,-9.0,15.0,4.0,-9,0.0,22814.0,2150.0
2863843,2863844,21.0,1157797,3,1,10,1,6.0,-9.0,-9.0,15.0,4.0,-9,0.0,22814.0,2150.0
2863844,2863845,25.0,1157798,1,1,0,1,6.0,-9.0,-9.0,15.0,4.0,-9,0.0,22812.0,2149.0
2863845,2863846,22.0,1157798,2,1,10,1,6.0,-9.0,-9.0,15.0,4.0,-9,0.0,22812.0,2149.0
2863846,2863847,21.0,1157798,3,1,10,1,6.0,-9.0,-9.0,15.0,4.0,-9,0.0,22812.0,2149.0
2863847,2863848,25.0,1157799,1,1,0,1,6.0,-9.0,-9.0,15.0,4.0,-9,0.0,22818.0,2150.0
2863848,2863849,22.0,1157799,2,1,10,1,6.0,-9.0,-9.0,15.0,4.0,-9,0.0,22818.0,2150.0
2863849,2863850,21.0,1157799,3,1,10,1,6.0,-9.0,-9.0,15.0,4.0,-9,0.0,22818.0,2150.0
2863850,2863851,25.0,1157800,1,1,0,1,6.0,-9.0,-9.0,15.0,4.0,-9,0.0,22814.0,2150.0
2863851,2863852,22.0,1157800,2,1,10,1,6.0,-9.0,-9.0,15.0,4.0,-9,0.0,22814.0,2150.0
2863852,2863853,21.0,1157800,3,1,10,1,6.0,-9.0,-9.0,15.0,4.0,-9,0.0,22814.0,2150.0
2863853,2863854,25.0,1157801,1,1,0,1,6.0,-9.0,-9.0,15.0,4.0,-9,0.0,22818.0,2150.0
2863854,2863855,22.0,1157801,2,1,10,1,6.0,-9.0,-9.0,15.0,4.0,-9,0.0,22818.0,2150.0
2863855,2863856,21.0,1157801,3,1,10,1,6.0,-9.0,-9.0,15.0,4.0,-9,0.0,22818.0,2150.0
2863856,2863857,25.0,1157802,1,1,0,1,6.0,-9.0,-9.0,15.0,4.0,-9,0.0,22812.0,2149.0
2863857,2863858,22.0,1157802,2,1,10,1,6.0,-9.0,-9.0,15.0,4.0,-9,0.0,22812.0,2149.0
2863858,2863859,21.0,1157802,3,1,10,1,6.0,-9.0,-9.0,15.0,4.0,-9,0.0,22812.0,2149.0
2863859,2863860,25.0,1157803,1,1,0,1,6.0,-9.0,-9.0,15.0,4.0,-9,0.0,22816.0,2150.0
2863860,2863861,22.0,1157803,2,1,10,1,6.0,-9.0,-9.0,15.0,4.0,-9,0.0,22816.0,2150.0
2863861,2863862,21.0,1157803,3,1,10,1,6.0,-9.0,-9.0,15.0,4.0,-9,0.0,22816.0,2150.0
2863862,2863863,25.0,1157804,1,1,0,1,6.0,-9.0,-9.0,15.0,4.0,-9,0.0,22813.0,2150.0
2863863,2863864,22.0,1157804,2,1,10,1,6.0,-9.0,-9.0,15.0,4.0,-9,0.0,22813.0,2150.0
2863864,2863865,21.0,1157804,3,1,10,1,6.0,-9.0,-9.0,15.0,4.0,-9,0.0,22813.0,2150.0
2863865,2863866,25.0,1157805,1,1,0,1,6.0,-9.0,-9.0,15.0,4.0,-9,0.0,22812.0,2149.0
2863866,2863867,22.0,1157805,2,1,10,1,6.0,-9.0,-9.0,15.0,4.0,-9,0.0,22812.0,2149.0
2863867,2863868,21.0,1157805,3,1,10,1,6.0,-9.0,-9.0,15.0,4.0,-9,0.0,22812.0,2149.0
2863868,2863869,25.0,1157806,1,1,0,1,6.0,-9.0,-9.0,15.0,4.0,-9,0.0,22816.0,2150.0
2863869,2863870,22.0,1157806,2,1,10,1,6.0,-9.0,-9.0,15.0,4.0,-9,0.0,22816.0,2150.0
2863870,2863871,21.0,1157806,3,1,10,1,6.0,-9.0,-9.0,15.0,4.0,-9,0.0,22816.0,2150.0
2863871,2863872,25.0,1157807,1,1,0,1,6.0,-9.0,-9.0,15.0,4.0,-9,0.0,22813.0,2150.0
2863872,2863873,22.0,1157807,2,1,10,1,6.0,-9.0,-9.0,15.0,4.0,-9,0.0,22813.0,2150.0
2863873,2863874,21.0,1157807,3,1,10,1,6.0,-9.0,-9.0,15.0,4.0,-9,0.0,22813.0,2150.0
2863874,2863875,25.0,1157808,1,1,0,1,6.0,-9.0,-9.0,15.0,4.0,-9,0.0,22812.0,2149.0
2863875,2863876,22.0,1157808,2,1,10,1,6.0,-9.0,-9.0,15.0,4.0,-9,0.0,22812.0,2149.0
2863876,2863877,21.0,1157808,3,1,10,1,6.0,-9.0,-9.0,15.0,4.0,-9,0.0,22812.0,2149.0
2863877,2863878,25.0,1157809,1,1,0,1,6.0,-9.0,-9.0,15.0,4.0,-9,0.0,22814.0,2150.0
2863878,2863879,22.0,1157809,2,1,10,1,6.0,-9.0,-9.0,15.0,4.0,-9,0.0,22814.0,2150.0
2863879,2863880,21.0,1157809,3,1,10,1,6.0,-9.0,-9.0,15.0,4.0,-9,0.0,22814.0,2150.0
2863880,2863881,25.0,1157810,1,1,0,1,6.0,-9.0,-9.0,15.0,4.0,-9,0.0,22818.0,2150.0
2863881,2863882,22.0,1157810,2,1,10,1,6.0,-9.0,-9.0,15.0,4.0,-9,0.0,22818.0,2150.0
2863882,2863883,21.0,1157810,3,1,10,1,6.0,-9.0,-9.0,15.0,4.0,-9,0.0,22818.0,2150.0
2863883,2863884,25.0,1157811,1,1,0,1,6.0,-9.0,-9.0,15.0,4.0,-9,0.0,22816.0,2150.0
2863884,2863885,22.0,1157811,2,1,10,1,6.0,-9.0,-9.0,15.0,4.0,-9,0.0,22816.0,2150.0
2863885,2863886,21.0,1157811,3,1,10,1,6.0,-9.0,-9.0,15.0,4.0,-9,0.0,22816.0,2150.0
2863886,2863887,25.0,1157812,1,1,0,1,6.0,-9.0,-9.0,15.0,4.0,-9,0.0,22814.0,2150.0
2863887,2863888,22.0,1157812,2,1,10,1,6.0,-9.0,-9.0,15.0,4.0,-9,0.0,22814.0,2150.0
2863888,2863889,21.0,1157812,3,1,10,1,6.0,-9.0,-9.0,15.0,4.0,-9,0.0,22814.0,2150.0
2863889,2863890,25.0,1157813,1,1,0,1,6.0,-9.0,-9.0,15.0,4.0,-9,0.0,22814.0,2150.0
2863890,2863891,22.0,1157813,2,1,10,1,6.0,-9.0,-9.0,15.0,4.0,-9,0.0,22814.0,2150.0
2863891,2863892,21.0,1157813,3,1,10,1,6.0,-9.0,-9.0,15.0,4.0,-9,0.0,22814.0,2150.0
2863892,2863893,25.0,1157814,1,1,0,1,6.0,-9.0,-9.0,15.0,4.0,-9,0.0,22813.0,2150.0
2863893,2863894,22.0,1157814,2,1,10,1,6.0,-9.0,-9.0,15.0,4.0,-9,0.0,22813.0,2150.0
2863894,2863895,21.0,1157814,3,1,10,1,6.0,-9.0,-9.0,15.0,4.0,-9,0.0,22813.0,2150.0
2863895,2863896,25.0,1157815,1,1,0,1,6.0,-9.0,-9.0,15.0,4.0,-9,0.0,22812.0,2149.0
2863896,2863897,22.0,1157815,2,1,10,1,6.0,-9.0,-9.0,15.0,4.0,-9,0.0,22812.0,2149.0
2863897,2863898,21.0,1157815,3,1,10,1,6.0,-9.0,-9.0,15.0,4.0,-9,0.0,22812.0,2149.0
2863898,2863899,25.0,1157816,1,1,0,1,6.0,-9.0,-9.0,15.0,4.0,-9,0.0,22812.0,2149.0
2863899,2863900,22.0,1157816,2,1,10,1,6.0,-9.0,-9.0,15.0,4.0,-9,0.0,22812.0,2149.0
2863900,2863901,21.0,1157816,3,1,10,1,6.0,-9.0,-9.0,15.0,4.0,-9,0.0,22812.0,2149.0
2863901,2863902,25.0,1157817,1,1,0,1,6.0,-9.0,-9.0,15.0,4.0,-9,0.0,22812.0,2149.0
2863902,2863903,22.0,1157817,2,1,10,1,6.0,-9.0,-9.0,15.0,4.0,-9,0.0,22812.0,2149.0
2863903,2863904,21.0,1157817,3,1,10,1,6.0,-9.0,-9.0,15.0,4.0,-9,0.0,22812.0,2149.0
2863904,2863905,25.0,1157818,1,1,0,1,6.0,-9.0,-9.0,15.0,4.0,-9,0.0,22814.0,2150.0
2863905,2863906,22.0,1157818,2,1,10,1,6.0,-9.0,-9.0,15.0,4.0,-9,0.0,22814.0,2150.0
2863906,2863907,21.0,1157818,3,1,10,1,6.0,-9.0,-9.0,15.0,4.0,-9,0.0,22814.0,2150.0
2863907,2863908,25.0,1157819,1,1,0,1,6.0,-9.0,-9.0,15.0,4.0,-9,0.0,22818.0,2150.0
2863908,2863909,22.0,1157819,2,1,10,1,6.0,-9.0,-9.0,15.0,4.0,-9,0.0,22818.0,2150.0
2863909,2863910,21.0,1157819,3,1,10,1,6.0,-9.0,-9.0,15.0,4.0,-9,0.0,22818.0,2150.0
2863910,2863911,25.0,1157820,1,1,0,1,6.0,-9.0,-9.0,15.0,4.0,-9,0.0,22813.0,2150.0
2863911,2863912,22.0,1157820,2,1,10,1,6.0,-9.0,-9.0,15.0,4.0,-9,0.0,22813.0,2150.0
2863912,2863913,21.0,1157820,3,1,10,1,6.0,-9.0,-9.0,15.0,4.0,-9,0.0,22813.0,2150.0
2863913,2863914,25.0,1157821,1,1,0,1,6.0,-9.0,-9.0,15.0,4.0,-9,0.0,22812.0,2149.0
2863914,2863915,22.0,1157821,2,1,10,1,6.0,-9.0,-9.0,15.0,4.0,-9,0.0,22812.0,2149.0
2863915,2863916,21.0,1157821,3,1,10,1,6.0,-9.0,-9.0,15.0,4.0,-9,0.0,22812.0,2149.0
2863916,2863917,25.0,1157822,1,1,0,1,6.0,-9.0,-9.0,15.0,4.0,-9,0.0,22813.0,2150.0
2863917,2863918,22.0,1157822,2,1,10,1,6.0,-9.0,-9.0,15.0,4.0,-9,0.0,22813.0,2150.0
2863918,2863919,21.0,1157822,3,1,10,1,6.0,-9.0,-9.0,15.0,4.0,-9,0.0,22813.0,2150.0
2863919,2863920,25.0,1157823,1,1,0,1,6.0,-9.0,-9.0,15.0,4.0,-9,0.0,22812.0,2149.0
2863920,2863921,22.0,1157823,2,1,10,1,6.0,-9.0,-9.0,15.0,4.0,-9,0.0,22812.0,2149.0
2863921,2863922,21.0,1157823,3,1,10,1,6.0,-9.0,-9.0,15.0,4.0,-9,0.0,22812.0,2149.0
2863922,2863923,25.0,1157824,1,1,0,1,6.0,-9.0,-9.0,15.0,4.0,-9,0.0,22812.0,2149.0
2863923,2863924,22.0,1157824,2,1,10,1,6.0,-9.0,-9.0,15.0,4.0,-9,0.0,22812.0,2149.0
2863924,2863925,21.0,1157824,3,1,10,1,6.0,-9.0,-9.0,15.0,4.0,-9,0.0,22812.0,2149.0
2863925,2863926,25.0,1157825,1,1,0,1,6.0,-9.0,-9.0,15.0,4.0,-9,0.0,22814.0,2150.0
2863926,2863927,22.0,1157825,2,1,10,1,6.0,-9.0,-9.0,15.0,4.0,-9,0.0,22814.0,2150.0
2863927,2863928,21.0,1157825,3,1,10,1,6.0,-9.0,-9.0,15.0,4.0,-9,0.0,22814.0,2150.0
2863928,2863929,25.0,1157826,1,1,0,1,6.0,-9.0,-9.0,15.0,4.0,-9,0.0,22814.0,2150.0
2863929,2863930,22.0,1157826,2,1,10,1,6.0,-9.0,-9.0,15.0,4.0,-9,0.0,22814.0,2150.0
2863930,2863931,21.0,1157826,3,1,10,1,6.0,-9.0,-9.0,15.0,4.0,-9,0.0,22814.0,2150.0
2863931,2863932,25.0,1157827,1,1,0,1,6.0,-9.0,-9.0,15.0,4.0,-9,0.0,22812.0,2149.0
2863932,2863933,22.0,1157827,2,1,10,1,6.0,-9.0,-9.0,15.0,4.0,-9,0.0,22812.0,2149.0
2863933,2863934,21.0,1157827,3,1,10,1,6.0,-9.0,-9.0,15.0,4.0,-9,0.0,22812.0,2149.0
2863934,2863935,25.0,1157828,1,1,0,1,6.0,-9.0,-9.0,15.0,4.0,-9,0.0,22818.0,2150.0
2863935,2863936,22.0,1157828,2,1,10,1,6.0,-9.0,-9.0,15.0,4.0,-9,0.0,22818.0,2150.0
2863936,2863937,21.0,1157828,3,1,10,1,6.0,-9.0,-9.0,15.0,4.0,-9,0.0,22818.0,2150.0
2863937,2863938,25.0,1157829,1,1,0,1,6.0,-9.0,-9.0,15.0,4.0,-9,0.0,22813.0,2150.0
2863938,2863939,22.0,1157829,2,1,10,1,6.0,-9.0,-9.0,15.0,4.0,-9,0.0,22813.0,2150.0
2863939,2863940,21.0,1157829,3,1,10,1,6.0,-9.0,-9.0,15.0,4.0,-9,0.0,22813.0,2150.0
2863940,2863941,25.0,1157830,1,1,0,1,6.0,-9.0,-9.0,15.0,4.0,-9,0.0,22813.0,2150.0
2863941,2863942,22.0,1157830,2,1,10,1,6.0,-9.0,-9.0,15.0,4.0,-9,0.0,22813.0,2150.0
2863942,2863943,21.0,1157830,3,1,10,1,6.0,-9.0,-9.0,15.0,4.0,-9,0.0,22813.0,2150.0
2863943,2863944,25.0,1157831,1,1,0,1,6.0,-9.0,-9.0,15.0,4.0,-9,0.0,22812.0,2149.0
2863944,2863945,22.0,1157831,2,1,10,1,6.0,-9.0,-9.0,15.0,4.0,-9,0.0,22812.0,2149.0
2863945,2863946,21.0,1157831,3,1,10,1,6.0,-9.0,-9.0,15.0,4.0,-9,0.0,22812.0,2149.0
2863946,2863947,25.0,1157832,1,1,0,1,6.0,-9.0,-9.0,15.0,4.0,-9,0.0,22818.0,2150.0
2863947,2863948,22.0,1157832,2,1,10,1,6.0,-9.0,-9.0,15.0,4.0,-9,0.0,22818.0,2150.0
2863948,2863949,21.0,1157832,3,1,10,1,6.0,-9.0,-9.0,15.0,4.0,-9,0.0,22818.0,2150.0
2863949,2863950,25.0,1157833,1,1,0,1,6.0,-9.0,-9.0,15.0,4.0,-9,0.0,22814.0,2150.0
2863950,2863951,22.0,1157833,2,1,10,1,6.0,-9.0,-9.0,15.0,4.0,-9,0.0,22814.0,2150.0
2863951,2863952,21.0,1157833,3,1,10,1,6.0,-9.0,-9.0,15.0,4.0,-9,0.0,22814.0,2150.0
2863952,2863953,25.0,1157834,1,1,0,1,6.0,-9.0,-9.0,15.0,4.0,-9,0.0,22812.0,2149.0
2863953,2863954,22.0,1157834,2,1,10,1,6.0,-9.0,-9.0,15.0,4.0,-9,0.0,22812.0,2149.0
2863954,2863955,21.0,1157834,3,1,10,1,6.0,-9.0,-9.0,15.0,4.0,-9,0.0,22812.0,2149.0
2863955,2863956,25.0,1157835,1,1,0,1,6.0,-9.0,-9.0,15.0,4.0,-9,0.0,22816.0,2150.0
2863956,2863957,22.0,1157835,2,1,10,1,6.0,-9.0,-9.0,15.0,4.0,-9,0.0,22816.0,2150.0
2863957,2863958,21.0,1157835,3,1,10,1,6.0,-9.0,-9.0,15.0,4.0,-9,0.0,22816.0,2150.0
2863958,2863959,25.0,1157836,1,1,0,1,6.0,-9.0,-9.0,15.0,4.0,-9,0.0,22812.0,2149.0
2863959,2863960,22.0,1157836,2,1,10,1,6.0,-9.0,-9.0,15.0,4.0,-9,0.0,22812.0,2149.0
2863960,2863961,21.0,1157836,3,1,10,1,6.0,-9.0,-9.0,15.0,4.0,-9,0.0,22812.0,2149.0
2863961,2863962,25.0,1157837,1,1,0,1,6.0,-9.0,-9.0,15.0,4.0,-9,0.0,22818.0,2150.0
2863962,2863963,22.0,1157837,2,1,10,1,6.0,-9.0,-9.0,15.0,4.0,-9,0.0,22818.0,2150.0
2863963,2863964,21.0,1157837,3,1,10,1,6.0,-9.0,-9.0,15.0,4.0,-9,0.0,22818.0,2150.0
2863964,2863965,25.0,1157838,1,1,0,1,6.0,-9.0,-9.0,15.0,4.0,-9,0.0,22816.0,2150.0
2863965,2863966,22.0,1157838,2,1,10,1,6.0,-9.0,-9.0,15.0,4.0,-9,0.0,22816.0,2150.0
2863966,2863967,21.0,1157838,3,1,10,1,6.0,-9.0,-9.0,15.0,4.0,-9,0.0,22816.0,2150.0
2863967,2863968,25.0,1157839,1,1,0,1,6.0,-9.0,-9.0,15.0,4.0,-9,0.0,22813.0,2150.0
2863968,2863969,22.0,1157839,2,1,10,1,6.0,-9.0,-9.0,15.0,4.0,-9,0.0,22813.0,2150.0
2863969,2863970,21.0,1157839,3,1,10,1,6.0,-9.0,-9.0,15.0,4.0,-9,0.0,22813.0,2150.0
2863970,2863971,25.0,1157840,1,1,0,1,6.0,-9.0,-9.0,15.0,4.0,-9,0.0,22813.0,2150.0
2863971,2863972,22.0,1157840,2,1,10,1,6.0,-9.0,-9.0,15.0,4.0,-9,0.0,22813.0,2150.0
2863972,2863973,21.0,1157840,3,1,10,1,6.0,-9.0,-9.0,15.0,4.0,-9,0.0,22813.0,2150.0
2863973,2863974,25.0,1157841,1,1,0,1,6.0,-9.0,-9.0,15.0,4.0,-9,0.0,22816.0,2150.0
2863974,2863975,22.0,1157841,2,1,10,1,6.0,-9.0,-9.0,15.0,4.0,-9,0.0,22816.0,2150.0
2863975,2863976,21.0,1157841,3,1,10,1,6.0,-9.0,-9.0,15.0,4.0,-9,0.0,22816.0,2150.0
2863976,2863977,25.0,1157842,1,1,0,1,6.0,-9.0,-9.0,15.0,4.0,-9,0.0,22818.0,2150.0
2863977,2863978,22.0,1157842,2,1,10,1,6.0,-9.0,-9.0,15.0,4.0,-9,0.0,22818.0,2150.0
2863978,2863979,21.0,1157842,3,1,10,1,6.0,-9.0,-9.0,15.0,4.0,-9,0.0,22818.0,2150.0
2863979,2863980,25.0,1157843,1,1,0,1,6.0,-9.0,-9.0,15.0,4.0,-9,0.0,22813.0,2150.0
2863980,2863981,22.0,1157843,2,1,10,1,6.0,-9.0,-9.0,15.0,4.0,-9,0.0,22813.0,2150.0
2863981,2863982,21.0,1157843,3,1,10,1,6.0,-9.0,-9.0,15.0,4.0,-9,0.0,22813.0,2150.0
2863982,2863983,25.0,1157844,1,1,0,1,6.0,-9.0,-9.0,15.0,4.0,-9,0.0,22816.0,2150.0
2863983,2863984,22.0,1157844,2,1,10,1,6.0,-9.0,-9.0,15.0,4.0,-9,0.0,22816.0,2150.0
2863984,2863985,21.0,1157844,3,1,10,1,6.0,-9.0,-9.0,15.0,4.0,-9,0.0,22816.0,2150.0
2863985,2863986,25.0,1157845,1,1,0,1,6.0,-9.0,-9.0,15.0,4.0,-9,0.0,22813.0,2150.0
2863986,2863987,22.0,1157845,2,1,10,1,6.0,-9.0,-9.0,15.0,4.0,-9,0.0,22813.0,2150.0
2863987,2863988,21.0,1157845,3,1,10,1,6.0,-9.0,-9.0,15.0,4.0,-9,0.0,22813.0,2150.0
2863988,2863989,25.0,1157846,1,1,0,1,6.0,-9.0,-9.0,15.0,4.0,-9,0.0,22816.0,2150.0
2863989,2863990,22.0,1157846,2,1,10,1,6.0,-9.0,-9.0,15.0,4.0,-9,0.0,22816.0,2150.0
2863990,2863991,21.0,1157846,3,1,10,1,6.0,-9.0,-9.0,15.0,4.0,-9,0.0,22816.0,2150.0
2863991,2863992,25.0,1157847,1,1,0,1,6.0,-9.0,-9.0,15.0,4.0,-9,0.0,22818.0,2150.0
2863992,2863993,22.0,1157847,2,1,10,1,6.0,-9.0,-9.0,15.0,4.0,-9,0.0,22818.0,2150.0
2863993,2863994,21.0,1157847,3,1,10,1,6.0,-9.0,-9.0,15.0,4.0,-9,0.0,22818.0,2150.0
2863994,2863995,25.0,1157848,1,1,0,1,6.0,-9.0,-9.0,15.0,4.0,-9,0.0,22813.0,2150.0
2863995,2863996,22.0,1157848,2,1,10,1,6.0,-9.0,-9.0,15.0,4.0,-9,0.0,22813.0,2150.0
2863996,2863997,21.0,1157848,3,1,10,1,6.0,-9.0,-9.0,15.0,4.0,-9,0.0,22813.0,2150.0
2863997,2863998,25.0,1157849,1,1,0,1,6.0,-9.0,-9.0,15.0,4.0,-9,0.0,22816.0,2150.0
2863998,2863999,22.0,1157849,2,1,10,1,6.0,-9.0,-9.0,15.0,4.0,-9,0.0,22816.0,2150.0
2863999,2864000,21.0,1157849,3,1,10,1,6.0,-9.0,-9.0,15.0,4.0,-9,0.0,22816.0,2150.0
2864000,2864001,25.0,1157850,1,1,0,1,6.0,-9.0,-9.0,15.0,4.0,-9,0.0,22816.0,2150.0
2864001,2864002,22.0,1157850,2,1,10,1,6.0,-9.0,-9.0,15.0,4.0,-9,0.0,22816.0,2150.0
2864002,2864003,21.0,1157850,3,1,10,1,6.0,-9.0,-9.0,15.0,4.0,-9,0.0,22816.0,2150.0
2864003,2864004,25.0,1157851,1,1,0,1,6.0,-9.0,-9.0,15.0,4.0,-9,0.0,22813.0,2150.0
2864004,2864005,22.0,1157851,2,1,10,1,6.0,-9.0,-9.0,15.0,4.0,-9,0.0,22813.0,2150.0
2864005,2864006,21.0,1157851,3,1,10,1,6.0,-9.0,-9.0,15.0,4.0,-9,0.0,22813.0,2150.0
2864006,2864007,25.0,1157852,1,1,0,1,6.0,-9.0,-9.0,15.0,4.0,-9,0.0,22812.0,2149.0
2864007,2864008,22.0,1157852,2,1,10,1,6.0,-9.0,-9.0,15.0,4.0,-9,0.0,22812.0,2149.0
2864008,2864009,21.0,1157852,3,1,10,1,6.0,-9.0,-9.0,15.0,4.0,-9,0.0,22812.0,2149.0
2864009,2864010,25.0,1157853,1,1,0,1,6.0,-9.0,-9.0,15.0,4.0,-9,0.0,22814.0,2150.0
2864010,2864011,22.0,1157853,2,1,10,1,6.0,-9.0,-9.0,15.0,4.0,-9,0.0,22814.0,2150.0
2864011,2864012,21.0,1157853,3,1,10,1,6.0,-9.0,-9.0,15.0,4.0,-9,0.0,22814.0,2150.0
2864012,2864013,25.0,1157854,1,1,0,1,6.0,-9.0,-9.0,15.0,4.0,-9,0.0,22816.0,2150.0
2864013,2864014,22.0,1157854,2,1,10,1,6.0,-9.0,-9.0,15.0,4.0,-9,0.0,22816.0,2150.0
2864014,2864015,21.0,1157854,3,1,10,1,6.0,-9.0,-9.0,15.0,4.0,-9,0.0,22816.0,2150.0
2864015,2864016,25.0,1157855,1,1,0,1,6.0,-9.0,-9.0,15.0,4.0,-9,0.0,22818.0,2150.0
2864016,2864017,22.0,1157855,2,1,10,1,6.0,-9.0,-9.0,15.0,4.0,-9,0.0,22818.0,2150.0
2864017,2864018,21.0,1157855,3,1,10,1,6.0,-9.0,-9.0,15.0,4.0,-9,0.0,22818.0,2150.0
2864018,2864019,26.0,1157856,1,2,0,1,1.0,40.0,1.0,-9.0,4.0,51912,8.0,22818.0,2150.0
2864019,2864020,24.0,1157856,2,1,12,1,1.0,20.0,2.0,15.0,4.0,713Z,16.0,22818.0,2150.0
2864020,2864021,26.0,1157857,1,2,0,1,1.0,40.0,1.0,-9.0,4.0,51912,8.0,22812.0,2149.0
2864021,2864022,24.0,1157857,2,1,12,1,1.0,20.0,2.0,15.0,4.0,713Z,16.0,22812.0,2149.0
2864022,2864023,26.0,1157858,1,2,0,1,1.0,40.0,1.0,-9.0,4.0,51912,8.0,22812.0,2149.0
2864023,2864024,24.0,1157858,2,1,12,1,1.0,20.0,2.0,15.0,4.0,713Z,16.0,22812.0,2149.0
2864024,2864025,26.0,1157859,1,2,0,1,1.0,40.0,1.0,-9.0,4.0,51912,8.0,22812.0,2149.0
2864025,2864026,24.0,1157859,2,1,12,1,1.0,20.0,2.0,15.0,4.0,713Z,16.0,22812.0,2149.0
2864026,2864027,26.0,1157860,1,2,0,1,1.0,40.0,1.0,-9.0,4.0,51912,8.0,22814.0,2150.0
2864027,2864028,24.0,1157860,2,1,12,1,1.0,20.0,2.0,15.0,4.0,713Z,16.0,22814.0,2150.0
2864028,2864029,26.0,1157861,1,2,0,1,1.0,40.0,1.0,-9.0,4.0,51912,8.0,22814.0,2150.0
2864029,2864030,24.0,1157861,2,1,12,1,1.0,20.0,2.0,15.0,4.0,713Z,16.0,22814.0,2150.0
2864030,2864031,26.0,1157862,1,2,0,1,1.0,40.0,1.0,-9.0,4.0,51912,8.0,22813.0,2150.0
2864031,2864032,24.0,1157862,2,1,12,1,1.0,20.0,2.0,15.0,4.0,713Z,16.0,22813.0,2150.0
2864032,2864033,26.0,1157863,1,2,0,1,1.0,40.0,1.0,-9.0,4.0,51912,8.0,22818.0,2150.0
2864033,2864034,24.0,1157863,2,1,12,1,1.0,20.0,2.0,15.0,4.0,713Z,16.0,22818.0,2150.0
2864034,2864035,26.0,1157864,1,2,0,1,1.0,40.0,1.0,-9.0,4.0,51912,8.0,22816.0,2150.0
2864035,2864036,24.0,1157864,2,1,12,1,1.0,20.0,2.0,15.0,4.0,713Z,16.0,22816.0,2150.0
2864036,2864037,26.0,1157865,1,2,0,1,1.0,40.0,1.0,-9.0,4.0,51912,8.0,22816.0,2150.0
2864037,2864038,24.0,1157865,2,1,12,1,1.0,20.0,2.0,15.0,4.0,713Z,16.0,22816.0,2150.0
2864038,2864039,26.0,1157866,1,2,0,1,1.0,40.0,1.0,-9.0,4.0,51912,8.0,22813.0,2150.0
2864039,2864040,24.0,1157866,2,1,12,1,1.0,20.0,2.0,15.0,4.0,713Z,16.0,22813.0,2150.0
2864040,2864041,26.0,1157867,1,2,0,1,1.0,40.0,1.0,-9.0,4.0,51912,8.0,22813.0,2150.0
2864041,2864042,24.0,1157867,2,1,12,1,1.0,20.0,2.0,15.0,4.0,713Z,16.0,22813.0,2150.0
2864042,2864043,26.0,1157868,1,2,0,1,1.0,40.0,1.0,-9.0,4.0,51912,8.0,22816.0,2150.0
2864043,2864044,24.0,1157868,2,1,12,1,1.0,20.0,2.0,15.0,4.0,713Z,16.0,22816.0,2150.0
2864044,2864045,26.0,1157869,1,2,0,1,1.0,40.0,1.0,-9.0,4.0,51912,8.0,22813.0,2150.0
2864045,2864046,24.0,1157869,2,1,12,1,1.0,20.0,2.0,15.0,4.0,713Z,16.0,22813.0,2150.0
2864046,2864047,26.0,1157870,1,2,0,1,1.0,40.0,1.0,-9.0,4.0,51912,8.0,22818.0,2150.0
2864047,2864048,24.0,1157870,2,1,12,1,1.0,20.0,2.0,15.0,4.0,713Z,16.0,22818.0,2150.0
2864048,2864049,26.0,1157871,1,2,0,1,1.0,40.0,1.0,-9.0,4.0,51912,8.0,22813.0,2150.0
2864049,2864050,24.0,1157871,2,1,12,1,1.0,20.0,2.0,15.0,4.0,713Z,16.0,22813.0,2150.0
2864050,2864051,26.0,1157872,1,2,0,1,1.0,40.0,1.0,-9.0,4.0,51912,8.0,22814.0,2150.0
2864051,2864052,24.0,1157872,2,1,12,1,1.0,20.0,2.0,15.0,4.0,713Z,16.0,22814.0,2150.0
2864052,2864053,26.0,1157873,1,2,0,1,1.0,40.0,1.0,-9.0,4.0,51912,8.0,22818.0,2150.0
2864053,2864054,24.0,1157873,2,1,12,1,1.0,20.0,2.0,15.0,4.0,713Z,16.0,22818.0,2150.0
2864054,2864055,26.0,1157874,1,2,0,1,1.0,40.0,1.0,-9.0,4.0,51912,8.0,22818.0,2150.0
2864055,2864056,24.0,1157874,2,1,12,1,1.0,20.0,2.0,15.0,4.0,713Z,16.0,22818.0,2150.0
2864056,2864057,26.0,1157875,1,2,0,1,1.0,40.0,1.0,-9.0,4.0,51912,8.0,22814.0,2150.0
2864057,2864058,24.0,1157875,2,1,12,1,1.0,20.0,2.0,15.0,4.0,713Z,16.0,22814.0,2150.0
2864058,2864059,26.0,1157876,1,2,0,1,1.0,40.0,1.0,-9.0,4.0,51912,8.0,22818.0,2150.0
2864059,2864060,24.0,1157876,2,1,12,1,1.0,20.0,2.0,15.0,4.0,713Z,16.0,22818.0,2150.0
2864060,2864061,26.0,1157877,1,2,0,1,1.0,40.0,1.0,-9.0,4.0,51912,8.0,22812.0,2149.0
2864061,2864062,24.0,1157877,2,1,12,1,1.0,20.0,2.0,15.0,4.0,713Z,16.0,22812.0,2149.0
2864062,2864063,26.0,1157878,1,2,0,1,1.0,40.0,1.0,-9.0,4.0,51912,8.0,22813.0,2150.0
2864063,2864064,24.0,1157878,2,1,12,1,1.0,20.0,2.0,15.0,4.0,713Z,16.0,22813.0,2150.0
2864064,2864065,26.0,1157879,1,2,0,1,1.0,40.0,1.0,-9.0,4.0,51912,8.0,22813.0,2150.0
2864065,2864066,24.0,1157879,2,1,12,1,1.0,20.0,2.0,15.0,4.0,713Z,16.0,22813.0,2150.0
2864066,2864067,26.0,1157880,1,2,0,1,1.0,40.0,1.0,-9.0,4.0,51912,8.0,22818.0,2150.0
2864067,2864068,24.0,1157880,2,1,12,1,1.0,20.0,2.0,15.0,4.0,713Z,16.0,22818.0,2150.0
2864068,2864069,26.0,1157881,1,2,0,1,1.0,40.0,1.0,-9.0,4.0,51912,8.0,22818.0,2150.0
2864069,2864070,24.0,1157881,2,1,12,1,1.0,20.0,2.0,15.0,4.0,713Z,16.0,22818.0,2150.0
2864070,2864071,26.0,1157882,1,2,0,1,1.0,40.0,1.0,-9.0,4.0,51912,8.0,22818.0,2150.0
2864071,2864072,24.0,1157882,2,1,12,1,1.0,20.0,2.0,15.0,4.0,713Z,16.0,22818.0,2150.0
2864072,2864073,26.0,1157883,1,2,0,1,1.0,40.0,1.0,-9.0,4.0,51912,8.0,22818.0,2150.0
2864073,2864074,24.0,1157883,2,1,12,1,1.0,20.0,2.0,15.0,4.0,713Z,16.0,22818.0,2150.0
2864074,2864075,26.0,1157884,1,2,0,1,1.0,40.0,1.0,-9.0,4.0,51912,8.0,22813.0,2150.0
2864075,2864076,24.0,1157884,2,1,12,1,1.0,20.0,2.0,15.0,4.0,713Z,16.0,22813.0,2150.0
2864076,2864077,26.0,1157885,1,2,0,1,1.0,40.0,1.0,-9.0,4.0,51912,8.0,22812.0,2149.0
2864077,2864078,24.0,1157885,2,1,12,1,1.0,20.0,2.0,15.0,4.0,713Z,16.0,22812.0,2149.0
2864078,2864079,27.0,1157886,1,2,0,1,6.0,-9.0,-9.0,16.0,4.0,622M,15.0,22814.0,2150.0
2864079,2864080,24.0,1157886,2,2,12,1,1.0,36.0,2.0,15.0,4.0,622M,15.0,22814.0,2150.0
2864080,2864081,27.0,1157887,1,2,0,1,6.0,-9.0,-9.0,16.0,4.0,622M,15.0,22813.0,2150.0
2864081,2864082,24.0,1157887,2,2,12,1,1.0,36.0,2.0,15.0,4.0,622M,15.0,22813.0,2150.0
2864082,2864083,27.0,1157888,1,2,0,1,6.0,-9.0,-9.0,16.0,4.0,622M,15.0,22818.0,2150.0
2864083,2864084,24.0,1157888,2,2,12,1,1.0,36.0,2.0,15.0,4.0,622M,15.0,22818.0,2150.0
2864084,2864085,27.0,1157889,1,2,0,1,6.0,-9.0,-9.0,16.0,4.0,622M,15.0,22814.0,2150.0
2864085,2864086,24.0,1157889,2,2,12,1,1.0,36.0,2.0,15.0,4.0,622M,15.0,22814.0,2150.0
2864086,2864087,27.0,1157890,1,2,0,1,6.0,-9.0,-9.0,16.0,4.0,622M,15.0,22818.0,2150.0
2864087,2864088,24.0,1157890,2,2,12,1,1.0,36.0,2.0,15.0,4.0,622M,15.0,22818.0,2150.0
2864088,2864089,27.0,1157891,1,2,0,1,6.0,-9.0,-9.0,16.0,4.0,622M,15.0,22813.0,2150.0
2864089,2864090,24.0,1157891,2,2,12,1,1.0,36.0,2.0,15.0,4.0,622M,15.0,22813.0,2150.0
2864090,2864091,27.0,1157892,1,2,0,1,6.0,-9.0,-9.0,16.0,4.0,622M,15.0,22816.0,2150.0
2864091,2864092,24.0,1157892,2,2,12,1,1.0,36.0,2.0,15.0,4.0,622M,15.0,22816.0,2150.0
2864092,2864093,27.0,1157893,1,2,0,1,6.0,-9.0,-9.0,16.0,4.0,622M,15.0,22812.0,2149.0
2864093,2864094,24.0,1157893,2,2,12,1,1.0,36.0,2.0,15.0,4.0,622M,15.0,22812.0,2149.0
2864094,2864095,27.0,1157894,1,2,0,1,6.0,-9.0,-9.0,16.0,4.0,622M,15.0,22813.0,2150.0
2864095,2864096,24.0,1157894,2,2,12,1,1.0,36.0,2.0,15.0,4.0,622M,15.0,22813.0,2150.0
2864096,2864097,27.0,1157895,1,2,0,1,6.0,-9.0,-9.0,16.0,4.0,622M,15.0,22816.0,2150.0
2864097,2864098,24.0,1157895,2,2,12,1,1.0,36.0,2.0,15.0,4.0,622M,15.0,22816.0,2150.0
2864098,2864099,27.0,1157896,1,2,0,1,6.0,-9.0,-9.0,16.0,4.0,622M,15.0,22812.0,2149.0
2864099,2864100,24.0,1157896,2,2,12,1,1.0,36.0,2.0,15.0,4.0,622M,15.0,22812.0,2149.0
2864100,2864101,27.0,1157897,1,2,0,1,6.0,-9.0,-9.0,16.0,4.0,622M,15.0,22813.0,2150.0
2864101,2864102,24.0,1157897,2,2,12,1,1.0,36.0,2.0,15.0,4.0,622M,15.0,22813.0,2150.0
2864102,2864103,27.0,1157898,1,2,0,1,6.0,-9.0,-9.0,16.0,4.0,622M,15.0,22813.0,2150.0
2864103,2864104,24.0,1157898,2,2,12,1,1.0,36.0,2.0,15.0,4.0,622M,15.0,22813.0,2150.0
2864104,2864105,27.0,1157899,1,2,0,1,6.0,-9.0,-9.0,16.0,4.0,622M,15.0,22813.0,2150.0
2864105,2864106,24.0,1157899,2,2,12,1,1.0,36.0,2.0,15.0,4.0,622M,15.0,22813.0,2150.0
2864106,2864107,27.0,1157900,1,2,0,1,6.0,-9.0,-9.0,16.0,4.0,622M,15.0,22813.0,2150.0
2864107,2864108,24.0,1157900,2,2,12,1,1.0,36.0,2.0,15.0,4.0,622M,15.0,22813.0,2150.0
2864108,2864109,27.0,1157901,1,2,0,1,6.0,-9.0,-9.0,16.0,4.0,622M,15.0,22818.0,2150.0
2864109,2864110,24.0,1157901,2,2,12,1,1.0,36.0,2.0,15.0,4.0,622M,15.0,22818.0,2150.0
2864110,2864111,27.0,1157902,1,2,0,1,6.0,-9.0,-9.0,16.0,4.0,622M,15.0,22812.0,2149.0
2864111,2864112,24.0,1157902,2,2,12,1,1.0,36.0,2.0,15.0,4.0,622M,15.0,22812.0,2149.0
2864112,2864113,27.0,1157903,1,2,0,1,6.0,-9.0,-9.0,16.0,4.0,622M,15.0,22816.0,2150.0
2864113,2864114,24.0,1157903,2,2,12,1,1.0,36.0,2.0,15.0,4.0,622M,15.0,22816.0,2150.0
2864114,2864115,27.0,1157904,1,2,0,1,6.0,-9.0,-9.0,16.0,4.0,622M,15.0,22814.0,2150.0
2864115,2864116,24.0,1157904,2,2,12,1,1.0,36.0,2.0,15.0,4.0,622M,15.0,22814.0,2150.0
2864116,2864117,27.0,1157905,1,2,0,1,6.0,-9.0,-9.0,16.0,4.0,622M,15.0,22814.0,2150.0
2864117,2864118,24.0,1157905,2,2,12,1,1.0,36.0,2.0,15.0,4.0,622M,15.0,22814.0,2150.0
2864118,2864119,27.0,1157906,1,2,0,1,6.0,-9.0,-9.0,16.0,4.0,622M,15.0,22812.0,2149.0
2864119,2864120,24.0,1157906,2,2,12,1,1.0,36.0,2.0,15.0,4.0,622M,15.0,22812.0,2149.0
2864120,2864121,27.0,1157907,1,2,0,1,6.0,-9.0,-9.0,16.0,4.0,622M,15.0,22816.0,2150.0
2864121,2864122,24.0,1157907,2,2,12,1,1.0,36.0,2.0,15.0,4.0,622M,15.0,22816.0,2150.0
2864122,2864123,27.0,1157908,1,2,0,1,6.0,-9.0,-9.0,16.0,4.0,622M,15.0,22816.0,2150.0
2864123,2864124,24.0,1157908,2,2,12,1,1.0,36.0,2.0,15.0,4.0,622M,15.0,22816.0,2150.0
2864124,2864125,27.0,1157909,1,2,0,1,6.0,-9.0,-9.0,16.0,4.0,622M,15.0,22816.0,2150.0
2864125,2864126,24.0,1157909,2,2,12,1,1.0,36.0,2.0,15.0,4.0,622M,15.0,22816.0,2150.0
2864126,2864127,27.0,1157910,1,2,0,1,6.0,-9.0,-9.0,16.0,4.0,622M,15.0,22814.0,2150.0
2864127,2864128,24.0,1157910,2,2,12,1,1.0,36.0,2.0,15.0,4.0,622M,15.0,22814.0,2150.0
2864128,2864129,27.0,1157911,1,2,0,1,6.0,-9.0,-9.0,16.0,4.0,622M,15.0,22813.0,2150.0
2864129,2864130,24.0,1157911,2,2,12,1,1.0,36.0,2.0,15.0,4.0,622M,15.0,22813.0,2150.0
2864130,2864131,27.0,1157912,1,2,0,1,6.0,-9.0,-9.0,16.0,4.0,622M,15.0,22813.0,2150.0
2864131,2864132,24.0,1157912,2,2,12,1,1.0,36.0,2.0,15.0,4.0,622M,15.0,22813.0,2150.0
2864132,2864133,27.0,1157913,1,2,0,1,6.0,-9.0,-9.0,16.0,4.0,622M,15.0,22816.0,2150.0
2864133,2864134,24.0,1157913,2,2,12,1,1.0,36.0,2.0,15.0,4.0,622M,15.0,22816.0,2150.0
2864134,2864135,27.0,1157914,1,2,0,1,6.0,-9.0,-9.0,16.0,4.0,622M,15.0,22812.0,2149.0
2864135,2864136,24.0,1157914,2,2,12,1,1.0,36.0,2.0,15.0,4.0,622M,15.0,22812.0,2149.0
2864136,2864137,27.0,1157915,1,2,0,1,6.0,-9.0,-9.0,16.0,4.0,622M,15.0,22813.0,2150.0
2864137,2864138,24.0,1157915,2,2,12,1,1.0,36.0,2.0,15.0,4.0,622M,15.0,22813.0,2150.0
2864138,2864139,27.0,1157916,1,2,0,1,6.0,-9.0,-9.0,16.0,4.0,622M,15.0,22813.0,2150.0
2864139,2864140,24.0,1157916,2,2,12,1,1.0,36.0,2.0,15.0,4.0,622M,15.0,22813.0,2150.0
2864140,2864141,27.0,1157917,1,2,0,1,6.0,-9.0,-9.0,16.0,4.0,622M,15.0,22812.0,2149.0
2864141,2864142,24.0,1157917,2,2,12,1,1.0,36.0,2.0,15.0,4.0,622M,15.0,22812.0,2149.0
2864142,2864143,24.0,1157918,1,2,0,4,2.0,6.0,3.0,16.0,4.0,44611,5.0,22813.0,2150.0
2864143,2864144,24.0,1157919,1,2,0,4,2.0,6.0,3.0,16.0,4.0,44611,5.0,22813.0,2150.0
2864144,2864145,24.0,1157920,1,2,0,4,2.0,6.0,3.0,16.0,4.0,44611,5.0,22818.0,2150.0
2864145,2864146,24.0,1157921,1,2,0,4,2.0,6.0,3.0,16.0,4.0,44611,5.0,22813.0,2150.0
2864146,2864147,24.0,1157922,1,2,0,4,2.0,6.0,3.0,16.0,4.0,44611,5.0,22812.0,2149.0
2864147,2864148,24.0,1157923,1,2,0,4,2.0,6.0,3.0,16.0,4.0,44611,5.0,22813.0,2150.0
2864148,2864149,24.0,1157924,1,2,0,4,2.0,6.0,3.0,16.0,4.0,44611,5.0,22813.0,2150.0
2864149,2864150,24.0,1157925,1,2,0,4,2.0,6.0,3.0,16.0,4.0,44611,5.0,22818.0,2150.0
2864150,2864151,24.0,1157926,1,2,0,4,2.0,6.0,3.0,16.0,4.0,44611,5.0,22814.0,2150.0
2864151,2864152,24.0,1157927,1,2,0,4,2.0,6.0,3.0,16.0,4.0,44611,5.0,22816.0,2150.0
2864152,2864153,24.0,1157928,1,2,0,4,2.0,6.0,3.0,16.0,4.0,44611,5.0,22812.0,2149.0
2864153,2864154,24.0,1157929,1,2,0,4,2.0,6.0,3.0,16.0,4.0,44611,5.0,22812.0,2149.0
2864154,2864155,24.0,1157930,1,2,0,4,2.0,6.0,3.0,16.0,4.0,44611,5.0,22814.0,2150.0
2864155,2864156,24.0,1157931,1,2,0,4,2.0,6.0,3.0,16.0,4.0,44611,5.0,22814.0,2150.0
2864156,2864157,24.0,1157932,1,2,0,4,2.0,6.0,3.0,16.0,4.0,44611,5.0,22813.0,2150.0
2864157,2864158,24.0,1157933,1,2,0,4,2.0,6.0,3.0,16.0,4.0,44611,5.0,22813.0,2150.0
2864158,2864159,23.0,1157934,1,1,0,4,2.0,5.0,5.0,16.0,4.0,611M1,13.0,22813.0,2150.0
2864159,2864160,20.0,1157935,1,1,0,4,6.0,-9.0,-9.0,15.0,4.0,-9,0.0,22814.0,2150.0
2864160,2864161,20.0,1157936,1,1,0,4,6.0,-9.0,-9.0,15.0,4.0,-9,0.0,22814.0,2150.0
2864161,2864162,20.0,1157937,1,1,0,4,6.0,-9.0,-9.0,15.0,4.0,-9,0.0,22814.0,2150.0
2864162,2864163,20.0,1157938,1,1,0,4,6.0,-9.0,-9.0,15.0,4.0,-9,0.0,22818.0,2150.0
2864163,2864164,20.0,1157939,1,1,0,4,6.0,-9.0,-9.0,15.0,4.0,-9,0.0,22813.0,2150.0
2864164,2864165,20.0,1157940,1,1,0,4,6.0,-9.0,-9.0,15.0,4.0,-9,0.0,22812.0,2149.0
2864165,2864166,24.0,1157941,1,2,0,1,1.0,50.0,1.0,-9.0,4.0,8131,17.0,22814.0,2150.0
2864166,2864167,25.0,1157941,2,1,12,1,1.0,40.0,1.0,-9.0,4.0,311M1,3.0,22814.0,2150.0
2864167,2864168,22.0,1157942,1,2,0,1,6.0,40.0,6.0,16.0,4.0,5411,10.0,22814.0,2150.0
2864168,2864169,22.0,1157943,1,2,0,1,6.0,40.0,6.0,16.0,4.0,5411,10.0,22813.0,2150.0
2864169,2864170,22.0,1157944,1,2,0,1,6.0,40.0,6.0,16.0,4.0,5411,10.0,22814.0,2150.0
2864170,2864171,22.0,1157945,1,2,0,1,6.0,40.0,6.0,16.0,4.0,5411,10.0,22816.0,2150.0
2864171,2864172,22.0,1157946,1,2,0,1,6.0,40.0,6.0,16.0,4.0,5411,10.0,22814.0,2150.0
2864172,2864173,22.0,1157947,1,2,0,1,6.0,40.0,6.0,16.0,4.0,5411,10.0,22816.0,2150.0
2864173,2864174,23.0,1157948,1,1,0,1,3.0,-9.0,-9.0,15.0,4.0,999920,0.0,22814.0,2150.0
2864174,2864175,23.0,1157949,1,1,0,1,3.0,-9.0,-9.0,15.0,4.0,999920,0.0,22812.0,2149.0
2864175,2864176,23.0,1157950,1,1,0,1,3.0,-9.0,-9.0,15.0,4.0,999920,0.0,22812.0,2149.0
2864176,2864177,23.0,1157951,1,1,0,1,3.0,-9.0,-9.0,15.0,4.0,999920,0.0,22814.0,2150.0
2864177,2864178,23.0,1157952,1,1,0,1,3.0,-9.0,-9.0,15.0,4.0,999920,0.0,22813.0,2150.0
2864178,2864179,23.0,1157953,1,1,0,1,3.0,-9.0,-9.0,15.0,4.0,999920,0.0,22813.0,2150.0
2864179,2864180,23.0,1157954,1,1,0,1,3.0,-9.0,-9.0,15.0,4.0,999920,0.0,22812.0,2149.0
2864180,2864181,23.0,1157955,1,1,0,1,3.0,-9.0,-9.0,15.0,4.0,999920,0.0,22813.0,2150.0
2864181,2864182,23.0,1157956,1,1,0,1,3.0,-9.0,-9.0,15.0,4.0,999920,0.0,22814.0,2150.0
2864182,2864183,23.0,1157957,1,1,0,1,3.0,-9.0,-9.0,15.0,4.0,999920,0.0,22813.0,2150.0
2864183,2864184,23.0,1157958,1,1,0,1,3.0,-9.0,-9.0,15.0,4.0,999920,0.0,22812.0,2149.0
2864184,2864185,23.0,1157959,1,1,0,1,3.0,-9.0,-9.0,15.0,4.0,999920,0.0,22812.0,2149.0
2864185,2864186,23.0,1157960,1,1,0,1,3.0,-9.0,-9.0,15.0,4.0,999920,0.0,22813.0,2150.0
2864186,2864187,23.0,1157961,1,1,0,1,3.0,-9.0,-9.0,15.0,4.0,999920,0.0,22813.0,2150.0
2864187,2864188,23.0,1157962,1,1,0,1,3.0,-9.0,-9.0,15.0,4.0,999920,0.0,22812.0,2149.0
2864188,2864189,23.0,1157963,1,1,0,1,3.0,-9.0,-9.0,15.0,4.0,999920,0.0,22813.0,2150.0
2864189,2864190,23.0,1157964,1,1,0,1,3.0,-9.0,-9.0,15.0,4.0,999920,0.0,22812.0,2149.0
2864190,2864191,23.0,1157965,1,1,0,1,3.0,-9.0,-9.0,15.0,4.0,999920,0.0,22814.0,2150.0
2864191,2864192,23.0,1157966,1,1,0,1,3.0,-9.0,-9.0,15.0,4.0,999920,0.0,22813.0,2150.0
2864192,2864193,23.0,1157967,1,1,0,1,3.0,-9.0,-9.0,15.0,4.0,999920,0.0,22814.0,2150.0
2864193,2864194,23.0,1157968,1,1,0,1,3.0,-9.0,-9.0,15.0,4.0,999920,0.0,22813.0,2150.0
2864194,2864195,23.0,1157969,1,1,0,1,3.0,-9.0,-9.0,15.0,4.0,999920,0.0,22814.0,2150.0
2864195,2864196,23.0,1157970,1,1,0,1,3.0,-9.0,-9.0,15.0,4.0,999920,0.0,22813.0,2150.0
2864196,2864197,23.0,1157971,1,1,0,1,3.0,-9.0,-9.0,15.0,4.0,999920,0.0,22813.0,2150.0
2864197,2864198,23.0,1157972,1,1,0,1,3.0,-9.0,-9.0,15.0,4.0,999920,0.0,22812.0,2149.0
2864198,2864199,23.0,1157973,1,1,0,1,3.0,-9.0,-9.0,15.0,4.0,999920,0.0,22813.0,2150.0
2864199,2864200,23.0,1157974,1,1,0,1,3.0,-9.0,-9.0,15.0,4.0,999920,0.0,22816.0,2150.0
2864200,2864201,23.0,1157975,1,1,0,1,3.0,-9.0,-9.0,15.0,4.0,999920,0.0,22816.0,2150.0
2864201,2864202,23.0,1157976,1,1,0,1,3.0,-9.0,-9.0,15.0,4.0,999920,0.0,22812.0,2149.0
2864202,2864203,23.0,1157977,1,1,0,1,3.0,-9.0,-9.0,15.0,4.0,999920,0.0,22812.0,2149.0
2864203,2864204,23.0,1157978,1,1,0,1,3.0,-9.0,-9.0,15.0,4.0,999920,0.0,22813.0,2150.0
2864204,2864205,23.0,1157979,1,1,0,1,3.0,-9.0,-9.0,15.0,4.0,999920,0.0,22812.0,2149.0
2864205,2864206,23.0,1157980,1,1,0,1,3.0,-9.0,-9.0,15.0,4.0,999920,0.0,22814.0,2150.0
2864206,2864207,24.0,1157981,1,2,0,1,1.0,40.0,1.0,-9.0,4.0,92MP,18.0,22818.0,2150.0
2864207,2864208,25.0,1157981,2,1,1,1,6.0,-9.0,-9.0,16.0,3.0,92MP,18.0,22818.0,2150.0
2864208,2864209,24.0,1157982,1,2,0,1,1.0,40.0,1.0,-9.0,4.0,92MP,18.0,22814.0,2150.0
2864209,2864210,25.0,1157982,2,1,1,1,6.0,-9.0,-9.0,16.0,3.0,92MP,18.0,22814.0,2150.0
2864210,2864211,24.0,1157983,1,2,0,1,1.0,40.0,1.0,-9.0,4.0,92MP,18.0,22813.0,2150.0
2864211,2864212,25.0,1157983,2,1,1,1,6.0,-9.0,-9.0,16.0,3.0,92MP,18.0,22813.0,2150.0
2864212,2864213,24.0,1157984,1,2,0,1,1.0,40.0,1.0,-9.0,4.0,92MP,18.0,22814.0,2150.0
2864213,2864214,25.0,1157984,2,1,1,1,6.0,-9.0,-9.0,16.0,3.0,92MP,18.0,22814.0,2150.0
2864214,2864215,24.0,1157985,1,2,0,1,1.0,40.0,1.0,-9.0,4.0,92MP,18.0,22812.0,2149.0
2864215,2864216,25.0,1157985,2,1,1,1,6.0,-9.0,-9.0,16.0,3.0,92MP,18.0,22812.0,2149.0
2864216,2864217,24.0,1157986,1,2,0,1,1.0,40.0,1.0,-9.0,4.0,92MP,18.0,22812.0,2149.0
2864217,2864218,25.0,1157986,2,1,1,1,6.0,-9.0,-9.0,16.0,3.0,92MP,18.0,22812.0,2149.0
2864218,2864219,24.0,1157987,1,2,0,1,1.0,40.0,1.0,-9.0,4.0,92MP,18.0,22814.0,2150.0
2864219,2864220,25.0,1157987,2,1,1,1,6.0,-9.0,-9.0,16.0,3.0,92MP,18.0,22814.0,2150.0
2864220,2864221,24.0,1157988,1,2,0,1,1.0,40.0,1.0,-9.0,4.0,92MP,18.0,22814.0,2150.0
2864221,2864222,25.0,1157988,2,1,1,1,6.0,-9.0,-9.0,16.0,3.0,92MP,18.0,22814.0,2150.0
2864222,2864223,24.0,1157989,1,1,0,1,1.0,50.0,1.0,16.0,4.0,611M1,13.0,22812.0,2149.0
2864223,2864224,25.0,1157989,2,1,12,4,1.0,50.0,1.0,16.0,4.0,611M1,13.0,22812.0,2149.0
2864224,2864225,24.0,1157990,1,1,0,1,1.0,50.0,1.0,16.0,4.0,611M1,13.0,22813.0,2150.0
2864225,2864226,25.0,1157990,2,1,12,4,1.0,50.0,1.0,16.0,4.0,611M1,13.0,22813.0,2150.0
2864226,2864227,24.0,1157991,1,1,0,1,1.0,50.0,1.0,16.0,4.0,611M1,13.0,22812.0,2149.0
2864227,2864228,25.0,1157991,2,1,12,4,1.0,50.0,1.0,16.0,4.0,611M1,13.0,22812.0,2149.0
2864228,2864229,24.0,1157992,1,1,0,1,1.0,50.0,1.0,16.0,4.0,611M1,13.0,22818.0,2150.0
2864229,2864230,25.0,1157992,2,1,12,4,1.0,50.0,1.0,16.0,4.0,611M1,13.0,22818.0,2150.0
2864230,2864231,24.0,1157993,1,1,0,1,1.0,50.0,1.0,16.0,4.0,611M1,13.0,22818.0,2150.0
2864231,2864232,25.0,1157993,2,1,12,4,1.0,50.0,1.0,16.0,4.0,611M1,13.0,22818.0,2150.0
2864232,2864233,24.0,1157994,1,1,0,1,1.0,50.0,1.0,16.0,4.0,611M1,13.0,22816.0,2150.0
2864233,2864234,25.0,1157994,2,1,12,4,1.0,50.0,1.0,16.0,4.0,611M1,13.0,22816.0,2150.0
2864234,2864235,24.0,1157995,1,1,0,1,1.0,50.0,1.0,16.0,4.0,611M1,13.0,22814.0,2150.0
2864235,2864236,25.0,1157995,2,1,12,4,1.0,50.0,1.0,16.0,4.0,611M1,13.0,22814.0,2150.0
2864236,2864237,24.0,1157996,1,1,0,1,1.0,50.0,1.0,16.0,4.0,611M1,13.0,22816.0,2150.0
2864237,2864238,25.0,1157996,2,1,12,4,1.0,50.0,1.0,16.0,4.0,611M1,13.0,22816.0,2150.0
2864238,2864239,24.0,1157997,1,1,0,1,1.0,50.0,1.0,16.0,4.0,611M1,13.0,22818.0,2150.0
2864239,2864240,25.0,1157997,2,1,12,4,1.0,50.0,1.0,16.0,4.0,611M1,13.0,22818.0,2150.0
2864240,2864241,24.0,1157998,1,1,0,1,1.0,50.0,1.0,16.0,4.0,611M1,13.0,22812.0,2149.0
2864241,2864242,25.0,1157998,2,1,12,4,1.0,50.0,1.0,16.0,4.0,611M1,13.0,22812.0,2149.0
2864242,2864243,24.0,1157999,1,1,0,1,1.0,50.0,1.0,16.0,4.0,611M1,13.0,22812.0,2149.0
2864243,2864244,25.0,1157999,2,1,12,4,1.0,50.0,1.0,16.0,4.0,611M1,13.0,22812.0,2149.0
2864244,2864245,24.0,1158000,1,1,0,1,1.0,50.0,1.0,16.0,4.0,611M1,13.0,22813.0,2150.0
2864245,2864246,25.0,1158000,2,1,12,4,1.0,50.0,1.0,16.0,4.0,611M1,13.0,22813.0,2150.0
2864246,2864247,24.0,1158001,1,1,0,1,1.0,50.0,1.0,16.0,4.0,611M1,13.0,22813.0,2150.0
2864247,2864248,25.0,1158001,2,1,12,4,1.0,50.0,1.0,16.0,4.0,611M1,13.0,22813.0,2150.0
2864248,2864249,24.0,1158002,1,1,0,1,1.0,50.0,1.0,16.0,4.0,611M1,13.0,22814.0,2150.0
2864249,2864250,25.0,1158002,2,1,12,4,1.0,50.0,1.0,16.0,4.0,611M1,13.0,22814.0,2150.0
2864250,2864251,24.0,1158003,1,1,0,1,1.0,50.0,1.0,16.0,4.0,611M1,13.0,22816.0,2150.0
2864251,2864252,25.0,1158003,2,1,12,4,1.0,50.0,1.0,16.0,4.0,611M1,13.0,22816.0,2150.0
2864252,2864253,24.0,1158004,1,1,0,1,1.0,50.0,1.0,16.0,4.0,611M1,13.0,22812.0,2149.0
2864253,2864254,25.0,1158004,2,1,12,4,1.0,50.0,1.0,16.0,4.0,611M1,13.0,22812.0,2149.0
2864254,2864255,24.0,1158005,1,1,0,1,1.0,50.0,1.0,16.0,4.0,611M1,13.0,22812.0,2149.0
2864255,2864256,25.0,1158005,2,1,12,4,1.0,50.0,1.0,16.0,4.0,611M1,13.0,22812.0,2149.0
2864256,2864257,24.0,1158006,1,1,0,1,1.0,50.0,1.0,16.0,4.0,611M1,13.0,22813.0,2150.0
2864257,2864258,25.0,1158006,2,1,12,4,1.0,50.0,1.0,16.0,4.0,611M1,13.0,22813.0,2150.0
2864258,2864259,24.0,1158007,1,1,0,1,1.0,50.0,1.0,16.0,4.0,611M1,13.0,22813.0,2150.0
2864259,2864260,25.0,1158007,2,1,12,4,1.0,50.0,1.0,16.0,4.0,611M1,13.0,22813.0,2150.0
2864260,2864261,24.0,1158008,1,1,0,1,1.0,50.0,1.0,16.0,4.0,611M1,13.0,22813.0,2150.0
2864261,2864262,25.0,1158008,2,1,12,4,1.0,50.0,1.0,16.0,4.0,611M1,13.0,22813.0,2150.0
2864262,2864263,24.0,1158009,1,1,0,1,1.0,50.0,1.0,16.0,4.0,611M1,13.0,22812.0,2149.0
2864263,2864264,25.0,1158009,2,1,12,4,1.0,50.0,1.0,16.0,4.0,611M1,13.0,22812.0,2149.0
2864264,2864265,24.0,1158010,1,1,0,1,1.0,50.0,1.0,16.0,4.0,611M1,13.0,22812.0,2149.0
2864265,2864266,25.0,1158010,2,1,12,4,1.0,50.0,1.0,16.0,4.0,611M1,13.0,22812.0,2149.0
2864266,2864267,24.0,1158011,1,1,0,1,1.0,50.0,1.0,16.0,4.0,611M1,13.0,22818.0,2150.0
2864267,2864268,25.0,1158011,2,1,12,4,1.0,50.0,1.0,16.0,4.0,611M1,13.0,22818.0,2150.0
2864268,2864269,24.0,1158012,1,1,0,1,1.0,50.0,1.0,16.0,4.0,611M1,13.0,22812.0,2149.0
2864269,2864270,25.0,1158012,2,1,12,4,1.0,50.0,1.0,16.0,4.0,611M1,13.0,22812.0,2149.0
2864270,2864271,24.0,1158013,1,1,0,1,1.0,50.0,1.0,16.0,4.0,611M1,13.0,22813.0,2150.0
2864271,2864272,25.0,1158013,2,1,12,4,1.0,50.0,1.0,16.0,4.0,611M1,13.0,22813.0,2150.0
2864272,2864273,24.0,1158014,1,1,0,1,1.0,50.0,1.0,16.0,4.0,611M1,13.0,22813.0,2150.0
2864273,2864274,25.0,1158014,2,1,12,4,1.0,50.0,1.0,16.0,4.0,611M1,13.0,22813.0,2150.0
2864274,2864275,24.0,1158015,1,1,0,1,1.0,50.0,1.0,16.0,4.0,611M1,13.0,22813.0,2150.0
2864275,2864276,25.0,1158015,2,1,12,4,1.0,50.0,1.0,16.0,4.0,611M1,13.0,22813.0,2150.0
2864276,2864277,24.0,1158016,1,1,0,1,1.0,50.0,1.0,16.0,4.0,611M1,13.0,22812.0,2149.0
2864277,2864278,25.0,1158016,2,1,12,4,1.0,50.0,1.0,16.0,4.0,611M1,13.0,22812.0,2149.0
2864278,2864279,24.0,1158017,1,1,0,1,1.0,50.0,1.0,16.0,4.0,611M1,13.0,22814.0,2150.0
2864279,2864280,25.0,1158017,2,1,12,4,1.0,50.0,1.0,16.0,4.0,611M1,13.0,22814.0,2150.0
2864280,2864281,24.0,1158018,1,1,0,1,1.0,50.0,1.0,16.0,4.0,611M1,13.0,22812.0,2149.0
2864281,2864282,25.0,1158018,2,1,12,4,1.0,50.0,1.0,16.0,4.0,611M1,13.0,22812.0,2149.0
2864282,2864283,24.0,1158019,1,1,0,1,1.0,50.0,1.0,16.0,4.0,611M1,13.0,22813.0,2150.0
2864283,2864284,25.0,1158019,2,1,12,4,1.0,50.0,1.0,16.0,4.0,611M1,13.0,22813.0,2150.0
2864284,2864285,24.0,1158020,1,1,0,1,1.0,50.0,1.0,16.0,4.0,611M1,13.0,22812.0,2149.0
2864285,2864286,25.0,1158020,2,1,12,4,1.0,50.0,1.0,16.0,4.0,611M1,13.0,22812.0,2149.0
2864286,2864287,24.0,1158021,1,1,0,1,1.0,50.0,1.0,16.0,4.0,611M1,13.0,22812.0,2149.0
2864287,2864288,25.0,1158021,2,1,12,4,1.0,50.0,1.0,16.0,4.0,611M1,13.0,22812.0,2149.0
2864288,2864289,24.0,1158022,1,1,0,1,1.0,50.0,1.0,16.0,4.0,611M1,13.0,22813.0,2150.0
2864289,2864290,25.0,1158022,2,1,12,4,1.0,50.0,1.0,16.0,4.0,611M1,13.0,22813.0,2150.0
2864290,2864291,24.0,1158023,1,1,0,1,1.0,50.0,1.0,16.0,4.0,611M1,13.0,22816.0,2150.0
2864291,2864292,25.0,1158023,2,1,12,4,1.0,50.0,1.0,16.0,4.0,611M1,13.0,22816.0,2150.0
2864292,2864293,24.0,1158024,1,1,0,1,1.0,50.0,1.0,16.0,4.0,611M1,13.0,22812.0,2149.0
2864293,2864294,25.0,1158024,2,1,12,4,1.0,50.0,1.0,16.0,4.0,611M1,13.0,22812.0,2149.0
2864294,2864295,24.0,1158025,1,1,0,1,1.0,50.0,1.0,16.0,4.0,611M1,13.0,22818.0,2150.0
2864295,2864296,25.0,1158025,2,1,12,4,1.0,50.0,1.0,16.0,4.0,611M1,13.0,22818.0,2150.0
2864296,2864297,24.0,1158026,1,1,0,1,1.0,50.0,1.0,16.0,4.0,611M1,13.0,22814.0,2150.0
2864297,2864298,25.0,1158026,2,1,12,4,1.0,50.0,1.0,16.0,4.0,611M1,13.0,22814.0,2150.0
2864298,2864299,24.0,1158027,1,1,0,1,1.0,50.0,1.0,16.0,4.0,611M1,13.0,22813.0,2150.0
2864299,2864300,25.0,1158027,2,1,12,4,1.0,50.0,1.0,16.0,4.0,611M1,13.0,22813.0,2150.0
2864300,2864301,24.0,1158028,1,1,0,1,1.0,50.0,1.0,16.0,4.0,611M1,13.0,22813.0,2150.0
2864301,2864302,25.0,1158028,2,1,12,4,1.0,50.0,1.0,16.0,4.0,611M1,13.0,22813.0,2150.0
2864302,2864303,24.0,1158029,1,1,0,1,1.0,50.0,1.0,16.0,4.0,611M1,13.0,22813.0,2150.0
2864303,2864304,25.0,1158029,2,1,12,4,1.0,50.0,1.0,16.0,4.0,611M1,13.0,22813.0,2150.0
2864304,2864305,24.0,1158030,1,1,0,1,1.0,50.0,1.0,16.0,4.0,611M1,13.0,22812.0,2149.0
2864305,2864306,25.0,1158030,2,1,12,4,1.0,50.0,1.0,16.0,4.0,611M1,13.0,22812.0,2149.0
2864306,2864307,24.0,1158031,1,1,0,1,1.0,50.0,1.0,16.0,4.0,611M1,13.0,22812.0,2149.0
2864307,2864308,25.0,1158031,2,1,12,4,1.0,50.0,1.0,16.0,4.0,611M1,13.0,22812.0,2149.0
2864308,2864309,24.0,1158032,1,1,0,1,1.0,50.0,1.0,16.0,4.0,611M1,13.0,22812.0,2149.0
2864309,2864310,25.0,1158032,2,1,12,4,1.0,50.0,1.0,16.0,4.0,611M1,13.0,22812.0,2149.0
2864310,2864311,24.0,1158033,1,1,0,1,1.0,50.0,1.0,16.0,4.0,611M1,13.0,22812.0,2149.0
2864311,2864312,25.0,1158033,2,1,12,4,1.0,50.0,1.0,16.0,4.0,611M1,13.0,22812.0,2149.0
2864312,2864313,24.0,1158034,1,1,0,1,1.0,50.0,1.0,16.0,4.0,611M1,13.0,22813.0,2150.0
2864313,2864314,25.0,1158034,2,1,12,4,1.0,50.0,1.0,16.0,4.0,611M1,13.0,22813.0,2150.0
2864314,2864315,24.0,1158035,1,1,0,1,1.0,50.0,1.0,16.0,4.0,611M1,13.0,22812.0,2149.0
2864315,2864316,25.0,1158035,2,1,12,4,1.0,50.0,1.0,16.0,4.0,611M1,13.0,22812.0,2149.0
2864316,2864317,24.0,1158036,1,1,0,1,1.0,50.0,1.0,16.0,4.0,611M1,13.0,22814.0,2150.0
2864317,2864318,25.0,1158036,2,1,12,4,1.0,50.0,1.0,16.0,4.0,611M1,13.0,22814.0,2150.0
2864318,2864319,24.0,1158037,1,1,0,1,1.0,50.0,1.0,16.0,4.0,611M1,13.0,22814.0,2150.0
2864319,2864320,25.0,1158037,2,1,12,4,1.0,50.0,1.0,16.0,4.0,611M1,13.0,22814.0,2150.0
2864320,2864321,24.0,1158038,1,1,0,1,1.0,50.0,1.0,16.0,4.0,611M1,13.0,22813.0,2150.0
2864321,2864322,25.0,1158038,2,1,12,4,1.0,50.0,1.0,16.0,4.0,611M1,13.0,22813.0,2150.0
2864322,2864323,24.0,1158039,1,1,0,1,1.0,50.0,1.0,16.0,4.0,611M1,13.0,22816.0,2150.0
2864323,2864324,25.0,1158039,2,1,12,4,1.0,50.0,1.0,16.0,4.0,611M1,13.0,22816.0,2150.0
2864324,2864325,24.0,1158040,1,1,0,1,1.0,50.0,1.0,16.0,4.0,611M1,13.0,22816.0,2150.0
2864325,2864326,25.0,1158040,2,1,12,4,1.0,50.0,1.0,16.0,4.0,611M1,13.0,22816.0,2150.0
2864326,2864327,24.0,1158041,1,1,0,1,1.0,50.0,1.0,16.0,4.0,611M1,13.0,22813.0,2150.0
2864327,2864328,25.0,1158041,2,1,12,4,1.0,50.0,1.0,16.0,4.0,611M1,13.0,22813.0,2150.0
2864328,2864329,22.0,1158042,1,1,0,1,1.0,55.0,4.0,-9.0,4.0,5416,10.0,22816.0,2150.0
2864329,2864330,23.0,1158043,1,1,0,1,6.0,-9.0,-9.0,16.0,4.0,6111,13.0,22813.0,2150.0
2864330,2864331,26.0,1158043,2,1,12,4,6.0,-9.0,-9.0,16.0,4.0,611M1,13.0,22813.0,2150.0
2864331,2864332,23.0,1158044,1,1,0,1,6.0,-9.0,-9.0,16.0,4.0,6111,13.0,22812.0,2149.0
2864332,2864333,26.0,1158044,2,1,12,4,6.0,-9.0,-9.0,16.0,4.0,611M1,13.0,22812.0,2149.0
2864333,2864334,23.0,1158045,1,1,0,1,6.0,-9.0,-9.0,16.0,4.0,6111,13.0,22818.0,2150.0
2864334,2864335,26.0,1158045,2,1,12,4,6.0,-9.0,-9.0,16.0,4.0,611M1,13.0,22818.0,2150.0
2864335,2864336,23.0,1158046,1,1,0,1,6.0,-9.0,-9.0,16.0,4.0,6111,13.0,22813.0,2150.0
2864336,2864337,26.0,1158046,2,1,12,4,6.0,-9.0,-9.0,16.0,4.0,611M1,13.0,22813.0,2150.0
2864337,2864338,23.0,1158047,1,1,0,1,6.0,-9.0,-9.0,16.0,4.0,6111,13.0,22813.0,2150.0
2864338,2864339,26.0,1158047,2,1,12,4,6.0,-9.0,-9.0,16.0,4.0,611M1,13.0,22813.0,2150.0
2864339,2864340,23.0,1158048,1,1,0,1,6.0,-9.0,-9.0,16.0,4.0,6111,13.0,22818.0,2150.0
2864340,2864341,26.0,1158048,2,1,12,4,6.0,-9.0,-9.0,16.0,4.0,611M1,13.0,22818.0,2150.0
2864341,2864342,22.0,1158049,1,2,0,1,1.0,40.0,3.0,15.0,2.0,722Z,16.0,22813.0,2150.0
2864342,2864343,22.0,1158050,1,2,0,1,1.0,25.0,1.0,15.0,4.0,722Z,16.0,22813.0,2150.0
2864343,2864344,22.0,1158051,1,2,0,1,1.0,40.0,3.0,15.0,2.0,722Z,16.0,22812.0,2149.0
2864344,2864345,22.0,1158052,1,2,0,1,1.0,25.0,1.0,15.0,4.0,722Z,16.0,22818.0,2150.0
2864345,2864346,23.0,1158053,1,2,0,1,1.0,35.0,1.0,16.0,4.0,611M1,13.0,22812.0,2149.0
2864346,2864347,21.0,1158054,1,2,0,1,1.0,20.0,1.0,15.0,4.0,611M1,13.0,22813.0,2150.0
2864347,2864348,22.0,1158055,1,2,0,1,1.0,15.0,2.0,16.0,4.0,611M1,13.0,22812.0,2149.0
2864348,2864349,23.0,1158056,1,2,0,1,1.0,35.0,1.0,16.0,4.0,611M1,13.0,22813.0,2150.0
2864349,2864350,23.0,1158057,1,2,0,1,1.0,40.0,5.0,-9.0,4.0,611M1,13.0,22816.0,2150.0
2864350,2864351,23.0,1158058,1,2,0,1,1.0,35.0,1.0,16.0,4.0,611M1,13.0,22812.0,2149.0
2864351,2864352,21.0,1158059,1,2,0,1,1.0,20.0,1.0,15.0,4.0,611M1,13.0,22813.0,2150.0
2864352,2864353,22.0,1158060,1,2,0,1,1.0,6.0,4.0,16.0,4.0,611M1,13.0,22812.0,2149.0
2864353,2864354,23.0,1158061,1,2,0,1,1.0,35.0,1.0,16.0,4.0,611M1,13.0,22816.0,2150.0
2864354,2864355,21.0,1158062,1,2,0,1,1.0,20.0,1.0,15.0,4.0,611M1,13.0,22812.0,2149.0
2864355,2864356,23.0,1158063,1,2,0,1,1.0,35.0,1.0,16.0,4.0,611M1,13.0,22814.0,2150.0
2864356,2864357,21.0,1158064,1,2,0,1,1.0,6.0,1.0,15.0,4.0,611M3,13.0,22813.0,2150.0
2864357,2864358,23.0,1158065,1,2,0,1,1.0,40.0,5.0,-9.0,4.0,611M1,13.0,22814.0,2150.0
2864358,2864359,23.0,1158066,1,2,0,1,1.0,40.0,5.0,-9.0,4.0,611M1,13.0,22813.0,2150.0
2864359,2864360,22.0,1158067,1,2,0,1,1.0,15.0,2.0,16.0,4.0,611M1,13.0,22814.0,2150.0
2864360,2864361,21.0,1158068,1,2,0,1,1.0,10.0,3.0,15.0,4.0,611M1,13.0,22812.0,2149.0
2864361,2864362,21.0,1158069,1,2,0,1,1.0,20.0,1.0,15.0,4.0,611M1,13.0,22813.0,2150.0
2864362,2864363,21.0,1158070,1,2,0,1,1.0,6.0,1.0,15.0,4.0,611M3,13.0,22813.0,2150.0
2864363,2864364,22.0,1158071,1,2,0,1,1.0,6.0,4.0,16.0,4.0,611M1,13.0,22814.0,2150.0
2864364,2864365,23.0,1158072,1,2,0,1,1.0,35.0,1.0,16.0,4.0,611M1,13.0,22813.0,2150.0
2864365,2864366,22.0,1158073,1,2,0,1,1.0,15.0,2.0,16.0,4.0,611M1,13.0,22818.0,2150.0
2864366,2864367,22.0,1158074,1,2,0,1,1.0,15.0,2.0,16.0,4.0,611M1,13.0,22818.0,2150.0
2864367,2864368,21.0,1158075,1,2,0,1,1.0,20.0,1.0,15.0,4.0,611M1,13.0,22814.0,2150.0
2864368,2864369,23.0,1158076,1,2,0,1,1.0,35.0,1.0,16.0,4.0,611M1,13.0,22816.0,2150.0
2864369,2864370,24.0,1158077,1,2,0,1,1.0,9.0,6.0,16.0,4.0,611M1,13.0,22818.0,2150.0
2864370,2864371,21.0,1158078,1,2,0,1,1.0,10.0,3.0,15.0,4.0,611M1,13.0,22816.0,2150.0
2864371,2864372,23.0,1158079,1,2,0,1,1.0,35.0,1.0,16.0,4.0,611M1,13.0,22816.0,2150.0
2864372,2864373,23.0,1158080,1,2,0,1,1.0,35.0,1.0,16.0,4.0,611M1,13.0,22813.0,2150.0
2864373,2864374,21.0,1158081,1,2,0,1,1.0,6.0,1.0,15.0,4.0,611M3,13.0,22813.0,2150.0
2864374,2864375,23.0,1158082,1,2,0,1,1.0,40.0,5.0,-9.0,4.0,611M1,13.0,22812.0,2149.0
2864375,2864376,22.0,1158083,1,2,0,1,1.0,6.0,4.0,16.0,4.0,611M1,13.0,22812.0,2149.0
2864376,2864377,23.0,1158084,1,2,0,1,1.0,35.0,1.0,16.0,4.0,611M1,13.0,22812.0,2149.0
2864377,2864378,23.0,1158085,1,2,0,1,1.0,35.0,1.0,16.0,4.0,611M1,13.0,22812.0,2149.0
2864378,2864379,22.0,1158086,1,2,0,1,1.0,15.0,2.0,16.0,4.0,611M1,13.0,22814.0,2150.0
2864379,2864380,22.0,1158087,1,2,0,1,1.0,15.0,2.0,16.0,4.0,611M1,13.0,22812.0,2149.0
2864380,2864381,21.0,1158088,1,2,0,1,1.0,20.0,1.0,15.0,4.0,611M1,13.0,22813.0,2150.0
2864381,2864382,22.0,1158089,1,2,0,1,1.0,15.0,2.0,16.0,4.0,611M1,13.0,22814.0,2150.0
2864382,2864383,22.0,1158090,1,2,0,1,1.0,15.0,2.0,16.0,4.0,611M1,13.0,22814.0,2150.0
2864383,2864384,21.0,1158091,1,2,0,1,1.0,20.0,1.0,15.0,4.0,611M1,13.0,22813.0,2150.0
2864384,2864385,21.0,1158092,1,2,0,1,1.0,6.0,1.0,15.0,4.0,611M3,13.0,22812.0,2149.0
2864385,2864386,21.0,1158093,1,2,0,1,1.0,10.0,3.0,15.0,4.0,611M1,13.0,22816.0,2150.0
2864386,2864387,21.0,1158094,1,2,0,1,1.0,6.0,1.0,15.0,4.0,611M3,13.0,22812.0,2149.0
2864387,2864388,21.0,1158095,1,2,0,1,1.0,6.0,1.0,15.0,4.0,611M3,13.0,22812.0,2149.0
2864388,2864389,21.0,1158096,1,2,0,1,1.0,6.0,1.0,15.0,4.0,611M3,13.0,22814.0,2150.0
2864389,2864390,22.0,1158097,1,2,0,1,1.0,6.0,4.0,16.0,4.0,611M1,13.0,22814.0,2150.0
2864390,2864391,21.0,1158098,1,2,0,1,1.0,10.0,3.0,15.0,4.0,611M1,13.0,22814.0,2150.0
2864391,2864392,21.0,1158099,1,2,0,1,1.0,20.0,1.0,15.0,4.0,611M1,13.0,22812.0,2149.0
2864392,2864393,23.0,1158100,1,1,0,1,1.0,40.0,6.0,15.0,4.0,8111Z,17.0,22816.0,2150.0
2864393,2864394,23.0,1158101,1,1,0,1,1.0,40.0,6.0,15.0,4.0,8111Z,17.0,22813.0,2150.0
2864394,2864395,23.0,1158102,1,1,0,1,1.0,40.0,6.0,15.0,4.0,8111Z,17.0,22813.0,2150.0
2864395,2864396,23.0,1158103,1,1,0,1,1.0,40.0,6.0,15.0,4.0,8111Z,17.0,22812.0,2149.0
2864396,2864397,23.0,1158104,1,1,0,1,1.0,40.0,6.0,15.0,4.0,8111Z,17.0,22814.0,2150.0
2864397,2864398,23.0,1158105,1,1,0,1,1.0,40.0,6.0,15.0,4.0,8111Z,17.0,22812.0,2149.0
2864398,2864399,23.0,1158106,1,1,0,1,1.0,40.0,6.0,15.0,4.0,8111Z,17.0,22814.0,2150.0
2864399,2864400,23.0,1158107,1,1,0,1,1.0,40.0,6.0,15.0,4.0,8111Z,17.0,22814.0,2150.0
2864400,2864401,23.0,1158108,1,1,0,1,1.0,40.0,6.0,15.0,4.0,8111Z,17.0,22813.0,2150.0
2864401,2864402,23.0,1158109,1,1,0,1,1.0,40.0,6.0,15.0,4.0,8111Z,17.0,22814.0,2150.0
2864402,2864403,23.0,1158110,1,1,0,1,1.0,40.0,6.0,15.0,4.0,8111Z,17.0,22812.0,2149.0
2864403,2864404,23.0,1158111,1,1,0,1,1.0,40.0,6.0,15.0,4.0,8111Z,17.0,22813.0,2150.0
2864404,2864405,23.0,1158112,1,1,0,1,1.0,40.0,6.0,15.0,4.0,8111Z,17.0,22814.0,2150.0
2864405,2864406,23.0,1158113,1,1,0,1,1.0,40.0,6.0,15.0,4.0,8111Z,17.0,22814.0,2150.0
2864406,2864407,23.0,1158114,1,1,0,1,1.0,40.0,6.0,15.0,4.0,8111Z,17.0,22813.0,2150.0
2864407,2864408,23.0,1158115,1,1,0,1,1.0,40.0,6.0,15.0,4.0,8111Z,17.0,22814.0,2150.0
2864408,2864409,23.0,1158116,1,1,0,1,1.0,40.0,6.0,15.0,4.0,8111Z,17.0,22818.0,2150.0
2864409,2864410,20.0,1158117,1,1,0,1,1.0,6.0,4.0,15.0,4.0,6111,13.0,22818.0,2150.0
2864410,2864411,24.0,1158118,1,1,0,1,1.0,45.0,4.0,-9.0,4.0,4251,4.0,22816.0,2150.0
2864411,2864412,24.0,1158119,1,2,0,1,6.0,-9.0,-9.0,-9.0,4.0,5419Z,10.0,22816.0,2150.0
2864412,2864413,24.0,1158120,1,2,0,1,6.0,-9.0,-9.0,-9.0,4.0,5419Z,10.0,22816.0,2150.0
2864413,2864414,19.0,1158121,1,1,0,1,1.0,10.0,6.0,15.0,4.0,7111,16.0,22813.0,2150.0
2864414,2864415,21.0,1158122,1,1,0,1,1.0,10.0,6.0,15.0,4.0,611M1,13.0,22814.0,2150.0
2864415,2864416,21.0,1158123,1,1,0,1,1.0,10.0,6.0,15.0,4.0,611M1,13.0,22814.0,2150.0
2864416,2864417,21.0,1158124,1,1,0,1,6.0,50.0,5.0,15.0,4.0,56173,12.0,22812.0,2149.0
2864417,2864418,21.0,1158125,1,1,0,1,6.0,50.0,5.0,15.0,4.0,56173,12.0,22814.0,2150.0
2864418,2864419,65.0,1158126,1,2,0,1,1.0,45.0,3.0,-9.0,4.0,611M3,13.0,22817.0,2150.0
2864419,2864420,65.0,1158126,2,1,1,1,1.0,45.0,1.0,-9.0,4.0,611M1,13.0,22817.0,2150.0
2864420,2864421,24.0,1158126,3,2,2,1,2.0,25.0,4.0,-9.0,4.0,611M3,13.0,22817.0,2150.0
2864421,2864422,65.0,1158127,1,2,0,1,1.0,45.0,3.0,-9.0,4.0,611M3,13.0,22816.0,2150.0
2864422,2864423,65.0,1158127,2,1,1,1,1.0,45.0,1.0,-9.0,4.0,611M1,13.0,22816.0,2150.0
2864423,2864424,24.0,1158127,3,2,2,1,2.0,25.0,4.0,-9.0,4.0,611M3,13.0,22816.0,2150.0
2864424,2864425,65.0,1158128,1,2,0,1,1.0,45.0,3.0,-9.0,4.0,611M3,13.0,22818.0,2150.0
2864425,2864426,65.0,1158128,2,1,1,1,1.0,45.0,1.0,-9.0,4.0,611M1,13.0,22818.0,2150.0
2864426,2864427,24.0,1158128,3,2,2,1,2.0,25.0,4.0,-9.0,4.0,611M3,13.0,22818.0,2150.0
2864427,2864428,65.0,1158129,1,2,0,1,1.0,45.0,3.0,-9.0,4.0,611M3,13.0,22812.0,2149.0
2864428,2864429,65.0,1158129,2,1,1,1,1.0,45.0,1.0,-9.0,4.0,611M1,13.0,22812.0,2149.0
2864429,2864430,24.0,1158129,3,2,2,1,2.0,25.0,4.0,-9.0,4.0,611M3,13.0,22812.0,2149.0
2864430,2864431,65.0,1158130,1,2,0,1,1.0,45.0,3.0,-9.0,4.0,611M3,13.0,22818.0,2150.0
2864431,2864432,65.0,1158130,2,1,1,1,1.0,45.0,1.0,-9.0,4.0,611M1,13.0,22818.0,2150.0
2864432,2864433,24.0,1158130,3,2,2,1,2.0,25.0,4.0,-9.0,4.0,611M3,13.0,22818.0,2150.0
2864433,2864434,65.0,1158131,1,2,0,1,1.0,45.0,3.0,-9.0,4.0,611M3,13.0,22812.0,2149.0
2864434,2864435,65.0,1158131,2,1,1,1,1.0,45.0,1.0,-9.0,4.0,611M1,13.0,22812.0,2149.0
2864435,2864436,24.0,1158131,3,2,2,1,2.0,25.0,4.0,-9.0,4.0,611M3,13.0,22812.0,2149.0
2864436,2864437,65.0,1158132,1,2,0,1,1.0,45.0,3.0,-9.0,4.0,611M3,13.0,22818.0,2150.0
2864437,2864438,65.0,1158132,2,1,1,1,1.0,45.0,1.0,-9.0,4.0,611M1,13.0,22818.0,2150.0
2864438,2864439,24.0,1158132,3,2,2,1,2.0,25.0,4.0,-9.0,4.0,611M3,13.0,22818.0,2150.0
2864439,2864440,65.0,1158133,1,2,0,1,1.0,45.0,3.0,-9.0,4.0,611M3,13.0,22812.0,2149.0
2864440,2864441,65.0,1158133,2,1,1,1,1.0,45.0,1.0,-9.0,4.0,611M1,13.0,22812.0,2149.0
2864441,2864442,24.0,1158133,3,2,2,1,2.0,25.0,4.0,-9.0,4.0,611M3,13.0,22812.0,2149.0
2864442,2864443,65.0,1158134,1,2,0,1,1.0,45.0,3.0,-9.0,4.0,611M3,13.0,22817.0,2150.0
2864443,2864444,65.0,1158134,2,1,1,1,1.0,45.0,1.0,-9.0,4.0,611M1,13.0,22817.0,2150.0
2864444,2864445,24.0,1158134,3,2,2,1,2.0,25.0,4.0,-9.0,4.0,611M3,13.0,22817.0,2150.0
2864445,2864446,65.0,1158135,1,2,0,1,1.0,45.0,3.0,-9.0,4.0,611M3,13.0,22815.0,2150.0
2864446,2864447,65.0,1158135,2,1,1,1,1.0,45.0,1.0,-9.0,4.0,611M1,13.0,22815.0,2150.0
2864447,2864448,24.0,1158135,3,2,2,1,2.0,25.0,4.0,-9.0,4.0,611M3,13.0,22815.0,2150.0
2864448,2864449,65.0,1158136,1,2,0,1,1.0,45.0,3.0,-9.0,4.0,611M3,13.0,22816.0,2150.0
2864449,2864450,65.0,1158136,2,1,1,1,1.0,45.0,1.0,-9.0,4.0,611M1,13.0,22816.0,2150.0
2864450,2864451,24.0,1158136,3,2,2,1,2.0,25.0,4.0,-9.0,4.0,611M3,13.0,22816.0,2150.0
2864451,2864452,65.0,1158137,1,2,0,1,1.0,45.0,3.0,-9.0,4.0,611M3,13.0,22812.0,2149.0
2864452,2864453,65.0,1158137,2,1,1,1,1.0,45.0,1.0,-9.0,4.0,611M1,13.0,22812.0,2149.0
2864453,2864454,24.0,1158137,3,2,2,1,2.0,25.0,4.0,-9.0,4.0,611M3,13.0,22812.0,2149.0
2864454,2864455,65.0,1158138,1,2,0,1,1.0,45.0,3.0,-9.0,4.0,611M3,13.0,22818.0,2150.0
2864455,2864456,65.0,1158138,2,1,1,1,1.0,45.0,1.0,-9.0,4.0,611M1,13.0,22818.0,2150.0
2864456,2864457,24.0,1158138,3,2,2,1,2.0,25.0,4.0,-9.0,4.0,611M3,13.0,22818.0,2150.0
2864457,2864458,65.0,1158139,1,2,0,1,1.0,45.0,3.0,-9.0,4.0,611M3,13.0,22817.0,2150.0
2864458,2864459,65.0,1158139,2,1,1,1,1.0,45.0,1.0,-9.0,4.0,611M1,13.0,22817.0,2150.0
2864459,2864460,24.0,1158139,3,2,2,1,2.0,25.0,4.0,-9.0,4.0,611M3,13.0,22817.0,2150.0
2864460,2864461,65.0,1158140,1,2,0,1,1.0,45.0,3.0,-9.0,4.0,611M3,13.0,22817.0,2150.0
2864461,2864462,65.0,1158140,2,1,1,1,1.0,45.0,1.0,-9.0,4.0,611M1,13.0,22817.0,2150.0
2864462,2864463,24.0,1158140,3,2,2,1,2.0,25.0,4.0,-9.0,4.0,611M3,13.0,22817.0,2150.0
2864463,2864464,65.0,1158141,1,2,0,1,1.0,45.0,3.0,-9.0,4.0,611M3,13.0,22816.0,2150.0
2864464,2864465,65.0,1158141,2,1,1,1,1.0,45.0,1.0,-9.0,4.0,611M1,13.0,22816.0,2150.0
2864465,2864466,24.0,1158141,3,2,2,1,2.0,25.0,4.0,-9.0,4.0,611M3,13.0,22816.0,2150.0
2864466,2864467,65.0,1158142,1,2,0,1,1.0,45.0,3.0,-9.0,4.0,611M3,13.0,22812.0,2149.0
2864467,2864468,65.0,1158142,2,1,1,1,1.0,45.0,1.0,-9.0,4.0,611M1,13.0,22812.0,2149.0
2864468,2864469,24.0,1158142,3,2,2,1,2.0,25.0,4.0,-9.0,4.0,611M3,13.0,22812.0,2149.0
2864469,2864470,65.0,1158143,1,2,0,1,1.0,45.0,3.0,-9.0,4.0,611M3,13.0,22817.0,2150.0
2864470,2864471,65.0,1158143,2,1,1,1,1.0,45.0,1.0,-9.0,4.0,611M1,13.0,22817.0,2150.0
2864471,2864472,24.0,1158143,3,2,2,1,2.0,25.0,4.0,-9.0,4.0,611M3,13.0,22817.0,2150.0
2864472,2864473,65.0,1158144,1,2,0,1,1.0,45.0,3.0,-9.0,4.0,611M3,13.0,22812.0,2149.0
2864473,2864474,65.0,1158144,2,1,1,1,1.0,45.0,1.0,-9.0,4.0,611M1,13.0,22812.0,2149.0
2864474,2864475,24.0,1158144,3,2,2,1,2.0,25.0,4.0,-9.0,4.0,611M3,13.0,22812.0,2149.0
2864475,2864476,65.0,1158145,1,2,0,1,1.0,45.0,3.0,-9.0,4.0,611M3,13.0,22818.0,2150.0
2864476,2864477,65.0,1158145,2,1,1,1,1.0,45.0,1.0,-9.0,4.0,611M1,13.0,22818.0,2150.0
2864477,2864478,24.0,1158145,3,2,2,1,2.0,25.0,4.0,-9.0,4.0,611M3,13.0,22818.0,2150.0
2864478,2864479,65.0,1158146,1,2,0,1,1.0,45.0,3.0,-9.0,4.0,611M3,13.0,22816.0,2150.0
2864479,2864480,65.0,1158146,2,1,1,1,1.0,45.0,1.0,-9.0,4.0,611M1,13.0,22816.0,2150.0
2864480,2864481,24.0,1158146,3,2,2,1,2.0,25.0,4.0,-9.0,4.0,611M3,13.0,22816.0,2150.0
2864481,2864482,65.0,1158147,1,2,0,1,1.0,45.0,3.0,-9.0,4.0,611M3,13.0,22812.0,2149.0
2864482,2864483,65.0,1158147,2,1,1,1,1.0,45.0,1.0,-9.0,4.0,611M1,13.0,22812.0,2149.0
2864483,2864484,24.0,1158147,3,2,2,1,2.0,25.0,4.0,-9.0,4.0,611M3,13.0,22812.0,2149.0
2864484,2864485,65.0,1158148,1,2,0,1,1.0,45.0,3.0,-9.0,4.0,611M3,13.0,22815.0,2150.0
2864485,2864486,65.0,1158148,2,1,1,1,1.0,45.0,1.0,-9.0,4.0,611M1,13.0,22815.0,2150.0
2864486,2864487,24.0,1158148,3,2,2,1,2.0,25.0,4.0,-9.0,4.0,611M3,13.0,22815.0,2150.0
2864487,2864488,65.0,1158149,1,2,0,1,1.0,45.0,3.0,-9.0,4.0,611M3,13.0,22818.0,2150.0
2864488,2864489,65.0,1158149,2,1,1,1,1.0,45.0,1.0,-9.0,4.0,611M1,13.0,22818.0,2150.0
2864489,2864490,24.0,1158149,3,2,2,1,2.0,25.0,4.0,-9.0,4.0,611M3,13.0,22818.0,2150.0
2864490,2864491,65.0,1158150,1,2,0,1,1.0,45.0,3.0,-9.0,4.0,611M3,13.0,22817.0,2150.0
2864491,2864492,65.0,1158150,2,1,1,1,1.0,45.0,1.0,-9.0,4.0,611M1,13.0,22817.0,2150.0
2864492,2864493,24.0,1158150,3,2,2,1,2.0,25.0,4.0,-9.0,4.0,611M3,13.0,22817.0,2150.0
2864493,2864494,65.0,1158151,1,2,0,1,1.0,45.0,3.0,-9.0,4.0,611M3,13.0,22812.0,2149.0
2864494,2864495,65.0,1158151,2,1,1,1,1.0,45.0,1.0,-9.0,4.0,611M1,13.0,22812.0,2149.0
2864495,2864496,24.0,1158151,3,2,2,1,2.0,25.0,4.0,-9.0,4.0,611M3,13.0,22812.0,2149.0
2864496,2864497,45.0,1158152,1,2,0,4,6.0,-9.0,-9.0,-9.0,4.0,-9,0.0,22818.0,2150.0
2864497,2864498,28.0,1158152,2,2,2,2,6.0,-9.0,-9.0,-9.0,4.0,-9,0.0,22818.0,2150.0
2864498,2864499,23.0,1158152,3,1,2,2,1.0,30.0,1.0,-9.0,4.0,4413,5.0,22818.0,2150.0
2864499,2864500,4.0,1158152,4,1,7,4,-9.0,-9.0,-9.0,1.0,-9.0,-9,0.0,22818.0,2150.0
2864500,2864501,4.0,1158152,5,1,7,4,-9.0,-9.0,-9.0,1.0,-9.0,-9,0.0,22818.0,2150.0
2864501,2864502,2.0,1158152,6,1,7,4,-9.0,-9.0,-9.0,-9.0,-9.0,-9,0.0,22818.0,2150.0
2864502,2864503,45.0,1158153,1,2,0,4,6.0,-9.0,-9.0,-9.0,4.0,-9,0.0,22812.0,2149.0
2864503,2864504,28.0,1158153,2,2,2,2,6.0,-9.0,-9.0,-9.0,4.0,-9,0.0,22812.0,2149.0
2864504,2864505,23.0,1158153,3,1,2,2,1.0,30.0,1.0,-9.0,4.0,4413,5.0,22812.0,2149.0
2864505,2864506,4.0,1158153,4,1,7,4,-9.0,-9.0,-9.0,1.0,-9.0,-9,0.0,22812.0,2149.0
2864506,2864507,4.0,1158153,5,1,7,4,-9.0,-9.0,-9.0,1.0,-9.0,-9,0.0,22812.0,2149.0
2864507,2864508,2.0,1158153,6,1,7,4,-9.0,-9.0,-9.0,-9.0,-9.0,-9,0.0,22812.0,2149.0
2864508,2864509,45.0,1158154,1,2,0,4,6.0,-9.0,-9.0,-9.0,4.0,-9,0.0,22812.0,2149.0
2864509,2864510,28.0,1158154,2,2,2,2,6.0,-9.0,-9.0,-9.0,4.0,-9,0.0,22812.0,2149.0
2864510,2864511,23.0,1158154,3,1,2,2,1.0,30.0,1.0,-9.0,4.0,4413,5.0,22812.0,2149.0
2864511,2864512,4.0,1158154,4,1,7,4,-9.0,-9.0,-9.0,1.0,-9.0,-9,0.0,22812.0,2149.0
2864512,2864513,4.0,1158154,5,1,7,4,-9.0,-9.0,-9.0,1.0,-9.0,-9,0.0,22812.0,2149.0
2864513,2864514,2.0,1158154,6,1,7,4,-9.0,-9.0,-9.0,-9.0,-9.0,-9,0.0,22812.0,2149.0
2864514,2864515,45.0,1158155,1,2,0,4,6.0,-9.0,-9.0,-9.0,4.0,-9,0.0,22812.0,2149.0
2864515,2864516,28.0,1158155,2,2,2,2,6.0,-9.0,-9.0,-9.0,4.0,-9,0.0,22812.0,2149.0
2864516,2864517,23.0,1158155,3,1,2,2,1.0,30.0,1.0,-9.0,4.0,4413,5.0,22812.0,2149.0
2864517,2864518,4.0,1158155,4,1,7,4,-9.0,-9.0,-9.0,1.0,-9.0,-9,0.0,22812.0,2149.0
2864518,2864519,4.0,1158155,5,1,7,4,-9.0,-9.0,-9.0,1.0,-9.0,-9,0.0,22812.0,2149.0
2864519,2864520,2.0,1158155,6,1,7,4,-9.0,-9.0,-9.0,-9.0,-9.0,-9,0.0,22812.0,2149.0
2864520,2864521,45.0,1158156,1,2,0,4,6.0,-9.0,-9.0,-9.0,4.0,-9,0.0,22818.0,2150.0
2864521,2864522,28.0,1158156,2,2,2,2,6.0,-9.0,-9.0,-9.0,4.0,-9,0.0,22818.0,2150.0
2864522,2864523,23.0,1158156,3,1,2,2,1.0,30.0,1.0,-9.0,4.0,4413,5.0,22818.0,2150.0
2864523,2864524,4.0,1158156,4,1,7,4,-9.0,-9.0,-9.0,1.0,-9.0,-9,0.0,22818.0,2150.0
2864524,2864525,4.0,1158156,5,1,7,4,-9.0,-9.0,-9.0,1.0,-9.0,-9,0.0,22818.0,2150.0
2864525,2864526,2.0,1158156,6,1,7,4,-9.0,-9.0,-9.0,-9.0,-9.0,-9,0.0,22818.0,2150.0
2864526,2864527,45.0,1158157,1,2,0,4,6.0,-9.0,-9.0,-9.0,4.0,-9,0.0,22818.0,2150.0
2864527,2864528,28.0,1158157,2,2,2,2,6.0,-9.0,-9.0,-9.0,4.0,-9,0.0,22818.0,2150.0
2864528,2864529,23.0,1158157,3,1,2,2,1.0,30.0,1.0,-9.0,4.0,4413,5.0,22818.0,2150.0
2864529,2864530,4.0,1158157,4,1,7,4,-9.0,-9.0,-9.0,1.0,-9.0,-9,0.0,22818.0,2150.0
2864530,2864531,4.0,1158157,5,1,7,4,-9.0,-9.0,-9.0,1.0,-9.0,-9,0.0,22818.0,2150.0
2864531,2864532,2.0,1158157,6,1,7,4,-9.0,-9.0,-9.0,-9.0,-9.0,-9,0.0,22818.0,2150.0
2864532,2864533,45.0,1158158,1,2,0,4,6.0,-9.0,-9.0,-9.0,4.0,-9,0.0,22812.0,2149.0
2864533,2864534,28.0,1158158,2,2,2,2,6.0,-9.0,-9.0,-9.0,4.0,-9,0.0,22812.0,2149.0
2864534,2864535,23.0,1158158,3,1,2,2,1.0,30.0,1.0,-9.0,4.0,4413,5.0,22812.0,2149.0
2864535,2864536,4.0,1158158,4,1,7,4,-9.0,-9.0,-9.0,1.0,-9.0,-9,0.0,22812.0,2149.0
2864536,2864537,4.0,1158158,5,1,7,4,-9.0,-9.0,-9.0,1.0,-9.0,-9,0.0,22812.0,2149.0
2864537,2864538,2.0,1158158,6,1,7,4,-9.0,-9.0,-9.0,-9.0,-9.0,-9,0.0,22812.0,2149.0
2864538,2864539,45.0,1158159,1,2,0,4,6.0,-9.0,-9.0,-9.0,4.0,-9,0.0,22818.0,2150.0
2864539,2864540,28.0,1158159,2,2,2,2,6.0,-9.0,-9.0,-9.0,4.0,-9,0.0,22818.0,2150.0
2864540,2864541,23.0,1158159,3,1,2,2,1.0,30.0,1.0,-9.0,4.0,4413,5.0,22818.0,2150.0
2864541,2864542,4.0,1158159,4,1,7,4,-9.0,-9.0,-9.0,1.0,-9.0,-9,0.0,22818.0,2150.0
2864542,2864543,4.0,1158159,5,1,7,4,-9.0,-9.0,-9.0,1.0,-9.0,-9,0.0,22818.0,2150.0
2864543,2864544,2.0,1158159,6,1,7,4,-9.0,-9.0,-9.0,-9.0,-9.0,-9,0.0,22818.0,2150.0
2864544,2864545,45.0,1158160,1,2,0,4,6.0,-9.0,-9.0,-9.0,4.0,-9,0.0,22818.0,2150.0
2864545,2864546,28.0,1158160,2,2,2,2,6.0,-9.0,-9.0,-9.0,4.0,-9,0.0,22818.0,2150.0
2864546,2864547,23.0,1158160,3,1,2,2,1.0,30.0,1.0,-9.0,4.0,4413,5.0,22818.0,2150.0
2864547,2864548,4.0,1158160,4,1,7,4,-9.0,-9.0,-9.0,1.0,-9.0,-9,0.0,22818.0,2150.0
2864548,2864549,4.0,1158160,5,1,7,4,-9.0,-9.0,-9.0,1.0,-9.0,-9,0.0,22818.0,2150.0
2864549,2864550,2.0,1158160,6,1,7,4,-9.0,-9.0,-9.0,-9.0,-9.0,-9,0.0,22818.0,2150.0
2864550,2864551,45.0,1158161,1,2,0,4,6.0,-9.0,-9.0,-9.0,4.0,-9,0.0,22816.0,2150.0
2864551,2864552,28.0,1158161,2,2,2,2,6.0,-9.0,-9.0,-9.0,4.0,-9,0.0,22816.0,2150.0
2864552,2864553,23.0,1158161,3,1,2,2,1.0,30.0,1.0,-9.0,4.0,4413,5.0,22816.0,2150.0
2864553,2864554,4.0,1158161,4,1,7,4,-9.0,-9.0,-9.0,1.0,-9.0,-9,0.0,22816.0,2150.0
2864554,2864555,4.0,1158161,5,1,7,4,-9.0,-9.0,-9.0,1.0,-9.0,-9,0.0,22816.0,2150.0
2864555,2864556,2.0,1158161,6,1,7,4,-9.0,-9.0,-9.0,-9.0,-9.0,-9,0.0,22816.0,2150.0
2864556,2864557,45.0,1158162,1,2,0,4,6.0,-9.0,-9.0,-9.0,4.0,-9,0.0,22812.0,2149.0
2864557,2864558,28.0,1158162,2,2,2,2,6.0,-9.0,-9.0,-9.0,4.0,-9,0.0,22812.0,2149.0
2864558,2864559,23.0,1158162,3,1,2,2,1.0,30.0,1.0,-9.0,4.0,4413,5.0,22812.0,2149.0
2864559,2864560,4.0,1158162,4,1,7,4,-9.0,-9.0,-9.0,1.0,-9.0,-9,0.0,22812.0,2149.0
2864560,2864561,4.0,1158162,5,1,7,4,-9.0,-9.0,-9.0,1.0,-9.0,-9,0.0,22812.0,2149.0
2864561,2864562,2.0,1158162,6,1,7,4,-9.0,-9.0,-9.0,-9.0,-9.0,-9,0.0,22812.0,2149.0
2864562,2864563,45.0,1158163,1,2,0,4,6.0,-9.0,-9.0,-9.0,4.0,-9,0.0,22817.0,2150.0
2864563,2864564,28.0,1158163,2,2,2,2,6.0,-9.0,-9.0,-9.0,4.0,-9,0.0,22817.0,2150.0
2864564,2864565,23.0,1158163,3,1,2,2,1.0,30.0,1.0,-9.0,4.0,4413,5.0,22817.0,2150.0
2864565,2864566,4.0,1158163,4,1,7,4,-9.0,-9.0,-9.0,1.0,-9.0,-9,0.0,22817.0,2150.0
2864566,2864567,4.0,1158163,5,1,7,4,-9.0,-9.0,-9.0,1.0,-9.0,-9,0.0,22817.0,2150.0
2864567,2864568,2.0,1158163,6,1,7,4,-9.0,-9.0,-9.0,-9.0,-9.0,-9,0.0,22817.0,2150.0
2864568,2864569,45.0,1158164,1,2,0,4,6.0,-9.0,-9.0,-9.0,4.0,-9,0.0,22812.0,2149.0
2864569,2864570,28.0,1158164,2,2,2,2,6.0,-9.0,-9.0,-9.0,4.0,-9,0.0,22812.0,2149.0
2864570,2864571,23.0,1158164,3,1,2,2,1.0,30.0,1.0,-9.0,4.0,4413,5.0,22812.0,2149.0
2864571,2864572,4.0,1158164,4,1,7,4,-9.0,-9.0,-9.0,1.0,-9.0,-9,0.0,22812.0,2149.0
2864572,2864573,4.0,1158164,5,1,7,4,-9.0,-9.0,-9.0,1.0,-9.0,-9,0.0,22812.0,2149.0
2864573,2864574,2.0,1158164,6,1,7,4,-9.0,-9.0,-9.0,-9.0,-9.0,-9,0.0,22812.0,2149.0
2864574,2864575,45.0,1158165,1,2,0,4,6.0,-9.0,-9.0,-9.0,4.0,-9,0.0,22812.0,2149.0
2864575,2864576,28.0,1158165,2,2,2,2,6.0,-9.0,-9.0,-9.0,4.0,-9,0.0,22812.0,2149.0
2864576,2864577,23.0,1158165,3,1,2,2,1.0,30.0,1.0,-9.0,4.0,4413,5.0,22812.0,2149.0
2864577,2864578,4.0,1158165,4,1,7,4,-9.0,-9.0,-9.0,1.0,-9.0,-9,0.0,22812.0,2149.0
2864578,2864579,4.0,1158165,5,1,7,4,-9.0,-9.0,-9.0,1.0,-9.0,-9,0.0,22812.0,2149.0
2864579,2864580,2.0,1158165,6,1,7,4,-9.0,-9.0,-9.0,-9.0,-9.0,-9,0.0,22812.0,2149.0
2864580,2864581,45.0,1158166,1,2,0,4,6.0,-9.0,-9.0,-9.0,4.0,-9,0.0,22817.0,2150.0
2864581,2864582,28.0,1158166,2,2,2,2,6.0,-9.0,-9.0,-9.0,4.0,-9,0.0,22817.0,2150.0
2864582,2864583,23.0,1158166,3,1,2,2,1.0,30.0,1.0,-9.0,4.0,4413,5.0,22817.0,2150.0
2864583,2864584,4.0,1158166,4,1,7,4,-9.0,-9.0,-9.0,1.0,-9.0,-9,0.0,22817.0,2150.0
2864584,2864585,4.0,1158166,5,1,7,4,-9.0,-9.0,-9.0,1.0,-9.0,-9,0.0,22817.0,2150.0
2864585,2864586,2.0,1158166,6,1,7,4,-9.0,-9.0,-9.0,-9.0,-9.0,-9,0.0,22817.0,2150.0
2864586,2864587,45.0,1158167,1,2,0,4,6.0,-9.0,-9.0,-9.0,4.0,-9,0.0,22812.0,2149.0
2864587,2864588,28.0,1158167,2,2,2,2,6.0,-9.0,-9.0,-9.0,4.0,-9,0.0,22812.0,2149.0
2864588,2864589,23.0,1158167,3,1,2,2,1.0,30.0,1.0,-9.0,4.0,4413,5.0,22812.0,2149.0
2864589,2864590,4.0,1158167,4,1,7,4,-9.0,-9.0,-9.0,1.0,-9.0,-9,0.0,22812.0,2149.0
2864590,2864591,4.0,1158167,5,1,7,4,-9.0,-9.0,-9.0,1.0,-9.0,-9,0.0,22812.0,2149.0
2864591,2864592,2.0,1158167,6,1,7,4,-9.0,-9.0,-9.0,-9.0,-9.0,-9,0.0,22812.0,2149.0
2864592,2864593,45.0,1158168,1,2,0,4,6.0,-9.0,-9.0,-9.0,4.0,-9,0.0,22818.0,2150.0
2864593,2864594,28.0,1158168,2,2,2,2,6.0,-9.0,-9.0,-9.0,4.0,-9,0.0,22818.0,2150.0
2864594,2864595,23.0,1158168,3,1,2,2,1.0,30.0,1.0,-9.0,4.0,4413,5.0,22818.0,2150.0
2864595,2864596,4.0,1158168,4,1,7,4,-9.0,-9.0,-9.0,1.0,-9.0,-9,0.0,22818.0,2150.0
2864596,2864597,4.0,1158168,5,1,7,4,-9.0,-9.0,-9.0,1.0,-9.0,-9,0.0,22818.0,2150.0
2864597,2864598,2.0,1158168,6,1,7,4,-9.0,-9.0,-9.0,-9.0,-9.0,-9,0.0,22818.0,2150.0
2864598,2864599,45.0,1158169,1,2,0,4,6.0,-9.0,-9.0,-9.0,4.0,-9,0.0,22812.0,2149.0
2864599,2864600,28.0,1158169,2,2,2,2,6.0,-9.0,-9.0,-9.0,4.0,-9,0.0,22812.0,2149.0
2864600,2864601,23.0,1158169,3,1,2,2,1.0,30.0,1.0,-9.0,4.0,4413,5.0,22812.0,2149.0
2864601,2864602,4.0,1158169,4,1,7,4,-9.0,-9.0,-9.0,1.0,-9.0,-9,0.0,22812.0,2149.0
2864602,2864603,4.0,1158169,5,1,7,4,-9.0,-9.0,-9.0,1.0,-9.0,-9,0.0,22812.0,2149.0
2864603,2864604,2.0,1158169,6,1,7,4,-9.0,-9.0,-9.0,-9.0,-9.0,-9,0.0,22812.0,2149.0
2864604,2864605,45.0,1158170,1,2,0,4,6.0,-9.0,-9.0,-9.0,4.0,-9,0.0,22816.0,2150.0
2864605,2864606,28.0,1158170,2,2,2,2,6.0,-9.0,-9.0,-9.0,4.0,-9,0.0,22816.0,2150.0
2864606,2864607,23.0,1158170,3,1,2,2,1.0,30.0,1.0,-9.0,4.0,4413,5.0,22816.0,2150.0
2864607,2864608,4.0,1158170,4,1,7,4,-9.0,-9.0,-9.0,1.0,-9.0,-9,0.0,22816.0,2150.0
2864608,2864609,4.0,1158170,5,1,7,4,-9.0,-9.0,-9.0,1.0,-9.0,-9,0.0,22816.0,2150.0
2864609,2864610,2.0,1158170,6,1,7,4,-9.0,-9.0,-9.0,-9.0,-9.0,-9,0.0,22816.0,2150.0
2864610,2864611,45.0,1158171,1,2,0,4,6.0,-9.0,-9.0,-9.0,4.0,-9,0.0,22812.0,2149.0
2864611,2864612,28.0,1158171,2,2,2,2,6.0,-9.0,-9.0,-9.0,4.0,-9,0.0,22812.0,2149.0
2864612,2864613,23.0,1158171,3,1,2,2,1.0,30.0,1.0,-9.0,4.0,4413,5.0,22812.0,2149.0
2864613,2864614,4.0,1158171,4,1,7,4,-9.0,-9.0,-9.0,1.0,-9.0,-9,0.0,22812.0,2149.0
2864614,2864615,4.0,1158171,5,1,7,4,-9.0,-9.0,-9.0,1.0,-9.0,-9,0.0,22812.0,2149.0
2864615,2864616,2.0,1158171,6,1,7,4,-9.0,-9.0,-9.0,-9.0,-9.0,-9,0.0,22812.0,2149.0
2864616,2864617,45.0,1158172,1,2,0,4,6.0,-9.0,-9.0,-9.0,4.0,-9,0.0,22812.0,2149.0
2864617,2864618,28.0,1158172,2,2,2,2,6.0,-9.0,-9.0,-9.0,4.0,-9,0.0,22812.0,2149.0
2864618,2864619,23.0,1158172,3,1,2,2,1.0,30.0,1.0,-9.0,4.0,4413,5.0,22812.0,2149.0
2864619,2864620,4.0,1158172,4,1,7,4,-9.0,-9.0,-9.0,1.0,-9.0,-9,0.0,22812.0,2149.0
2864620,2864621,4.0,1158172,5,1,7,4,-9.0,-9.0,-9.0,1.0,-9.0,-9,0.0,22812.0,2149.0
2864621,2864622,2.0,1158172,6,1,7,4,-9.0,-9.0,-9.0,-9.0,-9.0,-9,0.0,22812.0,2149.0
2864622,2864623,45.0,1158173,1,2,0,4,6.0,-9.0,-9.0,-9.0,4.0,-9,0.0,22818.0,2150.0
2864623,2864624,28.0,1158173,2,2,2,2,6.0,-9.0,-9.0,-9.0,4.0,-9,0.0,22818.0,2150.0
2864624,2864625,23.0,1158173,3,1,2,2,1.0,30.0,1.0,-9.0,4.0,4413,5.0,22818.0,2150.0
2864625,2864626,4.0,1158173,4,1,7,4,-9.0,-9.0,-9.0,1.0,-9.0,-9,0.0,22818.0,2150.0
2864626,2864627,4.0,1158173,5,1,7,4,-9.0,-9.0,-9.0,1.0,-9.0,-9,0.0,22818.0,2150.0
2864627,2864628,2.0,1158173,6,1,7,4,-9.0,-9.0,-9.0,-9.0,-9.0,-9,0.0,22818.0,2150.0
2864628,2864629,45.0,1158174,1,2,0,4,6.0,-9.0,-9.0,-9.0,4.0,-9,0.0,22817.0,2150.0
2864629,2864630,28.0,1158174,2,2,2,2,6.0,-9.0,-9.0,-9.0,4.0,-9,0.0,22817.0,2150.0
2864630,2864631,23.0,1158174,3,1,2,2,1.0,30.0,1.0,-9.0,4.0,4413,5.0,22817.0,2150.0
2864631,2864632,4.0,1158174,4,1,7,4,-9.0,-9.0,-9.0,1.0,-9.0,-9,0.0,22817.0,2150.0
2864632,2864633,4.0,1158174,5,1,7,4,-9.0,-9.0,-9.0,1.0,-9.0,-9,0.0,22817.0,2150.0
2864633,2864634,2.0,1158174,6,1,7,4,-9.0,-9.0,-9.0,-9.0,-9.0,-9,0.0,22817.0,2150.0
2864634,2864635,45.0,1158175,1,2,0,4,6.0,-9.0,-9.0,-9.0,4.0,-9,0.0,22812.0,2149.0
2864635,2864636,28.0,1158175,2,2,2,2,6.0,-9.0,-9.0,-9.0,4.0,-9,0.0,22812.0,2149.0
2864636,2864637,23.0,1158175,3,1,2,2,1.0,30.0,1.0,-9.0,4.0,4413,5.0,22812.0,2149.0
2864637,2864638,4.0,1158175,4,1,7,4,-9.0,-9.0,-9.0,1.0,-9.0,-9,0.0,22812.0,2149.0
2864638,2864639,4.0,1158175,5,1,7,4,-9.0,-9.0,-9.0,1.0,-9.0,-9,0.0,22812.0,2149.0
2864639,2864640,2.0,1158175,6,1,7,4,-9.0,-9.0,-9.0,-9.0,-9.0,-9,0.0,22812.0,2149.0
2864640,2864641,45.0,1158176,1,2,0,4,6.0,-9.0,-9.0,-9.0,4.0,-9,0.0,22818.0,2150.0
2864641,2864642,28.0,1158176,2,2,2,2,6.0,-9.0,-9.0,-9.0,4.0,-9,0.0,22818.0,2150.0
2864642,2864643,23.0,1158176,3,1,2,2,1.0,30.0,1.0,-9.0,4.0,4413,5.0,22818.0,2150.0
2864643,2864644,4.0,1158176,4,1,7,4,-9.0,-9.0,-9.0,1.0,-9.0,-9,0.0,22818.0,2150.0
2864644,2864645,4.0,1158176,5,1,7,4,-9.0,-9.0,-9.0,1.0,-9.0,-9,0.0,22818.0,2150.0
2864645,2864646,2.0,1158176,6,1,7,4,-9.0,-9.0,-9.0,-9.0,-9.0,-9,0.0,22818.0,2150.0
2864646,2864647,49.0,1158177,1,2,0,1,1.0,40.0,1.0,-9.0,4.0,622M,15.0,22815.0,2150.0
2864647,2864648,50.0,1158177,2,1,1,1,1.0,40.0,1.0,-9.0,4.0,621M,14.0,22815.0,2150.0
2864648,2864649,23.0,1158177,3,1,2,1,1.0,30.0,4.0,-9.0,4.0,23,2.0,22815.0,2150.0
2864649,2864650,49.0,1158178,1,2,0,1,1.0,40.0,1.0,-9.0,4.0,622M,15.0,22818.0,2150.0
2864650,2864651,50.0,1158178,2,1,1,1,1.0,40.0,1.0,-9.0,4.0,621M,14.0,22818.0,2150.0
2864651,2864652,23.0,1158178,3,1,2,1,1.0,30.0,4.0,-9.0,4.0,23,2.0,22818.0,2150.0
2864652,2864653,49.0,1158179,1,2,0,1,1.0,40.0,1.0,-9.0,4.0,622M,15.0,22817.0,2150.0
2864653,2864654,50.0,1158179,2,1,1,1,1.0,40.0,1.0,-9.0,4.0,621M,14.0,22817.0,2150.0
2864654,2864655,23.0,1158179,3,1,2,1,1.0,30.0,4.0,-9.0,4.0,23,2.0,22817.0,2150.0
2864655,2864656,49.0,1158180,1,2,0,1,1.0,40.0,1.0,-9.0,4.0,622M,15.0,22817.0,2150.0
2864656,2864657,50.0,1158180,2,1,1,1,1.0,40.0,1.0,-9.0,4.0,621M,14.0,22817.0,2150.0
2864657,2864658,23.0,1158180,3,1,2,1,1.0,30.0,4.0,-9.0,4.0,23,2.0,22817.0,2150.0
2864658,2864659,49.0,1158181,1,2,0,1,1.0,40.0,1.0,-9.0,4.0,622M,15.0,22817.0,2150.0
2864659,2864660,50.0,1158181,2,1,1,1,1.0,40.0,1.0,-9.0,4.0,621M,14.0,22817.0,2150.0
2864660,2864661,23.0,1158181,3,1,2,1,1.0,30.0,4.0,-9.0,4.0,23,2.0,22817.0,2150.0
2864661,2864662,49.0,1158182,1,2,0,1,1.0,40.0,1.0,-9.0,4.0,622M,15.0,22812.0,2149.0
2864662,2864663,50.0,1158182,2,1,1,1,1.0,40.0,1.0,-9.0,4.0,621M,14.0,22812.0,2149.0
2864663,2864664,23.0,1158182,3,1,2,1,1.0,30.0,4.0,-9.0,4.0,23,2.0,22812.0,2149.0
2864664,2864665,49.0,1158183,1,2,0,1,1.0,40.0,1.0,-9.0,4.0,622M,15.0,22818.0,2150.0
2864665,2864666,50.0,1158183,2,1,1,1,1.0,40.0,1.0,-9.0,4.0,621M,14.0,22818.0,2150.0
2864666,2864667,23.0,1158183,3,1,2,1,1.0,30.0,4.0,-9.0,4.0,23,2.0,22818.0,2150.0
2864667,2864668,49.0,1158184,1,2,0,1,1.0,40.0,1.0,-9.0,4.0,622M,15.0,22812.0,2149.0
2864668,2864669,50.0,1158184,2,1,1,1,1.0,40.0,1.0,-9.0,4.0,621M,14.0,22812.0,2149.0
2864669,2864670,23.0,1158184,3,1,2,1,1.0,30.0,4.0,-9.0,4.0,23,2.0,22812.0,2149.0
2864670,2864671,49.0,1158185,1,2,0,1,1.0,40.0,1.0,-9.0,4.0,622M,15.0,22816.0,2150.0
2864671,2864672,50.0,1158185,2,1,1,1,1.0,40.0,1.0,-9.0,4.0,621M,14.0,22816.0,2150.0
2864672,2864673,23.0,1158185,3,1,2,1,1.0,30.0,4.0,-9.0,4.0,23,2.0,22816.0,2150.0
2864673,2864674,49.0,1158186,1,2,0,1,1.0,40.0,1.0,-9.0,4.0,622M,15.0,22812.0,2149.0
2864674,2864675,50.0,1158186,2,1,1,1,1.0,40.0,1.0,-9.0,4.0,621M,14.0,22812.0,2149.0
2864675,2864676,23.0,1158186,3,1,2,1,1.0,30.0,4.0,-9.0,4.0,23,2.0,22812.0,2149.0
2864676,2864677,49.0,1158187,1,2,0,1,1.0,40.0,1.0,-9.0,4.0,622M,15.0,22817.0,2150.0
2864677,2864678,50.0,1158187,2,1,1,1,1.0,40.0,1.0,-9.0,4.0,621M,14.0,22817.0,2150.0
2864678,2864679,23.0,1158187,3,1,2,1,1.0,30.0,4.0,-9.0,4.0,23,2.0,22817.0,2150.0
2864679,2864680,49.0,1158188,1,2,0,1,1.0,40.0,1.0,-9.0,4.0,622M,15.0,22818.0,2150.0
2864680,2864681,50.0,1158188,2,1,1,1,1.0,40.0,1.0,-9.0,4.0,621M,14.0,22818.0,2150.0
2864681,2864682,23.0,1158188,3,1,2,1,1.0,30.0,4.0,-9.0,4.0,23,2.0,22818.0,2150.0
2864682,2864683,49.0,1158189,1,2,0,1,1.0,40.0,1.0,-9.0,4.0,622M,15.0,22818.0,2150.0
2864683,2864684,50.0,1158189,2,1,1,1,1.0,40.0,1.0,-9.0,4.0,621M,14.0,22818.0,2150.0
2864684,2864685,23.0,1158189,3,1,2,1,1.0,30.0,4.0,-9.0,4.0,23,2.0,22818.0,2150.0
2864685,2864686,49.0,1158190,1,2,0,1,1.0,40.0,1.0,-9.0,4.0,622M,15.0,22812.0,2149.0
2864686,2864687,50.0,1158190,2,1,1,1,1.0,40.0,1.0,-9.0,4.0,621M,14.0,22812.0,2149.0
2864687,2864688,23.0,1158190,3,1,2,1,1.0,30.0,4.0,-9.0,4.0,23,2.0,22812.0,2149.0
2864688,2864689,49.0,1158191,1,2,0,1,1.0,40.0,1.0,-9.0,4.0,622M,15.0,22817.0,2150.0
2864689,2864690,50.0,1158191,2,1,1,1,1.0,40.0,1.0,-9.0,4.0,621M,14.0,22817.0,2150.0
2864690,2864691,23.0,1158191,3,1,2,1,1.0,30.0,4.0,-9.0,4.0,23,2.0,22817.0,2150.0
2864691,2864692,49.0,1158192,1,2,0,1,1.0,40.0,1.0,-9.0,4.0,622M,15.0,22817.0,2150.0
2864692,2864693,50.0,1158192,2,1,1,1,1.0,40.0,1.0,-9.0,4.0,621M,14.0,22817.0,2150.0
2864693,2864694,23.0,1158192,3,1,2,1,1.0,30.0,4.0,-9.0,4.0,23,2.0,22817.0,2150.0
2864694,2864695,49.0,1158193,1,2,0,1,1.0,40.0,1.0,-9.0,4.0,622M,15.0,22817.0,2150.0
2864695,2864696,50.0,1158193,2,1,1,1,1.0,40.0,1.0,-9.0,4.0,621M,14.0,22817.0,2150.0
2864696,2864697,23.0,1158193,3,1,2,1,1.0,30.0,4.0,-9.0,4.0,23,2.0,22817.0,2150.0
2864697,2864698,49.0,1158194,1,2,0,1,1.0,40.0,1.0,-9.0,4.0,622M,15.0,22818.0,2150.0
2864698,2864699,50.0,1158194,2,1,1,1,1.0,40.0,1.0,-9.0,4.0,621M,14.0,22818.0,2150.0
2864699,2864700,23.0,1158194,3,1,2,1,1.0,30.0,4.0,-9.0,4.0,23,2.0,22818.0,2150.0
2864700,2864701,49.0,1158195,1,2,0,1,1.0,40.0,1.0,-9.0,4.0,622M,15.0,22818.0,2150.0
2864701,2864702,50.0,1158195,2,1,1,1,1.0,40.0,1.0,-9.0,4.0,621M,14.0,22818.0,2150.0
2864702,2864703,23.0,1158195,3,1,2,1,1.0,30.0,4.0,-9.0,4.0,23,2.0,22818.0,2150.0
2864703,2864704,49.0,1158196,1,2,0,1,1.0,40.0,1.0,-9.0,4.0,622M,15.0,22816.0,2150.0
2864704,2864705,50.0,1158196,2,1,1,1,1.0,40.0,1.0,-9.0,4.0,621M,14.0,22816.0,2150.0
2864705,2864706,23.0,1158196,3,1,2,1,1.0,30.0,4.0,-9.0,4.0,23,2.0,22816.0,2150.0
2864706,2864707,49.0,1158197,1,2,0,1,1.0,40.0,1.0,-9.0,4.0,622M,15.0,22817.0,2150.0
2864707,2864708,50.0,1158197,2,1,1,1,1.0,40.0,1.0,-9.0,4.0,621M,14.0,22817.0,2150.0
2864708,2864709,23.0,1158197,3,1,2,1,1.0,30.0,4.0,-9.0,4.0,23,2.0,22817.0,2150.0
2864709,2864710,49.0,1158198,1,2,0,1,1.0,40.0,1.0,-9.0,4.0,622M,15.0,22818.0,2150.0
2864710,2864711,50.0,1158198,2,1,1,1,1.0,40.0,1.0,-9.0,4.0,621M,14.0,22818.0,2150.0
2864711,2864712,23.0,1158198,3,1,2,1,1.0,30.0,4.0,-9.0,4.0,23,2.0,22818.0,2150.0
2864712,2864713,49.0,1158199,1,2,0,1,1.0,40.0,1.0,-9.0,4.0,622M,15.0,22818.0,2150.0
2864713,2864714,50.0,1158199,2,1,1,1,1.0,40.0,1.0,-9.0,4.0,621M,14.0,22818.0,2150.0
2864714,2864715,23.0,1158199,3,1,2,1,1.0,30.0,4.0,-9.0,4.0,23,2.0,22818.0,2150.0
2864715,2864716,49.0,1158200,1,2,0,1,1.0,40.0,1.0,-9.0,4.0,622M,15.0,22816.0,2150.0
2864716,2864717,50.0,1158200,2,1,1,1,1.0,40.0,1.0,-9.0,4.0,621M,14.0,22816.0,2150.0
2864717,2864718,23.0,1158200,3,1,2,1,1.0,30.0,4.0,-9.0,4.0,23,2.0,22816.0,2150.0
2864718,2864719,49.0,1158201,1,2,0,1,1.0,40.0,1.0,-9.0,4.0,622M,15.0,22812.0,2149.0
2864719,2864720,50.0,1158201,2,1,1,1,1.0,40.0,1.0,-9.0,4.0,621M,14.0,22812.0,2149.0
2864720,2864721,23.0,1158201,3,1,2,1,1.0,30.0,4.0,-9.0,4.0,23,2.0,22812.0,2149.0
2864721,2864722,49.0,1158202,1,2,0,1,1.0,40.0,1.0,-9.0,4.0,622M,15.0,22816.0,2150.0
2864722,2864723,50.0,1158202,2,1,1,1,1.0,40.0,1.0,-9.0,4.0,621M,14.0,22816.0,2150.0
2864723,2864724,23.0,1158202,3,1,2,1,1.0,30.0,4.0,-9.0,4.0,23,2.0,22816.0,2150.0
2864724,2864725,49.0,1158203,1,2,0,1,1.0,40.0,1.0,-9.0,4.0,622M,15.0,22817.0,2150.0
2864725,2864726,50.0,1158203,2,1,1,1,1.0,40.0,1.0,-9.0,4.0,621M,14.0,22817.0,2150.0
2864726,2864727,23.0,1158203,3,1,2,1,1.0,30.0,4.0,-9.0,4.0,23,2.0,22817.0,2150.0
2864727,2864728,49.0,1158204,1,2,0,1,1.0,40.0,1.0,-9.0,4.0,622M,15.0,22818.0,2150.0
2864728,2864729,50.0,1158204,2,1,1,1,1.0,40.0,1.0,-9.0,4.0,621M,14.0,22818.0,2150.0
2864729,2864730,23.0,1158204,3,1,2,1,1.0,30.0,4.0,-9.0,4.0,23,2.0,22818.0,2150.0
2864730,2864731,49.0,1158205,1,2,0,1,1.0,40.0,1.0,-9.0,4.0,622M,15.0,22815.0,2150.0
2864731,2864732,50.0,1158205,2,1,1,1,1.0,40.0,1.0,-9.0,4.0,621M,14.0,22815.0,2150.0
2864732,2864733,23.0,1158205,3,1,2,1,1.0,30.0,4.0,-9.0,4.0,23,2.0,22815.0,2150.0
2864733,2864734,49.0,1158206,1,2,0,1,1.0,40.0,1.0,-9.0,4.0,622M,15.0,22817.0,2150.0
2864734,2864735,50.0,1158206,2,1,1,1,1.0,40.0,1.0,-9.0,4.0,621M,14.0,22817.0,2150.0
2864735,2864736,23.0,1158206,3,1,2,1,1.0,30.0,4.0,-9.0,4.0,23,2.0,22817.0,2150.0
2864736,2864737,26.0,1158207,1,2,0,4,1.0,40.0,3.0,16.0,4.0,611M1,13.0,22817.0,2150.0
2864737,2864738,24.0,1158207,2,2,12,4,6.0,-9.0,-9.0,16.0,4.0,-9,0.0,22817.0,2150.0
2864738,2864739,26.0,1158208,1,2,0,4,1.0,40.0,3.0,16.0,4.0,611M1,13.0,22816.0,2150.0
2864739,2864740,24.0,1158208,2,2,12,4,6.0,-9.0,-9.0,16.0,4.0,-9,0.0,22816.0,2150.0
2864740,2864741,26.0,1158209,1,2,0,4,1.0,40.0,3.0,16.0,4.0,611M1,13.0,22818.0,2150.0
2864741,2864742,24.0,1158209,2,2,12,4,6.0,-9.0,-9.0,16.0,4.0,-9,0.0,22818.0,2150.0
2864742,2864743,26.0,1158210,1,2,0,4,1.0,40.0,3.0,16.0,4.0,611M1,13.0,22812.0,2149.0
2864743,2864744,24.0,1158210,2,2,12,4,6.0,-9.0,-9.0,16.0,4.0,-9,0.0,22812.0,2149.0
2864744,2864745,26.0,1158211,1,2,0,4,1.0,40.0,3.0,16.0,4.0,611M1,13.0,22812.0,2149.0
2864745,2864746,24.0,1158211,2,2,12,4,6.0,-9.0,-9.0,16.0,4.0,-9,0.0,22812.0,2149.0
2864746,2864747,26.0,1158212,1,2,0,4,1.0,40.0,3.0,16.0,4.0,611M1,13.0,22818.0,2150.0
2864747,2864748,24.0,1158212,2,2,12,4,6.0,-9.0,-9.0,16.0,4.0,-9,0.0,22818.0,2150.0
2864748,2864749,26.0,1158213,1,2,0,4,1.0,40.0,3.0,16.0,4.0,611M1,13.0,22818.0,2150.0
2864749,2864750,24.0,1158213,2,2,12,4,6.0,-9.0,-9.0,16.0,4.0,-9,0.0,22818.0,2150.0
2864750,2864751,26.0,1158214,1,2,0,4,1.0,40.0,3.0,16.0,4.0,611M1,13.0,22817.0,2150.0
2864751,2864752,24.0,1158214,2,2,12,4,6.0,-9.0,-9.0,16.0,4.0,-9,0.0,22817.0,2150.0
2864752,2864753,26.0,1158215,1,2,0,4,1.0,40.0,3.0,16.0,4.0,611M1,13.0,22816.0,2150.0
2864753,2864754,24.0,1158215,2,2,12,4,6.0,-9.0,-9.0,16.0,4.0,-9,0.0,22816.0,2150.0
2864754,2864755,26.0,1158216,1,2,0,4,1.0,40.0,3.0,16.0,4.0,611M1,13.0,22818.0,2150.0
2864755,2864756,24.0,1158216,2,2,12,4,6.0,-9.0,-9.0,16.0,4.0,-9,0.0,22818.0,2150.0
2864756,2864757,26.0,1158217,1,2,0,4,1.0,40.0,3.0,16.0,4.0,611M1,13.0,22817.0,2150.0
2864757,2864758,24.0,1158217,2,2,12,4,6.0,-9.0,-9.0,16.0,4.0,-9,0.0,22817.0,2150.0
2864758,2864759,26.0,1158218,1,2,0,4,1.0,40.0,3.0,16.0,4.0,611M1,13.0,22817.0,2150.0
2864759,2864760,24.0,1158218,2,2,12,4,6.0,-9.0,-9.0,16.0,4.0,-9,0.0,22817.0,2150.0
2864760,2864761,26.0,1158219,1,2,0,4,1.0,40.0,3.0,16.0,4.0,611M1,13.0,22818.0,2150.0
2864761,2864762,24.0,1158219,2,2,12,4,6.0,-9.0,-9.0,16.0,4.0,-9,0.0,22818.0,2150.0
2864762,2864763,26.0,1158220,1,2,0,4,1.0,40.0,3.0,16.0,4.0,611M1,13.0,22818.0,2150.0
2864763,2864764,24.0,1158220,2,2,12,4,6.0,-9.0,-9.0,16.0,4.0,-9,0.0,22818.0,2150.0
2864764,2864765,26.0,1158221,1,2,0,4,1.0,40.0,3.0,16.0,4.0,611M1,13.0,22816.0,2150.0
2864765,2864766,24.0,1158221,2,2,12,4,6.0,-9.0,-9.0,16.0,4.0,-9,0.0,22816.0,2150.0
2864766,2864767,26.0,1158222,1,2,0,4,1.0,40.0,3.0,16.0,4.0,611M1,13.0,22818.0,2150.0
2864767,2864768,24.0,1158222,2,2,12,4,6.0,-9.0,-9.0,16.0,4.0,-9,0.0,22818.0,2150.0
2864768,2864769,26.0,1158223,1,2,0,4,1.0,40.0,3.0,16.0,4.0,611M1,13.0,22816.0,2150.0
2864769,2864770,24.0,1158223,2,2,12,4,6.0,-9.0,-9.0,16.0,4.0,-9,0.0,22816.0,2150.0
2864770,2864771,26.0,1158224,1,2,0,4,1.0,40.0,3.0,16.0,4.0,611M1,13.0,22817.0,2150.0
2864771,2864772,24.0,1158224,2,2,12,4,6.0,-9.0,-9.0,16.0,4.0,-9,0.0,22817.0,2150.0
2864772,2864773,26.0,1158225,1,2,0,4,1.0,40.0,3.0,16.0,4.0,611M1,13.0,22812.0,2149.0
2864773,2864774,24.0,1158225,2,2,12,4,6.0,-9.0,-9.0,16.0,4.0,-9,0.0,22812.0,2149.0
2864774,2864775,26.0,1158226,1,2,0,1,1.0,60.0,1.0,16.0,4.0,611M1,13.0,22816.0,2150.0
2864775,2864776,28.0,1158226,2,2,12,1,1.0,30.0,6.0,16.0,4.0,611M1,13.0,22816.0,2150.0
2864776,2864777,28.0,1158226,3,1,12,2,1.0,40.0,1.0,-9.0,4.0,5617Z,12.0,22816.0,2150.0
2864777,2864778,24.0,1158226,4,2,12,1,1.0,70.0,1.0,16.0,4.0,611M1,13.0,22816.0,2150.0
2864778,2864779,26.0,1158227,1,2,0,1,1.0,60.0,1.0,16.0,4.0,611M1,13.0,22816.0,2150.0
2864779,2864780,28.0,1158227,2,2,12,1,1.0,30.0,6.0,16.0,4.0,611M1,13.0,22816.0,2150.0
2864780,2864781,28.0,1158227,3,1,12,2,1.0,40.0,1.0,-9.0,4.0,5617Z,12.0,22816.0,2150.0
2864781,2864782,24.0,1158227,4,2,12,1,1.0,70.0,1.0,16.0,4.0,611M1,13.0,22816.0,2150.0
2864782,2864783,26.0,1158228,1,2,0,1,1.0,60.0,1.0,16.0,4.0,611M1,13.0,22817.0,2150.0
2864783,2864784,28.0,1158228,2,2,12,1,1.0,30.0,6.0,16.0,4.0,611M1,13.0,22817.0,2150.0
2864784,2864785,28.0,1158228,3,1,12,2,1.0,40.0,1.0,-9.0,4.0,5617Z,12.0,22817.0,2150.0
2864785,2864786,24.0,1158228,4,2,12,1,1.0,70.0,1.0,16.0,4.0,611M1,13.0,22817.0,2150.0
2864786,2864787,26.0,1158229,1,2,0,1,1.0,60.0,1.0,16.0,4.0,611M1,13.0,22812.0,2149.0
2864787,2864788,28.0,1158229,2,2,12,1,1.0,30.0,6.0,16.0,4.0,611M1,13.0,22812.0,2149.0
2864788,2864789,28.0,1158229,3,1,12,2,1.0,40.0,1.0,-9.0,4.0,5617Z,12.0,22812.0,2149.0
2864789,2864790,24.0,1158229,4,2,12,1,1.0,70.0,1.0,16.0,4.0,611M1,13.0,22812.0,2149.0
2864790,2864791,26.0,1158230,1,2,0,1,1.0,60.0,1.0,16.0,4.0,611M1,13.0,22812.0,2149.0
2864791,2864792,28.0,1158230,2,2,12,1,1.0,30.0,6.0,16.0,4.0,611M1,13.0,22812.0,2149.0
2864792,2864793,28.0,1158230,3,1,12,2,1.0,40.0,1.0,-9.0,4.0,5617Z,12.0,22812.0,2149.0
2864793,2864794,24.0,1158230,4,2,12,1,1.0,70.0,1.0,16.0,4.0,611M1,13.0,22812.0,2149.0
2864794,2864795,26.0,1158231,1,2,0,1,1.0,60.0,1.0,16.0,4.0,611M1,13.0,22817.0,2150.0
2864795,2864796,28.0,1158231,2,2,12,1,1.0,30.0,6.0,16.0,4.0,611M1,13.0,22817.0,2150.0
2864796,2864797,28.0,1158231,3,1,12,2,1.0,40.0,1.0,-9.0,4.0,5617Z,12.0,22817.0,2150.0
2864797,2864798,24.0,1158231,4,2,12,1,1.0,70.0,1.0,16.0,4.0,611M1,13.0,22817.0,2150.0
2864798,2864799,26.0,1158232,1,2,0,1,1.0,60.0,1.0,16.0,4.0,611M1,13.0,22815.0,2150.0
2864799,2864800,28.0,1158232,2,2,12,1,1.0,30.0,6.0,16.0,4.0,611M1,13.0,22815.0,2150.0
2864800,2864801,28.0,1158232,3,1,12,2,1.0,40.0,1.0,-9.0,4.0,5617Z,12.0,22815.0,2150.0
2864801,2864802,24.0,1158232,4,2,12,1,1.0,70.0,1.0,16.0,4.0,611M1,13.0,22815.0,2150.0
2864802,2864803,26.0,1158233,1,2,0,1,1.0,60.0,1.0,16.0,4.0,611M1,13.0,22816.0,2150.0
2864803,2864804,28.0,1158233,2,2,12,1,1.0,30.0,6.0,16.0,4.0,611M1,13.0,22816.0,2150.0
2864804,2864805,28.0,1158233,3,1,12,2,1.0,40.0,1.0,-9.0,4.0,5617Z,12.0,22816.0,2150.0
2864805,2864806,24.0,1158233,4,2,12,1,1.0,70.0,1.0,16.0,4.0,611M1,13.0,22816.0,2150.0
2864806,2864807,26.0,1158234,1,2,0,1,1.0,60.0,1.0,16.0,4.0,611M1,13.0,22812.0,2149.0
2864807,2864808,28.0,1158234,2,2,12,1,1.0,30.0,6.0,16.0,4.0,611M1,13.0,22812.0,2149.0
2864808,2864809,28.0,1158234,3,1,12,2,1.0,40.0,1.0,-9.0,4.0,5617Z,12.0,22812.0,2149.0
2864809,2864810,24.0,1158234,4,2,12,1,1.0,70.0,1.0,16.0,4.0,611M1,13.0,22812.0,2149.0
2864810,2864811,26.0,1158235,1,2,0,1,1.0,60.0,1.0,16.0,4.0,611M1,13.0,22818.0,2150.0
2864811,2864812,28.0,1158235,2,2,12,1,1.0,30.0,6.0,16.0,4.0,611M1,13.0,22818.0,2150.0
2864812,2864813,28.0,1158235,3,1,12,2,1.0,40.0,1.0,-9.0,4.0,5617Z,12.0,22818.0,2150.0
2864813,2864814,24.0,1158235,4,2,12,1,1.0,70.0,1.0,16.0,4.0,611M1,13.0,22818.0,2150.0
2864814,2864815,26.0,1158236,1,2,0,1,1.0,60.0,1.0,16.0,4.0,611M1,13.0,22815.0,2150.0
2864815,2864816,28.0,1158236,2,2,12,1,1.0,30.0,6.0,16.0,4.0,611M1,13.0,22815.0,2150.0
2864816,2864817,28.0,1158236,3,1,12,2,1.0,40.0,1.0,-9.0,4.0,5617Z,12.0,22815.0,2150.0
2864817,2864818,24.0,1158236,4,2,12,1,1.0,70.0,1.0,16.0,4.0,611M1,13.0,22815.0,2150.0
2864818,2864819,26.0,1158237,1,2,0,1,1.0,60.0,1.0,16.0,4.0,611M1,13.0,22816.0,2150.0
2864819,2864820,28.0,1158237,2,2,12,1,1.0,30.0,6.0,16.0,4.0,611M1,13.0,22816.0,2150.0
2864820,2864821,28.0,1158237,3,1,12,2,1.0,40.0,1.0,-9.0,4.0,5617Z,12.0,22816.0,2150.0
2864821,2864822,24.0,1158237,4,2,12,1,1.0,70.0,1.0,16.0,4.0,611M1,13.0,22816.0,2150.0
2864822,2864823,26.0,1158238,1,2,0,1,1.0,60.0,1.0,16.0,4.0,611M1,13.0,22818.0,2150.0
2864823,2864824,28.0,1158238,2,2,12,1,1.0,30.0,6.0,16.0,4.0,611M1,13.0,22818.0,2150.0
2864824,2864825,28.0,1158238,3,1,12,2,1.0,40.0,1.0,-9.0,4.0,5617Z,12.0,22818.0,2150.0
2864825,2864826,24.0,1158238,4,2,12,1,1.0,70.0,1.0,16.0,4.0,611M1,13.0,22818.0,2150.0
2864826,2864827,26.0,1158239,1,2,0,1,1.0,60.0,1.0,16.0,4.0,611M1,13.0,22817.0,2150.0
2864827,2864828,28.0,1158239,2,2,12,1,1.0,30.0,6.0,16.0,4.0,611M1,13.0,22817.0,2150.0
2864828,2864829,28.0,1158239,3,1,12,2,1.0,40.0,1.0,-9.0,4.0,5617Z,12.0,22817.0,2150.0
2864829,2864830,24.0,1158239,4,2,12,1,1.0,70.0,1.0,16.0,4.0,611M1,13.0,22817.0,2150.0
2864830,2864831,26.0,1158240,1,2,0,1,1.0,60.0,1.0,16.0,4.0,611M1,13.0,22812.0,2149.0
2864831,2864832,28.0,1158240,2,2,12,1,1.0,30.0,6.0,16.0,4.0,611M1,13.0,22812.0,2149.0
2864832,2864833,28.0,1158240,3,1,12,2,1.0,40.0,1.0,-9.0,4.0,5617Z,12.0,22812.0,2149.0
2864833,2864834,24.0,1158240,4,2,12,1,1.0,70.0,1.0,16.0,4.0,611M1,13.0,22812.0,2149.0
2864834,2864835,26.0,1158241,1,2,0,1,1.0,60.0,1.0,16.0,4.0,611M1,13.0,22816.0,2150.0
2864835,2864836,28.0,1158241,2,2,12,1,1.0,30.0,6.0,16.0,4.0,611M1,13.0,22816.0,2150.0
2864836,2864837,28.0,1158241,3,1,12,2,1.0,40.0,1.0,-9.0,4.0,5617Z,12.0,22816.0,2150.0
2864837,2864838,24.0,1158241,4,2,12,1,1.0,70.0,1.0,16.0,4.0,611M1,13.0,22816.0,2150.0
2864838,2864839,26.0,1158242,1,2,0,1,1.0,60.0,1.0,16.0,4.0,611M1,13.0,22816.0,2150.0
2864839,2864840,28.0,1158242,2,2,12,1,1.0,30.0,6.0,16.0,4.0,611M1,13.0,22816.0,2150.0
2864840,2864841,28.0,1158242,3,1,12,2,1.0,40.0,1.0,-9.0,4.0,5617Z,12.0,22816.0,2150.0
2864841,2864842,24.0,1158242,4,2,12,1,1.0,70.0,1.0,16.0,4.0,611M1,13.0,22816.0,2150.0
2864842,2864843,26.0,1158243,1,2,0,1,1.0,60.0,1.0,16.0,4.0,611M1,13.0,22817.0,2150.0
2864843,2864844,28.0,1158243,2,2,12,1,1.0,30.0,6.0,16.0,4.0,611M1,13.0,22817.0,2150.0
2864844,2864845,28.0,1158243,3,1,12,2,1.0,40.0,1.0,-9.0,4.0,5617Z,12.0,22817.0,2150.0
2864845,2864846,24.0,1158243,4,2,12,1,1.0,70.0,1.0,16.0,4.0,611M1,13.0,22817.0,2150.0
2864846,2864847,26.0,1158244,1,2,0,1,1.0,60.0,1.0,16.0,4.0,611M1,13.0,22812.0,2149.0
2864847,2864848,28.0,1158244,2,2,12,1,1.0,30.0,6.0,16.0,4.0,611M1,13.0,22812.0,2149.0
2864848,2864849,28.0,1158244,3,1,12,2,1.0,40.0,1.0,-9.0,4.0,5617Z,12.0,22812.0,2149.0
2864849,2864850,24.0,1158244,4,2,12,1,1.0,70.0,1.0,16.0,4.0,611M1,13.0,22812.0,2149.0
2864850,2864851,26.0,1158245,1,2,0,1,1.0,60.0,1.0,16.0,4.0,611M1,13.0,22818.0,2150.0
2864851,2864852,28.0,1158245,2,2,12,1,1.0,30.0,6.0,16.0,4.0,611M1,13.0,22818.0,2150.0
2864852,2864853,28.0,1158245,3,1,12,2,1.0,40.0,1.0,-9.0,4.0,5617Z,12.0,22818.0,2150.0
2864853,2864854,24.0,1158245,4,2,12,1,1.0,70.0,1.0,16.0,4.0,611M1,13.0,22818.0,2150.0
2864854,2864855,26.0,1158246,1,2,0,1,1.0,60.0,1.0,16.0,4.0,611M1,13.0,22812.0,2149.0
2864855,2864856,28.0,1158246,2,2,12,1,1.0,30.0,6.0,16.0,4.0,611M1,13.0,22812.0,2149.0
2864856,2864857,28.0,1158246,3,1,12,2,1.0,40.0,1.0,-9.0,4.0,5617Z,12.0,22812.0,2149.0
2864857,2864858,24.0,1158246,4,2,12,1,1.0,70.0,1.0,16.0,4.0,611M1,13.0,22812.0,2149.0
2864858,2864859,26.0,1158247,1,2,0,1,1.0,60.0,1.0,16.0,4.0,611M1,13.0,22817.0,2150.0
2864859,2864860,28.0,1158247,2,2,12,1,1.0,30.0,6.0,16.0,4.0,611M1,13.0,22817.0,2150.0
2864860,2864861,28.0,1158247,3,1,12,2,1.0,40.0,1.0,-9.0,4.0,5617Z,12.0,22817.0,2150.0
2864861,2864862,24.0,1158247,4,2,12,1,1.0,70.0,1.0,16.0,4.0,611M1,13.0,22817.0,2150.0
2864862,2864863,26.0,1158248,1,2,0,1,1.0,60.0,1.0,16.0,4.0,611M1,13.0,22817.0,2150.0
2864863,2864864,28.0,1158248,2,2,12,1,1.0,30.0,6.0,16.0,4.0,611M1,13.0,22817.0,2150.0
2864864,2864865,28.0,1158248,3,1,12,2,1.0,40.0,1.0,-9.0,4.0,5617Z,12.0,22817.0,2150.0
2864865,2864866,24.0,1158248,4,2,12,1,1.0,70.0,1.0,16.0,4.0,611M1,13.0,22817.0,2150.0
2864866,2864867,26.0,1158249,1,2,0,1,1.0,60.0,1.0,16.0,4.0,611M1,13.0,22818.0,2150.0
2864867,2864868,28.0,1158249,2,2,12,1,1.0,30.0,6.0,16.0,4.0,611M1,13.0,22818.0,2150.0
2864868,2864869,28.0,1158249,3,1,12,2,1.0,40.0,1.0,-9.0,4.0,5617Z,12.0,22818.0,2150.0
2864869,2864870,24.0,1158249,4,2,12,1,1.0,70.0,1.0,16.0,4.0,611M1,13.0,22818.0,2150.0
2864870,2864871,26.0,1158250,1,2,0,1,1.0,60.0,1.0,16.0,4.0,611M1,13.0,22812.0,2149.0
2864871,2864872,28.0,1158250,2,2,12,1,1.0,30.0,6.0,16.0,4.0,611M1,13.0,22812.0,2149.0
2864872,2864873,28.0,1158250,3,1,12,2,1.0,40.0,1.0,-9.0,4.0,5617Z,12.0,22812.0,2149.0
2864873,2864874,24.0,1158250,4,2,12,1,1.0,70.0,1.0,16.0,4.0,611M1,13.0,22812.0,2149.0
2864874,2864875,31.0,1158251,1,1,0,1,1.0,45.0,1.0,16.0,4.0,622M,15.0,22812.0,2149.0
2864875,2864876,24.0,1158251,2,1,12,1,1.0,50.0,1.0,16.0,4.0,622M,15.0,22812.0,2149.0
2864876,2864877,25.0,1158252,1,1,0,1,6.0,-9.0,-9.0,15.0,4.0,-9,0.0,22818.0,2150.0
2864877,2864878,22.0,1158252,2,1,10,1,6.0,-9.0,-9.0,15.0,4.0,-9,0.0,22818.0,2150.0
2864878,2864879,21.0,1158252,3,1,10,1,6.0,-9.0,-9.0,15.0,4.0,-9,0.0,22818.0,2150.0
2864879,2864880,25.0,1158253,1,1,0,1,6.0,-9.0,-9.0,15.0,4.0,-9,0.0,22816.0,2150.0
2864880,2864881,22.0,1158253,2,1,10,1,6.0,-9.0,-9.0,15.0,4.0,-9,0.0,22816.0,2150.0
2864881,2864882,21.0,1158253,3,1,10,1,6.0,-9.0,-9.0,15.0,4.0,-9,0.0,22816.0,2150.0
2864882,2864883,25.0,1158254,1,1,0,1,6.0,-9.0,-9.0,15.0,4.0,-9,0.0,22812.0,2149.0
2864883,2864884,22.0,1158254,2,1,10,1,6.0,-9.0,-9.0,15.0,4.0,-9,0.0,22812.0,2149.0
2864884,2864885,21.0,1158254,3,1,10,1,6.0,-9.0,-9.0,15.0,4.0,-9,0.0,22812.0,2149.0
2864885,2864886,25.0,1158255,1,1,0,1,6.0,-9.0,-9.0,15.0,4.0,-9,0.0,22812.0,2149.0
2864886,2864887,22.0,1158255,2,1,10,1,6.0,-9.0,-9.0,15.0,4.0,-9,0.0,22812.0,2149.0
2864887,2864888,21.0,1158255,3,1,10,1,6.0,-9.0,-9.0,15.0,4.0,-9,0.0,22812.0,2149.0
2864888,2864889,25.0,1158256,1,1,0,1,6.0,-9.0,-9.0,15.0,4.0,-9,0.0,22812.0,2149.0
2864889,2864890,22.0,1158256,2,1,10,1,6.0,-9.0,-9.0,15.0,4.0,-9,0.0,22812.0,2149.0
2864890,2864891,21.0,1158256,3,1,10,1,6.0,-9.0,-9.0,15.0,4.0,-9,0.0,22812.0,2149.0
2864891,2864892,25.0,1158257,1,1,0,1,6.0,-9.0,-9.0,15.0,4.0,-9,0.0,22818.0,2150.0
2864892,2864893,22.0,1158257,2,1,10,1,6.0,-9.0,-9.0,15.0,4.0,-9,0.0,22818.0,2150.0
2864893,2864894,21.0,1158257,3,1,10,1,6.0,-9.0,-9.0,15.0,4.0,-9,0.0,22818.0,2150.0
2864894,2864895,25.0,1158258,1,1,0,1,6.0,-9.0,-9.0,15.0,4.0,-9,0.0,22812.0,2149.0
2864895,2864896,22.0,1158258,2,1,10,1,6.0,-9.0,-9.0,15.0,4.0,-9,0.0,22812.0,2149.0
2864896,2864897,21.0,1158258,3,1,10,1,6.0,-9.0,-9.0,15.0,4.0,-9,0.0,22812.0,2149.0
2864897,2864898,25.0,1158259,1,1,0,1,6.0,-9.0,-9.0,15.0,4.0,-9,0.0,22817.0,2150.0
2864898,2864899,22.0,1158259,2,1,10,1,6.0,-9.0,-9.0,15.0,4.0,-9,0.0,22817.0,2150.0
2864899,2864900,21.0,1158259,3,1,10,1,6.0,-9.0,-9.0,15.0,4.0,-9,0.0,22817.0,2150.0
2864900,2864901,25.0,1158260,1,1,0,1,6.0,-9.0,-9.0,15.0,4.0,-9,0.0,22812.0,2149.0
2864901,2864902,22.0,1158260,2,1,10,1,6.0,-9.0,-9.0,15.0,4.0,-9,0.0,22812.0,2149.0
2864902,2864903,21.0,1158260,3,1,10,1,6.0,-9.0,-9.0,15.0,4.0,-9,0.0,22812.0,2149.0
2864903,2864904,25.0,1158261,1,1,0,1,6.0,-9.0,-9.0,15.0,4.0,-9,0.0,22818.0,2150.0
2864904,2864905,22.0,1158261,2,1,10,1,6.0,-9.0,-9.0,15.0,4.0,-9,0.0,22818.0,2150.0
2864905,2864906,21.0,1158261,3,1,10,1,6.0,-9.0,-9.0,15.0,4.0,-9,0.0,22818.0,2150.0
2864906,2864907,25.0,1158262,1,1,0,1,6.0,-9.0,-9.0,15.0,4.0,-9,0.0,22816.0,2150.0
2864907,2864908,22.0,1158262,2,1,10,1,6.0,-9.0,-9.0,15.0,4.0,-9,0.0,22816.0,2150.0
2864908,2864909,21.0,1158262,3,1,10,1,6.0,-9.0,-9.0,15.0,4.0,-9,0.0,22816.0,2150.0
2864909,2864910,25.0,1158263,1,1,0,1,6.0,-9.0,-9.0,15.0,4.0,-9,0.0,22818.0,2150.0
2864910,2864911,22.0,1158263,2,1,10,1,6.0,-9.0,-9.0,15.0,4.0,-9,0.0,22818.0,2150.0
2864911,2864912,21.0,1158263,3,1,10,1,6.0,-9.0,-9.0,15.0,4.0,-9,0.0,22818.0,2150.0
2864912,2864913,25.0,1158264,1,1,0,1,6.0,-9.0,-9.0,15.0,4.0,-9,0.0,22812.0,2149.0
2864913,2864914,22.0,1158264,2,1,10,1,6.0,-9.0,-9.0,15.0,4.0,-9,0.0,22812.0,2149.0
2864914,2864915,21.0,1158264,3,1,10,1,6.0,-9.0,-9.0,15.0,4.0,-9,0.0,22812.0,2149.0
2864915,2864916,25.0,1158265,1,1,0,1,6.0,-9.0,-9.0,15.0,4.0,-9,0.0,22818.0,2150.0
2864916,2864917,22.0,1158265,2,1,10,1,6.0,-9.0,-9.0,15.0,4.0,-9,0.0,22818.0,2150.0
2864917,2864918,21.0,1158265,3,1,10,1,6.0,-9.0,-9.0,15.0,4.0,-9,0.0,22818.0,2150.0
2864918,2864919,25.0,1158266,1,1,0,1,6.0,-9.0,-9.0,15.0,4.0,-9,0.0,22812.0,2149.0
2864919,2864920,22.0,1158266,2,1,10,1,6.0,-9.0,-9.0,15.0,4.0,-9,0.0,22812.0,2149.0
2864920,2864921,21.0,1158266,3,1,10,1,6.0,-9.0,-9.0,15.0,4.0,-9,0.0,22812.0,2149.0
2864921,2864922,25.0,1158267,1,1,0,1,6.0,-9.0,-9.0,15.0,4.0,-9,0.0,22818.0,2150.0
2864922,2864923,22.0,1158267,2,1,10,1,6.0,-9.0,-9.0,15.0,4.0,-9,0.0,22818.0,2150.0
2864923,2864924,21.0,1158267,3,1,10,1,6.0,-9.0,-9.0,15.0,4.0,-9,0.0,22818.0,2150.0
2864924,2864925,25.0,1158268,1,1,0,1,6.0,-9.0,-9.0,15.0,4.0,-9,0.0,22812.0,2149.0
2864925,2864926,22.0,1158268,2,1,10,1,6.0,-9.0,-9.0,15.0,4.0,-9,0.0,22812.0,2149.0
2864926,2864927,21.0,1158268,3,1,10,1,6.0,-9.0,-9.0,15.0,4.0,-9,0.0,22812.0,2149.0
2864927,2864928,25.0,1158269,1,1,0,1,6.0,-9.0,-9.0,15.0,4.0,-9,0.0,22816.0,2150.0
2864928,2864929,22.0,1158269,2,1,10,1,6.0,-9.0,-9.0,15.0,4.0,-9,0.0,22816.0,2150.0
2864929,2864930,21.0,1158269,3,1,10,1,6.0,-9.0,-9.0,15.0,4.0,-9,0.0,22816.0,2150.0
2864930,2864931,25.0,1158270,1,1,0,1,6.0,-9.0,-9.0,15.0,4.0,-9,0.0,22815.0,2150.0
2864931,2864932,22.0,1158270,2,1,10,1,6.0,-9.0,-9.0,15.0,4.0,-9,0.0,22815.0,2150.0
2864932,2864933,21.0,1158270,3,1,10,1,6.0,-9.0,-9.0,15.0,4.0,-9,0.0,22815.0,2150.0
2864933,2864934,25.0,1158271,1,1,0,1,6.0,-9.0,-9.0,15.0,4.0,-9,0.0,22816.0,2150.0
2864934,2864935,22.0,1158271,2,1,10,1,6.0,-9.0,-9.0,15.0,4.0,-9,0.0,22816.0,2150.0
2864935,2864936,21.0,1158271,3,1,10,1,6.0,-9.0,-9.0,15.0,4.0,-9,0.0,22816.0,2150.0
2864936,2864937,25.0,1158272,1,1,0,1,6.0,-9.0,-9.0,15.0,4.0,-9,0.0,22817.0,2150.0
2864937,2864938,22.0,1158272,2,1,10,1,6.0,-9.0,-9.0,15.0,4.0,-9,0.0,22817.0,2150.0
2864938,2864939,21.0,1158272,3,1,10,1,6.0,-9.0,-9.0,15.0,4.0,-9,0.0,22817.0,2150.0
2864939,2864940,25.0,1158273,1,1,0,1,6.0,-9.0,-9.0,15.0,4.0,-9,0.0,22812.0,2149.0
2864940,2864941,22.0,1158273,2,1,10,1,6.0,-9.0,-9.0,15.0,4.0,-9,0.0,22812.0,2149.0
2864941,2864942,21.0,1158273,3,1,10,1,6.0,-9.0,-9.0,15.0,4.0,-9,0.0,22812.0,2149.0
2864942,2864943,25.0,1158274,1,1,0,1,6.0,-9.0,-9.0,15.0,4.0,-9,0.0,22817.0,2150.0
2864943,2864944,22.0,1158274,2,1,10,1,6.0,-9.0,-9.0,15.0,4.0,-9,0.0,22817.0,2150.0
2864944,2864945,21.0,1158274,3,1,10,1,6.0,-9.0,-9.0,15.0,4.0,-9,0.0,22817.0,2150.0
2864945,2864946,25.0,1158275,1,1,0,1,6.0,-9.0,-9.0,15.0,4.0,-9,0.0,22812.0,2149.0
2864946,2864947,22.0,1158275,2,1,10,1,6.0,-9.0,-9.0,15.0,4.0,-9,0.0,22812.0,2149.0
2864947,2864948,21.0,1158275,3,1,10,1,6.0,-9.0,-9.0,15.0,4.0,-9,0.0,22812.0,2149.0
2864948,2864949,25.0,1158276,1,1,0,1,6.0,-9.0,-9.0,15.0,4.0,-9,0.0,22818.0,2150.0
2864949,2864950,22.0,1158276,2,1,10,1,6.0,-9.0,-9.0,15.0,4.0,-9,0.0,22818.0,2150.0
2864950,2864951,21.0,1158276,3,1,10,1,6.0,-9.0,-9.0,15.0,4.0,-9,0.0,22818.0,2150.0
2864951,2864952,25.0,1158277,1,1,0,1,6.0,-9.0,-9.0,15.0,4.0,-9,0.0,22818.0,2150.0
2864952,2864953,22.0,1158277,2,1,10,1,6.0,-9.0,-9.0,15.0,4.0,-9,0.0,22818.0,2150.0
2864953,2864954,21.0,1158277,3,1,10,1,6.0,-9.0,-9.0,15.0,4.0,-9,0.0,22818.0,2150.0
2864954,2864955,25.0,1158278,1,1,0,1,6.0,-9.0,-9.0,15.0,4.0,-9,0.0,22818.0,2150.0
2864955,2864956,22.0,1158278,2,1,10,1,6.0,-9.0,-9.0,15.0,4.0,-9,0.0,22818.0,2150.0
2864956,2864957,21.0,1158278,3,1,10,1,6.0,-9.0,-9.0,15.0,4.0,-9,0.0,22818.0,2150.0
2864957,2864958,25.0,1158279,1,1,0,1,6.0,-9.0,-9.0,15.0,4.0,-9,0.0,22817.0,2150.0
2864958,2864959,22.0,1158279,2,1,10,1,6.0,-9.0,-9.0,15.0,4.0,-9,0.0,22817.0,2150.0
2864959,2864960,21.0,1158279,3,1,10,1,6.0,-9.0,-9.0,15.0,4.0,-9,0.0,22817.0,2150.0
2864960,2864961,25.0,1158280,1,1,0,1,6.0,-9.0,-9.0,15.0,4.0,-9,0.0,22818.0,2150.0
2864961,2864962,22.0,1158280,2,1,10,1,6.0,-9.0,-9.0,15.0,4.0,-9,0.0,22818.0,2150.0
2864962,2864963,21.0,1158280,3,1,10,1,6.0,-9.0,-9.0,15.0,4.0,-9,0.0,22818.0,2150.0
2864963,2864964,25.0,1158281,1,1,0,1,6.0,-9.0,-9.0,15.0,4.0,-9,0.0,22817.0,2150.0
2864964,2864965,22.0,1158281,2,1,10,1,6.0,-9.0,-9.0,15.0,4.0,-9,0.0,22817.0,2150.0
2864965,2864966,21.0,1158281,3,1,10,1,6.0,-9.0,-9.0,15.0,4.0,-9,0.0,22817.0,2150.0
2864966,2864967,25.0,1158282,1,1,0,1,6.0,-9.0,-9.0,15.0,4.0,-9,0.0,22812.0,2149.0
2864967,2864968,22.0,1158282,2,1,10,1,6.0,-9.0,-9.0,15.0,4.0,-9,0.0,22812.0,2149.0
2864968,2864969,21.0,1158282,3,1,10,1,6.0,-9.0,-9.0,15.0,4.0,-9,0.0,22812.0,2149.0
2864969,2864970,25.0,1158283,1,1,0,1,6.0,-9.0,-9.0,15.0,4.0,-9,0.0,22812.0,2149.0
2864970,2864971,22.0,1158283,2,1,10,1,6.0,-9.0,-9.0,15.0,4.0,-9,0.0,22812.0,2149.0
2864971,2864972,21.0,1158283,3,1,10,1,6.0,-9.0,-9.0,15.0,4.0,-9,0.0,22812.0,2149.0
2864972,2864973,25.0,1158284,1,1,0,1,6.0,-9.0,-9.0,15.0,4.0,-9,0.0,22818.0,2150.0
2864973,2864974,22.0,1158284,2,1,10,1,6.0,-9.0,-9.0,15.0,4.0,-9,0.0,22818.0,2150.0
2864974,2864975,21.0,1158284,3,1,10,1,6.0,-9.0,-9.0,15.0,4.0,-9,0.0,22818.0,2150.0
2864975,2864976,25.0,1158285,1,1,0,1,6.0,-9.0,-9.0,15.0,4.0,-9,0.0,22816.0,2150.0
2864976,2864977,22.0,1158285,2,1,10,1,6.0,-9.0,-9.0,15.0,4.0,-9,0.0,22816.0,2150.0
2864977,2864978,21.0,1158285,3,1,10,1,6.0,-9.0,-9.0,15.0,4.0,-9,0.0,22816.0,2150.0
2864978,2864979,25.0,1158286,1,1,0,1,6.0,-9.0,-9.0,15.0,4.0,-9,0.0,22812.0,2149.0
2864979,2864980,22.0,1158286,2,1,10,1,6.0,-9.0,-9.0,15.0,4.0,-9,0.0,22812.0,2149.0
2864980,2864981,21.0,1158286,3,1,10,1,6.0,-9.0,-9.0,15.0,4.0,-9,0.0,22812.0,2149.0
2864981,2864982,25.0,1158287,1,1,0,1,6.0,-9.0,-9.0,15.0,4.0,-9,0.0,22812.0,2149.0
2864982,2864983,22.0,1158287,2,1,10,1,6.0,-9.0,-9.0,15.0,4.0,-9,0.0,22812.0,2149.0
2864983,2864984,21.0,1158287,3,1,10,1,6.0,-9.0,-9.0,15.0,4.0,-9,0.0,22812.0,2149.0
2864984,2864985,25.0,1158288,1,1,0,1,6.0,-9.0,-9.0,15.0,4.0,-9,0.0,22816.0,2150.0
2864985,2864986,22.0,1158288,2,1,10,1,6.0,-9.0,-9.0,15.0,4.0,-9,0.0,22816.0,2150.0
2864986,2864987,21.0,1158288,3,1,10,1,6.0,-9.0,-9.0,15.0,4.0,-9,0.0,22816.0,2150.0
2864987,2864988,25.0,1158289,1,1,0,1,6.0,-9.0,-9.0,15.0,4.0,-9,0.0,22818.0,2150.0
2864988,2864989,22.0,1158289,2,1,10,1,6.0,-9.0,-9.0,15.0,4.0,-9,0.0,22818.0,2150.0
2864989,2864990,21.0,1158289,3,1,10,1,6.0,-9.0,-9.0,15.0,4.0,-9,0.0,22818.0,2150.0
2864990,2864991,25.0,1158290,1,1,0,1,6.0,-9.0,-9.0,15.0,4.0,-9,0.0,22815.0,2150.0
2864991,2864992,22.0,1158290,2,1,10,1,6.0,-9.0,-9.0,15.0,4.0,-9,0.0,22815.0,2150.0
2864992,2864993,21.0,1158290,3,1,10,1,6.0,-9.0,-9.0,15.0,4.0,-9,0.0,22815.0,2150.0
2864993,2864994,25.0,1158291,1,1,0,1,6.0,-9.0,-9.0,15.0,4.0,-9,0.0,22815.0,2150.0
2864994,2864995,22.0,1158291,2,1,10,1,6.0,-9.0,-9.0,15.0,4.0,-9,0.0,22815.0,2150.0
2864995,2864996,21.0,1158291,3,1,10,1,6.0,-9.0,-9.0,15.0,4.0,-9,0.0,22815.0,2150.0
2864996,2864997,25.0,1158292,1,1,0,1,6.0,-9.0,-9.0,15.0,4.0,-9,0.0,22815.0,2150.0
2864997,2864998,22.0,1158292,2,1,10,1,6.0,-9.0,-9.0,15.0,4.0,-9,0.0,22815.0,2150.0
2864998,2864999,21.0,1158292,3,1,10,1,6.0,-9.0,-9.0,15.0,4.0,-9,0.0,22815.0,2150.0
2864999,2865000,25.0,1158293,1,1,0,1,6.0,-9.0,-9.0,15.0,4.0,-9,0.0,22812.0,2149.0
2865000,2865001,22.0,1158293,2,1,10,1,6.0,-9.0,-9.0,15.0,4.0,-9,0.0,22812.0,2149.0
2865001,2865002,21.0,1158293,3,1,10,1,6.0,-9.0,-9.0,15.0,4.0,-9,0.0,22812.0,2149.0
2865002,2865003,25.0,1158294,1,1,0,1,6.0,-9.0,-9.0,15.0,4.0,-9,0.0,22818.0,2150.0
2865003,2865004,22.0,1158294,2,1,10,1,6.0,-9.0,-9.0,15.0,4.0,-9,0.0,22818.0,2150.0
2865004,2865005,21.0,1158294,3,1,10,1,6.0,-9.0,-9.0,15.0,4.0,-9,0.0,22818.0,2150.0
2865005,2865006,25.0,1158295,1,1,0,1,6.0,-9.0,-9.0,15.0,4.0,-9,0.0,22818.0,2150.0
2865006,2865007,22.0,1158295,2,1,10,1,6.0,-9.0,-9.0,15.0,4.0,-9,0.0,22818.0,2150.0
2865007,2865008,21.0,1158295,3,1,10,1,6.0,-9.0,-9.0,15.0,4.0,-9,0.0,22818.0,2150.0
2865008,2865009,25.0,1158296,1,1,0,1,6.0,-9.0,-9.0,15.0,4.0,-9,0.0,22812.0,2149.0
2865009,2865010,22.0,1158296,2,1,10,1,6.0,-9.0,-9.0,15.0,4.0,-9,0.0,22812.0,2149.0
2865010,2865011,21.0,1158296,3,1,10,1,6.0,-9.0,-9.0,15.0,4.0,-9,0.0,22812.0,2149.0
2865011,2865012,25.0,1158297,1,1,0,1,6.0,-9.0,-9.0,15.0,4.0,-9,0.0,22817.0,2150.0
2865012,2865013,22.0,1158297,2,1,10,1,6.0,-9.0,-9.0,15.0,4.0,-9,0.0,22817.0,2150.0
2865013,2865014,21.0,1158297,3,1,10,1,6.0,-9.0,-9.0,15.0,4.0,-9,0.0,22817.0,2150.0
2865014,2865015,25.0,1158298,1,1,0,1,6.0,-9.0,-9.0,15.0,4.0,-9,0.0,22818.0,2150.0
2865015,2865016,22.0,1158298,2,1,10,1,6.0,-9.0,-9.0,15.0,4.0,-9,0.0,22818.0,2150.0
2865016,2865017,21.0,1158298,3,1,10,1,6.0,-9.0,-9.0,15.0,4.0,-9,0.0,22818.0,2150.0
2865017,2865018,25.0,1158299,1,1,0,1,6.0,-9.0,-9.0,15.0,4.0,-9,0.0,22812.0,2149.0
2865018,2865019,22.0,1158299,2,1,10,1,6.0,-9.0,-9.0,15.0,4.0,-9,0.0,22812.0,2149.0
2865019,2865020,21.0,1158299,3,1,10,1,6.0,-9.0,-9.0,15.0,4.0,-9,0.0,22812.0,2149.0
2865020,2865021,25.0,1158300,1,1,0,1,6.0,-9.0,-9.0,15.0,4.0,-9,0.0,22812.0,2149.0
2865021,2865022,22.0,1158300,2,1,10,1,6.0,-9.0,-9.0,15.0,4.0,-9,0.0,22812.0,2149.0
2865022,2865023,21.0,1158300,3,1,10,1,6.0,-9.0,-9.0,15.0,4.0,-9,0.0,22812.0,2149.0
2865023,2865024,25.0,1158301,1,1,0,1,6.0,-9.0,-9.0,15.0,4.0,-9,0.0,22816.0,2150.0
2865024,2865025,22.0,1158301,2,1,10,1,6.0,-9.0,-9.0,15.0,4.0,-9,0.0,22816.0,2150.0
2865025,2865026,21.0,1158301,3,1,10,1,6.0,-9.0,-9.0,15.0,4.0,-9,0.0,22816.0,2150.0
2865026,2865027,25.0,1158302,1,1,0,1,6.0,-9.0,-9.0,15.0,4.0,-9,0.0,22817.0,2150.0
2865027,2865028,22.0,1158302,2,1,10,1,6.0,-9.0,-9.0,15.0,4.0,-9,0.0,22817.0,2150.0
2865028,2865029,21.0,1158302,3,1,10,1,6.0,-9.0,-9.0,15.0,4.0,-9,0.0,22817.0,2150.0
2865029,2865030,25.0,1158303,1,1,0,1,6.0,-9.0,-9.0,15.0,4.0,-9,0.0,22812.0,2149.0
2865030,2865031,22.0,1158303,2,1,10,1,6.0,-9.0,-9.0,15.0,4.0,-9,0.0,22812.0,2149.0
2865031,2865032,21.0,1158303,3,1,10,1,6.0,-9.0,-9.0,15.0,4.0,-9,0.0,22812.0,2149.0
2865032,2865033,25.0,1158304,1,1,0,1,6.0,-9.0,-9.0,15.0,4.0,-9,0.0,22818.0,2150.0
2865033,2865034,22.0,1158304,2,1,10,1,6.0,-9.0,-9.0,15.0,4.0,-9,0.0,22818.0,2150.0
2865034,2865035,21.0,1158304,3,1,10,1,6.0,-9.0,-9.0,15.0,4.0,-9,0.0,22818.0,2150.0
2865035,2865036,25.0,1158305,1,1,0,1,6.0,-9.0,-9.0,15.0,4.0,-9,0.0,22812.0,2149.0
2865036,2865037,22.0,1158305,2,1,10,1,6.0,-9.0,-9.0,15.0,4.0,-9,0.0,22812.0,2149.0
2865037,2865038,21.0,1158305,3,1,10,1,6.0,-9.0,-9.0,15.0,4.0,-9,0.0,22812.0,2149.0
2865038,2865039,25.0,1158306,1,1,0,1,6.0,-9.0,-9.0,15.0,4.0,-9,0.0,22817.0,2150.0
2865039,2865040,22.0,1158306,2,1,10,1,6.0,-9.0,-9.0,15.0,4.0,-9,0.0,22817.0,2150.0
2865040,2865041,21.0,1158306,3,1,10,1,6.0,-9.0,-9.0,15.0,4.0,-9,0.0,22817.0,2150.0
2865041,2865042,25.0,1158307,1,1,0,1,6.0,-9.0,-9.0,15.0,4.0,-9,0.0,22818.0,2150.0
2865042,2865043,22.0,1158307,2,1,10,1,6.0,-9.0,-9.0,15.0,4.0,-9,0.0,22818.0,2150.0
2865043,2865044,21.0,1158307,3,1,10,1,6.0,-9.0,-9.0,15.0,4.0,-9,0.0,22818.0,2150.0
2865044,2865045,25.0,1158308,1,1,0,1,6.0,-9.0,-9.0,15.0,4.0,-9,0.0,22812.0,2149.0
2865045,2865046,22.0,1158308,2,1,10,1,6.0,-9.0,-9.0,15.0,4.0,-9,0.0,22812.0,2149.0
2865046,2865047,21.0,1158308,3,1,10,1,6.0,-9.0,-9.0,15.0,4.0,-9,0.0,22812.0,2149.0
2865047,2865048,25.0,1158309,1,1,0,1,6.0,-9.0,-9.0,15.0,4.0,-9,0.0,22812.0,2149.0
2865048,2865049,22.0,1158309,2,1,10,1,6.0,-9.0,-9.0,15.0,4.0,-9,0.0,22812.0,2149.0
2865049,2865050,21.0,1158309,3,1,10,1,6.0,-9.0,-9.0,15.0,4.0,-9,0.0,22812.0,2149.0
2865050,2865051,25.0,1158310,1,1,0,1,6.0,-9.0,-9.0,15.0,4.0,-9,0.0,22812.0,2149.0
2865051,2865052,22.0,1158310,2,1,10,1,6.0,-9.0,-9.0,15.0,4.0,-9,0.0,22812.0,2149.0
2865052,2865053,21.0,1158310,3,1,10,1,6.0,-9.0,-9.0,15.0,4.0,-9,0.0,22812.0,2149.0
2865053,2865054,25.0,1158311,1,1,0,1,6.0,-9.0,-9.0,15.0,4.0,-9,0.0,22818.0,2150.0
2865054,2865055,22.0,1158311,2,1,10,1,6.0,-9.0,-9.0,15.0,4.0,-9,0.0,22818.0,2150.0
2865055,2865056,21.0,1158311,3,1,10,1,6.0,-9.0,-9.0,15.0,4.0,-9,0.0,22818.0,2150.0
2865056,2865057,25.0,1158312,1,1,0,1,6.0,-9.0,-9.0,15.0,4.0,-9,0.0,22817.0,2150.0
2865057,2865058,22.0,1158312,2,1,10,1,6.0,-9.0,-9.0,15.0,4.0,-9,0.0,22817.0,2150.0
2865058,2865059,21.0,1158312,3,1,10,1,6.0,-9.0,-9.0,15.0,4.0,-9,0.0,22817.0,2150.0
2865059,2865060,25.0,1158313,1,1,0,1,6.0,-9.0,-9.0,15.0,4.0,-9,0.0,22817.0,2150.0
2865060,2865061,22.0,1158313,2,1,10,1,6.0,-9.0,-9.0,15.0,4.0,-9,0.0,22817.0,2150.0
2865061,2865062,21.0,1158313,3,1,10,1,6.0,-9.0,-9.0,15.0,4.0,-9,0.0,22817.0,2150.0
2865062,2865063,25.0,1158314,1,1,0,1,6.0,-9.0,-9.0,15.0,4.0,-9,0.0,22817.0,2150.0
2865063,2865064,22.0,1158314,2,1,10,1,6.0,-9.0,-9.0,15.0,4.0,-9,0.0,22817.0,2150.0
2865064,2865065,21.0,1158314,3,1,10,1,6.0,-9.0,-9.0,15.0,4.0,-9,0.0,22817.0,2150.0
2865065,2865066,25.0,1158315,1,1,0,1,6.0,-9.0,-9.0,15.0,4.0,-9,0.0,22815.0,2150.0
2865066,2865067,22.0,1158315,2,1,10,1,6.0,-9.0,-9.0,15.0,4.0,-9,0.0,22815.0,2150.0
2865067,2865068,21.0,1158315,3,1,10,1,6.0,-9.0,-9.0,15.0,4.0,-9,0.0,22815.0,2150.0
2865068,2865069,25.0,1158316,1,1,0,1,6.0,-9.0,-9.0,15.0,4.0,-9,0.0,22816.0,2150.0
2865069,2865070,22.0,1158316,2,1,10,1,6.0,-9.0,-9.0,15.0,4.0,-9,0.0,22816.0,2150.0
2865070,2865071,21.0,1158316,3,1,10,1,6.0,-9.0,-9.0,15.0,4.0,-9,0.0,22816.0,2150.0
2865071,2865072,25.0,1158317,1,1,0,1,6.0,-9.0,-9.0,15.0,4.0,-9,0.0,22817.0,2150.0
2865072,2865073,22.0,1158317,2,1,10,1,6.0,-9.0,-9.0,15.0,4.0,-9,0.0,22817.0,2150.0
2865073,2865074,21.0,1158317,3,1,10,1,6.0,-9.0,-9.0,15.0,4.0,-9,0.0,22817.0,2150.0
2865074,2865075,25.0,1158318,1,1,0,1,6.0,-9.0,-9.0,15.0,4.0,-9,0.0,22818.0,2150.0
2865075,2865076,22.0,1158318,2,1,10,1,6.0,-9.0,-9.0,15.0,4.0,-9,0.0,22818.0,2150.0
2865076,2865077,21.0,1158318,3,1,10,1,6.0,-9.0,-9.0,15.0,4.0,-9,0.0,22818.0,2150.0
2865077,2865078,25.0,1158319,1,1,0,1,6.0,-9.0,-9.0,15.0,4.0,-9,0.0,22815.0,2150.0
2865078,2865079,22.0,1158319,2,1,10,1,6.0,-9.0,-9.0,15.0,4.0,-9,0.0,22815.0,2150.0
2865079,2865080,21.0,1158319,3,1,10,1,6.0,-9.0,-9.0,15.0,4.0,-9,0.0,22815.0,2150.0
2865080,2865081,25.0,1158320,1,1,0,1,6.0,-9.0,-9.0,15.0,4.0,-9,0.0,22818.0,2150.0
2865081,2865082,22.0,1158320,2,1,10,1,6.0,-9.0,-9.0,15.0,4.0,-9,0.0,22818.0,2150.0
2865082,2865083,21.0,1158320,3,1,10,1,6.0,-9.0,-9.0,15.0,4.0,-9,0.0,22818.0,2150.0
2865083,2865084,25.0,1158321,1,1,0,1,6.0,-9.0,-9.0,15.0,4.0,-9,0.0,22818.0,2150.0
2865084,2865085,22.0,1158321,2,1,10,1,6.0,-9.0,-9.0,15.0,4.0,-9,0.0,22818.0,2150.0
2865085,2865086,21.0,1158321,3,1,10,1,6.0,-9.0,-9.0,15.0,4.0,-9,0.0,22818.0,2150.0
2865086,2865087,25.0,1158322,1,1,0,1,6.0,-9.0,-9.0,15.0,4.0,-9,0.0,22816.0,2150.0
2865087,2865088,22.0,1158322,2,1,10,1,6.0,-9.0,-9.0,15.0,4.0,-9,0.0,22816.0,2150.0
2865088,2865089,21.0,1158322,3,1,10,1,6.0,-9.0,-9.0,15.0,4.0,-9,0.0,22816.0,2150.0
2865089,2865090,25.0,1158323,1,1,0,1,6.0,-9.0,-9.0,15.0,4.0,-9,0.0,22818.0,2150.0
2865090,2865091,22.0,1158323,2,1,10,1,6.0,-9.0,-9.0,15.0,4.0,-9,0.0,22818.0,2150.0
2865091,2865092,21.0,1158323,3,1,10,1,6.0,-9.0,-9.0,15.0,4.0,-9,0.0,22818.0,2150.0
2865092,2865093,25.0,1158324,1,1,0,1,6.0,-9.0,-9.0,15.0,4.0,-9,0.0,22817.0,2150.0
2865093,2865094,22.0,1158324,2,1,10,1,6.0,-9.0,-9.0,15.0,4.0,-9,0.0,22817.0,2150.0
2865094,2865095,21.0,1158324,3,1,10,1,6.0,-9.0,-9.0,15.0,4.0,-9,0.0,22817.0,2150.0
2865095,2865096,25.0,1158325,1,1,0,1,6.0,-9.0,-9.0,15.0,4.0,-9,0.0,22815.0,2150.0
2865096,2865097,22.0,1158325,2,1,10,1,6.0,-9.0,-9.0,15.0,4.0,-9,0.0,22815.0,2150.0
2865097,2865098,21.0,1158325,3,1,10,1,6.0,-9.0,-9.0,15.0,4.0,-9,0.0,22815.0,2150.0
2865098,2865099,25.0,1158326,1,1,0,1,6.0,-9.0,-9.0,15.0,4.0,-9,0.0,22815.0,2150.0
2865099,2865100,22.0,1158326,2,1,10,1,6.0,-9.0,-9.0,15.0,4.0,-9,0.0,22815.0,2150.0
2865100,2865101,21.0,1158326,3,1,10,1,6.0,-9.0,-9.0,15.0,4.0,-9,0.0,22815.0,2150.0
2865101,2865102,25.0,1158327,1,1,0,1,6.0,-9.0,-9.0,15.0,4.0,-9,0.0,22812.0,2149.0
2865102,2865103,22.0,1158327,2,1,10,1,6.0,-9.0,-9.0,15.0,4.0,-9,0.0,22812.0,2149.0
2865103,2865104,21.0,1158327,3,1,10,1,6.0,-9.0,-9.0,15.0,4.0,-9,0.0,22812.0,2149.0
2865104,2865105,26.0,1158328,1,2,0,1,1.0,40.0,1.0,-9.0,4.0,51912,8.0,22812.0,2149.0
2865105,2865106,24.0,1158328,2,1,12,1,1.0,20.0,2.0,15.0,4.0,713Z,16.0,22812.0,2149.0
2865106,2865107,26.0,1158329,1,2,0,1,1.0,40.0,1.0,-9.0,4.0,51912,8.0,22818.0,2150.0
2865107,2865108,24.0,1158329,2,1,12,1,1.0,20.0,2.0,15.0,4.0,713Z,16.0,22818.0,2150.0
2865108,2865109,26.0,1158330,1,2,0,1,1.0,40.0,1.0,-9.0,4.0,51912,8.0,22816.0,2150.0
2865109,2865110,24.0,1158330,2,1,12,1,1.0,20.0,2.0,15.0,4.0,713Z,16.0,22816.0,2150.0
2865110,2865111,27.0,1158331,1,2,0,1,6.0,-9.0,-9.0,16.0,4.0,622M,15.0,22812.0,2149.0
2865111,2865112,24.0,1158331,2,2,12,1,1.0,36.0,2.0,15.0,4.0,622M,15.0,22812.0,2149.0
2865112,2865113,27.0,1158332,1,2,0,1,6.0,-9.0,-9.0,16.0,4.0,622M,15.0,22817.0,2150.0
2865113,2865114,24.0,1158332,2,2,12,1,1.0,36.0,2.0,15.0,4.0,622M,15.0,22817.0,2150.0
2865114,2865115,27.0,1158333,1,2,0,1,6.0,-9.0,-9.0,16.0,4.0,622M,15.0,22817.0,2150.0
2865115,2865116,24.0,1158333,2,2,12,1,1.0,36.0,2.0,15.0,4.0,622M,15.0,22817.0,2150.0
2865116,2865117,27.0,1158334,1,2,0,1,6.0,-9.0,-9.0,16.0,4.0,622M,15.0,22818.0,2150.0
2865117,2865118,24.0,1158334,2,2,12,1,1.0,36.0,2.0,15.0,4.0,622M,15.0,22818.0,2150.0
2865118,2865119,19.0,1158335,1,1,0,3,1.0,40.0,1.0,-9.0,4.0,722Z,16.0,22818.0,2150.0
2865119,2865120,50.0,1158335,2,1,12,3,1.0,40.0,2.0,-9.0,4.0,713Z,16.0,22818.0,2150.0
2865120,2865121,19.0,1158336,1,1,0,3,1.0,40.0,1.0,-9.0,4.0,722Z,16.0,22817.0,2150.0
2865121,2865122,50.0,1158336,2,1,12,3,1.0,40.0,2.0,-9.0,4.0,713Z,16.0,22817.0,2150.0
2865122,2865123,19.0,1158337,1,1,0,3,1.0,40.0,1.0,-9.0,4.0,722Z,16.0,22817.0,2150.0
2865123,2865124,50.0,1158337,2,1,12,3,1.0,40.0,2.0,-9.0,4.0,713Z,16.0,22817.0,2150.0
2865124,2865125,19.0,1158338,1,1,0,3,1.0,40.0,1.0,-9.0,4.0,722Z,16.0,22817.0,2150.0
2865125,2865126,50.0,1158338,2,1,12,3,1.0,40.0,2.0,-9.0,4.0,713Z,16.0,22817.0,2150.0
2865126,2865127,19.0,1158339,1,1,0,3,1.0,40.0,1.0,-9.0,4.0,722Z,16.0,22817.0,2150.0
2865127,2865128,50.0,1158339,2,1,12,3,1.0,40.0,2.0,-9.0,4.0,713Z,16.0,22817.0,2150.0
2865128,2865129,24.0,1158340,1,2,0,4,2.0,6.0,3.0,16.0,4.0,44611,5.0,22812.0,2149.0
2865129,2865130,24.0,1158341,1,2,0,4,2.0,6.0,3.0,16.0,4.0,44611,5.0,22816.0,2150.0
2865130,2865131,24.0,1158342,1,2,0,4,2.0,6.0,3.0,16.0,4.0,44611,5.0,22812.0,2149.0
2865131,2865132,24.0,1158343,1,2,0,4,2.0,6.0,3.0,16.0,4.0,44611,5.0,22815.0,2150.0
2865132,2865133,24.0,1158344,1,2,0,3,1.0,40.0,3.0,16.0,4.0,611M1,13.0,22816.0,2150.0
2865133,2865134,27.0,1158344,2,1,12,4,1.0,50.0,1.0,16.0,4.0,611M1,13.0,22816.0,2150.0
2865134,2865135,19.0,1158345,1,2,0,2,1.0,10.0,6.0,15.0,4.0,611M1,13.0,22812.0,2149.0
2865135,2865136,19.0,1158346,1,2,0,2,1.0,10.0,6.0,15.0,4.0,611M1,13.0,22812.0,2149.0
2865136,2865137,24.0,1158347,1,2,0,2,1.0,36.0,4.0,-9.0,4.0,622M,15.0,22818.0,2150.0
2865137,2865138,19.0,1158348,1,2,0,2,1.0,10.0,6.0,15.0,4.0,611M1,13.0,22817.0,2150.0
2865138,2865139,19.0,1158349,1,2,0,2,1.0,10.0,6.0,15.0,4.0,611M1,13.0,22816.0,2150.0
2865139,2865140,24.0,1158350,1,2,0,2,1.0,36.0,4.0,-9.0,4.0,622M,15.0,22815.0,2150.0
2865140,2865141,24.0,1158351,1,2,0,2,1.0,36.0,4.0,-9.0,4.0,622M,15.0,22817.0,2150.0
2865141,2865142,24.0,1158352,1,2,0,2,1.0,36.0,4.0,-9.0,4.0,622M,15.0,22812.0,2149.0
2865142,2865143,19.0,1158353,1,2,0,2,1.0,10.0,6.0,15.0,4.0,611M1,13.0,22817.0,2150.0
2865143,2865144,19.0,1158354,1,2,0,2,1.0,10.0,6.0,15.0,4.0,611M1,13.0,22812.0,2149.0
2865144,2865145,19.0,1158355,1,2,0,2,1.0,10.0,6.0,15.0,4.0,611M1,13.0,22817.0,2150.0
2865145,2865146,19.0,1158356,1,2,0,2,1.0,10.0,6.0,15.0,4.0,611M1,13.0,22812.0,2149.0
2865146,2865147,19.0,1158357,1,2,0,2,1.0,10.0,6.0,15.0,4.0,611M1,13.0,22812.0,2149.0
2865147,2865148,19.0,1158358,1,2,0,2,1.0,10.0,6.0,15.0,4.0,611M1,13.0,22818.0,2150.0
2865148,2865149,19.0,1158359,1,2,0,2,1.0,10.0,6.0,15.0,4.0,611M1,13.0,22812.0,2149.0
2865149,2865150,24.0,1158360,1,2,0,2,1.0,36.0,4.0,-9.0,4.0,622M,15.0,22817.0,2150.0
2865150,2865151,23.0,1158361,1,2,0,3,1.0,35.0,1.0,-9.0,4.0,722Z,16.0,22817.0,2150.0
2865151,2865152,31.0,1158361,2,1,13,1,1.0,45.0,1.0,-9.0,4.0,44511,5.0,22817.0,2150.0
2865152,2865153,23.0,1158362,1,2,0,3,1.0,35.0,1.0,-9.0,4.0,722Z,16.0,22817.0,2150.0
2865153,2865154,31.0,1158362,2,1,13,1,1.0,45.0,1.0,-9.0,4.0,44511,5.0,22817.0,2150.0
2865154,2865155,23.0,1158363,1,2,0,3,1.0,35.0,1.0,-9.0,4.0,722Z,16.0,22818.0,2150.0
2865155,2865156,31.0,1158363,2,1,13,1,1.0,45.0,1.0,-9.0,4.0,44511,5.0,22818.0,2150.0
2865156,2865157,24.0,1158364,1,1,0,3,1.0,40.0,1.0,-9.0,4.0,622M,15.0,22818.0,2150.0
2865157,2865158,26.0,1158364,2,2,1,1,6.0,20.0,1.0,-9.0,3.0,4481,5.0,22818.0,2150.0
2865158,2865159,24.0,1158365,1,1,0,3,1.0,40.0,1.0,-9.0,4.0,622M,15.0,22818.0,2150.0
2865159,2865160,26.0,1158365,2,2,1,1,6.0,20.0,1.0,-9.0,3.0,4481,5.0,22818.0,2150.0
2865160,2865161,24.0,1158366,1,1,0,3,1.0,40.0,1.0,-9.0,4.0,622M,15.0,22812.0,2149.0
2865161,2865162,26.0,1158366,2,2,1,1,6.0,20.0,1.0,-9.0,3.0,4481,5.0,22812.0,2149.0
2865162,2865163,24.0,1158367,1,1,0,3,1.0,40.0,1.0,-9.0,4.0,622M,15.0,22816.0,2150.0
2865163,2865164,26.0,1158367,2,2,1,1,6.0,20.0,1.0,-9.0,3.0,4481,5.0,22816.0,2150.0
2865164,2865165,23.0,1158368,1,1,0,1,1.0,40.0,1.0,-9.0,4.0,336M,3.0,22818.0,2150.0
2865165,2865166,26.0,1158368,2,1,12,1,1.0,40.0,1.0,15.0,4.0,722Z,16.0,22818.0,2150.0
2865166,2865167,23.0,1158368,3,1,12,1,1.0,40.0,1.0,16.0,4.0,325M,3.0,22818.0,2150.0
2865167,2865168,23.0,1158368,4,1,12,1,2.0,30.0,3.0,15.0,4.0,7211,16.0,22818.0,2150.0
2865168,2865169,23.0,1158369,1,1,0,1,1.0,40.0,1.0,-9.0,4.0,336M,3.0,22818.0,2150.0
2865169,2865170,26.0,1158369,2,1,12,1,1.0,40.0,1.0,15.0,4.0,722Z,16.0,22818.0,2150.0
2865170,2865171,23.0,1158369,3,1,12,1,1.0,40.0,1.0,16.0,4.0,325M,3.0,22818.0,2150.0
2865171,2865172,23.0,1158369,4,1,12,1,2.0,30.0,3.0,15.0,4.0,7211,16.0,22818.0,2150.0
2865172,2865173,23.0,1158370,1,1,0,1,1.0,40.0,1.0,-9.0,4.0,336M,3.0,22817.0,2150.0
2865173,2865174,26.0,1158370,2,1,12,1,1.0,40.0,1.0,15.0,4.0,722Z,16.0,22817.0,2150.0
2865174,2865175,23.0,1158370,3,1,12,1,1.0,40.0,1.0,16.0,4.0,325M,3.0,22817.0,2150.0
2865175,2865176,23.0,1158370,4,1,12,1,2.0,30.0,3.0,15.0,4.0,7211,16.0,22817.0,2150.0
2865176,2865177,23.0,1158371,1,1,0,1,1.0,40.0,1.0,-9.0,4.0,336M,3.0,22812.0,2149.0
2865177,2865178,26.0,1158371,2,1,12,1,1.0,40.0,1.0,15.0,4.0,722Z,16.0,22812.0,2149.0
2865178,2865179,23.0,1158371,3,1,12,1,1.0,40.0,1.0,16.0,4.0,325M,3.0,22812.0,2149.0
2865179,2865180,23.0,1158371,4,1,12,1,2.0,30.0,3.0,15.0,4.0,7211,16.0,22812.0,2149.0
2865180,2865181,23.0,1158372,1,1,0,1,1.0,40.0,1.0,-9.0,4.0,336M,3.0,22818.0,2150.0
2865181,2865182,26.0,1158372,2,1,12,1,1.0,40.0,1.0,15.0,4.0,722Z,16.0,22818.0,2150.0
2865182,2865183,23.0,1158372,3,1,12,1,1.0,40.0,1.0,16.0,4.0,325M,3.0,22818.0,2150.0
2865183,2865184,23.0,1158372,4,1,12,1,2.0,30.0,3.0,15.0,4.0,7211,16.0,22818.0,2150.0
2865184,2865185,23.0,1158373,1,1,0,1,1.0,40.0,1.0,-9.0,4.0,336M,3.0,22816.0,2150.0
2865185,2865186,26.0,1158373,2,1,12,1,1.0,40.0,1.0,15.0,4.0,722Z,16.0,22816.0,2150.0
2865186,2865187,23.0,1158373,3,1,12,1,1.0,40.0,1.0,16.0,4.0,325M,3.0,22816.0,2150.0
2865187,2865188,23.0,1158373,4,1,12,1,2.0,30.0,3.0,15.0,4.0,7211,16.0,22816.0,2150.0
2865188,2865189,23.0,1158374,1,1,0,1,1.0,40.0,1.0,-9.0,4.0,336M,3.0,22816.0,2150.0
2865189,2865190,26.0,1158374,2,1,12,1,1.0,40.0,1.0,15.0,4.0,722Z,16.0,22816.0,2150.0
2865190,2865191,23.0,1158374,3,1,12,1,1.0,40.0,1.0,16.0,4.0,325M,3.0,22816.0,2150.0
2865191,2865192,23.0,1158374,4,1,12,1,2.0,30.0,3.0,15.0,4.0,7211,16.0,22816.0,2150.0
2865192,2865193,23.0,1158375,1,1,0,1,1.0,40.0,1.0,-9.0,4.0,336M,3.0,22817.0,2150.0
2865193,2865194,26.0,1158375,2,1,12,1,1.0,40.0,1.0,15.0,4.0,722Z,16.0,22817.0,2150.0
2865194,2865195,23.0,1158375,3,1,12,1,1.0,40.0,1.0,16.0,4.0,325M,3.0,22817.0,2150.0
2865195,2865196,23.0,1158375,4,1,12,1,2.0,30.0,3.0,15.0,4.0,7211,16.0,22817.0,2150.0
2865196,2865197,23.0,1158376,1,1,0,1,1.0,40.0,1.0,-9.0,4.0,336M,3.0,22818.0,2150.0
2865197,2865198,26.0,1158376,2,1,12,1,1.0,40.0,1.0,15.0,4.0,722Z,16.0,22818.0,2150.0
2865198,2865199,23.0,1158376,3,1,12,1,1.0,40.0,1.0,16.0,4.0,325M,3.0,22818.0,2150.0
2865199,2865200,23.0,1158376,4,1,12,1,2.0,30.0,3.0,15.0,4.0,7211,16.0,22818.0,2150.0
2865200,2865201,23.0,1158377,1,1,0,1,1.0,40.0,1.0,-9.0,4.0,336M,3.0,22818.0,2150.0
2865201,2865202,26.0,1158377,2,1,12,1,1.0,40.0,1.0,15.0,4.0,722Z,16.0,22818.0,2150.0
2865202,2865203,23.0,1158377,3,1,12,1,1.0,40.0,1.0,16.0,4.0,325M,3.0,22818.0,2150.0
2865203,2865204,23.0,1158377,4,1,12,1,2.0,30.0,3.0,15.0,4.0,7211,16.0,22818.0,2150.0
2865204,2865205,23.0,1158378,1,1,0,1,1.0,40.0,1.0,-9.0,4.0,336M,3.0,22812.0,2149.0
2865205,2865206,26.0,1158378,2,1,12,1,1.0,40.0,1.0,15.0,4.0,722Z,16.0,22812.0,2149.0
2865206,2865207,23.0,1158378,3,1,12,1,1.0,40.0,1.0,16.0,4.0,325M,3.0,22812.0,2149.0
2865207,2865208,23.0,1158378,4,1,12,1,2.0,30.0,3.0,15.0,4.0,7211,16.0,22812.0,2149.0
2865208,2865209,23.0,1158379,1,1,0,1,1.0,40.0,1.0,-9.0,4.0,336M,3.0,22812.0,2149.0
2865209,2865210,26.0,1158379,2,1,12,1,1.0,40.0,1.0,15.0,4.0,722Z,16.0,22812.0,2149.0
2865210,2865211,23.0,1158379,3,1,12,1,1.0,40.0,1.0,16.0,4.0,325M,3.0,22812.0,2149.0
2865211,2865212,23.0,1158379,4,1,12,1,2.0,30.0,3.0,15.0,4.0,7211,16.0,22812.0,2149.0
2865212,2865213,23.0,1158380,1,1,0,1,1.0,40.0,1.0,-9.0,4.0,336M,3.0,22816.0,2150.0
2865213,2865214,26.0,1158380,2,1,12,1,1.0,40.0,1.0,15.0,4.0,722Z,16.0,22816.0,2150.0
2865214,2865215,23.0,1158380,3,1,12,1,1.0,40.0,1.0,16.0,4.0,325M,3.0,22816.0,2150.0
2865215,2865216,23.0,1158380,4,1,12,1,2.0,30.0,3.0,15.0,4.0,7211,16.0,22816.0,2150.0
2865216,2865217,23.0,1158381,1,1,0,1,1.0,40.0,1.0,-9.0,4.0,336M,3.0,22812.0,2149.0
2865217,2865218,26.0,1158381,2,1,12,1,1.0,40.0,1.0,15.0,4.0,722Z,16.0,22812.0,2149.0
2865218,2865219,23.0,1158381,3,1,12,1,1.0,40.0,1.0,16.0,4.0,325M,3.0,22812.0,2149.0
2865219,2865220,23.0,1158381,4,1,12,1,2.0,30.0,3.0,15.0,4.0,7211,16.0,22812.0,2149.0
2865220,2865221,23.0,1158382,1,1,0,1,1.0,40.0,1.0,-9.0,4.0,336M,3.0,22812.0,2149.0
2865221,2865222,26.0,1158382,2,1,12,1,1.0,40.0,1.0,15.0,4.0,722Z,16.0,22812.0,2149.0
2865222,2865223,23.0,1158382,3,1,12,1,1.0,40.0,1.0,16.0,4.0,325M,3.0,22812.0,2149.0
2865223,2865224,23.0,1158382,4,1,12,1,2.0,30.0,3.0,15.0,4.0,7211,16.0,22812.0,2149.0
2865224,2865225,23.0,1158383,1,1,0,1,1.0,40.0,1.0,-9.0,4.0,336M,3.0,22812.0,2149.0
2865225,2865226,26.0,1158383,2,1,12,1,1.0,40.0,1.0,15.0,4.0,722Z,16.0,22812.0,2149.0
2865226,2865227,23.0,1158383,3,1,12,1,1.0,40.0,1.0,16.0,4.0,325M,3.0,22812.0,2149.0
2865227,2865228,23.0,1158383,4,1,12,1,2.0,30.0,3.0,15.0,4.0,7211,16.0,22812.0,2149.0
2865228,2865229,23.0,1158384,1,1,0,1,1.0,40.0,1.0,-9.0,4.0,336M,3.0,22812.0,2149.0
2865229,2865230,26.0,1158384,2,1,12,1,1.0,40.0,1.0,15.0,4.0,722Z,16.0,22812.0,2149.0
2865230,2865231,23.0,1158384,3,1,12,1,1.0,40.0,1.0,16.0,4.0,325M,3.0,22812.0,2149.0
2865231,2865232,23.0,1158384,4,1,12,1,2.0,30.0,3.0,15.0,4.0,7211,16.0,22812.0,2149.0
2865232,2865233,23.0,1158385,1,1,0,1,1.0,40.0,1.0,-9.0,4.0,336M,3.0,22815.0,2150.0
2865233,2865234,26.0,1158385,2,1,12,1,1.0,40.0,1.0,15.0,4.0,722Z,16.0,22815.0,2150.0
2865234,2865235,23.0,1158385,3,1,12,1,1.0,40.0,1.0,16.0,4.0,325M,3.0,22815.0,2150.0
2865235,2865236,23.0,1158385,4,1,12,1,2.0,30.0,3.0,15.0,4.0,7211,16.0,22815.0,2150.0
2865236,2865237,23.0,1158386,1,1,0,1,1.0,40.0,1.0,-9.0,4.0,336M,3.0,22817.0,2150.0
2865237,2865238,26.0,1158386,2,1,12,1,1.0,40.0,1.0,15.0,4.0,722Z,16.0,22817.0,2150.0
2865238,2865239,23.0,1158386,3,1,12,1,1.0,40.0,1.0,16.0,4.0,325M,3.0,22817.0,2150.0
2865239,2865240,23.0,1158386,4,1,12,1,2.0,30.0,3.0,15.0,4.0,7211,16.0,22817.0,2150.0
2865240,2865241,23.0,1158387,1,1,0,1,1.0,40.0,1.0,-9.0,4.0,336M,3.0,22812.0,2149.0
2865241,2865242,26.0,1158387,2,1,12,1,1.0,40.0,1.0,15.0,4.0,722Z,16.0,22812.0,2149.0
2865242,2865243,23.0,1158387,3,1,12,1,1.0,40.0,1.0,16.0,4.0,325M,3.0,22812.0,2149.0
2865243,2865244,23.0,1158387,4,1,12,1,2.0,30.0,3.0,15.0,4.0,7211,16.0,22812.0,2149.0
2865244,2865245,23.0,1158388,1,1,0,1,1.0,40.0,1.0,-9.0,4.0,336M,3.0,22816.0,2150.0
2865245,2865246,26.0,1158388,2,1,12,1,1.0,40.0,1.0,15.0,4.0,722Z,16.0,22816.0,2150.0
2865246,2865247,23.0,1158388,3,1,12,1,1.0,40.0,1.0,16.0,4.0,325M,3.0,22816.0,2150.0
2865247,2865248,23.0,1158388,4,1,12,1,2.0,30.0,3.0,15.0,4.0,7211,16.0,22816.0,2150.0
2865248,2865249,23.0,1158389,1,1,0,1,1.0,40.0,1.0,-9.0,4.0,336M,3.0,22817.0,2150.0
2865249,2865250,26.0,1158389,2,1,12,1,1.0,40.0,1.0,15.0,4.0,722Z,16.0,22817.0,2150.0
2865250,2865251,23.0,1158389,3,1,12,1,1.0,40.0,1.0,16.0,4.0,325M,3.0,22817.0,2150.0
2865251,2865252,23.0,1158389,4,1,12,1,2.0,30.0,3.0,15.0,4.0,7211,16.0,22817.0,2150.0
2865252,2865253,24.0,1158390,1,2,0,1,1.0,50.0,1.0,-9.0,4.0,8131,17.0,22812.0,2149.0
2865253,2865254,25.0,1158390,2,1,12,1,1.0,40.0,1.0,-9.0,4.0,311M1,3.0,22812.0,2149.0
2865254,2865255,24.0,1158391,1,2,0,1,1.0,50.0,1.0,-9.0,4.0,8131,17.0,22818.0,2150.0
2865255,2865256,25.0,1158391,2,1,12,1,1.0,40.0,1.0,-9.0,4.0,311M1,3.0,22818.0,2150.0
2865256,2865257,24.0,1158392,1,2,0,1,1.0,50.0,1.0,-9.0,4.0,8131,17.0,22817.0,2150.0
2865257,2865258,25.0,1158392,2,1,12,1,1.0,40.0,1.0,-9.0,4.0,311M1,3.0,22817.0,2150.0
2865258,2865259,24.0,1158393,1,2,0,1,1.0,50.0,1.0,-9.0,4.0,8131,17.0,22817.0,2150.0
2865259,2865260,25.0,1158393,2,1,12,1,1.0,40.0,1.0,-9.0,4.0,311M1,3.0,22817.0,2150.0
2865260,2865261,24.0,1158394,1,2,0,1,1.0,50.0,1.0,-9.0,4.0,8131,17.0,22812.0,2149.0
2865261,2865262,25.0,1158394,2,1,12,1,1.0,40.0,1.0,-9.0,4.0,311M1,3.0,22812.0,2149.0
2865262,2865263,24.0,1158395,1,2,0,1,1.0,50.0,1.0,-9.0,4.0,8131,17.0,22816.0,2150.0
2865263,2865264,25.0,1158395,2,1,12,1,1.0,40.0,1.0,-9.0,4.0,311M1,3.0,22816.0,2150.0
2865264,2865265,24.0,1158396,1,2,0,1,1.0,50.0,1.0,-9.0,4.0,8131,17.0,22812.0,2149.0
2865265,2865266,25.0,1158396,2,1,12,1,1.0,40.0,1.0,-9.0,4.0,311M1,3.0,22812.0,2149.0
2865266,2865267,24.0,1158397,1,2,0,1,1.0,50.0,1.0,-9.0,4.0,8131,17.0,22815.0,2150.0
2865267,2865268,25.0,1158397,2,1,12,1,1.0,40.0,1.0,-9.0,4.0,311M1,3.0,22815.0,2150.0
2865268,2865269,24.0,1158398,1,2,0,1,1.0,50.0,1.0,-9.0,4.0,8131,17.0,22817.0,2150.0
2865269,2865270,25.0,1158398,2,1,12,1,1.0,40.0,1.0,-9.0,4.0,311M1,3.0,22817.0,2150.0
2865270,2865271,24.0,1158399,1,2,0,1,1.0,50.0,1.0,-9.0,4.0,8131,17.0,22817.0,2150.0
2865271,2865272,25.0,1158399,2,1,12,1,1.0,40.0,1.0,-9.0,4.0,311M1,3.0,22817.0,2150.0
2865272,2865273,24.0,1158400,1,2,0,1,1.0,50.0,1.0,-9.0,4.0,8131,17.0,22812.0,2149.0
2865273,2865274,25.0,1158400,2,1,12,1,1.0,40.0,1.0,-9.0,4.0,311M1,3.0,22812.0,2149.0
2865274,2865275,24.0,1158401,1,2,0,1,1.0,50.0,1.0,-9.0,4.0,8131,17.0,22817.0,2150.0
2865275,2865276,25.0,1158401,2,1,12,1,1.0,40.0,1.0,-9.0,4.0,311M1,3.0,22817.0,2150.0
2865276,2865277,24.0,1158402,1,2,0,1,1.0,50.0,1.0,-9.0,4.0,8131,17.0,22812.0,2149.0
2865277,2865278,25.0,1158402,2,1,12,1,1.0,40.0,1.0,-9.0,4.0,311M1,3.0,22812.0,2149.0
2865278,2865279,24.0,1158403,1,2,0,1,1.0,50.0,1.0,-9.0,4.0,8131,17.0,22812.0,2149.0
2865279,2865280,25.0,1158403,2,1,12,1,1.0,40.0,1.0,-9.0,4.0,311M1,3.0,22812.0,2149.0
2865280,2865281,24.0,1158404,1,2,0,1,1.0,50.0,1.0,-9.0,4.0,8131,17.0,22812.0,2149.0
2865281,2865282,25.0,1158404,2,1,12,1,1.0,40.0,1.0,-9.0,4.0,311M1,3.0,22812.0,2149.0
2865282,2865283,24.0,1158405,1,2,0,1,1.0,50.0,1.0,-9.0,4.0,8131,17.0,22817.0,2150.0
2865283,2865284,25.0,1158405,2,1,12,1,1.0,40.0,1.0,-9.0,4.0,311M1,3.0,22817.0,2150.0
2865284,2865285,24.0,1158406,1,2,0,1,1.0,50.0,1.0,-9.0,4.0,8131,17.0,22817.0,2150.0
2865285,2865286,25.0,1158406,2,1,12,1,1.0,40.0,1.0,-9.0,4.0,311M1,3.0,22817.0,2150.0
2865286,2865287,24.0,1158407,1,2,0,1,1.0,50.0,1.0,-9.0,4.0,8131,17.0,22818.0,2150.0
2865287,2865288,25.0,1158407,2,1,12,1,1.0,40.0,1.0,-9.0,4.0,311M1,3.0,22818.0,2150.0
2865288,2865289,24.0,1158408,1,2,0,1,1.0,50.0,1.0,-9.0,4.0,8131,17.0,22812.0,2149.0
2865289,2865290,25.0,1158408,2,1,12,1,1.0,40.0,1.0,-9.0,4.0,311M1,3.0,22812.0,2149.0
2865290,2865291,22.0,1158409,1,2,0,1,6.0,40.0,6.0,16.0,4.0,5411,10.0,22812.0,2149.0
2865291,2865292,22.0,1158410,1,2,0,1,6.0,40.0,6.0,16.0,4.0,5411,10.0,22812.0,2149.0
2865292,2865293,22.0,1158411,1,2,0,1,6.0,40.0,6.0,16.0,4.0,5411,10.0,22817.0,2150.0
2865293,2865294,22.0,1158412,1,2,0,1,6.0,40.0,6.0,16.0,4.0,5411,10.0,22817.0,2150.0
2865294,2865295,22.0,1158413,1,2,0,1,6.0,40.0,6.0,16.0,4.0,5411,10.0,22812.0,2149.0
2865295,2865296,24.0,1158414,1,2,0,1,1.0,40.0,1.0,-9.0,4.0,92MP,18.0,22817.0,2150.0
2865296,2865297,25.0,1158414,2,1,1,1,6.0,-9.0,-9.0,16.0,3.0,92MP,18.0,22817.0,2150.0
2865297,2865298,24.0,1158415,1,2,0,1,1.0,40.0,1.0,-9.0,4.0,92MP,18.0,22812.0,2149.0
2865298,2865299,25.0,1158415,2,1,1,1,6.0,-9.0,-9.0,16.0,3.0,92MP,18.0,22812.0,2149.0
2865299,2865300,24.0,1158416,1,2,0,1,1.0,40.0,1.0,-9.0,4.0,92MP,18.0,22818.0,2150.0
2865300,2865301,25.0,1158416,2,1,1,1,6.0,-9.0,-9.0,16.0,3.0,92MP,18.0,22818.0,2150.0
2865301,2865302,24.0,1158417,1,2,0,1,1.0,40.0,1.0,-9.0,4.0,92MP,18.0,22812.0,2149.0
2865302,2865303,25.0,1158417,2,1,1,1,6.0,-9.0,-9.0,16.0,3.0,92MP,18.0,22812.0,2149.0
2865303,2865304,24.0,1158418,1,2,0,1,1.0,40.0,1.0,-9.0,4.0,92MP,18.0,22812.0,2149.0
2865304,2865305,25.0,1158418,2,1,1,1,6.0,-9.0,-9.0,16.0,3.0,92MP,18.0,22812.0,2149.0
2865305,2865306,24.0,1158419,1,1,0,1,1.0,50.0,1.0,16.0,4.0,611M1,13.0,22817.0,2150.0
2865306,2865307,25.0,1158419,2,1,12,4,1.0,50.0,1.0,16.0,4.0,611M1,13.0,22817.0,2150.0
2865307,2865308,24.0,1158420,1,1,0,1,1.0,50.0,1.0,16.0,4.0,611M1,13.0,22812.0,2149.0
2865308,2865309,25.0,1158420,2,1,12,4,1.0,50.0,1.0,16.0,4.0,611M1,13.0,22812.0,2149.0
2865309,2865310,24.0,1158421,1,1,0,1,1.0,50.0,1.0,16.0,4.0,611M1,13.0,22816.0,2150.0
2865310,2865311,25.0,1158421,2,1,12,4,1.0,50.0,1.0,16.0,4.0,611M1,13.0,22816.0,2150.0
2865311,2865312,24.0,1158422,1,1,0,1,1.0,50.0,1.0,16.0,4.0,611M1,13.0,22817.0,2150.0
2865312,2865313,25.0,1158422,2,1,12,4,1.0,50.0,1.0,16.0,4.0,611M1,13.0,22817.0,2150.0
2865313,2865314,24.0,1158423,1,1,0,1,1.0,50.0,1.0,16.0,4.0,611M1,13.0,22812.0,2149.0
2865314,2865315,25.0,1158423,2,1,12,4,1.0,50.0,1.0,16.0,4.0,611M1,13.0,22812.0,2149.0
2865315,2865316,24.0,1158424,1,1,0,1,1.0,50.0,1.0,16.0,4.0,611M1,13.0,22812.0,2149.0
2865316,2865317,25.0,1158424,2,1,12,4,1.0,50.0,1.0,16.0,4.0,611M1,13.0,22812.0,2149.0
2865317,2865318,24.0,1158425,1,1,0,1,1.0,50.0,1.0,16.0,4.0,611M1,13.0,22812.0,2149.0
2865318,2865319,25.0,1158425,2,1,12,4,1.0,50.0,1.0,16.0,4.0,611M1,13.0,22812.0,2149.0
2865319,2865320,24.0,1158426,1,1,0,1,1.0,50.0,1.0,16.0,4.0,611M1,13.0,22818.0,2150.0
2865320,2865321,25.0,1158426,2,1,12,4,1.0,50.0,1.0,16.0,4.0,611M1,13.0,22818.0,2150.0
2865321,2865322,24.0,1158427,1,1,0,1,1.0,50.0,1.0,16.0,4.0,611M1,13.0,22818.0,2150.0
2865322,2865323,25.0,1158427,2,1,12,4,1.0,50.0,1.0,16.0,4.0,611M1,13.0,22818.0,2150.0
2865323,2865324,24.0,1158428,1,1,0,1,1.0,50.0,1.0,16.0,4.0,611M1,13.0,22817.0,2150.0
2865324,2865325,25.0,1158428,2,1,12,4,1.0,50.0,1.0,16.0,4.0,611M1,13.0,22817.0,2150.0
2865325,2865326,24.0,1158429,1,1,0,1,1.0,50.0,1.0,16.0,4.0,611M1,13.0,22817.0,2150.0
2865326,2865327,25.0,1158429,2,1,12,4,1.0,50.0,1.0,16.0,4.0,611M1,13.0,22817.0,2150.0
2865327,2865328,24.0,1158430,1,1,0,1,1.0,50.0,1.0,16.0,4.0,611M1,13.0,22815.0,2150.0
2865328,2865329,25.0,1158430,2,1,12,4,1.0,50.0,1.0,16.0,4.0,611M1,13.0,22815.0,2150.0
2865329,2865330,24.0,1158431,1,1,0,1,1.0,50.0,1.0,16.0,4.0,611M1,13.0,22816.0,2150.0
2865330,2865331,25.0,1158431,2,1,12,4,1.0,50.0,1.0,16.0,4.0,611M1,13.0,22816.0,2150.0
2865331,2865332,24.0,1158432,1,1,0,1,1.0,50.0,1.0,16.0,4.0,611M1,13.0,22816.0,2150.0
2865332,2865333,25.0,1158432,2,1,12,4,1.0,50.0,1.0,16.0,4.0,611M1,13.0,22816.0,2150.0
2865333,2865334,24.0,1158433,1,1,0,1,1.0,50.0,1.0,16.0,4.0,611M1,13.0,22816.0,2150.0
2865334,2865335,25.0,1158433,2,1,12,4,1.0,50.0,1.0,16.0,4.0,611M1,13.0,22816.0,2150.0
2865335,2865336,24.0,1158434,1,1,0,1,1.0,50.0,1.0,16.0,4.0,611M1,13.0,22812.0,2149.0
2865336,2865337,25.0,1158434,2,1,12,4,1.0,50.0,1.0,16.0,4.0,611M1,13.0,22812.0,2149.0
2865337,2865338,24.0,1158435,1,1,0,1,1.0,50.0,1.0,16.0,4.0,611M1,13.0,22817.0,2150.0
2865338,2865339,25.0,1158435,2,1,12,4,1.0,50.0,1.0,16.0,4.0,611M1,13.0,22817.0,2150.0
2865339,2865340,24.0,1158436,1,1,0,1,1.0,50.0,1.0,16.0,4.0,611M1,13.0,22818.0,2150.0
2865340,2865341,25.0,1158436,2,1,12,4,1.0,50.0,1.0,16.0,4.0,611M1,13.0,22818.0,2150.0
2865341,2865342,24.0,1158437,1,1,0,1,1.0,50.0,1.0,16.0,4.0,611M1,13.0,22812.0,2149.0
2865342,2865343,25.0,1158437,2,1,12,4,1.0,50.0,1.0,16.0,4.0,611M1,13.0,22812.0,2149.0
2865343,2865344,24.0,1158438,1,1,0,1,1.0,50.0,1.0,16.0,4.0,611M1,13.0,22818.0,2150.0
2865344,2865345,25.0,1158438,2,1,12,4,1.0,50.0,1.0,16.0,4.0,611M1,13.0,22818.0,2150.0
2865345,2865346,24.0,1158439,1,1,0,1,1.0,50.0,1.0,16.0,4.0,611M1,13.0,22816.0,2150.0
2865346,2865347,25.0,1158439,2,1,12,4,1.0,50.0,1.0,16.0,4.0,611M1,13.0,22816.0,2150.0
2865347,2865348,24.0,1158440,1,1,0,1,1.0,50.0,1.0,16.0,4.0,611M1,13.0,22818.0,2150.0
2865348,2865349,25.0,1158440,2,1,12,4,1.0,50.0,1.0,16.0,4.0,611M1,13.0,22818.0,2150.0
2865349,2865350,24.0,1158441,1,1,0,1,1.0,50.0,1.0,16.0,4.0,611M1,13.0,22812.0,2149.0
2865350,2865351,25.0,1158441,2,1,12,4,1.0,50.0,1.0,16.0,4.0,611M1,13.0,22812.0,2149.0
2865351,2865352,24.0,1158442,1,1,0,1,1.0,50.0,1.0,16.0,4.0,611M1,13.0,22817.0,2150.0
2865352,2865353,25.0,1158442,2,1,12,4,1.0,50.0,1.0,16.0,4.0,611M1,13.0,22817.0,2150.0
2865353,2865354,24.0,1158443,1,1,0,1,1.0,50.0,1.0,16.0,4.0,611M1,13.0,22818.0,2150.0
2865354,2865355,25.0,1158443,2,1,12,4,1.0,50.0,1.0,16.0,4.0,611M1,13.0,22818.0,2150.0
2865355,2865356,24.0,1158444,1,1,0,1,1.0,50.0,1.0,16.0,4.0,611M1,13.0,22812.0,2149.0
2865356,2865357,25.0,1158444,2,1,12,4,1.0,50.0,1.0,16.0,4.0,611M1,13.0,22812.0,2149.0
2865357,2865358,24.0,1158445,1,1,0,1,1.0,50.0,1.0,16.0,4.0,611M1,13.0,22818.0,2150.0
2865358,2865359,25.0,1158445,2,1,12,4,1.0,50.0,1.0,16.0,4.0,611M1,13.0,22818.0,2150.0
2865359,2865360,24.0,1158446,1,1,0,1,1.0,50.0,1.0,16.0,4.0,611M1,13.0,22818.0,2150.0
2865360,2865361,25.0,1158446,2,1,12,4,1.0,50.0,1.0,16.0,4.0,611M1,13.0,22818.0,2150.0
2865361,2865362,24.0,1158447,1,1,0,1,1.0,50.0,1.0,16.0,4.0,611M1,13.0,22812.0,2149.0
2865362,2865363,25.0,1158447,2,1,12,4,1.0,50.0,1.0,16.0,4.0,611M1,13.0,22812.0,2149.0
2865363,2865364,24.0,1158448,1,1,0,1,1.0,50.0,1.0,16.0,4.0,611M1,13.0,22818.0,2150.0
2865364,2865365,25.0,1158448,2,1,12,4,1.0,50.0,1.0,16.0,4.0,611M1,13.0,22818.0,2150.0
2865365,2865366,22.0,1158449,1,2,0,1,1.0,40.0,3.0,15.0,2.0,722Z,16.0,22812.0,2149.0
2865366,2865367,22.0,1158450,1,2,0,1,1.0,40.0,3.0,15.0,2.0,722Z,16.0,22818.0,2150.0
2865367,2865368,22.0,1158451,1,2,0,1,1.0,40.0,3.0,15.0,2.0,722Z,16.0,22816.0,2150.0
2865368,2865369,22.0,1158452,1,2,0,1,1.0,40.0,3.0,15.0,2.0,722Z,16.0,22812.0,2149.0
2865369,2865370,22.0,1158453,1,2,0,1,1.0,40.0,3.0,15.0,2.0,722Z,16.0,22812.0,2149.0
2865370,2865371,22.0,1158454,1,2,0,1,1.0,25.0,1.0,15.0,4.0,722Z,16.0,22817.0,2150.0
2865371,2865372,22.0,1158455,1,2,0,1,1.0,25.0,1.0,15.0,4.0,722Z,16.0,22818.0,2150.0
2865372,2865373,21.0,1158456,1,2,0,1,1.0,25.0,3.0,15.0,4.0,722Z,16.0,22818.0,2150.0
2865373,2865374,22.0,1158457,1,2,0,1,1.0,25.0,1.0,15.0,4.0,722Z,16.0,22812.0,2149.0
2865374,2865375,22.0,1158458,1,2,0,1,1.0,40.0,3.0,15.0,2.0,722Z,16.0,22817.0,2150.0
2865375,2865376,22.0,1158459,1,2,0,1,1.0,40.0,3.0,15.0,2.0,722Z,16.0,22812.0,2149.0
2865376,2865377,21.0,1158460,1,2,0,1,1.0,25.0,3.0,15.0,4.0,722Z,16.0,22818.0,2150.0
2865377,2865378,23.0,1158461,1,2,0,1,1.0,40.0,5.0,-9.0,4.0,611M1,13.0,22816.0,2150.0
2865378,2865379,21.0,1158462,1,2,0,1,1.0,20.0,1.0,15.0,4.0,611M1,13.0,22818.0,2150.0
2865379,2865380,21.0,1158463,1,2,0,1,1.0,6.0,1.0,15.0,4.0,611M3,13.0,22817.0,2150.0
2865380,2865381,23.0,1158464,1,2,0,1,1.0,35.0,1.0,16.0,4.0,611M1,13.0,22818.0,2150.0
2865381,2865382,23.0,1158465,1,2,0,1,1.0,40.0,5.0,-9.0,4.0,611M1,13.0,22812.0,2149.0
2865382,2865383,23.0,1158466,1,2,0,1,1.0,40.0,5.0,-9.0,4.0,611M1,13.0,22816.0,2150.0
2865383,2865384,24.0,1158467,1,2,0,1,1.0,9.0,6.0,16.0,4.0,611M1,13.0,22816.0,2150.0
2865384,2865385,21.0,1158468,1,2,0,1,1.0,20.0,1.0,15.0,4.0,611M1,13.0,22818.0,2150.0
2865385,2865386,23.0,1158469,1,2,0,1,1.0,35.0,1.0,16.0,4.0,611M1,13.0,22817.0,2150.0
2865386,2865387,23.0,1158470,1,2,0,1,1.0,40.0,5.0,-9.0,4.0,611M1,13.0,22818.0,2150.0
2865387,2865388,24.0,1158471,1,2,0,1,1.0,9.0,6.0,16.0,4.0,611M1,13.0,22812.0,2149.0
2865388,2865389,22.0,1158472,1,2,0,1,1.0,6.0,4.0,16.0,4.0,611M1,13.0,22818.0,2150.0
2865389,2865390,23.0,1158473,1,2,0,1,1.0,35.0,1.0,16.0,4.0,611M1,13.0,22817.0,2150.0
2865390,2865391,23.0,1158474,1,2,0,1,1.0,40.0,5.0,-9.0,4.0,611M1,13.0,22818.0,2150.0
2865391,2865392,23.0,1158475,1,2,0,1,1.0,35.0,1.0,16.0,4.0,611M1,13.0,22817.0,2150.0
2865392,2865393,23.0,1158476,1,2,0,1,1.0,35.0,1.0,16.0,4.0,611M1,13.0,22812.0,2149.0
2865393,2865394,23.0,1158477,1,2,0,1,1.0,35.0,1.0,16.0,4.0,611M1,13.0,22816.0,2150.0
2865394,2865395,23.0,1158478,1,2,0,1,1.0,35.0,1.0,16.0,4.0,611M1,13.0,22812.0,2149.0
2865395,2865396,22.0,1158479,1,2,0,1,1.0,15.0,2.0,16.0,4.0,611M1,13.0,22818.0,2150.0
2865396,2865397,21.0,1158480,1,2,0,1,1.0,20.0,1.0,15.0,4.0,611M1,13.0,22816.0,2150.0
2865397,2865398,21.0,1158481,1,2,0,1,1.0,20.0,1.0,15.0,4.0,611M1,13.0,22812.0,2149.0
2865398,2865399,23.0,1158482,1,2,0,1,1.0,35.0,1.0,16.0,4.0,611M1,13.0,22816.0,2150.0
2865399,2865400,23.0,1158483,1,2,0,1,1.0,35.0,1.0,16.0,4.0,611M1,13.0,22812.0,2149.0
2865400,2865401,21.0,1158484,1,2,0,1,1.0,6.0,1.0,15.0,4.0,611M3,13.0,22817.0,2150.0
2865401,2865402,22.0,1158485,1,2,0,1,1.0,6.0,4.0,16.0,4.0,611M1,13.0,22812.0,2149.0
2865402,2865403,22.0,1158486,1,2,0,1,1.0,15.0,2.0,16.0,4.0,611M1,13.0,22812.0,2149.0
2865403,2865404,23.0,1158487,1,2,0,1,1.0,40.0,5.0,-9.0,4.0,611M1,13.0,22818.0,2150.0
2865404,2865405,21.0,1158488,1,2,0,1,1.0,20.0,1.0,15.0,4.0,611M1,13.0,22818.0,2150.0
2865405,2865406,23.0,1158489,1,2,0,1,1.0,40.0,5.0,-9.0,4.0,611M1,13.0,22812.0,2149.0
2865406,2865407,23.0,1158490,1,2,0,1,1.0,35.0,1.0,16.0,4.0,611M1,13.0,22816.0,2150.0
2865407,2865408,23.0,1158491,1,2,0,1,1.0,35.0,1.0,16.0,4.0,611M1,13.0,22817.0,2150.0
2865408,2865409,21.0,1158492,1,2,0,1,1.0,6.0,1.0,15.0,4.0,611M3,13.0,22816.0,2150.0
2865409,2865410,23.0,1158493,1,2,0,1,1.0,35.0,1.0,16.0,4.0,611M1,13.0,22817.0,2150.0
2865410,2865411,22.0,1158494,1,2,0,1,1.0,15.0,2.0,16.0,4.0,611M1,13.0,22815.0,2150.0
2865411,2865412,21.0,1158495,1,2,0,1,1.0,6.0,1.0,15.0,4.0,611M3,13.0,22818.0,2150.0
2865412,2865413,22.0,1158496,1,2,0,1,1.0,6.0,4.0,16.0,4.0,611M1,13.0,22818.0,2150.0
2865413,2865414,24.0,1158497,1,2,0,1,1.0,9.0,6.0,16.0,4.0,611M1,13.0,22817.0,2150.0
2865414,2865415,23.0,1158498,1,2,0,1,1.0,35.0,1.0,16.0,4.0,611M1,13.0,22812.0,2149.0
2865415,2865416,24.0,1158499,1,2,0,1,1.0,9.0,6.0,16.0,4.0,611M1,13.0,22812.0,2149.0
2865416,2865417,23.0,1158500,1,2,0,1,1.0,40.0,5.0,-9.0,4.0,611M1,13.0,22817.0,2150.0
2865417,2865418,23.0,1158501,1,2,0,1,1.0,35.0,1.0,16.0,4.0,611M1,13.0,22818.0,2150.0
2865418,2865419,23.0,1158502,1,2,0,1,1.0,35.0,1.0,16.0,4.0,611M1,13.0,22817.0,2150.0
2865419,2865420,21.0,1158503,1,2,0,1,1.0,10.0,3.0,15.0,4.0,611M1,13.0,22812.0,2149.0
2865420,2865421,23.0,1158504,1,2,0,1,1.0,40.0,5.0,-9.0,4.0,611M1,13.0,22817.0,2150.0
2865421,2865422,23.0,1158505,1,2,0,1,1.0,40.0,5.0,-9.0,4.0,611M1,13.0,22815.0,2150.0
2865422,2865423,21.0,1158506,1,2,0,1,1.0,6.0,1.0,15.0,4.0,611M3,13.0,22817.0,2150.0
2865423,2865424,22.0,1158507,1,2,0,1,1.0,15.0,2.0,16.0,4.0,611M1,13.0,22818.0,2150.0
2865424,2865425,22.0,1158508,1,2,0,1,1.0,15.0,2.0,16.0,4.0,611M1,13.0,22817.0,2150.0
2865425,2865426,23.0,1158509,1,2,0,1,1.0,40.0,5.0,-9.0,4.0,611M1,13.0,22818.0,2150.0
2865426,2865427,23.0,1158510,1,2,0,1,1.0,40.0,5.0,-9.0,4.0,611M1,13.0,22812.0,2149.0
2865427,2865428,23.0,1158511,1,2,0,1,1.0,35.0,1.0,16.0,4.0,611M1,13.0,22812.0,2149.0
2865428,2865429,23.0,1158512,1,2,0,1,1.0,35.0,1.0,16.0,4.0,611M1,13.0,22818.0,2150.0
2865429,2865430,23.0,1158513,1,2,0,1,1.0,40.0,5.0,-9.0,4.0,611M1,13.0,22816.0,2150.0
2865430,2865431,23.0,1158514,1,2,0,1,1.0,35.0,1.0,16.0,4.0,611M1,13.0,22818.0,2150.0
2865431,2865432,22.0,1158515,1,2,0,1,1.0,6.0,4.0,16.0,4.0,611M1,13.0,22815.0,2150.0
2865432,2865433,21.0,1158516,1,2,0,1,1.0,6.0,1.0,15.0,4.0,611M3,13.0,22816.0,2150.0
2865433,2865434,23.0,1158517,1,2,0,1,1.0,35.0,1.0,16.0,4.0,611M1,13.0,22812.0,2149.0
2865434,2865435,23.0,1158518,1,2,0,1,1.0,40.0,5.0,-9.0,4.0,611M1,13.0,22817.0,2150.0
2865435,2865436,23.0,1158519,1,2,0,1,1.0,35.0,1.0,16.0,4.0,611M1,13.0,22816.0,2150.0
2865436,2865437,21.0,1158520,1,2,0,1,1.0,20.0,1.0,15.0,4.0,611M1,13.0,22812.0,2149.0
2865437,2865438,23.0,1158521,1,2,0,1,1.0,40.0,5.0,-9.0,4.0,611M1,13.0,22816.0,2150.0
2865438,2865439,23.0,1158522,1,2,0,1,1.0,40.0,5.0,-9.0,4.0,611M1,13.0,22818.0,2150.0
2865439,2865440,21.0,1158523,1,2,0,1,1.0,10.0,3.0,15.0,4.0,611M1,13.0,22817.0,2150.0
2865440,2865441,21.0,1158524,1,2,0,1,1.0,6.0,1.0,15.0,4.0,611M3,13.0,22818.0,2150.0
2865441,2865442,21.0,1158525,1,2,0,1,1.0,6.0,1.0,15.0,4.0,611M3,13.0,22812.0,2149.0
2865442,2865443,22.0,1158526,1,2,0,1,1.0,6.0,4.0,16.0,4.0,611M1,13.0,22817.0,2150.0
2865443,2865444,21.0,1158527,1,2,0,1,1.0,20.0,1.0,15.0,4.0,611M1,13.0,22812.0,2149.0
2865444,2865445,23.0,1158528,1,2,0,1,1.0,35.0,1.0,16.0,4.0,611M1,13.0,22812.0,2149.0
2865445,2865446,23.0,1158529,1,2,0,1,1.0,40.0,5.0,-9.0,4.0,611M1,13.0,22818.0,2150.0
2865446,2865447,21.0,1158530,1,2,0,1,1.0,6.0,1.0,15.0,4.0,611M3,13.0,22818.0,2150.0
2865447,2865448,21.0,1158531,1,2,0,1,1.0,10.0,3.0,15.0,4.0,611M1,13.0,22817.0,2150.0
2865448,2865449,21.0,1158532,1,2,0,1,1.0,6.0,1.0,15.0,4.0,611M3,13.0,22816.0,2150.0
2865449,2865450,21.0,1158533,1,2,0,1,1.0,20.0,1.0,15.0,4.0,611M1,13.0,22817.0,2150.0
2865450,2865451,22.0,1158534,1,2,0,1,1.0,15.0,2.0,16.0,4.0,611M1,13.0,22816.0,2150.0
2865451,2865452,23.0,1158535,1,2,0,1,1.0,40.0,5.0,-9.0,4.0,611M1,13.0,22816.0,2150.0
2865452,2865453,24.0,1158536,1,2,0,1,1.0,9.0,6.0,16.0,4.0,611M1,13.0,22816.0,2150.0
2865453,2865454,21.0,1158537,1,2,0,1,1.0,20.0,1.0,15.0,4.0,611M1,13.0,22812.0,2149.0
2865454,2865455,21.0,1158538,1,2,0,1,1.0,20.0,1.0,15.0,4.0,611M1,13.0,22812.0,2149.0
2865455,2865456,21.0,1158539,1,2,0,1,1.0,6.0,1.0,15.0,4.0,611M3,13.0,22818.0,2150.0
2865456,2865457,21.0,1158540,1,2,0,1,1.0,6.0,1.0,15.0,4.0,611M3,13.0,22812.0,2149.0
2865457,2865458,22.0,1158541,1,2,0,1,1.0,15.0,2.0,16.0,4.0,611M1,13.0,22812.0,2149.0
2865458,2865459,23.0,1158542,1,2,0,1,1.0,35.0,1.0,16.0,4.0,611M1,13.0,22812.0,2149.0
2865459,2865460,23.0,1158543,1,2,0,1,1.0,40.0,5.0,-9.0,4.0,611M1,13.0,22816.0,2150.0
2865460,2865461,21.0,1158544,1,2,0,1,1.0,10.0,3.0,15.0,4.0,611M1,13.0,22817.0,2150.0
2865461,2865462,21.0,1158545,1,2,0,1,1.0,6.0,1.0,15.0,4.0,611M3,13.0,22818.0,2150.0
2865462,2865463,21.0,1158546,1,2,0,1,1.0,6.0,1.0,15.0,4.0,611M3,13.0,22817.0,2150.0
2865463,2865464,22.0,1158547,1,2,0,1,1.0,15.0,2.0,16.0,4.0,611M1,13.0,22816.0,2150.0
2865464,2865465,24.0,1158548,1,2,0,1,1.0,9.0,6.0,16.0,4.0,611M1,13.0,22817.0,2150.0
2865465,2865466,23.0,1158549,1,2,0,1,1.0,40.0,5.0,-9.0,4.0,611M1,13.0,22817.0,2150.0
2865466,2865467,21.0,1158550,1,2,0,1,1.0,6.0,1.0,15.0,4.0,611M3,13.0,22812.0,2149.0
2865467,2865468,23.0,1158551,1,2,0,1,1.0,40.0,5.0,-9.0,4.0,611M1,13.0,22818.0,2150.0
2865468,2865469,21.0,1158552,1,2,0,1,1.0,10.0,3.0,15.0,4.0,611M1,13.0,22818.0,2150.0
2865469,2865470,22.0,1158553,1,2,0,1,1.0,6.0,4.0,16.0,4.0,611M1,13.0,22817.0,2150.0
2865470,2865471,22.0,1158554,1,2,0,1,1.0,15.0,2.0,16.0,4.0,611M1,13.0,22817.0,2150.0
2865471,2865472,22.0,1158555,1,2,0,1,1.0,15.0,2.0,16.0,4.0,611M1,13.0,22816.0,2150.0
2865472,2865473,22.0,1158556,1,2,0,1,1.0,6.0,4.0,16.0,4.0,611M1,13.0,22818.0,2150.0
2865473,2865474,22.0,1158557,1,2,0,1,1.0,15.0,2.0,16.0,4.0,611M1,13.0,22818.0,2150.0
2865474,2865475,23.0,1158558,1,2,0,1,1.0,35.0,1.0,16.0,4.0,611M1,13.0,22817.0,2150.0
2865475,2865476,21.0,1158559,1,2,0,1,1.0,6.0,1.0,15.0,4.0,611M3,13.0,22812.0,2149.0
2865476,2865477,21.0,1158560,1,2,0,1,1.0,6.0,1.0,15.0,4.0,611M3,13.0,22812.0,2149.0
2865477,2865478,21.0,1158561,1,2,0,1,1.0,20.0,1.0,15.0,4.0,611M1,13.0,22812.0,2149.0
2865478,2865479,23.0,1158562,1,2,0,1,1.0,35.0,1.0,16.0,4.0,611M1,13.0,22812.0,2149.0
2865479,2865480,22.0,1158563,1,2,0,1,1.0,15.0,2.0,16.0,4.0,611M1,13.0,22812.0,2149.0
2865480,2865481,22.0,1158564,1,2,0,1,1.0,15.0,2.0,16.0,4.0,611M1,13.0,22818.0,2150.0
2865481,2865482,23.0,1158565,1,2,0,1,1.0,40.0,5.0,-9.0,4.0,611M1,13.0,22812.0,2149.0
2865482,2865483,21.0,1158566,1,2,0,1,1.0,10.0,3.0,15.0,4.0,611M1,13.0,22818.0,2150.0
2865483,2865484,21.0,1158567,1,2,0,1,1.0,20.0,1.0,15.0,4.0,611M1,13.0,22812.0,2149.0
2865484,2865485,22.0,1158568,1,2,0,1,1.0,15.0,2.0,16.0,4.0,611M1,13.0,22816.0,2150.0
2865485,2865486,21.0,1158569,1,2,0,1,1.0,20.0,1.0,15.0,4.0,611M1,13.0,22812.0,2149.0
2865486,2865487,21.0,1158570,1,2,0,1,1.0,6.0,1.0,15.0,4.0,611M3,13.0,22812.0,2149.0
2865487,2865488,22.0,1158571,1,2,0,1,1.0,15.0,2.0,16.0,4.0,611M1,13.0,22818.0,2150.0
2865488,2865489,23.0,1158572,1,2,0,1,1.0,35.0,1.0,16.0,4.0,611M1,13.0,22816.0,2150.0
2865489,2865490,21.0,1158573,1,2,0,1,1.0,6.0,1.0,15.0,4.0,611M3,13.0,22818.0,2150.0
2865490,2865491,23.0,1158574,1,2,0,1,1.0,35.0,1.0,16.0,4.0,611M1,13.0,22817.0,2150.0
2865491,2865492,24.0,1158575,1,2,0,1,1.0,9.0,6.0,16.0,4.0,611M1,13.0,22817.0,2150.0
2865492,2865493,22.0,1158576,1,2,0,1,1.0,15.0,2.0,16.0,4.0,611M1,13.0,22812.0,2149.0
2865493,2865494,21.0,1158577,1,2,0,1,1.0,20.0,1.0,15.0,4.0,611M1,13.0,22817.0,2150.0
2865494,2865495,22.0,1158578,1,2,0,1,1.0,15.0,2.0,16.0,4.0,611M1,13.0,22812.0,2149.0
2865495,2865496,23.0,1158579,1,2,0,1,1.0,35.0,1.0,16.0,4.0,611M1,13.0,22817.0,2150.0
2865496,2865497,23.0,1158580,1,2,0,1,1.0,35.0,1.0,16.0,4.0,611M1,13.0,22818.0,2150.0
2865497,2865498,21.0,1158581,1,2,0,1,1.0,6.0,1.0,15.0,4.0,611M3,13.0,22812.0,2149.0
2865498,2865499,21.0,1158582,1,2,0,1,1.0,20.0,1.0,15.0,4.0,611M1,13.0,22815.0,2150.0
2865499,2865500,21.0,1158583,1,2,0,1,1.0,20.0,1.0,15.0,4.0,611M1,13.0,22818.0,2150.0
2865500,2865501,21.0,1158584,1,2,0,1,1.0,10.0,3.0,15.0,4.0,611M1,13.0,22812.0,2149.0
2865501,2865502,23.0,1158585,1,2,0,1,1.0,40.0,5.0,-9.0,4.0,611M1,13.0,22812.0,2149.0
2865502,2865503,23.0,1158586,1,2,0,1,1.0,35.0,1.0,16.0,4.0,611M1,13.0,22818.0,2150.0
2865503,2865504,21.0,1158587,1,2,0,1,1.0,6.0,1.0,15.0,4.0,611M3,13.0,22817.0,2150.0
2865504,2865505,24.0,1158588,1,2,0,1,1.0,9.0,6.0,16.0,4.0,611M1,13.0,22817.0,2150.0
2865505,2865506,21.0,1158589,1,2,0,1,1.0,20.0,1.0,15.0,4.0,611M1,13.0,22816.0,2150.0
2865506,2865507,21.0,1158590,1,2,0,1,1.0,20.0,1.0,15.0,4.0,611M1,13.0,22817.0,2150.0
2865507,2865508,22.0,1158591,1,2,0,1,1.0,15.0,2.0,16.0,4.0,611M1,13.0,22812.0,2149.0
2865508,2865509,23.0,1158592,1,2,0,1,1.0,35.0,1.0,16.0,4.0,611M1,13.0,22812.0,2149.0
2865509,2865510,21.0,1158593,1,2,0,1,1.0,20.0,1.0,15.0,4.0,611M1,13.0,22817.0,2150.0
2865510,2865511,21.0,1158594,1,2,0,1,1.0,20.0,1.0,15.0,4.0,611M1,13.0,22816.0,2150.0
2865511,2865512,23.0,1158595,1,2,0,1,1.0,35.0,1.0,16.0,4.0,611M1,13.0,22818.0,2150.0
2865512,2865513,21.0,1158596,1,2,0,1,1.0,6.0,1.0,15.0,4.0,611M3,13.0,22815.0,2150.0
2865513,2865514,23.0,1158597,1,2,0,1,1.0,40.0,5.0,-9.0,4.0,611M1,13.0,22818.0,2150.0
2865514,2865515,24.0,1158598,1,2,0,1,6.0,-9.0,-9.0,-9.0,4.0,5419Z,10.0,22812.0,2149.0
2865515,2865516,24.0,1158599,1,2,0,1,6.0,-9.0,-9.0,-9.0,4.0,5419Z,10.0,22818.0,2150.0
2865516,2865517,24.0,1158600,1,2,0,1,6.0,-9.0,-9.0,-9.0,4.0,5419Z,10.0,22812.0,2149.0
2865517,2865518,24.0,1158601,1,2,0,1,6.0,-9.0,-9.0,-9.0,4.0,5419Z,10.0,22818.0,2150.0
2865518,2865519,24.0,1158602,1,2,0,1,6.0,-9.0,-9.0,-9.0,4.0,5419Z,10.0,22812.0,2149.0
2865519,2865520,24.0,1158603,1,2,0,1,6.0,-9.0,-9.0,-9.0,4.0,5419Z,10.0,22818.0,2150.0
2865520,2865521,19.0,1158604,1,1,0,1,6.0,-9.0,-9.0,15.0,4.0,-9,0.0,22812.0,2149.0
2865521,2865522,19.0,1158604,2,1,15,1,1.0,30.0,3.0,15.0,4.0,23,2.0,22812.0,2149.0
2865522,2865523,66.0,1158605,1,1,0,1,1.0,50.0,1.0,-9.0,4.0,7112,16.0,22783.0,2138.0
2865523,2865524,22.0,1158605,2,1,2,1,1.0,37.0,1.0,-9.0,4.0,6241,14.0,22783.0,2138.0
2865524,2865525,56.0,1158605,3,2,13,1,1.0,40.0,1.0,-9.0,4.0,5417,10.0,22783.0,2138.0
2865525,2865526,66.0,1158606,1,1,0,1,1.0,50.0,1.0,-9.0,4.0,7112,16.0,22774.0,2137.0
2865526,2865527,22.0,1158606,2,1,2,1,1.0,37.0,1.0,-9.0,4.0,6241,14.0,22774.0,2137.0
2865527,2865528,56.0,1158606,3,2,13,1,1.0,40.0,1.0,-9.0,4.0,5417,10.0,22774.0,2137.0
2865528,2865529,66.0,1158607,1,1,0,1,1.0,50.0,1.0,-9.0,4.0,7112,16.0,22783.0,2138.0
2865529,2865530,22.0,1158607,2,1,2,1,1.0,37.0,1.0,-9.0,4.0,6241,14.0,22783.0,2138.0
2865530,2865531,56.0,1158607,3,2,13,1,1.0,40.0,1.0,-9.0,4.0,5417,10.0,22783.0,2138.0
2865531,2865532,66.0,1158608,1,1,0,1,1.0,50.0,1.0,-9.0,4.0,7112,16.0,22782.0,2138.0
2865532,2865533,22.0,1158608,2,1,2,1,1.0,37.0,1.0,-9.0,4.0,6241,14.0,22782.0,2138.0
2865533,2865534,56.0,1158608,3,2,13,1,1.0,40.0,1.0,-9.0,4.0,5417,10.0,22782.0,2138.0
2865534,2865535,66.0,1158609,1,1,0,1,1.0,50.0,1.0,-9.0,4.0,7112,16.0,22775.0,2137.0
2865535,2865536,22.0,1158609,2,1,2,1,1.0,37.0,1.0,-9.0,4.0,6241,14.0,22775.0,2137.0
2865536,2865537,56.0,1158609,3,2,13,1,1.0,40.0,1.0,-9.0,4.0,5417,10.0,22775.0,2137.0
2865537,2865538,66.0,1158610,1,1,0,1,1.0,50.0,1.0,-9.0,4.0,7112,16.0,22783.0,2138.0
2865538,2865539,22.0,1158610,2,1,2,1,1.0,37.0,1.0,-9.0,4.0,6241,14.0,22783.0,2138.0
2865539,2865540,56.0,1158610,3,2,13,1,1.0,40.0,1.0,-9.0,4.0,5417,10.0,22783.0,2138.0
2865540,2865541,66.0,1158611,1,1,0,1,1.0,50.0,1.0,-9.0,4.0,7112,16.0,22783.0,2138.0
2865541,2865542,22.0,1158611,2,1,2,1,1.0,37.0,1.0,-9.0,4.0,6241,14.0,22783.0,2138.0
2865542,2865543,56.0,1158611,3,2,13,1,1.0,40.0,1.0,-9.0,4.0,5417,10.0,22783.0,2138.0
2865543,2865544,66.0,1158612,1,1,0,1,1.0,50.0,1.0,-9.0,4.0,7112,16.0,22799.0,2142.0
2865544,2865545,22.0,1158612,2,1,2,1,1.0,37.0,1.0,-9.0,4.0,6241,14.0,22799.0,2142.0
2865545,2865546,56.0,1158612,3,2,13,1,1.0,40.0,1.0,-9.0,4.0,5417,10.0,22799.0,2142.0
2865546,2865547,66.0,1158613,1,1,0,1,1.0,50.0,1.0,-9.0,4.0,7112,16.0,22783.0,2138.0
2865547,2865548,22.0,1158613,2,1,2,1,1.0,37.0,1.0,-9.0,4.0,6241,14.0,22783.0,2138.0
2865548,2865549,56.0,1158613,3,2,13,1,1.0,40.0,1.0,-9.0,4.0,5417,10.0,22783.0,2138.0
2865549,2865550,66.0,1158614,1,1,0,1,1.0,50.0,1.0,-9.0,4.0,7112,16.0,22781.0,2138.0
2865550,2865551,22.0,1158614,2,1,2,1,1.0,37.0,1.0,-9.0,4.0,6241,14.0,22781.0,2138.0
2865551,2865552,56.0,1158614,3,2,13,1,1.0,40.0,1.0,-9.0,4.0,5417,10.0,22781.0,2138.0
2865552,2865553,66.0,1158615,1,1,0,1,1.0,50.0,1.0,-9.0,4.0,7112,16.0,22778.0,2137.0
2865553,2865554,22.0,1158615,2,1,2,1,1.0,37.0,1.0,-9.0,4.0,6241,14.0,22778.0,2137.0
2865554,2865555,56.0,1158615,3,2,13,1,1.0,40.0,1.0,-9.0,4.0,5417,10.0,22778.0,2137.0
2865555,2865556,66.0,1158616,1,1,0,1,1.0,50.0,1.0,-9.0,4.0,7112,16.0,22776.0,2137.0
2865556,2865557,22.0,1158616,2,1,2,1,1.0,37.0,1.0,-9.0,4.0,6241,14.0,22776.0,2137.0
2865557,2865558,56.0,1158616,3,2,13,1,1.0,40.0,1.0,-9.0,4.0,5417,10.0,22776.0,2137.0
2865558,2865559,66.0,1158617,1,1,0,1,1.0,50.0,1.0,-9.0,4.0,7112,16.0,22783.0,2138.0
2865559,2865560,22.0,1158617,2,1,2,1,1.0,37.0,1.0,-9.0,4.0,6241,14.0,22783.0,2138.0
2865560,2865561,56.0,1158617,3,2,13,1,1.0,40.0,1.0,-9.0,4.0,5417,10.0,22783.0,2138.0
2865561,2865562,66.0,1158618,1,1,0,1,1.0,50.0,1.0,-9.0,4.0,7112,16.0,22780.0,2138.0
2865562,2865563,22.0,1158618,2,1,2,1,1.0,37.0,1.0,-9.0,4.0,6241,14.0,22780.0,2138.0
2865563,2865564,56.0,1158618,3,2,13,1,1.0,40.0,1.0,-9.0,4.0,5417,10.0,22780.0,2138.0
2865564,2865565,66.0,1158619,1,1,0,1,1.0,50.0,1.0,-9.0,4.0,7112,16.0,22781.0,2138.0
2865565,2865566,22.0,1158619,2,1,2,1,1.0,37.0,1.0,-9.0,4.0,6241,14.0,22781.0,2138.0
2865566,2865567,56.0,1158619,3,2,13,1,1.0,40.0,1.0,-9.0,4.0,5417,10.0,22781.0,2138.0
2865567,2865568,66.0,1158620,1,1,0,1,1.0,50.0,1.0,-9.0,4.0,7112,16.0,22783.0,2138.0
2865568,2865569,22.0,1158620,2,1,2,1,1.0,37.0,1.0,-9.0,4.0,6241,14.0,22783.0,2138.0
2865569,2865570,56.0,1158620,3,2,13,1,1.0,40.0,1.0,-9.0,4.0,5417,10.0,22783.0,2138.0
2865570,2865571,66.0,1158621,1,1,0,1,1.0,50.0,1.0,-9.0,4.0,7112,16.0,22775.0,2137.0
2865571,2865572,22.0,1158621,2,1,2,1,1.0,37.0,1.0,-9.0,4.0,6241,14.0,22775.0,2137.0
2865572,2865573,56.0,1158621,3,2,13,1,1.0,40.0,1.0,-9.0,4.0,5417,10.0,22775.0,2137.0
2865573,2865574,66.0,1158622,1,1,0,1,1.0,50.0,1.0,-9.0,4.0,7112,16.0,22774.0,2137.0
2865574,2865575,22.0,1158622,2,1,2,1,1.0,37.0,1.0,-9.0,4.0,6241,14.0,22774.0,2137.0
2865575,2865576,56.0,1158622,3,2,13,1,1.0,40.0,1.0,-9.0,4.0,5417,10.0,22774.0,2137.0
2865576,2865577,66.0,1158623,1,1,0,1,1.0,50.0,1.0,-9.0,4.0,7112,16.0,22780.0,2138.0
2865577,2865578,22.0,1158623,2,1,2,1,1.0,37.0,1.0,-9.0,4.0,6241,14.0,22780.0,2138.0
2865578,2865579,56.0,1158623,3,2,13,1,1.0,40.0,1.0,-9.0,4.0,5417,10.0,22780.0,2138.0
2865579,2865580,66.0,1158624,1,1,0,1,1.0,50.0,1.0,-9.0,4.0,7112,16.0,22779.0,2138.0
2865580,2865581,22.0,1158624,2,1,2,1,1.0,37.0,1.0,-9.0,4.0,6241,14.0,22779.0,2138.0
2865581,2865582,56.0,1158624,3,2,13,1,1.0,40.0,1.0,-9.0,4.0,5417,10.0,22779.0,2138.0
2865582,2865583,66.0,1158625,1,1,0,1,1.0,50.0,1.0,-9.0,4.0,7112,16.0,22780.0,2138.0
2865583,2865584,22.0,1158625,2,1,2,1,1.0,37.0,1.0,-9.0,4.0,6241,14.0,22780.0,2138.0
2865584,2865585,56.0,1158625,3,2,13,1,1.0,40.0,1.0,-9.0,4.0,5417,10.0,22780.0,2138.0
2865585,2865586,66.0,1158626,1,1,0,1,1.0,50.0,1.0,-9.0,4.0,7112,16.0,22781.0,2138.0
2865586,2865587,22.0,1158626,2,1,2,1,1.0,37.0,1.0,-9.0,4.0,6241,14.0,22781.0,2138.0
2865587,2865588,56.0,1158626,3,2,13,1,1.0,40.0,1.0,-9.0,4.0,5417,10.0,22781.0,2138.0
2865588,2865589,66.0,1158627,1,1,0,1,1.0,50.0,1.0,-9.0,4.0,7112,16.0,22782.0,2138.0
2865589,2865590,22.0,1158627,2,1,2,1,1.0,37.0,1.0,-9.0,4.0,6241,14.0,22782.0,2138.0
2865590,2865591,56.0,1158627,3,2,13,1,1.0,40.0,1.0,-9.0,4.0,5417,10.0,22782.0,2138.0
2865591,2865592,66.0,1158628,1,1,0,1,1.0,50.0,1.0,-9.0,4.0,7112,16.0,22778.0,2137.0
2865592,2865593,22.0,1158628,2,1,2,1,1.0,37.0,1.0,-9.0,4.0,6241,14.0,22778.0,2137.0
2865593,2865594,56.0,1158628,3,2,13,1,1.0,40.0,1.0,-9.0,4.0,5417,10.0,22778.0,2137.0
2865594,2865595,66.0,1158629,1,1,0,1,1.0,50.0,1.0,-9.0,4.0,7112,16.0,22780.0,2138.0
2865595,2865596,22.0,1158629,2,1,2,1,1.0,37.0,1.0,-9.0,4.0,6241,14.0,22780.0,2138.0
2865596,2865597,56.0,1158629,3,2,13,1,1.0,40.0,1.0,-9.0,4.0,5417,10.0,22780.0,2138.0
2865597,2865598,66.0,1158630,1,1,0,1,1.0,50.0,1.0,-9.0,4.0,7112,16.0,22799.0,2142.0
2865598,2865599,22.0,1158630,2,1,2,1,1.0,37.0,1.0,-9.0,4.0,6241,14.0,22799.0,2142.0
2865599,2865600,56.0,1158630,3,2,13,1,1.0,40.0,1.0,-9.0,4.0,5417,10.0,22799.0,2142.0
2865600,2865601,66.0,1158631,1,1,0,1,1.0,50.0,1.0,-9.0,4.0,7112,16.0,22780.0,2138.0
2865601,2865602,22.0,1158631,2,1,2,1,1.0,37.0,1.0,-9.0,4.0,6241,14.0,22780.0,2138.0
2865602,2865603,56.0,1158631,3,2,13,1,1.0,40.0,1.0,-9.0,4.0,5417,10.0,22780.0,2138.0
2865603,2865604,66.0,1158632,1,1,0,1,1.0,50.0,1.0,-9.0,4.0,7112,16.0,22783.0,2138.0
2865604,2865605,22.0,1158632,2,1,2,1,1.0,37.0,1.0,-9.0,4.0,6241,14.0,22783.0,2138.0
2865605,2865606,56.0,1158632,3,2,13,1,1.0,40.0,1.0,-9.0,4.0,5417,10.0,22783.0,2138.0
2865606,2865607,66.0,1158633,1,1,0,1,1.0,50.0,1.0,-9.0,4.0,7112,16.0,22783.0,2138.0
2865607,2865608,22.0,1158633,2,1,2,1,1.0,37.0,1.0,-9.0,4.0,6241,14.0,22783.0,2138.0
2865608,2865609,56.0,1158633,3,2,13,1,1.0,40.0,1.0,-9.0,4.0,5417,10.0,22783.0,2138.0
2865609,2865610,66.0,1158634,1,1,0,1,1.0,50.0,1.0,-9.0,4.0,7112,16.0,22782.0,2138.0
2865610,2865611,22.0,1158634,2,1,2,1,1.0,37.0,1.0,-9.0,4.0,6241,14.0,22782.0,2138.0
2865611,2865612,56.0,1158634,3,2,13,1,1.0,40.0,1.0,-9.0,4.0,5417,10.0,22782.0,2138.0
2865612,2865613,66.0,1158635,1,1,0,1,1.0,50.0,1.0,-9.0,4.0,7112,16.0,22780.0,2138.0
2865613,2865614,22.0,1158635,2,1,2,1,1.0,37.0,1.0,-9.0,4.0,6241,14.0,22780.0,2138.0
2865614,2865615,56.0,1158635,3,2,13,1,1.0,40.0,1.0,-9.0,4.0,5417,10.0,22780.0,2138.0
2865615,2865616,66.0,1158636,1,1,0,1,1.0,50.0,1.0,-9.0,4.0,7112,16.0,22782.0,2138.0
2865616,2865617,22.0,1158636,2,1,2,1,1.0,37.0,1.0,-9.0,4.0,6241,14.0,22782.0,2138.0
2865617,2865618,56.0,1158636,3,2,13,1,1.0,40.0,1.0,-9.0,4.0,5417,10.0,22782.0,2138.0
2865618,2865619,66.0,1158637,1,1,0,1,1.0,50.0,1.0,-9.0,4.0,7112,16.0,22780.0,2138.0
2865619,2865620,22.0,1158637,2,1,2,1,1.0,37.0,1.0,-9.0,4.0,6241,14.0,22780.0,2138.0
2865620,2865621,56.0,1158637,3,2,13,1,1.0,40.0,1.0,-9.0,4.0,5417,10.0,22780.0,2138.0
2865621,2865622,78.0,1158638,1,1,0,1,6.0,-9.0,-9.0,-9.0,4.0,-9,0.0,22781.0,2138.0
2865622,2865623,57.0,1158638,2,1,2,3,1.0,16.0,6.0,-9.0,4.0,23,2.0,22781.0,2138.0
2865623,2865624,78.0,1158639,1,1,0,1,6.0,-9.0,-9.0,-9.0,4.0,-9,0.0,22799.0,2142.0
2865624,2865625,57.0,1158639,2,1,2,3,1.0,16.0,6.0,-9.0,4.0,23,2.0,22799.0,2142.0
2865625,2865626,78.0,1158640,1,1,0,1,6.0,-9.0,-9.0,-9.0,4.0,-9,0.0,22782.0,2138.0
2865626,2865627,57.0,1158640,2,1,2,3,1.0,16.0,6.0,-9.0,4.0,23,2.0,22782.0,2138.0
2865627,2865628,78.0,1158641,1,1,0,1,6.0,-9.0,-9.0,-9.0,4.0,-9,0.0,22775.0,2137.0
2865628,2865629,57.0,1158641,2,1,2,3,1.0,16.0,6.0,-9.0,4.0,23,2.0,22775.0,2137.0
2865629,2865630,78.0,1158642,1,1,0,1,6.0,-9.0,-9.0,-9.0,4.0,-9,0.0,22799.0,2142.0
2865630,2865631,57.0,1158642,2,1,2,3,1.0,16.0,6.0,-9.0,4.0,23,2.0,22799.0,2142.0
2865631,2865632,78.0,1158643,1,1,0,1,6.0,-9.0,-9.0,-9.0,4.0,-9,0.0,22781.0,2138.0
2865632,2865633,57.0,1158643,2,1,2,3,1.0,16.0,6.0,-9.0,4.0,23,2.0,22781.0,2138.0
2865633,2865634,78.0,1158644,1,1,0,1,6.0,-9.0,-9.0,-9.0,4.0,-9,0.0,22776.0,2137.0
2865634,2865635,57.0,1158644,2,1,2,3,1.0,16.0,6.0,-9.0,4.0,23,2.0,22776.0,2137.0
2865635,2865636,78.0,1158645,1,1,0,1,6.0,-9.0,-9.0,-9.0,4.0,-9,0.0,22775.0,2137.0
2865636,2865637,57.0,1158645,2,1,2,3,1.0,16.0,6.0,-9.0,4.0,23,2.0,22775.0,2137.0
2865637,2865638,78.0,1158646,1,1,0,1,6.0,-9.0,-9.0,-9.0,4.0,-9,0.0,22783.0,2138.0
2865638,2865639,57.0,1158646,2,1,2,3,1.0,16.0,6.0,-9.0,4.0,23,2.0,22783.0,2138.0
2865639,2865640,78.0,1158647,1,1,0,1,6.0,-9.0,-9.0,-9.0,4.0,-9,0.0,22778.0,2137.0
2865640,2865641,57.0,1158647,2,1,2,3,1.0,16.0,6.0,-9.0,4.0,23,2.0,22778.0,2137.0
2865641,2865642,78.0,1158648,1,1,0,1,6.0,-9.0,-9.0,-9.0,4.0,-9,0.0,22780.0,2138.0
2865642,2865643,57.0,1158648,2,1,2,3,1.0,16.0,6.0,-9.0,4.0,23,2.0,22780.0,2138.0
2865643,2865644,87.0,1158649,1,2,0,1,6.0,-9.0,-9.0,-9.0,4.0,-9,0.0,22781.0,2138.0
2865644,2865645,89.0,1158650,1,2,0,1,6.0,-9.0,-9.0,-9.0,4.0,-9,0.0,22782.0,2138.0
2865645,2865646,79.0,1158651,1,2,0,1,6.0,-9.0,-9.0,-9.0,4.0,-9,0.0,22781.0,2138.0
2865646,2865647,89.0,1158652,1,2,0,1,6.0,-9.0,-9.0,-9.0,4.0,-9,0.0,22799.0,2142.0
2865647,2865648,94.0,1158653,1,2,0,1,6.0,-9.0,-9.0,-9.0,2.0,-9,0.0,22782.0,2138.0
2865648,2865649,79.0,1158654,1,2,0,1,6.0,-9.0,-9.0,-9.0,4.0,-9,0.0,22780.0,2138.0
2865649,2865650,79.0,1158655,1,2,0,1,6.0,-9.0,-9.0,-9.0,4.0,-9,0.0,22782.0,2138.0
2865650,2865651,84.0,1158656,1,2,0,1,6.0,-9.0,-9.0,-9.0,4.0,-9,0.0,22775.0,2137.0
2865651,2865652,76.0,1158657,1,2,0,1,6.0,-9.0,-9.0,-9.0,4.0,-9,0.0,22783.0,2138.0
2865652,2865653,84.0,1158658,1,2,0,1,6.0,-9.0,-9.0,-9.0,4.0,-9,0.0,22782.0,2138.0
2865653,2865654,79.0,1158659,1,2,0,1,6.0,-9.0,-9.0,-9.0,4.0,-9,0.0,22780.0,2138.0
2865654,2865655,94.0,1158660,1,2,0,1,6.0,-9.0,-9.0,-9.0,2.0,-9,0.0,22783.0,2138.0
2865655,2865656,94.0,1158661,1,2,0,1,6.0,-9.0,-9.0,-9.0,2.0,-9,0.0,22782.0,2138.0
2865656,2865657,89.0,1158662,1,2,0,1,6.0,-9.0,-9.0,-9.0,4.0,-9,0.0,22783.0,2138.0
2865657,2865658,79.0,1158663,1,2,0,1,6.0,-9.0,-9.0,-9.0,4.0,-9,0.0,22777.0,2137.0
2865658,2865659,71.0,1158664,1,2,0,1,6.0,-9.0,-9.0,-9.0,4.0,-9,0.0,22776.0,2137.0
2865659,2865660,87.0,1158665,1,2,0,1,6.0,-9.0,-9.0,-9.0,4.0,-9,0.0,22780.0,2138.0
2865660,2865661,87.0,1158666,1,2,0,1,6.0,-9.0,-9.0,-9.0,4.0,-9,0.0,22780.0,2138.0
2865661,2865662,79.0,1158667,1,2,0,1,6.0,-9.0,-9.0,-9.0,4.0,-9,0.0,22780.0,2138.0
2865662,2865663,87.0,1158668,1,2,0,1,6.0,-9.0,-9.0,-9.0,4.0,-9,0.0,22774.0,2137.0
2865663,2865664,89.0,1158669,1,2,0,1,6.0,-9.0,-9.0,-9.0,4.0,-9,0.0,22775.0,2137.0
2865664,2865665,87.0,1158670,1,2,0,1,6.0,-9.0,-9.0,-9.0,4.0,-9,0.0,22780.0,2138.0
2865665,2865666,94.0,1158671,1,2,0,1,6.0,-9.0,-9.0,-9.0,2.0,-9,0.0,22777.0,2137.0
2865666,2865667,79.0,1158672,1,2,0,1,6.0,-9.0,-9.0,-9.0,4.0,-9,0.0,22779.0,2138.0
2865667,2865668,73.0,1158673,1,2,0,1,6.0,-9.0,-9.0,-9.0,4.0,-9,0.0,22783.0,2138.0
2865668,2865669,44.0,1158673,2,1,2,1,6.0,-9.0,-9.0,-9.0,4.0,-9,0.0,22783.0,2138.0
2865669,2865670,14.0,1158673,3,1,7,1,-9.0,-9.0,-9.0,10.0,-9.0,-9,0.0,22783.0,2138.0
2865670,2865671,13.0,1158673,4,1,7,1,-9.0,-9.0,-9.0,9.0,-9.0,-9,0.0,22783.0,2138.0
2865671,2865672,73.0,1158674,1,2,0,1,6.0,-9.0,-9.0,-9.0,4.0,-9,0.0,22775.0,2137.0
2865672,2865673,44.0,1158674,2,1,2,1,6.0,-9.0,-9.0,-9.0,4.0,-9,0.0,22775.0,2137.0
2865673,2865674,14.0,1158674,3,1,7,1,-9.0,-9.0,-9.0,10.0,-9.0,-9,0.0,22775.0,2137.0
2865674,2865675,13.0,1158674,4,1,7,1,-9.0,-9.0,-9.0,9.0,-9.0,-9,0.0,22775.0,2137.0
2865675,2865676,73.0,1158675,1,2,0,1,6.0,-9.0,-9.0,-9.0,4.0,-9,0.0,22782.0,2138.0
2865676,2865677,44.0,1158675,2,1,2,1,6.0,-9.0,-9.0,-9.0,4.0,-9,0.0,22782.0,2138.0
2865677,2865678,14.0,1158675,3,1,7,1,-9.0,-9.0,-9.0,10.0,-9.0,-9,0.0,22782.0,2138.0
2865678,2865679,13.0,1158675,4,1,7,1,-9.0,-9.0,-9.0,9.0,-9.0,-9,0.0,22782.0,2138.0
2865679,2865680,73.0,1158676,1,2,0,1,6.0,-9.0,-9.0,-9.0,4.0,-9,0.0,22799.0,2142.0
2865680,2865681,44.0,1158676,2,1,2,1,6.0,-9.0,-9.0,-9.0,4.0,-9,0.0,22799.0,2142.0
2865681,2865682,14.0,1158676,3,1,7,1,-9.0,-9.0,-9.0,10.0,-9.0,-9,0.0,22799.0,2142.0
2865682,2865683,13.0,1158676,4,1,7,1,-9.0,-9.0,-9.0,9.0,-9.0,-9,0.0,22799.0,2142.0
2865683,2865684,73.0,1158677,1,2,0,1,6.0,-9.0,-9.0,-9.0,4.0,-9,0.0,22776.0,2137.0
2865684,2865685,44.0,1158677,2,1,2,1,6.0,-9.0,-9.0,-9.0,4.0,-9,0.0,22776.0,2137.0
2865685,2865686,14.0,1158677,3,1,7,1,-9.0,-9.0,-9.0,10.0,-9.0,-9,0.0,22776.0,2137.0
2865686,2865687,13.0,1158677,4,1,7,1,-9.0,-9.0,-9.0,9.0,-9.0,-9,0.0,22776.0,2137.0
2865687,2865688,73.0,1158678,1,2,0,1,6.0,-9.0,-9.0,-9.0,4.0,-9,0.0,22780.0,2138.0
2865688,2865689,44.0,1158678,2,1,2,1,6.0,-9.0,-9.0,-9.0,4.0,-9,0.0,22780.0,2138.0
2865689,2865690,14.0,1158678,3,1,7,1,-9.0,-9.0,-9.0,10.0,-9.0,-9,0.0,22780.0,2138.0
2865690,2865691,13.0,1158678,4,1,7,1,-9.0,-9.0,-9.0,9.0,-9.0,-9,0.0,22780.0,2138.0
2865691,2865692,73.0,1158679,1,2,0,1,6.0,-9.0,-9.0,-9.0,4.0,-9,0.0,22778.0,2137.0
2865692,2865693,44.0,1158679,2,1,2,1,6.0,-9.0,-9.0,-9.0,4.0,-9,0.0,22778.0,2137.0
2865693,2865694,14.0,1158679,3,1,7,1,-9.0,-9.0,-9.0,10.0,-9.0,-9,0.0,22778.0,2137.0
2865694,2865695,13.0,1158679,4,1,7,1,-9.0,-9.0,-9.0,9.0,-9.0,-9,0.0,22778.0,2137.0
2865695,2865696,73.0,1158680,1,2,0,1,6.0,-9.0,-9.0,-9.0,4.0,-9,0.0,22780.0,2138.0
2865696,2865697,44.0,1158680,2,1,2,1,6.0,-9.0,-9.0,-9.0,4.0,-9,0.0,22780.0,2138.0
2865697,2865698,14.0,1158680,3,1,7,1,-9.0,-9.0,-9.0,10.0,-9.0,-9,0.0,22780.0,2138.0
2865698,2865699,13.0,1158680,4,1,7,1,-9.0,-9.0,-9.0,9.0,-9.0,-9,0.0,22780.0,2138.0
2865699,2865700,73.0,1158681,1,2,0,1,6.0,-9.0,-9.0,-9.0,4.0,-9,0.0,22781.0,2138.0
2865700,2865701,44.0,1158681,2,1,2,1,6.0,-9.0,-9.0,-9.0,4.0,-9,0.0,22781.0,2138.0
2865701,2865702,14.0,1158681,3,1,7,1,-9.0,-9.0,-9.0,10.0,-9.0,-9,0.0,22781.0,2138.0
2865702,2865703,13.0,1158681,4,1,7,1,-9.0,-9.0,-9.0,9.0,-9.0,-9,0.0,22781.0,2138.0
2865703,2865704,73.0,1158682,1,2,0,1,6.0,-9.0,-9.0,-9.0,4.0,-9,0.0,22776.0,2137.0
2865704,2865705,44.0,1158682,2,1,2,1,6.0,-9.0,-9.0,-9.0,4.0,-9,0.0,22776.0,2137.0
2865705,2865706,14.0,1158682,3,1,7,1,-9.0,-9.0,-9.0,10.0,-9.0,-9,0.0,22776.0,2137.0
2865706,2865707,13.0,1158682,4,1,7,1,-9.0,-9.0,-9.0,9.0,-9.0,-9,0.0,22776.0,2137.0
2865707,2865708,73.0,1158683,1,2,0,1,6.0,-9.0,-9.0,-9.0,4.0,-9,0.0,22780.0,2138.0
2865708,2865709,44.0,1158683,2,1,2,1,6.0,-9.0,-9.0,-9.0,4.0,-9,0.0,22780.0,2138.0
2865709,2865710,14.0,1158683,3,1,7,1,-9.0,-9.0,-9.0,10.0,-9.0,-9,0.0,22780.0,2138.0
2865710,2865711,13.0,1158683,4,1,7,1,-9.0,-9.0,-9.0,9.0,-9.0,-9,0.0,22780.0,2138.0
2865711,2865712,73.0,1158684,1,2,0,1,6.0,-9.0,-9.0,-9.0,4.0,-9,0.0,22783.0,2138.0
2865712,2865713,44.0,1158684,2,1,2,1,6.0,-9.0,-9.0,-9.0,4.0,-9,0.0,22783.0,2138.0
2865713,2865714,14.0,1158684,3,1,7,1,-9.0,-9.0,-9.0,10.0,-9.0,-9,0.0,22783.0,2138.0
2865714,2865715,13.0,1158684,4,1,7,1,-9.0,-9.0,-9.0,9.0,-9.0,-9,0.0,22783.0,2138.0
2865715,2865716,73.0,1158685,1,2,0,1,6.0,-9.0,-9.0,-9.0,4.0,-9,0.0,22776.0,2137.0
2865716,2865717,44.0,1158685,2,1,2,1,6.0,-9.0,-9.0,-9.0,4.0,-9,0.0,22776.0,2137.0
2865717,2865718,14.0,1158685,3,1,7,1,-9.0,-9.0,-9.0,10.0,-9.0,-9,0.0,22776.0,2137.0
2865718,2865719,13.0,1158685,4,1,7,1,-9.0,-9.0,-9.0,9.0,-9.0,-9,0.0,22776.0,2137.0
2865719,2865720,73.0,1158686,1,2,0,1,6.0,-9.0,-9.0,-9.0,4.0,-9,0.0,22782.0,2138.0
2865720,2865721,44.0,1158686,2,1,2,1,6.0,-9.0,-9.0,-9.0,4.0,-9,0.0,22782.0,2138.0
2865721,2865722,14.0,1158686,3,1,7,1,-9.0,-9.0,-9.0,10.0,-9.0,-9,0.0,22782.0,2138.0
2865722,2865723,13.0,1158686,4,1,7,1,-9.0,-9.0,-9.0,9.0,-9.0,-9,0.0,22782.0,2138.0
2865723,2865724,73.0,1158687,1,2,0,1,6.0,-9.0,-9.0,-9.0,4.0,-9,0.0,22777.0,2137.0
2865724,2865725,44.0,1158687,2,1,2,1,6.0,-9.0,-9.0,-9.0,4.0,-9,0.0,22777.0,2137.0
2865725,2865726,14.0,1158687,3,1,7,1,-9.0,-9.0,-9.0,10.0,-9.0,-9,0.0,22777.0,2137.0
2865726,2865727,13.0,1158687,4,1,7,1,-9.0,-9.0,-9.0,9.0,-9.0,-9,0.0,22777.0,2137.0
2865727,2865728,73.0,1158688,1,2,0,1,6.0,-9.0,-9.0,-9.0,4.0,-9,0.0,22780.0,2138.0
2865728,2865729,44.0,1158688,2,1,2,1,6.0,-9.0,-9.0,-9.0,4.0,-9,0.0,22780.0,2138.0
2865729,2865730,14.0,1158688,3,1,7,1,-9.0,-9.0,-9.0,10.0,-9.0,-9,0.0,22780.0,2138.0
2865730,2865731,13.0,1158688,4,1,7,1,-9.0,-9.0,-9.0,9.0,-9.0,-9,0.0,22780.0,2138.0
2865731,2865732,73.0,1158689,1,2,0,1,6.0,-9.0,-9.0,-9.0,4.0,-9,0.0,22777.0,2137.0
2865732,2865733,44.0,1158689,2,1,2,1,6.0,-9.0,-9.0,-9.0,4.0,-9,0.0,22777.0,2137.0
2865733,2865734,14.0,1158689,3,1,7,1,-9.0,-9.0,-9.0,10.0,-9.0,-9,0.0,22777.0,2137.0
2865734,2865735,13.0,1158689,4,1,7,1,-9.0,-9.0,-9.0,9.0,-9.0,-9,0.0,22777.0,2137.0
2865735,2865736,73.0,1158690,1,2,0,1,6.0,-9.0,-9.0,-9.0,4.0,-9,0.0,22775.0,2137.0
2865736,2865737,44.0,1158690,2,1,2,1,6.0,-9.0,-9.0,-9.0,4.0,-9,0.0,22775.0,2137.0
2865737,2865738,14.0,1158690,3,1,7,1,-9.0,-9.0,-9.0,10.0,-9.0,-9,0.0,22775.0,2137.0
2865738,2865739,13.0,1158690,4,1,7,1,-9.0,-9.0,-9.0,9.0,-9.0,-9,0.0,22775.0,2137.0
2865739,2865740,73.0,1158691,1,2,0,1,6.0,-9.0,-9.0,-9.0,4.0,-9,0.0,22776.0,2137.0
2865740,2865741,44.0,1158691,2,1,2,1,6.0,-9.0,-9.0,-9.0,4.0,-9,0.0,22776.0,2137.0
2865741,2865742,14.0,1158691,3,1,7,1,-9.0,-9.0,-9.0,10.0,-9.0,-9,0.0,22776.0,2137.0
2865742,2865743,13.0,1158691,4,1,7,1,-9.0,-9.0,-9.0,9.0,-9.0,-9,0.0,22776.0,2137.0
2865743,2865744,73.0,1158692,1,2,0,1,6.0,-9.0,-9.0,-9.0,4.0,-9,0.0,22776.0,2137.0
2865744,2865745,44.0,1158692,2,1,2,1,6.0,-9.0,-9.0,-9.0,4.0,-9,0.0,22776.0,2137.0
2865745,2865746,14.0,1158692,3,1,7,1,-9.0,-9.0,-9.0,10.0,-9.0,-9,0.0,22776.0,2137.0
2865746,2865747,13.0,1158692,4,1,7,1,-9.0,-9.0,-9.0,9.0,-9.0,-9,0.0,22776.0,2137.0
2865747,2865748,73.0,1158693,1,2,0,1,6.0,-9.0,-9.0,-9.0,4.0,-9,0.0,22783.0,2138.0
2865748,2865749,44.0,1158693,2,1,2,1,6.0,-9.0,-9.0,-9.0,4.0,-9,0.0,22783.0,2138.0
2865749,2865750,14.0,1158693,3,1,7,1,-9.0,-9.0,-9.0,10.0,-9.0,-9,0.0,22783.0,2138.0
2865750,2865751,13.0,1158693,4,1,7,1,-9.0,-9.0,-9.0,9.0,-9.0,-9,0.0,22783.0,2138.0
2865751,2865752,73.0,1158694,1,2,0,1,6.0,-9.0,-9.0,-9.0,4.0,-9,0.0,22777.0,2137.0
2865752,2865753,44.0,1158694,2,1,2,1,6.0,-9.0,-9.0,-9.0,4.0,-9,0.0,22777.0,2137.0
2865753,2865754,14.0,1158694,3,1,7,1,-9.0,-9.0,-9.0,10.0,-9.0,-9,0.0,22777.0,2137.0
2865754,2865755,13.0,1158694,4,1,7,1,-9.0,-9.0,-9.0,9.0,-9.0,-9,0.0,22777.0,2137.0
2865755,2865756,73.0,1158695,1,2,0,1,6.0,-9.0,-9.0,-9.0,4.0,-9,0.0,22781.0,2138.0
2865756,2865757,44.0,1158695,2,1,2,1,6.0,-9.0,-9.0,-9.0,4.0,-9,0.0,22781.0,2138.0
2865757,2865758,14.0,1158695,3,1,7,1,-9.0,-9.0,-9.0,10.0,-9.0,-9,0.0,22781.0,2138.0
2865758,2865759,13.0,1158695,4,1,7,1,-9.0,-9.0,-9.0,9.0,-9.0,-9,0.0,22781.0,2138.0
2865759,2865760,73.0,1158696,1,2,0,1,6.0,-9.0,-9.0,-9.0,4.0,-9,0.0,22777.0,2137.0
2865760,2865761,44.0,1158696,2,1,2,1,6.0,-9.0,-9.0,-9.0,4.0,-9,0.0,22777.0,2137.0
2865761,2865762,14.0,1158696,3,1,7,1,-9.0,-9.0,-9.0,10.0,-9.0,-9,0.0,22777.0,2137.0
2865762,2865763,13.0,1158696,4,1,7,1,-9.0,-9.0,-9.0,9.0,-9.0,-9,0.0,22777.0,2137.0
2865763,2865764,73.0,1158697,1,2,0,1,6.0,-9.0,-9.0,-9.0,4.0,-9,0.0,22780.0,2138.0
2865764,2865765,44.0,1158697,2,1,2,1,6.0,-9.0,-9.0,-9.0,4.0,-9,0.0,22780.0,2138.0
2865765,2865766,14.0,1158697,3,1,7,1,-9.0,-9.0,-9.0,10.0,-9.0,-9,0.0,22780.0,2138.0
2865766,2865767,13.0,1158697,4,1,7,1,-9.0,-9.0,-9.0,9.0,-9.0,-9,0.0,22780.0,2138.0
2865767,2865768,73.0,1158698,1,2,0,1,6.0,-9.0,-9.0,-9.0,4.0,-9,0.0,22776.0,2137.0
2865768,2865769,44.0,1158698,2,1,2,1,6.0,-9.0,-9.0,-9.0,4.0,-9,0.0,22776.0,2137.0
2865769,2865770,14.0,1158698,3,1,7,1,-9.0,-9.0,-9.0,10.0,-9.0,-9,0.0,22776.0,2137.0
2865770,2865771,13.0,1158698,4,1,7,1,-9.0,-9.0,-9.0,9.0,-9.0,-9,0.0,22776.0,2137.0
2865771,2865772,73.0,1158699,1,2,0,1,6.0,-9.0,-9.0,-9.0,4.0,-9,0.0,22783.0,2138.0
2865772,2865773,44.0,1158699,2,1,2,1,6.0,-9.0,-9.0,-9.0,4.0,-9,0.0,22783.0,2138.0
2865773,2865774,14.0,1158699,3,1,7,1,-9.0,-9.0,-9.0,10.0,-9.0,-9,0.0,22783.0,2138.0
2865774,2865775,13.0,1158699,4,1,7,1,-9.0,-9.0,-9.0,9.0,-9.0,-9,0.0,22783.0,2138.0
2865775,2865776,73.0,1158700,1,2,0,1,6.0,-9.0,-9.0,-9.0,4.0,-9,0.0,22775.0,2137.0
2865776,2865777,44.0,1158700,2,1,2,1,6.0,-9.0,-9.0,-9.0,4.0,-9,0.0,22775.0,2137.0
2865777,2865778,14.0,1158700,3,1,7,1,-9.0,-9.0,-9.0,10.0,-9.0,-9,0.0,22775.0,2137.0
2865778,2865779,13.0,1158700,4,1,7,1,-9.0,-9.0,-9.0,9.0,-9.0,-9,0.0,22775.0,2137.0
2865779,2865780,73.0,1158701,1,2,0,1,6.0,-9.0,-9.0,-9.0,4.0,-9,0.0,22782.0,2138.0
2865780,2865781,44.0,1158701,2,1,2,1,6.0,-9.0,-9.0,-9.0,4.0,-9,0.0,22782.0,2138.0
2865781,2865782,14.0,1158701,3,1,7,1,-9.0,-9.0,-9.0,10.0,-9.0,-9,0.0,22782.0,2138.0
2865782,2865783,13.0,1158701,4,1,7,1,-9.0,-9.0,-9.0,9.0,-9.0,-9,0.0,22782.0,2138.0
2865783,2865784,73.0,1158702,1,2,0,1,6.0,-9.0,-9.0,-9.0,4.0,-9,0.0,22780.0,2138.0
2865784,2865785,44.0,1158702,2,1,2,1,6.0,-9.0,-9.0,-9.0,4.0,-9,0.0,22780.0,2138.0
2865785,2865786,14.0,1158702,3,1,7,1,-9.0,-9.0,-9.0,10.0,-9.0,-9,0.0,22780.0,2138.0
2865786,2865787,13.0,1158702,4,1,7,1,-9.0,-9.0,-9.0,9.0,-9.0,-9,0.0,22780.0,2138.0
2865787,2865788,73.0,1158703,1,2,0,1,6.0,-9.0,-9.0,-9.0,4.0,-9,0.0,22783.0,2138.0
2865788,2865789,44.0,1158703,2,1,2,1,6.0,-9.0,-9.0,-9.0,4.0,-9,0.0,22783.0,2138.0
2865789,2865790,14.0,1158703,3,1,7,1,-9.0,-9.0,-9.0,10.0,-9.0,-9,0.0,22783.0,2138.0
2865790,2865791,13.0,1158703,4,1,7,1,-9.0,-9.0,-9.0,9.0,-9.0,-9,0.0,22783.0,2138.0
2865791,2865792,73.0,1158704,1,2,0,1,6.0,-9.0,-9.0,-9.0,4.0,-9,0.0,22781.0,2138.0
2865792,2865793,44.0,1158704,2,1,2,1,6.0,-9.0,-9.0,-9.0,4.0,-9,0.0,22781.0,2138.0
2865793,2865794,14.0,1158704,3,1,7,1,-9.0,-9.0,-9.0,10.0,-9.0,-9,0.0,22781.0,2138.0
2865794,2865795,13.0,1158704,4,1,7,1,-9.0,-9.0,-9.0,9.0,-9.0,-9,0.0,22781.0,2138.0
2865795,2865796,73.0,1158705,1,2,0,1,6.0,-9.0,-9.0,-9.0,4.0,-9,0.0,22780.0,2138.0
2865796,2865797,44.0,1158705,2,1,2,1,6.0,-9.0,-9.0,-9.0,4.0,-9,0.0,22780.0,2138.0
2865797,2865798,14.0,1158705,3,1,7,1,-9.0,-9.0,-9.0,10.0,-9.0,-9,0.0,22780.0,2138.0
2865798,2865799,13.0,1158705,4,1,7,1,-9.0,-9.0,-9.0,9.0,-9.0,-9,0.0,22780.0,2138.0
2865799,2865800,73.0,1158706,1,2,0,1,6.0,-9.0,-9.0,-9.0,4.0,-9,0.0,22775.0,2137.0
2865800,2865801,44.0,1158706,2,1,2,1,6.0,-9.0,-9.0,-9.0,4.0,-9,0.0,22775.0,2137.0
2865801,2865802,14.0,1158706,3,1,7,1,-9.0,-9.0,-9.0,10.0,-9.0,-9,0.0,22775.0,2137.0
2865802,2865803,13.0,1158706,4,1,7,1,-9.0,-9.0,-9.0,9.0,-9.0,-9,0.0,22775.0,2137.0
2865803,2865804,73.0,1158707,1,2,0,1,6.0,-9.0,-9.0,-9.0,4.0,-9,0.0,22777.0,2137.0
2865804,2865805,44.0,1158707,2,1,2,1,6.0,-9.0,-9.0,-9.0,4.0,-9,0.0,22777.0,2137.0
2865805,2865806,14.0,1158707,3,1,7,1,-9.0,-9.0,-9.0,10.0,-9.0,-9,0.0,22777.0,2137.0
2865806,2865807,13.0,1158707,4,1,7,1,-9.0,-9.0,-9.0,9.0,-9.0,-9,0.0,22777.0,2137.0
2865807,2865808,73.0,1158708,1,2,0,1,6.0,-9.0,-9.0,-9.0,4.0,-9,0.0,22780.0,2138.0
2865808,2865809,44.0,1158708,2,1,2,1,6.0,-9.0,-9.0,-9.0,4.0,-9,0.0,22780.0,2138.0
2865809,2865810,14.0,1158708,3,1,7,1,-9.0,-9.0,-9.0,10.0,-9.0,-9,0.0,22780.0,2138.0
2865810,2865811,13.0,1158708,4,1,7,1,-9.0,-9.0,-9.0,9.0,-9.0,-9,0.0,22780.0,2138.0
2865811,2865812,73.0,1158709,1,2,0,1,6.0,-9.0,-9.0,-9.0,4.0,-9,0.0,22774.0,2137.0
2865812,2865813,44.0,1158709,2,1,2,1,6.0,-9.0,-9.0,-9.0,4.0,-9,0.0,22774.0,2137.0
2865813,2865814,14.0,1158709,3,1,7,1,-9.0,-9.0,-9.0,10.0,-9.0,-9,0.0,22774.0,2137.0
2865814,2865815,13.0,1158709,4,1,7,1,-9.0,-9.0,-9.0,9.0,-9.0,-9,0.0,22774.0,2137.0
2865815,2865816,73.0,1158710,1,2,0,1,6.0,-9.0,-9.0,-9.0,4.0,-9,0.0,22783.0,2138.0
2865816,2865817,44.0,1158710,2,1,2,1,6.0,-9.0,-9.0,-9.0,4.0,-9,0.0,22783.0,2138.0
2865817,2865818,14.0,1158710,3,1,7,1,-9.0,-9.0,-9.0,10.0,-9.0,-9,0.0,22783.0,2138.0
2865818,2865819,13.0,1158710,4,1,7,1,-9.0,-9.0,-9.0,9.0,-9.0,-9,0.0,22783.0,2138.0
2865819,2865820,73.0,1158711,1,2,0,1,6.0,-9.0,-9.0,-9.0,4.0,-9,0.0,22775.0,2137.0
2865820,2865821,44.0,1158711,2,1,2,1,6.0,-9.0,-9.0,-9.0,4.0,-9,0.0,22775.0,2137.0
2865821,2865822,14.0,1158711,3,1,7,1,-9.0,-9.0,-9.0,10.0,-9.0,-9,0.0,22775.0,2137.0
2865822,2865823,13.0,1158711,4,1,7,1,-9.0,-9.0,-9.0,9.0,-9.0,-9,0.0,22775.0,2137.0
2865823,2865824,73.0,1158712,1,2,0,1,6.0,-9.0,-9.0,-9.0,4.0,-9,0.0,22776.0,2137.0
2865824,2865825,44.0,1158712,2,1,2,1,6.0,-9.0,-9.0,-9.0,4.0,-9,0.0,22776.0,2137.0
2865825,2865826,14.0,1158712,3,1,7,1,-9.0,-9.0,-9.0,10.0,-9.0,-9,0.0,22776.0,2137.0
2865826,2865827,13.0,1158712,4,1,7,1,-9.0,-9.0,-9.0,9.0,-9.0,-9,0.0,22776.0,2137.0
2865827,2865828,73.0,1158713,1,2,0,1,6.0,-9.0,-9.0,-9.0,4.0,-9,0.0,22775.0,2137.0
2865828,2865829,44.0,1158713,2,1,2,1,6.0,-9.0,-9.0,-9.0,4.0,-9,0.0,22775.0,2137.0
2865829,2865830,14.0,1158713,3,1,7,1,-9.0,-9.0,-9.0,10.0,-9.0,-9,0.0,22775.0,2137.0
2865830,2865831,13.0,1158713,4,1,7,1,-9.0,-9.0,-9.0,9.0,-9.0,-9,0.0,22775.0,2137.0
2865831,2865832,73.0,1158714,1,2,0,1,6.0,-9.0,-9.0,-9.0,4.0,-9,0.0,22780.0,2138.0
2865832,2865833,44.0,1158714,2,1,2,1,6.0,-9.0,-9.0,-9.0,4.0,-9,0.0,22780.0,2138.0
2865833,2865834,14.0,1158714,3,1,7,1,-9.0,-9.0,-9.0,10.0,-9.0,-9,0.0,22780.0,2138.0
2865834,2865835,13.0,1158714,4,1,7,1,-9.0,-9.0,-9.0,9.0,-9.0,-9,0.0,22780.0,2138.0
2865835,2865836,73.0,1158715,1,2,0,1,6.0,-9.0,-9.0,-9.0,4.0,-9,0.0,22776.0,2137.0
2865836,2865837,44.0,1158715,2,1,2,1,6.0,-9.0,-9.0,-9.0,4.0,-9,0.0,22776.0,2137.0
2865837,2865838,14.0,1158715,3,1,7,1,-9.0,-9.0,-9.0,10.0,-9.0,-9,0.0,22776.0,2137.0
2865838,2865839,13.0,1158715,4,1,7,1,-9.0,-9.0,-9.0,9.0,-9.0,-9,0.0,22776.0,2137.0
2865839,2865840,54.0,1158716,1,2,0,1,1.0,50.0,1.0,-9.0,4.0,611M1,13.0,22799.0,2142.0
2865840,2865841,54.0,1158716,2,1,1,1,1.0,60.0,1.0,-9.0,4.0,611M1,13.0,22799.0,2142.0
2865841,2865842,22.0,1158716,3,2,2,1,1.0,42.0,1.0,-9.0,4.0,5121,8.0,22799.0,2142.0
2865842,2865843,23.0,1158716,4,2,15,1,1.0,30.0,1.0,-9.0,4.0,611M1,13.0,22799.0,2142.0
2865843,2865844,54.0,1158717,1,2,0,1,1.0,50.0,1.0,-9.0,4.0,611M1,13.0,22779.0,2138.0
2865844,2865845,54.0,1158717,2,1,1,1,1.0,60.0,1.0,-9.0,4.0,611M1,13.0,22779.0,2138.0
2865845,2865846,22.0,1158717,3,2,2,1,1.0,42.0,1.0,-9.0,4.0,5121,8.0,22779.0,2138.0
2865846,2865847,23.0,1158717,4,2,15,1,1.0,30.0,1.0,-9.0,4.0,611M1,13.0,22779.0,2138.0
2865847,2865848,54.0,1158718,1,2,0,1,1.0,50.0,1.0,-9.0,4.0,611M1,13.0,22777.0,2137.0
2865848,2865849,54.0,1158718,2,1,1,1,1.0,60.0,1.0,-9.0,4.0,611M1,13.0,22777.0,2137.0
2865849,2865850,22.0,1158718,3,2,2,1,1.0,42.0,1.0,-9.0,4.0,5121,8.0,22777.0,2137.0
2865850,2865851,23.0,1158718,4,2,15,1,1.0,30.0,1.0,-9.0,4.0,611M1,13.0,22777.0,2137.0
2865851,2865852,54.0,1158719,1,2,0,1,1.0,50.0,1.0,-9.0,4.0,611M1,13.0,22783.0,2138.0
2865852,2865853,54.0,1158719,2,1,1,1,1.0,60.0,1.0,-9.0,4.0,611M1,13.0,22783.0,2138.0
2865853,2865854,22.0,1158719,3,2,2,1,1.0,42.0,1.0,-9.0,4.0,5121,8.0,22783.0,2138.0
2865854,2865855,23.0,1158719,4,2,15,1,1.0,30.0,1.0,-9.0,4.0,611M1,13.0,22783.0,2138.0
2865855,2865856,54.0,1158720,1,2,0,1,1.0,50.0,1.0,-9.0,4.0,611M1,13.0,22782.0,2138.0
2865856,2865857,54.0,1158720,2,1,1,1,1.0,60.0,1.0,-9.0,4.0,611M1,13.0,22782.0,2138.0
2865857,2865858,22.0,1158720,3,2,2,1,1.0,42.0,1.0,-9.0,4.0,5121,8.0,22782.0,2138.0
2865858,2865859,23.0,1158720,4,2,15,1,1.0,30.0,1.0,-9.0,4.0,611M1,13.0,22782.0,2138.0
2865859,2865860,54.0,1158721,1,2,0,1,1.0,50.0,1.0,-9.0,4.0,611M1,13.0,22780.0,2138.0
2865860,2865861,54.0,1158721,2,1,1,1,1.0,60.0,1.0,-9.0,4.0,611M1,13.0,22780.0,2138.0
2865861,2865862,22.0,1158721,3,2,2,1,1.0,42.0,1.0,-9.0,4.0,5121,8.0,22780.0,2138.0
2865862,2865863,23.0,1158721,4,2,15,1,1.0,30.0,1.0,-9.0,4.0,611M1,13.0,22780.0,2138.0
2865863,2865864,54.0,1158722,1,2,0,1,1.0,50.0,1.0,-9.0,4.0,611M1,13.0,22775.0,2137.0
2865864,2865865,54.0,1158722,2,1,1,1,1.0,60.0,1.0,-9.0,4.0,611M1,13.0,22775.0,2137.0
2865865,2865866,22.0,1158722,3,2,2,1,1.0,42.0,1.0,-9.0,4.0,5121,8.0,22775.0,2137.0
2865866,2865867,23.0,1158722,4,2,15,1,1.0,30.0,1.0,-9.0,4.0,611M1,13.0,22775.0,2137.0
2865867,2865868,54.0,1158723,1,2,0,1,1.0,50.0,1.0,-9.0,4.0,611M1,13.0,22779.0,2138.0
2865868,2865869,54.0,1158723,2,1,1,1,1.0,60.0,1.0,-9.0,4.0,611M1,13.0,22779.0,2138.0
2865869,2865870,22.0,1158723,3,2,2,1,1.0,42.0,1.0,-9.0,4.0,5121,8.0,22779.0,2138.0
2865870,2865871,23.0,1158723,4,2,15,1,1.0,30.0,1.0,-9.0,4.0,611M1,13.0,22779.0,2138.0
2865871,2865872,54.0,1158724,1,2,0,1,1.0,50.0,1.0,-9.0,4.0,611M1,13.0,22783.0,2138.0
2865872,2865873,54.0,1158724,2,1,1,1,1.0,60.0,1.0,-9.0,4.0,611M1,13.0,22783.0,2138.0
2865873,2865874,22.0,1158724,3,2,2,1,1.0,42.0,1.0,-9.0,4.0,5121,8.0,22783.0,2138.0
2865874,2865875,23.0,1158724,4,2,15,1,1.0,30.0,1.0,-9.0,4.0,611M1,13.0,22783.0,2138.0
2865875,2865876,54.0,1158725,1,2,0,1,1.0,50.0,1.0,-9.0,4.0,611M1,13.0,22775.0,2137.0
2865876,2865877,54.0,1158725,2,1,1,1,1.0,60.0,1.0,-9.0,4.0,611M1,13.0,22775.0,2137.0
2865877,2865878,22.0,1158725,3,2,2,1,1.0,42.0,1.0,-9.0,4.0,5121,8.0,22775.0,2137.0
2865878,2865879,23.0,1158725,4,2,15,1,1.0,30.0,1.0,-9.0,4.0,611M1,13.0,22775.0,2137.0
2865879,2865880,54.0,1158726,1,2,0,1,1.0,50.0,1.0,-9.0,4.0,611M1,13.0,22782.0,2138.0
2865880,2865881,54.0,1158726,2,1,1,1,1.0,60.0,1.0,-9.0,4.0,611M1,13.0,22782.0,2138.0
2865881,2865882,22.0,1158726,3,2,2,1,1.0,42.0,1.0,-9.0,4.0,5121,8.0,22782.0,2138.0
2865882,2865883,23.0,1158726,4,2,15,1,1.0,30.0,1.0,-9.0,4.0,611M1,13.0,22782.0,2138.0
2865883,2865884,54.0,1158727,1,2,0,1,1.0,50.0,1.0,-9.0,4.0,611M1,13.0,22775.0,2137.0
2865884,2865885,54.0,1158727,2,1,1,1,1.0,60.0,1.0,-9.0,4.0,611M1,13.0,22775.0,2137.0
2865885,2865886,22.0,1158727,3,2,2,1,1.0,42.0,1.0,-9.0,4.0,5121,8.0,22775.0,2137.0
2865886,2865887,23.0,1158727,4,2,15,1,1.0,30.0,1.0,-9.0,4.0,611M1,13.0,22775.0,2137.0
2865887,2865888,54.0,1158728,1,2,0,1,1.0,50.0,1.0,-9.0,4.0,611M1,13.0,22780.0,2138.0
2865888,2865889,54.0,1158728,2,1,1,1,1.0,60.0,1.0,-9.0,4.0,611M1,13.0,22780.0,2138.0
2865889,2865890,22.0,1158728,3,2,2,1,1.0,42.0,1.0,-9.0,4.0,5121,8.0,22780.0,2138.0
2865890,2865891,23.0,1158728,4,2,15,1,1.0,30.0,1.0,-9.0,4.0,611M1,13.0,22780.0,2138.0
2865891,2865892,54.0,1158729,1,2,0,1,1.0,50.0,1.0,-9.0,4.0,611M1,13.0,22799.0,2142.0
2865892,2865893,54.0,1158729,2,1,1,1,1.0,60.0,1.0,-9.0,4.0,611M1,13.0,22799.0,2142.0
2865893,2865894,22.0,1158729,3,2,2,1,1.0,42.0,1.0,-9.0,4.0,5121,8.0,22799.0,2142.0
2865894,2865895,23.0,1158729,4,2,15,1,1.0,30.0,1.0,-9.0,4.0,611M1,13.0,22799.0,2142.0
2865895,2865896,54.0,1158730,1,2,0,1,1.0,50.0,1.0,-9.0,4.0,611M1,13.0,22780.0,2138.0
2865896,2865897,54.0,1158730,2,1,1,1,1.0,60.0,1.0,-9.0,4.0,611M1,13.0,22780.0,2138.0
2865897,2865898,22.0,1158730,3,2,2,1,1.0,42.0,1.0,-9.0,4.0,5121,8.0,22780.0,2138.0
2865898,2865899,23.0,1158730,4,2,15,1,1.0,30.0,1.0,-9.0,4.0,611M1,13.0,22780.0,2138.0
2865899,2865900,54.0,1158731,1,2,0,1,1.0,50.0,1.0,-9.0,4.0,611M1,13.0,22777.0,2137.0
2865900,2865901,54.0,1158731,2,1,1,1,1.0,60.0,1.0,-9.0,4.0,611M1,13.0,22777.0,2137.0
2865901,2865902,22.0,1158731,3,2,2,1,1.0,42.0,1.0,-9.0,4.0,5121,8.0,22777.0,2137.0
2865902,2865903,23.0,1158731,4,2,15,1,1.0,30.0,1.0,-9.0,4.0,611M1,13.0,22777.0,2137.0
2865903,2865904,54.0,1158732,1,2,0,1,1.0,50.0,1.0,-9.0,4.0,611M1,13.0,22782.0,2138.0
2865904,2865905,54.0,1158732,2,1,1,1,1.0,60.0,1.0,-9.0,4.0,611M1,13.0,22782.0,2138.0
2865905,2865906,22.0,1158732,3,2,2,1,1.0,42.0,1.0,-9.0,4.0,5121,8.0,22782.0,2138.0
2865906,2865907,23.0,1158732,4,2,15,1,1.0,30.0,1.0,-9.0,4.0,611M1,13.0,22782.0,2138.0
2865907,2865908,54.0,1158733,1,2,0,1,1.0,50.0,1.0,-9.0,4.0,611M1,13.0,22777.0,2137.0
2865908,2865909,54.0,1158733,2,1,1,1,1.0,60.0,1.0,-9.0,4.0,611M1,13.0,22777.0,2137.0
2865909,2865910,22.0,1158733,3,2,2,1,1.0,42.0,1.0,-9.0,4.0,5121,8.0,22777.0,2137.0
2865910,2865911,23.0,1158733,4,2,15,1,1.0,30.0,1.0,-9.0,4.0,611M1,13.0,22777.0,2137.0
2865911,2865912,54.0,1158734,1,2,0,1,1.0,50.0,1.0,-9.0,4.0,611M1,13.0,22782.0,2138.0
2865912,2865913,54.0,1158734,2,1,1,1,1.0,60.0,1.0,-9.0,4.0,611M1,13.0,22782.0,2138.0
2865913,2865914,22.0,1158734,3,2,2,1,1.0,42.0,1.0,-9.0,4.0,5121,8.0,22782.0,2138.0
2865914,2865915,23.0,1158734,4,2,15,1,1.0,30.0,1.0,-9.0,4.0,611M1,13.0,22782.0,2138.0
2865915,2865916,54.0,1158735,1,2,0,1,1.0,50.0,1.0,-9.0,4.0,611M1,13.0,22782.0,2138.0
2865916,2865917,54.0,1158735,2,1,1,1,1.0,60.0,1.0,-9.0,4.0,611M1,13.0,22782.0,2138.0
2865917,2865918,22.0,1158735,3,2,2,1,1.0,42.0,1.0,-9.0,4.0,5121,8.0,22782.0,2138.0
2865918,2865919,23.0,1158735,4,2,15,1,1.0,30.0,1.0,-9.0,4.0,611M1,13.0,22782.0,2138.0
2865919,2865920,54.0,1158736,1,2,0,1,1.0,50.0,1.0,-9.0,4.0,611M1,13.0,22775.0,2137.0
2865920,2865921,54.0,1158736,2,1,1,1,1.0,60.0,1.0,-9.0,4.0,611M1,13.0,22775.0,2137.0
2865921,2865922,22.0,1158736,3,2,2,1,1.0,42.0,1.0,-9.0,4.0,5121,8.0,22775.0,2137.0
2865922,2865923,23.0,1158736,4,2,15,1,1.0,30.0,1.0,-9.0,4.0,611M1,13.0,22775.0,2137.0
2865923,2865924,54.0,1158737,1,2,0,1,1.0,50.0,1.0,-9.0,4.0,611M1,13.0,22780.0,2138.0
2865924,2865925,54.0,1158737,2,1,1,1,1.0,60.0,1.0,-9.0,4.0,611M1,13.0,22780.0,2138.0
2865925,2865926,22.0,1158737,3,2,2,1,1.0,42.0,1.0,-9.0,4.0,5121,8.0,22780.0,2138.0
2865926,2865927,23.0,1158737,4,2,15,1,1.0,30.0,1.0,-9.0,4.0,611M1,13.0,22780.0,2138.0
2865927,2865928,54.0,1158738,1,2,0,1,1.0,50.0,1.0,-9.0,4.0,611M1,13.0,22783.0,2138.0
2865928,2865929,54.0,1158738,2,1,1,1,1.0,60.0,1.0,-9.0,4.0,611M1,13.0,22783.0,2138.0
2865929,2865930,22.0,1158738,3,2,2,1,1.0,42.0,1.0,-9.0,4.0,5121,8.0,22783.0,2138.0
2865930,2865931,23.0,1158738,4,2,15,1,1.0,30.0,1.0,-9.0,4.0,611M1,13.0,22783.0,2138.0
2865931,2865932,54.0,1158739,1,2,0,1,1.0,50.0,1.0,-9.0,4.0,611M1,13.0,22783.0,2138.0
2865932,2865933,54.0,1158739,2,1,1,1,1.0,60.0,1.0,-9.0,4.0,611M1,13.0,22783.0,2138.0
2865933,2865934,22.0,1158739,3,2,2,1,1.0,42.0,1.0,-9.0,4.0,5121,8.0,22783.0,2138.0
2865934,2865935,23.0,1158739,4,2,15,1,1.0,30.0,1.0,-9.0,4.0,611M1,13.0,22783.0,2138.0
2865935,2865936,54.0,1158740,1,2,0,1,1.0,50.0,1.0,-9.0,4.0,611M1,13.0,22783.0,2138.0
2865936,2865937,54.0,1158740,2,1,1,1,1.0,60.0,1.0,-9.0,4.0,611M1,13.0,22783.0,2138.0
2865937,2865938,22.0,1158740,3,2,2,1,1.0,42.0,1.0,-9.0,4.0,5121,8.0,22783.0,2138.0
2865938,2865939,23.0,1158740,4,2,15,1,1.0,30.0,1.0,-9.0,4.0,611M1,13.0,22783.0,2138.0
2865939,2865940,54.0,1158741,1,2,0,1,1.0,50.0,1.0,-9.0,4.0,611M1,13.0,22780.0,2138.0
2865940,2865941,54.0,1158741,2,1,1,1,1.0,60.0,1.0,-9.0,4.0,611M1,13.0,22780.0,2138.0
2865941,2865942,22.0,1158741,3,2,2,1,1.0,42.0,1.0,-9.0,4.0,5121,8.0,22780.0,2138.0
2865942,2865943,23.0,1158741,4,2,15,1,1.0,30.0,1.0,-9.0,4.0,611M1,13.0,22780.0,2138.0
2865943,2865944,56.0,1158742,1,1,0,1,1.0,45.0,1.0,-9.0,4.0,611M1,13.0,22776.0,2137.0
2865944,2865945,55.0,1158742,2,2,1,1,1.0,45.0,1.0,-9.0,4.0,611M1,13.0,22776.0,2137.0
2865945,2865946,22.0,1158742,3,2,2,1,6.0,5.0,5.0,15.0,4.0,6211,14.0,22776.0,2137.0
2865946,2865947,59.0,1158743,1,2,0,1,1.0,55.0,1.0,-9.0,4.0,611M1,13.0,22783.0,2138.0
2865947,2865948,23.0,1158743,2,1,2,1,1.0,40.0,2.0,15.0,4.0,813M,17.0,22783.0,2138.0
2865948,2865949,59.0,1158744,1,2,0,1,1.0,55.0,1.0,-9.0,4.0,611M1,13.0,22781.0,2138.0
2865949,2865950,23.0,1158744,2,1,2,1,1.0,40.0,2.0,15.0,4.0,813M,17.0,22781.0,2138.0
2865950,2865951,59.0,1158745,1,2,0,1,1.0,55.0,1.0,-9.0,4.0,611M1,13.0,22799.0,2142.0
2865951,2865952,23.0,1158745,2,1,2,1,1.0,40.0,2.0,15.0,4.0,813M,17.0,22799.0,2142.0
2865952,2865953,59.0,1158746,1,2,0,1,1.0,55.0,1.0,-9.0,4.0,611M1,13.0,22782.0,2138.0
2865953,2865954,23.0,1158746,2,1,2,1,1.0,40.0,2.0,15.0,4.0,813M,17.0,22782.0,2138.0
2865954,2865955,59.0,1158747,1,2,0,1,1.0,55.0,1.0,-9.0,4.0,611M1,13.0,22780.0,2138.0
2865955,2865956,23.0,1158747,2,1,2,1,1.0,40.0,2.0,15.0,4.0,813M,17.0,22780.0,2138.0
2865956,2865957,59.0,1158748,1,2,0,1,1.0,55.0,1.0,-9.0,4.0,611M1,13.0,22780.0,2138.0
2865957,2865958,23.0,1158748,2,1,2,1,1.0,40.0,2.0,15.0,4.0,813M,17.0,22780.0,2138.0
2865958,2865959,59.0,1158749,1,2,0,1,1.0,55.0,1.0,-9.0,4.0,611M1,13.0,22774.0,2137.0
2865959,2865960,23.0,1158749,2,1,2,1,1.0,40.0,2.0,15.0,4.0,813M,17.0,22774.0,2137.0
2865960,2865961,59.0,1158750,1,2,0,1,1.0,55.0,1.0,-9.0,4.0,611M1,13.0,22783.0,2138.0
2865961,2865962,23.0,1158750,2,1,2,1,1.0,40.0,2.0,15.0,4.0,813M,17.0,22783.0,2138.0
2865962,2865963,59.0,1158751,1,2,0,1,1.0,55.0,1.0,-9.0,4.0,611M1,13.0,22783.0,2138.0
2865963,2865964,23.0,1158751,2,1,2,1,1.0,40.0,2.0,15.0,4.0,813M,17.0,22783.0,2138.0
2865964,2865965,59.0,1158752,1,2,0,1,1.0,55.0,1.0,-9.0,4.0,611M1,13.0,22782.0,2138.0
2865965,2865966,23.0,1158752,2,1,2,1,1.0,40.0,2.0,15.0,4.0,813M,17.0,22782.0,2138.0
2865966,2865967,59.0,1158753,1,2,0,1,1.0,55.0,1.0,-9.0,4.0,611M1,13.0,22782.0,2138.0
2865967,2865968,23.0,1158753,2,1,2,1,1.0,40.0,2.0,15.0,4.0,813M,17.0,22782.0,2138.0
2865968,2865969,59.0,1158754,1,2,0,1,1.0,55.0,1.0,-9.0,4.0,611M1,13.0,22783.0,2138.0
2865969,2865970,23.0,1158754,2,1,2,1,1.0,40.0,2.0,15.0,4.0,813M,17.0,22783.0,2138.0
2865970,2865971,59.0,1158755,1,2,0,1,1.0,55.0,1.0,-9.0,4.0,611M1,13.0,22780.0,2138.0
2865971,2865972,23.0,1158755,2,1,2,1,1.0,40.0,2.0,15.0,4.0,813M,17.0,22780.0,2138.0
2865972,2865973,59.0,1158756,1,2,0,1,1.0,55.0,1.0,-9.0,4.0,611M1,13.0,22780.0,2138.0
2865973,2865974,23.0,1158756,2,1,2,1,1.0,40.0,2.0,15.0,4.0,813M,17.0,22780.0,2138.0
2865974,2865975,59.0,1158757,1,2,0,1,1.0,55.0,1.0,-9.0,4.0,611M1,13.0,22775.0,2137.0
2865975,2865976,23.0,1158757,2,1,2,1,1.0,40.0,2.0,15.0,4.0,813M,17.0,22775.0,2137.0
2865976,2865977,59.0,1158758,1,2,0,1,1.0,55.0,1.0,-9.0,4.0,611M1,13.0,22782.0,2138.0
2865977,2865978,23.0,1158758,2,1,2,1,1.0,40.0,2.0,15.0,4.0,813M,17.0,22782.0,2138.0
2865978,2865979,59.0,1158759,1,2,0,1,1.0,55.0,1.0,-9.0,4.0,611M1,13.0,22774.0,2137.0
2865979,2865980,23.0,1158759,2,1,2,1,1.0,40.0,2.0,15.0,4.0,813M,17.0,22774.0,2137.0
2865980,2865981,59.0,1158760,1,2,0,1,1.0,55.0,1.0,-9.0,4.0,611M1,13.0,22783.0,2138.0
2865981,2865982,23.0,1158760,2,1,2,1,1.0,40.0,2.0,15.0,4.0,813M,17.0,22783.0,2138.0
2865982,2865983,59.0,1158761,1,2,0,1,1.0,55.0,1.0,-9.0,4.0,611M1,13.0,22782.0,2138.0
2865983,2865984,23.0,1158761,2,1,2,1,1.0,40.0,2.0,15.0,4.0,813M,17.0,22782.0,2138.0
2865984,2865985,59.0,1158762,1,2,0,1,1.0,55.0,1.0,-9.0,4.0,611M1,13.0,22799.0,2142.0
2865985,2865986,23.0,1158762,2,1,2,1,1.0,40.0,2.0,15.0,4.0,813M,17.0,22799.0,2142.0
2865986,2865987,59.0,1158763,1,2,0,1,1.0,55.0,1.0,-9.0,4.0,611M1,13.0,22778.0,2137.0
2865987,2865988,23.0,1158763,2,1,2,1,1.0,40.0,2.0,15.0,4.0,813M,17.0,22778.0,2137.0
2865988,2865989,59.0,1158764,1,2,0,1,1.0,55.0,1.0,-9.0,4.0,611M1,13.0,22780.0,2138.0
2865989,2865990,23.0,1158764,2,1,2,1,1.0,40.0,2.0,15.0,4.0,813M,17.0,22780.0,2138.0
2865990,2865991,59.0,1158765,1,2,0,1,1.0,55.0,1.0,-9.0,4.0,611M1,13.0,22799.0,2142.0
2865991,2865992,23.0,1158765,2,1,2,1,1.0,40.0,2.0,15.0,4.0,813M,17.0,22799.0,2142.0
2865992,2865993,59.0,1158766,1,2,0,1,1.0,55.0,1.0,-9.0,4.0,611M1,13.0,22776.0,2137.0
2865993,2865994,23.0,1158766,2,1,2,1,1.0,40.0,2.0,15.0,4.0,813M,17.0,22776.0,2137.0
2865994,2865995,59.0,1158767,1,2,0,1,1.0,55.0,1.0,-9.0,4.0,611M1,13.0,22799.0,2142.0
2865995,2865996,23.0,1158767,2,1,2,1,1.0,40.0,2.0,15.0,4.0,813M,17.0,22799.0,2142.0
2865996,2865997,51.0,1158768,1,2,0,1,1.0,40.0,1.0,-9.0,4.0,5413,10.0,22781.0,2138.0
2865997,2865998,59.0,1158769,1,2,0,1,1.0,30.0,1.0,-9.0,4.0,5416,10.0,22783.0,2138.0
2865998,2865999,56.0,1158770,1,2,0,1,1.0,50.0,1.0,-9.0,4.0,5417,10.0,22783.0,2138.0
2865999,2866000,59.0,1158771,1,2,0,1,1.0,50.0,1.0,-9.0,4.0,5415,10.0,22780.0,2138.0
2866000,2866001,59.0,1158772,1,2,0,1,1.0,30.0,1.0,-9.0,4.0,5416,10.0,22778.0,2137.0
2866001,2866002,56.0,1158773,1,2,0,1,1.0,50.0,1.0,-9.0,4.0,5417,10.0,22780.0,2138.0
2866002,2866003,59.0,1158774,1,2,0,1,1.0,30.0,1.0,-9.0,4.0,5416,10.0,22799.0,2142.0
2866003,2866004,59.0,1158775,1,2,0,1,1.0,30.0,1.0,-9.0,4.0,5416,10.0,22783.0,2138.0
2866004,2866005,59.0,1158776,1,2,0,1,1.0,50.0,1.0,-9.0,4.0,5415,10.0,22780.0,2138.0
2866005,2866006,56.0,1158777,1,2,0,1,1.0,50.0,1.0,-9.0,4.0,5417,10.0,22780.0,2138.0
2866006,2866007,59.0,1158778,1,2,0,1,1.0,30.0,1.0,-9.0,4.0,5416,10.0,22783.0,2138.0
2866007,2866008,56.0,1158779,1,2,0,1,1.0,50.0,1.0,-9.0,4.0,5417,10.0,22783.0,2138.0
2866008,2866009,59.0,1158780,1,2,0,1,1.0,30.0,1.0,-9.0,4.0,5416,10.0,22780.0,2138.0
2866009,2866010,59.0,1158781,1,2,0,1,1.0,50.0,1.0,-9.0,4.0,5415,10.0,22782.0,2138.0
2866010,2866011,56.0,1158782,1,2,0,1,1.0,50.0,1.0,-9.0,4.0,5417,10.0,22780.0,2138.0
2866011,2866012,59.0,1158783,1,2,0,1,1.0,30.0,1.0,-9.0,4.0,5416,10.0,22799.0,2142.0
2866012,2866013,59.0,1158784,1,2,0,1,1.0,50.0,1.0,-9.0,4.0,5415,10.0,22781.0,2138.0
2866013,2866014,56.0,1158785,1,2,0,1,1.0,50.0,1.0,-9.0,4.0,5417,10.0,22783.0,2138.0
2866014,2866015,56.0,1158786,1,2,0,1,1.0,50.0,1.0,-9.0,4.0,5417,10.0,22776.0,2137.0
2866015,2866016,59.0,1158787,1,2,0,1,1.0,50.0,1.0,-9.0,4.0,5415,10.0,22774.0,2137.0
2866016,2866017,56.0,1158788,1,2,0,1,1.0,50.0,1.0,-9.0,4.0,5417,10.0,22781.0,2138.0
2866017,2866018,59.0,1158789,1,2,0,1,1.0,30.0,1.0,-9.0,4.0,5416,10.0,22783.0,2138.0
2866018,2866019,59.0,1158790,1,2,0,1,1.0,50.0,1.0,-9.0,4.0,5415,10.0,22782.0,2138.0
2866019,2866020,59.0,1158791,1,2,0,1,1.0,30.0,1.0,-9.0,4.0,5416,10.0,22776.0,2137.0
2866020,2866021,56.0,1158792,1,2,0,1,1.0,50.0,1.0,-9.0,4.0,5417,10.0,22775.0,2137.0
2866021,2866022,59.0,1158793,1,2,0,1,1.0,50.0,1.0,-9.0,4.0,5415,10.0,22783.0,2138.0
2866022,2866023,56.0,1158794,1,2,0,1,1.0,50.0,1.0,-9.0,4.0,5417,10.0,22799.0,2142.0
2866023,2866024,59.0,1158795,1,2,0,1,1.0,30.0,1.0,-9.0,4.0,5416,10.0,22781.0,2138.0
2866024,2866025,59.0,1158796,1,2,0,1,1.0,50.0,1.0,-9.0,4.0,5415,10.0,22783.0,2138.0
2866025,2866026,56.0,1158797,1,2,0,1,1.0,50.0,1.0,-9.0,4.0,5417,10.0,22781.0,2138.0
2866026,2866027,59.0,1158798,1,2,0,1,1.0,50.0,1.0,-9.0,4.0,5415,10.0,22783.0,2138.0
2866027,2866028,59.0,1158799,1,2,0,1,1.0,50.0,1.0,-9.0,4.0,5415,10.0,22783.0,2138.0
2866028,2866029,59.0,1158800,1,2,0,1,1.0,50.0,1.0,-9.0,4.0,5415,10.0,22781.0,2138.0
2866029,2866030,59.0,1158801,1,2,0,1,1.0,50.0,1.0,-9.0,4.0,5415,10.0,22782.0,2138.0
2866030,2866031,59.0,1158802,1,2,0,1,1.0,50.0,1.0,-9.0,4.0,5415,10.0,22782.0,2138.0
2866031,2866032,56.0,1158803,1,2,0,1,1.0,50.0,1.0,-9.0,4.0,5417,10.0,22783.0,2138.0
2866032,2866033,59.0,1158804,1,2,0,1,1.0,30.0,1.0,-9.0,4.0,5416,10.0,22779.0,2138.0
2866033,2866034,56.0,1158805,1,2,0,1,1.0,50.0,1.0,-9.0,4.0,5417,10.0,22776.0,2137.0
2866034,2866035,59.0,1158806,1,2,0,1,1.0,50.0,1.0,-9.0,4.0,5415,10.0,22783.0,2138.0
2866035,2866036,59.0,1158807,1,2,0,1,1.0,30.0,1.0,-9.0,4.0,5416,10.0,22780.0,2138.0
2866036,2866037,59.0,1158808,1,2,0,1,1.0,30.0,1.0,-9.0,4.0,5416,10.0,22775.0,2137.0
2866037,2866038,59.0,1158809,1,2,0,1,1.0,30.0,1.0,-9.0,4.0,5416,10.0,22778.0,2137.0
2866038,2866039,59.0,1158810,1,2,0,1,1.0,50.0,1.0,-9.0,4.0,5415,10.0,22774.0,2137.0
2866039,2866040,59.0,1158811,1,2,0,1,1.0,50.0,1.0,-9.0,4.0,5415,10.0,22783.0,2138.0
2866040,2866041,56.0,1158812,1,2,0,1,1.0,50.0,1.0,-9.0,4.0,5417,10.0,22780.0,2138.0
2866041,2866042,56.0,1158813,1,2,0,1,1.0,50.0,1.0,-9.0,4.0,5417,10.0,22799.0,2142.0
2866042,2866043,56.0,1158814,1,2,0,1,1.0,50.0,1.0,-9.0,4.0,5417,10.0,22781.0,2138.0
2866043,2866044,59.0,1158815,1,2,0,1,1.0,30.0,1.0,-9.0,4.0,5416,10.0,22777.0,2137.0
2866044,2866045,59.0,1158816,1,2,0,1,1.0,30.0,1.0,-9.0,4.0,5416,10.0,22783.0,2138.0
2866045,2866046,59.0,1158817,1,2,0,1,1.0,30.0,1.0,-9.0,4.0,5416,10.0,22774.0,2137.0
2866046,2866047,59.0,1158818,1,2,0,1,1.0,30.0,1.0,-9.0,4.0,5416,10.0,22782.0,2138.0
2866047,2866048,59.0,1158819,1,2,0,1,1.0,50.0,1.0,-9.0,4.0,5415,10.0,22781.0,2138.0
2866048,2866049,56.0,1158820,1,2,0,1,1.0,50.0,1.0,-9.0,4.0,5417,10.0,22774.0,2137.0
2866049,2866050,59.0,1158821,1,2,0,1,1.0,30.0,1.0,-9.0,4.0,5416,10.0,22799.0,2142.0
2866050,2866051,59.0,1158822,1,2,0,1,1.0,30.0,1.0,-9.0,4.0,5416,10.0,22776.0,2137.0
2866051,2866052,56.0,1158823,1,2,0,1,1.0,50.0,1.0,-9.0,4.0,5417,10.0,22779.0,2138.0
2866052,2866053,59.0,1158824,1,2,0,1,1.0,30.0,1.0,-9.0,4.0,5416,10.0,22783.0,2138.0
2866053,2866054,59.0,1158825,1,2,0,1,1.0,30.0,1.0,-9.0,4.0,5416,10.0,22782.0,2138.0
2866054,2866055,56.0,1158826,1,2,0,1,1.0,50.0,1.0,-9.0,4.0,5417,10.0,22782.0,2138.0
2866055,2866056,59.0,1158827,1,2,0,1,1.0,50.0,1.0,-9.0,4.0,5415,10.0,22783.0,2138.0
2866056,2866057,59.0,1158828,1,2,0,1,1.0,30.0,1.0,-9.0,4.0,5416,10.0,22775.0,2137.0
2866057,2866058,59.0,1158829,1,2,0,1,1.0,30.0,1.0,-9.0,4.0,5416,10.0,22780.0,2138.0
2866058,2866059,56.0,1158830,1,2,0,1,1.0,50.0,1.0,-9.0,4.0,5417,10.0,22781.0,2138.0
2866059,2866060,56.0,1158831,1,2,0,1,1.0,50.0,1.0,-9.0,4.0,5417,10.0,22780.0,2138.0
2866060,2866061,61.0,1158832,1,2,0,1,1.0,25.0,1.0,-9.0,4.0,2211P,7.0,22780.0,2138.0
2866061,2866062,61.0,1158833,1,2,0,1,1.0,25.0,1.0,-9.0,4.0,2211P,7.0,22782.0,2138.0
2866062,2866063,61.0,1158834,1,2,0,1,1.0,25.0,1.0,-9.0,4.0,2211P,7.0,22775.0,2137.0
2866063,2866064,61.0,1158835,1,2,0,1,1.0,25.0,1.0,-9.0,4.0,2211P,7.0,22781.0,2138.0
2866064,2866065,61.0,1158836,1,2,0,1,1.0,25.0,1.0,-9.0,4.0,2211P,7.0,22780.0,2138.0
2866065,2866066,61.0,1158837,1,2,0,1,1.0,25.0,1.0,-9.0,4.0,2211P,7.0,22780.0,2138.0
2866066,2866067,61.0,1158838,1,2,0,1,1.0,25.0,1.0,-9.0,4.0,2211P,7.0,22775.0,2137.0
2866067,2866068,61.0,1158839,1,2,0,1,1.0,25.0,1.0,-9.0,4.0,2211P,7.0,22779.0,2138.0
2866068,2866069,61.0,1158840,1,2,0,1,1.0,25.0,1.0,-9.0,4.0,2211P,7.0,22780.0,2138.0
2866069,2866070,61.0,1158841,1,2,0,1,1.0,25.0,1.0,-9.0,4.0,2211P,7.0,22783.0,2138.0
2866070,2866071,61.0,1158842,1,2,0,1,1.0,25.0,1.0,-9.0,4.0,2211P,7.0,22777.0,2137.0
2866071,2866072,61.0,1158843,1,2,0,1,1.0,25.0,1.0,-9.0,4.0,2211P,7.0,22783.0,2138.0
2866072,2866073,61.0,1158844,1,2,0,1,1.0,25.0,1.0,-9.0,4.0,2211P,7.0,22783.0,2138.0
2866073,2866074,61.0,1158845,1,2,0,1,1.0,25.0,1.0,-9.0,4.0,2211P,7.0,22778.0,2137.0
2866074,2866075,61.0,1158846,1,2,0,1,1.0,25.0,2.0,-9.0,4.0,611M3,13.0,22783.0,2138.0
2866075,2866076,69.0,1158846,2,1,1,1,1.0,20.0,1.0,-9.0,4.0,611M3,13.0,22783.0,2138.0
2866076,2866077,21.0,1158846,3,1,2,1,1.0,24.0,5.0,15.0,4.0,5413,10.0,22783.0,2138.0
2866077,2866078,61.0,1158847,1,2,0,1,1.0,25.0,2.0,-9.0,4.0,611M3,13.0,22781.0,2138.0
2866078,2866079,69.0,1158847,2,1,1,1,1.0,20.0,1.0,-9.0,4.0,611M3,13.0,22781.0,2138.0
2866079,2866080,21.0,1158847,3,1,2,1,1.0,24.0,5.0,15.0,4.0,5413,10.0,22781.0,2138.0
2866080,2866081,61.0,1158848,1,2,0,1,1.0,25.0,2.0,-9.0,4.0,611M3,13.0,22778.0,2137.0
2866081,2866082,69.0,1158848,2,1,1,1,1.0,20.0,1.0,-9.0,4.0,611M3,13.0,22778.0,2137.0
2866082,2866083,21.0,1158848,3,1,2,1,1.0,24.0,5.0,15.0,4.0,5413,10.0,22778.0,2137.0
2866083,2866084,61.0,1158849,1,2,0,1,1.0,25.0,2.0,-9.0,4.0,611M3,13.0,22782.0,2138.0
2866084,2866085,69.0,1158849,2,1,1,1,1.0,20.0,1.0,-9.0,4.0,611M3,13.0,22782.0,2138.0
2866085,2866086,21.0,1158849,3,1,2,1,1.0,24.0,5.0,15.0,4.0,5413,10.0,22782.0,2138.0
2866086,2866087,61.0,1158850,1,2,0,1,1.0,25.0,2.0,-9.0,4.0,611M3,13.0,22781.0,2138.0
2866087,2866088,69.0,1158850,2,1,1,1,1.0,20.0,1.0,-9.0,4.0,611M3,13.0,22781.0,2138.0
2866088,2866089,21.0,1158850,3,1,2,1,1.0,24.0,5.0,15.0,4.0,5413,10.0,22781.0,2138.0
2866089,2866090,61.0,1158851,1,2,0,1,1.0,25.0,2.0,-9.0,4.0,611M3,13.0,22799.0,2142.0
2866090,2866091,69.0,1158851,2,1,1,1,1.0,20.0,1.0,-9.0,4.0,611M3,13.0,22799.0,2142.0
2866091,2866092,21.0,1158851,3,1,2,1,1.0,24.0,5.0,15.0,4.0,5413,10.0,22799.0,2142.0
2866092,2866093,61.0,1158852,1,2,0,1,1.0,25.0,2.0,-9.0,4.0,611M3,13.0,22783.0,2138.0
2866093,2866094,69.0,1158852,2,1,1,1,1.0,20.0,1.0,-9.0,4.0,611M3,13.0,22783.0,2138.0
2866094,2866095,21.0,1158852,3,1,2,1,1.0,24.0,5.0,15.0,4.0,5413,10.0,22783.0,2138.0
2866095,2866096,64.0,1158853,1,2,0,1,1.0,9.0,1.0,-9.0,4.0,8129,17.0,22777.0,2137.0
2866096,2866097,72.0,1158853,2,2,13,1,6.0,-9.0,-9.0,-9.0,4.0,-9,0.0,22777.0,2137.0
2866097,2866098,64.0,1158854,1,2,0,1,1.0,9.0,1.0,-9.0,4.0,8129,17.0,22783.0,2138.0
2866098,2866099,72.0,1158854,2,2,13,1,6.0,-9.0,-9.0,-9.0,4.0,-9,0.0,22783.0,2138.0
2866099,2866100,64.0,1158855,1,2,0,1,1.0,9.0,1.0,-9.0,4.0,8129,17.0,22783.0,2138.0
2866100,2866101,72.0,1158855,2,2,13,1,6.0,-9.0,-9.0,-9.0,4.0,-9,0.0,22783.0,2138.0
2866101,2866102,64.0,1158856,1,2,0,1,1.0,9.0,1.0,-9.0,4.0,8129,17.0,22780.0,2138.0
2866102,2866103,72.0,1158856,2,2,13,1,6.0,-9.0,-9.0,-9.0,4.0,-9,0.0,22780.0,2138.0
2866103,2866104,64.0,1158857,1,2,0,1,1.0,9.0,1.0,-9.0,4.0,8129,17.0,22777.0,2137.0
2866104,2866105,72.0,1158857,2,2,13,1,6.0,-9.0,-9.0,-9.0,4.0,-9,0.0,22777.0,2137.0
2866105,2866106,64.0,1158858,1,2,0,1,1.0,9.0,1.0,-9.0,4.0,8129,17.0,22776.0,2137.0
2866106,2866107,72.0,1158858,2,2,13,1,6.0,-9.0,-9.0,-9.0,4.0,-9,0.0,22776.0,2137.0
2866107,2866108,64.0,1158859,1,2,0,1,1.0,9.0,1.0,-9.0,4.0,8129,17.0,22776.0,2137.0
2866108,2866109,72.0,1158859,2,2,13,1,6.0,-9.0,-9.0,-9.0,4.0,-9,0.0,22776.0,2137.0
2866109,2866110,64.0,1158860,1,2,0,1,1.0,9.0,1.0,-9.0,4.0,8129,17.0,22782.0,2138.0
2866110,2866111,72.0,1158860,2,2,13,1,6.0,-9.0,-9.0,-9.0,4.0,-9,0.0,22782.0,2138.0
2866111,2866112,64.0,1158861,1,2,0,1,1.0,9.0,1.0,-9.0,4.0,8129,17.0,22783.0,2138.0
2866112,2866113,72.0,1158861,2,2,13,1,6.0,-9.0,-9.0,-9.0,4.0,-9,0.0,22783.0,2138.0
2866113,2866114,64.0,1158862,1,2,0,1,1.0,9.0,1.0,-9.0,4.0,8129,17.0,22783.0,2138.0
2866114,2866115,72.0,1158862,2,2,13,1,6.0,-9.0,-9.0,-9.0,4.0,-9,0.0,22783.0,2138.0
2866115,2866116,64.0,1158863,1,2,0,1,1.0,9.0,1.0,-9.0,4.0,8129,17.0,22780.0,2138.0
2866116,2866117,72.0,1158863,2,2,13,1,6.0,-9.0,-9.0,-9.0,4.0,-9,0.0,22780.0,2138.0
2866117,2866118,64.0,1158864,1,2,0,1,1.0,9.0,1.0,-9.0,4.0,8129,17.0,22782.0,2138.0
2866118,2866119,72.0,1158864,2,2,13,1,6.0,-9.0,-9.0,-9.0,4.0,-9,0.0,22782.0,2138.0
2866119,2866120,64.0,1158865,1,2,0,1,1.0,9.0,1.0,-9.0,4.0,8129,17.0,22782.0,2138.0
2866120,2866121,72.0,1158865,2,2,13,1,6.0,-9.0,-9.0,-9.0,4.0,-9,0.0,22782.0,2138.0
2866121,2866122,64.0,1158866,1,2,0,1,1.0,9.0,1.0,-9.0,4.0,8129,17.0,22782.0,2138.0
2866122,2866123,72.0,1158866,2,2,13,1,6.0,-9.0,-9.0,-9.0,4.0,-9,0.0,22782.0,2138.0
2866123,2866124,64.0,1158867,1,2,0,1,1.0,9.0,1.0,-9.0,4.0,8129,17.0,22775.0,2137.0
2866124,2866125,72.0,1158867,2,2,13,1,6.0,-9.0,-9.0,-9.0,4.0,-9,0.0,22775.0,2137.0
2866125,2866126,64.0,1158868,1,2,0,1,1.0,9.0,1.0,-9.0,4.0,8129,17.0,22775.0,2137.0
2866126,2866127,72.0,1158868,2,2,13,1,6.0,-9.0,-9.0,-9.0,4.0,-9,0.0,22775.0,2137.0
2866127,2866128,57.0,1158869,1,2,0,1,1.0,40.0,1.0,-9.0,4.0,23,2.0,22783.0,2138.0
2866128,2866129,57.0,1158870,1,2,0,1,1.0,40.0,1.0,-9.0,4.0,23,2.0,22781.0,2138.0
2866129,2866130,57.0,1158871,1,2,0,1,1.0,40.0,1.0,-9.0,4.0,23,2.0,22780.0,2138.0
2866130,2866131,57.0,1158872,1,2,0,1,1.0,40.0,1.0,-9.0,4.0,23,2.0,22781.0,2138.0
2866131,2866132,57.0,1158873,1,2,0,1,1.0,40.0,1.0,-9.0,4.0,23,2.0,22780.0,2138.0
2866132,2866133,57.0,1158874,1,2,0,1,1.0,40.0,1.0,-9.0,4.0,23,2.0,22776.0,2137.0
2866133,2866134,57.0,1158875,1,2,0,1,1.0,40.0,1.0,-9.0,4.0,23,2.0,22799.0,2142.0
2866134,2866135,57.0,1158876,1,2,0,1,1.0,40.0,1.0,-9.0,4.0,23,2.0,22776.0,2137.0
2866135,2866136,57.0,1158877,1,2,0,1,1.0,40.0,1.0,-9.0,4.0,23,2.0,22774.0,2137.0
2866136,2866137,57.0,1158878,1,2,0,1,1.0,40.0,1.0,-9.0,4.0,23,2.0,22775.0,2137.0
2866137,2866138,57.0,1158879,1,2,0,1,1.0,40.0,1.0,-9.0,4.0,23,2.0,22799.0,2142.0
2866138,2866139,57.0,1158880,1,2,0,1,1.0,40.0,1.0,-9.0,4.0,23,2.0,22783.0,2138.0
2866139,2866140,57.0,1158881,1,2,0,1,1.0,40.0,1.0,-9.0,4.0,23,2.0,22782.0,2138.0
2866140,2866141,57.0,1158882,1,2,0,1,1.0,40.0,1.0,-9.0,4.0,23,2.0,22776.0,2137.0
2866141,2866142,57.0,1158883,1,2,0,1,1.0,40.0,1.0,-9.0,4.0,23,2.0,22780.0,2138.0
2866142,2866143,53.0,1158884,1,1,0,1,1.0,45.0,1.0,-9.0,4.0,5241,9.0,22782.0,2138.0
2866143,2866144,33.0,1158884,2,1,2,1,1.0,40.0,5.0,15.0,4.0,531M,9.0,22782.0,2138.0
2866144,2866145,19.0,1158884,3,2,4,1,2.0,15.0,6.0,15.0,4.0,722Z,16.0,22782.0,2138.0
2866145,2866146,15.0,1158884,4,2,4,1,-9.0,-9.0,-9.0,11.0,-9.0,-9,0.0,22782.0,2138.0
2866146,2866147,48.0,1158884,5,2,13,1,1.0,40.0,1.0,-9.0,4.0,52M2,9.0,22782.0,2138.0
2866147,2866148,55.0,1158885,1,1,0,1,1.0,20.0,1.0,-9.0,4.0,4481,5.0,22775.0,2137.0
2866148,2866149,55.0,1158885,2,2,1,1,6.0,-9.0,-9.0,-9.0,4.0,-9,0.0,22775.0,2137.0
2866149,2866150,19.0,1158885,3,1,2,1,6.0,-9.0,-9.0,14.0,4.0,-9,0.0,22775.0,2137.0
2866150,2866151,17.0,1158885,4,2,2,1,1.0,5.0,5.0,13.0,4.0,4481,5.0,22775.0,2137.0
2866151,2866152,55.0,1158886,1,1,0,1,1.0,20.0,1.0,-9.0,4.0,4481,5.0,22781.0,2138.0
2866152,2866153,55.0,1158886,2,2,1,1,6.0,-9.0,-9.0,-9.0,4.0,-9,0.0,22781.0,2138.0
2866153,2866154,19.0,1158886,3,1,2,1,6.0,-9.0,-9.0,14.0,4.0,-9,0.0,22781.0,2138.0
2866154,2866155,17.0,1158886,4,2,2,1,1.0,5.0,5.0,13.0,4.0,4481,5.0,22781.0,2138.0
2866155,2866156,55.0,1158887,1,1,0,1,1.0,20.0,1.0,-9.0,4.0,4481,5.0,22780.0,2138.0
2866156,2866157,55.0,1158887,2,2,1,1,6.0,-9.0,-9.0,-9.0,4.0,-9,0.0,22780.0,2138.0
2866157,2866158,19.0,1158887,3,1,2,1,6.0,-9.0,-9.0,14.0,4.0,-9,0.0,22780.0,2138.0
2866158,2866159,17.0,1158887,4,2,2,1,1.0,5.0,5.0,13.0,4.0,4481,5.0,22780.0,2138.0
2866159,2866160,55.0,1158888,1,1,0,1,1.0,20.0,1.0,-9.0,4.0,4481,5.0,22799.0,2142.0
2866160,2866161,55.0,1158888,2,2,1,1,6.0,-9.0,-9.0,-9.0,4.0,-9,0.0,22799.0,2142.0
2866161,2866162,19.0,1158888,3,1,2,1,6.0,-9.0,-9.0,14.0,4.0,-9,0.0,22799.0,2142.0
2866162,2866163,17.0,1158888,4,2,2,1,1.0,5.0,5.0,13.0,4.0,4481,5.0,22799.0,2142.0
2866163,2866164,55.0,1158889,1,1,0,1,1.0,20.0,1.0,-9.0,4.0,4481,5.0,22779.0,2138.0
2866164,2866165,55.0,1158889,2,2,1,1,6.0,-9.0,-9.0,-9.0,4.0,-9,0.0,22779.0,2138.0
2866165,2866166,19.0,1158889,3,1,2,1,6.0,-9.0,-9.0,14.0,4.0,-9,0.0,22779.0,2138.0
2866166,2866167,17.0,1158889,4,2,2,1,1.0,5.0,5.0,13.0,4.0,4481,5.0,22779.0,2138.0
2866167,2866168,55.0,1158890,1,1,0,1,1.0,20.0,1.0,-9.0,4.0,4481,5.0,22780.0,2138.0
2866168,2866169,55.0,1158890,2,2,1,1,6.0,-9.0,-9.0,-9.0,4.0,-9,0.0,22780.0,2138.0
2866169,2866170,19.0,1158890,3,1,2,1,6.0,-9.0,-9.0,14.0,4.0,-9,0.0,22780.0,2138.0
2866170,2866171,17.0,1158890,4,2,2,1,1.0,5.0,5.0,13.0,4.0,4481,5.0,22780.0,2138.0
2866171,2866172,55.0,1158891,1,1,0,1,1.0,20.0,1.0,-9.0,4.0,4481,5.0,22782.0,2138.0
2866172,2866173,55.0,1158891,2,2,1,1,6.0,-9.0,-9.0,-9.0,4.0,-9,0.0,22782.0,2138.0
2866173,2866174,19.0,1158891,3,1,2,1,6.0,-9.0,-9.0,14.0,4.0,-9,0.0,22782.0,2138.0
2866174,2866175,17.0,1158891,4,2,2,1,1.0,5.0,5.0,13.0,4.0,4481,5.0,22782.0,2138.0
2866175,2866176,55.0,1158892,1,1,0,1,1.0,20.0,1.0,-9.0,4.0,4481,5.0,22799.0,2142.0
2866176,2866177,55.0,1158892,2,2,1,1,6.0,-9.0,-9.0,-9.0,4.0,-9,0.0,22799.0,2142.0
2866177,2866178,19.0,1158892,3,1,2,1,6.0,-9.0,-9.0,14.0,4.0,-9,0.0,22799.0,2142.0
2866178,2866179,17.0,1158892,4,2,2,1,1.0,5.0,5.0,13.0,4.0,4481,5.0,22799.0,2142.0
2866179,2866180,55.0,1158893,1,1,0,1,1.0,20.0,1.0,-9.0,4.0,4481,5.0,22779.0,2138.0
2866180,2866181,55.0,1158893,2,2,1,1,6.0,-9.0,-9.0,-9.0,4.0,-9,0.0,22779.0,2138.0
2866181,2866182,19.0,1158893,3,1,2,1,6.0,-9.0,-9.0,14.0,4.0,-9,0.0,22779.0,2138.0
2866182,2866183,17.0,1158893,4,2,2,1,1.0,5.0,5.0,13.0,4.0,4481,5.0,22779.0,2138.0
2866183,2866184,55.0,1158894,1,1,0,1,1.0,20.0,1.0,-9.0,4.0,4481,5.0,22780.0,2138.0
2866184,2866185,55.0,1158894,2,2,1,1,6.0,-9.0,-9.0,-9.0,4.0,-9,0.0,22780.0,2138.0
2866185,2866186,19.0,1158894,3,1,2,1,6.0,-9.0,-9.0,14.0,4.0,-9,0.0,22780.0,2138.0
2866186,2866187,17.0,1158894,4,2,2,1,1.0,5.0,5.0,13.0,4.0,4481,5.0,22780.0,2138.0
2866187,2866188,55.0,1158895,1,1,0,1,1.0,20.0,1.0,-9.0,4.0,4481,5.0,22780.0,2138.0
2866188,2866189,55.0,1158895,2,2,1,1,6.0,-9.0,-9.0,-9.0,4.0,-9,0.0,22780.0,2138.0
2866189,2866190,19.0,1158895,3,1,2,1,6.0,-9.0,-9.0,14.0,4.0,-9,0.0,22780.0,2138.0
2866190,2866191,17.0,1158895,4,2,2,1,1.0,5.0,5.0,13.0,4.0,4481,5.0,22780.0,2138.0
2866191,2866192,55.0,1158896,1,1,0,1,1.0,20.0,1.0,-9.0,4.0,4481,5.0,22780.0,2138.0
2866192,2866193,55.0,1158896,2,2,1,1,6.0,-9.0,-9.0,-9.0,4.0,-9,0.0,22780.0,2138.0
2866193,2866194,19.0,1158896,3,1,2,1,6.0,-9.0,-9.0,14.0,4.0,-9,0.0,22780.0,2138.0
2866194,2866195,17.0,1158896,4,2,2,1,1.0,5.0,5.0,13.0,4.0,4481,5.0,22780.0,2138.0
2866195,2866196,55.0,1158897,1,1,0,1,1.0,20.0,1.0,-9.0,4.0,4481,5.0,22779.0,2138.0
2866196,2866197,55.0,1158897,2,2,1,1,6.0,-9.0,-9.0,-9.0,4.0,-9,0.0,22779.0,2138.0
2866197,2866198,19.0,1158897,3,1,2,1,6.0,-9.0,-9.0,14.0,4.0,-9,0.0,22779.0,2138.0
2866198,2866199,17.0,1158897,4,2,2,1,1.0,5.0,5.0,13.0,4.0,4481,5.0,22779.0,2138.0
2866199,2866200,55.0,1158898,1,1,0,1,1.0,20.0,1.0,-9.0,4.0,4481,5.0,22780.0,2138.0
2866200,2866201,55.0,1158898,2,2,1,1,6.0,-9.0,-9.0,-9.0,4.0,-9,0.0,22780.0,2138.0
2866201,2866202,19.0,1158898,3,1,2,1,6.0,-9.0,-9.0,14.0,4.0,-9,0.0,22780.0,2138.0
2866202,2866203,17.0,1158898,4,2,2,1,1.0,5.0,5.0,13.0,4.0,4481,5.0,22780.0,2138.0
2866203,2866204,55.0,1158899,1,1,0,1,1.0,20.0,1.0,-9.0,4.0,4481,5.0,22780.0,2138.0
2866204,2866205,55.0,1158899,2,2,1,1,6.0,-9.0,-9.0,-9.0,4.0,-9,0.0,22780.0,2138.0
2866205,2866206,19.0,1158899,3,1,2,1,6.0,-9.0,-9.0,14.0,4.0,-9,0.0,22780.0,2138.0
2866206,2866207,17.0,1158899,4,2,2,1,1.0,5.0,5.0,13.0,4.0,4481,5.0,22780.0,2138.0
2866207,2866208,55.0,1158900,1,1,0,1,1.0,20.0,1.0,-9.0,4.0,4481,5.0,22780.0,2138.0
2866208,2866209,55.0,1158900,2,2,1,1,6.0,-9.0,-9.0,-9.0,4.0,-9,0.0,22780.0,2138.0
2866209,2866210,19.0,1158900,3,1,2,1,6.0,-9.0,-9.0,14.0,4.0,-9,0.0,22780.0,2138.0
2866210,2866211,17.0,1158900,4,2,2,1,1.0,5.0,5.0,13.0,4.0,4481,5.0,22780.0,2138.0
2866211,2866212,55.0,1158901,1,1,0,1,1.0,20.0,1.0,-9.0,4.0,4481,5.0,22782.0,2138.0
2866212,2866213,55.0,1158901,2,2,1,1,6.0,-9.0,-9.0,-9.0,4.0,-9,0.0,22782.0,2138.0
2866213,2866214,19.0,1158901,3,1,2,1,6.0,-9.0,-9.0,14.0,4.0,-9,0.0,22782.0,2138.0
2866214,2866215,17.0,1158901,4,2,2,1,1.0,5.0,5.0,13.0,4.0,4481,5.0,22782.0,2138.0
2866215,2866216,55.0,1158902,1,1,0,1,1.0,20.0,1.0,-9.0,4.0,4481,5.0,22775.0,2137.0
2866216,2866217,55.0,1158902,2,2,1,1,6.0,-9.0,-9.0,-9.0,4.0,-9,0.0,22775.0,2137.0
2866217,2866218,19.0,1158902,3,1,2,1,6.0,-9.0,-9.0,14.0,4.0,-9,0.0,22775.0,2137.0
2866218,2866219,17.0,1158902,4,2,2,1,1.0,5.0,5.0,13.0,4.0,4481,5.0,22775.0,2137.0
2866219,2866220,55.0,1158903,1,1,0,1,1.0,20.0,1.0,-9.0,4.0,4481,5.0,22782.0,2138.0
2866220,2866221,55.0,1158903,2,2,1,1,6.0,-9.0,-9.0,-9.0,4.0,-9,0.0,22782.0,2138.0
2866221,2866222,19.0,1158903,3,1,2,1,6.0,-9.0,-9.0,14.0,4.0,-9,0.0,22782.0,2138.0
2866222,2866223,17.0,1158903,4,2,2,1,1.0,5.0,5.0,13.0,4.0,4481,5.0,22782.0,2138.0
2866223,2866224,55.0,1158904,1,1,0,1,1.0,20.0,1.0,-9.0,4.0,4481,5.0,22782.0,2138.0
2866224,2866225,55.0,1158904,2,2,1,1,6.0,-9.0,-9.0,-9.0,4.0,-9,0.0,22782.0,2138.0
2866225,2866226,19.0,1158904,3,1,2,1,6.0,-9.0,-9.0,14.0,4.0,-9,0.0,22782.0,2138.0
2866226,2866227,17.0,1158904,4,2,2,1,1.0,5.0,5.0,13.0,4.0,4481,5.0,22782.0,2138.0
2866227,2866228,55.0,1158905,1,1,0,1,1.0,20.0,1.0,-9.0,4.0,4481,5.0,22777.0,2137.0
2866228,2866229,55.0,1158905,2,2,1,1,6.0,-9.0,-9.0,-9.0,4.0,-9,0.0,22777.0,2137.0
2866229,2866230,19.0,1158905,3,1,2,1,6.0,-9.0,-9.0,14.0,4.0,-9,0.0,22777.0,2137.0
2866230,2866231,17.0,1158905,4,2,2,1,1.0,5.0,5.0,13.0,4.0,4481,5.0,22777.0,2137.0
2866231,2866232,55.0,1158906,1,1,0,1,1.0,20.0,1.0,-9.0,4.0,4481,5.0,22799.0,2142.0
2866232,2866233,55.0,1158906,2,2,1,1,6.0,-9.0,-9.0,-9.0,4.0,-9,0.0,22799.0,2142.0
2866233,2866234,19.0,1158906,3,1,2,1,6.0,-9.0,-9.0,14.0,4.0,-9,0.0,22799.0,2142.0
2866234,2866235,17.0,1158906,4,2,2,1,1.0,5.0,5.0,13.0,4.0,4481,5.0,22799.0,2142.0
2866235,2866236,55.0,1158907,1,1,0,1,1.0,20.0,1.0,-9.0,4.0,4481,5.0,22777.0,2137.0
2866236,2866237,55.0,1158907,2,2,1,1,6.0,-9.0,-9.0,-9.0,4.0,-9,0.0,22777.0,2137.0
2866237,2866238,19.0,1158907,3,1,2,1,6.0,-9.0,-9.0,14.0,4.0,-9,0.0,22777.0,2137.0
2866238,2866239,17.0,1158907,4,2,2,1,1.0,5.0,5.0,13.0,4.0,4481,5.0,22777.0,2137.0
2866239,2866240,55.0,1158908,1,1,0,1,1.0,20.0,1.0,-9.0,4.0,4481,5.0,22781.0,2138.0
2866240,2866241,55.0,1158908,2,2,1,1,6.0,-9.0,-9.0,-9.0,4.0,-9,0.0,22781.0,2138.0
2866241,2866242,19.0,1158908,3,1,2,1,6.0,-9.0,-9.0,14.0,4.0,-9,0.0,22781.0,2138.0
2866242,2866243,17.0,1158908,4,2,2,1,1.0,5.0,5.0,13.0,4.0,4481,5.0,22781.0,2138.0
2866243,2866244,55.0,1158909,1,1,0,1,1.0,20.0,1.0,-9.0,4.0,4481,5.0,22779.0,2138.0
2866244,2866245,55.0,1158909,2,2,1,1,6.0,-9.0,-9.0,-9.0,4.0,-9,0.0,22779.0,2138.0
2866245,2866246,19.0,1158909,3,1,2,1,6.0,-9.0,-9.0,14.0,4.0,-9,0.0,22779.0,2138.0
2866246,2866247,17.0,1158909,4,2,2,1,1.0,5.0,5.0,13.0,4.0,4481,5.0,22779.0,2138.0
2866247,2866248,55.0,1158910,1,1,0,1,1.0,20.0,1.0,-9.0,4.0,4481,5.0,22774.0,2137.0
2866248,2866249,55.0,1158910,2,2,1,1,6.0,-9.0,-9.0,-9.0,4.0,-9,0.0,22774.0,2137.0
2866249,2866250,19.0,1158910,3,1,2,1,6.0,-9.0,-9.0,14.0,4.0,-9,0.0,22774.0,2137.0
2866250,2866251,17.0,1158910,4,2,2,1,1.0,5.0,5.0,13.0,4.0,4481,5.0,22774.0,2137.0
2866251,2866252,55.0,1158911,1,1,0,1,1.0,20.0,1.0,-9.0,4.0,4481,5.0,22781.0,2138.0
2866252,2866253,55.0,1158911,2,2,1,1,6.0,-9.0,-9.0,-9.0,4.0,-9,0.0,22781.0,2138.0
2866253,2866254,19.0,1158911,3,1,2,1,6.0,-9.0,-9.0,14.0,4.0,-9,0.0,22781.0,2138.0
2866254,2866255,17.0,1158911,4,2,2,1,1.0,5.0,5.0,13.0,4.0,4481,5.0,22781.0,2138.0
2866255,2866256,55.0,1158912,1,1,0,1,1.0,20.0,1.0,-9.0,4.0,4481,5.0,22774.0,2137.0
2866256,2866257,55.0,1158912,2,2,1,1,6.0,-9.0,-9.0,-9.0,4.0,-9,0.0,22774.0,2137.0
2866257,2866258,19.0,1158912,3,1,2,1,6.0,-9.0,-9.0,14.0,4.0,-9,0.0,22774.0,2137.0
2866258,2866259,17.0,1158912,4,2,2,1,1.0,5.0,5.0,13.0,4.0,4481,5.0,22774.0,2137.0
2866259,2866260,55.0,1158913,1,1,0,1,1.0,20.0,1.0,-9.0,4.0,4481,5.0,22779.0,2138.0
2866260,2866261,55.0,1158913,2,2,1,1,6.0,-9.0,-9.0,-9.0,4.0,-9,0.0,22779.0,2138.0
2866261,2866262,19.0,1158913,3,1,2,1,6.0,-9.0,-9.0,14.0,4.0,-9,0.0,22779.0,2138.0
2866262,2866263,17.0,1158913,4,2,2,1,1.0,5.0,5.0,13.0,4.0,4481,5.0,22779.0,2138.0
2866263,2866264,55.0,1158914,1,1,0,1,1.0,20.0,1.0,-9.0,4.0,4481,5.0,22799.0,2142.0
2866264,2866265,55.0,1158914,2,2,1,1,6.0,-9.0,-9.0,-9.0,4.0,-9,0.0,22799.0,2142.0
2866265,2866266,19.0,1158914,3,1,2,1,6.0,-9.0,-9.0,14.0,4.0,-9,0.0,22799.0,2142.0
2866266,2866267,17.0,1158914,4,2,2,1,1.0,5.0,5.0,13.0,4.0,4481,5.0,22799.0,2142.0
2866267,2866268,55.0,1158915,1,1,0,1,1.0,20.0,1.0,-9.0,4.0,4481,5.0,22774.0,2137.0
2866268,2866269,55.0,1158915,2,2,1,1,6.0,-9.0,-9.0,-9.0,4.0,-9,0.0,22774.0,2137.0
2866269,2866270,19.0,1158915,3,1,2,1,6.0,-9.0,-9.0,14.0,4.0,-9,0.0,22774.0,2137.0
2866270,2866271,17.0,1158915,4,2,2,1,1.0,5.0,5.0,13.0,4.0,4481,5.0,22774.0,2137.0
2866271,2866272,47.0,1158916,1,1,0,1,1.0,50.0,1.0,-9.0,4.0,53M,9.0,22783.0,2138.0
2866272,2866273,48.0,1158916,2,2,1,1,6.0,15.0,3.0,-9.0,4.0,5111Z,8.0,22783.0,2138.0
2866273,2866274,18.0,1158916,3,1,2,1,1.0,10.0,6.0,14.0,4.0,722Z,16.0,22783.0,2138.0
2866274,2866275,15.0,1158916,4,1,2,1,-9.0,-9.0,-9.0,11.0,-9.0,-9,0.0,22783.0,2138.0
2866275,2866276,47.0,1158917,1,1,0,1,1.0,50.0,1.0,-9.0,4.0,53M,9.0,22783.0,2138.0
2866276,2866277,48.0,1158917,2,2,1,1,6.0,15.0,3.0,-9.0,4.0,5111Z,8.0,22783.0,2138.0
2866277,2866278,18.0,1158917,3,1,2,1,1.0,10.0,6.0,14.0,4.0,722Z,16.0,22783.0,2138.0
2866278,2866279,15.0,1158917,4,1,2,1,-9.0,-9.0,-9.0,11.0,-9.0,-9,0.0,22783.0,2138.0
2866279,2866280,47.0,1158918,1,1,0,1,1.0,50.0,1.0,-9.0,4.0,53M,9.0,22777.0,2137.0
2866280,2866281,48.0,1158918,2,2,1,1,6.0,15.0,3.0,-9.0,4.0,5111Z,8.0,22777.0,2137.0
2866281,2866282,18.0,1158918,3,1,2,1,1.0,10.0,6.0,14.0,4.0,722Z,16.0,22777.0,2137.0
2866282,2866283,15.0,1158918,4,1,2,1,-9.0,-9.0,-9.0,11.0,-9.0,-9,0.0,22777.0,2137.0
2866283,2866284,47.0,1158919,1,1,0,1,1.0,50.0,1.0,-9.0,4.0,53M,9.0,22799.0,2142.0
2866284,2866285,48.0,1158919,2,2,1,1,6.0,15.0,3.0,-9.0,4.0,5111Z,8.0,22799.0,2142.0
2866285,2866286,18.0,1158919,3,1,2,1,1.0,10.0,6.0,14.0,4.0,722Z,16.0,22799.0,2142.0
2866286,2866287,15.0,1158919,4,1,2,1,-9.0,-9.0,-9.0,11.0,-9.0,-9,0.0,22799.0,2142.0
2866287,2866288,26.0,1158920,1,2,0,4,1.0,40.0,3.0,16.0,4.0,611M1,13.0,22782.0,2138.0
2866288,2866289,24.0,1158920,2,2,12,4,6.0,-9.0,-9.0,16.0,4.0,-9,0.0,22782.0,2138.0
2866289,2866290,26.0,1158921,1,2,0,4,1.0,40.0,3.0,16.0,4.0,611M1,13.0,22780.0,2138.0
2866290,2866291,24.0,1158921,2,2,12,4,6.0,-9.0,-9.0,16.0,4.0,-9,0.0,22780.0,2138.0
2866291,2866292,26.0,1158922,1,2,0,4,1.0,40.0,3.0,16.0,4.0,611M1,13.0,22782.0,2138.0
2866292,2866293,24.0,1158922,2,2,12,4,6.0,-9.0,-9.0,16.0,4.0,-9,0.0,22782.0,2138.0
2866293,2866294,26.0,1158923,1,2,0,4,1.0,40.0,3.0,16.0,4.0,611M1,13.0,22777.0,2137.0
2866294,2866295,24.0,1158923,2,2,12,4,6.0,-9.0,-9.0,16.0,4.0,-9,0.0,22777.0,2137.0
2866295,2866296,26.0,1158924,1,2,0,4,1.0,40.0,3.0,16.0,4.0,611M1,13.0,22781.0,2138.0
2866296,2866297,24.0,1158924,2,2,12,4,6.0,-9.0,-9.0,16.0,4.0,-9,0.0,22781.0,2138.0
2866297,2866298,26.0,1158925,1,2,0,4,1.0,40.0,3.0,16.0,4.0,611M1,13.0,22783.0,2138.0
2866298,2866299,24.0,1158925,2,2,12,4,6.0,-9.0,-9.0,16.0,4.0,-9,0.0,22783.0,2138.0
2866299,2866300,26.0,1158926,1,2,0,4,1.0,40.0,3.0,16.0,4.0,611M1,13.0,22783.0,2138.0
2866300,2866301,24.0,1158926,2,2,12,4,6.0,-9.0,-9.0,16.0,4.0,-9,0.0,22783.0,2138.0
2866301,2866302,26.0,1158927,1,2,0,4,1.0,40.0,3.0,16.0,4.0,611M1,13.0,22777.0,2137.0
2866302,2866303,24.0,1158927,2,2,12,4,6.0,-9.0,-9.0,16.0,4.0,-9,0.0,22777.0,2137.0
2866303,2866304,26.0,1158928,1,2,0,4,1.0,40.0,3.0,16.0,4.0,611M1,13.0,22775.0,2137.0
2866304,2866305,24.0,1158928,2,2,12,4,6.0,-9.0,-9.0,16.0,4.0,-9,0.0,22775.0,2137.0
2866305,2866306,26.0,1158929,1,2,0,4,1.0,40.0,3.0,16.0,4.0,611M1,13.0,22779.0,2138.0
2866306,2866307,24.0,1158929,2,2,12,4,6.0,-9.0,-9.0,16.0,4.0,-9,0.0,22779.0,2138.0
2866307,2866308,26.0,1158930,1,2,0,4,1.0,40.0,3.0,16.0,4.0,611M1,13.0,22777.0,2137.0
2866308,2866309,24.0,1158930,2,2,12,4,6.0,-9.0,-9.0,16.0,4.0,-9,0.0,22777.0,2137.0
2866309,2866310,26.0,1158931,1,2,0,4,1.0,40.0,3.0,16.0,4.0,611M1,13.0,22782.0,2138.0
2866310,2866311,24.0,1158931,2,2,12,4,6.0,-9.0,-9.0,16.0,4.0,-9,0.0,22782.0,2138.0
2866311,2866312,26.0,1158932,1,2,0,4,1.0,40.0,3.0,16.0,4.0,611M1,13.0,22776.0,2137.0
2866312,2866313,24.0,1158932,2,2,12,4,6.0,-9.0,-9.0,16.0,4.0,-9,0.0,22776.0,2137.0
2866313,2866314,26.0,1158933,1,2,0,4,1.0,40.0,3.0,16.0,4.0,611M1,13.0,22779.0,2138.0
2866314,2866315,24.0,1158933,2,2,12,4,6.0,-9.0,-9.0,16.0,4.0,-9,0.0,22779.0,2138.0
2866315,2866316,26.0,1158934,1,2,0,4,1.0,40.0,3.0,16.0,4.0,611M1,13.0,22781.0,2138.0
2866316,2866317,24.0,1158934,2,2,12,4,6.0,-9.0,-9.0,16.0,4.0,-9,0.0,22781.0,2138.0
2866317,2866318,26.0,1158935,1,2,0,4,1.0,40.0,3.0,16.0,4.0,611M1,13.0,22782.0,2138.0
2866318,2866319,24.0,1158935,2,2,12,4,6.0,-9.0,-9.0,16.0,4.0,-9,0.0,22782.0,2138.0
2866319,2866320,26.0,1158936,1,2,0,4,1.0,40.0,3.0,16.0,4.0,611M1,13.0,22780.0,2138.0
2866320,2866321,24.0,1158936,2,2,12,4,6.0,-9.0,-9.0,16.0,4.0,-9,0.0,22780.0,2138.0
2866321,2866322,26.0,1158937,1,2,0,4,1.0,40.0,3.0,16.0,4.0,611M1,13.0,22777.0,2137.0
2866322,2866323,24.0,1158937,2,2,12,4,6.0,-9.0,-9.0,16.0,4.0,-9,0.0,22777.0,2137.0
2866323,2866324,26.0,1158938,1,2,0,4,1.0,40.0,3.0,16.0,4.0,611M1,13.0,22782.0,2138.0
2866324,2866325,24.0,1158938,2,2,12,4,6.0,-9.0,-9.0,16.0,4.0,-9,0.0,22782.0,2138.0
2866325,2866326,26.0,1158939,1,2,0,4,1.0,40.0,3.0,16.0,4.0,611M1,13.0,22783.0,2138.0
2866326,2866327,24.0,1158939,2,2,12,4,6.0,-9.0,-9.0,16.0,4.0,-9,0.0,22783.0,2138.0
2866327,2866328,26.0,1158940,1,2,0,4,1.0,40.0,3.0,16.0,4.0,611M1,13.0,22783.0,2138.0
2866328,2866329,24.0,1158940,2,2,12,4,6.0,-9.0,-9.0,16.0,4.0,-9,0.0,22783.0,2138.0
2866329,2866330,26.0,1158941,1,2,0,4,1.0,40.0,3.0,16.0,4.0,611M1,13.0,22799.0,2142.0
2866330,2866331,24.0,1158941,2,2,12,4,6.0,-9.0,-9.0,16.0,4.0,-9,0.0,22799.0,2142.0
2866331,2866332,26.0,1158942,1,2,0,4,1.0,40.0,3.0,16.0,4.0,611M1,13.0,22782.0,2138.0
2866332,2866333,24.0,1158942,2,2,12,4,6.0,-9.0,-9.0,16.0,4.0,-9,0.0,22782.0,2138.0
2866333,2866334,26.0,1158943,1,2,0,4,1.0,40.0,3.0,16.0,4.0,611M1,13.0,22783.0,2138.0
2866334,2866335,24.0,1158943,2,2,12,4,6.0,-9.0,-9.0,16.0,4.0,-9,0.0,22783.0,2138.0
2866335,2866336,26.0,1158944,1,2,0,4,1.0,40.0,3.0,16.0,4.0,611M1,13.0,22774.0,2137.0
2866336,2866337,24.0,1158944,2,2,12,4,6.0,-9.0,-9.0,16.0,4.0,-9,0.0,22774.0,2137.0
2866337,2866338,26.0,1158945,1,2,0,4,1.0,40.0,3.0,16.0,4.0,611M1,13.0,22776.0,2137.0
2866338,2866339,24.0,1158945,2,2,12,4,6.0,-9.0,-9.0,16.0,4.0,-9,0.0,22776.0,2137.0
2866339,2866340,26.0,1158946,1,2,0,4,1.0,40.0,3.0,16.0,4.0,611M1,13.0,22783.0,2138.0
2866340,2866341,24.0,1158946,2,2,12,4,6.0,-9.0,-9.0,16.0,4.0,-9,0.0,22783.0,2138.0
2866341,2866342,26.0,1158947,1,2,0,4,1.0,40.0,3.0,16.0,4.0,611M1,13.0,22776.0,2137.0
2866342,2866343,24.0,1158947,2,2,12,4,6.0,-9.0,-9.0,16.0,4.0,-9,0.0,22776.0,2137.0
2866343,2866344,26.0,1158948,1,2,0,4,1.0,40.0,3.0,16.0,4.0,611M1,13.0,22777.0,2137.0
2866344,2866345,24.0,1158948,2,2,12,4,6.0,-9.0,-9.0,16.0,4.0,-9,0.0,22777.0,2137.0
2866345,2866346,26.0,1158949,1,2,0,4,1.0,40.0,3.0,16.0,4.0,611M1,13.0,22782.0,2138.0
2866346,2866347,24.0,1158949,2,2,12,4,6.0,-9.0,-9.0,16.0,4.0,-9,0.0,22782.0,2138.0
2866347,2866348,26.0,1158950,1,2,0,4,1.0,40.0,3.0,16.0,4.0,611M1,13.0,22775.0,2137.0
2866348,2866349,24.0,1158950,2,2,12,4,6.0,-9.0,-9.0,16.0,4.0,-9,0.0,22775.0,2137.0
2866349,2866350,26.0,1158951,1,2,0,4,1.0,40.0,3.0,16.0,4.0,611M1,13.0,22780.0,2138.0
2866350,2866351,24.0,1158951,2,2,12,4,6.0,-9.0,-9.0,16.0,4.0,-9,0.0,22780.0,2138.0
2866351,2866352,26.0,1158952,1,2,0,4,1.0,40.0,3.0,16.0,4.0,611M1,13.0,22775.0,2137.0
2866352,2866353,24.0,1158952,2,2,12,4,6.0,-9.0,-9.0,16.0,4.0,-9,0.0,22775.0,2137.0
2866353,2866354,26.0,1158953,1,2,0,4,1.0,40.0,3.0,16.0,4.0,611M1,13.0,22782.0,2138.0
2866354,2866355,24.0,1158953,2,2,12,4,6.0,-9.0,-9.0,16.0,4.0,-9,0.0,22782.0,2138.0
2866355,2866356,26.0,1158954,1,2,0,4,1.0,40.0,3.0,16.0,4.0,611M1,13.0,22782.0,2138.0
2866356,2866357,24.0,1158954,2,2,12,4,6.0,-9.0,-9.0,16.0,4.0,-9,0.0,22782.0,2138.0
2866357,2866358,26.0,1158955,1,2,0,4,1.0,40.0,3.0,16.0,4.0,611M1,13.0,22781.0,2138.0
2866358,2866359,24.0,1158955,2,2,12,4,6.0,-9.0,-9.0,16.0,4.0,-9,0.0,22781.0,2138.0
2866359,2866360,26.0,1158956,1,2,0,4,1.0,40.0,3.0,16.0,4.0,611M1,13.0,22782.0,2138.0
2866360,2866361,24.0,1158956,2,2,12,4,6.0,-9.0,-9.0,16.0,4.0,-9,0.0,22782.0,2138.0
2866361,2866362,26.0,1158957,1,2,0,4,1.0,40.0,3.0,16.0,4.0,611M1,13.0,22775.0,2137.0
2866362,2866363,24.0,1158957,2,2,12,4,6.0,-9.0,-9.0,16.0,4.0,-9,0.0,22775.0,2137.0
2866363,2866364,26.0,1158958,1,2,0,4,1.0,40.0,3.0,16.0,4.0,611M1,13.0,22774.0,2137.0
2866364,2866365,24.0,1158958,2,2,12,4,6.0,-9.0,-9.0,16.0,4.0,-9,0.0,22774.0,2137.0
2866365,2866366,26.0,1158959,1,2,0,4,1.0,40.0,3.0,16.0,4.0,611M1,13.0,22781.0,2138.0
2866366,2866367,24.0,1158959,2,2,12,4,6.0,-9.0,-9.0,16.0,4.0,-9,0.0,22781.0,2138.0
2866367,2866368,26.0,1158960,1,2,0,4,1.0,40.0,3.0,16.0,4.0,611M1,13.0,22783.0,2138.0
2866368,2866369,24.0,1158960,2,2,12,4,6.0,-9.0,-9.0,16.0,4.0,-9,0.0,22783.0,2138.0
2866369,2866370,25.0,1158961,1,2,0,1,1.0,65.0,1.0,-9.0,4.0,5411,10.0,22777.0,2137.0
2866370,2866371,25.0,1158962,1,2,0,1,1.0,65.0,1.0,-9.0,4.0,5411,10.0,22783.0,2138.0
2866371,2866372,25.0,1158963,1,2,0,1,1.0,65.0,1.0,-9.0,4.0,5411,10.0,22799.0,2142.0
2866372,2866373,25.0,1158964,1,2,0,1,1.0,65.0,1.0,-9.0,4.0,5411,10.0,22780.0,2138.0
2866373,2866374,25.0,1158965,1,2,0,1,1.0,65.0,1.0,-9.0,4.0,5411,10.0,22780.0,2138.0
2866374,2866375,25.0,1158966,1,2,0,1,1.0,65.0,1.0,-9.0,4.0,5411,10.0,22778.0,2137.0
2866375,2866376,25.0,1158967,1,2,0,1,1.0,65.0,1.0,-9.0,4.0,5411,10.0,22780.0,2138.0
2866376,2866377,25.0,1158968,1,2,0,1,1.0,65.0,1.0,-9.0,4.0,5411,10.0,22783.0,2138.0
2866377,2866378,25.0,1158969,1,2,0,1,1.0,65.0,1.0,-9.0,4.0,5411,10.0,22776.0,2137.0
2866378,2866379,25.0,1158970,1,2,0,1,1.0,65.0,1.0,-9.0,4.0,5411,10.0,22783.0,2138.0
2866379,2866380,25.0,1158971,1,2,0,1,1.0,65.0,1.0,-9.0,4.0,5411,10.0,22799.0,2142.0
2866380,2866381,25.0,1158972,1,2,0,1,1.0,65.0,1.0,-9.0,4.0,5411,10.0,22799.0,2142.0
2866381,2866382,25.0,1158973,1,2,0,1,1.0,65.0,1.0,-9.0,4.0,5411,10.0,22782.0,2138.0
2866382,2866383,25.0,1158974,1,2,0,1,1.0,65.0,1.0,-9.0,4.0,5411,10.0,22779.0,2138.0
2866383,2866384,25.0,1158975,1,2,0,1,1.0,65.0,1.0,-9.0,4.0,5411,10.0,22783.0,2138.0
2866384,2866385,25.0,1158976,1,2,0,1,1.0,65.0,1.0,-9.0,4.0,5411,10.0,22783.0,2138.0
2866385,2866386,25.0,1158977,1,2,0,1,1.0,65.0,1.0,-9.0,4.0,5411,10.0,22776.0,2137.0
2866386,2866387,25.0,1158978,1,2,0,1,1.0,65.0,1.0,-9.0,4.0,5411,10.0,22780.0,2138.0
2866387,2866388,25.0,1158979,1,2,0,1,1.0,65.0,1.0,-9.0,4.0,5411,10.0,22780.0,2138.0
2866388,2866389,25.0,1158980,1,2,0,1,1.0,65.0,1.0,-9.0,4.0,5411,10.0,22799.0,2142.0
2866389,2866390,25.0,1158981,1,2,0,1,1.0,65.0,1.0,-9.0,4.0,5411,10.0,22782.0,2138.0
2866390,2866391,25.0,1158982,1,2,0,1,1.0,65.0,1.0,-9.0,4.0,5411,10.0,22780.0,2138.0
2866391,2866392,25.0,1158983,1,2,0,1,1.0,65.0,1.0,-9.0,4.0,5411,10.0,22778.0,2137.0
2866392,2866393,25.0,1158984,1,2,0,1,1.0,65.0,1.0,-9.0,4.0,5411,10.0,22780.0,2138.0
2866393,2866394,25.0,1158985,1,2,0,1,1.0,65.0,1.0,-9.0,4.0,5411,10.0,22783.0,2138.0
2866394,2866395,25.0,1158986,1,2,0,1,1.0,65.0,1.0,-9.0,4.0,5411,10.0,22780.0,2138.0
2866395,2866396,25.0,1158987,1,2,0,1,1.0,65.0,1.0,-9.0,4.0,5411,10.0,22780.0,2138.0
2866396,2866397,25.0,1158988,1,2,0,1,1.0,65.0,1.0,-9.0,4.0,5411,10.0,22799.0,2142.0
2866397,2866398,25.0,1158989,1,2,0,1,1.0,65.0,1.0,-9.0,4.0,5411,10.0,22779.0,2138.0
2866398,2866399,25.0,1158990,1,2,0,1,1.0,65.0,1.0,-9.0,4.0,5411,10.0,22781.0,2138.0
2866399,2866400,25.0,1158991,1,2,0,1,1.0,65.0,1.0,-9.0,4.0,5411,10.0,22783.0,2138.0
2866400,2866401,25.0,1158992,1,2,0,1,1.0,65.0,1.0,-9.0,4.0,5411,10.0,22779.0,2138.0
2866401,2866402,25.0,1158993,1,2,0,1,1.0,65.0,1.0,-9.0,4.0,5411,10.0,22781.0,2138.0
2866402,2866403,25.0,1158994,1,2,0,1,1.0,65.0,1.0,-9.0,4.0,5411,10.0,22776.0,2137.0
2866403,2866404,25.0,1158995,1,2,0,1,1.0,65.0,1.0,-9.0,4.0,5411,10.0,22779.0,2138.0
2866404,2866405,25.0,1158996,1,2,0,1,1.0,65.0,1.0,-9.0,4.0,5411,10.0,22780.0,2138.0
2866405,2866406,25.0,1158997,1,2,0,1,1.0,65.0,1.0,-9.0,4.0,5411,10.0,22776.0,2137.0
2866406,2866407,25.0,1158998,1,2,0,1,1.0,65.0,1.0,-9.0,4.0,5411,10.0,22783.0,2138.0
2866407,2866408,25.0,1158999,1,2,0,1,1.0,65.0,1.0,-9.0,4.0,5411,10.0,22783.0,2138.0
2866408,2866409,25.0,1159000,1,2,0,1,1.0,65.0,1.0,-9.0,4.0,5411,10.0,22779.0,2138.0
2866409,2866410,25.0,1159001,1,2,0,1,1.0,65.0,1.0,-9.0,4.0,5411,10.0,22779.0,2138.0
2866410,2866411,25.0,1159002,1,2,0,1,1.0,65.0,1.0,-9.0,4.0,5411,10.0,22782.0,2138.0
2866411,2866412,25.0,1159003,1,2,0,1,1.0,65.0,1.0,-9.0,4.0,5411,10.0,22777.0,2137.0
2866412,2866413,25.0,1159004,1,2,0,1,1.0,65.0,1.0,-9.0,4.0,5411,10.0,22781.0,2138.0
2866413,2866414,25.0,1159005,1,2,0,1,1.0,65.0,1.0,-9.0,4.0,5411,10.0,22775.0,2137.0
2866414,2866415,25.0,1159006,1,2,0,1,1.0,65.0,1.0,-9.0,4.0,5411,10.0,22799.0,2142.0
2866415,2866416,27.0,1159007,1,2,0,1,1.0,40.0,1.0,-9.0,4.0,813M,17.0,22781.0,2138.0
2866416,2866417,23.0,1159007,2,2,12,2,1.0,40.0,4.0,15.0,4.0,337,3.0,22781.0,2138.0
2866417,2866418,27.0,1159008,1,2,0,1,1.0,40.0,1.0,-9.0,4.0,813M,17.0,22775.0,2137.0
2866418,2866419,23.0,1159008,2,2,12,2,1.0,40.0,4.0,15.0,4.0,337,3.0,22775.0,2137.0
2866419,2866420,27.0,1159009,1,2,0,1,1.0,40.0,1.0,-9.0,4.0,813M,17.0,22774.0,2137.0
2866420,2866421,23.0,1159009,2,2,12,2,1.0,40.0,4.0,15.0,4.0,337,3.0,22774.0,2137.0
2866421,2866422,27.0,1159010,1,2,0,1,1.0,40.0,1.0,-9.0,4.0,813M,17.0,22777.0,2137.0
2866422,2866423,23.0,1159010,2,2,12,2,1.0,40.0,4.0,15.0,4.0,337,3.0,22777.0,2137.0
2866423,2866424,27.0,1159011,1,2,0,1,1.0,40.0,1.0,-9.0,4.0,813M,17.0,22780.0,2138.0
2866424,2866425,23.0,1159011,2,2,12,2,1.0,40.0,4.0,15.0,4.0,337,3.0,22780.0,2138.0
2866425,2866426,27.0,1159012,1,2,0,1,1.0,40.0,1.0,-9.0,4.0,813M,17.0,22774.0,2137.0
2866426,2866427,23.0,1159012,2,2,12,2,1.0,40.0,4.0,15.0,4.0,337,3.0,22774.0,2137.0
2866427,2866428,27.0,1159013,1,2,0,1,1.0,40.0,1.0,-9.0,4.0,813M,17.0,22780.0,2138.0
2866428,2866429,23.0,1159013,2,2,12,2,1.0,40.0,4.0,15.0,4.0,337,3.0,22780.0,2138.0
2866429,2866430,27.0,1159014,1,2,0,1,1.0,40.0,1.0,-9.0,4.0,813M,17.0,22782.0,2138.0
2866430,2866431,23.0,1159014,2,2,12,2,1.0,40.0,4.0,15.0,4.0,337,3.0,22782.0,2138.0
2866431,2866432,27.0,1159015,1,2,0,1,1.0,40.0,1.0,-9.0,4.0,813M,17.0,22782.0,2138.0
2866432,2866433,23.0,1159015,2,2,12,2,1.0,40.0,4.0,15.0,4.0,337,3.0,22782.0,2138.0
2866433,2866434,27.0,1159016,1,2,0,1,1.0,40.0,1.0,-9.0,4.0,813M,17.0,22774.0,2137.0
2866434,2866435,23.0,1159016,2,2,12,2,1.0,40.0,4.0,15.0,4.0,337,3.0,22774.0,2137.0
2866435,2866436,27.0,1159017,1,2,0,1,1.0,40.0,1.0,-9.0,4.0,813M,17.0,22781.0,2138.0
2866436,2866437,23.0,1159017,2,2,12,2,1.0,40.0,4.0,15.0,4.0,337,3.0,22781.0,2138.0
2866437,2866438,27.0,1159018,1,2,0,1,1.0,40.0,1.0,-9.0,4.0,813M,17.0,22777.0,2137.0
2866438,2866439,23.0,1159018,2,2,12,2,1.0,40.0,4.0,15.0,4.0,337,3.0,22777.0,2137.0
2866439,2866440,27.0,1159019,1,2,0,1,1.0,40.0,1.0,-9.0,4.0,813M,17.0,22783.0,2138.0
2866440,2866441,23.0,1159019,2,2,12,2,1.0,40.0,4.0,15.0,4.0,337,3.0,22783.0,2138.0
2866441,2866442,27.0,1159020,1,2,0,1,1.0,40.0,1.0,-9.0,4.0,813M,17.0,22776.0,2137.0
2866442,2866443,23.0,1159020,2,2,12,2,1.0,40.0,4.0,15.0,4.0,337,3.0,22776.0,2137.0
2866443,2866444,27.0,1159021,1,2,0,1,1.0,40.0,1.0,-9.0,4.0,813M,17.0,22774.0,2137.0
2866444,2866445,23.0,1159021,2,2,12,2,1.0,40.0,4.0,15.0,4.0,337,3.0,22774.0,2137.0
2866445,2866446,27.0,1159022,1,2,0,1,1.0,40.0,1.0,-9.0,4.0,813M,17.0,22779.0,2138.0
2866446,2866447,23.0,1159022,2,2,12,2,1.0,40.0,4.0,15.0,4.0,337,3.0,22779.0,2138.0
2866447,2866448,27.0,1159023,1,2,0,1,1.0,40.0,1.0,-9.0,4.0,813M,17.0,22799.0,2142.0
2866448,2866449,23.0,1159023,2,2,12,2,1.0,40.0,4.0,15.0,4.0,337,3.0,22799.0,2142.0
2866449,2866450,27.0,1159024,1,2,0,1,1.0,40.0,1.0,-9.0,4.0,813M,17.0,22775.0,2137.0
2866450,2866451,23.0,1159024,2,2,12,2,1.0,40.0,4.0,15.0,4.0,337,3.0,22775.0,2137.0
2866451,2866452,27.0,1159025,1,2,0,1,1.0,40.0,1.0,-9.0,4.0,813M,17.0,22799.0,2142.0
2866452,2866453,23.0,1159025,2,2,12,2,1.0,40.0,4.0,15.0,4.0,337,3.0,22799.0,2142.0
2866453,2866454,35.0,1159026,1,2,0,1,1.0,40.0,1.0,16.0,4.0,622M,15.0,22781.0,2138.0
2866454,2866455,70.0,1159026,2,2,6,1,6.0,-9.0,-9.0,-9.0,4.0,-9,0.0,22781.0,2138.0
2866455,2866456,35.0,1159027,1,2,0,1,1.0,40.0,1.0,16.0,4.0,622M,15.0,22781.0,2138.0
2866456,2866457,70.0,1159027,2,2,6,1,6.0,-9.0,-9.0,-9.0,4.0,-9,0.0,22781.0,2138.0
2866457,2866458,35.0,1159028,1,2,0,1,1.0,40.0,1.0,16.0,4.0,622M,15.0,22783.0,2138.0
2866458,2866459,70.0,1159028,2,2,6,1,6.0,-9.0,-9.0,-9.0,4.0,-9,0.0,22783.0,2138.0
2866459,2866460,35.0,1159029,1,2,0,1,1.0,40.0,1.0,16.0,4.0,622M,15.0,22783.0,2138.0
2866460,2866461,70.0,1159029,2,2,6,1,6.0,-9.0,-9.0,-9.0,4.0,-9,0.0,22783.0,2138.0
2866461,2866462,25.0,1159030,1,1,0,1,6.0,-9.0,-9.0,15.0,4.0,-9,0.0,22780.0,2138.0
2866462,2866463,22.0,1159030,2,1,10,1,6.0,-9.0,-9.0,15.0,4.0,-9,0.0,22780.0,2138.0
2866463,2866464,21.0,1159030,3,1,10,1,6.0,-9.0,-9.0,15.0,4.0,-9,0.0,22780.0,2138.0
2866464,2866465,25.0,1159031,1,1,0,1,6.0,-9.0,-9.0,15.0,4.0,-9,0.0,22782.0,2138.0
2866465,2866466,22.0,1159031,2,1,10,1,6.0,-9.0,-9.0,15.0,4.0,-9,0.0,22782.0,2138.0
2866466,2866467,21.0,1159031,3,1,10,1,6.0,-9.0,-9.0,15.0,4.0,-9,0.0,22782.0,2138.0
2866467,2866468,25.0,1159032,1,1,0,1,6.0,-9.0,-9.0,15.0,4.0,-9,0.0,22799.0,2142.0
2866468,2866469,22.0,1159032,2,1,10,1,6.0,-9.0,-9.0,15.0,4.0,-9,0.0,22799.0,2142.0
2866469,2866470,21.0,1159032,3,1,10,1,6.0,-9.0,-9.0,15.0,4.0,-9,0.0,22799.0,2142.0
2866470,2866471,25.0,1159033,1,1,0,1,6.0,-9.0,-9.0,15.0,4.0,-9,0.0,22799.0,2142.0
2866471,2866472,22.0,1159033,2,1,10,1,6.0,-9.0,-9.0,15.0,4.0,-9,0.0,22799.0,2142.0
2866472,2866473,21.0,1159033,3,1,10,1,6.0,-9.0,-9.0,15.0,4.0,-9,0.0,22799.0,2142.0
2866473,2866474,25.0,1159034,1,1,0,1,6.0,-9.0,-9.0,15.0,4.0,-9,0.0,22780.0,2138.0
2866474,2866475,22.0,1159034,2,1,10,1,6.0,-9.0,-9.0,15.0,4.0,-9,0.0,22780.0,2138.0
2866475,2866476,21.0,1159034,3,1,10,1,6.0,-9.0,-9.0,15.0,4.0,-9,0.0,22780.0,2138.0
2866476,2866477,25.0,1159035,1,1,0,1,6.0,-9.0,-9.0,15.0,4.0,-9,0.0,22779.0,2138.0
2866477,2866478,22.0,1159035,2,1,10,1,6.0,-9.0,-9.0,15.0,4.0,-9,0.0,22779.0,2138.0
2866478,2866479,21.0,1159035,3,1,10,1,6.0,-9.0,-9.0,15.0,4.0,-9,0.0,22779.0,2138.0
2866479,2866480,25.0,1159036,1,1,0,1,6.0,-9.0,-9.0,15.0,4.0,-9,0.0,22782.0,2138.0
2866480,2866481,22.0,1159036,2,1,10,1,6.0,-9.0,-9.0,15.0,4.0,-9,0.0,22782.0,2138.0
2866481,2866482,21.0,1159036,3,1,10,1,6.0,-9.0,-9.0,15.0,4.0,-9,0.0,22782.0,2138.0
2866482,2866483,25.0,1159037,1,1,0,1,6.0,-9.0,-9.0,15.0,4.0,-9,0.0,22782.0,2138.0
2866483,2866484,22.0,1159037,2,1,10,1,6.0,-9.0,-9.0,15.0,4.0,-9,0.0,22782.0,2138.0
2866484,2866485,21.0,1159037,3,1,10,1,6.0,-9.0,-9.0,15.0,4.0,-9,0.0,22782.0,2138.0
2866485,2866486,25.0,1159038,1,1,0,1,6.0,-9.0,-9.0,15.0,4.0,-9,0.0,22777.0,2137.0
2866486,2866487,22.0,1159038,2,1,10,1,6.0,-9.0,-9.0,15.0,4.0,-9,0.0,22777.0,2137.0
2866487,2866488,21.0,1159038,3,1,10,1,6.0,-9.0,-9.0,15.0,4.0,-9,0.0,22777.0,2137.0
2866488,2866489,25.0,1159039,1,1,0,1,6.0,-9.0,-9.0,15.0,4.0,-9,0.0,22775.0,2137.0
2866489,2866490,22.0,1159039,2,1,10,1,6.0,-9.0,-9.0,15.0,4.0,-9,0.0,22775.0,2137.0
2866490,2866491,21.0,1159039,3,1,10,1,6.0,-9.0,-9.0,15.0,4.0,-9,0.0,22775.0,2137.0
2866491,2866492,25.0,1159040,1,1,0,1,6.0,-9.0,-9.0,15.0,4.0,-9,0.0,22799.0,2142.0
2866492,2866493,22.0,1159040,2,1,10,1,6.0,-9.0,-9.0,15.0,4.0,-9,0.0,22799.0,2142.0
2866493,2866494,21.0,1159040,3,1,10,1,6.0,-9.0,-9.0,15.0,4.0,-9,0.0,22799.0,2142.0
2866494,2866495,25.0,1159041,1,1,0,1,6.0,-9.0,-9.0,15.0,4.0,-9,0.0,22781.0,2138.0
2866495,2866496,22.0,1159041,2,1,10,1,6.0,-9.0,-9.0,15.0,4.0,-9,0.0,22781.0,2138.0
2866496,2866497,21.0,1159041,3,1,10,1,6.0,-9.0,-9.0,15.0,4.0,-9,0.0,22781.0,2138.0
2866497,2866498,25.0,1159042,1,1,0,1,6.0,-9.0,-9.0,15.0,4.0,-9,0.0,22776.0,2137.0
2866498,2866499,22.0,1159042,2,1,10,1,6.0,-9.0,-9.0,15.0,4.0,-9,0.0,22776.0,2137.0
2866499,2866500,21.0,1159042,3,1,10,1,6.0,-9.0,-9.0,15.0,4.0,-9,0.0,22776.0,2137.0
2866500,2866501,25.0,1159043,1,1,0,1,6.0,-9.0,-9.0,15.0,4.0,-9,0.0,22777.0,2137.0
2866501,2866502,22.0,1159043,2,1,10,1,6.0,-9.0,-9.0,15.0,4.0,-9,0.0,22777.0,2137.0
2866502,2866503,21.0,1159043,3,1,10,1,6.0,-9.0,-9.0,15.0,4.0,-9,0.0,22777.0,2137.0
2866503,2866504,25.0,1159044,1,1,0,1,6.0,-9.0,-9.0,15.0,4.0,-9,0.0,22776.0,2137.0
2866504,2866505,22.0,1159044,2,1,10,1,6.0,-9.0,-9.0,15.0,4.0,-9,0.0,22776.0,2137.0
2866505,2866506,21.0,1159044,3,1,10,1,6.0,-9.0,-9.0,15.0,4.0,-9,0.0,22776.0,2137.0
2866506,2866507,25.0,1159045,1,1,0,1,6.0,-9.0,-9.0,15.0,4.0,-9,0.0,22778.0,2137.0
2866507,2866508,22.0,1159045,2,1,10,1,6.0,-9.0,-9.0,15.0,4.0,-9,0.0,22778.0,2137.0
2866508,2866509,21.0,1159045,3,1,10,1,6.0,-9.0,-9.0,15.0,4.0,-9,0.0,22778.0,2137.0
2866509,2866510,25.0,1159046,1,1,0,1,6.0,-9.0,-9.0,15.0,4.0,-9,0.0,22777.0,2137.0
2866510,2866511,22.0,1159046,2,1,10,1,6.0,-9.0,-9.0,15.0,4.0,-9,0.0,22777.0,2137.0
2866511,2866512,21.0,1159046,3,1,10,1,6.0,-9.0,-9.0,15.0,4.0,-9,0.0,22777.0,2137.0
2866512,2866513,25.0,1159047,1,1,0,1,6.0,-9.0,-9.0,15.0,4.0,-9,0.0,22781.0,2138.0
2866513,2866514,22.0,1159047,2,1,10,1,6.0,-9.0,-9.0,15.0,4.0,-9,0.0,22781.0,2138.0
2866514,2866515,21.0,1159047,3,1,10,1,6.0,-9.0,-9.0,15.0,4.0,-9,0.0,22781.0,2138.0
2866515,2866516,25.0,1159048,1,1,0,1,6.0,-9.0,-9.0,15.0,4.0,-9,0.0,22781.0,2138.0
2866516,2866517,22.0,1159048,2,1,10,1,6.0,-9.0,-9.0,15.0,4.0,-9,0.0,22781.0,2138.0
2866517,2866518,21.0,1159048,3,1,10,1,6.0,-9.0,-9.0,15.0,4.0,-9,0.0,22781.0,2138.0
2866518,2866519,25.0,1159049,1,1,0,1,6.0,-9.0,-9.0,15.0,4.0,-9,0.0,22775.0,2137.0
2866519,2866520,22.0,1159049,2,1,10,1,6.0,-9.0,-9.0,15.0,4.0,-9,0.0,22775.0,2137.0
2866520,2866521,21.0,1159049,3,1,10,1,6.0,-9.0,-9.0,15.0,4.0,-9,0.0,22775.0,2137.0
2866521,2866522,25.0,1159050,1,1,0,1,6.0,-9.0,-9.0,15.0,4.0,-9,0.0,22781.0,2138.0
2866522,2866523,22.0,1159050,2,1,10,1,6.0,-9.0,-9.0,15.0,4.0,-9,0.0,22781.0,2138.0
2866523,2866524,21.0,1159050,3,1,10,1,6.0,-9.0,-9.0,15.0,4.0,-9,0.0,22781.0,2138.0
2866524,2866525,25.0,1159051,1,1,0,1,6.0,-9.0,-9.0,15.0,4.0,-9,0.0,22783.0,2138.0
2866525,2866526,22.0,1159051,2,1,10,1,6.0,-9.0,-9.0,15.0,4.0,-9,0.0,22783.0,2138.0
2866526,2866527,21.0,1159051,3,1,10,1,6.0,-9.0,-9.0,15.0,4.0,-9,0.0,22783.0,2138.0
2866527,2866528,25.0,1159052,1,1,0,1,6.0,-9.0,-9.0,15.0,4.0,-9,0.0,22774.0,2137.0
2866528,2866529,22.0,1159052,2,1,10,1,6.0,-9.0,-9.0,15.0,4.0,-9,0.0,22774.0,2137.0
2866529,2866530,21.0,1159052,3,1,10,1,6.0,-9.0,-9.0,15.0,4.0,-9,0.0,22774.0,2137.0
2866530,2866531,25.0,1159053,1,1,0,1,6.0,-9.0,-9.0,15.0,4.0,-9,0.0,22799.0,2142.0
2866531,2866532,22.0,1159053,2,1,10,1,6.0,-9.0,-9.0,15.0,4.0,-9,0.0,22799.0,2142.0
2866532,2866533,21.0,1159053,3,1,10,1,6.0,-9.0,-9.0,15.0,4.0,-9,0.0,22799.0,2142.0
2866533,2866534,25.0,1159054,1,1,0,1,6.0,-9.0,-9.0,15.0,4.0,-9,0.0,22799.0,2142.0
2866534,2866535,22.0,1159054,2,1,10,1,6.0,-9.0,-9.0,15.0,4.0,-9,0.0,22799.0,2142.0
2866535,2866536,21.0,1159054,3,1,10,1,6.0,-9.0,-9.0,15.0,4.0,-9,0.0,22799.0,2142.0
2866536,2866537,25.0,1159055,1,1,0,1,6.0,-9.0,-9.0,15.0,4.0,-9,0.0,22774.0,2137.0
2866537,2866538,22.0,1159055,2,1,10,1,6.0,-9.0,-9.0,15.0,4.0,-9,0.0,22774.0,2137.0
2866538,2866539,21.0,1159055,3,1,10,1,6.0,-9.0,-9.0,15.0,4.0,-9,0.0,22774.0,2137.0
2866539,2866540,25.0,1159056,1,1,0,1,6.0,-9.0,-9.0,15.0,4.0,-9,0.0,22777.0,2137.0
2866540,2866541,22.0,1159056,2,1,10,1,6.0,-9.0,-9.0,15.0,4.0,-9,0.0,22777.0,2137.0
2866541,2866542,21.0,1159056,3,1,10,1,6.0,-9.0,-9.0,15.0,4.0,-9,0.0,22777.0,2137.0
2866542,2866543,25.0,1159057,1,1,0,1,6.0,-9.0,-9.0,15.0,4.0,-9,0.0,22777.0,2137.0
2866543,2866544,22.0,1159057,2,1,10,1,6.0,-9.0,-9.0,15.0,4.0,-9,0.0,22777.0,2137.0
2866544,2866545,21.0,1159057,3,1,10,1,6.0,-9.0,-9.0,15.0,4.0,-9,0.0,22777.0,2137.0
2866545,2866546,25.0,1159058,1,1,0,1,6.0,-9.0,-9.0,15.0,4.0,-9,0.0,22779.0,2138.0
2866546,2866547,22.0,1159058,2,1,10,1,6.0,-9.0,-9.0,15.0,4.0,-9,0.0,22779.0,2138.0
2866547,2866548,21.0,1159058,3,1,10,1,6.0,-9.0,-9.0,15.0,4.0,-9,0.0,22779.0,2138.0
2866548,2866549,25.0,1159059,1,1,0,1,6.0,-9.0,-9.0,15.0,4.0,-9,0.0,22779.0,2138.0
2866549,2866550,22.0,1159059,2,1,10,1,6.0,-9.0,-9.0,15.0,4.0,-9,0.0,22779.0,2138.0
2866550,2866551,21.0,1159059,3,1,10,1,6.0,-9.0,-9.0,15.0,4.0,-9,0.0,22779.0,2138.0
2866551,2866552,25.0,1159060,1,1,0,1,6.0,-9.0,-9.0,15.0,4.0,-9,0.0,22777.0,2137.0
2866552,2866553,22.0,1159060,2,1,10,1,6.0,-9.0,-9.0,15.0,4.0,-9,0.0,22777.0,2137.0
2866553,2866554,21.0,1159060,3,1,10,1,6.0,-9.0,-9.0,15.0,4.0,-9,0.0,22777.0,2137.0
2866554,2866555,25.0,1159061,1,1,0,1,6.0,-9.0,-9.0,15.0,4.0,-9,0.0,22781.0,2138.0
2866555,2866556,22.0,1159061,2,1,10,1,6.0,-9.0,-9.0,15.0,4.0,-9,0.0,22781.0,2138.0
2866556,2866557,21.0,1159061,3,1,10,1,6.0,-9.0,-9.0,15.0,4.0,-9,0.0,22781.0,2138.0
2866557,2866558,25.0,1159062,1,1,0,1,6.0,-9.0,-9.0,15.0,4.0,-9,0.0,22779.0,2138.0
2866558,2866559,22.0,1159062,2,1,10,1,6.0,-9.0,-9.0,15.0,4.0,-9,0.0,22779.0,2138.0
2866559,2866560,21.0,1159062,3,1,10,1,6.0,-9.0,-9.0,15.0,4.0,-9,0.0,22779.0,2138.0
2866560,2866561,25.0,1159063,1,1,0,1,6.0,-9.0,-9.0,15.0,4.0,-9,0.0,22778.0,2137.0
2866561,2866562,22.0,1159063,2,1,10,1,6.0,-9.0,-9.0,15.0,4.0,-9,0.0,22778.0,2137.0
2866562,2866563,21.0,1159063,3,1,10,1,6.0,-9.0,-9.0,15.0,4.0,-9,0.0,22778.0,2137.0
2866563,2866564,25.0,1159064,1,1,0,1,6.0,-9.0,-9.0,15.0,4.0,-9,0.0,22799.0,2142.0
2866564,2866565,22.0,1159064,2,1,10,1,6.0,-9.0,-9.0,15.0,4.0,-9,0.0,22799.0,2142.0
2866565,2866566,21.0,1159064,3,1,10,1,6.0,-9.0,-9.0,15.0,4.0,-9,0.0,22799.0,2142.0
2866566,2866567,25.0,1159065,1,1,0,1,6.0,-9.0,-9.0,15.0,4.0,-9,0.0,22777.0,2137.0
2866567,2866568,22.0,1159065,2,1,10,1,6.0,-9.0,-9.0,15.0,4.0,-9,0.0,22777.0,2137.0
2866568,2866569,21.0,1159065,3,1,10,1,6.0,-9.0,-9.0,15.0,4.0,-9,0.0,22777.0,2137.0
2866569,2866570,26.0,1159066,1,1,0,1,1.0,48.0,2.0,16.0,4.0,6111,13.0,22780.0,2138.0
2866570,2866571,22.0,1159066,2,1,12,4,1.0,50.0,4.0,-9.0,4.0,611M1,13.0,22780.0,2138.0
2866571,2866572,26.0,1159067,1,1,0,1,1.0,48.0,2.0,16.0,4.0,6111,13.0,22783.0,2138.0
2866572,2866573,22.0,1159067,2,1,12,4,1.0,50.0,4.0,-9.0,4.0,611M1,13.0,22783.0,2138.0
2866573,2866574,26.0,1159068,1,1,0,1,1.0,48.0,2.0,16.0,4.0,6111,13.0,22780.0,2138.0
2866574,2866575,22.0,1159068,2,1,12,4,1.0,50.0,4.0,-9.0,4.0,611M1,13.0,22780.0,2138.0
2866575,2866576,26.0,1159069,1,1,0,1,1.0,48.0,2.0,16.0,4.0,6111,13.0,22780.0,2138.0
2866576,2866577,22.0,1159069,2,1,12,4,1.0,50.0,4.0,-9.0,4.0,611M1,13.0,22780.0,2138.0
2866577,2866578,26.0,1159070,1,1,0,1,1.0,48.0,2.0,16.0,4.0,6111,13.0,22776.0,2137.0
2866578,2866579,22.0,1159070,2,1,12,4,1.0,50.0,4.0,-9.0,4.0,611M1,13.0,22776.0,2137.0
2866579,2866580,26.0,1159071,1,1,0,1,1.0,48.0,2.0,16.0,4.0,6111,13.0,22780.0,2138.0
2866580,2866581,22.0,1159071,2,1,12,4,1.0,50.0,4.0,-9.0,4.0,611M1,13.0,22780.0,2138.0
2866581,2866582,26.0,1159072,1,1,0,1,1.0,48.0,2.0,16.0,4.0,6111,13.0,22777.0,2137.0
2866582,2866583,22.0,1159072,2,1,12,4,1.0,50.0,4.0,-9.0,4.0,611M1,13.0,22777.0,2137.0
2866583,2866584,26.0,1159073,1,1,0,1,1.0,48.0,2.0,16.0,4.0,6111,13.0,22783.0,2138.0
2866584,2866585,22.0,1159073,2,1,12,4,1.0,50.0,4.0,-9.0,4.0,611M1,13.0,22783.0,2138.0
2866585,2866586,26.0,1159074,1,1,0,1,1.0,48.0,2.0,16.0,4.0,6111,13.0,22799.0,2142.0
2866586,2866587,22.0,1159074,2,1,12,4,1.0,50.0,4.0,-9.0,4.0,611M1,13.0,22799.0,2142.0
2866587,2866588,26.0,1159075,1,1,0,1,1.0,48.0,2.0,16.0,4.0,6111,13.0,22777.0,2137.0
2866588,2866589,22.0,1159075,2,1,12,4,1.0,50.0,4.0,-9.0,4.0,611M1,13.0,22777.0,2137.0
2866589,2866590,26.0,1159076,1,1,0,1,1.0,48.0,2.0,16.0,4.0,6111,13.0,22782.0,2138.0
2866590,2866591,22.0,1159076,2,1,12,4,1.0,50.0,4.0,-9.0,4.0,611M1,13.0,22782.0,2138.0
2866591,2866592,26.0,1159077,1,1,0,1,1.0,48.0,2.0,16.0,4.0,6111,13.0,22782.0,2138.0
2866592,2866593,22.0,1159077,2,1,12,4,1.0,50.0,4.0,-9.0,4.0,611M1,13.0,22782.0,2138.0
2866593,2866594,26.0,1159078,1,1,0,1,1.0,48.0,2.0,16.0,4.0,6111,13.0,22783.0,2138.0
2866594,2866595,22.0,1159078,2,1,12,4,1.0,50.0,4.0,-9.0,4.0,611M1,13.0,22783.0,2138.0
2866595,2866596,26.0,1159079,1,1,0,1,1.0,48.0,2.0,16.0,4.0,6111,13.0,22780.0,2138.0
2866596,2866597,22.0,1159079,2,1,12,4,1.0,50.0,4.0,-9.0,4.0,611M1,13.0,22780.0,2138.0
2866597,2866598,26.0,1159080,1,1,0,1,1.0,48.0,2.0,16.0,4.0,6111,13.0,22780.0,2138.0
2866598,2866599,22.0,1159080,2,1,12,4,1.0,50.0,4.0,-9.0,4.0,611M1,13.0,22780.0,2138.0
2866599,2866600,26.0,1159081,1,1,0,1,1.0,48.0,2.0,16.0,4.0,6111,13.0,22799.0,2142.0
2866600,2866601,22.0,1159081,2,1,12,4,1.0,50.0,4.0,-9.0,4.0,611M1,13.0,22799.0,2142.0
2866601,2866602,26.0,1159082,1,1,0,1,1.0,48.0,2.0,16.0,4.0,6111,13.0,22780.0,2138.0
2866602,2866603,22.0,1159082,2,1,12,4,1.0,50.0,4.0,-9.0,4.0,611M1,13.0,22780.0,2138.0
2866603,2866604,26.0,1159083,1,1,0,1,1.0,48.0,2.0,16.0,4.0,6111,13.0,22780.0,2138.0
2866604,2866605,22.0,1159083,2,1,12,4,1.0,50.0,4.0,-9.0,4.0,611M1,13.0,22780.0,2138.0
2866605,2866606,26.0,1159084,1,1,0,1,1.0,48.0,2.0,16.0,4.0,6111,13.0,22783.0,2138.0
2866606,2866607,22.0,1159084,2,1,12,4,1.0,50.0,4.0,-9.0,4.0,611M1,13.0,22783.0,2138.0
2866607,2866608,26.0,1159085,1,1,0,1,1.0,48.0,2.0,16.0,4.0,6111,13.0,22782.0,2138.0
2866608,2866609,22.0,1159085,2,1,12,4,1.0,50.0,4.0,-9.0,4.0,611M1,13.0,22782.0,2138.0
2866609,2866610,41.0,1159086,1,2,0,1,1.0,37.0,1.0,-9.0,4.0,54194,10.0,22781.0,2138.0
2866610,2866611,41.0,1159087,1,2,0,1,1.0,37.0,1.0,-9.0,4.0,54194,10.0,22782.0,2138.0
2866611,2866612,41.0,1159088,1,2,0,1,1.0,37.0,1.0,-9.0,4.0,54194,10.0,22783.0,2138.0
2866612,2866613,41.0,1159089,1,2,0,1,1.0,37.0,1.0,-9.0,4.0,54194,10.0,22780.0,2138.0
2866613,2866614,41.0,1159090,1,2,0,1,1.0,37.0,1.0,-9.0,4.0,54194,10.0,22782.0,2138.0
2866614,2866615,41.0,1159091,1,2,0,1,1.0,37.0,1.0,-9.0,4.0,54194,10.0,22774.0,2137.0
2866615,2866616,41.0,1159092,1,2,0,1,1.0,37.0,1.0,-9.0,4.0,54194,10.0,22774.0,2137.0
2866616,2866617,41.0,1159093,1,2,0,1,1.0,37.0,1.0,-9.0,4.0,54194,10.0,22783.0,2138.0
2866617,2866618,32.0,1159094,1,2,0,1,1.0,55.0,1.0,-9.0,4.0,5413,10.0,22782.0,2138.0
2866618,2866619,25.0,1159095,1,2,0,1,1.0,40.0,1.0,-9.0,4.0,5614,12.0,22780.0,2138.0
2866619,2866620,32.0,1159096,1,2,0,1,1.0,55.0,1.0,-9.0,4.0,5413,10.0,22782.0,2138.0
2866620,2866621,25.0,1159097,1,2,0,1,1.0,40.0,1.0,-9.0,4.0,5614,12.0,22779.0,2138.0
2866621,2866622,25.0,1159098,1,2,0,1,1.0,40.0,1.0,-9.0,4.0,5614,12.0,22799.0,2142.0
2866622,2866623,25.0,1159099,1,2,0,1,1.0,40.0,1.0,-9.0,4.0,5614,12.0,22783.0,2138.0
2866623,2866624,32.0,1159100,1,2,0,1,1.0,55.0,1.0,-9.0,4.0,5413,10.0,22783.0,2138.0
2866624,2866625,32.0,1159101,1,2,0,1,1.0,55.0,1.0,-9.0,4.0,5413,10.0,22775.0,2137.0
2866625,2866626,25.0,1159102,1,2,0,1,1.0,40.0,1.0,-9.0,4.0,5416,10.0,22775.0,2137.0
2866626,2866627,25.0,1159103,1,2,0,1,1.0,40.0,1.0,-9.0,4.0,5614,12.0,22783.0,2138.0
2866627,2866628,25.0,1159104,1,2,0,1,1.0,40.0,1.0,-9.0,4.0,5416,10.0,22777.0,2137.0
2866628,2866629,32.0,1159105,1,2,0,1,1.0,55.0,1.0,-9.0,4.0,5413,10.0,22781.0,2138.0
2866629,2866630,25.0,1159106,1,2,0,1,1.0,40.0,1.0,-9.0,4.0,5416,10.0,22781.0,2138.0
2866630,2866631,25.0,1159107,1,2,0,1,1.0,40.0,1.0,-9.0,4.0,5614,12.0,22781.0,2138.0
2866631,2866632,32.0,1159108,1,2,0,1,1.0,55.0,1.0,-9.0,4.0,5413,10.0,22783.0,2138.0
2866632,2866633,32.0,1159109,1,2,0,1,1.0,55.0,1.0,-9.0,4.0,5413,10.0,22782.0,2138.0
2866633,2866634,32.0,1159110,1,2,0,1,1.0,55.0,1.0,-9.0,4.0,5413,10.0,22799.0,2142.0
2866634,2866635,32.0,1159111,1,2,0,1,1.0,55.0,1.0,-9.0,4.0,5413,10.0,22783.0,2138.0
2866635,2866636,25.0,1159112,1,2,0,1,1.0,40.0,1.0,-9.0,4.0,5416,10.0,22780.0,2138.0
2866636,2866637,25.0,1159113,1,2,0,1,1.0,40.0,1.0,-9.0,4.0,5614,12.0,22782.0,2138.0
2866637,2866638,25.0,1159114,1,2,0,1,1.0,40.0,1.0,-9.0,4.0,5614,12.0,22783.0,2138.0
2866638,2866639,32.0,1159115,1,2,0,1,1.0,55.0,1.0,-9.0,4.0,5413,10.0,22777.0,2137.0
2866639,2866640,25.0,1159116,1,2,0,1,1.0,40.0,1.0,-9.0,4.0,5416,10.0,22782.0,2138.0
2866640,2866641,25.0,1159117,1,2,0,1,1.0,40.0,1.0,-9.0,4.0,5614,12.0,22783.0,2138.0
2866641,2866642,32.0,1159118,1,2,0,1,1.0,55.0,1.0,-9.0,4.0,5413,10.0,22799.0,2142.0
2866642,2866643,32.0,1159119,1,2,0,1,1.0,55.0,1.0,-9.0,4.0,5413,10.0,22781.0,2138.0
2866643,2866644,25.0,1159120,1,2,0,1,1.0,40.0,1.0,-9.0,4.0,5614,12.0,22782.0,2138.0
2866644,2866645,25.0,1159121,1,2,0,1,1.0,40.0,1.0,-9.0,4.0,5416,10.0,22782.0,2138.0
2866645,2866646,25.0,1159122,1,2,0,1,1.0,40.0,1.0,-9.0,4.0,5614,12.0,22777.0,2137.0
2866646,2866647,25.0,1159123,1,2,0,1,1.0,40.0,1.0,-9.0,4.0,5614,12.0,22774.0,2137.0
2866647,2866648,32.0,1159124,1,2,0,1,1.0,55.0,1.0,-9.0,4.0,5413,10.0,22782.0,2138.0
2866648,2866649,32.0,1159125,1,2,0,1,1.0,55.0,1.0,-9.0,4.0,5413,10.0,22777.0,2137.0
2866649,2866650,25.0,1159126,1,2,0,1,1.0,40.0,1.0,-9.0,4.0,5614,12.0,22782.0,2138.0
2866650,2866651,25.0,1159127,1,2,0,1,1.0,40.0,1.0,-9.0,4.0,5416,10.0,22782.0,2138.0
2866651,2866652,32.0,1159128,1,2,0,1,1.0,55.0,1.0,-9.0,4.0,5413,10.0,22776.0,2137.0
2866652,2866653,32.0,1159129,1,2,0,1,1.0,55.0,1.0,-9.0,4.0,5413,10.0,22783.0,2138.0
2866653,2866654,25.0,1159130,1,2,0,1,1.0,40.0,1.0,-9.0,4.0,5416,10.0,22782.0,2138.0
2866654,2866655,25.0,1159131,1,2,0,1,1.0,40.0,1.0,-9.0,4.0,5416,10.0,22781.0,2138.0
2866655,2866656,35.0,1159132,1,2,0,1,1.0,40.0,1.0,-9.0,4.0,51912,8.0,22783.0,2138.0
2866656,2866657,35.0,1159133,1,2,0,1,1.0,40.0,1.0,-9.0,4.0,51912,8.0,22779.0,2138.0
2866657,2866658,35.0,1159134,1,2,0,1,1.0,40.0,1.0,-9.0,4.0,51912,8.0,22783.0,2138.0
2866658,2866659,35.0,1159135,1,2,0,1,1.0,40.0,1.0,-9.0,4.0,51912,8.0,22799.0,2142.0
2866659,2866660,35.0,1159136,1,2,0,1,1.0,40.0,1.0,-9.0,4.0,51912,8.0,22782.0,2138.0
2866660,2866661,35.0,1159137,1,2,0,1,1.0,40.0,1.0,-9.0,4.0,51912,8.0,22777.0,2137.0
2866661,2866662,35.0,1159138,1,2,0,1,1.0,40.0,1.0,-9.0,4.0,51912,8.0,22775.0,2137.0
2866662,2866663,35.0,1159139,1,2,0,1,1.0,40.0,1.0,-9.0,4.0,51912,8.0,22777.0,2137.0
2866663,2866664,35.0,1159140,1,2,0,1,1.0,40.0,1.0,-9.0,4.0,51912,8.0,22783.0,2138.0
2866664,2866665,35.0,1159141,1,2,0,1,1.0,40.0,1.0,-9.0,4.0,51912,8.0,22783.0,2138.0
2866665,2866666,35.0,1159142,1,2,0,1,1.0,40.0,1.0,-9.0,4.0,51912,8.0,22783.0,2138.0
2866666,2866667,35.0,1159143,1,2,0,1,1.0,40.0,1.0,-9.0,4.0,51912,8.0,22799.0,2142.0
2866667,2866668,35.0,1159144,1,2,0,1,1.0,40.0,1.0,-9.0,4.0,51912,8.0,22783.0,2138.0
2866668,2866669,35.0,1159145,1,2,0,1,1.0,40.0,1.0,-9.0,4.0,51912,8.0,22781.0,2138.0
2866669,2866670,35.0,1159146,1,2,0,1,1.0,40.0,1.0,-9.0,4.0,51912,8.0,22774.0,2137.0
2866670,2866671,35.0,1159147,1,2,0,1,1.0,40.0,1.0,-9.0,4.0,51912,8.0,22780.0,2138.0
2866671,2866672,35.0,1159148,1,2,0,1,1.0,40.0,1.0,-9.0,4.0,51912,8.0,22776.0,2137.0
2866672,2866673,27.0,1159149,1,2,0,1,6.0,-9.0,-9.0,16.0,4.0,622M,15.0,22782.0,2138.0
2866673,2866674,24.0,1159149,2,2,12,1,1.0,36.0,2.0,15.0,4.0,622M,15.0,22782.0,2138.0
2866674,2866675,43.0,1159150,1,1,0,1,1.0,44.0,1.0,-9.0,4.0,622M,15.0,22781.0,2138.0
2866675,2866676,19.0,1159150,2,1,2,1,1.0,40.0,4.0,15.0,4.0,5413,10.0,22781.0,2138.0
2866676,2866677,16.0,1159150,3,1,2,1,6.0,-9.0,-9.0,13.0,-9.0,-9,0.0,22781.0,2138.0
2866677,2866678,14.0,1159150,4,2,2,1,-9.0,-9.0,-9.0,11.0,-9.0,-9,0.0,22781.0,2138.0
2866678,2866679,29.0,1159150,5,2,13,3,1.0,29.0,3.0,-9.0,4.0,621M,14.0,22781.0,2138.0
2866679,2866680,43.0,1159151,1,1,0,1,1.0,44.0,1.0,-9.0,4.0,622M,15.0,22777.0,2137.0
2866680,2866681,19.0,1159151,2,1,2,1,1.0,40.0,4.0,15.0,4.0,5413,10.0,22777.0,2137.0
2866681,2866682,16.0,1159151,3,1,2,1,6.0,-9.0,-9.0,13.0,-9.0,-9,0.0,22777.0,2137.0
2866682,2866683,14.0,1159151,4,2,2,1,-9.0,-9.0,-9.0,11.0,-9.0,-9,0.0,22777.0,2137.0
2866683,2866684,29.0,1159151,5,2,13,3,1.0,29.0,3.0,-9.0,4.0,621M,14.0,22777.0,2137.0
2866684,2866685,43.0,1159152,1,1,0,1,1.0,44.0,1.0,-9.0,4.0,622M,15.0,22782.0,2138.0
2866685,2866686,19.0,1159152,2,1,2,1,1.0,40.0,4.0,15.0,4.0,5413,10.0,22782.0,2138.0
2866686,2866687,16.0,1159152,3,1,2,1,6.0,-9.0,-9.0,13.0,-9.0,-9,0.0,22782.0,2138.0
2866687,2866688,14.0,1159152,4,2,2,1,-9.0,-9.0,-9.0,11.0,-9.0,-9,0.0,22782.0,2138.0
2866688,2866689,29.0,1159152,5,2,13,3,1.0,29.0,3.0,-9.0,4.0,621M,14.0,22782.0,2138.0
2866689,2866690,43.0,1159153,1,1,0,1,1.0,44.0,1.0,-9.0,4.0,622M,15.0,22779.0,2138.0
2866690,2866691,19.0,1159153,2,1,2,1,1.0,40.0,4.0,15.0,4.0,5413,10.0,22779.0,2138.0
2866691,2866692,16.0,1159153,3,1,2,1,6.0,-9.0,-9.0,13.0,-9.0,-9,0.0,22779.0,2138.0
2866692,2866693,14.0,1159153,4,2,2,1,-9.0,-9.0,-9.0,11.0,-9.0,-9,0.0,22779.0,2138.0
2866693,2866694,29.0,1159153,5,2,13,3,1.0,29.0,3.0,-9.0,4.0,621M,14.0,22779.0,2138.0
2866694,2866695,43.0,1159154,1,1,0,1,1.0,44.0,1.0,-9.0,4.0,622M,15.0,22782.0,2138.0
2866695,2866696,19.0,1159154,2,1,2,1,1.0,40.0,4.0,15.0,4.0,5413,10.0,22782.0,2138.0
2866696,2866697,16.0,1159154,3,1,2,1,6.0,-9.0,-9.0,13.0,-9.0,-9,0.0,22782.0,2138.0
2866697,2866698,14.0,1159154,4,2,2,1,-9.0,-9.0,-9.0,11.0,-9.0,-9,0.0,22782.0,2138.0
2866698,2866699,29.0,1159154,5,2,13,3,1.0,29.0,3.0,-9.0,4.0,621M,14.0,22782.0,2138.0
2866699,2866700,43.0,1159155,1,1,0,1,1.0,44.0,1.0,-9.0,4.0,622M,15.0,22780.0,2138.0
2866700,2866701,19.0,1159155,2,1,2,1,1.0,40.0,4.0,15.0,4.0,5413,10.0,22780.0,2138.0
2866701,2866702,16.0,1159155,3,1,2,1,6.0,-9.0,-9.0,13.0,-9.0,-9,0.0,22780.0,2138.0
2866702,2866703,14.0,1159155,4,2,2,1,-9.0,-9.0,-9.0,11.0,-9.0,-9,0.0,22780.0,2138.0
2866703,2866704,29.0,1159155,5,2,13,3,1.0,29.0,3.0,-9.0,4.0,621M,14.0,22780.0,2138.0
2866704,2866705,43.0,1159156,1,1,0,1,1.0,44.0,1.0,-9.0,4.0,622M,15.0,22783.0,2138.0
2866705,2866706,19.0,1159156,2,1,2,1,1.0,40.0,4.0,15.0,4.0,5413,10.0,22783.0,2138.0
2866706,2866707,16.0,1159156,3,1,2,1,6.0,-9.0,-9.0,13.0,-9.0,-9,0.0,22783.0,2138.0
2866707,2866708,14.0,1159156,4,2,2,1,-9.0,-9.0,-9.0,11.0,-9.0,-9,0.0,22783.0,2138.0
2866708,2866709,29.0,1159156,5,2,13,3,1.0,29.0,3.0,-9.0,4.0,621M,14.0,22783.0,2138.0
2866709,2866710,43.0,1159157,1,1,0,1,1.0,44.0,1.0,-9.0,4.0,622M,15.0,22780.0,2138.0
2866710,2866711,19.0,1159157,2,1,2,1,1.0,40.0,4.0,15.0,4.0,5413,10.0,22780.0,2138.0
2866711,2866712,16.0,1159157,3,1,2,1,6.0,-9.0,-9.0,13.0,-9.0,-9,0.0,22780.0,2138.0
2866712,2866713,14.0,1159157,4,2,2,1,-9.0,-9.0,-9.0,11.0,-9.0,-9,0.0,22780.0,2138.0
2866713,2866714,29.0,1159157,5,2,13,3,1.0,29.0,3.0,-9.0,4.0,621M,14.0,22780.0,2138.0
2866714,2866715,43.0,1159158,1,1,0,1,1.0,44.0,1.0,-9.0,4.0,622M,15.0,22783.0,2138.0
2866715,2866716,19.0,1159158,2,1,2,1,1.0,40.0,4.0,15.0,4.0,5413,10.0,22783.0,2138.0
2866716,2866717,16.0,1159158,3,1,2,1,6.0,-9.0,-9.0,13.0,-9.0,-9,0.0,22783.0,2138.0
2866717,2866718,14.0,1159158,4,2,2,1,-9.0,-9.0,-9.0,11.0,-9.0,-9,0.0,22783.0,2138.0
2866718,2866719,29.0,1159158,5,2,13,3,1.0,29.0,3.0,-9.0,4.0,621M,14.0,22783.0,2138.0
2866719,2866720,43.0,1159159,1,1,0,1,1.0,44.0,1.0,-9.0,4.0,622M,15.0,22777.0,2137.0
2866720,2866721,19.0,1159159,2,1,2,1,1.0,40.0,4.0,15.0,4.0,5413,10.0,22777.0,2137.0
2866721,2866722,16.0,1159159,3,1,2,1,6.0,-9.0,-9.0,13.0,-9.0,-9,0.0,22777.0,2137.0
2866722,2866723,14.0,1159159,4,2,2,1,-9.0,-9.0,-9.0,11.0,-9.0,-9,0.0,22777.0,2137.0
2866723,2866724,29.0,1159159,5,2,13,3,1.0,29.0,3.0,-9.0,4.0,621M,14.0,22777.0,2137.0
2866724,2866725,43.0,1159160,1,1,0,1,1.0,44.0,1.0,-9.0,4.0,622M,15.0,22776.0,2137.0
2866725,2866726,19.0,1159160,2,1,2,1,1.0,40.0,4.0,15.0,4.0,5413,10.0,22776.0,2137.0
2866726,2866727,16.0,1159160,3,1,2,1,6.0,-9.0,-9.0,13.0,-9.0,-9,0.0,22776.0,2137.0
2866727,2866728,14.0,1159160,4,2,2,1,-9.0,-9.0,-9.0,11.0,-9.0,-9,0.0,22776.0,2137.0
2866728,2866729,29.0,1159160,5,2,13,3,1.0,29.0,3.0,-9.0,4.0,621M,14.0,22776.0,2137.0
2866729,2866730,43.0,1159161,1,1,0,1,1.0,44.0,1.0,-9.0,4.0,622M,15.0,22780.0,2138.0
2866730,2866731,19.0,1159161,2,1,2,1,1.0,40.0,4.0,15.0,4.0,5413,10.0,22780.0,2138.0
2866731,2866732,16.0,1159161,3,1,2,1,6.0,-9.0,-9.0,13.0,-9.0,-9,0.0,22780.0,2138.0
2866732,2866733,14.0,1159161,4,2,2,1,-9.0,-9.0,-9.0,11.0,-9.0,-9,0.0,22780.0,2138.0
2866733,2866734,29.0,1159161,5,2,13,3,1.0,29.0,3.0,-9.0,4.0,621M,14.0,22780.0,2138.0
2866734,2866735,43.0,1159162,1,1,0,1,1.0,44.0,1.0,-9.0,4.0,622M,15.0,22783.0,2138.0
2866735,2866736,19.0,1159162,2,1,2,1,1.0,40.0,4.0,15.0,4.0,5413,10.0,22783.0,2138.0
2866736,2866737,16.0,1159162,3,1,2,1,6.0,-9.0,-9.0,13.0,-9.0,-9,0.0,22783.0,2138.0
2866737,2866738,14.0,1159162,4,2,2,1,-9.0,-9.0,-9.0,11.0,-9.0,-9,0.0,22783.0,2138.0
2866738,2866739,29.0,1159162,5,2,13,3,1.0,29.0,3.0,-9.0,4.0,621M,14.0,22783.0,2138.0
2866739,2866740,19.0,1159163,1,1,0,3,1.0,40.0,1.0,-9.0,4.0,722Z,16.0,22777.0,2137.0
2866740,2866741,50.0,1159163,2,1,12,3,1.0,40.0,2.0,-9.0,4.0,713Z,16.0,22777.0,2137.0
2866741,2866742,19.0,1159164,1,1,0,3,1.0,40.0,1.0,-9.0,4.0,722Z,16.0,22783.0,2138.0
2866742,2866743,50.0,1159164,2,1,12,3,1.0,40.0,2.0,-9.0,4.0,713Z,16.0,22783.0,2138.0
2866743,2866744,19.0,1159165,1,1,0,3,1.0,40.0,1.0,-9.0,4.0,722Z,16.0,22774.0,2137.0
2866744,2866745,50.0,1159165,2,1,12,3,1.0,40.0,2.0,-9.0,4.0,713Z,16.0,22774.0,2137.0
2866745,2866746,19.0,1159166,1,1,0,3,1.0,40.0,1.0,-9.0,4.0,722Z,16.0,22780.0,2138.0
2866746,2866747,50.0,1159166,2,1,12,3,1.0,40.0,2.0,-9.0,4.0,713Z,16.0,22780.0,2138.0
2866747,2866748,19.0,1159167,1,1,0,3,1.0,40.0,1.0,-9.0,4.0,722Z,16.0,22780.0,2138.0
2866748,2866749,50.0,1159167,2,1,12,3,1.0,40.0,2.0,-9.0,4.0,713Z,16.0,22780.0,2138.0
2866749,2866750,19.0,1159168,1,1,0,3,1.0,40.0,1.0,-9.0,4.0,722Z,16.0,22783.0,2138.0
2866750,2866751,50.0,1159168,2,1,12,3,1.0,40.0,2.0,-9.0,4.0,713Z,16.0,22783.0,2138.0
2866751,2866752,19.0,1159169,1,1,0,3,1.0,40.0,1.0,-9.0,4.0,722Z,16.0,22799.0,2142.0
2866752,2866753,50.0,1159169,2,1,12,3,1.0,40.0,2.0,-9.0,4.0,713Z,16.0,22799.0,2142.0
2866753,2866754,19.0,1159170,1,1,0,3,1.0,40.0,1.0,-9.0,4.0,722Z,16.0,22780.0,2138.0
2866754,2866755,50.0,1159170,2,1,12,3,1.0,40.0,2.0,-9.0,4.0,713Z,16.0,22780.0,2138.0
2866755,2866756,19.0,1159171,1,1,0,3,1.0,40.0,1.0,-9.0,4.0,722Z,16.0,22782.0,2138.0
2866756,2866757,50.0,1159171,2,1,12,3,1.0,40.0,2.0,-9.0,4.0,713Z,16.0,22782.0,2138.0
2866757,2866758,19.0,1159172,1,1,0,3,1.0,40.0,1.0,-9.0,4.0,722Z,16.0,22782.0,2138.0
2866758,2866759,50.0,1159172,2,1,12,3,1.0,40.0,2.0,-9.0,4.0,713Z,16.0,22782.0,2138.0
2866759,2866760,19.0,1159173,1,1,0,3,1.0,40.0,1.0,-9.0,4.0,722Z,16.0,22783.0,2138.0
2866760,2866761,50.0,1159173,2,1,12,3,1.0,40.0,2.0,-9.0,4.0,713Z,16.0,22783.0,2138.0
2866761,2866762,19.0,1159174,1,1,0,3,1.0,40.0,1.0,-9.0,4.0,722Z,16.0,22782.0,2138.0
2866762,2866763,50.0,1159174,2,1,12,3,1.0,40.0,2.0,-9.0,4.0,713Z,16.0,22782.0,2138.0
2866763,2866764,19.0,1159175,1,1,0,3,1.0,40.0,1.0,-9.0,4.0,722Z,16.0,22777.0,2137.0
2866764,2866765,50.0,1159175,2,1,12,3,1.0,40.0,2.0,-9.0,4.0,713Z,16.0,22777.0,2137.0
2866765,2866766,19.0,1159176,1,1,0,3,1.0,40.0,1.0,-9.0,4.0,722Z,16.0,22782.0,2138.0
2866766,2866767,50.0,1159176,2,1,12,3,1.0,40.0,2.0,-9.0,4.0,713Z,16.0,22782.0,2138.0
2866767,2866768,19.0,1159177,1,1,0,3,1.0,40.0,1.0,-9.0,4.0,722Z,16.0,22782.0,2138.0
2866768,2866769,50.0,1159177,2,1,12,3,1.0,40.0,2.0,-9.0,4.0,713Z,16.0,22782.0,2138.0
2866769,2866770,19.0,1159178,1,1,0,3,1.0,40.0,1.0,-9.0,4.0,722Z,16.0,22774.0,2137.0
2866770,2866771,50.0,1159178,2,1,12,3,1.0,40.0,2.0,-9.0,4.0,713Z,16.0,22774.0,2137.0
2866771,2866772,19.0,1159179,1,1,0,3,1.0,40.0,1.0,-9.0,4.0,722Z,16.0,22783.0,2138.0
2866772,2866773,50.0,1159179,2,1,12,3,1.0,40.0,2.0,-9.0,4.0,713Z,16.0,22783.0,2138.0
2866773,2866774,19.0,1159180,1,1,0,3,1.0,40.0,1.0,-9.0,4.0,722Z,16.0,22781.0,2138.0
2866774,2866775,50.0,1159180,2,1,12,3,1.0,40.0,2.0,-9.0,4.0,713Z,16.0,22781.0,2138.0
2866775,2866776,19.0,1159181,1,1,0,3,1.0,40.0,1.0,-9.0,4.0,722Z,16.0,22780.0,2138.0
2866776,2866777,50.0,1159181,2,1,12,3,1.0,40.0,2.0,-9.0,4.0,713Z,16.0,22780.0,2138.0
2866777,2866778,19.0,1159182,1,1,0,3,1.0,40.0,1.0,-9.0,4.0,722Z,16.0,22782.0,2138.0
2866778,2866779,50.0,1159182,2,1,12,3,1.0,40.0,2.0,-9.0,4.0,713Z,16.0,22782.0,2138.0
2866779,2866780,19.0,1159183,1,1,0,3,1.0,40.0,1.0,-9.0,4.0,722Z,16.0,22779.0,2138.0
2866780,2866781,50.0,1159183,2,1,12,3,1.0,40.0,2.0,-9.0,4.0,713Z,16.0,22779.0,2138.0
2866781,2866782,19.0,1159184,1,1,0,3,1.0,40.0,1.0,-9.0,4.0,722Z,16.0,22780.0,2138.0
2866782,2866783,50.0,1159184,2,1,12,3,1.0,40.0,2.0,-9.0,4.0,713Z,16.0,22780.0,2138.0
2866783,2866784,19.0,1159185,1,1,0,3,1.0,40.0,1.0,-9.0,4.0,722Z,16.0,22799.0,2142.0
2866784,2866785,50.0,1159185,2,1,12,3,1.0,40.0,2.0,-9.0,4.0,713Z,16.0,22799.0,2142.0
2866785,2866786,19.0,1159186,1,1,0,3,1.0,40.0,1.0,-9.0,4.0,722Z,16.0,22775.0,2137.0
2866786,2866787,50.0,1159186,2,1,12,3,1.0,40.0,2.0,-9.0,4.0,713Z,16.0,22775.0,2137.0
2866787,2866788,19.0,1159187,1,1,0,3,1.0,40.0,1.0,-9.0,4.0,722Z,16.0,22775.0,2137.0
2866788,2866789,50.0,1159187,2,1,12,3,1.0,40.0,2.0,-9.0,4.0,713Z,16.0,22775.0,2137.0
2866789,2866790,19.0,1159188,1,1,0,3,1.0,40.0,1.0,-9.0,4.0,722Z,16.0,22783.0,2138.0
2866790,2866791,50.0,1159188,2,1,12,3,1.0,40.0,2.0,-9.0,4.0,713Z,16.0,22783.0,2138.0
2866791,2866792,19.0,1159189,1,1,0,3,1.0,40.0,1.0,-9.0,4.0,722Z,16.0,22780.0,2138.0
2866792,2866793,50.0,1159189,2,1,12,3,1.0,40.0,2.0,-9.0,4.0,713Z,16.0,22780.0,2138.0
2866793,2866794,19.0,1159190,1,1,0,3,1.0,40.0,1.0,-9.0,4.0,722Z,16.0,22780.0,2138.0
2866794,2866795,50.0,1159190,2,1,12,3,1.0,40.0,2.0,-9.0,4.0,713Z,16.0,22780.0,2138.0
2866795,2866796,19.0,1159191,1,1,0,3,1.0,40.0,1.0,-9.0,4.0,722Z,16.0,22775.0,2137.0
2866796,2866797,50.0,1159191,2,1,12,3,1.0,40.0,2.0,-9.0,4.0,713Z,16.0,22775.0,2137.0
2866797,2866798,19.0,1159192,1,1,0,3,1.0,40.0,1.0,-9.0,4.0,722Z,16.0,22780.0,2138.0
2866798,2866799,50.0,1159192,2,1,12,3,1.0,40.0,2.0,-9.0,4.0,713Z,16.0,22780.0,2138.0
2866799,2866800,19.0,1159193,1,1,0,3,1.0,40.0,1.0,-9.0,4.0,722Z,16.0,22799.0,2142.0
2866800,2866801,50.0,1159193,2,1,12,3,1.0,40.0,2.0,-9.0,4.0,713Z,16.0,22799.0,2142.0
2866801,2866802,23.0,1159194,1,2,0,1,1.0,47.0,1.0,-9.0,4.0,611M1,13.0,22783.0,2138.0
2866802,2866803,26.0,1159194,2,1,1,1,1.0,40.0,1.0,-9.0,4.0,5417,10.0,22783.0,2138.0
2866803,2866804,23.0,1159195,1,2,0,1,1.0,47.0,1.0,-9.0,4.0,611M1,13.0,22775.0,2137.0
2866804,2866805,26.0,1159195,2,1,1,1,1.0,40.0,1.0,-9.0,4.0,5417,10.0,22775.0,2137.0
2866805,2866806,23.0,1159196,1,2,0,1,1.0,47.0,1.0,-9.0,4.0,611M1,13.0,22776.0,2137.0
2866806,2866807,26.0,1159196,2,1,1,1,1.0,40.0,1.0,-9.0,4.0,5417,10.0,22776.0,2137.0
2866807,2866808,23.0,1159197,1,2,0,1,1.0,47.0,1.0,-9.0,4.0,611M1,13.0,22782.0,2138.0
2866808,2866809,26.0,1159197,2,1,1,1,1.0,40.0,1.0,-9.0,4.0,5417,10.0,22782.0,2138.0
2866809,2866810,23.0,1159198,1,2,0,1,1.0,47.0,1.0,-9.0,4.0,611M1,13.0,22776.0,2137.0
2866810,2866811,26.0,1159198,2,1,1,1,1.0,40.0,1.0,-9.0,4.0,5417,10.0,22776.0,2137.0
2866811,2866812,23.0,1159199,1,2,0,1,1.0,47.0,1.0,-9.0,4.0,611M1,13.0,22799.0,2142.0
2866812,2866813,26.0,1159199,2,1,1,1,1.0,40.0,1.0,-9.0,4.0,5417,10.0,22799.0,2142.0
2866813,2866814,23.0,1159200,1,2,0,1,1.0,47.0,1.0,-9.0,4.0,611M1,13.0,22799.0,2142.0
2866814,2866815,26.0,1159200,2,1,1,1,1.0,40.0,1.0,-9.0,4.0,5417,10.0,22799.0,2142.0
2866815,2866816,23.0,1159201,1,2,0,1,1.0,47.0,1.0,-9.0,4.0,611M1,13.0,22777.0,2137.0
2866816,2866817,26.0,1159201,2,1,1,1,1.0,40.0,1.0,-9.0,4.0,5417,10.0,22777.0,2137.0
2866817,2866818,23.0,1159202,1,2,0,1,1.0,47.0,1.0,-9.0,4.0,611M1,13.0,22779.0,2138.0
2866818,2866819,26.0,1159202,2,1,1,1,1.0,40.0,1.0,-9.0,4.0,5417,10.0,22779.0,2138.0
2866819,2866820,23.0,1159203,1,2,0,1,1.0,47.0,1.0,-9.0,4.0,611M1,13.0,22799.0,2142.0
2866820,2866821,26.0,1159203,2,1,1,1,1.0,40.0,1.0,-9.0,4.0,5417,10.0,22799.0,2142.0
2866821,2866822,23.0,1159204,1,2,0,1,1.0,47.0,1.0,-9.0,4.0,611M1,13.0,22780.0,2138.0
2866822,2866823,26.0,1159204,2,1,1,1,1.0,40.0,1.0,-9.0,4.0,5417,10.0,22780.0,2138.0
2866823,2866824,23.0,1159205,1,2,0,1,1.0,47.0,1.0,-9.0,4.0,611M1,13.0,22780.0,2138.0
2866824,2866825,26.0,1159205,2,1,1,1,1.0,40.0,1.0,-9.0,4.0,5417,10.0,22780.0,2138.0
2866825,2866826,23.0,1159206,1,2,0,1,1.0,47.0,1.0,-9.0,4.0,611M1,13.0,22774.0,2137.0
2866826,2866827,26.0,1159206,2,1,1,1,1.0,40.0,1.0,-9.0,4.0,5417,10.0,22774.0,2137.0
2866827,2866828,23.0,1159207,1,2,0,1,1.0,47.0,1.0,-9.0,4.0,611M1,13.0,22781.0,2138.0
2866828,2866829,26.0,1159207,2,1,1,1,1.0,40.0,1.0,-9.0,4.0,5417,10.0,22781.0,2138.0
2866829,2866830,66.0,1159208,1,1,0,1,1.0,50.0,1.0,-9.0,4.0,7112,16.0,22794.0,2141.0
2866830,2866831,22.0,1159208,2,1,2,1,1.0,37.0,1.0,-9.0,4.0,6241,14.0,22794.0,2141.0
2866831,2866832,56.0,1159208,3,2,13,1,1.0,40.0,1.0,-9.0,4.0,5417,10.0,22794.0,2141.0
2866832,2866833,66.0,1159209,1,1,0,1,1.0,50.0,1.0,-9.0,4.0,7112,16.0,22794.0,2141.0
2866833,2866834,22.0,1159209,2,1,2,1,1.0,37.0,1.0,-9.0,4.0,6241,14.0,22794.0,2141.0
2866834,2866835,56.0,1159209,3,2,13,1,1.0,40.0,1.0,-9.0,4.0,5417,10.0,22794.0,2141.0
2866835,2866836,66.0,1159210,1,1,0,1,1.0,50.0,1.0,-9.0,4.0,7112,16.0,22794.0,2141.0
2866836,2866837,22.0,1159210,2,1,2,1,1.0,37.0,1.0,-9.0,4.0,6241,14.0,22794.0,2141.0
2866837,2866838,56.0,1159210,3,2,13,1,1.0,40.0,1.0,-9.0,4.0,5417,10.0,22794.0,2141.0
2866838,2866839,66.0,1159211,1,1,0,1,1.0,50.0,1.0,-9.0,4.0,7112,16.0,22793.0,2140.0
2866839,2866840,22.0,1159211,2,1,2,1,1.0,37.0,1.0,-9.0,4.0,6241,14.0,22793.0,2140.0
2866840,2866841,56.0,1159211,3,2,13,1,1.0,40.0,1.0,-9.0,4.0,5417,10.0,22793.0,2140.0
2866841,2866842,66.0,1159212,1,1,0,1,1.0,50.0,1.0,-9.0,4.0,7112,16.0,22798.0,2142.0
2866842,2866843,22.0,1159212,2,1,2,1,1.0,37.0,1.0,-9.0,4.0,6241,14.0,22798.0,2142.0
2866843,2866844,56.0,1159212,3,2,13,1,1.0,40.0,1.0,-9.0,4.0,5417,10.0,22798.0,2142.0
2866844,2866845,66.0,1159213,1,1,0,1,1.0,50.0,1.0,-9.0,4.0,7112,16.0,22790.0,2140.0
2866845,2866846,22.0,1159213,2,1,2,1,1.0,37.0,1.0,-9.0,4.0,6241,14.0,22790.0,2140.0
2866846,2866847,56.0,1159213,3,2,13,1,1.0,40.0,1.0,-9.0,4.0,5417,10.0,22790.0,2140.0
2866847,2866848,66.0,1159214,1,1,0,1,1.0,50.0,1.0,-9.0,4.0,7112,16.0,22794.0,2141.0
2866848,2866849,22.0,1159214,2,1,2,1,1.0,37.0,1.0,-9.0,4.0,6241,14.0,22794.0,2141.0
2866849,2866850,56.0,1159214,3,2,13,1,1.0,40.0,1.0,-9.0,4.0,5417,10.0,22794.0,2141.0
2866850,2866851,66.0,1159215,1,1,0,1,1.0,50.0,1.0,-9.0,4.0,7112,16.0,22794.0,2141.0
2866851,2866852,22.0,1159215,2,1,2,1,1.0,37.0,1.0,-9.0,4.0,6241,14.0,22794.0,2141.0
2866852,2866853,56.0,1159215,3,2,13,1,1.0,40.0,1.0,-9.0,4.0,5417,10.0,22794.0,2141.0
2866853,2866854,66.0,1159216,1,1,0,1,1.0,50.0,1.0,-9.0,4.0,7112,16.0,22791.0,2140.0
2866854,2866855,22.0,1159216,2,1,2,1,1.0,37.0,1.0,-9.0,4.0,6241,14.0,22791.0,2140.0
2866855,2866856,56.0,1159216,3,2,13,1,1.0,40.0,1.0,-9.0,4.0,5417,10.0,22791.0,2140.0
2866856,2866857,66.0,1159217,1,1,0,1,1.0,50.0,1.0,-9.0,4.0,7112,16.0,22798.0,2142.0
2866857,2866858,22.0,1159217,2,1,2,1,1.0,37.0,1.0,-9.0,4.0,6241,14.0,22798.0,2142.0
2866858,2866859,56.0,1159217,3,2,13,1,1.0,40.0,1.0,-9.0,4.0,5417,10.0,22798.0,2142.0
2866859,2866860,66.0,1159218,1,1,0,1,1.0,50.0,1.0,-9.0,4.0,7112,16.0,22789.0,2140.0
2866860,2866861,22.0,1159218,2,1,2,1,1.0,37.0,1.0,-9.0,4.0,6241,14.0,22789.0,2140.0
2866861,2866862,56.0,1159218,3,2,13,1,1.0,40.0,1.0,-9.0,4.0,5417,10.0,22789.0,2140.0
2866862,2866863,66.0,1159219,1,1,0,1,1.0,50.0,1.0,-9.0,4.0,7112,16.0,22798.0,2142.0
2866863,2866864,22.0,1159219,2,1,2,1,1.0,37.0,1.0,-9.0,4.0,6241,14.0,22798.0,2142.0
2866864,2866865,56.0,1159219,3,2,13,1,1.0,40.0,1.0,-9.0,4.0,5417,10.0,22798.0,2142.0
2866865,2866866,66.0,1159220,1,1,0,1,1.0,50.0,1.0,-9.0,4.0,7112,16.0,22798.0,2142.0
2866866,2866867,22.0,1159220,2,1,2,1,1.0,37.0,1.0,-9.0,4.0,6241,14.0,22798.0,2142.0
2866867,2866868,56.0,1159220,3,2,13,1,1.0,40.0,1.0,-9.0,4.0,5417,10.0,22798.0,2142.0
2866868,2866869,66.0,1159221,1,1,0,1,1.0,50.0,1.0,-9.0,4.0,7112,16.0,22790.0,2140.0
2866869,2866870,22.0,1159221,2,1,2,1,1.0,37.0,1.0,-9.0,4.0,6241,14.0,22790.0,2140.0
2866870,2866871,56.0,1159221,3,2,13,1,1.0,40.0,1.0,-9.0,4.0,5417,10.0,22790.0,2140.0
2866871,2866872,66.0,1159222,1,1,0,1,1.0,50.0,1.0,-9.0,4.0,7112,16.0,22794.0,2141.0
2866872,2866873,22.0,1159222,2,1,2,1,1.0,37.0,1.0,-9.0,4.0,6241,14.0,22794.0,2141.0
2866873,2866874,56.0,1159222,3,2,13,1,1.0,40.0,1.0,-9.0,4.0,5417,10.0,22794.0,2141.0
2866874,2866875,66.0,1159223,1,1,0,1,1.0,50.0,1.0,-9.0,4.0,7112,16.0,22791.0,2140.0
2866875,2866876,22.0,1159223,2,1,2,1,1.0,37.0,1.0,-9.0,4.0,6241,14.0,22791.0,2140.0
2866876,2866877,56.0,1159223,3,2,13,1,1.0,40.0,1.0,-9.0,4.0,5417,10.0,22791.0,2140.0
2866877,2866878,66.0,1159224,1,1,0,1,1.0,50.0,1.0,-9.0,4.0,7112,16.0,22798.0,2142.0
2866878,2866879,22.0,1159224,2,1,2,1,1.0,37.0,1.0,-9.0,4.0,6241,14.0,22798.0,2142.0
2866879,2866880,56.0,1159224,3,2,13,1,1.0,40.0,1.0,-9.0,4.0,5417,10.0,22798.0,2142.0
2866880,2866881,66.0,1159225,1,1,0,1,1.0,50.0,1.0,-9.0,4.0,7112,16.0,22794.0,2141.0
2866881,2866882,22.0,1159225,2,1,2,1,1.0,37.0,1.0,-9.0,4.0,6241,14.0,22794.0,2141.0
2866882,2866883,56.0,1159225,3,2,13,1,1.0,40.0,1.0,-9.0,4.0,5417,10.0,22794.0,2141.0
2866883,2866884,66.0,1159226,1,1,0,1,1.0,50.0,1.0,-9.0,4.0,7112,16.0,22798.0,2142.0
2866884,2866885,22.0,1159226,2,1,2,1,1.0,37.0,1.0,-9.0,4.0,6241,14.0,22798.0,2142.0
2866885,2866886,56.0,1159226,3,2,13,1,1.0,40.0,1.0,-9.0,4.0,5417,10.0,22798.0,2142.0
2866886,2866887,66.0,1159227,1,1,0,1,1.0,50.0,1.0,-9.0,4.0,7112,16.0,22789.0,2140.0
2866887,2866888,22.0,1159227,2,1,2,1,1.0,37.0,1.0,-9.0,4.0,6241,14.0,22789.0,2140.0
2866888,2866889,56.0,1159227,3,2,13,1,1.0,40.0,1.0,-9.0,4.0,5417,10.0,22789.0,2140.0
2866889,2866890,66.0,1159228,1,1,0,1,1.0,50.0,1.0,-9.0,4.0,7112,16.0,22794.0,2141.0
2866890,2866891,22.0,1159228,2,1,2,1,1.0,37.0,1.0,-9.0,4.0,6241,14.0,22794.0,2141.0
2866891,2866892,56.0,1159228,3,2,13,1,1.0,40.0,1.0,-9.0,4.0,5417,10.0,22794.0,2141.0
2866892,2866893,66.0,1159229,1,1,0,1,1.0,50.0,1.0,-9.0,4.0,7112,16.0,22793.0,2140.0
2866893,2866894,22.0,1159229,2,1,2,1,1.0,37.0,1.0,-9.0,4.0,6241,14.0,22793.0,2140.0
2866894,2866895,56.0,1159229,3,2,13,1,1.0,40.0,1.0,-9.0,4.0,5417,10.0,22793.0,2140.0
2866895,2866896,66.0,1159230,1,1,0,1,1.0,50.0,1.0,-9.0,4.0,7112,16.0,22798.0,2142.0
2866896,2866897,22.0,1159230,2,1,2,1,1.0,37.0,1.0,-9.0,4.0,6241,14.0,22798.0,2142.0
2866897,2866898,56.0,1159230,3,2,13,1,1.0,40.0,1.0,-9.0,4.0,5417,10.0,22798.0,2142.0
2866898,2866899,66.0,1159231,1,1,0,1,1.0,50.0,1.0,-9.0,4.0,7112,16.0,22789.0,2140.0
2866899,2866900,22.0,1159231,2,1,2,1,1.0,37.0,1.0,-9.0,4.0,6241,14.0,22789.0,2140.0
2866900,2866901,56.0,1159231,3,2,13,1,1.0,40.0,1.0,-9.0,4.0,5417,10.0,22789.0,2140.0
2866901,2866902,66.0,1159232,1,1,0,1,1.0,50.0,1.0,-9.0,4.0,7112,16.0,22798.0,2142.0
2866902,2866903,22.0,1159232,2,1,2,1,1.0,37.0,1.0,-9.0,4.0,6241,14.0,22798.0,2142.0
2866903,2866904,56.0,1159232,3,2,13,1,1.0,40.0,1.0,-9.0,4.0,5417,10.0,22798.0,2142.0
2866904,2866905,66.0,1159233,1,1,0,1,1.0,50.0,1.0,-9.0,4.0,7112,16.0,22794.0,2141.0
2866905,2866906,22.0,1159233,2,1,2,1,1.0,37.0,1.0,-9.0,4.0,6241,14.0,22794.0,2141.0
2866906,2866907,56.0,1159233,3,2,13,1,1.0,40.0,1.0,-9.0,4.0,5417,10.0,22794.0,2141.0
2866907,2866908,66.0,1159234,1,1,0,1,1.0,50.0,1.0,-9.0,4.0,7112,16.0,22798.0,2142.0
2866908,2866909,22.0,1159234,2,1,2,1,1.0,37.0,1.0,-9.0,4.0,6241,14.0,22798.0,2142.0
2866909,2866910,56.0,1159234,3,2,13,1,1.0,40.0,1.0,-9.0,4.0,5417,10.0,22798.0,2142.0
2866910,2866911,66.0,1159235,1,1,0,1,1.0,50.0,1.0,-9.0,4.0,7112,16.0,22797.0,2141.0
2866911,2866912,22.0,1159235,2,1,2,1,1.0,37.0,1.0,-9.0,4.0,6241,14.0,22797.0,2141.0
2866912,2866913,56.0,1159235,3,2,13,1,1.0,40.0,1.0,-9.0,4.0,5417,10.0,22797.0,2141.0
2866913,2866914,66.0,1159236,1,1,0,1,1.0,50.0,1.0,-9.0,4.0,7112,16.0,22797.0,2141.0
2866914,2866915,22.0,1159236,2,1,2,1,1.0,37.0,1.0,-9.0,4.0,6241,14.0,22797.0,2141.0
2866915,2866916,56.0,1159236,3,2,13,1,1.0,40.0,1.0,-9.0,4.0,5417,10.0,22797.0,2141.0
2866916,2866917,66.0,1159237,1,1,0,1,1.0,50.0,1.0,-9.0,4.0,7112,16.0,22793.0,2140.0
2866917,2866918,22.0,1159237,2,1,2,1,1.0,37.0,1.0,-9.0,4.0,6241,14.0,22793.0,2140.0
2866918,2866919,56.0,1159237,3,2,13,1,1.0,40.0,1.0,-9.0,4.0,5417,10.0,22793.0,2140.0
2866919,2866920,66.0,1159238,1,1,0,1,1.0,50.0,1.0,-9.0,4.0,7112,16.0,22798.0,2142.0
2866920,2866921,22.0,1159238,2,1,2,1,1.0,37.0,1.0,-9.0,4.0,6241,14.0,22798.0,2142.0
2866921,2866922,56.0,1159238,3,2,13,1,1.0,40.0,1.0,-9.0,4.0,5417,10.0,22798.0,2142.0
2866922,2866923,66.0,1159239,1,1,0,1,1.0,50.0,1.0,-9.0,4.0,7112,16.0,22789.0,2140.0
2866923,2866924,22.0,1159239,2,1,2,1,1.0,37.0,1.0,-9.0,4.0,6241,14.0,22789.0,2140.0
2866924,2866925,56.0,1159239,3,2,13,1,1.0,40.0,1.0,-9.0,4.0,5417,10.0,22789.0,2140.0
2866925,2866926,66.0,1159240,1,1,0,1,1.0,50.0,1.0,-9.0,4.0,7112,16.0,22798.0,2142.0
2866926,2866927,22.0,1159240,2,1,2,1,1.0,37.0,1.0,-9.0,4.0,6241,14.0,22798.0,2142.0
2866927,2866928,56.0,1159240,3,2,13,1,1.0,40.0,1.0,-9.0,4.0,5417,10.0,22798.0,2142.0
2866928,2866929,66.0,1159241,1,1,0,1,1.0,50.0,1.0,-9.0,4.0,7112,16.0,22793.0,2140.0
2866929,2866930,22.0,1159241,2,1,2,1,1.0,37.0,1.0,-9.0,4.0,6241,14.0,22793.0,2140.0
2866930,2866931,56.0,1159241,3,2,13,1,1.0,40.0,1.0,-9.0,4.0,5417,10.0,22793.0,2140.0
2866931,2866932,66.0,1159242,1,1,0,1,1.0,50.0,1.0,-9.0,4.0,7112,16.0,22798.0,2142.0
2866932,2866933,22.0,1159242,2,1,2,1,1.0,37.0,1.0,-9.0,4.0,6241,14.0,22798.0,2142.0
2866933,2866934,56.0,1159242,3,2,13,1,1.0,40.0,1.0,-9.0,4.0,5417,10.0,22798.0,2142.0
2866934,2866935,66.0,1159243,1,1,0,1,1.0,50.0,1.0,-9.0,4.0,7112,16.0,22798.0,2142.0
2866935,2866936,22.0,1159243,2,1,2,1,1.0,37.0,1.0,-9.0,4.0,6241,14.0,22798.0,2142.0
2866936,2866937,56.0,1159243,3,2,13,1,1.0,40.0,1.0,-9.0,4.0,5417,10.0,22798.0,2142.0
2866937,2866938,66.0,1159244,1,1,0,1,1.0,50.0,1.0,-9.0,4.0,7112,16.0,22798.0,2142.0
2866938,2866939,22.0,1159244,2,1,2,1,1.0,37.0,1.0,-9.0,4.0,6241,14.0,22798.0,2142.0
2866939,2866940,56.0,1159244,3,2,13,1,1.0,40.0,1.0,-9.0,4.0,5417,10.0,22798.0,2142.0
2866940,2866941,66.0,1159245,1,1,0,1,1.0,50.0,1.0,-9.0,4.0,7112,16.0,22798.0,2142.0
2866941,2866942,22.0,1159245,2,1,2,1,1.0,37.0,1.0,-9.0,4.0,6241,14.0,22798.0,2142.0
2866942,2866943,56.0,1159245,3,2,13,1,1.0,40.0,1.0,-9.0,4.0,5417,10.0,22798.0,2142.0
2866943,2866944,66.0,1159246,1,1,0,1,1.0,50.0,1.0,-9.0,4.0,7112,16.0,22798.0,2142.0
2866944,2866945,22.0,1159246,2,1,2,1,1.0,37.0,1.0,-9.0,4.0,6241,14.0,22798.0,2142.0
2866945,2866946,56.0,1159246,3,2,13,1,1.0,40.0,1.0,-9.0,4.0,5417,10.0,22798.0,2142.0
2866946,2866947,66.0,1159247,1,1,0,1,1.0,50.0,1.0,-9.0,4.0,7112,16.0,22794.0,2141.0
2866947,2866948,22.0,1159247,2,1,2,1,1.0,37.0,1.0,-9.0,4.0,6241,14.0,22794.0,2141.0
2866948,2866949,56.0,1159247,3,2,13,1,1.0,40.0,1.0,-9.0,4.0,5417,10.0,22794.0,2141.0
2866949,2866950,66.0,1159248,1,1,0,1,1.0,50.0,1.0,-9.0,4.0,7112,16.0,22797.0,2141.0
2866950,2866951,22.0,1159248,2,1,2,1,1.0,37.0,1.0,-9.0,4.0,6241,14.0,22797.0,2141.0
2866951,2866952,56.0,1159248,3,2,13,1,1.0,40.0,1.0,-9.0,4.0,5417,10.0,22797.0,2141.0
2866952,2866953,66.0,1159249,1,1,0,1,1.0,50.0,1.0,-9.0,4.0,7112,16.0,22793.0,2140.0
2866953,2866954,22.0,1159249,2,1,2,1,1.0,37.0,1.0,-9.0,4.0,6241,14.0,22793.0,2140.0
2866954,2866955,56.0,1159249,3,2,13,1,1.0,40.0,1.0,-9.0,4.0,5417,10.0,22793.0,2140.0
2866955,2866956,66.0,1159250,1,1,0,1,1.0,50.0,1.0,-9.0,4.0,7112,16.0,22798.0,2142.0
2866956,2866957,22.0,1159250,2,1,2,1,1.0,37.0,1.0,-9.0,4.0,6241,14.0,22798.0,2142.0
2866957,2866958,56.0,1159250,3,2,13,1,1.0,40.0,1.0,-9.0,4.0,5417,10.0,22798.0,2142.0
2866958,2866959,66.0,1159251,1,1,0,1,1.0,50.0,1.0,-9.0,4.0,7112,16.0,22789.0,2140.0
2866959,2866960,22.0,1159251,2,1,2,1,1.0,37.0,1.0,-9.0,4.0,6241,14.0,22789.0,2140.0
2866960,2866961,56.0,1159251,3,2,13,1,1.0,40.0,1.0,-9.0,4.0,5417,10.0,22789.0,2140.0
2866961,2866962,66.0,1159252,1,1,0,1,1.0,50.0,1.0,-9.0,4.0,7112,16.0,22798.0,2142.0
2866962,2866963,22.0,1159252,2,1,2,1,1.0,37.0,1.0,-9.0,4.0,6241,14.0,22798.0,2142.0
2866963,2866964,56.0,1159252,3,2,13,1,1.0,40.0,1.0,-9.0,4.0,5417,10.0,22798.0,2142.0
2866964,2866965,66.0,1159253,1,1,0,1,1.0,50.0,1.0,-9.0,4.0,7112,16.0,22793.0,2140.0
2866965,2866966,22.0,1159253,2,1,2,1,1.0,37.0,1.0,-9.0,4.0,6241,14.0,22793.0,2140.0
2866966,2866967,56.0,1159253,3,2,13,1,1.0,40.0,1.0,-9.0,4.0,5417,10.0,22793.0,2140.0
2866967,2866968,66.0,1159254,1,1,0,1,1.0,50.0,1.0,-9.0,4.0,7112,16.0,22792.0,2140.0
2866968,2866969,22.0,1159254,2,1,2,1,1.0,37.0,1.0,-9.0,4.0,6241,14.0,22792.0,2140.0
2866969,2866970,56.0,1159254,3,2,13,1,1.0,40.0,1.0,-9.0,4.0,5417,10.0,22792.0,2140.0
2866970,2866971,66.0,1159255,1,1,0,1,1.0,50.0,1.0,-9.0,4.0,7112,16.0,22788.0,2139.0
2866971,2866972,22.0,1159255,2,1,2,1,1.0,37.0,1.0,-9.0,4.0,6241,14.0,22788.0,2139.0
2866972,2866973,56.0,1159255,3,2,13,1,1.0,40.0,1.0,-9.0,4.0,5417,10.0,22788.0,2139.0
2866973,2866974,66.0,1159256,1,1,0,1,1.0,50.0,1.0,-9.0,4.0,7112,16.0,22790.0,2140.0
2866974,2866975,22.0,1159256,2,1,2,1,1.0,37.0,1.0,-9.0,4.0,6241,14.0,22790.0,2140.0
2866975,2866976,56.0,1159256,3,2,13,1,1.0,40.0,1.0,-9.0,4.0,5417,10.0,22790.0,2140.0
2866976,2866977,66.0,1159257,1,1,0,1,1.0,50.0,1.0,-9.0,4.0,7112,16.0,22791.0,2140.0
2866977,2866978,22.0,1159257,2,1,2,1,1.0,37.0,1.0,-9.0,4.0,6241,14.0,22791.0,2140.0
2866978,2866979,56.0,1159257,3,2,13,1,1.0,40.0,1.0,-9.0,4.0,5417,10.0,22791.0,2140.0
2866979,2866980,66.0,1159258,1,1,0,1,1.0,50.0,1.0,-9.0,4.0,7112,16.0,22794.0,2141.0
2866980,2866981,22.0,1159258,2,1,2,1,1.0,37.0,1.0,-9.0,4.0,6241,14.0,22794.0,2141.0
2866981,2866982,56.0,1159258,3,2,13,1,1.0,40.0,1.0,-9.0,4.0,5417,10.0,22794.0,2141.0
2866982,2866983,66.0,1159259,1,1,0,1,1.0,50.0,1.0,-9.0,4.0,7112,16.0,22791.0,2140.0
2866983,2866984,22.0,1159259,2,1,2,1,1.0,37.0,1.0,-9.0,4.0,6241,14.0,22791.0,2140.0
2866984,2866985,56.0,1159259,3,2,13,1,1.0,40.0,1.0,-9.0,4.0,5417,10.0,22791.0,2140.0
2866985,2866986,66.0,1159260,1,1,0,1,1.0,50.0,1.0,-9.0,4.0,7112,16.0,22789.0,2140.0
2866986,2866987,22.0,1159260,2,1,2,1,1.0,37.0,1.0,-9.0,4.0,6241,14.0,22789.0,2140.0
2866987,2866988,56.0,1159260,3,2,13,1,1.0,40.0,1.0,-9.0,4.0,5417,10.0,22789.0,2140.0
2866988,2866989,66.0,1159261,1,1,0,1,1.0,50.0,1.0,-9.0,4.0,7112,16.0,22798.0,2142.0
2866989,2866990,22.0,1159261,2,1,2,1,1.0,37.0,1.0,-9.0,4.0,6241,14.0,22798.0,2142.0
2866990,2866991,56.0,1159261,3,2,13,1,1.0,40.0,1.0,-9.0,4.0,5417,10.0,22798.0,2142.0
2866991,2866992,66.0,1159262,1,1,0,1,1.0,50.0,1.0,-9.0,4.0,7112,16.0,22798.0,2142.0
2866992,2866993,22.0,1159262,2,1,2,1,1.0,37.0,1.0,-9.0,4.0,6241,14.0,22798.0,2142.0
2866993,2866994,56.0,1159262,3,2,13,1,1.0,40.0,1.0,-9.0,4.0,5417,10.0,22798.0,2142.0
2866994,2866995,66.0,1159263,1,1,0,1,1.0,50.0,1.0,-9.0,4.0,7112,16.0,22798.0,2142.0
2866995,2866996,22.0,1159263,2,1,2,1,1.0,37.0,1.0,-9.0,4.0,6241,14.0,22798.0,2142.0
2866996,2866997,56.0,1159263,3,2,13,1,1.0,40.0,1.0,-9.0,4.0,5417,10.0,22798.0,2142.0
2866997,2866998,66.0,1159264,1,1,0,1,1.0,50.0,1.0,-9.0,4.0,7112,16.0,22798.0,2142.0
2866998,2866999,22.0,1159264,2,1,2,1,1.0,37.0,1.0,-9.0,4.0,6241,14.0,22798.0,2142.0
2866999,2867000,56.0,1159264,3,2,13,1,1.0,40.0,1.0,-9.0,4.0,5417,10.0,22798.0,2142.0
2867000,2867001,66.0,1159265,1,1,0,1,1.0,50.0,1.0,-9.0,4.0,7112,16.0,22798.0,2142.0
2867001,2867002,22.0,1159265,2,1,2,1,1.0,37.0,1.0,-9.0,4.0,6241,14.0,22798.0,2142.0
2867002,2867003,56.0,1159265,3,2,13,1,1.0,40.0,1.0,-9.0,4.0,5417,10.0,22798.0,2142.0
2867003,2867004,66.0,1159266,1,1,0,1,1.0,50.0,1.0,-9.0,4.0,7112,16.0,22798.0,2142.0
2867004,2867005,22.0,1159266,2,1,2,1,1.0,37.0,1.0,-9.0,4.0,6241,14.0,22798.0,2142.0
2867005,2867006,56.0,1159266,3,2,13,1,1.0,40.0,1.0,-9.0,4.0,5417,10.0,22798.0,2142.0
2867006,2867007,66.0,1159267,1,1,0,1,1.0,50.0,1.0,-9.0,4.0,7112,16.0,22793.0,2140.0
2867007,2867008,22.0,1159267,2,1,2,1,1.0,37.0,1.0,-9.0,4.0,6241,14.0,22793.0,2140.0
2867008,2867009,56.0,1159267,3,2,13,1,1.0,40.0,1.0,-9.0,4.0,5417,10.0,22793.0,2140.0
2867009,2867010,66.0,1159268,1,1,0,1,1.0,50.0,1.0,-9.0,4.0,7112,16.0,22793.0,2140.0
2867010,2867011,22.0,1159268,2,1,2,1,1.0,37.0,1.0,-9.0,4.0,6241,14.0,22793.0,2140.0
2867011,2867012,56.0,1159268,3,2,13,1,1.0,40.0,1.0,-9.0,4.0,5417,10.0,22793.0,2140.0
2867012,2867013,66.0,1159269,1,1,0,1,1.0,50.0,1.0,-9.0,4.0,7112,16.0,22798.0,2142.0
2867013,2867014,22.0,1159269,2,1,2,1,1.0,37.0,1.0,-9.0,4.0,6241,14.0,22798.0,2142.0
2867014,2867015,56.0,1159269,3,2,13,1,1.0,40.0,1.0,-9.0,4.0,5417,10.0,22798.0,2142.0
2867015,2867016,66.0,1159270,1,1,0,1,1.0,50.0,1.0,-9.0,4.0,7112,16.0,22798.0,2142.0
2867016,2867017,22.0,1159270,2,1,2,1,1.0,37.0,1.0,-9.0,4.0,6241,14.0,22798.0,2142.0
2867017,2867018,56.0,1159270,3,2,13,1,1.0,40.0,1.0,-9.0,4.0,5417,10.0,22798.0,2142.0
2867018,2867019,66.0,1159271,1,1,0,1,1.0,50.0,1.0,-9.0,4.0,7112,16.0,22797.0,2141.0
2867019,2867020,22.0,1159271,2,1,2,1,1.0,37.0,1.0,-9.0,4.0,6241,14.0,22797.0,2141.0
2867020,2867021,56.0,1159271,3,2,13,1,1.0,40.0,1.0,-9.0,4.0,5417,10.0,22797.0,2141.0
2867021,2867022,66.0,1159272,1,1,0,1,1.0,50.0,1.0,-9.0,4.0,7112,16.0,22793.0,2140.0
2867022,2867023,22.0,1159272,2,1,2,1,1.0,37.0,1.0,-9.0,4.0,6241,14.0,22793.0,2140.0
2867023,2867024,56.0,1159272,3,2,13,1,1.0,40.0,1.0,-9.0,4.0,5417,10.0,22793.0,2140.0
2867024,2867025,66.0,1159273,1,1,0,1,1.0,50.0,1.0,-9.0,4.0,7112,16.0,22794.0,2141.0
2867025,2867026,22.0,1159273,2,1,2,1,1.0,37.0,1.0,-9.0,4.0,6241,14.0,22794.0,2141.0
2867026,2867027,56.0,1159273,3,2,13,1,1.0,40.0,1.0,-9.0,4.0,5417,10.0,22794.0,2141.0
2867027,2867028,66.0,1159274,1,1,0,1,1.0,50.0,1.0,-9.0,4.0,7112,16.0,22794.0,2141.0
2867028,2867029,22.0,1159274,2,1,2,1,1.0,37.0,1.0,-9.0,4.0,6241,14.0,22794.0,2141.0
2867029,2867030,56.0,1159274,3,2,13,1,1.0,40.0,1.0,-9.0,4.0,5417,10.0,22794.0,2141.0
2867030,2867031,66.0,1159275,1,1,0,1,1.0,50.0,1.0,-9.0,4.0,7112,16.0,22789.0,2140.0
2867031,2867032,22.0,1159275,2,1,2,1,1.0,37.0,1.0,-9.0,4.0,6241,14.0,22789.0,2140.0
2867032,2867033,56.0,1159275,3,2,13,1,1.0,40.0,1.0,-9.0,4.0,5417,10.0,22789.0,2140.0
2867033,2867034,66.0,1159276,1,1,0,1,1.0,50.0,1.0,-9.0,4.0,7112,16.0,22792.0,2140.0
2867034,2867035,22.0,1159276,2,1,2,1,1.0,37.0,1.0,-9.0,4.0,6241,14.0,22792.0,2140.0
2867035,2867036,56.0,1159276,3,2,13,1,1.0,40.0,1.0,-9.0,4.0,5417,10.0,22792.0,2140.0
2867036,2867037,66.0,1159277,1,1,0,1,1.0,50.0,1.0,-9.0,4.0,7112,16.0,22798.0,2142.0
2867037,2867038,22.0,1159277,2,1,2,1,1.0,37.0,1.0,-9.0,4.0,6241,14.0,22798.0,2142.0
2867038,2867039,56.0,1159277,3,2,13,1,1.0,40.0,1.0,-9.0,4.0,5417,10.0,22798.0,2142.0
2867039,2867040,66.0,1159278,1,1,0,1,1.0,50.0,1.0,-9.0,4.0,7112,16.0,22794.0,2141.0
2867040,2867041,22.0,1159278,2,1,2,1,1.0,37.0,1.0,-9.0,4.0,6241,14.0,22794.0,2141.0
2867041,2867042,56.0,1159278,3,2,13,1,1.0,40.0,1.0,-9.0,4.0,5417,10.0,22794.0,2141.0
2867042,2867043,66.0,1159279,1,1,0,1,1.0,50.0,1.0,-9.0,4.0,7112,16.0,22789.0,2140.0
2867043,2867044,22.0,1159279,2,1,2,1,1.0,37.0,1.0,-9.0,4.0,6241,14.0,22789.0,2140.0
2867044,2867045,56.0,1159279,3,2,13,1,1.0,40.0,1.0,-9.0,4.0,5417,10.0,22789.0,2140.0
2867045,2867046,66.0,1159280,1,1,0,1,1.0,50.0,1.0,-9.0,4.0,7112,16.0,22798.0,2142.0
2867046,2867047,22.0,1159280,2,1,2,1,1.0,37.0,1.0,-9.0,4.0,6241,14.0,22798.0,2142.0
2867047,2867048,56.0,1159280,3,2,13,1,1.0,40.0,1.0,-9.0,4.0,5417,10.0,22798.0,2142.0
2867048,2867049,66.0,1159281,1,1,0,1,1.0,50.0,1.0,-9.0,4.0,7112,16.0,22794.0,2141.0
2867049,2867050,22.0,1159281,2,1,2,1,1.0,37.0,1.0,-9.0,4.0,6241,14.0,22794.0,2141.0
2867050,2867051,56.0,1159281,3,2,13,1,1.0,40.0,1.0,-9.0,4.0,5417,10.0,22794.0,2141.0
2867051,2867052,66.0,1159282,1,1,0,1,1.0,50.0,1.0,-9.0,4.0,7112,16.0,22792.0,2140.0
2867052,2867053,22.0,1159282,2,1,2,1,1.0,37.0,1.0,-9.0,4.0,6241,14.0,22792.0,2140.0
2867053,2867054,56.0,1159282,3,2,13,1,1.0,40.0,1.0,-9.0,4.0,5417,10.0,22792.0,2140.0
2867054,2867055,80.0,1159283,1,2,0,1,6.0,-9.0,-9.0,-9.0,4.0,-9,0.0,22789.0,2140.0
2867055,2867056,67.0,1159284,1,2,0,1,6.0,-9.0,-9.0,-9.0,4.0,-9,0.0,22791.0,2140.0
2867056,2867057,94.0,1159285,1,2,0,1,6.0,-9.0,-9.0,-9.0,4.0,-9,0.0,22798.0,2142.0
2867057,2867058,76.0,1159286,1,2,0,1,6.0,-9.0,-9.0,-9.0,4.0,-9,0.0,22798.0,2142.0
2867058,2867059,76.0,1159287,1,2,0,1,6.0,-9.0,-9.0,-9.0,4.0,-9,0.0,22790.0,2140.0
2867059,2867060,80.0,1159288,1,2,0,1,6.0,-9.0,-9.0,-9.0,4.0,-9,0.0,22797.0,2141.0
2867060,2867061,67.0,1159289,1,2,0,1,6.0,-9.0,-9.0,-9.0,4.0,-9,0.0,22792.0,2140.0
2867061,2867062,80.0,1159290,1,2,0,1,6.0,-9.0,-9.0,-9.0,4.0,-9,0.0,22798.0,2142.0
2867062,2867063,94.0,1159291,1,2,0,1,6.0,-9.0,-9.0,-9.0,4.0,-9,0.0,22793.0,2140.0
2867063,2867064,88.0,1159292,1,2,0,1,6.0,-9.0,-9.0,-9.0,4.0,-9,0.0,22798.0,2142.0
2867064,2867065,89.0,1159293,1,2,0,1,6.0,-9.0,-9.0,-9.0,4.0,-9,0.0,22798.0,2142.0
2867065,2867066,73.0,1159294,1,2,0,1,6.0,-9.0,-9.0,-9.0,4.0,-9,0.0,22792.0,2140.0
2867066,2867067,44.0,1159294,2,1,2,1,6.0,-9.0,-9.0,-9.0,4.0,-9,0.0,22792.0,2140.0
2867067,2867068,14.0,1159294,3,1,7,1,-9.0,-9.0,-9.0,10.0,-9.0,-9,0.0,22792.0,2140.0
2867068,2867069,13.0,1159294,4,1,7,1,-9.0,-9.0,-9.0,9.0,-9.0,-9,0.0,22792.0,2140.0
2867069,2867070,73.0,1159295,1,2,0,1,6.0,-9.0,-9.0,-9.0,4.0,-9,0.0,22790.0,2140.0
2867070,2867071,44.0,1159295,2,1,2,1,6.0,-9.0,-9.0,-9.0,4.0,-9,0.0,22790.0,2140.0
2867071,2867072,14.0,1159295,3,1,7,1,-9.0,-9.0,-9.0,10.0,-9.0,-9,0.0,22790.0,2140.0
2867072,2867073,13.0,1159295,4,1,7,1,-9.0,-9.0,-9.0,9.0,-9.0,-9,0.0,22790.0,2140.0
2867073,2867074,73.0,1159296,1,2,0,1,6.0,-9.0,-9.0,-9.0,4.0,-9,0.0,22798.0,2142.0
2867074,2867075,44.0,1159296,2,1,2,1,6.0,-9.0,-9.0,-9.0,4.0,-9,0.0,22798.0,2142.0
2867075,2867076,14.0,1159296,3,1,7,1,-9.0,-9.0,-9.0,10.0,-9.0,-9,0.0,22798.0,2142.0
2867076,2867077,13.0,1159296,4,1,7,1,-9.0,-9.0,-9.0,9.0,-9.0,-9,0.0,22798.0,2142.0
2867077,2867078,73.0,1159297,1,2,0,1,6.0,-9.0,-9.0,-9.0,4.0,-9,0.0,22794.0,2141.0
2867078,2867079,44.0,1159297,2,1,2,1,6.0,-9.0,-9.0,-9.0,4.0,-9,0.0,22794.0,2141.0
2867079,2867080,14.0,1159297,3,1,7,1,-9.0,-9.0,-9.0,10.0,-9.0,-9,0.0,22794.0,2141.0
2867080,2867081,13.0,1159297,4,1,7,1,-9.0,-9.0,-9.0,9.0,-9.0,-9,0.0,22794.0,2141.0
2867081,2867082,73.0,1159298,1,2,0,1,6.0,-9.0,-9.0,-9.0,4.0,-9,0.0,22798.0,2142.0
2867082,2867083,44.0,1159298,2,1,2,1,6.0,-9.0,-9.0,-9.0,4.0,-9,0.0,22798.0,2142.0
2867083,2867084,14.0,1159298,3,1,7,1,-9.0,-9.0,-9.0,10.0,-9.0,-9,0.0,22798.0,2142.0
2867084,2867085,13.0,1159298,4,1,7,1,-9.0,-9.0,-9.0,9.0,-9.0,-9,0.0,22798.0,2142.0
2867085,2867086,73.0,1159299,1,2,0,1,6.0,-9.0,-9.0,-9.0,4.0,-9,0.0,22791.0,2140.0
2867086,2867087,44.0,1159299,2,1,2,1,6.0,-9.0,-9.0,-9.0,4.0,-9,0.0,22791.0,2140.0
2867087,2867088,14.0,1159299,3,1,7,1,-9.0,-9.0,-9.0,10.0,-9.0,-9,0.0,22791.0,2140.0
2867088,2867089,13.0,1159299,4,1,7,1,-9.0,-9.0,-9.0,9.0,-9.0,-9,0.0,22791.0,2140.0
2867089,2867090,73.0,1159300,1,2,0,1,6.0,-9.0,-9.0,-9.0,4.0,-9,0.0,22798.0,2142.0
2867090,2867091,44.0,1159300,2,1,2,1,6.0,-9.0,-9.0,-9.0,4.0,-9,0.0,22798.0,2142.0
2867091,2867092,14.0,1159300,3,1,7,1,-9.0,-9.0,-9.0,10.0,-9.0,-9,0.0,22798.0,2142.0
2867092,2867093,13.0,1159300,4,1,7,1,-9.0,-9.0,-9.0,9.0,-9.0,-9,0.0,22798.0,2142.0
2867093,2867094,73.0,1159301,1,2,0,1,6.0,-9.0,-9.0,-9.0,4.0,-9,0.0,22793.0,2140.0
2867094,2867095,44.0,1159301,2,1,2,1,6.0,-9.0,-9.0,-9.0,4.0,-9,0.0,22793.0,2140.0
2867095,2867096,14.0,1159301,3,1,7,1,-9.0,-9.0,-9.0,10.0,-9.0,-9,0.0,22793.0,2140.0
2867096,2867097,13.0,1159301,4,1,7,1,-9.0,-9.0,-9.0,9.0,-9.0,-9,0.0,22793.0,2140.0
2867097,2867098,73.0,1159302,1,2,0,1,6.0,-9.0,-9.0,-9.0,4.0,-9,0.0,22792.0,2140.0
2867098,2867099,44.0,1159302,2,1,2,1,6.0,-9.0,-9.0,-9.0,4.0,-9,0.0,22792.0,2140.0
2867099,2867100,14.0,1159302,3,1,7,1,-9.0,-9.0,-9.0,10.0,-9.0,-9,0.0,22792.0,2140.0
2867100,2867101,13.0,1159302,4,1,7,1,-9.0,-9.0,-9.0,9.0,-9.0,-9,0.0,22792.0,2140.0
2867101,2867102,53.0,1159303,1,2,0,3,1.0,40.0,1.0,-9.0,4.0,611M1,13.0,22798.0,2142.0
2867102,2867103,18.0,1159303,2,2,2,3,6.0,25.0,4.0,-9.0,4.0,722Z,16.0,22798.0,2142.0
2867103,2867104,53.0,1159304,1,2,0,3,1.0,40.0,1.0,-9.0,4.0,611M1,13.0,22790.0,2140.0
2867104,2867105,18.0,1159304,2,2,2,3,6.0,25.0,4.0,-9.0,4.0,722Z,16.0,22790.0,2140.0
2867105,2867106,53.0,1159305,1,2,0,3,1.0,40.0,1.0,-9.0,4.0,611M1,13.0,22789.0,2140.0
2867106,2867107,18.0,1159305,2,2,2,3,6.0,25.0,4.0,-9.0,4.0,722Z,16.0,22789.0,2140.0
2867107,2867108,53.0,1159306,1,2,0,3,1.0,40.0,1.0,-9.0,4.0,611M1,13.0,22794.0,2141.0
2867108,2867109,18.0,1159306,2,2,2,3,6.0,25.0,4.0,-9.0,4.0,722Z,16.0,22794.0,2141.0
2867109,2867110,53.0,1159307,1,2,0,3,1.0,40.0,1.0,-9.0,4.0,611M1,13.0,22793.0,2140.0
2867110,2867111,18.0,1159307,2,2,2,3,6.0,25.0,4.0,-9.0,4.0,722Z,16.0,22793.0,2140.0
2867111,2867112,53.0,1159308,1,2,0,3,1.0,40.0,1.0,-9.0,4.0,611M1,13.0,22789.0,2140.0
2867112,2867113,18.0,1159308,2,2,2,3,6.0,25.0,4.0,-9.0,4.0,722Z,16.0,22789.0,2140.0
2867113,2867114,53.0,1159309,1,2,0,3,1.0,40.0,1.0,-9.0,4.0,611M1,13.0,22791.0,2140.0
2867114,2867115,18.0,1159309,2,2,2,3,6.0,25.0,4.0,-9.0,4.0,722Z,16.0,22791.0,2140.0
2867115,2867116,53.0,1159310,1,2,0,3,1.0,40.0,1.0,-9.0,4.0,611M1,13.0,22798.0,2142.0
2867116,2867117,18.0,1159310,2,2,2,3,6.0,25.0,4.0,-9.0,4.0,722Z,16.0,22798.0,2142.0
2867117,2867118,53.0,1159311,1,2,0,3,1.0,40.0,1.0,-9.0,4.0,611M1,13.0,22790.0,2140.0
2867118,2867119,18.0,1159311,2,2,2,3,6.0,25.0,4.0,-9.0,4.0,722Z,16.0,22790.0,2140.0
2867119,2867120,53.0,1159312,1,2,0,3,1.0,40.0,1.0,-9.0,4.0,611M1,13.0,22791.0,2140.0
2867120,2867121,18.0,1159312,2,2,2,3,6.0,25.0,4.0,-9.0,4.0,722Z,16.0,22791.0,2140.0
2867121,2867122,53.0,1159313,1,2,0,3,1.0,40.0,1.0,-9.0,4.0,611M1,13.0,22790.0,2140.0
2867122,2867123,18.0,1159313,2,2,2,3,6.0,25.0,4.0,-9.0,4.0,722Z,16.0,22790.0,2140.0
2867123,2867124,53.0,1159314,1,2,0,3,1.0,40.0,1.0,-9.0,4.0,611M1,13.0,22798.0,2142.0
2867124,2867125,18.0,1159314,2,2,2,3,6.0,25.0,4.0,-9.0,4.0,722Z,16.0,22798.0,2142.0
2867125,2867126,53.0,1159315,1,2,0,3,1.0,40.0,1.0,-9.0,4.0,611M1,13.0,22791.0,2140.0
2867126,2867127,18.0,1159315,2,2,2,3,6.0,25.0,4.0,-9.0,4.0,722Z,16.0,22791.0,2140.0
2867127,2867128,53.0,1159316,1,2,0,3,1.0,40.0,1.0,-9.0,4.0,611M1,13.0,22794.0,2141.0
2867128,2867129,18.0,1159316,2,2,2,3,6.0,25.0,4.0,-9.0,4.0,722Z,16.0,22794.0,2141.0
2867129,2867130,53.0,1159317,1,2,0,3,1.0,40.0,1.0,-9.0,4.0,611M1,13.0,22790.0,2140.0
2867130,2867131,18.0,1159317,2,2,2,3,6.0,25.0,4.0,-9.0,4.0,722Z,16.0,22790.0,2140.0
2867131,2867132,53.0,1159318,1,2,0,3,1.0,40.0,1.0,-9.0,4.0,611M1,13.0,22798.0,2142.0
2867132,2867133,18.0,1159318,2,2,2,3,6.0,25.0,4.0,-9.0,4.0,722Z,16.0,22798.0,2142.0
2867133,2867134,53.0,1159319,1,2,0,3,1.0,40.0,1.0,-9.0,4.0,611M1,13.0,22789.0,2140.0
2867134,2867135,18.0,1159319,2,2,2,3,6.0,25.0,4.0,-9.0,4.0,722Z,16.0,22789.0,2140.0
2867135,2867136,53.0,1159320,1,2,0,3,1.0,40.0,1.0,-9.0,4.0,611M1,13.0,22798.0,2142.0
2867136,2867137,18.0,1159320,2,2,2,3,6.0,25.0,4.0,-9.0,4.0,722Z,16.0,22798.0,2142.0
2867137,2867138,53.0,1159321,1,2,0,3,1.0,40.0,1.0,-9.0,4.0,611M1,13.0,22793.0,2140.0
2867138,2867139,18.0,1159321,2,2,2,3,6.0,25.0,4.0,-9.0,4.0,722Z,16.0,22793.0,2140.0
2867139,2867140,53.0,1159322,1,2,0,3,1.0,40.0,1.0,-9.0,4.0,611M1,13.0,22798.0,2142.0
2867140,2867141,18.0,1159322,2,2,2,3,6.0,25.0,4.0,-9.0,4.0,722Z,16.0,22798.0,2142.0
2867141,2867142,54.0,1159323,1,2,0,1,1.0,50.0,1.0,-9.0,4.0,611M1,13.0,22794.0,2141.0
2867142,2867143,54.0,1159323,2,1,1,1,1.0,60.0,1.0,-9.0,4.0,611M1,13.0,22794.0,2141.0
2867143,2867144,22.0,1159323,3,2,2,1,1.0,42.0,1.0,-9.0,4.0,5121,8.0,22794.0,2141.0
2867144,2867145,23.0,1159323,4,2,15,1,1.0,30.0,1.0,-9.0,4.0,611M1,13.0,22794.0,2141.0
2867145,2867146,55.0,1159324,1,1,0,1,1.0,20.0,1.0,-9.0,4.0,4481,5.0,22792.0,2140.0
2867146,2867147,55.0,1159324,2,2,1,1,6.0,-9.0,-9.0,-9.0,4.0,-9,0.0,22792.0,2140.0
2867147,2867148,19.0,1159324,3,1,2,1,6.0,-9.0,-9.0,14.0,4.0,-9,0.0,22792.0,2140.0
2867148,2867149,17.0,1159324,4,2,2,1,1.0,5.0,5.0,13.0,4.0,4481,5.0,22792.0,2140.0
2867149,2867150,55.0,1159325,1,1,0,1,1.0,20.0,1.0,-9.0,4.0,4481,5.0,22798.0,2142.0
2867150,2867151,55.0,1159325,2,2,1,1,6.0,-9.0,-9.0,-9.0,4.0,-9,0.0,22798.0,2142.0
2867151,2867152,19.0,1159325,3,1,2,1,6.0,-9.0,-9.0,14.0,4.0,-9,0.0,22798.0,2142.0
2867152,2867153,17.0,1159325,4,2,2,1,1.0,5.0,5.0,13.0,4.0,4481,5.0,22798.0,2142.0
2867153,2867154,55.0,1159326,1,1,0,1,1.0,20.0,1.0,-9.0,4.0,4481,5.0,22792.0,2140.0
2867154,2867155,55.0,1159326,2,2,1,1,6.0,-9.0,-9.0,-9.0,4.0,-9,0.0,22792.0,2140.0
2867155,2867156,19.0,1159326,3,1,2,1,6.0,-9.0,-9.0,14.0,4.0,-9,0.0,22792.0,2140.0
2867156,2867157,17.0,1159326,4,2,2,1,1.0,5.0,5.0,13.0,4.0,4481,5.0,22792.0,2140.0
2867157,2867158,55.0,1159327,1,1,0,1,1.0,20.0,1.0,-9.0,4.0,4481,5.0,22798.0,2142.0
2867158,2867159,55.0,1159327,2,2,1,1,6.0,-9.0,-9.0,-9.0,4.0,-9,0.0,22798.0,2142.0
2867159,2867160,19.0,1159327,3,1,2,1,6.0,-9.0,-9.0,14.0,4.0,-9,0.0,22798.0,2142.0
2867160,2867161,17.0,1159327,4,2,2,1,1.0,5.0,5.0,13.0,4.0,4481,5.0,22798.0,2142.0
2867161,2867162,55.0,1159328,1,1,0,1,1.0,20.0,1.0,-9.0,4.0,4481,5.0,22798.0,2142.0
2867162,2867163,55.0,1159328,2,2,1,1,6.0,-9.0,-9.0,-9.0,4.0,-9,0.0,22798.0,2142.0
2867163,2867164,19.0,1159328,3,1,2,1,6.0,-9.0,-9.0,14.0,4.0,-9,0.0,22798.0,2142.0
2867164,2867165,17.0,1159328,4,2,2,1,1.0,5.0,5.0,13.0,4.0,4481,5.0,22798.0,2142.0
2867165,2867166,55.0,1159329,1,1,0,1,1.0,20.0,1.0,-9.0,4.0,4481,5.0,22790.0,2140.0
2867166,2867167,55.0,1159329,2,2,1,1,6.0,-9.0,-9.0,-9.0,4.0,-9,0.0,22790.0,2140.0
2867167,2867168,19.0,1159329,3,1,2,1,6.0,-9.0,-9.0,14.0,4.0,-9,0.0,22790.0,2140.0
2867168,2867169,17.0,1159329,4,2,2,1,1.0,5.0,5.0,13.0,4.0,4481,5.0,22790.0,2140.0
2867169,2867170,55.0,1159330,1,1,0,1,1.0,20.0,1.0,-9.0,4.0,4481,5.0,22798.0,2142.0
2867170,2867171,55.0,1159330,2,2,1,1,6.0,-9.0,-9.0,-9.0,4.0,-9,0.0,22798.0,2142.0
2867171,2867172,19.0,1159330,3,1,2,1,6.0,-9.0,-9.0,14.0,4.0,-9,0.0,22798.0,2142.0
2867172,2867173,17.0,1159330,4,2,2,1,1.0,5.0,5.0,13.0,4.0,4481,5.0,22798.0,2142.0
2867173,2867174,55.0,1159331,1,1,0,1,1.0,20.0,1.0,-9.0,4.0,4481,5.0,22789.0,2140.0
2867174,2867175,55.0,1159331,2,2,1,1,6.0,-9.0,-9.0,-9.0,4.0,-9,0.0,22789.0,2140.0
2867175,2867176,19.0,1159331,3,1,2,1,6.0,-9.0,-9.0,14.0,4.0,-9,0.0,22789.0,2140.0
2867176,2867177,17.0,1159331,4,2,2,1,1.0,5.0,5.0,13.0,4.0,4481,5.0,22789.0,2140.0
2867177,2867178,55.0,1159332,1,1,0,1,1.0,20.0,1.0,-9.0,4.0,4481,5.0,22789.0,2140.0
2867178,2867179,55.0,1159332,2,2,1,1,6.0,-9.0,-9.0,-9.0,4.0,-9,0.0,22789.0,2140.0
2867179,2867180,19.0,1159332,3,1,2,1,6.0,-9.0,-9.0,14.0,4.0,-9,0.0,22789.0,2140.0
2867180,2867181,17.0,1159332,4,2,2,1,1.0,5.0,5.0,13.0,4.0,4481,5.0,22789.0,2140.0
2867181,2867182,55.0,1159333,1,1,0,1,1.0,20.0,1.0,-9.0,4.0,4481,5.0,22793.0,2140.0
2867182,2867183,55.0,1159333,2,2,1,1,6.0,-9.0,-9.0,-9.0,4.0,-9,0.0,22793.0,2140.0
2867183,2867184,19.0,1159333,3,1,2,1,6.0,-9.0,-9.0,14.0,4.0,-9,0.0,22793.0,2140.0
2867184,2867185,17.0,1159333,4,2,2,1,1.0,5.0,5.0,13.0,4.0,4481,5.0,22793.0,2140.0
2867185,2867186,55.0,1159334,1,1,0,1,1.0,20.0,1.0,-9.0,4.0,4481,5.0,22798.0,2142.0
2867186,2867187,55.0,1159334,2,2,1,1,6.0,-9.0,-9.0,-9.0,4.0,-9,0.0,22798.0,2142.0
2867187,2867188,19.0,1159334,3,1,2,1,6.0,-9.0,-9.0,14.0,4.0,-9,0.0,22798.0,2142.0
2867188,2867189,17.0,1159334,4,2,2,1,1.0,5.0,5.0,13.0,4.0,4481,5.0,22798.0,2142.0
2867189,2867190,55.0,1159335,1,1,0,1,1.0,20.0,1.0,-9.0,4.0,4481,5.0,22789.0,2140.0
2867190,2867191,55.0,1159335,2,2,1,1,6.0,-9.0,-9.0,-9.0,4.0,-9,0.0,22789.0,2140.0
2867191,2867192,19.0,1159335,3,1,2,1,6.0,-9.0,-9.0,14.0,4.0,-9,0.0,22789.0,2140.0
2867192,2867193,17.0,1159335,4,2,2,1,1.0,5.0,5.0,13.0,4.0,4481,5.0,22789.0,2140.0
2867193,2867194,55.0,1159336,1,1,0,1,1.0,20.0,1.0,-9.0,4.0,4481,5.0,22798.0,2142.0
2867194,2867195,55.0,1159336,2,2,1,1,6.0,-9.0,-9.0,-9.0,4.0,-9,0.0,22798.0,2142.0
2867195,2867196,19.0,1159336,3,1,2,1,6.0,-9.0,-9.0,14.0,4.0,-9,0.0,22798.0,2142.0
2867196,2867197,17.0,1159336,4,2,2,1,1.0,5.0,5.0,13.0,4.0,4481,5.0,22798.0,2142.0
2867197,2867198,55.0,1159337,1,1,0,1,1.0,20.0,1.0,-9.0,4.0,4481,5.0,22793.0,2140.0
2867198,2867199,55.0,1159337,2,2,1,1,6.0,-9.0,-9.0,-9.0,4.0,-9,0.0,22793.0,2140.0
2867199,2867200,19.0,1159337,3,1,2,1,6.0,-9.0,-9.0,14.0,4.0,-9,0.0,22793.0,2140.0
2867200,2867201,17.0,1159337,4,2,2,1,1.0,5.0,5.0,13.0,4.0,4481,5.0,22793.0,2140.0
2867201,2867202,55.0,1159338,1,1,0,1,1.0,20.0,1.0,-9.0,4.0,4481,5.0,22789.0,2140.0
2867202,2867203,55.0,1159338,2,2,1,1,6.0,-9.0,-9.0,-9.0,4.0,-9,0.0,22789.0,2140.0
2867203,2867204,19.0,1159338,3,1,2,1,6.0,-9.0,-9.0,14.0,4.0,-9,0.0,22789.0,2140.0
2867204,2867205,17.0,1159338,4,2,2,1,1.0,5.0,5.0,13.0,4.0,4481,5.0,22789.0,2140.0
2867205,2867206,55.0,1159339,1,1,0,1,1.0,20.0,1.0,-9.0,4.0,4481,5.0,22792.0,2140.0
2867206,2867207,55.0,1159339,2,2,1,1,6.0,-9.0,-9.0,-9.0,4.0,-9,0.0,22792.0,2140.0
2867207,2867208,19.0,1159339,3,1,2,1,6.0,-9.0,-9.0,14.0,4.0,-9,0.0,22792.0,2140.0
2867208,2867209,17.0,1159339,4,2,2,1,1.0,5.0,5.0,13.0,4.0,4481,5.0,22792.0,2140.0
2867209,2867210,55.0,1159340,1,1,0,1,1.0,20.0,1.0,-9.0,4.0,4481,5.0,22798.0,2142.0
2867210,2867211,55.0,1159340,2,2,1,1,6.0,-9.0,-9.0,-9.0,4.0,-9,0.0,22798.0,2142.0
2867211,2867212,19.0,1159340,3,1,2,1,6.0,-9.0,-9.0,14.0,4.0,-9,0.0,22798.0,2142.0
2867212,2867213,17.0,1159340,4,2,2,1,1.0,5.0,5.0,13.0,4.0,4481,5.0,22798.0,2142.0
2867213,2867214,55.0,1159341,1,1,0,1,1.0,20.0,1.0,-9.0,4.0,4481,5.0,22798.0,2142.0
2867214,2867215,55.0,1159341,2,2,1,1,6.0,-9.0,-9.0,-9.0,4.0,-9,0.0,22798.0,2142.0
2867215,2867216,19.0,1159341,3,1,2,1,6.0,-9.0,-9.0,14.0,4.0,-9,0.0,22798.0,2142.0
2867216,2867217,17.0,1159341,4,2,2,1,1.0,5.0,5.0,13.0,4.0,4481,5.0,22798.0,2142.0
2867217,2867218,55.0,1159342,1,1,0,1,1.0,20.0,1.0,-9.0,4.0,4481,5.0,22798.0,2142.0
2867218,2867219,55.0,1159342,2,2,1,1,6.0,-9.0,-9.0,-9.0,4.0,-9,0.0,22798.0,2142.0
2867219,2867220,19.0,1159342,3,1,2,1,6.0,-9.0,-9.0,14.0,4.0,-9,0.0,22798.0,2142.0
2867220,2867221,17.0,1159342,4,2,2,1,1.0,5.0,5.0,13.0,4.0,4481,5.0,22798.0,2142.0
2867221,2867222,55.0,1159343,1,1,0,1,1.0,20.0,1.0,-9.0,4.0,4481,5.0,22797.0,2141.0
2867222,2867223,55.0,1159343,2,2,1,1,6.0,-9.0,-9.0,-9.0,4.0,-9,0.0,22797.0,2141.0
2867223,2867224,19.0,1159343,3,1,2,1,6.0,-9.0,-9.0,14.0,4.0,-9,0.0,22797.0,2141.0
2867224,2867225,17.0,1159343,4,2,2,1,1.0,5.0,5.0,13.0,4.0,4481,5.0,22797.0,2141.0
2867225,2867226,55.0,1159344,1,1,0,1,1.0,20.0,1.0,-9.0,4.0,4481,5.0,22798.0,2142.0
2867226,2867227,55.0,1159344,2,2,1,1,6.0,-9.0,-9.0,-9.0,4.0,-9,0.0,22798.0,2142.0
2867227,2867228,19.0,1159344,3,1,2,1,6.0,-9.0,-9.0,14.0,4.0,-9,0.0,22798.0,2142.0
2867228,2867229,17.0,1159344,4,2,2,1,1.0,5.0,5.0,13.0,4.0,4481,5.0,22798.0,2142.0
2867229,2867230,55.0,1159345,1,1,0,1,1.0,20.0,1.0,-9.0,4.0,4481,5.0,22797.0,2141.0
2867230,2867231,55.0,1159345,2,2,1,1,6.0,-9.0,-9.0,-9.0,4.0,-9,0.0,22797.0,2141.0
2867231,2867232,19.0,1159345,3,1,2,1,6.0,-9.0,-9.0,14.0,4.0,-9,0.0,22797.0,2141.0
2867232,2867233,17.0,1159345,4,2,2,1,1.0,5.0,5.0,13.0,4.0,4481,5.0,22797.0,2141.0
2867233,2867234,55.0,1159346,1,1,0,1,1.0,20.0,1.0,-9.0,4.0,4481,5.0,22794.0,2141.0
2867234,2867235,55.0,1159346,2,2,1,1,6.0,-9.0,-9.0,-9.0,4.0,-9,0.0,22794.0,2141.0
2867235,2867236,19.0,1159346,3,1,2,1,6.0,-9.0,-9.0,14.0,4.0,-9,0.0,22794.0,2141.0
2867236,2867237,17.0,1159346,4,2,2,1,1.0,5.0,5.0,13.0,4.0,4481,5.0,22794.0,2141.0
2867237,2867238,55.0,1159347,1,1,0,1,1.0,20.0,1.0,-9.0,4.0,4481,5.0,22790.0,2140.0
2867238,2867239,55.0,1159347,2,2,1,1,6.0,-9.0,-9.0,-9.0,4.0,-9,0.0,22790.0,2140.0
2867239,2867240,19.0,1159347,3,1,2,1,6.0,-9.0,-9.0,14.0,4.0,-9,0.0,22790.0,2140.0
2867240,2867241,17.0,1159347,4,2,2,1,1.0,5.0,5.0,13.0,4.0,4481,5.0,22790.0,2140.0
2867241,2867242,55.0,1159348,1,1,0,1,1.0,20.0,1.0,-9.0,4.0,4481,5.0,22798.0,2142.0
2867242,2867243,55.0,1159348,2,2,1,1,6.0,-9.0,-9.0,-9.0,4.0,-9,0.0,22798.0,2142.0
2867243,2867244,19.0,1159348,3,1,2,1,6.0,-9.0,-9.0,14.0,4.0,-9,0.0,22798.0,2142.0
2867244,2867245,17.0,1159348,4,2,2,1,1.0,5.0,5.0,13.0,4.0,4481,5.0,22798.0,2142.0
2867245,2867246,55.0,1159349,1,1,0,1,1.0,20.0,1.0,-9.0,4.0,4481,5.0,22797.0,2141.0
2867246,2867247,55.0,1159349,2,2,1,1,6.0,-9.0,-9.0,-9.0,4.0,-9,0.0,22797.0,2141.0
2867247,2867248,19.0,1159349,3,1,2,1,6.0,-9.0,-9.0,14.0,4.0,-9,0.0,22797.0,2141.0
2867248,2867249,17.0,1159349,4,2,2,1,1.0,5.0,5.0,13.0,4.0,4481,5.0,22797.0,2141.0
2867249,2867250,55.0,1159350,1,1,0,1,1.0,20.0,1.0,-9.0,4.0,4481,5.0,22798.0,2142.0
2867250,2867251,55.0,1159350,2,2,1,1,6.0,-9.0,-9.0,-9.0,4.0,-9,0.0,22798.0,2142.0
2867251,2867252,19.0,1159350,3,1,2,1,6.0,-9.0,-9.0,14.0,4.0,-9,0.0,22798.0,2142.0
2867252,2867253,17.0,1159350,4,2,2,1,1.0,5.0,5.0,13.0,4.0,4481,5.0,22798.0,2142.0
2867253,2867254,55.0,1159351,1,1,0,1,1.0,20.0,1.0,-9.0,4.0,4481,5.0,22798.0,2142.0
2867254,2867255,55.0,1159351,2,2,1,1,6.0,-9.0,-9.0,-9.0,4.0,-9,0.0,22798.0,2142.0
2867255,2867256,19.0,1159351,3,1,2,1,6.0,-9.0,-9.0,14.0,4.0,-9,0.0,22798.0,2142.0
2867256,2867257,17.0,1159351,4,2,2,1,1.0,5.0,5.0,13.0,4.0,4481,5.0,22798.0,2142.0
2867257,2867258,55.0,1159352,1,1,0,1,1.0,20.0,1.0,-9.0,4.0,4481,5.0,22794.0,2141.0
2867258,2867259,55.0,1159352,2,2,1,1,6.0,-9.0,-9.0,-9.0,4.0,-9,0.0,22794.0,2141.0
2867259,2867260,19.0,1159352,3,1,2,1,6.0,-9.0,-9.0,14.0,4.0,-9,0.0,22794.0,2141.0
2867260,2867261,17.0,1159352,4,2,2,1,1.0,5.0,5.0,13.0,4.0,4481,5.0,22794.0,2141.0
2867261,2867262,55.0,1159353,1,1,0,1,1.0,20.0,1.0,-9.0,4.0,4481,5.0,22793.0,2140.0
2867262,2867263,55.0,1159353,2,2,1,1,6.0,-9.0,-9.0,-9.0,4.0,-9,0.0,22793.0,2140.0
2867263,2867264,19.0,1159353,3,1,2,1,6.0,-9.0,-9.0,14.0,4.0,-9,0.0,22793.0,2140.0
2867264,2867265,17.0,1159353,4,2,2,1,1.0,5.0,5.0,13.0,4.0,4481,5.0,22793.0,2140.0
2867265,2867266,55.0,1159354,1,1,0,1,1.0,20.0,1.0,-9.0,4.0,4481,5.0,22790.0,2140.0
2867266,2867267,55.0,1159354,2,2,1,1,6.0,-9.0,-9.0,-9.0,4.0,-9,0.0,22790.0,2140.0
2867267,2867268,19.0,1159354,3,1,2,1,6.0,-9.0,-9.0,14.0,4.0,-9,0.0,22790.0,2140.0
2867268,2867269,17.0,1159354,4,2,2,1,1.0,5.0,5.0,13.0,4.0,4481,5.0,22790.0,2140.0
2867269,2867270,55.0,1159355,1,1,0,1,1.0,20.0,1.0,-9.0,4.0,4481,5.0,22798.0,2142.0
2867270,2867271,55.0,1159355,2,2,1,1,6.0,-9.0,-9.0,-9.0,4.0,-9,0.0,22798.0,2142.0
2867271,2867272,19.0,1159355,3,1,2,1,6.0,-9.0,-9.0,14.0,4.0,-9,0.0,22798.0,2142.0
2867272,2867273,17.0,1159355,4,2,2,1,1.0,5.0,5.0,13.0,4.0,4481,5.0,22798.0,2142.0
2867273,2867274,55.0,1159356,1,1,0,1,1.0,20.0,1.0,-9.0,4.0,4481,5.0,22798.0,2142.0
2867274,2867275,55.0,1159356,2,2,1,1,6.0,-9.0,-9.0,-9.0,4.0,-9,0.0,22798.0,2142.0
2867275,2867276,19.0,1159356,3,1,2,1,6.0,-9.0,-9.0,14.0,4.0,-9,0.0,22798.0,2142.0
2867276,2867277,17.0,1159356,4,2,2,1,1.0,5.0,5.0,13.0,4.0,4481,5.0,22798.0,2142.0
2867277,2867278,55.0,1159357,1,1,0,1,1.0,20.0,1.0,-9.0,4.0,4481,5.0,22798.0,2142.0
2867278,2867279,55.0,1159357,2,2,1,1,6.0,-9.0,-9.0,-9.0,4.0,-9,0.0,22798.0,2142.0
2867279,2867280,19.0,1159357,3,1,2,1,6.0,-9.0,-9.0,14.0,4.0,-9,0.0,22798.0,2142.0
2867280,2867281,17.0,1159357,4,2,2,1,1.0,5.0,5.0,13.0,4.0,4481,5.0,22798.0,2142.0
2867281,2867282,55.0,1159358,1,1,0,1,1.0,20.0,1.0,-9.0,4.0,4481,5.0,22789.0,2140.0
2867282,2867283,55.0,1159358,2,2,1,1,6.0,-9.0,-9.0,-9.0,4.0,-9,0.0,22789.0,2140.0
2867283,2867284,19.0,1159358,3,1,2,1,6.0,-9.0,-9.0,14.0,4.0,-9,0.0,22789.0,2140.0
2867284,2867285,17.0,1159358,4,2,2,1,1.0,5.0,5.0,13.0,4.0,4481,5.0,22789.0,2140.0
2867285,2867286,55.0,1159359,1,1,0,1,1.0,20.0,1.0,-9.0,4.0,4481,5.0,22789.0,2140.0
2867286,2867287,55.0,1159359,2,2,1,1,6.0,-9.0,-9.0,-9.0,4.0,-9,0.0,22789.0,2140.0
2867287,2867288,19.0,1159359,3,1,2,1,6.0,-9.0,-9.0,14.0,4.0,-9,0.0,22789.0,2140.0
2867288,2867289,17.0,1159359,4,2,2,1,1.0,5.0,5.0,13.0,4.0,4481,5.0,22789.0,2140.0
2867289,2867290,55.0,1159360,1,1,0,1,1.0,20.0,1.0,-9.0,4.0,4481,5.0,22793.0,2140.0
2867290,2867291,55.0,1159360,2,2,1,1,6.0,-9.0,-9.0,-9.0,4.0,-9,0.0,22793.0,2140.0
2867291,2867292,19.0,1159360,3,1,2,1,6.0,-9.0,-9.0,14.0,4.0,-9,0.0,22793.0,2140.0
2867292,2867293,17.0,1159360,4,2,2,1,1.0,5.0,5.0,13.0,4.0,4481,5.0,22793.0,2140.0
2867293,2867294,55.0,1159361,1,1,0,1,1.0,20.0,1.0,-9.0,4.0,4481,5.0,22798.0,2142.0
2867294,2867295,55.0,1159361,2,2,1,1,6.0,-9.0,-9.0,-9.0,4.0,-9,0.0,22798.0,2142.0
2867295,2867296,19.0,1159361,3,1,2,1,6.0,-9.0,-9.0,14.0,4.0,-9,0.0,22798.0,2142.0
2867296,2867297,17.0,1159361,4,2,2,1,1.0,5.0,5.0,13.0,4.0,4481,5.0,22798.0,2142.0
2867297,2867298,55.0,1159362,1,1,0,1,1.0,20.0,1.0,-9.0,4.0,4481,5.0,22792.0,2140.0
2867298,2867299,55.0,1159362,2,2,1,1,6.0,-9.0,-9.0,-9.0,4.0,-9,0.0,22792.0,2140.0
2867299,2867300,19.0,1159362,3,1,2,1,6.0,-9.0,-9.0,14.0,4.0,-9,0.0,22792.0,2140.0
2867300,2867301,17.0,1159362,4,2,2,1,1.0,5.0,5.0,13.0,4.0,4481,5.0,22792.0,2140.0
2867301,2867302,55.0,1159363,1,1,0,1,1.0,20.0,1.0,-9.0,4.0,4481,5.0,22790.0,2140.0
2867302,2867303,55.0,1159363,2,2,1,1,6.0,-9.0,-9.0,-9.0,4.0,-9,0.0,22790.0,2140.0
2867303,2867304,19.0,1159363,3,1,2,1,6.0,-9.0,-9.0,14.0,4.0,-9,0.0,22790.0,2140.0
2867304,2867305,17.0,1159363,4,2,2,1,1.0,5.0,5.0,13.0,4.0,4481,5.0,22790.0,2140.0
2867305,2867306,55.0,1159364,1,1,0,1,1.0,20.0,1.0,-9.0,4.0,4481,5.0,22793.0,2140.0
2867306,2867307,55.0,1159364,2,2,1,1,6.0,-9.0,-9.0,-9.0,4.0,-9,0.0,22793.0,2140.0
2867307,2867308,19.0,1159364,3,1,2,1,6.0,-9.0,-9.0,14.0,4.0,-9,0.0,22793.0,2140.0
2867308,2867309,17.0,1159364,4,2,2,1,1.0,5.0,5.0,13.0,4.0,4481,5.0,22793.0,2140.0
2867309,2867310,55.0,1159365,1,1,0,1,1.0,20.0,1.0,-9.0,4.0,4481,5.0,22798.0,2142.0
2867310,2867311,55.0,1159365,2,2,1,1,6.0,-9.0,-9.0,-9.0,4.0,-9,0.0,22798.0,2142.0
2867311,2867312,19.0,1159365,3,1,2,1,6.0,-9.0,-9.0,14.0,4.0,-9,0.0,22798.0,2142.0
2867312,2867313,17.0,1159365,4,2,2,1,1.0,5.0,5.0,13.0,4.0,4481,5.0,22798.0,2142.0
2867313,2867314,55.0,1159366,1,1,0,1,1.0,20.0,1.0,-9.0,4.0,4481,5.0,22797.0,2141.0
2867314,2867315,55.0,1159366,2,2,1,1,6.0,-9.0,-9.0,-9.0,4.0,-9,0.0,22797.0,2141.0
2867315,2867316,19.0,1159366,3,1,2,1,6.0,-9.0,-9.0,14.0,4.0,-9,0.0,22797.0,2141.0
2867316,2867317,17.0,1159366,4,2,2,1,1.0,5.0,5.0,13.0,4.0,4481,5.0,22797.0,2141.0
2867317,2867318,55.0,1159367,1,1,0,1,1.0,20.0,1.0,-9.0,4.0,4481,5.0,22794.0,2141.0
2867318,2867319,55.0,1159367,2,2,1,1,6.0,-9.0,-9.0,-9.0,4.0,-9,0.0,22794.0,2141.0
2867319,2867320,19.0,1159367,3,1,2,1,6.0,-9.0,-9.0,14.0,4.0,-9,0.0,22794.0,2141.0
2867320,2867321,17.0,1159367,4,2,2,1,1.0,5.0,5.0,13.0,4.0,4481,5.0,22794.0,2141.0
2867321,2867322,55.0,1159368,1,1,0,1,1.0,20.0,1.0,-9.0,4.0,4481,5.0,22794.0,2141.0
2867322,2867323,55.0,1159368,2,2,1,1,6.0,-9.0,-9.0,-9.0,4.0,-9,0.0,22794.0,2141.0
2867323,2867324,19.0,1159368,3,1,2,1,6.0,-9.0,-9.0,14.0,4.0,-9,0.0,22794.0,2141.0
2867324,2867325,17.0,1159368,4,2,2,1,1.0,5.0,5.0,13.0,4.0,4481,5.0,22794.0,2141.0
2867325,2867326,55.0,1159369,1,1,0,1,1.0,20.0,1.0,-9.0,4.0,4481,5.0,22798.0,2142.0
2867326,2867327,55.0,1159369,2,2,1,1,6.0,-9.0,-9.0,-9.0,4.0,-9,0.0,22798.0,2142.0
2867327,2867328,19.0,1159369,3,1,2,1,6.0,-9.0,-9.0,14.0,4.0,-9,0.0,22798.0,2142.0
2867328,2867329,17.0,1159369,4,2,2,1,1.0,5.0,5.0,13.0,4.0,4481,5.0,22798.0,2142.0
2867329,2867330,55.0,1159370,1,1,0,1,1.0,20.0,1.0,-9.0,4.0,4481,5.0,22791.0,2140.0
2867330,2867331,55.0,1159370,2,2,1,1,6.0,-9.0,-9.0,-9.0,4.0,-9,0.0,22791.0,2140.0
2867331,2867332,19.0,1159370,3,1,2,1,6.0,-9.0,-9.0,14.0,4.0,-9,0.0,22791.0,2140.0
2867332,2867333,17.0,1159370,4,2,2,1,1.0,5.0,5.0,13.0,4.0,4481,5.0,22791.0,2140.0
2867333,2867334,55.0,1159371,1,1,0,1,1.0,20.0,1.0,-9.0,4.0,4481,5.0,22791.0,2140.0
2867334,2867335,55.0,1159371,2,2,1,1,6.0,-9.0,-9.0,-9.0,4.0,-9,0.0,22791.0,2140.0
2867335,2867336,19.0,1159371,3,1,2,1,6.0,-9.0,-9.0,14.0,4.0,-9,0.0,22791.0,2140.0
2867336,2867337,17.0,1159371,4,2,2,1,1.0,5.0,5.0,13.0,4.0,4481,5.0,22791.0,2140.0
2867337,2867338,55.0,1159372,1,1,0,1,1.0,20.0,1.0,-9.0,4.0,4481,5.0,22790.0,2140.0
2867338,2867339,55.0,1159372,2,2,1,1,6.0,-9.0,-9.0,-9.0,4.0,-9,0.0,22790.0,2140.0
2867339,2867340,19.0,1159372,3,1,2,1,6.0,-9.0,-9.0,14.0,4.0,-9,0.0,22790.0,2140.0
2867340,2867341,17.0,1159372,4,2,2,1,1.0,5.0,5.0,13.0,4.0,4481,5.0,22790.0,2140.0
2867341,2867342,55.0,1159373,1,1,0,1,1.0,20.0,1.0,-9.0,4.0,4481,5.0,22793.0,2140.0
2867342,2867343,55.0,1159373,2,2,1,1,6.0,-9.0,-9.0,-9.0,4.0,-9,0.0,22793.0,2140.0
2867343,2867344,19.0,1159373,3,1,2,1,6.0,-9.0,-9.0,14.0,4.0,-9,0.0,22793.0,2140.0
2867344,2867345,17.0,1159373,4,2,2,1,1.0,5.0,5.0,13.0,4.0,4481,5.0,22793.0,2140.0
2867345,2867346,55.0,1159374,1,1,0,1,1.0,20.0,1.0,-9.0,4.0,4481,5.0,22790.0,2140.0
2867346,2867347,55.0,1159374,2,2,1,1,6.0,-9.0,-9.0,-9.0,4.0,-9,0.0,22790.0,2140.0
2867347,2867348,19.0,1159374,3,1,2,1,6.0,-9.0,-9.0,14.0,4.0,-9,0.0,22790.0,2140.0
2867348,2867349,17.0,1159374,4,2,2,1,1.0,5.0,5.0,13.0,4.0,4481,5.0,22790.0,2140.0
2867349,2867350,55.0,1159375,1,1,0,1,1.0,20.0,1.0,-9.0,4.0,4481,5.0,22798.0,2142.0
2867350,2867351,55.0,1159375,2,2,1,1,6.0,-9.0,-9.0,-9.0,4.0,-9,0.0,22798.0,2142.0
2867351,2867352,19.0,1159375,3,1,2,1,6.0,-9.0,-9.0,14.0,4.0,-9,0.0,22798.0,2142.0
2867352,2867353,17.0,1159375,4,2,2,1,1.0,5.0,5.0,13.0,4.0,4481,5.0,22798.0,2142.0
2867353,2867354,55.0,1159376,1,1,0,1,1.0,20.0,1.0,-9.0,4.0,4481,5.0,22797.0,2141.0
2867354,2867355,55.0,1159376,2,2,1,1,6.0,-9.0,-9.0,-9.0,4.0,-9,0.0,22797.0,2141.0
2867355,2867356,19.0,1159376,3,1,2,1,6.0,-9.0,-9.0,14.0,4.0,-9,0.0,22797.0,2141.0
2867356,2867357,17.0,1159376,4,2,2,1,1.0,5.0,5.0,13.0,4.0,4481,5.0,22797.0,2141.0
2867357,2867358,55.0,1159377,1,1,0,1,1.0,20.0,1.0,-9.0,4.0,4481,5.0,22793.0,2140.0
2867358,2867359,55.0,1159377,2,2,1,1,6.0,-9.0,-9.0,-9.0,4.0,-9,0.0,22793.0,2140.0
2867359,2867360,19.0,1159377,3,1,2,1,6.0,-9.0,-9.0,14.0,4.0,-9,0.0,22793.0,2140.0
2867360,2867361,17.0,1159377,4,2,2,1,1.0,5.0,5.0,13.0,4.0,4481,5.0,22793.0,2140.0
2867361,2867362,55.0,1159378,1,1,0,1,1.0,20.0,1.0,-9.0,4.0,4481,5.0,22789.0,2140.0
2867362,2867363,55.0,1159378,2,2,1,1,6.0,-9.0,-9.0,-9.0,4.0,-9,0.0,22789.0,2140.0
2867363,2867364,19.0,1159378,3,1,2,1,6.0,-9.0,-9.0,14.0,4.0,-9,0.0,22789.0,2140.0
2867364,2867365,17.0,1159378,4,2,2,1,1.0,5.0,5.0,13.0,4.0,4481,5.0,22789.0,2140.0
2867365,2867366,55.0,1159379,1,1,0,1,1.0,20.0,1.0,-9.0,4.0,4481,5.0,22798.0,2142.0
2867366,2867367,55.0,1159379,2,2,1,1,6.0,-9.0,-9.0,-9.0,4.0,-9,0.0,22798.0,2142.0
2867367,2867368,19.0,1159379,3,1,2,1,6.0,-9.0,-9.0,14.0,4.0,-9,0.0,22798.0,2142.0
2867368,2867369,17.0,1159379,4,2,2,1,1.0,5.0,5.0,13.0,4.0,4481,5.0,22798.0,2142.0
2867369,2867370,55.0,1159380,1,1,0,1,1.0,20.0,1.0,-9.0,4.0,4481,5.0,22793.0,2140.0
2867370,2867371,55.0,1159380,2,2,1,1,6.0,-9.0,-9.0,-9.0,4.0,-9,0.0,22793.0,2140.0
2867371,2867372,19.0,1159380,3,1,2,1,6.0,-9.0,-9.0,14.0,4.0,-9,0.0,22793.0,2140.0
2867372,2867373,17.0,1159380,4,2,2,1,1.0,5.0,5.0,13.0,4.0,4481,5.0,22793.0,2140.0
2867373,2867374,55.0,1159381,1,1,0,1,1.0,20.0,1.0,-9.0,4.0,4481,5.0,22789.0,2140.0
2867374,2867375,55.0,1159381,2,2,1,1,6.0,-9.0,-9.0,-9.0,4.0,-9,0.0,22789.0,2140.0
2867375,2867376,19.0,1159381,3,1,2,1,6.0,-9.0,-9.0,14.0,4.0,-9,0.0,22789.0,2140.0
2867376,2867377,17.0,1159381,4,2,2,1,1.0,5.0,5.0,13.0,4.0,4481,5.0,22789.0,2140.0
2867377,2867378,55.0,1159382,1,1,0,1,1.0,20.0,1.0,-9.0,4.0,4481,5.0,22798.0,2142.0
2867378,2867379,55.0,1159382,2,2,1,1,6.0,-9.0,-9.0,-9.0,4.0,-9,0.0,22798.0,2142.0
2867379,2867380,19.0,1159382,3,1,2,1,6.0,-9.0,-9.0,14.0,4.0,-9,0.0,22798.0,2142.0
2867380,2867381,17.0,1159382,4,2,2,1,1.0,5.0,5.0,13.0,4.0,4481,5.0,22798.0,2142.0
2867381,2867382,55.0,1159383,1,1,0,1,1.0,20.0,1.0,-9.0,4.0,4481,5.0,22798.0,2142.0
2867382,2867383,55.0,1159383,2,2,1,1,6.0,-9.0,-9.0,-9.0,4.0,-9,0.0,22798.0,2142.0
2867383,2867384,19.0,1159383,3,1,2,1,6.0,-9.0,-9.0,14.0,4.0,-9,0.0,22798.0,2142.0
2867384,2867385,17.0,1159383,4,2,2,1,1.0,5.0,5.0,13.0,4.0,4481,5.0,22798.0,2142.0
2867385,2867386,55.0,1159384,1,1,0,1,1.0,20.0,1.0,-9.0,4.0,4481,5.0,22797.0,2141.0
2867386,2867387,55.0,1159384,2,2,1,1,6.0,-9.0,-9.0,-9.0,4.0,-9,0.0,22797.0,2141.0
2867387,2867388,19.0,1159384,3,1,2,1,6.0,-9.0,-9.0,14.0,4.0,-9,0.0,22797.0,2141.0
2867388,2867389,17.0,1159384,4,2,2,1,1.0,5.0,5.0,13.0,4.0,4481,5.0,22797.0,2141.0
2867389,2867390,55.0,1159385,1,1,0,1,1.0,20.0,1.0,-9.0,4.0,4481,5.0,22798.0,2142.0
2867390,2867391,55.0,1159385,2,2,1,1,6.0,-9.0,-9.0,-9.0,4.0,-9,0.0,22798.0,2142.0
2867391,2867392,19.0,1159385,3,1,2,1,6.0,-9.0,-9.0,14.0,4.0,-9,0.0,22798.0,2142.0
2867392,2867393,17.0,1159385,4,2,2,1,1.0,5.0,5.0,13.0,4.0,4481,5.0,22798.0,2142.0
2867393,2867394,55.0,1159386,1,1,0,1,1.0,20.0,1.0,-9.0,4.0,4481,5.0,22798.0,2142.0
2867394,2867395,55.0,1159386,2,2,1,1,6.0,-9.0,-9.0,-9.0,4.0,-9,0.0,22798.0,2142.0
2867395,2867396,19.0,1159386,3,1,2,1,6.0,-9.0,-9.0,14.0,4.0,-9,0.0,22798.0,2142.0
2867396,2867397,17.0,1159386,4,2,2,1,1.0,5.0,5.0,13.0,4.0,4481,5.0,22798.0,2142.0
2867397,2867398,55.0,1159387,1,1,0,1,1.0,20.0,1.0,-9.0,4.0,4481,5.0,22790.0,2140.0
2867398,2867399,55.0,1159387,2,2,1,1,6.0,-9.0,-9.0,-9.0,4.0,-9,0.0,22790.0,2140.0
2867399,2867400,19.0,1159387,3,1,2,1,6.0,-9.0,-9.0,14.0,4.0,-9,0.0,22790.0,2140.0
2867400,2867401,17.0,1159387,4,2,2,1,1.0,5.0,5.0,13.0,4.0,4481,5.0,22790.0,2140.0
2867401,2867402,55.0,1159388,1,1,0,1,1.0,20.0,1.0,-9.0,4.0,4481,5.0,22798.0,2142.0
2867402,2867403,55.0,1159388,2,2,1,1,6.0,-9.0,-9.0,-9.0,4.0,-9,0.0,22798.0,2142.0
2867403,2867404,19.0,1159388,3,1,2,1,6.0,-9.0,-9.0,14.0,4.0,-9,0.0,22798.0,2142.0
2867404,2867405,17.0,1159388,4,2,2,1,1.0,5.0,5.0,13.0,4.0,4481,5.0,22798.0,2142.0
2867405,2867406,55.0,1159389,1,1,0,1,1.0,20.0,1.0,-9.0,4.0,4481,5.0,22794.0,2141.0
2867406,2867407,55.0,1159389,2,2,1,1,6.0,-9.0,-9.0,-9.0,4.0,-9,0.0,22794.0,2141.0
2867407,2867408,19.0,1159389,3,1,2,1,6.0,-9.0,-9.0,14.0,4.0,-9,0.0,22794.0,2141.0
2867408,2867409,17.0,1159389,4,2,2,1,1.0,5.0,5.0,13.0,4.0,4481,5.0,22794.0,2141.0
2867409,2867410,55.0,1159390,1,1,0,1,1.0,20.0,1.0,-9.0,4.0,4481,5.0,22793.0,2140.0
2867410,2867411,55.0,1159390,2,2,1,1,6.0,-9.0,-9.0,-9.0,4.0,-9,0.0,22793.0,2140.0
2867411,2867412,19.0,1159390,3,1,2,1,6.0,-9.0,-9.0,14.0,4.0,-9,0.0,22793.0,2140.0
2867412,2867413,17.0,1159390,4,2,2,1,1.0,5.0,5.0,13.0,4.0,4481,5.0,22793.0,2140.0
2867413,2867414,55.0,1159391,1,1,0,1,1.0,20.0,1.0,-9.0,4.0,4481,5.0,22794.0,2141.0
2867414,2867415,55.0,1159391,2,2,1,1,6.0,-9.0,-9.0,-9.0,4.0,-9,0.0,22794.0,2141.0
2867415,2867416,19.0,1159391,3,1,2,1,6.0,-9.0,-9.0,14.0,4.0,-9,0.0,22794.0,2141.0
2867416,2867417,17.0,1159391,4,2,2,1,1.0,5.0,5.0,13.0,4.0,4481,5.0,22794.0,2141.0
2867417,2867418,55.0,1159392,1,1,0,1,1.0,20.0,1.0,-9.0,4.0,4481,5.0,22797.0,2141.0
2867418,2867419,55.0,1159392,2,2,1,1,6.0,-9.0,-9.0,-9.0,4.0,-9,0.0,22797.0,2141.0
2867419,2867420,19.0,1159392,3,1,2,1,6.0,-9.0,-9.0,14.0,4.0,-9,0.0,22797.0,2141.0
2867420,2867421,17.0,1159392,4,2,2,1,1.0,5.0,5.0,13.0,4.0,4481,5.0,22797.0,2141.0
2867421,2867422,55.0,1159393,1,1,0,1,1.0,20.0,1.0,-9.0,4.0,4481,5.0,22789.0,2140.0
2867422,2867423,55.0,1159393,2,2,1,1,6.0,-9.0,-9.0,-9.0,4.0,-9,0.0,22789.0,2140.0
2867423,2867424,19.0,1159393,3,1,2,1,6.0,-9.0,-9.0,14.0,4.0,-9,0.0,22789.0,2140.0
2867424,2867425,17.0,1159393,4,2,2,1,1.0,5.0,5.0,13.0,4.0,4481,5.0,22789.0,2140.0
2867425,2867426,55.0,1159394,1,1,0,1,1.0,20.0,1.0,-9.0,4.0,4481,5.0,22794.0,2141.0
2867426,2867427,55.0,1159394,2,2,1,1,6.0,-9.0,-9.0,-9.0,4.0,-9,0.0,22794.0,2141.0
2867427,2867428,19.0,1159394,3,1,2,1,6.0,-9.0,-9.0,14.0,4.0,-9,0.0,22794.0,2141.0
2867428,2867429,17.0,1159394,4,2,2,1,1.0,5.0,5.0,13.0,4.0,4481,5.0,22794.0,2141.0
2867429,2867430,55.0,1159395,1,1,0,1,1.0,20.0,1.0,-9.0,4.0,4481,5.0,22794.0,2141.0
2867430,2867431,55.0,1159395,2,2,1,1,6.0,-9.0,-9.0,-9.0,4.0,-9,0.0,22794.0,2141.0
2867431,2867432,19.0,1159395,3,1,2,1,6.0,-9.0,-9.0,14.0,4.0,-9,0.0,22794.0,2141.0
2867432,2867433,17.0,1159395,4,2,2,1,1.0,5.0,5.0,13.0,4.0,4481,5.0,22794.0,2141.0
2867433,2867434,55.0,1159396,1,1,0,1,1.0,20.0,1.0,-9.0,4.0,4481,5.0,22797.0,2141.0
2867434,2867435,55.0,1159396,2,2,1,1,6.0,-9.0,-9.0,-9.0,4.0,-9,0.0,22797.0,2141.0
2867435,2867436,19.0,1159396,3,1,2,1,6.0,-9.0,-9.0,14.0,4.0,-9,0.0,22797.0,2141.0
2867436,2867437,17.0,1159396,4,2,2,1,1.0,5.0,5.0,13.0,4.0,4481,5.0,22797.0,2141.0
2867437,2867438,55.0,1159397,1,1,0,1,1.0,20.0,1.0,-9.0,4.0,4481,5.0,22789.0,2140.0
2867438,2867439,55.0,1159397,2,2,1,1,6.0,-9.0,-9.0,-9.0,4.0,-9,0.0,22789.0,2140.0
2867439,2867440,19.0,1159397,3,1,2,1,6.0,-9.0,-9.0,14.0,4.0,-9,0.0,22789.0,2140.0
2867440,2867441,17.0,1159397,4,2,2,1,1.0,5.0,5.0,13.0,4.0,4481,5.0,22789.0,2140.0
2867441,2867442,55.0,1159398,1,1,0,1,1.0,20.0,1.0,-9.0,4.0,4481,5.0,22798.0,2142.0
2867442,2867443,55.0,1159398,2,2,1,1,6.0,-9.0,-9.0,-9.0,4.0,-9,0.0,22798.0,2142.0
2867443,2867444,19.0,1159398,3,1,2,1,6.0,-9.0,-9.0,14.0,4.0,-9,0.0,22798.0,2142.0
2867444,2867445,17.0,1159398,4,2,2,1,1.0,5.0,5.0,13.0,4.0,4481,5.0,22798.0,2142.0
2867445,2867446,55.0,1159399,1,1,0,1,1.0,20.0,1.0,-9.0,4.0,4481,5.0,22797.0,2141.0
2867446,2867447,55.0,1159399,2,2,1,1,6.0,-9.0,-9.0,-9.0,4.0,-9,0.0,22797.0,2141.0
2867447,2867448,19.0,1159399,3,1,2,1,6.0,-9.0,-9.0,14.0,4.0,-9,0.0,22797.0,2141.0
2867448,2867449,17.0,1159399,4,2,2,1,1.0,5.0,5.0,13.0,4.0,4481,5.0,22797.0,2141.0
2867449,2867450,55.0,1159400,1,1,0,1,1.0,20.0,1.0,-9.0,4.0,4481,5.0,22798.0,2142.0
2867450,2867451,55.0,1159400,2,2,1,1,6.0,-9.0,-9.0,-9.0,4.0,-9,0.0,22798.0,2142.0
2867451,2867452,19.0,1159400,3,1,2,1,6.0,-9.0,-9.0,14.0,4.0,-9,0.0,22798.0,2142.0
2867452,2867453,17.0,1159400,4,2,2,1,1.0,5.0,5.0,13.0,4.0,4481,5.0,22798.0,2142.0
2867453,2867454,55.0,1159401,1,1,0,1,1.0,20.0,1.0,-9.0,4.0,4481,5.0,22793.0,2140.0
2867454,2867455,55.0,1159401,2,2,1,1,6.0,-9.0,-9.0,-9.0,4.0,-9,0.0,22793.0,2140.0
2867455,2867456,19.0,1159401,3,1,2,1,6.0,-9.0,-9.0,14.0,4.0,-9,0.0,22793.0,2140.0
2867456,2867457,17.0,1159401,4,2,2,1,1.0,5.0,5.0,13.0,4.0,4481,5.0,22793.0,2140.0
2867457,2867458,55.0,1159402,1,1,0,1,1.0,20.0,1.0,-9.0,4.0,4481,5.0,22798.0,2142.0
2867458,2867459,55.0,1159402,2,2,1,1,6.0,-9.0,-9.0,-9.0,4.0,-9,0.0,22798.0,2142.0
2867459,2867460,19.0,1159402,3,1,2,1,6.0,-9.0,-9.0,14.0,4.0,-9,0.0,22798.0,2142.0
2867460,2867461,17.0,1159402,4,2,2,1,1.0,5.0,5.0,13.0,4.0,4481,5.0,22798.0,2142.0
2867461,2867462,55.0,1159403,1,1,0,1,1.0,20.0,1.0,-9.0,4.0,4481,5.0,22794.0,2141.0
2867462,2867463,55.0,1159403,2,2,1,1,6.0,-9.0,-9.0,-9.0,4.0,-9,0.0,22794.0,2141.0
2867463,2867464,19.0,1159403,3,1,2,1,6.0,-9.0,-9.0,14.0,4.0,-9,0.0,22794.0,2141.0
2867464,2867465,17.0,1159403,4,2,2,1,1.0,5.0,5.0,13.0,4.0,4481,5.0,22794.0,2141.0
2867465,2867466,55.0,1159404,1,1,0,1,1.0,20.0,1.0,-9.0,4.0,4481,5.0,22790.0,2140.0
2867466,2867467,55.0,1159404,2,2,1,1,6.0,-9.0,-9.0,-9.0,4.0,-9,0.0,22790.0,2140.0
2867467,2867468,19.0,1159404,3,1,2,1,6.0,-9.0,-9.0,14.0,4.0,-9,0.0,22790.0,2140.0
2867468,2867469,17.0,1159404,4,2,2,1,1.0,5.0,5.0,13.0,4.0,4481,5.0,22790.0,2140.0
2867469,2867470,55.0,1159405,1,1,0,1,1.0,20.0,1.0,-9.0,4.0,4481,5.0,22798.0,2142.0
2867470,2867471,55.0,1159405,2,2,1,1,6.0,-9.0,-9.0,-9.0,4.0,-9,0.0,22798.0,2142.0
2867471,2867472,19.0,1159405,3,1,2,1,6.0,-9.0,-9.0,14.0,4.0,-9,0.0,22798.0,2142.0
2867472,2867473,17.0,1159405,4,2,2,1,1.0,5.0,5.0,13.0,4.0,4481,5.0,22798.0,2142.0
2867473,2867474,55.0,1159406,1,1,0,1,1.0,20.0,1.0,-9.0,4.0,4481,5.0,22794.0,2141.0
2867474,2867475,55.0,1159406,2,2,1,1,6.0,-9.0,-9.0,-9.0,4.0,-9,0.0,22794.0,2141.0
2867475,2867476,19.0,1159406,3,1,2,1,6.0,-9.0,-9.0,14.0,4.0,-9,0.0,22794.0,2141.0
2867476,2867477,17.0,1159406,4,2,2,1,1.0,5.0,5.0,13.0,4.0,4481,5.0,22794.0,2141.0
2867477,2867478,55.0,1159407,1,1,0,1,1.0,20.0,1.0,-9.0,4.0,4481,5.0,22797.0,2141.0
2867478,2867479,55.0,1159407,2,2,1,1,6.0,-9.0,-9.0,-9.0,4.0,-9,0.0,22797.0,2141.0
2867479,2867480,19.0,1159407,3,1,2,1,6.0,-9.0,-9.0,14.0,4.0,-9,0.0,22797.0,2141.0
2867480,2867481,17.0,1159407,4,2,2,1,1.0,5.0,5.0,13.0,4.0,4481,5.0,22797.0,2141.0
2867481,2867482,55.0,1159408,1,1,0,1,1.0,20.0,1.0,-9.0,4.0,4481,5.0,22791.0,2140.0
2867482,2867483,55.0,1159408,2,2,1,1,6.0,-9.0,-9.0,-9.0,4.0,-9,0.0,22791.0,2140.0
2867483,2867484,19.0,1159408,3,1,2,1,6.0,-9.0,-9.0,14.0,4.0,-9,0.0,22791.0,2140.0
2867484,2867485,17.0,1159408,4,2,2,1,1.0,5.0,5.0,13.0,4.0,4481,5.0,22791.0,2140.0
2867485,2867486,55.0,1159409,1,1,0,1,1.0,20.0,1.0,-9.0,4.0,4481,5.0,22798.0,2142.0
2867486,2867487,55.0,1159409,2,2,1,1,6.0,-9.0,-9.0,-9.0,4.0,-9,0.0,22798.0,2142.0
2867487,2867488,19.0,1159409,3,1,2,1,6.0,-9.0,-9.0,14.0,4.0,-9,0.0,22798.0,2142.0
2867488,2867489,17.0,1159409,4,2,2,1,1.0,5.0,5.0,13.0,4.0,4481,5.0,22798.0,2142.0
2867489,2867490,55.0,1159410,1,1,0,1,1.0,20.0,1.0,-9.0,4.0,4481,5.0,22794.0,2141.0
2867490,2867491,55.0,1159410,2,2,1,1,6.0,-9.0,-9.0,-9.0,4.0,-9,0.0,22794.0,2141.0
2867491,2867492,19.0,1159410,3,1,2,1,6.0,-9.0,-9.0,14.0,4.0,-9,0.0,22794.0,2141.0
2867492,2867493,17.0,1159410,4,2,2,1,1.0,5.0,5.0,13.0,4.0,4481,5.0,22794.0,2141.0
2867493,2867494,55.0,1159411,1,1,0,1,1.0,20.0,1.0,-9.0,4.0,4481,5.0,22790.0,2140.0
2867494,2867495,55.0,1159411,2,2,1,1,6.0,-9.0,-9.0,-9.0,4.0,-9,0.0,22790.0,2140.0
2867495,2867496,19.0,1159411,3,1,2,1,6.0,-9.0,-9.0,14.0,4.0,-9,0.0,22790.0,2140.0
2867496,2867497,17.0,1159411,4,2,2,1,1.0,5.0,5.0,13.0,4.0,4481,5.0,22790.0,2140.0
2867497,2867498,55.0,1159412,1,1,0,1,1.0,20.0,1.0,-9.0,4.0,4481,5.0,22790.0,2140.0
2867498,2867499,55.0,1159412,2,2,1,1,6.0,-9.0,-9.0,-9.0,4.0,-9,0.0,22790.0,2140.0
2867499,2867500,19.0,1159412,3,1,2,1,6.0,-9.0,-9.0,14.0,4.0,-9,0.0,22790.0,2140.0
2867500,2867501,17.0,1159412,4,2,2,1,1.0,5.0,5.0,13.0,4.0,4481,5.0,22790.0,2140.0
2867501,2867502,55.0,1159413,1,1,0,1,1.0,20.0,1.0,-9.0,4.0,4481,5.0,22789.0,2140.0
2867502,2867503,55.0,1159413,2,2,1,1,6.0,-9.0,-9.0,-9.0,4.0,-9,0.0,22789.0,2140.0
2867503,2867504,19.0,1159413,3,1,2,1,6.0,-9.0,-9.0,14.0,4.0,-9,0.0,22789.0,2140.0
2867504,2867505,17.0,1159413,4,2,2,1,1.0,5.0,5.0,13.0,4.0,4481,5.0,22789.0,2140.0
2867505,2867506,55.0,1159414,1,1,0,1,1.0,20.0,1.0,-9.0,4.0,4481,5.0,22794.0,2141.0
2867506,2867507,55.0,1159414,2,2,1,1,6.0,-9.0,-9.0,-9.0,4.0,-9,0.0,22794.0,2141.0
2867507,2867508,19.0,1159414,3,1,2,1,6.0,-9.0,-9.0,14.0,4.0,-9,0.0,22794.0,2141.0
2867508,2867509,17.0,1159414,4,2,2,1,1.0,5.0,5.0,13.0,4.0,4481,5.0,22794.0,2141.0
2867509,2867510,55.0,1159415,1,1,0,1,1.0,20.0,1.0,-9.0,4.0,4481,5.0,22798.0,2142.0
2867510,2867511,55.0,1159415,2,2,1,1,6.0,-9.0,-9.0,-9.0,4.0,-9,0.0,22798.0,2142.0
2867511,2867512,19.0,1159415,3,1,2,1,6.0,-9.0,-9.0,14.0,4.0,-9,0.0,22798.0,2142.0
2867512,2867513,17.0,1159415,4,2,2,1,1.0,5.0,5.0,13.0,4.0,4481,5.0,22798.0,2142.0
2867513,2867514,55.0,1159416,1,1,0,1,1.0,20.0,1.0,-9.0,4.0,4481,5.0,22794.0,2141.0
2867514,2867515,55.0,1159416,2,2,1,1,6.0,-9.0,-9.0,-9.0,4.0,-9,0.0,22794.0,2141.0
2867515,2867516,19.0,1159416,3,1,2,1,6.0,-9.0,-9.0,14.0,4.0,-9,0.0,22794.0,2141.0
2867516,2867517,17.0,1159416,4,2,2,1,1.0,5.0,5.0,13.0,4.0,4481,5.0,22794.0,2141.0
2867517,2867518,55.0,1159417,1,1,0,1,1.0,20.0,1.0,-9.0,4.0,4481,5.0,22798.0,2142.0
2867518,2867519,55.0,1159417,2,2,1,1,6.0,-9.0,-9.0,-9.0,4.0,-9,0.0,22798.0,2142.0
2867519,2867520,19.0,1159417,3,1,2,1,6.0,-9.0,-9.0,14.0,4.0,-9,0.0,22798.0,2142.0
2867520,2867521,17.0,1159417,4,2,2,1,1.0,5.0,5.0,13.0,4.0,4481,5.0,22798.0,2142.0
2867521,2867522,55.0,1159418,1,1,0,1,1.0,20.0,1.0,-9.0,4.0,4481,5.0,22790.0,2140.0
2867522,2867523,55.0,1159418,2,2,1,1,6.0,-9.0,-9.0,-9.0,4.0,-9,0.0,22790.0,2140.0
2867523,2867524,19.0,1159418,3,1,2,1,6.0,-9.0,-9.0,14.0,4.0,-9,0.0,22790.0,2140.0
2867524,2867525,17.0,1159418,4,2,2,1,1.0,5.0,5.0,13.0,4.0,4481,5.0,22790.0,2140.0
2867525,2867526,55.0,1159419,1,1,0,1,1.0,20.0,1.0,-9.0,4.0,4481,5.0,22789.0,2140.0
2867526,2867527,55.0,1159419,2,2,1,1,6.0,-9.0,-9.0,-9.0,4.0,-9,0.0,22789.0,2140.0
2867527,2867528,19.0,1159419,3,1,2,1,6.0,-9.0,-9.0,14.0,4.0,-9,0.0,22789.0,2140.0
2867528,2867529,17.0,1159419,4,2,2,1,1.0,5.0,5.0,13.0,4.0,4481,5.0,22789.0,2140.0
2867529,2867530,55.0,1159420,1,1,0,1,1.0,20.0,1.0,-9.0,4.0,4481,5.0,22790.0,2140.0
2867530,2867531,55.0,1159420,2,2,1,1,6.0,-9.0,-9.0,-9.0,4.0,-9,0.0,22790.0,2140.0
2867531,2867532,19.0,1159420,3,1,2,1,6.0,-9.0,-9.0,14.0,4.0,-9,0.0,22790.0,2140.0
2867532,2867533,17.0,1159420,4,2,2,1,1.0,5.0,5.0,13.0,4.0,4481,5.0,22790.0,2140.0
2867533,2867534,55.0,1159421,1,1,0,1,1.0,20.0,1.0,-9.0,4.0,4481,5.0,22790.0,2140.0
2867534,2867535,55.0,1159421,2,2,1,1,6.0,-9.0,-9.0,-9.0,4.0,-9,0.0,22790.0,2140.0
2867535,2867536,19.0,1159421,3,1,2,1,6.0,-9.0,-9.0,14.0,4.0,-9,0.0,22790.0,2140.0
2867536,2867537,17.0,1159421,4,2,2,1,1.0,5.0,5.0,13.0,4.0,4481,5.0,22790.0,2140.0
2867537,2867538,55.0,1159422,1,1,0,1,1.0,20.0,1.0,-9.0,4.0,4481,5.0,22793.0,2140.0
2867538,2867539,55.0,1159422,2,2,1,1,6.0,-9.0,-9.0,-9.0,4.0,-9,0.0,22793.0,2140.0
2867539,2867540,19.0,1159422,3,1,2,1,6.0,-9.0,-9.0,14.0,4.0,-9,0.0,22793.0,2140.0
2867540,2867541,17.0,1159422,4,2,2,1,1.0,5.0,5.0,13.0,4.0,4481,5.0,22793.0,2140.0
2867541,2867542,55.0,1159423,1,1,0,1,1.0,20.0,1.0,-9.0,4.0,4481,5.0,22794.0,2141.0
2867542,2867543,55.0,1159423,2,2,1,1,6.0,-9.0,-9.0,-9.0,4.0,-9,0.0,22794.0,2141.0
2867543,2867544,19.0,1159423,3,1,2,1,6.0,-9.0,-9.0,14.0,4.0,-9,0.0,22794.0,2141.0
2867544,2867545,17.0,1159423,4,2,2,1,1.0,5.0,5.0,13.0,4.0,4481,5.0,22794.0,2141.0
2867545,2867546,55.0,1159424,1,1,0,1,1.0,20.0,1.0,-9.0,4.0,4481,5.0,22798.0,2142.0
2867546,2867547,55.0,1159424,2,2,1,1,6.0,-9.0,-9.0,-9.0,4.0,-9,0.0,22798.0,2142.0
2867547,2867548,19.0,1159424,3,1,2,1,6.0,-9.0,-9.0,14.0,4.0,-9,0.0,22798.0,2142.0
2867548,2867549,17.0,1159424,4,2,2,1,1.0,5.0,5.0,13.0,4.0,4481,5.0,22798.0,2142.0
2867549,2867550,55.0,1159425,1,1,0,1,1.0,20.0,1.0,-9.0,4.0,4481,5.0,22798.0,2142.0
2867550,2867551,55.0,1159425,2,2,1,1,6.0,-9.0,-9.0,-9.0,4.0,-9,0.0,22798.0,2142.0
2867551,2867552,19.0,1159425,3,1,2,1,6.0,-9.0,-9.0,14.0,4.0,-9,0.0,22798.0,2142.0
2867552,2867553,17.0,1159425,4,2,2,1,1.0,5.0,5.0,13.0,4.0,4481,5.0,22798.0,2142.0
2867553,2867554,55.0,1159426,1,1,0,1,1.0,20.0,1.0,-9.0,4.0,4481,5.0,22794.0,2141.0
2867554,2867555,55.0,1159426,2,2,1,1,6.0,-9.0,-9.0,-9.0,4.0,-9,0.0,22794.0,2141.0
2867555,2867556,19.0,1159426,3,1,2,1,6.0,-9.0,-9.0,14.0,4.0,-9,0.0,22794.0,2141.0
2867556,2867557,17.0,1159426,4,2,2,1,1.0,5.0,5.0,13.0,4.0,4481,5.0,22794.0,2141.0
2867557,2867558,55.0,1159427,1,1,0,1,1.0,20.0,1.0,-9.0,4.0,4481,5.0,22798.0,2142.0
2867558,2867559,55.0,1159427,2,2,1,1,6.0,-9.0,-9.0,-9.0,4.0,-9,0.0,22798.0,2142.0
2867559,2867560,19.0,1159427,3,1,2,1,6.0,-9.0,-9.0,14.0,4.0,-9,0.0,22798.0,2142.0
2867560,2867561,17.0,1159427,4,2,2,1,1.0,5.0,5.0,13.0,4.0,4481,5.0,22798.0,2142.0
2867561,2867562,55.0,1159428,1,1,0,1,1.0,20.0,1.0,-9.0,4.0,4481,5.0,22794.0,2141.0
2867562,2867563,55.0,1159428,2,2,1,1,6.0,-9.0,-9.0,-9.0,4.0,-9,0.0,22794.0,2141.0
2867563,2867564,19.0,1159428,3,1,2,1,6.0,-9.0,-9.0,14.0,4.0,-9,0.0,22794.0,2141.0
2867564,2867565,17.0,1159428,4,2,2,1,1.0,5.0,5.0,13.0,4.0,4481,5.0,22794.0,2141.0
2867565,2867566,55.0,1159429,1,1,0,1,1.0,20.0,1.0,-9.0,4.0,4481,5.0,22794.0,2141.0
2867566,2867567,55.0,1159429,2,2,1,1,6.0,-9.0,-9.0,-9.0,4.0,-9,0.0,22794.0,2141.0
2867567,2867568,19.0,1159429,3,1,2,1,6.0,-9.0,-9.0,14.0,4.0,-9,0.0,22794.0,2141.0
2867568,2867569,17.0,1159429,4,2,2,1,1.0,5.0,5.0,13.0,4.0,4481,5.0,22794.0,2141.0
2867569,2867570,55.0,1159430,1,1,0,1,1.0,20.0,1.0,-9.0,4.0,4481,5.0,22794.0,2141.0
2867570,2867571,55.0,1159430,2,2,1,1,6.0,-9.0,-9.0,-9.0,4.0,-9,0.0,22794.0,2141.0
2867571,2867572,19.0,1159430,3,1,2,1,6.0,-9.0,-9.0,14.0,4.0,-9,0.0,22794.0,2141.0
2867572,2867573,17.0,1159430,4,2,2,1,1.0,5.0,5.0,13.0,4.0,4481,5.0,22794.0,2141.0
2867573,2867574,55.0,1159431,1,1,0,1,1.0,20.0,1.0,-9.0,4.0,4481,5.0,22798.0,2142.0
2867574,2867575,55.0,1159431,2,2,1,1,6.0,-9.0,-9.0,-9.0,4.0,-9,0.0,22798.0,2142.0
2867575,2867576,19.0,1159431,3,1,2,1,6.0,-9.0,-9.0,14.0,4.0,-9,0.0,22798.0,2142.0
2867576,2867577,17.0,1159431,4,2,2,1,1.0,5.0,5.0,13.0,4.0,4481,5.0,22798.0,2142.0
2867577,2867578,55.0,1159432,1,1,0,1,1.0,20.0,1.0,-9.0,4.0,4481,5.0,22793.0,2140.0
2867578,2867579,55.0,1159432,2,2,1,1,6.0,-9.0,-9.0,-9.0,4.0,-9,0.0,22793.0,2140.0
2867579,2867580,19.0,1159432,3,1,2,1,6.0,-9.0,-9.0,14.0,4.0,-9,0.0,22793.0,2140.0
2867580,2867581,17.0,1159432,4,2,2,1,1.0,5.0,5.0,13.0,4.0,4481,5.0,22793.0,2140.0
2867581,2867582,55.0,1159433,1,1,0,1,1.0,20.0,1.0,-9.0,4.0,4481,5.0,22790.0,2140.0
2867582,2867583,55.0,1159433,2,2,1,1,6.0,-9.0,-9.0,-9.0,4.0,-9,0.0,22790.0,2140.0
2867583,2867584,19.0,1159433,3,1,2,1,6.0,-9.0,-9.0,14.0,4.0,-9,0.0,22790.0,2140.0
2867584,2867585,17.0,1159433,4,2,2,1,1.0,5.0,5.0,13.0,4.0,4481,5.0,22790.0,2140.0
2867585,2867586,55.0,1159434,1,1,0,1,1.0,20.0,1.0,-9.0,4.0,4481,5.0,22798.0,2142.0
2867586,2867587,55.0,1159434,2,2,1,1,6.0,-9.0,-9.0,-9.0,4.0,-9,0.0,22798.0,2142.0
2867587,2867588,19.0,1159434,3,1,2,1,6.0,-9.0,-9.0,14.0,4.0,-9,0.0,22798.0,2142.0
2867588,2867589,17.0,1159434,4,2,2,1,1.0,5.0,5.0,13.0,4.0,4481,5.0,22798.0,2142.0
2867589,2867590,55.0,1159435,1,1,0,1,1.0,20.0,1.0,-9.0,4.0,4481,5.0,22798.0,2142.0
2867590,2867591,55.0,1159435,2,2,1,1,6.0,-9.0,-9.0,-9.0,4.0,-9,0.0,22798.0,2142.0
2867591,2867592,19.0,1159435,3,1,2,1,6.0,-9.0,-9.0,14.0,4.0,-9,0.0,22798.0,2142.0
2867592,2867593,17.0,1159435,4,2,2,1,1.0,5.0,5.0,13.0,4.0,4481,5.0,22798.0,2142.0
2867593,2867594,55.0,1159436,1,1,0,1,1.0,20.0,1.0,-9.0,4.0,4481,5.0,22798.0,2142.0
2867594,2867595,55.0,1159436,2,2,1,1,6.0,-9.0,-9.0,-9.0,4.0,-9,0.0,22798.0,2142.0
2867595,2867596,19.0,1159436,3,1,2,1,6.0,-9.0,-9.0,14.0,4.0,-9,0.0,22798.0,2142.0
2867596,2867597,17.0,1159436,4,2,2,1,1.0,5.0,5.0,13.0,4.0,4481,5.0,22798.0,2142.0
2867597,2867598,55.0,1159437,1,1,0,1,1.0,20.0,1.0,-9.0,4.0,4481,5.0,22789.0,2140.0
2867598,2867599,55.0,1159437,2,2,1,1,6.0,-9.0,-9.0,-9.0,4.0,-9,0.0,22789.0,2140.0
2867599,2867600,19.0,1159437,3,1,2,1,6.0,-9.0,-9.0,14.0,4.0,-9,0.0,22789.0,2140.0
2867600,2867601,17.0,1159437,4,2,2,1,1.0,5.0,5.0,13.0,4.0,4481,5.0,22789.0,2140.0
2867601,2867602,55.0,1159438,1,1,0,1,1.0,20.0,1.0,-9.0,4.0,4481,5.0,22794.0,2141.0
2867602,2867603,55.0,1159438,2,2,1,1,6.0,-9.0,-9.0,-9.0,4.0,-9,0.0,22794.0,2141.0
2867603,2867604,19.0,1159438,3,1,2,1,6.0,-9.0,-9.0,14.0,4.0,-9,0.0,22794.0,2141.0
2867604,2867605,17.0,1159438,4,2,2,1,1.0,5.0,5.0,13.0,4.0,4481,5.0,22794.0,2141.0
2867605,2867606,55.0,1159439,1,1,0,1,1.0,20.0,1.0,-9.0,4.0,4481,5.0,22798.0,2142.0
2867606,2867607,55.0,1159439,2,2,1,1,6.0,-9.0,-9.0,-9.0,4.0,-9,0.0,22798.0,2142.0
2867607,2867608,19.0,1159439,3,1,2,1,6.0,-9.0,-9.0,14.0,4.0,-9,0.0,22798.0,2142.0
2867608,2867609,17.0,1159439,4,2,2,1,1.0,5.0,5.0,13.0,4.0,4481,5.0,22798.0,2142.0
2867609,2867610,55.0,1159440,1,1,0,1,1.0,20.0,1.0,-9.0,4.0,4481,5.0,22798.0,2142.0
2867610,2867611,55.0,1159440,2,2,1,1,6.0,-9.0,-9.0,-9.0,4.0,-9,0.0,22798.0,2142.0
2867611,2867612,19.0,1159440,3,1,2,1,6.0,-9.0,-9.0,14.0,4.0,-9,0.0,22798.0,2142.0
2867612,2867613,17.0,1159440,4,2,2,1,1.0,5.0,5.0,13.0,4.0,4481,5.0,22798.0,2142.0
2867613,2867614,55.0,1159441,1,1,0,1,1.0,20.0,1.0,-9.0,4.0,4481,5.0,22793.0,2140.0
2867614,2867615,55.0,1159441,2,2,1,1,6.0,-9.0,-9.0,-9.0,4.0,-9,0.0,22793.0,2140.0
2867615,2867616,19.0,1159441,3,1,2,1,6.0,-9.0,-9.0,14.0,4.0,-9,0.0,22793.0,2140.0
2867616,2867617,17.0,1159441,4,2,2,1,1.0,5.0,5.0,13.0,4.0,4481,5.0,22793.0,2140.0
2867617,2867618,55.0,1159442,1,1,0,1,1.0,20.0,1.0,-9.0,4.0,4481,5.0,22798.0,2142.0
2867618,2867619,55.0,1159442,2,2,1,1,6.0,-9.0,-9.0,-9.0,4.0,-9,0.0,22798.0,2142.0
2867619,2867620,19.0,1159442,3,1,2,1,6.0,-9.0,-9.0,14.0,4.0,-9,0.0,22798.0,2142.0
2867620,2867621,17.0,1159442,4,2,2,1,1.0,5.0,5.0,13.0,4.0,4481,5.0,22798.0,2142.0
2867621,2867622,55.0,1159443,1,1,0,1,1.0,20.0,1.0,-9.0,4.0,4481,5.0,22794.0,2141.0
2867622,2867623,55.0,1159443,2,2,1,1,6.0,-9.0,-9.0,-9.0,4.0,-9,0.0,22794.0,2141.0
2867623,2867624,19.0,1159443,3,1,2,1,6.0,-9.0,-9.0,14.0,4.0,-9,0.0,22794.0,2141.0
2867624,2867625,17.0,1159443,4,2,2,1,1.0,5.0,5.0,13.0,4.0,4481,5.0,22794.0,2141.0
2867625,2867626,55.0,1159444,1,1,0,1,1.0,20.0,1.0,-9.0,4.0,4481,5.0,22798.0,2142.0
2867626,2867627,55.0,1159444,2,2,1,1,6.0,-9.0,-9.0,-9.0,4.0,-9,0.0,22798.0,2142.0
2867627,2867628,19.0,1159444,3,1,2,1,6.0,-9.0,-9.0,14.0,4.0,-9,0.0,22798.0,2142.0
2867628,2867629,17.0,1159444,4,2,2,1,1.0,5.0,5.0,13.0,4.0,4481,5.0,22798.0,2142.0
2867629,2867630,55.0,1159445,1,1,0,1,1.0,20.0,1.0,-9.0,4.0,4481,5.0,22798.0,2142.0
2867630,2867631,55.0,1159445,2,2,1,1,6.0,-9.0,-9.0,-9.0,4.0,-9,0.0,22798.0,2142.0
2867631,2867632,19.0,1159445,3,1,2,1,6.0,-9.0,-9.0,14.0,4.0,-9,0.0,22798.0,2142.0
2867632,2867633,17.0,1159445,4,2,2,1,1.0,5.0,5.0,13.0,4.0,4481,5.0,22798.0,2142.0
2867633,2867634,47.0,1159446,1,1,0,1,1.0,50.0,1.0,-9.0,4.0,53M,9.0,22798.0,2142.0
2867634,2867635,48.0,1159446,2,2,1,1,6.0,15.0,3.0,-9.0,4.0,5111Z,8.0,22798.0,2142.0
2867635,2867636,18.0,1159446,3,1,2,1,1.0,10.0,6.0,14.0,4.0,722Z,16.0,22798.0,2142.0
2867636,2867637,15.0,1159446,4,1,2,1,-9.0,-9.0,-9.0,11.0,-9.0,-9,0.0,22798.0,2142.0
2867637,2867638,47.0,1159447,1,1,0,1,1.0,50.0,1.0,-9.0,4.0,53M,9.0,22798.0,2142.0
2867638,2867639,48.0,1159447,2,2,1,1,6.0,15.0,3.0,-9.0,4.0,5111Z,8.0,22798.0,2142.0
2867639,2867640,18.0,1159447,3,1,2,1,1.0,10.0,6.0,14.0,4.0,722Z,16.0,22798.0,2142.0
2867640,2867641,15.0,1159447,4,1,2,1,-9.0,-9.0,-9.0,11.0,-9.0,-9,0.0,22798.0,2142.0
2867641,2867642,47.0,1159448,1,1,0,1,1.0,50.0,1.0,-9.0,4.0,53M,9.0,22794.0,2141.0
2867642,2867643,48.0,1159448,2,2,1,1,6.0,15.0,3.0,-9.0,4.0,5111Z,8.0,22794.0,2141.0
2867643,2867644,18.0,1159448,3,1,2,1,1.0,10.0,6.0,14.0,4.0,722Z,16.0,22794.0,2141.0
2867644,2867645,15.0,1159448,4,1,2,1,-9.0,-9.0,-9.0,11.0,-9.0,-9,0.0,22794.0,2141.0
2867645,2867646,47.0,1159449,1,1,0,1,1.0,50.0,1.0,-9.0,4.0,53M,9.0,22790.0,2140.0
2867646,2867647,48.0,1159449,2,2,1,1,6.0,15.0,3.0,-9.0,4.0,5111Z,8.0,22790.0,2140.0
2867647,2867648,18.0,1159449,3,1,2,1,1.0,10.0,6.0,14.0,4.0,722Z,16.0,22790.0,2140.0
2867648,2867649,15.0,1159449,4,1,2,1,-9.0,-9.0,-9.0,11.0,-9.0,-9,0.0,22790.0,2140.0
2867649,2867650,47.0,1159450,1,1,0,1,1.0,50.0,1.0,-9.0,4.0,53M,9.0,22791.0,2140.0
2867650,2867651,48.0,1159450,2,2,1,1,6.0,15.0,3.0,-9.0,4.0,5111Z,8.0,22791.0,2140.0
2867651,2867652,18.0,1159450,3,1,2,1,1.0,10.0,6.0,14.0,4.0,722Z,16.0,22791.0,2140.0
2867652,2867653,15.0,1159450,4,1,2,1,-9.0,-9.0,-9.0,11.0,-9.0,-9,0.0,22791.0,2140.0
2867653,2867654,47.0,1159451,1,1,0,1,1.0,50.0,1.0,-9.0,4.0,53M,9.0,22793.0,2140.0
2867654,2867655,48.0,1159451,2,2,1,1,6.0,15.0,3.0,-9.0,4.0,5111Z,8.0,22793.0,2140.0
2867655,2867656,18.0,1159451,3,1,2,1,1.0,10.0,6.0,14.0,4.0,722Z,16.0,22793.0,2140.0
2867656,2867657,15.0,1159451,4,1,2,1,-9.0,-9.0,-9.0,11.0,-9.0,-9,0.0,22793.0,2140.0
2867657,2867658,47.0,1159452,1,1,0,1,1.0,50.0,1.0,-9.0,4.0,53M,9.0,22789.0,2140.0
2867658,2867659,48.0,1159452,2,2,1,1,6.0,15.0,3.0,-9.0,4.0,5111Z,8.0,22789.0,2140.0
2867659,2867660,18.0,1159452,3,1,2,1,1.0,10.0,6.0,14.0,4.0,722Z,16.0,22789.0,2140.0
2867660,2867661,15.0,1159452,4,1,2,1,-9.0,-9.0,-9.0,11.0,-9.0,-9,0.0,22789.0,2140.0
2867661,2867662,47.0,1159453,1,1,0,1,1.0,50.0,1.0,-9.0,4.0,53M,9.0,22794.0,2141.0
2867662,2867663,48.0,1159453,2,2,1,1,6.0,15.0,3.0,-9.0,4.0,5111Z,8.0,22794.0,2141.0
2867663,2867664,18.0,1159453,3,1,2,1,1.0,10.0,6.0,14.0,4.0,722Z,16.0,22794.0,2141.0
2867664,2867665,15.0,1159453,4,1,2,1,-9.0,-9.0,-9.0,11.0,-9.0,-9,0.0,22794.0,2141.0
2867665,2867666,47.0,1159454,1,1,0,1,1.0,50.0,1.0,-9.0,4.0,53M,9.0,22793.0,2140.0
2867666,2867667,48.0,1159454,2,2,1,1,6.0,15.0,3.0,-9.0,4.0,5111Z,8.0,22793.0,2140.0
2867667,2867668,18.0,1159454,3,1,2,1,1.0,10.0,6.0,14.0,4.0,722Z,16.0,22793.0,2140.0
2867668,2867669,15.0,1159454,4,1,2,1,-9.0,-9.0,-9.0,11.0,-9.0,-9,0.0,22793.0,2140.0
2867669,2867670,47.0,1159455,1,1,0,1,1.0,50.0,1.0,-9.0,4.0,53M,9.0,22798.0,2142.0
2867670,2867671,48.0,1159455,2,2,1,1,6.0,15.0,3.0,-9.0,4.0,5111Z,8.0,22798.0,2142.0
2867671,2867672,18.0,1159455,3,1,2,1,1.0,10.0,6.0,14.0,4.0,722Z,16.0,22798.0,2142.0
2867672,2867673,15.0,1159455,4,1,2,1,-9.0,-9.0,-9.0,11.0,-9.0,-9,0.0,22798.0,2142.0
2867673,2867674,47.0,1159456,1,1,0,1,1.0,50.0,1.0,-9.0,4.0,53M,9.0,22798.0,2142.0
2867674,2867675,48.0,1159456,2,2,1,1,6.0,15.0,3.0,-9.0,4.0,5111Z,8.0,22798.0,2142.0
2867675,2867676,18.0,1159456,3,1,2,1,1.0,10.0,6.0,14.0,4.0,722Z,16.0,22798.0,2142.0
2867676,2867677,15.0,1159456,4,1,2,1,-9.0,-9.0,-9.0,11.0,-9.0,-9,0.0,22798.0,2142.0
2867677,2867678,47.0,1159457,1,1,0,1,1.0,50.0,1.0,-9.0,4.0,53M,9.0,22790.0,2140.0
2867678,2867679,48.0,1159457,2,2,1,1,6.0,15.0,3.0,-9.0,4.0,5111Z,8.0,22790.0,2140.0
2867679,2867680,18.0,1159457,3,1,2,1,1.0,10.0,6.0,14.0,4.0,722Z,16.0,22790.0,2140.0
2867680,2867681,15.0,1159457,4,1,2,1,-9.0,-9.0,-9.0,11.0,-9.0,-9,0.0,22790.0,2140.0
2867681,2867682,47.0,1159458,1,1,0,1,1.0,50.0,1.0,-9.0,4.0,53M,9.0,22792.0,2140.0
2867682,2867683,48.0,1159458,2,2,1,1,6.0,15.0,3.0,-9.0,4.0,5111Z,8.0,22792.0,2140.0
2867683,2867684,18.0,1159458,3,1,2,1,1.0,10.0,6.0,14.0,4.0,722Z,16.0,22792.0,2140.0
2867684,2867685,15.0,1159458,4,1,2,1,-9.0,-9.0,-9.0,11.0,-9.0,-9,0.0,22792.0,2140.0
2867685,2867686,47.0,1159459,1,1,0,1,1.0,50.0,1.0,-9.0,4.0,53M,9.0,22791.0,2140.0
2867686,2867687,48.0,1159459,2,2,1,1,6.0,15.0,3.0,-9.0,4.0,5111Z,8.0,22791.0,2140.0
2867687,2867688,18.0,1159459,3,1,2,1,1.0,10.0,6.0,14.0,4.0,722Z,16.0,22791.0,2140.0
2867688,2867689,15.0,1159459,4,1,2,1,-9.0,-9.0,-9.0,11.0,-9.0,-9,0.0,22791.0,2140.0
2867689,2867690,47.0,1159460,1,1,0,1,1.0,50.0,1.0,-9.0,4.0,53M,9.0,22798.0,2142.0
2867690,2867691,48.0,1159460,2,2,1,1,6.0,15.0,3.0,-9.0,4.0,5111Z,8.0,22798.0,2142.0
2867691,2867692,18.0,1159460,3,1,2,1,1.0,10.0,6.0,14.0,4.0,722Z,16.0,22798.0,2142.0
2867692,2867693,15.0,1159460,4,1,2,1,-9.0,-9.0,-9.0,11.0,-9.0,-9,0.0,22798.0,2142.0
2867693,2867694,47.0,1159461,1,1,0,1,1.0,50.0,1.0,-9.0,4.0,53M,9.0,22798.0,2142.0
2867694,2867695,48.0,1159461,2,2,1,1,6.0,15.0,3.0,-9.0,4.0,5111Z,8.0,22798.0,2142.0
2867695,2867696,18.0,1159461,3,1,2,1,1.0,10.0,6.0,14.0,4.0,722Z,16.0,22798.0,2142.0
2867696,2867697,15.0,1159461,4,1,2,1,-9.0,-9.0,-9.0,11.0,-9.0,-9,0.0,22798.0,2142.0
2867697,2867698,55.0,1159462,1,2,0,1,1.0,40.0,1.0,-9.0,4.0,713Z,16.0,22794.0,2141.0
2867698,2867699,56.0,1159462,2,1,1,1,1.0,50.0,1.0,-9.0,4.0,611M1,13.0,22794.0,2141.0
2867699,2867700,19.0,1159462,3,2,2,1,1.0,15.0,5.0,15.0,4.0,713Z,16.0,22794.0,2141.0
2867700,2867701,15.0,1159462,4,2,2,1,-9.0,-9.0,-9.0,12.0,-9.0,-9,0.0,22794.0,2141.0
2867701,2867702,55.0,1159463,1,2,0,1,1.0,40.0,1.0,-9.0,4.0,713Z,16.0,22798.0,2142.0
2867702,2867703,56.0,1159463,2,1,1,1,1.0,50.0,1.0,-9.0,4.0,611M1,13.0,22798.0,2142.0
2867703,2867704,19.0,1159463,3,2,2,1,1.0,15.0,5.0,15.0,4.0,713Z,16.0,22798.0,2142.0
2867704,2867705,15.0,1159463,4,2,2,1,-9.0,-9.0,-9.0,12.0,-9.0,-9,0.0,22798.0,2142.0
2867705,2867706,55.0,1159464,1,2,0,1,1.0,40.0,1.0,-9.0,4.0,713Z,16.0,22789.0,2140.0
2867706,2867707,56.0,1159464,2,1,1,1,1.0,50.0,1.0,-9.0,4.0,611M1,13.0,22789.0,2140.0
2867707,2867708,19.0,1159464,3,2,2,1,1.0,15.0,5.0,15.0,4.0,713Z,16.0,22789.0,2140.0
2867708,2867709,15.0,1159464,4,2,2,1,-9.0,-9.0,-9.0,12.0,-9.0,-9,0.0,22789.0,2140.0
2867709,2867710,55.0,1159465,1,2,0,1,1.0,40.0,1.0,-9.0,4.0,713Z,16.0,22797.0,2141.0
2867710,2867711,56.0,1159465,2,1,1,1,1.0,50.0,1.0,-9.0,4.0,611M1,13.0,22797.0,2141.0
2867711,2867712,19.0,1159465,3,2,2,1,1.0,15.0,5.0,15.0,4.0,713Z,16.0,22797.0,2141.0
2867712,2867713,15.0,1159465,4,2,2,1,-9.0,-9.0,-9.0,12.0,-9.0,-9,0.0,22797.0,2141.0
2867713,2867714,55.0,1159466,1,2,0,1,1.0,40.0,1.0,-9.0,4.0,713Z,16.0,22798.0,2142.0
2867714,2867715,56.0,1159466,2,1,1,1,1.0,50.0,1.0,-9.0,4.0,611M1,13.0,22798.0,2142.0
2867715,2867716,19.0,1159466,3,2,2,1,1.0,15.0,5.0,15.0,4.0,713Z,16.0,22798.0,2142.0
2867716,2867717,15.0,1159466,4,2,2,1,-9.0,-9.0,-9.0,12.0,-9.0,-9,0.0,22798.0,2142.0
2867717,2867718,55.0,1159467,1,2,0,1,1.0,40.0,1.0,-9.0,4.0,713Z,16.0,22797.0,2141.0
2867718,2867719,56.0,1159467,2,1,1,1,1.0,50.0,1.0,-9.0,4.0,611M1,13.0,22797.0,2141.0
2867719,2867720,19.0,1159467,3,2,2,1,1.0,15.0,5.0,15.0,4.0,713Z,16.0,22797.0,2141.0
2867720,2867721,15.0,1159467,4,2,2,1,-9.0,-9.0,-9.0,12.0,-9.0,-9,0.0,22797.0,2141.0
2867721,2867722,55.0,1159468,1,2,0,1,1.0,40.0,1.0,-9.0,4.0,713Z,16.0,22790.0,2140.0
2867722,2867723,56.0,1159468,2,1,1,1,1.0,50.0,1.0,-9.0,4.0,611M1,13.0,22790.0,2140.0
2867723,2867724,19.0,1159468,3,2,2,1,1.0,15.0,5.0,15.0,4.0,713Z,16.0,22790.0,2140.0
2867724,2867725,15.0,1159468,4,2,2,1,-9.0,-9.0,-9.0,12.0,-9.0,-9,0.0,22790.0,2140.0
2867725,2867726,55.0,1159469,1,2,0,1,1.0,40.0,1.0,-9.0,4.0,713Z,16.0,22798.0,2142.0
2867726,2867727,56.0,1159469,2,1,1,1,1.0,50.0,1.0,-9.0,4.0,611M1,13.0,22798.0,2142.0
2867727,2867728,19.0,1159469,3,2,2,1,1.0,15.0,5.0,15.0,4.0,713Z,16.0,22798.0,2142.0
2867728,2867729,15.0,1159469,4,2,2,1,-9.0,-9.0,-9.0,12.0,-9.0,-9,0.0,22798.0,2142.0
2867729,2867730,26.0,1159470,1,2,0,4,1.0,40.0,3.0,16.0,4.0,611M1,13.0,22798.0,2142.0
2867730,2867731,24.0,1159470,2,2,12,4,6.0,-9.0,-9.0,16.0,4.0,-9,0.0,22798.0,2142.0
2867731,2867732,26.0,1159471,1,2,0,4,1.0,40.0,3.0,16.0,4.0,611M1,13.0,22789.0,2140.0
2867732,2867733,24.0,1159471,2,2,12,4,6.0,-9.0,-9.0,16.0,4.0,-9,0.0,22789.0,2140.0
2867733,2867734,26.0,1159472,1,2,0,4,1.0,40.0,3.0,16.0,4.0,611M1,13.0,22790.0,2140.0
2867734,2867735,24.0,1159472,2,2,12,4,6.0,-9.0,-9.0,16.0,4.0,-9,0.0,22790.0,2140.0
2867735,2867736,26.0,1159473,1,2,0,4,1.0,40.0,3.0,16.0,4.0,611M1,13.0,22798.0,2142.0
2867736,2867737,24.0,1159473,2,2,12,4,6.0,-9.0,-9.0,16.0,4.0,-9,0.0,22798.0,2142.0
2867737,2867738,26.0,1159474,1,2,0,4,1.0,40.0,3.0,16.0,4.0,611M1,13.0,22794.0,2141.0
2867738,2867739,24.0,1159474,2,2,12,4,6.0,-9.0,-9.0,16.0,4.0,-9,0.0,22794.0,2141.0
2867739,2867740,26.0,1159475,1,2,0,4,1.0,40.0,3.0,16.0,4.0,611M1,13.0,22798.0,2142.0
2867740,2867741,24.0,1159475,2,2,12,4,6.0,-9.0,-9.0,16.0,4.0,-9,0.0,22798.0,2142.0
2867741,2867742,26.0,1159476,1,2,0,4,1.0,40.0,3.0,16.0,4.0,611M1,13.0,22798.0,2142.0
2867742,2867743,24.0,1159476,2,2,12,4,6.0,-9.0,-9.0,16.0,4.0,-9,0.0,22798.0,2142.0
2867743,2867744,26.0,1159477,1,2,0,4,1.0,40.0,3.0,16.0,4.0,611M1,13.0,22794.0,2141.0
2867744,2867745,24.0,1159477,2,2,12,4,6.0,-9.0,-9.0,16.0,4.0,-9,0.0,22794.0,2141.0
2867745,2867746,35.0,1159478,1,1,0,4,1.0,40.0,2.0,-9.0,4.0,5415,10.0,22794.0,2141.0
2867746,2867747,24.0,1159478,2,2,1,4,6.0,-9.0,-9.0,-9.0,4.0,-9,0.0,22794.0,2141.0
2867747,2867748,35.0,1159479,1,1,0,4,1.0,40.0,2.0,-9.0,4.0,5415,10.0,22798.0,2142.0
2867748,2867749,24.0,1159479,2,2,1,4,6.0,-9.0,-9.0,-9.0,4.0,-9,0.0,22798.0,2142.0
2867749,2867750,35.0,1159480,1,1,0,4,1.0,40.0,2.0,-9.0,4.0,5415,10.0,22797.0,2141.0
2867750,2867751,24.0,1159480,2,2,1,4,6.0,-9.0,-9.0,-9.0,4.0,-9,0.0,22797.0,2141.0
2867751,2867752,35.0,1159481,1,1,0,4,1.0,40.0,2.0,-9.0,4.0,5415,10.0,22791.0,2140.0
2867752,2867753,24.0,1159481,2,2,1,4,6.0,-9.0,-9.0,-9.0,4.0,-9,0.0,22791.0,2140.0
2867753,2867754,35.0,1159482,1,1,0,4,1.0,40.0,2.0,-9.0,4.0,5415,10.0,22793.0,2140.0
2867754,2867755,24.0,1159482,2,2,1,4,6.0,-9.0,-9.0,-9.0,4.0,-9,0.0,22793.0,2140.0
2867755,2867756,35.0,1159483,1,1,0,4,1.0,40.0,2.0,-9.0,4.0,5415,10.0,22798.0,2142.0
2867756,2867757,24.0,1159483,2,2,1,4,6.0,-9.0,-9.0,-9.0,4.0,-9,0.0,22798.0,2142.0
2867757,2867758,35.0,1159484,1,1,0,4,1.0,40.0,2.0,-9.0,4.0,5415,10.0,22797.0,2141.0
2867758,2867759,24.0,1159484,2,2,1,4,6.0,-9.0,-9.0,-9.0,4.0,-9,0.0,22797.0,2141.0
2867759,2867760,40.0,1159485,1,2,0,2,1.0,30.0,4.0,-9.0,4.0,44611,5.0,22794.0,2141.0
2867760,2867761,21.0,1159485,2,1,2,4,6.0,-9.0,-9.0,15.0,4.0,-9,0.0,22794.0,2141.0
2867761,2867762,40.0,1159486,1,2,0,2,1.0,30.0,4.0,-9.0,4.0,44611,5.0,22793.0,2140.0
2867762,2867763,21.0,1159486,2,1,2,4,6.0,-9.0,-9.0,15.0,4.0,-9,0.0,22793.0,2140.0
2867763,2867764,40.0,1159487,1,2,0,2,1.0,30.0,4.0,-9.0,4.0,44611,5.0,22793.0,2140.0
2867764,2867765,21.0,1159487,2,1,2,4,6.0,-9.0,-9.0,15.0,4.0,-9,0.0,22793.0,2140.0
2867765,2867766,40.0,1159488,1,2,0,2,1.0,30.0,4.0,-9.0,4.0,44611,5.0,22798.0,2142.0
2867766,2867767,21.0,1159488,2,1,2,4,6.0,-9.0,-9.0,15.0,4.0,-9,0.0,22798.0,2142.0
2867767,2867768,40.0,1159489,1,2,0,2,1.0,30.0,4.0,-9.0,4.0,44611,5.0,22798.0,2142.0
2867768,2867769,21.0,1159489,2,1,2,4,6.0,-9.0,-9.0,15.0,4.0,-9,0.0,22798.0,2142.0
2867769,2867770,40.0,1159490,1,2,0,2,1.0,30.0,4.0,-9.0,4.0,44611,5.0,22789.0,2140.0
2867770,2867771,21.0,1159490,2,1,2,4,6.0,-9.0,-9.0,15.0,4.0,-9,0.0,22789.0,2140.0
2867771,2867772,40.0,1159491,1,2,0,2,1.0,30.0,4.0,-9.0,4.0,44611,5.0,22793.0,2140.0
2867772,2867773,21.0,1159491,2,1,2,4,6.0,-9.0,-9.0,15.0,4.0,-9,0.0,22793.0,2140.0
2867773,2867774,40.0,1159492,1,2,0,2,1.0,30.0,4.0,-9.0,4.0,44611,5.0,22798.0,2142.0
2867774,2867775,21.0,1159492,2,1,2,4,6.0,-9.0,-9.0,15.0,4.0,-9,0.0,22798.0,2142.0
2867775,2867776,40.0,1159493,1,2,0,2,1.0,30.0,4.0,-9.0,4.0,44611,5.0,22798.0,2142.0
2867776,2867777,21.0,1159493,2,1,2,4,6.0,-9.0,-9.0,15.0,4.0,-9,0.0,22798.0,2142.0
2867777,2867778,40.0,1159494,1,2,0,2,1.0,30.0,4.0,-9.0,4.0,44611,5.0,22798.0,2142.0
2867778,2867779,21.0,1159494,2,1,2,4,6.0,-9.0,-9.0,15.0,4.0,-9,0.0,22798.0,2142.0
2867779,2867780,40.0,1159495,1,2,0,2,1.0,30.0,4.0,-9.0,4.0,44611,5.0,22794.0,2141.0
2867780,2867781,21.0,1159495,2,1,2,4,6.0,-9.0,-9.0,15.0,4.0,-9,0.0,22794.0,2141.0
2867781,2867782,40.0,1159496,1,2,0,2,1.0,30.0,4.0,-9.0,4.0,44611,5.0,22798.0,2142.0
2867782,2867783,21.0,1159496,2,1,2,4,6.0,-9.0,-9.0,15.0,4.0,-9,0.0,22798.0,2142.0
2867783,2867784,40.0,1159497,1,2,0,2,1.0,30.0,4.0,-9.0,4.0,44611,5.0,22798.0,2142.0
2867784,2867785,21.0,1159497,2,1,2,4,6.0,-9.0,-9.0,15.0,4.0,-9,0.0,22798.0,2142.0
2867785,2867786,40.0,1159498,1,2,0,2,1.0,30.0,4.0,-9.0,4.0,44611,5.0,22794.0,2141.0
2867786,2867787,21.0,1159498,2,1,2,4,6.0,-9.0,-9.0,15.0,4.0,-9,0.0,22794.0,2141.0
2867787,2867788,40.0,1159499,1,2,0,2,1.0,30.0,4.0,-9.0,4.0,44611,5.0,22798.0,2142.0
2867788,2867789,21.0,1159499,2,1,2,4,6.0,-9.0,-9.0,15.0,4.0,-9,0.0,22798.0,2142.0
2867789,2867790,40.0,1159500,1,2,0,2,1.0,30.0,4.0,-9.0,4.0,44611,5.0,22794.0,2141.0
2867790,2867791,21.0,1159500,2,1,2,4,6.0,-9.0,-9.0,15.0,4.0,-9,0.0,22794.0,2141.0
2867791,2867792,40.0,1159501,1,2,0,2,1.0,30.0,4.0,-9.0,4.0,44611,5.0,22793.0,2140.0
2867792,2867793,21.0,1159501,2,1,2,4,6.0,-9.0,-9.0,15.0,4.0,-9,0.0,22793.0,2140.0
2867793,2867794,40.0,1159502,1,2,0,2,1.0,30.0,4.0,-9.0,4.0,44611,5.0,22792.0,2140.0
2867794,2867795,21.0,1159502,2,1,2,4,6.0,-9.0,-9.0,15.0,4.0,-9,0.0,22792.0,2140.0
2867795,2867796,40.0,1159503,1,2,0,2,1.0,30.0,4.0,-9.0,4.0,44611,5.0,22798.0,2142.0
2867796,2867797,21.0,1159503,2,1,2,4,6.0,-9.0,-9.0,15.0,4.0,-9,0.0,22798.0,2142.0
2867797,2867798,40.0,1159504,1,2,0,2,1.0,30.0,4.0,-9.0,4.0,44611,5.0,22791.0,2140.0
2867798,2867799,21.0,1159504,2,1,2,4,6.0,-9.0,-9.0,15.0,4.0,-9,0.0,22791.0,2140.0
2867799,2867800,40.0,1159505,1,2,0,2,1.0,30.0,4.0,-9.0,4.0,44611,5.0,22797.0,2141.0
2867800,2867801,21.0,1159505,2,1,2,4,6.0,-9.0,-9.0,15.0,4.0,-9,0.0,22797.0,2141.0
2867801,2867802,40.0,1159506,1,2,0,2,1.0,30.0,4.0,-9.0,4.0,44611,5.0,22798.0,2142.0
2867802,2867803,21.0,1159506,2,1,2,4,6.0,-9.0,-9.0,15.0,4.0,-9,0.0,22798.0,2142.0
2867803,2867804,40.0,1159507,1,2,0,2,1.0,30.0,4.0,-9.0,4.0,44611,5.0,22789.0,2140.0
2867804,2867805,21.0,1159507,2,1,2,4,6.0,-9.0,-9.0,15.0,4.0,-9,0.0,22789.0,2140.0
2867805,2867806,40.0,1159508,1,2,0,2,1.0,30.0,4.0,-9.0,4.0,44611,5.0,22790.0,2140.0
2867806,2867807,21.0,1159508,2,1,2,4,6.0,-9.0,-9.0,15.0,4.0,-9,0.0,22790.0,2140.0
2867807,2867808,40.0,1159509,1,2,0,2,1.0,30.0,4.0,-9.0,4.0,44611,5.0,22791.0,2140.0
2867808,2867809,21.0,1159509,2,1,2,4,6.0,-9.0,-9.0,15.0,4.0,-9,0.0,22791.0,2140.0
2867809,2867810,40.0,1159510,1,2,0,2,1.0,30.0,4.0,-9.0,4.0,44611,5.0,22798.0,2142.0
2867810,2867811,21.0,1159510,2,1,2,4,6.0,-9.0,-9.0,15.0,4.0,-9,0.0,22798.0,2142.0
2867811,2867812,40.0,1159511,1,2,0,2,1.0,30.0,4.0,-9.0,4.0,44611,5.0,22797.0,2141.0
2867812,2867813,21.0,1159511,2,1,2,4,6.0,-9.0,-9.0,15.0,4.0,-9,0.0,22797.0,2141.0
2867813,2867814,40.0,1159512,1,2,0,2,1.0,30.0,4.0,-9.0,4.0,44611,5.0,22792.0,2140.0
2867814,2867815,21.0,1159512,2,1,2,4,6.0,-9.0,-9.0,15.0,4.0,-9,0.0,22792.0,2140.0
2867815,2867816,40.0,1159513,1,2,0,2,1.0,30.0,4.0,-9.0,4.0,44611,5.0,22794.0,2141.0
2867816,2867817,21.0,1159513,2,1,2,4,6.0,-9.0,-9.0,15.0,4.0,-9,0.0,22794.0,2141.0
2867817,2867818,40.0,1159514,1,2,0,2,1.0,30.0,4.0,-9.0,4.0,44611,5.0,22798.0,2142.0
2867818,2867819,21.0,1159514,2,1,2,4,6.0,-9.0,-9.0,15.0,4.0,-9,0.0,22798.0,2142.0
2867819,2867820,40.0,1159515,1,2,0,2,1.0,30.0,4.0,-9.0,4.0,44611,5.0,22793.0,2140.0
2867820,2867821,21.0,1159515,2,1,2,4,6.0,-9.0,-9.0,15.0,4.0,-9,0.0,22793.0,2140.0
2867821,2867822,40.0,1159516,1,2,0,2,1.0,30.0,4.0,-9.0,4.0,44611,5.0,22792.0,2140.0
2867822,2867823,21.0,1159516,2,1,2,4,6.0,-9.0,-9.0,15.0,4.0,-9,0.0,22792.0,2140.0
2867823,2867824,40.0,1159517,1,2,0,2,1.0,30.0,4.0,-9.0,4.0,44611,5.0,22798.0,2142.0
2867824,2867825,21.0,1159517,2,1,2,4,6.0,-9.0,-9.0,15.0,4.0,-9,0.0,22798.0,2142.0
2867825,2867826,40.0,1159518,1,2,0,2,1.0,30.0,4.0,-9.0,4.0,44611,5.0,22790.0,2140.0
2867826,2867827,21.0,1159518,2,1,2,4,6.0,-9.0,-9.0,15.0,4.0,-9,0.0,22790.0,2140.0
2867827,2867828,40.0,1159519,1,2,0,2,1.0,30.0,4.0,-9.0,4.0,44611,5.0,22794.0,2141.0
2867828,2867829,21.0,1159519,2,1,2,4,6.0,-9.0,-9.0,15.0,4.0,-9,0.0,22794.0,2141.0
2867829,2867830,25.0,1159520,1,2,0,1,1.0,65.0,1.0,-9.0,4.0,5411,10.0,22798.0,2142.0
2867830,2867831,25.0,1159521,1,2,0,1,1.0,65.0,1.0,-9.0,4.0,5411,10.0,22790.0,2140.0
2867831,2867832,25.0,1159522,1,2,0,1,1.0,65.0,1.0,-9.0,4.0,5411,10.0,22789.0,2140.0
2867832,2867833,27.0,1159523,1,2,0,1,1.0,40.0,1.0,-9.0,4.0,813M,17.0,22791.0,2140.0
2867833,2867834,23.0,1159523,2,2,12,2,1.0,40.0,4.0,15.0,4.0,337,3.0,22791.0,2140.0
2867834,2867835,27.0,1159524,1,2,0,1,1.0,40.0,1.0,-9.0,4.0,813M,17.0,22790.0,2140.0
2867835,2867836,23.0,1159524,2,2,12,2,1.0,40.0,4.0,15.0,4.0,337,3.0,22790.0,2140.0
2867836,2867837,27.0,1159525,1,2,0,1,1.0,40.0,1.0,-9.0,4.0,813M,17.0,22794.0,2141.0
2867837,2867838,23.0,1159525,2,2,12,2,1.0,40.0,4.0,15.0,4.0,337,3.0,22794.0,2141.0
2867838,2867839,27.0,1159526,1,2,0,1,1.0,40.0,1.0,-9.0,4.0,813M,17.0,22797.0,2141.0
2867839,2867840,23.0,1159526,2,2,12,2,1.0,40.0,4.0,15.0,4.0,337,3.0,22797.0,2141.0
2867840,2867841,27.0,1159527,1,2,0,1,1.0,40.0,1.0,-9.0,4.0,813M,17.0,22789.0,2140.0
2867841,2867842,23.0,1159527,2,2,12,2,1.0,40.0,4.0,15.0,4.0,337,3.0,22789.0,2140.0
2867842,2867843,27.0,1159528,1,2,0,1,1.0,40.0,1.0,-9.0,4.0,813M,17.0,22790.0,2140.0
2867843,2867844,23.0,1159528,2,2,12,2,1.0,40.0,4.0,15.0,4.0,337,3.0,22790.0,2140.0
2867844,2867845,27.0,1159529,1,2,0,1,1.0,40.0,1.0,-9.0,4.0,813M,17.0,22789.0,2140.0
2867845,2867846,23.0,1159529,2,2,12,2,1.0,40.0,4.0,15.0,4.0,337,3.0,22789.0,2140.0
2867846,2867847,27.0,1159530,1,2,0,1,1.0,40.0,1.0,-9.0,4.0,813M,17.0,22797.0,2141.0
2867847,2867848,23.0,1159530,2,2,12,2,1.0,40.0,4.0,15.0,4.0,337,3.0,22797.0,2141.0
2867848,2867849,27.0,1159531,1,2,0,1,1.0,40.0,1.0,-9.0,4.0,813M,17.0,22798.0,2142.0
2867849,2867850,23.0,1159531,2,2,12,2,1.0,40.0,4.0,15.0,4.0,337,3.0,22798.0,2142.0
2867850,2867851,27.0,1159532,1,2,0,1,1.0,40.0,1.0,-9.0,4.0,813M,17.0,22790.0,2140.0
2867851,2867852,23.0,1159532,2,2,12,2,1.0,40.0,4.0,15.0,4.0,337,3.0,22790.0,2140.0
2867852,2867853,27.0,1159533,1,2,0,1,1.0,40.0,1.0,-9.0,4.0,813M,17.0,22798.0,2142.0
2867853,2867854,23.0,1159533,2,2,12,2,1.0,40.0,4.0,15.0,4.0,337,3.0,22798.0,2142.0
2867854,2867855,27.0,1159534,1,2,0,1,1.0,40.0,1.0,-9.0,4.0,813M,17.0,22797.0,2141.0
2867855,2867856,23.0,1159534,2,2,12,2,1.0,40.0,4.0,15.0,4.0,337,3.0,22797.0,2141.0
2867856,2867857,27.0,1159535,1,2,0,1,1.0,40.0,1.0,-9.0,4.0,813M,17.0,22798.0,2142.0
2867857,2867858,23.0,1159535,2,2,12,2,1.0,40.0,4.0,15.0,4.0,337,3.0,22798.0,2142.0
2867858,2867859,27.0,1159536,1,2,0,1,1.0,40.0,1.0,-9.0,4.0,813M,17.0,22793.0,2140.0
2867859,2867860,23.0,1159536,2,2,12,2,1.0,40.0,4.0,15.0,4.0,337,3.0,22793.0,2140.0
2867860,2867861,27.0,1159537,1,2,0,1,1.0,40.0,1.0,-9.0,4.0,813M,17.0,22789.0,2140.0
2867861,2867862,23.0,1159537,2,2,12,2,1.0,40.0,4.0,15.0,4.0,337,3.0,22789.0,2140.0
2867862,2867863,27.0,1159538,1,2,0,1,1.0,40.0,1.0,-9.0,4.0,813M,17.0,22794.0,2141.0
2867863,2867864,23.0,1159538,2,2,12,2,1.0,40.0,4.0,15.0,4.0,337,3.0,22794.0,2141.0
2867864,2867865,27.0,1159539,1,2,0,1,1.0,40.0,1.0,-9.0,4.0,813M,17.0,22798.0,2142.0
2867865,2867866,23.0,1159539,2,2,12,2,1.0,40.0,4.0,15.0,4.0,337,3.0,22798.0,2142.0
2867866,2867867,27.0,1159540,1,2,0,1,1.0,40.0,1.0,-9.0,4.0,813M,17.0,22793.0,2140.0
2867867,2867868,23.0,1159540,2,2,12,2,1.0,40.0,4.0,15.0,4.0,337,3.0,22793.0,2140.0
2867868,2867869,27.0,1159541,1,2,0,1,1.0,40.0,1.0,-9.0,4.0,813M,17.0,22791.0,2140.0
2867869,2867870,23.0,1159541,2,2,12,2,1.0,40.0,4.0,15.0,4.0,337,3.0,22791.0,2140.0
2867870,2867871,27.0,1159542,1,2,0,1,1.0,40.0,1.0,-9.0,4.0,813M,17.0,22794.0,2141.0
2867871,2867872,23.0,1159542,2,2,12,2,1.0,40.0,4.0,15.0,4.0,337,3.0,22794.0,2141.0
2867872,2867873,27.0,1159543,1,2,0,1,1.0,40.0,1.0,-9.0,4.0,813M,17.0,22798.0,2142.0
2867873,2867874,23.0,1159543,2,2,12,2,1.0,40.0,4.0,15.0,4.0,337,3.0,22798.0,2142.0
2867874,2867875,27.0,1159544,1,2,0,1,1.0,40.0,1.0,-9.0,4.0,813M,17.0,22798.0,2142.0
2867875,2867876,23.0,1159544,2,2,12,2,1.0,40.0,4.0,15.0,4.0,337,3.0,22798.0,2142.0
2867876,2867877,27.0,1159545,1,2,0,1,1.0,40.0,1.0,-9.0,4.0,813M,17.0,22794.0,2141.0
2867877,2867878,23.0,1159545,2,2,12,2,1.0,40.0,4.0,15.0,4.0,337,3.0,22794.0,2141.0
2867878,2867879,27.0,1159546,1,2,0,1,1.0,40.0,1.0,-9.0,4.0,813M,17.0,22798.0,2142.0
2867879,2867880,23.0,1159546,2,2,12,2,1.0,40.0,4.0,15.0,4.0,337,3.0,22798.0,2142.0
2867880,2867881,27.0,1159547,1,2,0,1,1.0,40.0,1.0,-9.0,4.0,813M,17.0,22793.0,2140.0
2867881,2867882,23.0,1159547,2,2,12,2,1.0,40.0,4.0,15.0,4.0,337,3.0,22793.0,2140.0
2867882,2867883,27.0,1159548,1,2,0,1,1.0,40.0,1.0,-9.0,4.0,813M,17.0,22790.0,2140.0
2867883,2867884,23.0,1159548,2,2,12,2,1.0,40.0,4.0,15.0,4.0,337,3.0,22790.0,2140.0
2867884,2867885,27.0,1159549,1,2,0,1,1.0,40.0,1.0,-9.0,4.0,813M,17.0,22798.0,2142.0
2867885,2867886,23.0,1159549,2,2,12,2,1.0,40.0,4.0,15.0,4.0,337,3.0,22798.0,2142.0
2867886,2867887,27.0,1159550,1,2,0,1,1.0,40.0,1.0,-9.0,4.0,813M,17.0,22798.0,2142.0
2867887,2867888,23.0,1159550,2,2,12,2,1.0,40.0,4.0,15.0,4.0,337,3.0,22798.0,2142.0
2867888,2867889,27.0,1159551,1,2,0,1,1.0,40.0,1.0,-9.0,4.0,813M,17.0,22794.0,2141.0
2867889,2867890,23.0,1159551,2,2,12,2,1.0,40.0,4.0,15.0,4.0,337,3.0,22794.0,2141.0
2867890,2867891,27.0,1159552,1,2,0,1,1.0,40.0,1.0,-9.0,4.0,813M,17.0,22794.0,2141.0
2867891,2867892,23.0,1159552,2,2,12,2,1.0,40.0,4.0,15.0,4.0,337,3.0,22794.0,2141.0
2867892,2867893,27.0,1159553,1,2,0,1,1.0,40.0,1.0,-9.0,4.0,813M,17.0,22791.0,2140.0
2867893,2867894,23.0,1159553,2,2,12,2,1.0,40.0,4.0,15.0,4.0,337,3.0,22791.0,2140.0
2867894,2867895,27.0,1159554,1,2,0,1,1.0,40.0,1.0,-9.0,4.0,813M,17.0,22798.0,2142.0
2867895,2867896,23.0,1159554,2,2,12,2,1.0,40.0,4.0,15.0,4.0,337,3.0,22798.0,2142.0
2867896,2867897,27.0,1159555,1,2,0,1,1.0,40.0,1.0,-9.0,4.0,813M,17.0,22792.0,2140.0
2867897,2867898,23.0,1159555,2,2,12,2,1.0,40.0,4.0,15.0,4.0,337,3.0,22792.0,2140.0
2867898,2867899,27.0,1159556,1,2,0,1,1.0,40.0,1.0,-9.0,4.0,813M,17.0,22794.0,2141.0
2867899,2867900,23.0,1159556,2,2,12,2,1.0,40.0,4.0,15.0,4.0,337,3.0,22794.0,2141.0
2867900,2867901,27.0,1159557,1,2,0,1,1.0,40.0,1.0,-9.0,4.0,813M,17.0,22793.0,2140.0
2867901,2867902,23.0,1159557,2,2,12,2,1.0,40.0,4.0,15.0,4.0,337,3.0,22793.0,2140.0
2867902,2867903,27.0,1159558,1,2,0,1,1.0,40.0,1.0,-9.0,4.0,813M,17.0,22792.0,2140.0
2867903,2867904,23.0,1159558,2,2,12,2,1.0,40.0,4.0,15.0,4.0,337,3.0,22792.0,2140.0
2867904,2867905,27.0,1159559,1,2,0,1,1.0,40.0,1.0,-9.0,4.0,813M,17.0,22798.0,2142.0
2867905,2867906,23.0,1159559,2,2,12,2,1.0,40.0,4.0,15.0,4.0,337,3.0,22798.0,2142.0
2867906,2867907,27.0,1159560,1,2,0,1,1.0,40.0,1.0,-9.0,4.0,813M,17.0,22798.0,2142.0
2867907,2867908,23.0,1159560,2,2,12,2,1.0,40.0,4.0,15.0,4.0,337,3.0,22798.0,2142.0
2867908,2867909,27.0,1159561,1,2,0,1,1.0,40.0,1.0,-9.0,4.0,813M,17.0,22794.0,2141.0
2867909,2867910,23.0,1159561,2,2,12,2,1.0,40.0,4.0,15.0,4.0,337,3.0,22794.0,2141.0
2867910,2867911,27.0,1159562,1,2,0,1,1.0,40.0,1.0,-9.0,4.0,813M,17.0,22794.0,2141.0
2867911,2867912,23.0,1159562,2,2,12,2,1.0,40.0,4.0,15.0,4.0,337,3.0,22794.0,2141.0
2867912,2867913,27.0,1159563,1,2,0,1,1.0,40.0,1.0,-9.0,4.0,813M,17.0,22798.0,2142.0
2867913,2867914,23.0,1159563,2,2,12,2,1.0,40.0,4.0,15.0,4.0,337,3.0,22798.0,2142.0
2867914,2867915,27.0,1159564,1,2,0,1,1.0,40.0,1.0,-9.0,4.0,813M,17.0,22791.0,2140.0
2867915,2867916,23.0,1159564,2,2,12,2,1.0,40.0,4.0,15.0,4.0,337,3.0,22791.0,2140.0
2867916,2867917,27.0,1159565,1,2,0,1,1.0,40.0,1.0,-9.0,4.0,813M,17.0,22797.0,2141.0
2867917,2867918,23.0,1159565,2,2,12,2,1.0,40.0,4.0,15.0,4.0,337,3.0,22797.0,2141.0
2867918,2867919,27.0,1159566,1,2,0,1,1.0,40.0,1.0,-9.0,4.0,813M,17.0,22790.0,2140.0
2867919,2867920,23.0,1159566,2,2,12,2,1.0,40.0,4.0,15.0,4.0,337,3.0,22790.0,2140.0
2867920,2867921,27.0,1159567,1,2,0,1,1.0,40.0,1.0,-9.0,4.0,813M,17.0,22794.0,2141.0
2867921,2867922,23.0,1159567,2,2,12,2,1.0,40.0,4.0,15.0,4.0,337,3.0,22794.0,2141.0
2867922,2867923,27.0,1159568,1,2,0,1,1.0,40.0,1.0,-9.0,4.0,813M,17.0,22798.0,2142.0
2867923,2867924,23.0,1159568,2,2,12,2,1.0,40.0,4.0,15.0,4.0,337,3.0,22798.0,2142.0
2867924,2867925,27.0,1159569,1,2,0,1,1.0,40.0,1.0,-9.0,4.0,813M,17.0,22797.0,2141.0
2867925,2867926,23.0,1159569,2,2,12,2,1.0,40.0,4.0,15.0,4.0,337,3.0,22797.0,2141.0
2867926,2867927,27.0,1159570,1,2,0,1,1.0,40.0,1.0,-9.0,4.0,813M,17.0,22797.0,2141.0
2867927,2867928,23.0,1159570,2,2,12,2,1.0,40.0,4.0,15.0,4.0,337,3.0,22797.0,2141.0
2867928,2867929,27.0,1159571,1,2,0,1,1.0,40.0,1.0,-9.0,4.0,813M,17.0,22793.0,2140.0
2867929,2867930,23.0,1159571,2,2,12,2,1.0,40.0,4.0,15.0,4.0,337,3.0,22793.0,2140.0
2867930,2867931,27.0,1159572,1,2,0,1,1.0,40.0,1.0,-9.0,4.0,813M,17.0,22792.0,2140.0
2867931,2867932,23.0,1159572,2,2,12,2,1.0,40.0,4.0,15.0,4.0,337,3.0,22792.0,2140.0
2867932,2867933,27.0,1159573,1,2,0,1,1.0,40.0,1.0,-9.0,4.0,813M,17.0,22791.0,2140.0
2867933,2867934,23.0,1159573,2,2,12,2,1.0,40.0,4.0,15.0,4.0,337,3.0,22791.0,2140.0
2867934,2867935,27.0,1159574,1,2,0,1,1.0,40.0,1.0,-9.0,4.0,813M,17.0,22794.0,2141.0
2867935,2867936,23.0,1159574,2,2,12,2,1.0,40.0,4.0,15.0,4.0,337,3.0,22794.0,2141.0
2867936,2867937,27.0,1159575,1,2,0,1,1.0,40.0,1.0,-9.0,4.0,813M,17.0,22798.0,2142.0
2867937,2867938,23.0,1159575,2,2,12,2,1.0,40.0,4.0,15.0,4.0,337,3.0,22798.0,2142.0
2867938,2867939,27.0,1159576,1,2,0,1,1.0,40.0,1.0,-9.0,4.0,813M,17.0,22789.0,2140.0
2867939,2867940,23.0,1159576,2,2,12,2,1.0,40.0,4.0,15.0,4.0,337,3.0,22789.0,2140.0
2867940,2867941,27.0,1159577,1,2,0,1,1.0,40.0,1.0,-9.0,4.0,813M,17.0,22798.0,2142.0
2867941,2867942,23.0,1159577,2,2,12,2,1.0,40.0,4.0,15.0,4.0,337,3.0,22798.0,2142.0
2867942,2867943,27.0,1159578,1,2,0,1,1.0,40.0,1.0,-9.0,4.0,813M,17.0,22798.0,2142.0
2867943,2867944,23.0,1159578,2,2,12,2,1.0,40.0,4.0,15.0,4.0,337,3.0,22798.0,2142.0
2867944,2867945,27.0,1159579,1,2,0,1,1.0,40.0,1.0,-9.0,4.0,813M,17.0,22794.0,2141.0
2867945,2867946,23.0,1159579,2,2,12,2,1.0,40.0,4.0,15.0,4.0,337,3.0,22794.0,2141.0
2867946,2867947,27.0,1159580,1,2,0,1,1.0,40.0,1.0,-9.0,4.0,813M,17.0,22798.0,2142.0
2867947,2867948,23.0,1159580,2,2,12,2,1.0,40.0,4.0,15.0,4.0,337,3.0,22798.0,2142.0
2867948,2867949,27.0,1159581,1,2,0,1,1.0,40.0,1.0,-9.0,4.0,813M,17.0,22794.0,2141.0
2867949,2867950,23.0,1159581,2,2,12,2,1.0,40.0,4.0,15.0,4.0,337,3.0,22794.0,2141.0
2867950,2867951,27.0,1159582,1,2,0,1,1.0,40.0,1.0,-9.0,4.0,813M,17.0,22794.0,2141.0
2867951,2867952,23.0,1159582,2,2,12,2,1.0,40.0,4.0,15.0,4.0,337,3.0,22794.0,2141.0
2867952,2867953,27.0,1159583,1,2,0,1,1.0,40.0,1.0,-9.0,4.0,813M,17.0,22798.0,2142.0
2867953,2867954,23.0,1159583,2,2,12,2,1.0,40.0,4.0,15.0,4.0,337,3.0,22798.0,2142.0
2867954,2867955,27.0,1159584,1,2,0,1,1.0,40.0,1.0,-9.0,4.0,813M,17.0,22794.0,2141.0
2867955,2867956,23.0,1159584,2,2,12,2,1.0,40.0,4.0,15.0,4.0,337,3.0,22794.0,2141.0
2867956,2867957,27.0,1159585,1,2,0,1,1.0,40.0,1.0,-9.0,4.0,813M,17.0,22788.0,2139.0
2867957,2867958,23.0,1159585,2,2,12,2,1.0,40.0,4.0,15.0,4.0,337,3.0,22788.0,2139.0
2867958,2867959,27.0,1159586,1,2,0,1,1.0,40.0,1.0,-9.0,4.0,813M,17.0,22793.0,2140.0
2867959,2867960,23.0,1159586,2,2,12,2,1.0,40.0,4.0,15.0,4.0,337,3.0,22793.0,2140.0
2867960,2867961,27.0,1159587,1,2,0,1,1.0,40.0,1.0,-9.0,4.0,813M,17.0,22798.0,2142.0
2867961,2867962,23.0,1159587,2,2,12,2,1.0,40.0,4.0,15.0,4.0,337,3.0,22798.0,2142.0
2867962,2867963,27.0,1159588,1,2,0,1,1.0,40.0,1.0,-9.0,4.0,813M,17.0,22789.0,2140.0
2867963,2867964,23.0,1159588,2,2,12,2,1.0,40.0,4.0,15.0,4.0,337,3.0,22789.0,2140.0
2867964,2867965,27.0,1159589,1,2,0,1,1.0,40.0,1.0,-9.0,4.0,813M,17.0,22793.0,2140.0
2867965,2867966,23.0,1159589,2,2,12,2,1.0,40.0,4.0,15.0,4.0,337,3.0,22793.0,2140.0
2867966,2867967,27.0,1159590,1,2,0,1,1.0,40.0,1.0,-9.0,4.0,813M,17.0,22793.0,2140.0
2867967,2867968,23.0,1159590,2,2,12,2,1.0,40.0,4.0,15.0,4.0,337,3.0,22793.0,2140.0
2867968,2867969,27.0,1159591,1,2,0,1,1.0,40.0,1.0,-9.0,4.0,813M,17.0,22793.0,2140.0
2867969,2867970,23.0,1159591,2,2,12,2,1.0,40.0,4.0,15.0,4.0,337,3.0,22793.0,2140.0
2867970,2867971,27.0,1159592,1,2,0,1,1.0,40.0,1.0,-9.0,4.0,813M,17.0,22794.0,2141.0
2867971,2867972,23.0,1159592,2,2,12,2,1.0,40.0,4.0,15.0,4.0,337,3.0,22794.0,2141.0
2867972,2867973,27.0,1159593,1,2,0,1,1.0,40.0,1.0,-9.0,4.0,813M,17.0,22798.0,2142.0
2867973,2867974,23.0,1159593,2,2,12,2,1.0,40.0,4.0,15.0,4.0,337,3.0,22798.0,2142.0
2867974,2867975,27.0,1159594,1,2,0,1,1.0,40.0,1.0,-9.0,4.0,813M,17.0,22798.0,2142.0
2867975,2867976,23.0,1159594,2,2,12,2,1.0,40.0,4.0,15.0,4.0,337,3.0,22798.0,2142.0
2867976,2867977,27.0,1159595,1,2,0,1,1.0,40.0,1.0,-9.0,4.0,813M,17.0,22791.0,2140.0
2867977,2867978,23.0,1159595,2,2,12,2,1.0,40.0,4.0,15.0,4.0,337,3.0,22791.0,2140.0
2867978,2867979,27.0,1159596,1,2,0,1,1.0,40.0,1.0,-9.0,4.0,813M,17.0,22791.0,2140.0
2867979,2867980,23.0,1159596,2,2,12,2,1.0,40.0,4.0,15.0,4.0,337,3.0,22791.0,2140.0
2867980,2867981,27.0,1159597,1,2,0,1,1.0,40.0,1.0,-9.0,4.0,813M,17.0,22794.0,2141.0
2867981,2867982,23.0,1159597,2,2,12,2,1.0,40.0,4.0,15.0,4.0,337,3.0,22794.0,2141.0
2867982,2867983,27.0,1159598,1,2,0,1,1.0,40.0,1.0,-9.0,4.0,813M,17.0,22793.0,2140.0
2867983,2867984,23.0,1159598,2,2,12,2,1.0,40.0,4.0,15.0,4.0,337,3.0,22793.0,2140.0
2867984,2867985,27.0,1159599,1,2,0,1,1.0,40.0,1.0,-9.0,4.0,813M,17.0,22798.0,2142.0
2867985,2867986,23.0,1159599,2,2,12,2,1.0,40.0,4.0,15.0,4.0,337,3.0,22798.0,2142.0
2867986,2867987,27.0,1159600,1,2,0,1,1.0,40.0,1.0,-9.0,4.0,813M,17.0,22793.0,2140.0
2867987,2867988,23.0,1159600,2,2,12,2,1.0,40.0,4.0,15.0,4.0,337,3.0,22793.0,2140.0
2867988,2867989,27.0,1159601,1,2,0,1,1.0,40.0,1.0,-9.0,4.0,813M,17.0,22793.0,2140.0
2867989,2867990,23.0,1159601,2,2,12,2,1.0,40.0,4.0,15.0,4.0,337,3.0,22793.0,2140.0
2867990,2867991,27.0,1159602,1,2,0,1,1.0,40.0,1.0,-9.0,4.0,813M,17.0,22794.0,2141.0
2867991,2867992,23.0,1159602,2,2,12,2,1.0,40.0,4.0,15.0,4.0,337,3.0,22794.0,2141.0
2867992,2867993,27.0,1159603,1,2,0,1,1.0,40.0,1.0,-9.0,4.0,813M,17.0,22791.0,2140.0
2867993,2867994,23.0,1159603,2,2,12,2,1.0,40.0,4.0,15.0,4.0,337,3.0,22791.0,2140.0
2867994,2867995,27.0,1159604,1,2,0,1,1.0,40.0,1.0,-9.0,4.0,813M,17.0,22793.0,2140.0
2867995,2867996,23.0,1159604,2,2,12,2,1.0,40.0,4.0,15.0,4.0,337,3.0,22793.0,2140.0
2867996,2867997,27.0,1159605,1,2,0,1,1.0,40.0,1.0,-9.0,4.0,813M,17.0,22794.0,2141.0
2867997,2867998,23.0,1159605,2,2,12,2,1.0,40.0,4.0,15.0,4.0,337,3.0,22794.0,2141.0
2867998,2867999,27.0,1159606,1,2,0,1,1.0,40.0,1.0,-9.0,4.0,813M,17.0,22793.0,2140.0
2867999,2868000,23.0,1159606,2,2,12,2,1.0,40.0,4.0,15.0,4.0,337,3.0,22793.0,2140.0
2868000,2868001,27.0,1159607,1,2,0,1,1.0,40.0,1.0,-9.0,4.0,813M,17.0,22789.0,2140.0
2868001,2868002,23.0,1159607,2,2,12,2,1.0,40.0,4.0,15.0,4.0,337,3.0,22789.0,2140.0
2868002,2868003,27.0,1159608,1,2,0,1,1.0,40.0,1.0,-9.0,4.0,813M,17.0,22798.0,2142.0
2868003,2868004,23.0,1159608,2,2,12,2,1.0,40.0,4.0,15.0,4.0,337,3.0,22798.0,2142.0
2868004,2868005,27.0,1159609,1,2,0,1,1.0,40.0,1.0,-9.0,4.0,813M,17.0,22793.0,2140.0
2868005,2868006,23.0,1159609,2,2,12,2,1.0,40.0,4.0,15.0,4.0,337,3.0,22793.0,2140.0
2868006,2868007,27.0,1159610,1,2,0,1,1.0,40.0,1.0,-9.0,4.0,813M,17.0,22798.0,2142.0
2868007,2868008,23.0,1159610,2,2,12,2,1.0,40.0,4.0,15.0,4.0,337,3.0,22798.0,2142.0
2868008,2868009,27.0,1159611,1,2,0,1,1.0,40.0,1.0,-9.0,4.0,813M,17.0,22797.0,2141.0
2868009,2868010,23.0,1159611,2,2,12,2,1.0,40.0,4.0,15.0,4.0,337,3.0,22797.0,2141.0
2868010,2868011,27.0,1159612,1,2,0,1,1.0,40.0,1.0,-9.0,4.0,813M,17.0,22797.0,2141.0
2868011,2868012,23.0,1159612,2,2,12,2,1.0,40.0,4.0,15.0,4.0,337,3.0,22797.0,2141.0
2868012,2868013,27.0,1159613,1,2,0,1,1.0,40.0,1.0,-9.0,4.0,813M,17.0,22789.0,2140.0
2868013,2868014,23.0,1159613,2,2,12,2,1.0,40.0,4.0,15.0,4.0,337,3.0,22789.0,2140.0
2868014,2868015,25.0,1159614,1,1,0,1,6.0,-9.0,-9.0,15.0,4.0,-9,0.0,22798.0,2142.0
2868015,2868016,22.0,1159614,2,1,10,1,6.0,-9.0,-9.0,15.0,4.0,-9,0.0,22798.0,2142.0
2868016,2868017,21.0,1159614,3,1,10,1,6.0,-9.0,-9.0,15.0,4.0,-9,0.0,22798.0,2142.0
2868017,2868018,25.0,1159615,1,1,0,1,6.0,-9.0,-9.0,15.0,4.0,-9,0.0,22789.0,2140.0
2868018,2868019,22.0,1159615,2,1,10,1,6.0,-9.0,-9.0,15.0,4.0,-9,0.0,22789.0,2140.0
2868019,2868020,21.0,1159615,3,1,10,1,6.0,-9.0,-9.0,15.0,4.0,-9,0.0,22789.0,2140.0
2868020,2868021,25.0,1159616,1,1,0,1,6.0,-9.0,-9.0,15.0,4.0,-9,0.0,22798.0,2142.0
2868021,2868022,22.0,1159616,2,1,10,1,6.0,-9.0,-9.0,15.0,4.0,-9,0.0,22798.0,2142.0
2868022,2868023,21.0,1159616,3,1,10,1,6.0,-9.0,-9.0,15.0,4.0,-9,0.0,22798.0,2142.0
2868023,2868024,25.0,1159617,1,1,0,1,6.0,-9.0,-9.0,15.0,4.0,-9,0.0,22792.0,2140.0
2868024,2868025,22.0,1159617,2,1,10,1,6.0,-9.0,-9.0,15.0,4.0,-9,0.0,22792.0,2140.0
2868025,2868026,21.0,1159617,3,1,10,1,6.0,-9.0,-9.0,15.0,4.0,-9,0.0,22792.0,2140.0
2868026,2868027,25.0,1159618,1,1,0,1,6.0,-9.0,-9.0,15.0,4.0,-9,0.0,22798.0,2142.0
2868027,2868028,22.0,1159618,2,1,10,1,6.0,-9.0,-9.0,15.0,4.0,-9,0.0,22798.0,2142.0
2868028,2868029,21.0,1159618,3,1,10,1,6.0,-9.0,-9.0,15.0,4.0,-9,0.0,22798.0,2142.0
2868029,2868030,25.0,1159619,1,1,0,1,6.0,-9.0,-9.0,15.0,4.0,-9,0.0,22797.0,2141.0
2868030,2868031,22.0,1159619,2,1,10,1,6.0,-9.0,-9.0,15.0,4.0,-9,0.0,22797.0,2141.0
2868031,2868032,21.0,1159619,3,1,10,1,6.0,-9.0,-9.0,15.0,4.0,-9,0.0,22797.0,2141.0
2868032,2868033,25.0,1159620,1,1,0,1,6.0,-9.0,-9.0,15.0,4.0,-9,0.0,22789.0,2140.0
2868033,2868034,22.0,1159620,2,1,10,1,6.0,-9.0,-9.0,15.0,4.0,-9,0.0,22789.0,2140.0
2868034,2868035,21.0,1159620,3,1,10,1,6.0,-9.0,-9.0,15.0,4.0,-9,0.0,22789.0,2140.0
2868035,2868036,25.0,1159621,1,1,0,1,6.0,-9.0,-9.0,15.0,4.0,-9,0.0,22789.0,2140.0
2868036,2868037,22.0,1159621,2,1,10,1,6.0,-9.0,-9.0,15.0,4.0,-9,0.0,22789.0,2140.0
2868037,2868038,21.0,1159621,3,1,10,1,6.0,-9.0,-9.0,15.0,4.0,-9,0.0,22789.0,2140.0
2868038,2868039,25.0,1159622,1,1,0,1,6.0,-9.0,-9.0,15.0,4.0,-9,0.0,22798.0,2142.0
2868039,2868040,22.0,1159622,2,1,10,1,6.0,-9.0,-9.0,15.0,4.0,-9,0.0,22798.0,2142.0
2868040,2868041,21.0,1159622,3,1,10,1,6.0,-9.0,-9.0,15.0,4.0,-9,0.0,22798.0,2142.0
2868041,2868042,25.0,1159623,1,1,0,1,6.0,-9.0,-9.0,15.0,4.0,-9,0.0,22798.0,2142.0
2868042,2868043,22.0,1159623,2,1,10,1,6.0,-9.0,-9.0,15.0,4.0,-9,0.0,22798.0,2142.0
2868043,2868044,21.0,1159623,3,1,10,1,6.0,-9.0,-9.0,15.0,4.0,-9,0.0,22798.0,2142.0
2868044,2868045,25.0,1159624,1,1,0,1,6.0,-9.0,-9.0,15.0,4.0,-9,0.0,22792.0,2140.0
2868045,2868046,22.0,1159624,2,1,10,1,6.0,-9.0,-9.0,15.0,4.0,-9,0.0,22792.0,2140.0
2868046,2868047,21.0,1159624,3,1,10,1,6.0,-9.0,-9.0,15.0,4.0,-9,0.0,22792.0,2140.0
2868047,2868048,25.0,1159625,1,1,0,1,6.0,-9.0,-9.0,15.0,4.0,-9,0.0,22798.0,2142.0
2868048,2868049,22.0,1159625,2,1,10,1,6.0,-9.0,-9.0,15.0,4.0,-9,0.0,22798.0,2142.0
2868049,2868050,21.0,1159625,3,1,10,1,6.0,-9.0,-9.0,15.0,4.0,-9,0.0,22798.0,2142.0
2868050,2868051,25.0,1159626,1,1,0,1,6.0,-9.0,-9.0,15.0,4.0,-9,0.0,22789.0,2140.0
2868051,2868052,22.0,1159626,2,1,10,1,6.0,-9.0,-9.0,15.0,4.0,-9,0.0,22789.0,2140.0
2868052,2868053,21.0,1159626,3,1,10,1,6.0,-9.0,-9.0,15.0,4.0,-9,0.0,22789.0,2140.0
2868053,2868054,25.0,1159627,1,1,0,1,6.0,-9.0,-9.0,15.0,4.0,-9,0.0,22798.0,2142.0
2868054,2868055,22.0,1159627,2,1,10,1,6.0,-9.0,-9.0,15.0,4.0,-9,0.0,22798.0,2142.0
2868055,2868056,21.0,1159627,3,1,10,1,6.0,-9.0,-9.0,15.0,4.0,-9,0.0,22798.0,2142.0
2868056,2868057,25.0,1159628,1,1,0,1,6.0,-9.0,-9.0,15.0,4.0,-9,0.0,22798.0,2142.0
2868057,2868058,22.0,1159628,2,1,10,1,6.0,-9.0,-9.0,15.0,4.0,-9,0.0,22798.0,2142.0
2868058,2868059,21.0,1159628,3,1,10,1,6.0,-9.0,-9.0,15.0,4.0,-9,0.0,22798.0,2142.0
2868059,2868060,25.0,1159629,1,1,0,1,6.0,-9.0,-9.0,15.0,4.0,-9,0.0,22793.0,2140.0
2868060,2868061,22.0,1159629,2,1,10,1,6.0,-9.0,-9.0,15.0,4.0,-9,0.0,22793.0,2140.0
2868061,2868062,21.0,1159629,3,1,10,1,6.0,-9.0,-9.0,15.0,4.0,-9,0.0,22793.0,2140.0
2868062,2868063,25.0,1159630,1,1,0,1,6.0,-9.0,-9.0,15.0,4.0,-9,0.0,22793.0,2140.0
2868063,2868064,22.0,1159630,2,1,10,1,6.0,-9.0,-9.0,15.0,4.0,-9,0.0,22793.0,2140.0
2868064,2868065,21.0,1159630,3,1,10,1,6.0,-9.0,-9.0,15.0,4.0,-9,0.0,22793.0,2140.0
2868065,2868066,25.0,1159631,1,1,0,1,6.0,-9.0,-9.0,15.0,4.0,-9,0.0,22790.0,2140.0
2868066,2868067,22.0,1159631,2,1,10,1,6.0,-9.0,-9.0,15.0,4.0,-9,0.0,22790.0,2140.0
2868067,2868068,21.0,1159631,3,1,10,1,6.0,-9.0,-9.0,15.0,4.0,-9,0.0,22790.0,2140.0
2868068,2868069,25.0,1159632,1,1,0,1,6.0,-9.0,-9.0,15.0,4.0,-9,0.0,22790.0,2140.0
2868069,2868070,22.0,1159632,2,1,10,1,6.0,-9.0,-9.0,15.0,4.0,-9,0.0,22790.0,2140.0
2868070,2868071,21.0,1159632,3,1,10,1,6.0,-9.0,-9.0,15.0,4.0,-9,0.0,22790.0,2140.0
2868071,2868072,25.0,1159633,1,1,0,1,6.0,-9.0,-9.0,15.0,4.0,-9,0.0,22793.0,2140.0
2868072,2868073,22.0,1159633,2,1,10,1,6.0,-9.0,-9.0,15.0,4.0,-9,0.0,22793.0,2140.0
2868073,2868074,21.0,1159633,3,1,10,1,6.0,-9.0,-9.0,15.0,4.0,-9,0.0,22793.0,2140.0
2868074,2868075,25.0,1159634,1,1,0,1,6.0,-9.0,-9.0,15.0,4.0,-9,0.0,22797.0,2141.0
2868075,2868076,22.0,1159634,2,1,10,1,6.0,-9.0,-9.0,15.0,4.0,-9,0.0,22797.0,2141.0
2868076,2868077,21.0,1159634,3,1,10,1,6.0,-9.0,-9.0,15.0,4.0,-9,0.0,22797.0,2141.0
2868077,2868078,25.0,1159635,1,1,0,1,6.0,-9.0,-9.0,15.0,4.0,-9,0.0,22789.0,2140.0
2868078,2868079,22.0,1159635,2,1,10,1,6.0,-9.0,-9.0,15.0,4.0,-9,0.0,22789.0,2140.0
2868079,2868080,21.0,1159635,3,1,10,1,6.0,-9.0,-9.0,15.0,4.0,-9,0.0,22789.0,2140.0
2868080,2868081,25.0,1159636,1,1,0,1,6.0,-9.0,-9.0,15.0,4.0,-9,0.0,22792.0,2140.0
2868081,2868082,22.0,1159636,2,1,10,1,6.0,-9.0,-9.0,15.0,4.0,-9,0.0,22792.0,2140.0
2868082,2868083,21.0,1159636,3,1,10,1,6.0,-9.0,-9.0,15.0,4.0,-9,0.0,22792.0,2140.0
2868083,2868084,25.0,1159637,1,1,0,1,6.0,-9.0,-9.0,15.0,4.0,-9,0.0,22789.0,2140.0
2868084,2868085,22.0,1159637,2,1,10,1,6.0,-9.0,-9.0,15.0,4.0,-9,0.0,22789.0,2140.0
2868085,2868086,21.0,1159637,3,1,10,1,6.0,-9.0,-9.0,15.0,4.0,-9,0.0,22789.0,2140.0
2868086,2868087,25.0,1159638,1,1,0,1,6.0,-9.0,-9.0,15.0,4.0,-9,0.0,22789.0,2140.0
2868087,2868088,22.0,1159638,2,1,10,1,6.0,-9.0,-9.0,15.0,4.0,-9,0.0,22789.0,2140.0
2868088,2868089,21.0,1159638,3,1,10,1,6.0,-9.0,-9.0,15.0,4.0,-9,0.0,22789.0,2140.0
2868089,2868090,25.0,1159639,1,1,0,1,6.0,-9.0,-9.0,15.0,4.0,-9,0.0,22797.0,2141.0
2868090,2868091,22.0,1159639,2,1,10,1,6.0,-9.0,-9.0,15.0,4.0,-9,0.0,22797.0,2141.0
2868091,2868092,21.0,1159639,3,1,10,1,6.0,-9.0,-9.0,15.0,4.0,-9,0.0,22797.0,2141.0
2868092,2868093,25.0,1159640,1,1,0,1,6.0,-9.0,-9.0,15.0,4.0,-9,0.0,22789.0,2140.0
2868093,2868094,22.0,1159640,2,1,10,1,6.0,-9.0,-9.0,15.0,4.0,-9,0.0,22789.0,2140.0
2868094,2868095,21.0,1159640,3,1,10,1,6.0,-9.0,-9.0,15.0,4.0,-9,0.0,22789.0,2140.0
2868095,2868096,25.0,1159641,1,1,0,1,6.0,-9.0,-9.0,15.0,4.0,-9,0.0,22797.0,2141.0
2868096,2868097,22.0,1159641,2,1,10,1,6.0,-9.0,-9.0,15.0,4.0,-9,0.0,22797.0,2141.0
2868097,2868098,21.0,1159641,3,1,10,1,6.0,-9.0,-9.0,15.0,4.0,-9,0.0,22797.0,2141.0
2868098,2868099,25.0,1159642,1,1,0,1,6.0,-9.0,-9.0,15.0,4.0,-9,0.0,22798.0,2142.0
2868099,2868100,22.0,1159642,2,1,10,1,6.0,-9.0,-9.0,15.0,4.0,-9,0.0,22798.0,2142.0
2868100,2868101,21.0,1159642,3,1,10,1,6.0,-9.0,-9.0,15.0,4.0,-9,0.0,22798.0,2142.0
2868101,2868102,25.0,1159643,1,1,0,1,6.0,-9.0,-9.0,15.0,4.0,-9,0.0,22797.0,2141.0
2868102,2868103,22.0,1159643,2,1,10,1,6.0,-9.0,-9.0,15.0,4.0,-9,0.0,22797.0,2141.0
2868103,2868104,21.0,1159643,3,1,10,1,6.0,-9.0,-9.0,15.0,4.0,-9,0.0,22797.0,2141.0
2868104,2868105,25.0,1159644,1,1,0,1,6.0,-9.0,-9.0,15.0,4.0,-9,0.0,22791.0,2140.0
2868105,2868106,22.0,1159644,2,1,10,1,6.0,-9.0,-9.0,15.0,4.0,-9,0.0,22791.0,2140.0
2868106,2868107,21.0,1159644,3,1,10,1,6.0,-9.0,-9.0,15.0,4.0,-9,0.0,22791.0,2140.0
2868107,2868108,25.0,1159645,1,1,0,1,6.0,-9.0,-9.0,15.0,4.0,-9,0.0,22798.0,2142.0
2868108,2868109,22.0,1159645,2,1,10,1,6.0,-9.0,-9.0,15.0,4.0,-9,0.0,22798.0,2142.0
2868109,2868110,21.0,1159645,3,1,10,1,6.0,-9.0,-9.0,15.0,4.0,-9,0.0,22798.0,2142.0
2868110,2868111,25.0,1159646,1,1,0,1,6.0,-9.0,-9.0,15.0,4.0,-9,0.0,22789.0,2140.0
2868111,2868112,22.0,1159646,2,1,10,1,6.0,-9.0,-9.0,15.0,4.0,-9,0.0,22789.0,2140.0
2868112,2868113,21.0,1159646,3,1,10,1,6.0,-9.0,-9.0,15.0,4.0,-9,0.0,22789.0,2140.0
2868113,2868114,25.0,1159647,1,1,0,1,6.0,-9.0,-9.0,15.0,4.0,-9,0.0,22798.0,2142.0
2868114,2868115,22.0,1159647,2,1,10,1,6.0,-9.0,-9.0,15.0,4.0,-9,0.0,22798.0,2142.0
2868115,2868116,21.0,1159647,3,1,10,1,6.0,-9.0,-9.0,15.0,4.0,-9,0.0,22798.0,2142.0
2868116,2868117,25.0,1159648,1,1,0,1,6.0,-9.0,-9.0,15.0,4.0,-9,0.0,22798.0,2142.0
2868117,2868118,22.0,1159648,2,1,10,1,6.0,-9.0,-9.0,15.0,4.0,-9,0.0,22798.0,2142.0
2868118,2868119,21.0,1159648,3,1,10,1,6.0,-9.0,-9.0,15.0,4.0,-9,0.0,22798.0,2142.0
2868119,2868120,25.0,1159649,1,1,0,1,6.0,-9.0,-9.0,15.0,4.0,-9,0.0,22790.0,2140.0
2868120,2868121,22.0,1159649,2,1,10,1,6.0,-9.0,-9.0,15.0,4.0,-9,0.0,22790.0,2140.0
2868121,2868122,21.0,1159649,3,1,10,1,6.0,-9.0,-9.0,15.0,4.0,-9,0.0,22790.0,2140.0
2868122,2868123,25.0,1159650,1,1,0,1,6.0,-9.0,-9.0,15.0,4.0,-9,0.0,22798.0,2142.0
2868123,2868124,22.0,1159650,2,1,10,1,6.0,-9.0,-9.0,15.0,4.0,-9,0.0,22798.0,2142.0
2868124,2868125,21.0,1159650,3,1,10,1,6.0,-9.0,-9.0,15.0,4.0,-9,0.0,22798.0,2142.0
2868125,2868126,25.0,1159651,1,1,0,1,6.0,-9.0,-9.0,15.0,4.0,-9,0.0,22792.0,2140.0
2868126,2868127,22.0,1159651,2,1,10,1,6.0,-9.0,-9.0,15.0,4.0,-9,0.0,22792.0,2140.0
2868127,2868128,21.0,1159651,3,1,10,1,6.0,-9.0,-9.0,15.0,4.0,-9,0.0,22792.0,2140.0
2868128,2868129,25.0,1159652,1,1,0,1,6.0,-9.0,-9.0,15.0,4.0,-9,0.0,22798.0,2142.0
2868129,2868130,22.0,1159652,2,1,10,1,6.0,-9.0,-9.0,15.0,4.0,-9,0.0,22798.0,2142.0
2868130,2868131,21.0,1159652,3,1,10,1,6.0,-9.0,-9.0,15.0,4.0,-9,0.0,22798.0,2142.0
2868131,2868132,25.0,1159653,1,1,0,1,6.0,-9.0,-9.0,15.0,4.0,-9,0.0,22797.0,2141.0
2868132,2868133,22.0,1159653,2,1,10,1,6.0,-9.0,-9.0,15.0,4.0,-9,0.0,22797.0,2141.0
2868133,2868134,21.0,1159653,3,1,10,1,6.0,-9.0,-9.0,15.0,4.0,-9,0.0,22797.0,2141.0
2868134,2868135,25.0,1159654,1,1,0,1,6.0,-9.0,-9.0,15.0,4.0,-9,0.0,22794.0,2141.0
2868135,2868136,22.0,1159654,2,1,10,1,6.0,-9.0,-9.0,15.0,4.0,-9,0.0,22794.0,2141.0
2868136,2868137,21.0,1159654,3,1,10,1,6.0,-9.0,-9.0,15.0,4.0,-9,0.0,22794.0,2141.0
2868137,2868138,25.0,1159655,1,1,0,1,6.0,-9.0,-9.0,15.0,4.0,-9,0.0,22793.0,2140.0
2868138,2868139,22.0,1159655,2,1,10,1,6.0,-9.0,-9.0,15.0,4.0,-9,0.0,22793.0,2140.0
2868139,2868140,21.0,1159655,3,1,10,1,6.0,-9.0,-9.0,15.0,4.0,-9,0.0,22793.0,2140.0
2868140,2868141,25.0,1159656,1,1,0,1,6.0,-9.0,-9.0,15.0,4.0,-9,0.0,22793.0,2140.0
2868141,2868142,22.0,1159656,2,1,10,1,6.0,-9.0,-9.0,15.0,4.0,-9,0.0,22793.0,2140.0
2868142,2868143,21.0,1159656,3,1,10,1,6.0,-9.0,-9.0,15.0,4.0,-9,0.0,22793.0,2140.0
2868143,2868144,25.0,1159657,1,1,0,1,6.0,-9.0,-9.0,15.0,4.0,-9,0.0,22798.0,2142.0
2868144,2868145,22.0,1159657,2,1,10,1,6.0,-9.0,-9.0,15.0,4.0,-9,0.0,22798.0,2142.0
2868145,2868146,21.0,1159657,3,1,10,1,6.0,-9.0,-9.0,15.0,4.0,-9,0.0,22798.0,2142.0
2868146,2868147,25.0,1159658,1,1,0,1,6.0,-9.0,-9.0,15.0,4.0,-9,0.0,22797.0,2141.0
2868147,2868148,22.0,1159658,2,1,10,1,6.0,-9.0,-9.0,15.0,4.0,-9,0.0,22797.0,2141.0
2868148,2868149,21.0,1159658,3,1,10,1,6.0,-9.0,-9.0,15.0,4.0,-9,0.0,22797.0,2141.0
2868149,2868150,26.0,1159659,1,1,0,1,1.0,48.0,2.0,16.0,4.0,6111,13.0,22798.0,2142.0
2868150,2868151,22.0,1159659,2,1,12,4,1.0,50.0,4.0,-9.0,4.0,611M1,13.0,22798.0,2142.0
2868151,2868152,26.0,1159660,1,1,0,1,1.0,48.0,2.0,16.0,4.0,6111,13.0,22791.0,2140.0
2868152,2868153,22.0,1159660,2,1,12,4,1.0,50.0,4.0,-9.0,4.0,611M1,13.0,22791.0,2140.0
2868153,2868154,26.0,1159661,1,1,0,1,1.0,48.0,2.0,16.0,4.0,6111,13.0,22794.0,2141.0
2868154,2868155,22.0,1159661,2,1,12,4,1.0,50.0,4.0,-9.0,4.0,611M1,13.0,22794.0,2141.0
2868155,2868156,26.0,1159662,1,1,0,1,1.0,48.0,2.0,16.0,4.0,6111,13.0,22798.0,2142.0
2868156,2868157,22.0,1159662,2,1,12,4,1.0,50.0,4.0,-9.0,4.0,611M1,13.0,22798.0,2142.0
2868157,2868158,26.0,1159663,1,1,0,1,1.0,48.0,2.0,16.0,4.0,6111,13.0,22793.0,2140.0
2868158,2868159,22.0,1159663,2,1,12,4,1.0,50.0,4.0,-9.0,4.0,611M1,13.0,22793.0,2140.0
2868159,2868160,26.0,1159664,1,1,0,1,1.0,48.0,2.0,16.0,4.0,6111,13.0,22798.0,2142.0
2868160,2868161,22.0,1159664,2,1,12,4,1.0,50.0,4.0,-9.0,4.0,611M1,13.0,22798.0,2142.0
2868161,2868162,26.0,1159665,1,1,0,1,1.0,48.0,2.0,16.0,4.0,6111,13.0,22794.0,2141.0
2868162,2868163,22.0,1159665,2,1,12,4,1.0,50.0,4.0,-9.0,4.0,611M1,13.0,22794.0,2141.0
2868163,2868164,26.0,1159666,1,1,0,1,1.0,48.0,2.0,16.0,4.0,6111,13.0,22790.0,2140.0
2868164,2868165,22.0,1159666,2,1,12,4,1.0,50.0,4.0,-9.0,4.0,611M1,13.0,22790.0,2140.0
2868165,2868166,26.0,1159667,1,1,0,1,1.0,48.0,2.0,16.0,4.0,6111,13.0,22798.0,2142.0
2868166,2868167,22.0,1159667,2,1,12,4,1.0,50.0,4.0,-9.0,4.0,611M1,13.0,22798.0,2142.0
2868167,2868168,26.0,1159668,1,1,0,1,1.0,48.0,2.0,16.0,4.0,6111,13.0,22794.0,2141.0
2868168,2868169,22.0,1159668,2,1,12,4,1.0,50.0,4.0,-9.0,4.0,611M1,13.0,22794.0,2141.0
2868169,2868170,26.0,1159669,1,1,0,1,1.0,48.0,2.0,16.0,4.0,6111,13.0,22797.0,2141.0
2868170,2868171,22.0,1159669,2,1,12,4,1.0,50.0,4.0,-9.0,4.0,611M1,13.0,22797.0,2141.0
2868171,2868172,26.0,1159670,1,1,0,1,1.0,48.0,2.0,16.0,4.0,6111,13.0,22794.0,2141.0
2868172,2868173,22.0,1159670,2,1,12,4,1.0,50.0,4.0,-9.0,4.0,611M1,13.0,22794.0,2141.0
2868173,2868174,26.0,1159671,1,1,0,1,1.0,48.0,2.0,16.0,4.0,6111,13.0,22792.0,2140.0
2868174,2868175,22.0,1159671,2,1,12,4,1.0,50.0,4.0,-9.0,4.0,611M1,13.0,22792.0,2140.0
2868175,2868176,26.0,1159672,1,1,0,1,1.0,48.0,2.0,16.0,4.0,6111,13.0,22798.0,2142.0
2868176,2868177,22.0,1159672,2,1,12,4,1.0,50.0,4.0,-9.0,4.0,611M1,13.0,22798.0,2142.0
2868177,2868178,26.0,1159673,1,1,0,1,1.0,48.0,2.0,16.0,4.0,6111,13.0,22793.0,2140.0
2868178,2868179,22.0,1159673,2,1,12,4,1.0,50.0,4.0,-9.0,4.0,611M1,13.0,22793.0,2140.0
2868179,2868180,26.0,1159674,1,1,0,1,1.0,48.0,2.0,16.0,4.0,6111,13.0,22794.0,2141.0
2868180,2868181,22.0,1159674,2,1,12,4,1.0,50.0,4.0,-9.0,4.0,611M1,13.0,22794.0,2141.0
2868181,2868182,26.0,1159675,1,1,0,1,1.0,48.0,2.0,16.0,4.0,6111,13.0,22794.0,2141.0
2868182,2868183,22.0,1159675,2,1,12,4,1.0,50.0,4.0,-9.0,4.0,611M1,13.0,22794.0,2141.0
2868183,2868184,26.0,1159676,1,1,0,1,1.0,48.0,2.0,16.0,4.0,6111,13.0,22791.0,2140.0
2868184,2868185,22.0,1159676,2,1,12,4,1.0,50.0,4.0,-9.0,4.0,611M1,13.0,22791.0,2140.0
2868185,2868186,26.0,1159677,1,1,0,1,1.0,48.0,2.0,16.0,4.0,6111,13.0,22790.0,2140.0
2868186,2868187,22.0,1159677,2,1,12,4,1.0,50.0,4.0,-9.0,4.0,611M1,13.0,22790.0,2140.0
2868187,2868188,26.0,1159678,1,1,0,1,1.0,48.0,2.0,16.0,4.0,6111,13.0,22798.0,2142.0
2868188,2868189,22.0,1159678,2,1,12,4,1.0,50.0,4.0,-9.0,4.0,611M1,13.0,22798.0,2142.0
2868189,2868190,26.0,1159679,1,1,0,1,1.0,48.0,2.0,16.0,4.0,6111,13.0,22798.0,2142.0
2868190,2868191,22.0,1159679,2,1,12,4,1.0,50.0,4.0,-9.0,4.0,611M1,13.0,22798.0,2142.0
2868191,2868192,26.0,1159680,1,1,0,1,1.0,48.0,2.0,16.0,4.0,6111,13.0,22794.0,2141.0
2868192,2868193,22.0,1159680,2,1,12,4,1.0,50.0,4.0,-9.0,4.0,611M1,13.0,22794.0,2141.0
2868193,2868194,26.0,1159681,1,1,0,1,1.0,48.0,2.0,16.0,4.0,6111,13.0,22793.0,2140.0
2868194,2868195,22.0,1159681,2,1,12,4,1.0,50.0,4.0,-9.0,4.0,611M1,13.0,22793.0,2140.0
2868195,2868196,26.0,1159682,1,1,0,1,1.0,48.0,2.0,16.0,4.0,6111,13.0,22794.0,2141.0
2868196,2868197,22.0,1159682,2,1,12,4,1.0,50.0,4.0,-9.0,4.0,611M1,13.0,22794.0,2141.0
2868197,2868198,26.0,1159683,1,1,0,1,1.0,48.0,2.0,16.0,4.0,6111,13.0,22798.0,2142.0
2868198,2868199,22.0,1159683,2,1,12,4,1.0,50.0,4.0,-9.0,4.0,611M1,13.0,22798.0,2142.0
2868199,2868200,26.0,1159684,1,1,0,1,1.0,48.0,2.0,16.0,4.0,6111,13.0,22798.0,2142.0
2868200,2868201,22.0,1159684,2,1,12,4,1.0,50.0,4.0,-9.0,4.0,611M1,13.0,22798.0,2142.0
2868201,2868202,41.0,1159685,1,2,0,1,1.0,37.0,1.0,-9.0,4.0,54194,10.0,22794.0,2141.0
2868202,2868203,25.0,1159686,1,2,0,1,1.0,40.0,1.0,-9.0,4.0,5614,12.0,22798.0,2142.0
2868203,2868204,32.0,1159687,1,2,0,1,1.0,55.0,1.0,-9.0,4.0,5413,10.0,22794.0,2141.0
2868204,2868205,32.0,1159688,1,2,0,1,1.0,55.0,1.0,-9.0,4.0,5413,10.0,22797.0,2141.0
2868205,2868206,32.0,1159689,1,2,0,1,1.0,55.0,1.0,-9.0,4.0,5413,10.0,22790.0,2140.0
2868206,2868207,27.0,1159690,1,2,0,1,6.0,-9.0,-9.0,16.0,4.0,622M,15.0,22792.0,2140.0
2868207,2868208,24.0,1159690,2,2,12,1,1.0,36.0,2.0,15.0,4.0,622M,15.0,22792.0,2140.0
2868208,2868209,27.0,1159691,1,2,0,1,6.0,-9.0,-9.0,16.0,4.0,622M,15.0,22793.0,2140.0
2868209,2868210,24.0,1159691,2,2,12,1,1.0,36.0,2.0,15.0,4.0,622M,15.0,22793.0,2140.0
2868210,2868211,27.0,1159692,1,2,0,1,6.0,-9.0,-9.0,16.0,4.0,622M,15.0,22793.0,2140.0
2868211,2868212,24.0,1159692,2,2,12,1,1.0,36.0,2.0,15.0,4.0,622M,15.0,22793.0,2140.0
2868212,2868213,27.0,1159693,1,2,0,1,6.0,-9.0,-9.0,16.0,4.0,622M,15.0,22797.0,2141.0
2868213,2868214,24.0,1159693,2,2,12,1,1.0,36.0,2.0,15.0,4.0,622M,15.0,22797.0,2141.0
2868214,2868215,27.0,1159694,1,2,0,1,6.0,-9.0,-9.0,16.0,4.0,622M,15.0,22791.0,2140.0
2868215,2868216,24.0,1159694,2,2,12,1,1.0,36.0,2.0,15.0,4.0,622M,15.0,22791.0,2140.0
2868216,2868217,27.0,1159695,1,2,0,1,6.0,-9.0,-9.0,16.0,4.0,622M,15.0,22790.0,2140.0
2868217,2868218,24.0,1159695,2,2,12,1,1.0,36.0,2.0,15.0,4.0,622M,15.0,22790.0,2140.0
2868218,2868219,27.0,1159696,1,2,0,1,6.0,-9.0,-9.0,16.0,4.0,622M,15.0,22798.0,2142.0
2868219,2868220,24.0,1159696,2,2,12,1,1.0,36.0,2.0,15.0,4.0,622M,15.0,22798.0,2142.0
2868220,2868221,27.0,1159697,1,2,0,1,6.0,-9.0,-9.0,16.0,4.0,622M,15.0,22791.0,2140.0
2868221,2868222,24.0,1159697,2,2,12,1,1.0,36.0,2.0,15.0,4.0,622M,15.0,22791.0,2140.0
2868222,2868223,27.0,1159698,1,2,0,1,6.0,-9.0,-9.0,16.0,4.0,622M,15.0,22798.0,2142.0
2868223,2868224,24.0,1159698,2,2,12,1,1.0,36.0,2.0,15.0,4.0,622M,15.0,22798.0,2142.0
2868224,2868225,27.0,1159699,1,2,0,1,6.0,-9.0,-9.0,16.0,4.0,622M,15.0,22798.0,2142.0
2868225,2868226,24.0,1159699,2,2,12,1,1.0,36.0,2.0,15.0,4.0,622M,15.0,22798.0,2142.0
2868226,2868227,27.0,1159700,1,2,0,1,6.0,-9.0,-9.0,16.0,4.0,622M,15.0,22789.0,2140.0
2868227,2868228,24.0,1159700,2,2,12,1,1.0,36.0,2.0,15.0,4.0,622M,15.0,22789.0,2140.0
2868228,2868229,27.0,1159701,1,2,0,1,6.0,-9.0,-9.0,16.0,4.0,622M,15.0,22789.0,2140.0
2868229,2868230,24.0,1159701,2,2,12,1,1.0,36.0,2.0,15.0,4.0,622M,15.0,22789.0,2140.0
2868230,2868231,27.0,1159702,1,2,0,1,6.0,-9.0,-9.0,16.0,4.0,622M,15.0,22797.0,2141.0
2868231,2868232,24.0,1159702,2,2,12,1,1.0,36.0,2.0,15.0,4.0,622M,15.0,22797.0,2141.0
2868232,2868233,27.0,1159703,1,2,0,1,6.0,-9.0,-9.0,16.0,4.0,622M,15.0,22790.0,2140.0
2868233,2868234,24.0,1159703,2,2,12,1,1.0,36.0,2.0,15.0,4.0,622M,15.0,22790.0,2140.0
2868234,2868235,27.0,1159704,1,2,0,1,6.0,-9.0,-9.0,16.0,4.0,622M,15.0,22797.0,2141.0
2868235,2868236,24.0,1159704,2,2,12,1,1.0,36.0,2.0,15.0,4.0,622M,15.0,22797.0,2141.0
2868236,2868237,27.0,1159705,1,2,0,1,6.0,-9.0,-9.0,16.0,4.0,622M,15.0,22790.0,2140.0
2868237,2868238,24.0,1159705,2,2,12,1,1.0,36.0,2.0,15.0,4.0,622M,15.0,22790.0,2140.0
2868238,2868239,27.0,1159706,1,2,0,1,6.0,-9.0,-9.0,16.0,4.0,622M,15.0,22798.0,2142.0
2868239,2868240,24.0,1159706,2,2,12,1,1.0,36.0,2.0,15.0,4.0,622M,15.0,22798.0,2142.0
2868240,2868241,27.0,1159707,1,2,0,1,6.0,-9.0,-9.0,16.0,4.0,622M,15.0,22790.0,2140.0
2868241,2868242,24.0,1159707,2,2,12,1,1.0,36.0,2.0,15.0,4.0,622M,15.0,22790.0,2140.0
2868242,2868243,27.0,1159708,1,2,0,1,6.0,-9.0,-9.0,16.0,4.0,622M,15.0,22798.0,2142.0
2868243,2868244,24.0,1159708,2,2,12,1,1.0,36.0,2.0,15.0,4.0,622M,15.0,22798.0,2142.0
2868244,2868245,27.0,1159709,1,2,0,1,6.0,-9.0,-9.0,16.0,4.0,622M,15.0,22798.0,2142.0
2868245,2868246,24.0,1159709,2,2,12,1,1.0,36.0,2.0,15.0,4.0,622M,15.0,22798.0,2142.0
2868246,2868247,27.0,1159710,1,2,0,1,6.0,-9.0,-9.0,16.0,4.0,622M,15.0,22794.0,2141.0
2868247,2868248,24.0,1159710,2,2,12,1,1.0,36.0,2.0,15.0,4.0,622M,15.0,22794.0,2141.0
2868248,2868249,27.0,1159711,1,2,0,1,6.0,-9.0,-9.0,16.0,4.0,622M,15.0,22792.0,2140.0
2868249,2868250,24.0,1159711,2,2,12,1,1.0,36.0,2.0,15.0,4.0,622M,15.0,22792.0,2140.0
2868250,2868251,27.0,1159712,1,2,0,1,6.0,-9.0,-9.0,16.0,4.0,622M,15.0,22798.0,2142.0
2868251,2868252,24.0,1159712,2,2,12,1,1.0,36.0,2.0,15.0,4.0,622M,15.0,22798.0,2142.0
2868252,2868253,27.0,1159713,1,2,0,1,6.0,-9.0,-9.0,16.0,4.0,622M,15.0,22793.0,2140.0
2868253,2868254,24.0,1159713,2,2,12,1,1.0,36.0,2.0,15.0,4.0,622M,15.0,22793.0,2140.0
2868254,2868255,27.0,1159714,1,2,0,1,6.0,-9.0,-9.0,16.0,4.0,622M,15.0,22790.0,2140.0
2868255,2868256,24.0,1159714,2,2,12,1,1.0,36.0,2.0,15.0,4.0,622M,15.0,22790.0,2140.0
2868256,2868257,27.0,1159715,1,2,0,1,6.0,-9.0,-9.0,16.0,4.0,622M,15.0,22798.0,2142.0
2868257,2868258,24.0,1159715,2,2,12,1,1.0,36.0,2.0,15.0,4.0,622M,15.0,22798.0,2142.0
2868258,2868259,27.0,1159716,1,2,0,1,6.0,-9.0,-9.0,16.0,4.0,622M,15.0,22798.0,2142.0
2868259,2868260,24.0,1159716,2,2,12,1,1.0,36.0,2.0,15.0,4.0,622M,15.0,22798.0,2142.0
2868260,2868261,27.0,1159717,1,2,0,1,6.0,-9.0,-9.0,16.0,4.0,622M,15.0,22794.0,2141.0
2868261,2868262,24.0,1159717,2,2,12,1,1.0,36.0,2.0,15.0,4.0,622M,15.0,22794.0,2141.0
2868262,2868263,27.0,1159718,1,2,0,1,6.0,-9.0,-9.0,16.0,4.0,622M,15.0,22789.0,2140.0
2868263,2868264,24.0,1159718,2,2,12,1,1.0,36.0,2.0,15.0,4.0,622M,15.0,22789.0,2140.0
2868264,2868265,27.0,1159719,1,2,0,1,6.0,-9.0,-9.0,16.0,4.0,622M,15.0,22798.0,2142.0
2868265,2868266,24.0,1159719,2,2,12,1,1.0,36.0,2.0,15.0,4.0,622M,15.0,22798.0,2142.0
2868266,2868267,27.0,1159720,1,2,0,1,6.0,-9.0,-9.0,16.0,4.0,622M,15.0,22789.0,2140.0
2868267,2868268,24.0,1159720,2,2,12,1,1.0,36.0,2.0,15.0,4.0,622M,15.0,22789.0,2140.0
2868268,2868269,27.0,1159721,1,2,0,1,6.0,-9.0,-9.0,16.0,4.0,622M,15.0,22789.0,2140.0
2868269,2868270,24.0,1159721,2,2,12,1,1.0,36.0,2.0,15.0,4.0,622M,15.0,22789.0,2140.0
2868270,2868271,27.0,1159722,1,2,0,1,6.0,-9.0,-9.0,16.0,4.0,622M,15.0,22794.0,2141.0
2868271,2868272,24.0,1159722,2,2,12,1,1.0,36.0,2.0,15.0,4.0,622M,15.0,22794.0,2141.0
2868272,2868273,27.0,1159723,1,2,0,1,6.0,-9.0,-9.0,16.0,4.0,622M,15.0,22790.0,2140.0
2868273,2868274,24.0,1159723,2,2,12,1,1.0,36.0,2.0,15.0,4.0,622M,15.0,22790.0,2140.0
2868274,2868275,27.0,1159724,1,2,0,1,6.0,-9.0,-9.0,16.0,4.0,622M,15.0,22798.0,2142.0
2868275,2868276,24.0,1159724,2,2,12,1,1.0,36.0,2.0,15.0,4.0,622M,15.0,22798.0,2142.0
2868276,2868277,27.0,1159725,1,2,0,1,6.0,-9.0,-9.0,16.0,4.0,622M,15.0,22798.0,2142.0
2868277,2868278,24.0,1159725,2,2,12,1,1.0,36.0,2.0,15.0,4.0,622M,15.0,22798.0,2142.0
2868278,2868279,27.0,1159726,1,2,0,1,6.0,-9.0,-9.0,16.0,4.0,622M,15.0,22794.0,2141.0
2868279,2868280,24.0,1159726,2,2,12,1,1.0,36.0,2.0,15.0,4.0,622M,15.0,22794.0,2141.0
2868280,2868281,27.0,1159727,1,2,0,1,6.0,-9.0,-9.0,16.0,4.0,622M,15.0,22791.0,2140.0
2868281,2868282,24.0,1159727,2,2,12,1,1.0,36.0,2.0,15.0,4.0,622M,15.0,22791.0,2140.0
2868282,2868283,27.0,1159728,1,2,0,1,6.0,-9.0,-9.0,16.0,4.0,622M,15.0,22789.0,2140.0
2868283,2868284,24.0,1159728,2,2,12,1,1.0,36.0,2.0,15.0,4.0,622M,15.0,22789.0,2140.0
2868284,2868285,27.0,1159729,1,2,0,1,6.0,-9.0,-9.0,16.0,4.0,622M,15.0,22797.0,2141.0
2868285,2868286,24.0,1159729,2,2,12,1,1.0,36.0,2.0,15.0,4.0,622M,15.0,22797.0,2141.0
2868286,2868287,27.0,1159730,1,2,0,1,6.0,-9.0,-9.0,16.0,4.0,622M,15.0,22794.0,2141.0
2868287,2868288,24.0,1159730,2,2,12,1,1.0,36.0,2.0,15.0,4.0,622M,15.0,22794.0,2141.0
2868288,2868289,27.0,1159731,1,2,0,1,6.0,-9.0,-9.0,16.0,4.0,622M,15.0,22798.0,2142.0
2868289,2868290,24.0,1159731,2,2,12,1,1.0,36.0,2.0,15.0,4.0,622M,15.0,22798.0,2142.0
2868290,2868291,27.0,1159732,1,2,0,1,6.0,-9.0,-9.0,16.0,4.0,622M,15.0,22792.0,2140.0
2868291,2868292,24.0,1159732,2,2,12,1,1.0,36.0,2.0,15.0,4.0,622M,15.0,22792.0,2140.0
2868292,2868293,27.0,1159733,1,2,0,1,6.0,-9.0,-9.0,16.0,4.0,622M,15.0,22793.0,2140.0
2868293,2868294,24.0,1159733,2,2,12,1,1.0,36.0,2.0,15.0,4.0,622M,15.0,22793.0,2140.0
2868294,2868295,27.0,1159734,1,2,0,1,6.0,-9.0,-9.0,16.0,4.0,622M,15.0,22798.0,2142.0
2868295,2868296,24.0,1159734,2,2,12,1,1.0,36.0,2.0,15.0,4.0,622M,15.0,22798.0,2142.0
2868296,2868297,27.0,1159735,1,2,0,1,6.0,-9.0,-9.0,16.0,4.0,622M,15.0,22794.0,2141.0
2868297,2868298,24.0,1159735,2,2,12,1,1.0,36.0,2.0,15.0,4.0,622M,15.0,22794.0,2141.0
2868298,2868299,41.0,1159736,1,1,0,1,1.0,25.0,1.0,15.0,4.0,23,2.0,22798.0,2142.0
2868299,2868300,41.0,1159737,1,1,0,1,1.0,25.0,1.0,15.0,4.0,23,2.0,22793.0,2140.0
2868300,2868301,41.0,1159738,1,1,0,1,1.0,25.0,1.0,15.0,4.0,23,2.0,22789.0,2140.0
2868301,2868302,41.0,1159739,1,1,0,1,1.0,25.0,1.0,15.0,4.0,23,2.0,22789.0,2140.0
2868302,2868303,41.0,1159740,1,1,0,1,1.0,25.0,1.0,15.0,4.0,23,2.0,22794.0,2141.0
2868303,2868304,41.0,1159741,1,1,0,1,1.0,25.0,1.0,15.0,4.0,23,2.0,22792.0,2140.0
2868304,2868305,41.0,1159742,1,1,0,1,1.0,25.0,1.0,15.0,4.0,23,2.0,22789.0,2140.0
2868305,2868306,41.0,1159743,1,1,0,1,1.0,25.0,1.0,15.0,4.0,23,2.0,22798.0,2142.0
2868306,2868307,41.0,1159744,1,1,0,1,1.0,25.0,1.0,15.0,4.0,23,2.0,22794.0,2141.0
2868307,2868308,41.0,1159745,1,1,0,1,1.0,25.0,1.0,15.0,4.0,23,2.0,22790.0,2140.0
2868308,2868309,41.0,1159746,1,1,0,1,1.0,25.0,1.0,15.0,4.0,23,2.0,22789.0,2140.0
2868309,2868310,41.0,1159747,1,1,0,1,1.0,25.0,1.0,15.0,4.0,23,2.0,22797.0,2141.0
2868310,2868311,23.0,1159748,1,2,0,1,1.0,47.0,1.0,-9.0,4.0,611M1,13.0,22798.0,2142.0
2868311,2868312,26.0,1159748,2,1,1,1,1.0,40.0,1.0,-9.0,4.0,5417,10.0,22798.0,2142.0
2868312,2868313,23.0,1159749,1,2,0,1,1.0,47.0,1.0,-9.0,4.0,611M1,13.0,22794.0,2141.0
2868313,2868314,26.0,1159749,2,1,1,1,1.0,40.0,1.0,-9.0,4.0,5417,10.0,22794.0,2141.0
2868314,2868315,23.0,1159750,1,2,0,1,1.0,47.0,1.0,-9.0,4.0,611M1,13.0,22793.0,2140.0
2868315,2868316,26.0,1159750,2,1,1,1,1.0,40.0,1.0,-9.0,4.0,5417,10.0,22793.0,2140.0
2868316,2868317,23.0,1159751,1,2,0,1,1.0,47.0,1.0,-9.0,4.0,611M1,13.0,22798.0,2142.0
2868317,2868318,26.0,1159751,2,1,1,1,1.0,40.0,1.0,-9.0,4.0,5417,10.0,22798.0,2142.0
2868318,2868319,23.0,1159752,1,2,0,1,1.0,47.0,1.0,-9.0,4.0,611M1,13.0,22797.0,2141.0
2868319,2868320,26.0,1159752,2,1,1,1,1.0,40.0,1.0,-9.0,4.0,5417,10.0,22797.0,2141.0
2868320,2868321,23.0,1159753,1,2,0,1,1.0,47.0,1.0,-9.0,4.0,611M1,13.0,22790.0,2140.0
2868321,2868322,26.0,1159753,2,1,1,1,1.0,40.0,1.0,-9.0,4.0,5417,10.0,22790.0,2140.0
2868322,2868323,23.0,1159754,1,2,0,1,1.0,47.0,1.0,-9.0,4.0,611M1,13.0,22794.0,2141.0
2868323,2868324,26.0,1159754,2,1,1,1,1.0,40.0,1.0,-9.0,4.0,5417,10.0,22794.0,2141.0
2868324,2868325,23.0,1159755,1,2,0,1,1.0,47.0,1.0,-9.0,4.0,611M1,13.0,22791.0,2140.0
2868325,2868326,26.0,1159755,2,1,1,1,1.0,40.0,1.0,-9.0,4.0,5417,10.0,22791.0,2140.0
2868326,2868327,23.0,1159756,1,2,0,1,1.0,47.0,1.0,-9.0,4.0,611M1,13.0,22798.0,2142.0
2868327,2868328,26.0,1159756,2,1,1,1,1.0,40.0,1.0,-9.0,4.0,5417,10.0,22798.0,2142.0
2868328,2868329,23.0,1159757,1,2,0,1,1.0,47.0,1.0,-9.0,4.0,611M1,13.0,22789.0,2140.0
2868329,2868330,26.0,1159757,2,1,1,1,1.0,40.0,1.0,-9.0,4.0,5417,10.0,22789.0,2140.0
2868330,2868331,23.0,1159758,1,2,0,1,1.0,47.0,1.0,-9.0,4.0,611M1,13.0,22797.0,2141.0
2868331,2868332,26.0,1159758,2,1,1,1,1.0,40.0,1.0,-9.0,4.0,5417,10.0,22797.0,2141.0
2868332,2868333,23.0,1159759,1,2,0,1,1.0,47.0,1.0,-9.0,4.0,611M1,13.0,22798.0,2142.0
2868333,2868334,26.0,1159759,2,1,1,1,1.0,40.0,1.0,-9.0,4.0,5417,10.0,22798.0,2142.0
2868334,2868335,23.0,1159760,1,2,0,1,1.0,47.0,1.0,-9.0,4.0,611M1,13.0,22798.0,2142.0
2868335,2868336,26.0,1159760,2,1,1,1,1.0,40.0,1.0,-9.0,4.0,5417,10.0,22798.0,2142.0
2868336,2868337,23.0,1159761,1,2,0,1,1.0,47.0,1.0,-9.0,4.0,611M1,13.0,22798.0,2142.0
2868337,2868338,26.0,1159761,2,1,1,1,1.0,40.0,1.0,-9.0,4.0,5417,10.0,22798.0,2142.0
2868338,2868339,23.0,1159762,1,2,0,1,1.0,47.0,1.0,-9.0,4.0,611M1,13.0,22798.0,2142.0
2868339,2868340,26.0,1159762,2,1,1,1,1.0,40.0,1.0,-9.0,4.0,5417,10.0,22798.0,2142.0
2868340,2868341,23.0,1159763,1,2,0,1,1.0,47.0,1.0,-9.0,4.0,611M1,13.0,22793.0,2140.0
2868341,2868342,26.0,1159763,2,1,1,1,1.0,40.0,1.0,-9.0,4.0,5417,10.0,22793.0,2140.0
2868342,2868343,23.0,1159764,1,2,0,1,1.0,47.0,1.0,-9.0,4.0,611M1,13.0,22798.0,2142.0
2868343,2868344,26.0,1159764,2,1,1,1,1.0,40.0,1.0,-9.0,4.0,5417,10.0,22798.0,2142.0
2868344,2868345,23.0,1159765,1,2,0,1,1.0,47.0,1.0,-9.0,4.0,611M1,13.0,22793.0,2140.0
2868345,2868346,26.0,1159765,2,1,1,1,1.0,40.0,1.0,-9.0,4.0,5417,10.0,22793.0,2140.0
2868346,2868347,23.0,1159766,1,2,0,1,1.0,47.0,1.0,-9.0,4.0,611M1,13.0,22794.0,2141.0
2868347,2868348,26.0,1159766,2,1,1,1,1.0,40.0,1.0,-9.0,4.0,5417,10.0,22794.0,2141.0
2868348,2868349,23.0,1159767,1,2,0,1,1.0,47.0,1.0,-9.0,4.0,611M1,13.0,22798.0,2142.0
2868349,2868350,26.0,1159767,2,1,1,1,1.0,40.0,1.0,-9.0,4.0,5417,10.0,22798.0,2142.0
2868350,2868351,23.0,1159768,1,2,0,1,1.0,47.0,1.0,-9.0,4.0,611M1,13.0,22797.0,2141.0
2868351,2868352,26.0,1159768,2,1,1,1,1.0,40.0,1.0,-9.0,4.0,5417,10.0,22797.0,2141.0
2868352,2868353,23.0,1159769,1,2,0,1,1.0,47.0,1.0,-9.0,4.0,611M1,13.0,22793.0,2140.0
2868353,2868354,26.0,1159769,2,1,1,1,1.0,40.0,1.0,-9.0,4.0,5417,10.0,22793.0,2140.0
2868354,2868355,23.0,1159770,1,2,0,1,1.0,47.0,1.0,-9.0,4.0,611M1,13.0,22797.0,2141.0
2868355,2868356,26.0,1159770,2,1,1,1,1.0,40.0,1.0,-9.0,4.0,5417,10.0,22797.0,2141.0
2868356,2868357,23.0,1159771,1,2,0,1,1.0,47.0,1.0,-9.0,4.0,611M1,13.0,22793.0,2140.0
2868357,2868358,26.0,1159771,2,1,1,1,1.0,40.0,1.0,-9.0,4.0,5417,10.0,22793.0,2140.0
2868358,2868359,23.0,1159772,1,2,0,1,1.0,47.0,1.0,-9.0,4.0,611M1,13.0,22797.0,2141.0
2868359,2868360,26.0,1159772,2,1,1,1,1.0,40.0,1.0,-9.0,4.0,5417,10.0,22797.0,2141.0
2868360,2868361,23.0,1159773,1,2,0,1,1.0,47.0,1.0,-9.0,4.0,611M1,13.0,22798.0,2142.0
2868361,2868362,26.0,1159773,2,1,1,1,1.0,40.0,1.0,-9.0,4.0,5417,10.0,22798.0,2142.0
2868362,2868363,23.0,1159774,1,2,0,1,1.0,47.0,1.0,-9.0,4.0,611M1,13.0,22794.0,2141.0
2868363,2868364,26.0,1159774,2,1,1,1,1.0,40.0,1.0,-9.0,4.0,5417,10.0,22794.0,2141.0
2868364,2868365,23.0,1159775,1,2,0,1,1.0,47.0,1.0,-9.0,4.0,611M1,13.0,22794.0,2141.0
2868365,2868366,26.0,1159775,2,1,1,1,1.0,40.0,1.0,-9.0,4.0,5417,10.0,22794.0,2141.0
2868366,2868367,23.0,1159776,1,2,0,1,1.0,47.0,1.0,-9.0,4.0,611M1,13.0,22798.0,2142.0
2868367,2868368,26.0,1159776,2,1,1,1,1.0,40.0,1.0,-9.0,4.0,5417,10.0,22798.0,2142.0
2868368,2868369,23.0,1159777,1,2,0,1,1.0,47.0,1.0,-9.0,4.0,611M1,13.0,22794.0,2141.0
2868369,2868370,26.0,1159777,2,1,1,1,1.0,40.0,1.0,-9.0,4.0,5417,10.0,22794.0,2141.0
2868370,2868371,23.0,1159778,1,2,0,1,1.0,47.0,1.0,-9.0,4.0,611M1,13.0,22798.0,2142.0
2868371,2868372,26.0,1159778,2,1,1,1,1.0,40.0,1.0,-9.0,4.0,5417,10.0,22798.0,2142.0
2868372,2868373,23.0,1159779,1,2,0,1,1.0,47.0,1.0,-9.0,4.0,611M1,13.0,22798.0,2142.0
2868373,2868374,26.0,1159779,2,1,1,1,1.0,40.0,1.0,-9.0,4.0,5417,10.0,22798.0,2142.0
2868374,2868375,23.0,1159780,1,2,0,1,1.0,47.0,1.0,-9.0,4.0,611M1,13.0,22798.0,2142.0
2868375,2868376,26.0,1159780,2,1,1,1,1.0,40.0,1.0,-9.0,4.0,5417,10.0,22798.0,2142.0
2868376,2868377,23.0,1159781,1,2,0,1,1.0,47.0,1.0,-9.0,4.0,611M1,13.0,22798.0,2142.0
2868377,2868378,26.0,1159781,2,1,1,1,1.0,40.0,1.0,-9.0,4.0,5417,10.0,22798.0,2142.0
2868378,2868379,23.0,1159782,1,2,0,1,1.0,47.0,1.0,-9.0,4.0,611M1,13.0,22789.0,2140.0
2868379,2868380,26.0,1159782,2,1,1,1,1.0,40.0,1.0,-9.0,4.0,5417,10.0,22789.0,2140.0
2868380,2868381,23.0,1159783,1,2,0,1,1.0,47.0,1.0,-9.0,4.0,611M1,13.0,22793.0,2140.0
2868381,2868382,26.0,1159783,2,1,1,1,1.0,40.0,1.0,-9.0,4.0,5417,10.0,22793.0,2140.0
2868382,2868383,23.0,1159784,1,2,0,1,1.0,47.0,1.0,-9.0,4.0,611M1,13.0,22794.0,2141.0
2868383,2868384,26.0,1159784,2,1,1,1,1.0,40.0,1.0,-9.0,4.0,5417,10.0,22794.0,2141.0
2868384,2868385,23.0,1159785,1,2,0,1,1.0,47.0,1.0,-9.0,4.0,611M1,13.0,22790.0,2140.0
2868385,2868386,26.0,1159785,2,1,1,1,1.0,40.0,1.0,-9.0,4.0,5417,10.0,22790.0,2140.0
2868386,2868387,23.0,1159786,1,2,0,1,1.0,47.0,1.0,-9.0,4.0,611M1,13.0,22789.0,2140.0
2868387,2868388,26.0,1159786,2,1,1,1,1.0,40.0,1.0,-9.0,4.0,5417,10.0,22789.0,2140.0
2868388,2868389,23.0,1159787,1,2,0,1,1.0,47.0,1.0,-9.0,4.0,611M1,13.0,22791.0,2140.0
2868389,2868390,26.0,1159787,2,1,1,1,1.0,40.0,1.0,-9.0,4.0,5417,10.0,22791.0,2140.0
2868390,2868391,23.0,1159788,1,2,0,1,1.0,47.0,1.0,-9.0,4.0,611M1,13.0,22789.0,2140.0
2868391,2868392,26.0,1159788,2,1,1,1,1.0,40.0,1.0,-9.0,4.0,5417,10.0,22789.0,2140.0
2868392,2868393,23.0,1159789,1,2,0,1,1.0,47.0,1.0,-9.0,4.0,611M1,13.0,22793.0,2140.0
2868393,2868394,26.0,1159789,2,1,1,1,1.0,40.0,1.0,-9.0,4.0,5417,10.0,22793.0,2140.0
2868394,2868395,23.0,1159790,1,2,0,1,1.0,47.0,1.0,-9.0,4.0,611M1,13.0,22798.0,2142.0
2868395,2868396,26.0,1159790,2,1,1,1,1.0,40.0,1.0,-9.0,4.0,5417,10.0,22798.0,2142.0
2868396,2868397,23.0,1159791,1,2,0,1,1.0,47.0,1.0,-9.0,4.0,611M1,13.0,22798.0,2142.0
2868397,2868398,26.0,1159791,2,1,1,1,1.0,40.0,1.0,-9.0,4.0,5417,10.0,22798.0,2142.0
2868398,2868399,23.0,1159792,1,2,0,1,1.0,47.0,1.0,-9.0,4.0,611M1,13.0,22789.0,2140.0
2868399,2868400,26.0,1159792,2,1,1,1,1.0,40.0,1.0,-9.0,4.0,5417,10.0,22789.0,2140.0
2868400,2868401,23.0,1159793,1,2,0,1,1.0,47.0,1.0,-9.0,4.0,611M1,13.0,22791.0,2140.0
2868401,2868402,26.0,1159793,2,1,1,1,1.0,40.0,1.0,-9.0,4.0,5417,10.0,22791.0,2140.0
2868402,2868403,23.0,1159794,1,2,0,1,1.0,47.0,1.0,-9.0,4.0,611M1,13.0,22794.0,2141.0
2868403,2868404,26.0,1159794,2,1,1,1,1.0,40.0,1.0,-9.0,4.0,5417,10.0,22794.0,2141.0
2868404,2868405,23.0,1159795,1,2,0,1,1.0,47.0,1.0,-9.0,4.0,611M1,13.0,22793.0,2140.0
2868405,2868406,26.0,1159795,2,1,1,1,1.0,40.0,1.0,-9.0,4.0,5417,10.0,22793.0,2140.0
2868406,2868407,23.0,1159796,1,2,0,1,1.0,47.0,1.0,-9.0,4.0,611M1,13.0,22798.0,2142.0
2868407,2868408,26.0,1159796,2,1,1,1,1.0,40.0,1.0,-9.0,4.0,5417,10.0,22798.0,2142.0
2868408,2868409,23.0,1159797,1,2,0,1,1.0,47.0,1.0,-9.0,4.0,611M1,13.0,22798.0,2142.0
2868409,2868410,26.0,1159797,2,1,1,1,1.0,40.0,1.0,-9.0,4.0,5417,10.0,22798.0,2142.0
2868410,2868411,23.0,1159798,1,2,0,1,1.0,47.0,1.0,-9.0,4.0,611M1,13.0,22797.0,2141.0
2868411,2868412,26.0,1159798,2,1,1,1,1.0,40.0,1.0,-9.0,4.0,5417,10.0,22797.0,2141.0
2868412,2868413,23.0,1159799,1,2,0,1,1.0,47.0,1.0,-9.0,4.0,611M1,13.0,22793.0,2140.0
2868413,2868414,26.0,1159799,2,1,1,1,1.0,40.0,1.0,-9.0,4.0,5417,10.0,22793.0,2140.0
2868414,2868415,23.0,1159800,1,2,0,1,1.0,47.0,1.0,-9.0,4.0,611M1,13.0,22798.0,2142.0
2868415,2868416,26.0,1159800,2,1,1,1,1.0,40.0,1.0,-9.0,4.0,5417,10.0,22798.0,2142.0
2868416,2868417,23.0,1159801,1,2,0,1,1.0,47.0,1.0,-9.0,4.0,611M1,13.0,22794.0,2141.0
2868417,2868418,26.0,1159801,2,1,1,1,1.0,40.0,1.0,-9.0,4.0,5417,10.0,22794.0,2141.0
2868418,2868419,23.0,1159802,1,2,0,1,1.0,47.0,1.0,-9.0,4.0,611M1,13.0,22798.0,2142.0
2868419,2868420,26.0,1159802,2,1,1,1,1.0,40.0,1.0,-9.0,4.0,5417,10.0,22798.0,2142.0
2868420,2868421,23.0,1159803,1,2,0,1,1.0,47.0,1.0,-9.0,4.0,611M1,13.0,22794.0,2141.0
2868421,2868422,26.0,1159803,2,1,1,1,1.0,40.0,1.0,-9.0,4.0,5417,10.0,22794.0,2141.0
2868422,2868423,23.0,1159804,1,2,0,1,1.0,47.0,1.0,-9.0,4.0,611M1,13.0,22798.0,2142.0
2868423,2868424,26.0,1159804,2,1,1,1,1.0,40.0,1.0,-9.0,4.0,5417,10.0,22798.0,2142.0
2868424,2868425,23.0,1159805,1,2,0,1,1.0,47.0,1.0,-9.0,4.0,611M1,13.0,22789.0,2140.0
2868425,2868426,26.0,1159805,2,1,1,1,1.0,40.0,1.0,-9.0,4.0,5417,10.0,22789.0,2140.0
2868426,2868427,23.0,1159806,1,2,0,1,1.0,47.0,1.0,-9.0,4.0,611M1,13.0,22794.0,2141.0
2868427,2868428,26.0,1159806,2,1,1,1,1.0,40.0,1.0,-9.0,4.0,5417,10.0,22794.0,2141.0
2868428,2868429,23.0,1159807,1,2,0,1,1.0,47.0,1.0,-9.0,4.0,611M1,13.0,22790.0,2140.0
2868429,2868430,26.0,1159807,2,1,1,1,1.0,40.0,1.0,-9.0,4.0,5417,10.0,22790.0,2140.0
2868430,2868431,23.0,1159808,1,2,0,1,1.0,47.0,1.0,-9.0,4.0,611M1,13.0,22794.0,2141.0
2868431,2868432,26.0,1159808,2,1,1,1,1.0,40.0,1.0,-9.0,4.0,5417,10.0,22794.0,2141.0
2868432,2868433,23.0,1159809,1,2,0,1,1.0,47.0,1.0,-9.0,4.0,611M1,13.0,22798.0,2142.0
2868433,2868434,26.0,1159809,2,1,1,1,1.0,40.0,1.0,-9.0,4.0,5417,10.0,22798.0,2142.0
2868434,2868435,23.0,1159810,1,2,0,1,1.0,47.0,1.0,-9.0,4.0,611M1,13.0,22798.0,2142.0
2868435,2868436,26.0,1159810,2,1,1,1,1.0,40.0,1.0,-9.0,4.0,5417,10.0,22798.0,2142.0
2868436,2868437,23.0,1159811,1,2,0,1,1.0,47.0,1.0,-9.0,4.0,611M1,13.0,22797.0,2141.0
2868437,2868438,26.0,1159811,2,1,1,1,1.0,40.0,1.0,-9.0,4.0,5417,10.0,22797.0,2141.0
2868438,2868439,23.0,1159812,1,2,0,1,1.0,47.0,1.0,-9.0,4.0,611M1,13.0,22794.0,2141.0
2868439,2868440,26.0,1159812,2,1,1,1,1.0,40.0,1.0,-9.0,4.0,5417,10.0,22794.0,2141.0
2868440,2868441,23.0,1159813,1,2,0,1,1.0,47.0,1.0,-9.0,4.0,611M1,13.0,22798.0,2142.0
2868441,2868442,26.0,1159813,2,1,1,1,1.0,40.0,1.0,-9.0,4.0,5417,10.0,22798.0,2142.0
2868442,2868443,23.0,1159814,1,2,0,1,1.0,47.0,1.0,-9.0,4.0,611M1,13.0,22794.0,2141.0
2868443,2868444,26.0,1159814,2,1,1,1,1.0,40.0,1.0,-9.0,4.0,5417,10.0,22794.0,2141.0
2868444,2868445,23.0,1159815,1,2,0,1,1.0,47.0,1.0,-9.0,4.0,611M1,13.0,22798.0,2142.0
2868445,2868446,26.0,1159815,2,1,1,1,1.0,40.0,1.0,-9.0,4.0,5417,10.0,22798.0,2142.0
2868446,2868447,23.0,1159816,1,2,0,1,1.0,47.0,1.0,-9.0,4.0,611M1,13.0,22790.0,2140.0
2868447,2868448,26.0,1159816,2,1,1,1,1.0,40.0,1.0,-9.0,4.0,5417,10.0,22790.0,2140.0
2868448,2868449,23.0,1159817,1,2,0,1,1.0,47.0,1.0,-9.0,4.0,611M1,13.0,22793.0,2140.0
2868449,2868450,26.0,1159817,2,1,1,1,1.0,40.0,1.0,-9.0,4.0,5417,10.0,22793.0,2140.0
2868450,2868451,23.0,1159818,1,2,0,1,1.0,47.0,1.0,-9.0,4.0,611M1,13.0,22789.0,2140.0
2868451,2868452,26.0,1159818,2,1,1,1,1.0,40.0,1.0,-9.0,4.0,5417,10.0,22789.0,2140.0
2868452,2868453,23.0,1159819,1,2,0,1,1.0,47.0,1.0,-9.0,4.0,611M1,13.0,22798.0,2142.0
2868453,2868454,26.0,1159819,2,1,1,1,1.0,40.0,1.0,-9.0,4.0,5417,10.0,22798.0,2142.0
2868454,2868455,23.0,1159820,1,2,0,1,1.0,47.0,1.0,-9.0,4.0,611M1,13.0,22797.0,2141.0
2868455,2868456,26.0,1159820,2,1,1,1,1.0,40.0,1.0,-9.0,4.0,5417,10.0,22797.0,2141.0
2868456,2868457,23.0,1159821,1,2,0,1,1.0,47.0,1.0,-9.0,4.0,611M1,13.0,22798.0,2142.0
2868457,2868458,26.0,1159821,2,1,1,1,1.0,40.0,1.0,-9.0,4.0,5417,10.0,22798.0,2142.0
2868458,2868459,23.0,1159822,1,2,0,1,1.0,47.0,1.0,-9.0,4.0,611M1,13.0,22798.0,2142.0
2868459,2868460,26.0,1159822,2,1,1,1,1.0,40.0,1.0,-9.0,4.0,5417,10.0,22798.0,2142.0
2868460,2868461,23.0,1159823,1,2,0,1,1.0,47.0,1.0,-9.0,4.0,611M1,13.0,22791.0,2140.0
2868461,2868462,26.0,1159823,2,1,1,1,1.0,40.0,1.0,-9.0,4.0,5417,10.0,22791.0,2140.0
2868462,2868463,23.0,1159824,1,2,0,1,1.0,47.0,1.0,-9.0,4.0,611M1,13.0,22798.0,2142.0
2868463,2868464,26.0,1159824,2,1,1,1,1.0,40.0,1.0,-9.0,4.0,5417,10.0,22798.0,2142.0
2868464,2868465,23.0,1159825,1,2,0,1,1.0,47.0,1.0,-9.0,4.0,611M1,13.0,22798.0,2142.0
2868465,2868466,26.0,1159825,2,1,1,1,1.0,40.0,1.0,-9.0,4.0,5417,10.0,22798.0,2142.0
2868466,2868467,23.0,1159826,1,2,0,1,1.0,47.0,1.0,-9.0,4.0,611M1,13.0,22798.0,2142.0
2868467,2868468,26.0,1159826,2,1,1,1,1.0,40.0,1.0,-9.0,4.0,5417,10.0,22798.0,2142.0
2868468,2868469,23.0,1159827,1,2,0,1,1.0,47.0,1.0,-9.0,4.0,611M1,13.0,22797.0,2141.0
2868469,2868470,26.0,1159827,2,1,1,1,1.0,40.0,1.0,-9.0,4.0,5417,10.0,22797.0,2141.0
2868470,2868471,23.0,1159828,1,2,0,1,1.0,47.0,1.0,-9.0,4.0,611M1,13.0,22798.0,2142.0
2868471,2868472,26.0,1159828,2,1,1,1,1.0,40.0,1.0,-9.0,4.0,5417,10.0,22798.0,2142.0
2868472,2868473,23.0,1159829,1,2,0,1,1.0,47.0,1.0,-9.0,4.0,611M1,13.0,22794.0,2141.0
2868473,2868474,26.0,1159829,2,1,1,1,1.0,40.0,1.0,-9.0,4.0,5417,10.0,22794.0,2141.0
2868474,2868475,23.0,1159830,1,2,0,1,1.0,47.0,1.0,-9.0,4.0,611M1,13.0,22798.0,2142.0
2868475,2868476,26.0,1159830,2,1,1,1,1.0,40.0,1.0,-9.0,4.0,5417,10.0,22798.0,2142.0
2868476,2868477,23.0,1159831,1,2,0,1,1.0,47.0,1.0,-9.0,4.0,611M1,13.0,22789.0,2140.0
2868477,2868478,26.0,1159831,2,1,1,1,1.0,40.0,1.0,-9.0,4.0,5417,10.0,22789.0,2140.0
2868478,2868479,23.0,1159832,1,2,0,1,1.0,47.0,1.0,-9.0,4.0,611M1,13.0,22794.0,2141.0
2868479,2868480,26.0,1159832,2,1,1,1,1.0,40.0,1.0,-9.0,4.0,5417,10.0,22794.0,2141.0
2868480,2868481,23.0,1159833,1,2,0,1,1.0,47.0,1.0,-9.0,4.0,611M1,13.0,22794.0,2141.0
2868481,2868482,26.0,1159833,2,1,1,1,1.0,40.0,1.0,-9.0,4.0,5417,10.0,22794.0,2141.0
2868482,2868483,23.0,1159834,1,2,0,1,1.0,47.0,1.0,-9.0,4.0,611M1,13.0,22792.0,2140.0
2868483,2868484,26.0,1159834,2,1,1,1,1.0,40.0,1.0,-9.0,4.0,5417,10.0,22792.0,2140.0
2868484,2868485,23.0,1159835,1,2,0,1,1.0,47.0,1.0,-9.0,4.0,611M1,13.0,22798.0,2142.0
2868485,2868486,26.0,1159835,2,1,1,1,1.0,40.0,1.0,-9.0,4.0,5417,10.0,22798.0,2142.0
2868486,2868487,23.0,1159836,1,2,0,1,1.0,47.0,1.0,-9.0,4.0,611M1,13.0,22791.0,2140.0
2868487,2868488,26.0,1159836,2,1,1,1,1.0,40.0,1.0,-9.0,4.0,5417,10.0,22791.0,2140.0
2868488,2868489,23.0,1159837,1,2,0,1,1.0,47.0,1.0,-9.0,4.0,611M1,13.0,22794.0,2141.0
2868489,2868490,26.0,1159837,2,1,1,1,1.0,40.0,1.0,-9.0,4.0,5417,10.0,22794.0,2141.0
2868490,2868491,23.0,1159838,1,2,0,1,1.0,47.0,1.0,-9.0,4.0,611M1,13.0,22794.0,2141.0
2868491,2868492,26.0,1159838,2,1,1,1,1.0,40.0,1.0,-9.0,4.0,5417,10.0,22794.0,2141.0
2868492,2868493,23.0,1159839,1,2,0,1,1.0,47.0,1.0,-9.0,4.0,611M1,13.0,22798.0,2142.0
2868493,2868494,26.0,1159839,2,1,1,1,1.0,40.0,1.0,-9.0,4.0,5417,10.0,22798.0,2142.0
2868494,2868495,23.0,1159840,1,2,0,1,1.0,47.0,1.0,-9.0,4.0,611M1,13.0,22790.0,2140.0
2868495,2868496,26.0,1159840,2,1,1,1,1.0,40.0,1.0,-9.0,4.0,5417,10.0,22790.0,2140.0
2868496,2868497,22.0,1159841,1,2,0,1,1.0,8.0,6.0,15.0,4.0,611M1,13.0,22798.0,2142.0
2868497,2868498,22.0,1159842,1,2,0,1,1.0,8.0,6.0,15.0,4.0,611M1,13.0,22789.0,2140.0
2868498,2868499,22.0,1159843,1,2,0,1,1.0,8.0,6.0,15.0,4.0,611M1,13.0,22798.0,2142.0
2868499,2868500,22.0,1159844,1,2,0,1,1.0,8.0,6.0,15.0,4.0,611M1,13.0,22792.0,2140.0
2868500,2868501,22.0,1159845,1,2,0,1,1.0,8.0,6.0,15.0,4.0,611M1,13.0,22797.0,2141.0
2868501,2868502,22.0,1159846,1,2,0,1,1.0,8.0,6.0,15.0,4.0,611M1,13.0,22793.0,2140.0
2868502,2868503,22.0,1159847,1,2,0,1,1.0,8.0,6.0,15.0,4.0,611M1,13.0,22798.0,2142.0
2868503,2868504,22.0,1159848,1,2,0,1,1.0,8.0,6.0,15.0,4.0,611M1,13.0,22789.0,2140.0
2868504,2868505,22.0,1159849,1,2,0,1,1.0,8.0,6.0,15.0,4.0,611M1,13.0,22794.0,2141.0
2868505,2868506,22.0,1159850,1,2,0,1,1.0,8.0,6.0,15.0,4.0,611M1,13.0,22793.0,2140.0
2868506,2868507,22.0,1159851,1,2,0,1,1.0,8.0,6.0,15.0,4.0,611M1,13.0,22798.0,2142.0
2868507,2868508,22.0,1159852,1,2,0,1,1.0,8.0,6.0,15.0,4.0,611M1,13.0,22793.0,2140.0
2868508,2868509,22.0,1159853,1,2,0,1,1.0,8.0,6.0,15.0,4.0,611M1,13.0,22793.0,2140.0
2868509,2868510,22.0,1159854,1,2,0,1,1.0,8.0,6.0,15.0,4.0,611M1,13.0,22794.0,2141.0
2868510,2868511,22.0,1159855,1,2,0,1,1.0,8.0,6.0,15.0,4.0,611M1,13.0,22798.0,2142.0
2868511,2868512,22.0,1159856,1,2,0,1,1.0,8.0,6.0,15.0,4.0,611M1,13.0,22793.0,2140.0
2868512,2868513,22.0,1159857,1,2,0,1,1.0,8.0,6.0,15.0,4.0,611M1,13.0,22798.0,2142.0
2868513,2868514,22.0,1159858,1,2,0,1,1.0,8.0,6.0,15.0,4.0,611M1,13.0,22789.0,2140.0
2868514,2868515,22.0,1159859,1,2,0,1,1.0,8.0,6.0,15.0,4.0,611M1,13.0,22794.0,2141.0
2868515,2868516,22.0,1159860,1,2,0,1,1.0,8.0,6.0,15.0,4.0,611M1,13.0,22798.0,2142.0
2868516,2868517,22.0,1159861,1,2,0,1,1.0,8.0,6.0,15.0,4.0,611M1,13.0,22798.0,2142.0
2868517,2868518,22.0,1159862,1,2,0,1,1.0,8.0,6.0,15.0,4.0,611M1,13.0,22798.0,2142.0
2868518,2868519,22.0,1159863,1,2,0,1,1.0,8.0,6.0,15.0,4.0,611M1,13.0,22793.0,2140.0
2868519,2868520,22.0,1159864,1,2,0,1,1.0,8.0,6.0,15.0,4.0,611M1,13.0,22798.0,2142.0
2868520,2868521,22.0,1159865,1,2,0,1,1.0,8.0,6.0,15.0,4.0,611M1,13.0,22798.0,2142.0
2868521,2868522,22.0,1159866,1,2,0,1,1.0,8.0,6.0,15.0,4.0,611M1,13.0,22789.0,2140.0
2868522,2868523,22.0,1159867,1,2,0,1,1.0,8.0,6.0,15.0,4.0,611M1,13.0,22797.0,2141.0
2868523,2868524,22.0,1159868,1,2,0,1,1.0,8.0,6.0,15.0,4.0,611M1,13.0,22790.0,2140.0
2868524,2868525,22.0,1159869,1,2,0,1,1.0,8.0,6.0,15.0,4.0,611M1,13.0,22798.0,2142.0
2868525,2868526,22.0,1159870,1,2,0,1,1.0,8.0,6.0,15.0,4.0,611M1,13.0,22793.0,2140.0
2868526,2868527,22.0,1159871,1,2,0,1,1.0,8.0,6.0,15.0,4.0,611M1,13.0,22794.0,2141.0
2868527,2868528,22.0,1159872,1,2,0,1,1.0,8.0,6.0,15.0,4.0,611M1,13.0,22789.0,2140.0
2868528,2868529,22.0,1159873,1,2,0,1,1.0,8.0,6.0,15.0,4.0,611M1,13.0,22798.0,2142.0
2868529,2868530,22.0,1159874,1,2,0,1,1.0,8.0,6.0,15.0,4.0,611M1,13.0,22794.0,2141.0
2868530,2868531,22.0,1159875,1,2,0,1,1.0,8.0,6.0,15.0,4.0,611M1,13.0,22794.0,2141.0
2868531,2868532,22.0,1159876,1,2,0,1,1.0,8.0,6.0,15.0,4.0,611M1,13.0,22789.0,2140.0
2868532,2868533,22.0,1159877,1,2,0,1,1.0,8.0,6.0,15.0,4.0,611M1,13.0,22798.0,2142.0
2868533,2868534,22.0,1159878,1,2,0,1,1.0,8.0,6.0,15.0,4.0,611M1,13.0,22790.0,2140.0
2868534,2868535,22.0,1159879,1,2,0,1,1.0,8.0,6.0,15.0,4.0,611M1,13.0,22789.0,2140.0
2868535,2868536,22.0,1159880,1,2,0,1,1.0,8.0,6.0,15.0,4.0,611M1,13.0,22793.0,2140.0
2868536,2868537,22.0,1159881,1,2,0,1,1.0,8.0,6.0,15.0,4.0,611M1,13.0,22798.0,2142.0
2868537,2868538,22.0,1159882,1,2,0,1,1.0,8.0,6.0,15.0,4.0,611M1,13.0,22792.0,2140.0
2868538,2868539,22.0,1159883,1,2,0,1,1.0,8.0,6.0,15.0,4.0,611M1,13.0,22792.0,2140.0
2868539,2868540,22.0,1159884,1,2,0,1,1.0,8.0,6.0,15.0,4.0,611M1,13.0,22792.0,2140.0
2868540,2868541,22.0,1159885,1,2,0,1,1.0,8.0,6.0,15.0,4.0,611M1,13.0,22794.0,2141.0
2868541,2868542,65.0,1159886,1,2,0,1,1.0,40.0,1.0,-9.0,4.0,5111Z,8.0,22798.0,2142.0
2868542,2868543,65.0,1159887,1,2,0,1,1.0,40.0,1.0,-9.0,4.0,5111Z,8.0,22784.0,2139.0
2868543,2868544,79.0,1159888,1,2,0,1,6.0,-9.0,-9.0,-9.0,4.0,-9,0.0,22784.0,2139.0
2868544,2868545,80.0,1159889,1,2,0,1,6.0,-9.0,-9.0,-9.0,4.0,-9,0.0,22798.0,2142.0
2868545,2868546,79.0,1159890,1,2,0,1,6.0,-9.0,-9.0,-9.0,4.0,-9,0.0,22788.0,2139.0
2868546,2868547,79.0,1159891,1,2,0,1,6.0,-9.0,-9.0,-9.0,4.0,-9,0.0,22798.0,2142.0
2868547,2868548,69.0,1159892,1,2,0,1,6.0,-9.0,-9.0,-9.0,4.0,-9,0.0,22786.0,2139.0
2868548,2868549,94.0,1159893,1,2,0,1,6.0,-9.0,-9.0,-9.0,4.0,-9,0.0,22788.0,2139.0
2868549,2868550,80.0,1159894,1,2,0,1,6.0,-9.0,-9.0,-9.0,4.0,-9,0.0,22786.0,2139.0
2868550,2868551,94.0,1159895,1,2,0,1,6.0,-9.0,-9.0,-9.0,4.0,-9,0.0,22784.0,2139.0
2868551,2868552,80.0,1159896,1,2,0,1,6.0,-9.0,-9.0,-9.0,4.0,-9,0.0,22798.0,2142.0
2868552,2868553,80.0,1159897,1,2,0,1,6.0,-9.0,-9.0,-9.0,4.0,-9,0.0,22788.0,2139.0
2868553,2868554,94.0,1159898,1,2,0,1,6.0,-9.0,-9.0,-9.0,4.0,-9,0.0,22788.0,2139.0
2868554,2868555,69.0,1159899,1,2,0,1,6.0,-9.0,-9.0,-9.0,4.0,-9,0.0,22788.0,2139.0
2868555,2868556,80.0,1159900,1,2,0,1,6.0,-9.0,-9.0,-9.0,4.0,-9,0.0,22798.0,2142.0
2868556,2868557,80.0,1159901,1,2,0,1,6.0,-9.0,-9.0,-9.0,4.0,-9,0.0,22788.0,2139.0
2868557,2868558,80.0,1159902,1,2,0,1,6.0,-9.0,-9.0,-9.0,4.0,-9,0.0,22788.0,2139.0
2868558,2868559,80.0,1159903,1,2,0,1,6.0,-9.0,-9.0,-9.0,4.0,-9,0.0,22788.0,2139.0
2868559,2868560,88.0,1159904,1,2,0,1,6.0,-9.0,-9.0,-9.0,4.0,-9,0.0,22788.0,2139.0
2868560,2868561,88.0,1159905,1,2,0,1,6.0,-9.0,-9.0,-9.0,4.0,-9,0.0,22788.0,2139.0
2868561,2868562,94.0,1159906,1,2,0,1,6.0,-9.0,-9.0,-9.0,4.0,-9,0.0,22788.0,2139.0
2868562,2868563,94.0,1159907,1,2,0,1,6.0,-9.0,-9.0,-9.0,4.0,-9,0.0,22788.0,2139.0
2868563,2868564,80.0,1159908,1,2,0,1,6.0,-9.0,-9.0,-9.0,4.0,-9,0.0,22798.0,2142.0
2868564,2868565,80.0,1159909,1,2,0,1,6.0,-9.0,-9.0,-9.0,4.0,-9,0.0,22798.0,2142.0
2868565,2868566,69.0,1159910,1,2,0,1,6.0,-9.0,-9.0,-9.0,4.0,-9,0.0,22798.0,2142.0
2868566,2868567,80.0,1159911,1,2,0,1,6.0,-9.0,-9.0,-9.0,4.0,-9,0.0,22798.0,2142.0
2868567,2868568,80.0,1159912,1,2,0,1,6.0,-9.0,-9.0,-9.0,4.0,-9,0.0,22798.0,2142.0
2868568,2868569,76.0,1159913,1,2,0,1,6.0,-9.0,-9.0,-9.0,4.0,-9,0.0,22798.0,2142.0
2868569,2868570,80.0,1159914,1,2,0,1,6.0,-9.0,-9.0,-9.0,4.0,-9,0.0,22798.0,2142.0
2868570,2868571,80.0,1159915,1,2,0,1,6.0,-9.0,-9.0,-9.0,4.0,-9,0.0,22788.0,2139.0
2868571,2868572,79.0,1159916,1,2,0,1,6.0,-9.0,-9.0,-9.0,4.0,-9,0.0,22788.0,2139.0
2868572,2868573,80.0,1159917,1,2,0,1,6.0,-9.0,-9.0,-9.0,4.0,-9,0.0,22788.0,2139.0
2868573,2868574,67.0,1159918,1,2,0,1,6.0,-9.0,-9.0,-9.0,4.0,-9,0.0,22788.0,2139.0
2868574,2868575,76.0,1159919,1,2,0,1,6.0,-9.0,-9.0,-9.0,4.0,-9,0.0,22786.0,2139.0
2868575,2868576,69.0,1159920,1,2,0,1,6.0,-9.0,-9.0,-9.0,4.0,-9,0.0,22798.0,2142.0
2868576,2868577,88.0,1159921,1,2,0,1,6.0,-9.0,-9.0,-9.0,4.0,-9,0.0,22798.0,2142.0
2868577,2868578,67.0,1159922,1,2,0,1,6.0,-9.0,-9.0,-9.0,4.0,-9,0.0,22788.0,2139.0
2868578,2868579,79.0,1159923,1,2,0,1,6.0,-9.0,-9.0,-9.0,4.0,-9,0.0,22788.0,2139.0
2868579,2868580,88.0,1159924,1,2,0,1,6.0,-9.0,-9.0,-9.0,4.0,-9,0.0,22788.0,2139.0
2868580,2868581,80.0,1159925,1,2,0,1,6.0,-9.0,-9.0,-9.0,4.0,-9,0.0,22788.0,2139.0
2868581,2868582,67.0,1159926,1,2,0,1,6.0,-9.0,-9.0,-9.0,4.0,-9,0.0,22788.0,2139.0
2868582,2868583,67.0,1159927,1,2,0,1,6.0,-9.0,-9.0,-9.0,4.0,-9,0.0,22798.0,2142.0
2868583,2868584,80.0,1159928,1,2,0,1,6.0,-9.0,-9.0,-9.0,4.0,-9,0.0,22788.0,2139.0
2868584,2868585,79.0,1159929,1,2,0,1,6.0,-9.0,-9.0,-9.0,4.0,-9,0.0,22788.0,2139.0
2868585,2868586,69.0,1159930,1,2,0,1,6.0,-9.0,-9.0,-9.0,4.0,-9,0.0,22798.0,2142.0
2868586,2868587,88.0,1159931,1,2,0,1,6.0,-9.0,-9.0,-9.0,4.0,-9,0.0,22788.0,2139.0
2868587,2868588,69.0,1159932,1,2,0,1,6.0,-9.0,-9.0,-9.0,4.0,-9,0.0,22798.0,2142.0
2868588,2868589,88.0,1159933,1,2,0,1,6.0,-9.0,-9.0,-9.0,4.0,-9,0.0,22788.0,2139.0
2868589,2868590,67.0,1159934,1,2,0,1,6.0,-9.0,-9.0,-9.0,4.0,-9,0.0,22788.0,2139.0
2868590,2868591,79.0,1159935,1,2,0,1,6.0,-9.0,-9.0,-9.0,4.0,-9,0.0,22788.0,2139.0
2868591,2868592,88.0,1159936,1,2,0,1,6.0,-9.0,-9.0,-9.0,4.0,-9,0.0,22798.0,2142.0
2868592,2868593,80.0,1159937,1,2,0,1,6.0,-9.0,-9.0,-9.0,4.0,-9,0.0,22798.0,2142.0
2868593,2868594,76.0,1159938,1,2,0,1,6.0,-9.0,-9.0,-9.0,4.0,-9,0.0,22788.0,2139.0
2868594,2868595,88.0,1159939,1,2,0,1,6.0,-9.0,-9.0,-9.0,4.0,-9,0.0,22788.0,2139.0
2868595,2868596,88.0,1159940,1,2,0,1,6.0,-9.0,-9.0,-9.0,4.0,-9,0.0,22798.0,2142.0
2868596,2868597,94.0,1159941,1,2,0,1,6.0,-9.0,-9.0,-9.0,4.0,-9,0.0,22798.0,2142.0
2868597,2868598,94.0,1159942,1,2,0,1,6.0,-9.0,-9.0,-9.0,4.0,-9,0.0,22784.0,2139.0
2868598,2868599,79.0,1159943,1,2,0,1,6.0,-9.0,-9.0,-9.0,4.0,-9,0.0,22798.0,2142.0
2868599,2868600,88.0,1159944,1,2,0,1,6.0,-9.0,-9.0,-9.0,4.0,-9,0.0,22798.0,2142.0
2868600,2868601,69.0,1159945,1,2,0,1,6.0,-9.0,-9.0,-9.0,4.0,-9,0.0,22798.0,2142.0
2868601,2868602,94.0,1159946,1,2,0,1,6.0,-9.0,-9.0,-9.0,4.0,-9,0.0,22788.0,2139.0
2868602,2868603,80.0,1159947,1,2,0,1,6.0,-9.0,-9.0,-9.0,4.0,-9,0.0,22788.0,2139.0
2868603,2868604,88.0,1159948,1,2,0,1,6.0,-9.0,-9.0,-9.0,4.0,-9,0.0,22798.0,2142.0
2868604,2868605,77.0,1159949,1,2,0,1,6.0,-9.0,-9.0,-9.0,4.0,-9,0.0,22798.0,2142.0
2868605,2868606,75.0,1159950,1,2,0,1,6.0,-9.0,-9.0,-9.0,4.0,-9,0.0,22788.0,2139.0
2868606,2868607,79.0,1159951,1,2,0,1,6.0,-9.0,-9.0,-9.0,4.0,-9,0.0,22798.0,2142.0
2868607,2868608,76.0,1159952,1,2,0,1,6.0,-9.0,-9.0,-9.0,4.0,-9,0.0,22788.0,2139.0
2868608,2868609,79.0,1159953,1,2,0,1,6.0,-9.0,-9.0,-9.0,4.0,-9,0.0,22784.0,2139.0
2868609,2868610,87.0,1159954,1,2,0,1,6.0,-9.0,-9.0,-9.0,4.0,-9,0.0,22788.0,2139.0
2868610,2868611,71.0,1159955,1,2,0,1,6.0,-9.0,-9.0,-9.0,4.0,-9,0.0,22798.0,2142.0
2868611,2868612,71.0,1159956,1,2,0,1,6.0,-9.0,-9.0,-9.0,4.0,-9,0.0,22786.0,2139.0
2868612,2868613,84.0,1159957,1,2,0,1,6.0,-9.0,-9.0,-9.0,4.0,-9,0.0,22788.0,2139.0
2868613,2868614,89.0,1159958,1,2,0,1,6.0,-9.0,-9.0,-9.0,4.0,-9,0.0,22798.0,2142.0
2868614,2868615,71.0,1159959,1,2,0,1,6.0,-9.0,-9.0,-9.0,4.0,-9,0.0,22786.0,2139.0
2868615,2868616,71.0,1159960,1,2,0,1,6.0,-9.0,-9.0,-9.0,4.0,-9,0.0,22784.0,2139.0
2868616,2868617,84.0,1159961,1,2,0,1,6.0,-9.0,-9.0,-9.0,4.0,-9,0.0,22786.0,2139.0
2868617,2868618,71.0,1159962,1,2,0,1,6.0,-9.0,-9.0,-9.0,4.0,-9,0.0,22798.0,2142.0
2868618,2868619,94.0,1159963,1,2,0,1,6.0,-9.0,-9.0,-9.0,2.0,-9,0.0,22788.0,2139.0
2868619,2868620,94.0,1159964,1,2,0,1,6.0,-9.0,-9.0,-9.0,2.0,-9,0.0,22798.0,2142.0
2868620,2868621,94.0,1159965,1,2,0,1,6.0,-9.0,-9.0,-9.0,2.0,-9,0.0,22798.0,2142.0
2868621,2868622,94.0,1159966,1,2,0,1,6.0,-9.0,-9.0,-9.0,2.0,-9,0.0,22798.0,2142.0
2868622,2868623,84.0,1159967,1,2,0,1,6.0,-9.0,-9.0,-9.0,4.0,-9,0.0,22798.0,2142.0
2868623,2868624,87.0,1159968,1,2,0,1,6.0,-9.0,-9.0,-9.0,4.0,-9,0.0,22798.0,2142.0
2868624,2868625,89.0,1159969,1,2,0,1,6.0,-9.0,-9.0,-9.0,4.0,-9,0.0,22798.0,2142.0
2868625,2868626,76.0,1159970,1,2,0,1,6.0,-9.0,-9.0,-9.0,4.0,-9,0.0,22788.0,2139.0
2868626,2868627,84.0,1159971,1,2,0,1,6.0,-9.0,-9.0,-9.0,4.0,-9,0.0,22788.0,2139.0
2868627,2868628,76.0,1159972,1,2,0,1,6.0,-9.0,-9.0,-9.0,4.0,-9,0.0,22788.0,2139.0
2868628,2868629,76.0,1159973,1,2,0,1,6.0,-9.0,-9.0,-9.0,4.0,-9,0.0,22788.0,2139.0
2868629,2868630,76.0,1159974,1,2,0,1,6.0,-9.0,-9.0,-9.0,4.0,-9,0.0,22788.0,2139.0
2868630,2868631,87.0,1159975,1,2,0,1,6.0,-9.0,-9.0,-9.0,4.0,-9,0.0,22788.0,2139.0
2868631,2868632,84.0,1159976,1,2,0,1,6.0,-9.0,-9.0,-9.0,4.0,-9,0.0,22798.0,2142.0
2868632,2868633,89.0,1159977,1,2,0,1,6.0,-9.0,-9.0,-9.0,4.0,-9,0.0,22798.0,2142.0
2868633,2868634,87.0,1159978,1,2,0,1,6.0,-9.0,-9.0,-9.0,4.0,-9,0.0,22788.0,2139.0
2868634,2868635,94.0,1159979,1,2,0,1,6.0,-9.0,-9.0,-9.0,2.0,-9,0.0,22788.0,2139.0
2868635,2868636,71.0,1159980,1,2,0,1,6.0,-9.0,-9.0,-9.0,4.0,-9,0.0,22788.0,2139.0
2868636,2868637,79.0,1159981,1,2,0,1,6.0,-9.0,-9.0,-9.0,4.0,-9,0.0,22786.0,2139.0
2868637,2868638,84.0,1159982,1,2,0,1,6.0,-9.0,-9.0,-9.0,4.0,-9,0.0,22784.0,2139.0
2868638,2868639,79.0,1159983,1,2,0,1,6.0,-9.0,-9.0,-9.0,4.0,-9,0.0,22798.0,2142.0
2868639,2868640,94.0,1159984,1,2,0,1,6.0,-9.0,-9.0,-9.0,2.0,-9,0.0,22788.0,2139.0
2868640,2868641,87.0,1159985,1,2,0,1,6.0,-9.0,-9.0,-9.0,4.0,-9,0.0,22788.0,2139.0
2868641,2868642,94.0,1159986,1,2,0,1,6.0,-9.0,-9.0,-9.0,2.0,-9,0.0,22788.0,2139.0
2868642,2868643,54.0,1159987,1,2,0,1,1.0,50.0,1.0,-9.0,4.0,611M1,13.0,22798.0,2142.0
2868643,2868644,54.0,1159987,2,1,1,1,1.0,60.0,1.0,-9.0,4.0,611M1,13.0,22798.0,2142.0
2868644,2868645,22.0,1159987,3,2,2,1,1.0,42.0,1.0,-9.0,4.0,5121,8.0,22798.0,2142.0
2868645,2868646,23.0,1159987,4,2,15,1,1.0,30.0,1.0,-9.0,4.0,611M1,13.0,22798.0,2142.0
2868646,2868647,54.0,1159988,1,2,0,1,1.0,50.0,1.0,-9.0,4.0,611M1,13.0,22798.0,2142.0
2868647,2868648,54.0,1159988,2,1,1,1,1.0,60.0,1.0,-9.0,4.0,611M1,13.0,22798.0,2142.0
2868648,2868649,22.0,1159988,3,2,2,1,1.0,42.0,1.0,-9.0,4.0,5121,8.0,22798.0,2142.0
2868649,2868650,23.0,1159988,4,2,15,1,1.0,30.0,1.0,-9.0,4.0,611M1,13.0,22798.0,2142.0
2868650,2868651,54.0,1159989,1,2,0,1,1.0,50.0,1.0,-9.0,4.0,611M1,13.0,22788.0,2139.0
2868651,2868652,54.0,1159989,2,1,1,1,1.0,60.0,1.0,-9.0,4.0,611M1,13.0,22788.0,2139.0
2868652,2868653,22.0,1159989,3,2,2,1,1.0,42.0,1.0,-9.0,4.0,5121,8.0,22788.0,2139.0
2868653,2868654,23.0,1159989,4,2,15,1,1.0,30.0,1.0,-9.0,4.0,611M1,13.0,22788.0,2139.0
2868654,2868655,54.0,1159990,1,2,0,1,1.0,50.0,1.0,-9.0,4.0,611M1,13.0,22788.0,2139.0
2868655,2868656,54.0,1159990,2,1,1,1,1.0,60.0,1.0,-9.0,4.0,611M1,13.0,22788.0,2139.0
2868656,2868657,22.0,1159990,3,2,2,1,1.0,42.0,1.0,-9.0,4.0,5121,8.0,22788.0,2139.0
2868657,2868658,23.0,1159990,4,2,15,1,1.0,30.0,1.0,-9.0,4.0,611M1,13.0,22788.0,2139.0
2868658,2868659,54.0,1159991,1,2,0,1,1.0,50.0,1.0,-9.0,4.0,611M1,13.0,22798.0,2142.0
2868659,2868660,54.0,1159991,2,1,1,1,1.0,60.0,1.0,-9.0,4.0,611M1,13.0,22798.0,2142.0
2868660,2868661,22.0,1159991,3,2,2,1,1.0,42.0,1.0,-9.0,4.0,5121,8.0,22798.0,2142.0
2868661,2868662,23.0,1159991,4,2,15,1,1.0,30.0,1.0,-9.0,4.0,611M1,13.0,22798.0,2142.0
2868662,2868663,54.0,1159992,1,2,0,1,1.0,50.0,1.0,-9.0,4.0,611M1,13.0,22788.0,2139.0
2868663,2868664,54.0,1159992,2,1,1,1,1.0,60.0,1.0,-9.0,4.0,611M1,13.0,22788.0,2139.0
2868664,2868665,22.0,1159992,3,2,2,1,1.0,42.0,1.0,-9.0,4.0,5121,8.0,22788.0,2139.0
2868665,2868666,23.0,1159992,4,2,15,1,1.0,30.0,1.0,-9.0,4.0,611M1,13.0,22788.0,2139.0
2868666,2868667,54.0,1159993,1,2,0,1,1.0,50.0,1.0,-9.0,4.0,611M1,13.0,22788.0,2139.0
2868667,2868668,54.0,1159993,2,1,1,1,1.0,60.0,1.0,-9.0,4.0,611M1,13.0,22788.0,2139.0
2868668,2868669,22.0,1159993,3,2,2,1,1.0,42.0,1.0,-9.0,4.0,5121,8.0,22788.0,2139.0
2868669,2868670,23.0,1159993,4,2,15,1,1.0,30.0,1.0,-9.0,4.0,611M1,13.0,22788.0,2139.0
2868670,2868671,54.0,1159994,1,2,0,1,1.0,50.0,1.0,-9.0,4.0,611M1,13.0,22784.0,2139.0
2868671,2868672,54.0,1159994,2,1,1,1,1.0,60.0,1.0,-9.0,4.0,611M1,13.0,22784.0,2139.0
2868672,2868673,22.0,1159994,3,2,2,1,1.0,42.0,1.0,-9.0,4.0,5121,8.0,22784.0,2139.0
2868673,2868674,23.0,1159994,4,2,15,1,1.0,30.0,1.0,-9.0,4.0,611M1,13.0,22784.0,2139.0
2868674,2868675,54.0,1159995,1,2,0,1,1.0,50.0,1.0,-9.0,4.0,611M1,13.0,22788.0,2139.0
2868675,2868676,54.0,1159995,2,1,1,1,1.0,60.0,1.0,-9.0,4.0,611M1,13.0,22788.0,2139.0
2868676,2868677,22.0,1159995,3,2,2,1,1.0,42.0,1.0,-9.0,4.0,5121,8.0,22788.0,2139.0
2868677,2868678,23.0,1159995,4,2,15,1,1.0,30.0,1.0,-9.0,4.0,611M1,13.0,22788.0,2139.0
2868678,2868679,54.0,1159996,1,2,0,1,1.0,50.0,1.0,-9.0,4.0,611M1,13.0,22788.0,2139.0
2868679,2868680,54.0,1159996,2,1,1,1,1.0,60.0,1.0,-9.0,4.0,611M1,13.0,22788.0,2139.0
2868680,2868681,22.0,1159996,3,2,2,1,1.0,42.0,1.0,-9.0,4.0,5121,8.0,22788.0,2139.0
2868681,2868682,23.0,1159996,4,2,15,1,1.0,30.0,1.0,-9.0,4.0,611M1,13.0,22788.0,2139.0
2868682,2868683,54.0,1159997,1,2,0,1,1.0,50.0,1.0,-9.0,4.0,611M1,13.0,22788.0,2139.0
2868683,2868684,54.0,1159997,2,1,1,1,1.0,60.0,1.0,-9.0,4.0,611M1,13.0,22788.0,2139.0
2868684,2868685,22.0,1159997,3,2,2,1,1.0,42.0,1.0,-9.0,4.0,5121,8.0,22788.0,2139.0
2868685,2868686,23.0,1159997,4,2,15,1,1.0,30.0,1.0,-9.0,4.0,611M1,13.0,22788.0,2139.0
2868686,2868687,59.0,1159998,1,2,0,1,1.0,30.0,1.0,-9.0,4.0,5416,10.0,22798.0,2142.0
2868687,2868688,59.0,1159999,1,2,0,1,1.0,30.0,1.0,-9.0,4.0,5416,10.0,22788.0,2139.0
2868688,2868689,59.0,1160000,1,2,0,1,1.0,50.0,1.0,-9.0,4.0,5415,10.0,22798.0,2142.0
2868689,2868690,59.0,1160001,1,2,0,1,1.0,50.0,1.0,-9.0,4.0,5415,10.0,22798.0,2142.0
2868690,2868691,59.0,1160002,1,2,0,1,1.0,30.0,1.0,-9.0,4.0,5416,10.0,22788.0,2139.0
2868691,2868692,59.0,1160003,1,2,0,1,1.0,50.0,1.0,-9.0,4.0,5415,10.0,22784.0,2139.0
2868692,2868693,59.0,1160004,1,2,0,1,1.0,30.0,1.0,-9.0,4.0,5416,10.0,22788.0,2139.0
2868693,2868694,61.0,1160005,1,2,0,1,1.0,25.0,1.0,-9.0,4.0,2211P,7.0,22788.0,2139.0
2868694,2868695,57.0,1160006,1,2,0,1,1.0,40.0,1.0,-9.0,4.0,23,2.0,22788.0,2139.0
2868695,2868696,57.0,1160007,1,2,0,1,1.0,40.0,1.0,-9.0,4.0,23,2.0,22784.0,2139.0
2868696,2868697,57.0,1160008,1,2,0,1,1.0,40.0,1.0,-9.0,4.0,23,2.0,22784.0,2139.0
2868697,2868698,57.0,1160009,1,2,0,1,1.0,40.0,1.0,-9.0,4.0,23,2.0,22788.0,2139.0
2868698,2868699,57.0,1160010,1,2,0,1,1.0,40.0,1.0,-9.0,4.0,23,2.0,22798.0,2142.0
2868699,2868700,57.0,1160011,1,2,0,1,1.0,40.0,1.0,-9.0,4.0,23,2.0,22788.0,2139.0
2868700,2868701,57.0,1160012,1,2,0,1,1.0,40.0,1.0,-9.0,4.0,23,2.0,22788.0,2139.0
2868701,2868702,57.0,1160013,1,2,0,1,1.0,40.0,1.0,-9.0,4.0,23,2.0,22788.0,2139.0
2868702,2868703,57.0,1160014,1,2,0,1,1.0,40.0,1.0,-9.0,4.0,23,2.0,22798.0,2142.0
2868703,2868704,57.0,1160015,1,2,0,1,1.0,16.0,1.0,-9.0,4.0,51912,8.0,22798.0,2142.0
2868704,2868705,55.0,1160016,1,1,0,1,1.0,20.0,1.0,-9.0,4.0,4481,5.0,22798.0,2142.0
2868705,2868706,55.0,1160016,2,2,1,1,6.0,-9.0,-9.0,-9.0,4.0,-9,0.0,22798.0,2142.0
2868706,2868707,19.0,1160016,3,1,2,1,6.0,-9.0,-9.0,14.0,4.0,-9,0.0,22798.0,2142.0
2868707,2868708,17.0,1160016,4,2,2,1,1.0,5.0,5.0,13.0,4.0,4481,5.0,22798.0,2142.0
2868708,2868709,55.0,1160017,1,2,0,1,1.0,40.0,1.0,-9.0,4.0,713Z,16.0,22788.0,2139.0
2868709,2868710,56.0,1160017,2,1,1,1,1.0,50.0,1.0,-9.0,4.0,611M1,13.0,22788.0,2139.0
2868710,2868711,19.0,1160017,3,2,2,1,1.0,15.0,5.0,15.0,4.0,713Z,16.0,22788.0,2139.0
2868711,2868712,15.0,1160017,4,2,2,1,-9.0,-9.0,-9.0,12.0,-9.0,-9,0.0,22788.0,2139.0
2868712,2868713,55.0,1160018,1,2,0,1,1.0,40.0,1.0,-9.0,4.0,713Z,16.0,22784.0,2139.0
2868713,2868714,56.0,1160018,2,1,1,1,1.0,50.0,1.0,-9.0,4.0,611M1,13.0,22784.0,2139.0
2868714,2868715,19.0,1160018,3,2,2,1,1.0,15.0,5.0,15.0,4.0,713Z,16.0,22784.0,2139.0
2868715,2868716,15.0,1160018,4,2,2,1,-9.0,-9.0,-9.0,12.0,-9.0,-9,0.0,22784.0,2139.0
2868716,2868717,55.0,1160019,1,2,0,1,1.0,40.0,1.0,-9.0,4.0,713Z,16.0,22788.0,2139.0
2868717,2868718,56.0,1160019,2,1,1,1,1.0,50.0,1.0,-9.0,4.0,611M1,13.0,22788.0,2139.0
2868718,2868719,19.0,1160019,3,2,2,1,1.0,15.0,5.0,15.0,4.0,713Z,16.0,22788.0,2139.0
2868719,2868720,15.0,1160019,4,2,2,1,-9.0,-9.0,-9.0,12.0,-9.0,-9,0.0,22788.0,2139.0
2868720,2868721,55.0,1160020,1,2,0,1,1.0,40.0,1.0,-9.0,4.0,713Z,16.0,22788.0,2139.0
2868721,2868722,56.0,1160020,2,1,1,1,1.0,50.0,1.0,-9.0,4.0,611M1,13.0,22788.0,2139.0
2868722,2868723,19.0,1160020,3,2,2,1,1.0,15.0,5.0,15.0,4.0,713Z,16.0,22788.0,2139.0
2868723,2868724,15.0,1160020,4,2,2,1,-9.0,-9.0,-9.0,12.0,-9.0,-9,0.0,22788.0,2139.0
2868724,2868725,55.0,1160021,1,2,0,1,1.0,40.0,1.0,-9.0,4.0,713Z,16.0,22788.0,2139.0
2868725,2868726,56.0,1160021,2,1,1,1,1.0,50.0,1.0,-9.0,4.0,611M1,13.0,22788.0,2139.0
2868726,2868727,19.0,1160021,3,2,2,1,1.0,15.0,5.0,15.0,4.0,713Z,16.0,22788.0,2139.0
2868727,2868728,15.0,1160021,4,2,2,1,-9.0,-9.0,-9.0,12.0,-9.0,-9,0.0,22788.0,2139.0
2868728,2868729,55.0,1160022,1,2,0,1,1.0,40.0,1.0,-9.0,4.0,713Z,16.0,22786.0,2139.0
2868729,2868730,56.0,1160022,2,1,1,1,1.0,50.0,1.0,-9.0,4.0,611M1,13.0,22786.0,2139.0
2868730,2868731,19.0,1160022,3,2,2,1,1.0,15.0,5.0,15.0,4.0,713Z,16.0,22786.0,2139.0
2868731,2868732,15.0,1160022,4,2,2,1,-9.0,-9.0,-9.0,12.0,-9.0,-9,0.0,22786.0,2139.0
2868732,2868733,55.0,1160023,1,2,0,1,1.0,40.0,1.0,-9.0,4.0,713Z,16.0,22784.0,2139.0
2868733,2868734,56.0,1160023,2,1,1,1,1.0,50.0,1.0,-9.0,4.0,611M1,13.0,22784.0,2139.0
2868734,2868735,19.0,1160023,3,2,2,1,1.0,15.0,5.0,15.0,4.0,713Z,16.0,22784.0,2139.0
2868735,2868736,15.0,1160023,4,2,2,1,-9.0,-9.0,-9.0,12.0,-9.0,-9,0.0,22784.0,2139.0
2868736,2868737,55.0,1160024,1,2,0,1,1.0,40.0,1.0,-9.0,4.0,713Z,16.0,22798.0,2142.0
2868737,2868738,56.0,1160024,2,1,1,1,1.0,50.0,1.0,-9.0,4.0,611M1,13.0,22798.0,2142.0
2868738,2868739,19.0,1160024,3,2,2,1,1.0,15.0,5.0,15.0,4.0,713Z,16.0,22798.0,2142.0
2868739,2868740,15.0,1160024,4,2,2,1,-9.0,-9.0,-9.0,12.0,-9.0,-9,0.0,22798.0,2142.0
2868740,2868741,55.0,1160025,1,2,0,1,1.0,40.0,1.0,-9.0,4.0,713Z,16.0,22788.0,2139.0
2868741,2868742,56.0,1160025,2,1,1,1,1.0,50.0,1.0,-9.0,4.0,611M1,13.0,22788.0,2139.0
2868742,2868743,19.0,1160025,3,2,2,1,1.0,15.0,5.0,15.0,4.0,713Z,16.0,22788.0,2139.0
2868743,2868744,15.0,1160025,4,2,2,1,-9.0,-9.0,-9.0,12.0,-9.0,-9,0.0,22788.0,2139.0
2868744,2868745,55.0,1160026,1,2,0,1,1.0,40.0,1.0,-9.0,4.0,713Z,16.0,22798.0,2142.0
2868745,2868746,56.0,1160026,2,1,1,1,1.0,50.0,1.0,-9.0,4.0,611M1,13.0,22798.0,2142.0
2868746,2868747,19.0,1160026,3,2,2,1,1.0,15.0,5.0,15.0,4.0,713Z,16.0,22798.0,2142.0
2868747,2868748,15.0,1160026,4,2,2,1,-9.0,-9.0,-9.0,12.0,-9.0,-9,0.0,22798.0,2142.0
2868748,2868749,55.0,1160027,1,2,0,1,1.0,40.0,1.0,-9.0,4.0,713Z,16.0,22788.0,2139.0
2868749,2868750,56.0,1160027,2,1,1,1,1.0,50.0,1.0,-9.0,4.0,611M1,13.0,22788.0,2139.0
2868750,2868751,19.0,1160027,3,2,2,1,1.0,15.0,5.0,15.0,4.0,713Z,16.0,22788.0,2139.0
2868751,2868752,15.0,1160027,4,2,2,1,-9.0,-9.0,-9.0,12.0,-9.0,-9,0.0,22788.0,2139.0
2868752,2868753,55.0,1160028,1,2,0,1,1.0,40.0,1.0,-9.0,4.0,713Z,16.0,22798.0,2142.0
2868753,2868754,56.0,1160028,2,1,1,1,1.0,50.0,1.0,-9.0,4.0,611M1,13.0,22798.0,2142.0
2868754,2868755,19.0,1160028,3,2,2,1,1.0,15.0,5.0,15.0,4.0,713Z,16.0,22798.0,2142.0
2868755,2868756,15.0,1160028,4,2,2,1,-9.0,-9.0,-9.0,12.0,-9.0,-9,0.0,22798.0,2142.0
2868756,2868757,55.0,1160029,1,2,0,1,1.0,40.0,1.0,-9.0,4.0,713Z,16.0,22788.0,2139.0
2868757,2868758,56.0,1160029,2,1,1,1,1.0,50.0,1.0,-9.0,4.0,611M1,13.0,22788.0,2139.0
2868758,2868759,19.0,1160029,3,2,2,1,1.0,15.0,5.0,15.0,4.0,713Z,16.0,22788.0,2139.0
2868759,2868760,15.0,1160029,4,2,2,1,-9.0,-9.0,-9.0,12.0,-9.0,-9,0.0,22788.0,2139.0
2868760,2868761,55.0,1160030,1,2,0,1,1.0,40.0,1.0,-9.0,4.0,713Z,16.0,22786.0,2139.0
2868761,2868762,56.0,1160030,2,1,1,1,1.0,50.0,1.0,-9.0,4.0,611M1,13.0,22786.0,2139.0
2868762,2868763,19.0,1160030,3,2,2,1,1.0,15.0,5.0,15.0,4.0,713Z,16.0,22786.0,2139.0
2868763,2868764,15.0,1160030,4,2,2,1,-9.0,-9.0,-9.0,12.0,-9.0,-9,0.0,22786.0,2139.0
2868764,2868765,55.0,1160031,1,2,0,1,1.0,40.0,1.0,-9.0,4.0,713Z,16.0,22798.0,2142.0
2868765,2868766,56.0,1160031,2,1,1,1,1.0,50.0,1.0,-9.0,4.0,611M1,13.0,22798.0,2142.0
2868766,2868767,19.0,1160031,3,2,2,1,1.0,15.0,5.0,15.0,4.0,713Z,16.0,22798.0,2142.0
2868767,2868768,15.0,1160031,4,2,2,1,-9.0,-9.0,-9.0,12.0,-9.0,-9,0.0,22798.0,2142.0
2868768,2868769,55.0,1160032,1,2,0,1,1.0,40.0,1.0,-9.0,4.0,713Z,16.0,22798.0,2142.0
2868769,2868770,56.0,1160032,2,1,1,1,1.0,50.0,1.0,-9.0,4.0,611M1,13.0,22798.0,2142.0
2868770,2868771,19.0,1160032,3,2,2,1,1.0,15.0,5.0,15.0,4.0,713Z,16.0,22798.0,2142.0
2868771,2868772,15.0,1160032,4,2,2,1,-9.0,-9.0,-9.0,12.0,-9.0,-9,0.0,22798.0,2142.0
2868772,2868773,55.0,1160033,1,2,0,1,1.0,40.0,1.0,-9.0,4.0,713Z,16.0,22786.0,2139.0
2868773,2868774,56.0,1160033,2,1,1,1,1.0,50.0,1.0,-9.0,4.0,611M1,13.0,22786.0,2139.0
2868774,2868775,19.0,1160033,3,2,2,1,1.0,15.0,5.0,15.0,4.0,713Z,16.0,22786.0,2139.0
2868775,2868776,15.0,1160033,4,2,2,1,-9.0,-9.0,-9.0,12.0,-9.0,-9,0.0,22786.0,2139.0
2868776,2868777,55.0,1160034,1,2,0,1,1.0,40.0,1.0,-9.0,4.0,713Z,16.0,22788.0,2139.0
2868777,2868778,56.0,1160034,2,1,1,1,1.0,50.0,1.0,-9.0,4.0,611M1,13.0,22788.0,2139.0
2868778,2868779,19.0,1160034,3,2,2,1,1.0,15.0,5.0,15.0,4.0,713Z,16.0,22788.0,2139.0
2868779,2868780,15.0,1160034,4,2,2,1,-9.0,-9.0,-9.0,12.0,-9.0,-9,0.0,22788.0,2139.0
2868780,2868781,55.0,1160035,1,2,0,1,1.0,40.0,1.0,-9.0,4.0,713Z,16.0,22788.0,2139.0
2868781,2868782,56.0,1160035,2,1,1,1,1.0,50.0,1.0,-9.0,4.0,611M1,13.0,22788.0,2139.0
2868782,2868783,19.0,1160035,3,2,2,1,1.0,15.0,5.0,15.0,4.0,713Z,16.0,22788.0,2139.0
2868783,2868784,15.0,1160035,4,2,2,1,-9.0,-9.0,-9.0,12.0,-9.0,-9,0.0,22788.0,2139.0
2868784,2868785,55.0,1160036,1,2,0,1,1.0,40.0,1.0,-9.0,4.0,713Z,16.0,22798.0,2142.0
2868785,2868786,56.0,1160036,2,1,1,1,1.0,50.0,1.0,-9.0,4.0,611M1,13.0,22798.0,2142.0
2868786,2868787,19.0,1160036,3,2,2,1,1.0,15.0,5.0,15.0,4.0,713Z,16.0,22798.0,2142.0
2868787,2868788,15.0,1160036,4,2,2,1,-9.0,-9.0,-9.0,12.0,-9.0,-9,0.0,22798.0,2142.0
2868788,2868789,55.0,1160037,1,2,0,1,1.0,40.0,1.0,-9.0,4.0,713Z,16.0,22788.0,2139.0
2868789,2868790,56.0,1160037,2,1,1,1,1.0,50.0,1.0,-9.0,4.0,611M1,13.0,22788.0,2139.0
2868790,2868791,19.0,1160037,3,2,2,1,1.0,15.0,5.0,15.0,4.0,713Z,16.0,22788.0,2139.0
2868791,2868792,15.0,1160037,4,2,2,1,-9.0,-9.0,-9.0,12.0,-9.0,-9,0.0,22788.0,2139.0
2868792,2868793,35.0,1160038,1,1,0,4,1.0,40.0,2.0,-9.0,4.0,5415,10.0,22798.0,2142.0
2868793,2868794,24.0,1160038,2,2,1,4,6.0,-9.0,-9.0,-9.0,4.0,-9,0.0,22798.0,2142.0
2868794,2868795,35.0,1160039,1,1,0,4,1.0,40.0,2.0,-9.0,4.0,5415,10.0,22788.0,2139.0
2868795,2868796,24.0,1160039,2,2,1,4,6.0,-9.0,-9.0,-9.0,4.0,-9,0.0,22788.0,2139.0
2868796,2868797,35.0,1160040,1,1,0,4,1.0,40.0,2.0,-9.0,4.0,5415,10.0,22798.0,2142.0
2868797,2868798,24.0,1160040,2,2,1,4,6.0,-9.0,-9.0,-9.0,4.0,-9,0.0,22798.0,2142.0
2868798,2868799,35.0,1160041,1,1,0,4,1.0,40.0,2.0,-9.0,4.0,5415,10.0,22788.0,2139.0
2868799,2868800,24.0,1160041,2,2,1,4,6.0,-9.0,-9.0,-9.0,4.0,-9,0.0,22788.0,2139.0
2868800,2868801,35.0,1160042,1,1,0,4,1.0,40.0,2.0,-9.0,4.0,5415,10.0,22798.0,2142.0
2868801,2868802,24.0,1160042,2,2,1,4,6.0,-9.0,-9.0,-9.0,4.0,-9,0.0,22798.0,2142.0
2868802,2868803,35.0,1160043,1,1,0,4,1.0,40.0,2.0,-9.0,4.0,5415,10.0,22798.0,2142.0
2868803,2868804,24.0,1160043,2,2,1,4,6.0,-9.0,-9.0,-9.0,4.0,-9,0.0,22798.0,2142.0
2868804,2868805,35.0,1160044,1,1,0,4,1.0,40.0,2.0,-9.0,4.0,5415,10.0,22788.0,2139.0
2868805,2868806,24.0,1160044,2,2,1,4,6.0,-9.0,-9.0,-9.0,4.0,-9,0.0,22788.0,2139.0
2868806,2868807,35.0,1160045,1,1,0,4,1.0,40.0,2.0,-9.0,4.0,5415,10.0,22788.0,2139.0
2868807,2868808,24.0,1160045,2,2,1,4,6.0,-9.0,-9.0,-9.0,4.0,-9,0.0,22788.0,2139.0
2868808,2868809,35.0,1160046,1,1,0,4,1.0,40.0,2.0,-9.0,4.0,5415,10.0,22788.0,2139.0
2868809,2868810,24.0,1160046,2,2,1,4,6.0,-9.0,-9.0,-9.0,4.0,-9,0.0,22788.0,2139.0
2868810,2868811,35.0,1160047,1,1,0,4,1.0,40.0,2.0,-9.0,4.0,5415,10.0,22788.0,2139.0
2868811,2868812,24.0,1160047,2,2,1,4,6.0,-9.0,-9.0,-9.0,4.0,-9,0.0,22788.0,2139.0
2868812,2868813,35.0,1160048,1,1,0,4,1.0,40.0,2.0,-9.0,4.0,5415,10.0,22798.0,2142.0
2868813,2868814,24.0,1160048,2,2,1,4,6.0,-9.0,-9.0,-9.0,4.0,-9,0.0,22798.0,2142.0
2868814,2868815,35.0,1160049,1,1,0,4,1.0,40.0,2.0,-9.0,4.0,5415,10.0,22788.0,2139.0
2868815,2868816,24.0,1160049,2,2,1,4,6.0,-9.0,-9.0,-9.0,4.0,-9,0.0,22788.0,2139.0
2868816,2868817,35.0,1160050,1,1,0,4,1.0,40.0,2.0,-9.0,4.0,5415,10.0,22788.0,2139.0
2868817,2868818,24.0,1160050,2,2,1,4,6.0,-9.0,-9.0,-9.0,4.0,-9,0.0,22788.0,2139.0
2868818,2868819,35.0,1160051,1,1,0,4,1.0,40.0,2.0,-9.0,4.0,5415,10.0,22788.0,2139.0
2868819,2868820,24.0,1160051,2,2,1,4,6.0,-9.0,-9.0,-9.0,4.0,-9,0.0,22788.0,2139.0
2868820,2868821,35.0,1160052,1,1,0,4,1.0,40.0,2.0,-9.0,4.0,5415,10.0,22788.0,2139.0
2868821,2868822,24.0,1160052,2,2,1,4,6.0,-9.0,-9.0,-9.0,4.0,-9,0.0,22788.0,2139.0
2868822,2868823,35.0,1160053,1,1,0,4,1.0,40.0,2.0,-9.0,4.0,5415,10.0,22788.0,2139.0
2868823,2868824,24.0,1160053,2,2,1,4,6.0,-9.0,-9.0,-9.0,4.0,-9,0.0,22788.0,2139.0
2868824,2868825,35.0,1160054,1,1,0,4,1.0,40.0,2.0,-9.0,4.0,5415,10.0,22798.0,2142.0
2868825,2868826,24.0,1160054,2,2,1,4,6.0,-9.0,-9.0,-9.0,4.0,-9,0.0,22798.0,2142.0
2868826,2868827,35.0,1160055,1,1,0,4,1.0,40.0,2.0,-9.0,4.0,5415,10.0,22788.0,2139.0
2868827,2868828,24.0,1160055,2,2,1,4,6.0,-9.0,-9.0,-9.0,4.0,-9,0.0,22788.0,2139.0
2868828,2868829,35.0,1160056,1,1,0,4,1.0,40.0,2.0,-9.0,4.0,5415,10.0,22784.0,2139.0
2868829,2868830,24.0,1160056,2,2,1,4,6.0,-9.0,-9.0,-9.0,4.0,-9,0.0,22784.0,2139.0
2868830,2868831,35.0,1160057,1,1,0,4,1.0,40.0,2.0,-9.0,4.0,5415,10.0,22788.0,2139.0
2868831,2868832,24.0,1160057,2,2,1,4,6.0,-9.0,-9.0,-9.0,4.0,-9,0.0,22788.0,2139.0
2868832,2868833,35.0,1160058,1,1,0,4,1.0,40.0,2.0,-9.0,4.0,5415,10.0,22798.0,2142.0
2868833,2868834,24.0,1160058,2,2,1,4,6.0,-9.0,-9.0,-9.0,4.0,-9,0.0,22798.0,2142.0
2868834,2868835,35.0,1160059,1,1,0,4,1.0,40.0,2.0,-9.0,4.0,5415,10.0,22788.0,2139.0
2868835,2868836,24.0,1160059,2,2,1,4,6.0,-9.0,-9.0,-9.0,4.0,-9,0.0,22788.0,2139.0
2868836,2868837,35.0,1160060,1,1,0,4,1.0,40.0,2.0,-9.0,4.0,5415,10.0,22784.0,2139.0
2868837,2868838,24.0,1160060,2,2,1,4,6.0,-9.0,-9.0,-9.0,4.0,-9,0.0,22784.0,2139.0
2868838,2868839,35.0,1160061,1,1,0,4,1.0,40.0,2.0,-9.0,4.0,5415,10.0,22798.0,2142.0
2868839,2868840,24.0,1160061,2,2,1,4,6.0,-9.0,-9.0,-9.0,4.0,-9,0.0,22798.0,2142.0
2868840,2868841,35.0,1160062,1,1,0,4,1.0,40.0,2.0,-9.0,4.0,5415,10.0,22784.0,2139.0
2868841,2868842,24.0,1160062,2,2,1,4,6.0,-9.0,-9.0,-9.0,4.0,-9,0.0,22784.0,2139.0
2868842,2868843,35.0,1160063,1,1,0,4,1.0,40.0,2.0,-9.0,4.0,5415,10.0,22786.0,2139.0
2868843,2868844,24.0,1160063,2,2,1,4,6.0,-9.0,-9.0,-9.0,4.0,-9,0.0,22786.0,2139.0
2868844,2868845,25.0,1160064,1,2,0,1,1.0,65.0,1.0,-9.0,4.0,5411,10.0,22798.0,2142.0
2868845,2868846,29.0,1160065,1,1,0,1,1.0,40.0,1.0,-9.0,4.0,5415,10.0,22784.0,2139.0
2868846,2868847,24.0,1160065,2,2,13,1,6.0,8.0,3.0,15.0,4.0,813M,17.0,22784.0,2139.0
2868847,2868848,29.0,1160066,1,1,0,1,1.0,40.0,1.0,-9.0,4.0,5415,10.0,22788.0,2139.0
2868848,2868849,24.0,1160066,2,2,13,1,6.0,8.0,3.0,15.0,4.0,813M,17.0,22788.0,2139.0
2868849,2868850,29.0,1160067,1,1,0,1,1.0,40.0,1.0,-9.0,4.0,5415,10.0,22788.0,2139.0
2868850,2868851,24.0,1160067,2,2,13,1,6.0,8.0,3.0,15.0,4.0,813M,17.0,22788.0,2139.0
2868851,2868852,29.0,1160068,1,1,0,1,1.0,40.0,1.0,-9.0,4.0,5415,10.0,22798.0,2142.0
2868852,2868853,24.0,1160068,2,2,13,1,6.0,8.0,3.0,15.0,4.0,813M,17.0,22798.0,2142.0
2868853,2868854,29.0,1160069,1,1,0,1,1.0,40.0,1.0,-9.0,4.0,5415,10.0,22788.0,2139.0
2868854,2868855,24.0,1160069,2,2,13,1,6.0,8.0,3.0,15.0,4.0,813M,17.0,22788.0,2139.0
2868855,2868856,29.0,1160070,1,1,0,1,1.0,40.0,1.0,-9.0,4.0,5415,10.0,22788.0,2139.0
2868856,2868857,24.0,1160070,2,2,13,1,6.0,8.0,3.0,15.0,4.0,813M,17.0,22788.0,2139.0
2868857,2868858,29.0,1160071,1,1,0,1,1.0,40.0,1.0,-9.0,4.0,5415,10.0,22798.0,2142.0
2868858,2868859,24.0,1160071,2,2,13,1,6.0,8.0,3.0,15.0,4.0,813M,17.0,22798.0,2142.0
2868859,2868860,29.0,1160072,1,1,0,1,1.0,40.0,1.0,-9.0,4.0,5415,10.0,22788.0,2139.0
2868860,2868861,24.0,1160072,2,2,13,1,6.0,8.0,3.0,15.0,4.0,813M,17.0,22788.0,2139.0
2868861,2868862,29.0,1160073,1,1,0,1,1.0,40.0,1.0,-9.0,4.0,5415,10.0,22788.0,2139.0
2868862,2868863,24.0,1160073,2,2,13,1,6.0,8.0,3.0,15.0,4.0,813M,17.0,22788.0,2139.0
2868863,2868864,29.0,1160074,1,1,0,1,1.0,40.0,1.0,-9.0,4.0,5415,10.0,22784.0,2139.0
2868864,2868865,24.0,1160074,2,2,13,1,6.0,8.0,3.0,15.0,4.0,813M,17.0,22784.0,2139.0
2868865,2868866,29.0,1160075,1,1,0,1,1.0,40.0,1.0,-9.0,4.0,5415,10.0,22798.0,2142.0
2868866,2868867,24.0,1160075,2,2,13,1,6.0,8.0,3.0,15.0,4.0,813M,17.0,22798.0,2142.0
2868867,2868868,29.0,1160076,1,1,0,1,1.0,40.0,1.0,-9.0,4.0,5415,10.0,22788.0,2139.0
2868868,2868869,24.0,1160076,2,2,13,1,6.0,8.0,3.0,15.0,4.0,813M,17.0,22788.0,2139.0
2868869,2868870,29.0,1160077,1,1,0,1,1.0,40.0,1.0,-9.0,4.0,5415,10.0,22798.0,2142.0
2868870,2868871,24.0,1160077,2,2,13,1,6.0,8.0,3.0,15.0,4.0,813M,17.0,22798.0,2142.0
2868871,2868872,29.0,1160078,1,1,0,1,1.0,40.0,1.0,-9.0,4.0,5415,10.0,22798.0,2142.0
2868872,2868873,24.0,1160078,2,2,13,1,6.0,8.0,3.0,15.0,4.0,813M,17.0,22798.0,2142.0
2868873,2868874,29.0,1160079,1,1,0,1,1.0,40.0,1.0,-9.0,4.0,5415,10.0,22798.0,2142.0
2868874,2868875,24.0,1160079,2,2,13,1,6.0,8.0,3.0,15.0,4.0,813M,17.0,22798.0,2142.0
2868875,2868876,29.0,1160080,1,1,0,1,1.0,40.0,1.0,-9.0,4.0,5415,10.0,22798.0,2142.0
2868876,2868877,24.0,1160080,2,2,13,1,6.0,8.0,3.0,15.0,4.0,813M,17.0,22798.0,2142.0
2868877,2868878,29.0,1160081,1,1,0,1,1.0,40.0,1.0,-9.0,4.0,5415,10.0,22784.0,2139.0
2868878,2868879,24.0,1160081,2,2,13,1,6.0,8.0,3.0,15.0,4.0,813M,17.0,22784.0,2139.0
2868879,2868880,29.0,1160082,1,1,0,1,1.0,40.0,1.0,-9.0,4.0,5415,10.0,22798.0,2142.0
2868880,2868881,24.0,1160082,2,2,13,1,6.0,8.0,3.0,15.0,4.0,813M,17.0,22798.0,2142.0
2868881,2868882,29.0,1160083,1,1,0,1,1.0,40.0,1.0,-9.0,4.0,5415,10.0,22788.0,2139.0
2868882,2868883,24.0,1160083,2,2,13,1,6.0,8.0,3.0,15.0,4.0,813M,17.0,22788.0,2139.0
2868883,2868884,29.0,1160084,1,1,0,1,1.0,40.0,1.0,-9.0,4.0,5415,10.0,22788.0,2139.0
2868884,2868885,24.0,1160084,2,2,13,1,6.0,8.0,3.0,15.0,4.0,813M,17.0,22788.0,2139.0
2868885,2868886,29.0,1160085,1,1,0,1,1.0,40.0,1.0,-9.0,4.0,5415,10.0,22788.0,2139.0
2868886,2868887,24.0,1160085,2,2,13,1,6.0,8.0,3.0,15.0,4.0,813M,17.0,22788.0,2139.0
2868887,2868888,29.0,1160086,1,1,0,1,1.0,40.0,1.0,-9.0,4.0,5415,10.0,22788.0,2139.0
2868888,2868889,24.0,1160086,2,2,13,1,6.0,8.0,3.0,15.0,4.0,813M,17.0,22788.0,2139.0
2868889,2868890,29.0,1160087,1,1,0,1,1.0,40.0,1.0,-9.0,4.0,5415,10.0,22788.0,2139.0
2868890,2868891,24.0,1160087,2,2,13,1,6.0,8.0,3.0,15.0,4.0,813M,17.0,22788.0,2139.0
2868891,2868892,29.0,1160088,1,1,0,1,1.0,40.0,1.0,-9.0,4.0,5415,10.0,22788.0,2139.0
2868892,2868893,24.0,1160088,2,2,13,1,6.0,8.0,3.0,15.0,4.0,813M,17.0,22788.0,2139.0
2868893,2868894,29.0,1160089,1,1,0,1,1.0,40.0,1.0,-9.0,4.0,5415,10.0,22786.0,2139.0
2868894,2868895,24.0,1160089,2,2,13,1,6.0,8.0,3.0,15.0,4.0,813M,17.0,22786.0,2139.0
2868895,2868896,29.0,1160090,1,1,0,1,1.0,40.0,1.0,-9.0,4.0,5415,10.0,22798.0,2142.0
2868896,2868897,24.0,1160090,2,2,13,1,6.0,8.0,3.0,15.0,4.0,813M,17.0,22798.0,2142.0
2868897,2868898,29.0,1160091,1,1,0,1,1.0,40.0,1.0,-9.0,4.0,5415,10.0,22798.0,2142.0
2868898,2868899,24.0,1160091,2,2,13,1,6.0,8.0,3.0,15.0,4.0,813M,17.0,22798.0,2142.0
2868899,2868900,29.0,1160092,1,1,0,1,1.0,40.0,1.0,-9.0,4.0,5415,10.0,22798.0,2142.0
2868900,2868901,24.0,1160092,2,2,13,1,6.0,8.0,3.0,15.0,4.0,813M,17.0,22798.0,2142.0
2868901,2868902,29.0,1160093,1,1,0,1,1.0,40.0,1.0,-9.0,4.0,5415,10.0,22798.0,2142.0
2868902,2868903,24.0,1160093,2,2,13,1,6.0,8.0,3.0,15.0,4.0,813M,17.0,22798.0,2142.0
2868903,2868904,29.0,1160094,1,1,0,1,1.0,40.0,1.0,-9.0,4.0,5415,10.0,22788.0,2139.0
2868904,2868905,24.0,1160094,2,2,13,1,6.0,8.0,3.0,15.0,4.0,813M,17.0,22788.0,2139.0
2868905,2868906,29.0,1160095,1,1,0,1,1.0,40.0,1.0,-9.0,4.0,5415,10.0,22786.0,2139.0
2868906,2868907,24.0,1160095,2,2,13,1,6.0,8.0,3.0,15.0,4.0,813M,17.0,22786.0,2139.0
2868907,2868908,29.0,1160096,1,1,0,1,1.0,40.0,1.0,-9.0,4.0,5415,10.0,22798.0,2142.0
2868908,2868909,24.0,1160096,2,2,13,1,6.0,8.0,3.0,15.0,4.0,813M,17.0,22798.0,2142.0
2868909,2868910,29.0,1160097,1,1,0,1,1.0,40.0,1.0,-9.0,4.0,5415,10.0,22798.0,2142.0
2868910,2868911,24.0,1160097,2,2,13,1,6.0,8.0,3.0,15.0,4.0,813M,17.0,22798.0,2142.0
2868911,2868912,29.0,1160098,1,1,0,1,1.0,40.0,1.0,-9.0,4.0,5415,10.0,22788.0,2139.0
2868912,2868913,24.0,1160098,2,2,13,1,6.0,8.0,3.0,15.0,4.0,813M,17.0,22788.0,2139.0
2868913,2868914,29.0,1160099,1,1,0,1,1.0,40.0,1.0,-9.0,4.0,5415,10.0,22788.0,2139.0
2868914,2868915,24.0,1160099,2,2,13,1,6.0,8.0,3.0,15.0,4.0,813M,17.0,22788.0,2139.0
2868915,2868916,29.0,1160100,1,1,0,1,1.0,40.0,1.0,-9.0,4.0,5415,10.0,22788.0,2139.0
2868916,2868917,24.0,1160100,2,2,13,1,6.0,8.0,3.0,15.0,4.0,813M,17.0,22788.0,2139.0
2868917,2868918,29.0,1160101,1,1,0,1,1.0,40.0,1.0,-9.0,4.0,5415,10.0,22784.0,2139.0
2868918,2868919,24.0,1160101,2,2,13,1,6.0,8.0,3.0,15.0,4.0,813M,17.0,22784.0,2139.0
2868919,2868920,29.0,1160102,1,1,0,1,1.0,40.0,1.0,-9.0,4.0,5415,10.0,22788.0,2139.0
2868920,2868921,24.0,1160102,2,2,13,1,6.0,8.0,3.0,15.0,4.0,813M,17.0,22788.0,2139.0
2868921,2868922,26.0,1160103,1,1,0,1,1.0,48.0,2.0,16.0,4.0,6111,13.0,22788.0,2139.0
2868922,2868923,22.0,1160103,2,1,12,4,1.0,50.0,4.0,-9.0,4.0,611M1,13.0,22788.0,2139.0
2868923,2868924,26.0,1160104,1,1,0,1,1.0,48.0,2.0,16.0,4.0,6111,13.0,22788.0,2139.0
2868924,2868925,22.0,1160104,2,1,12,4,1.0,50.0,4.0,-9.0,4.0,611M1,13.0,22788.0,2139.0
2868925,2868926,26.0,1160105,1,1,0,1,1.0,48.0,2.0,16.0,4.0,6111,13.0,22788.0,2139.0
2868926,2868927,22.0,1160105,2,1,12,4,1.0,50.0,4.0,-9.0,4.0,611M1,13.0,22788.0,2139.0
2868927,2868928,26.0,1160106,1,1,0,1,1.0,48.0,2.0,16.0,4.0,6111,13.0,22798.0,2142.0
2868928,2868929,22.0,1160106,2,1,12,4,1.0,50.0,4.0,-9.0,4.0,611M1,13.0,22798.0,2142.0
2868929,2868930,26.0,1160107,1,1,0,1,1.0,48.0,2.0,16.0,4.0,6111,13.0,22798.0,2142.0
2868930,2868931,22.0,1160107,2,1,12,4,1.0,50.0,4.0,-9.0,4.0,611M1,13.0,22798.0,2142.0
2868931,2868932,27.0,1160108,1,2,0,1,1.0,40.0,1.0,16.0,4.0,611M1,13.0,22784.0,2139.0
2868932,2868933,24.0,1160108,2,2,15,1,1.0,42.0,1.0,-9.0,4.0,722Z,16.0,22784.0,2139.0
2868933,2868934,26.0,1160109,1,2,0,1,1.0,40.0,1.0,-9.0,4.0,51912,8.0,22798.0,2142.0
2868934,2868935,24.0,1160109,2,1,12,1,1.0,20.0,2.0,15.0,4.0,713Z,16.0,22798.0,2142.0
2868935,2868936,26.0,1160110,1,2,0,1,1.0,40.0,1.0,-9.0,4.0,51912,8.0,22788.0,2139.0
2868936,2868937,24.0,1160110,2,1,12,1,1.0,20.0,2.0,15.0,4.0,713Z,16.0,22788.0,2139.0
2868937,2868938,26.0,1160111,1,2,0,1,1.0,40.0,1.0,-9.0,4.0,51912,8.0,22788.0,2139.0
2868938,2868939,24.0,1160111,2,1,12,1,1.0,20.0,2.0,15.0,4.0,713Z,16.0,22788.0,2139.0
2868939,2868940,26.0,1160112,1,2,0,1,1.0,40.0,1.0,-9.0,4.0,51912,8.0,22798.0,2142.0
2868940,2868941,24.0,1160112,2,1,12,1,1.0,20.0,2.0,15.0,4.0,713Z,16.0,22798.0,2142.0
2868941,2868942,26.0,1160113,1,2,0,1,1.0,40.0,1.0,-9.0,4.0,51912,8.0,22798.0,2142.0
2868942,2868943,24.0,1160113,2,1,12,1,1.0,20.0,2.0,15.0,4.0,713Z,16.0,22798.0,2142.0
2868943,2868944,26.0,1160114,1,2,0,1,1.0,40.0,1.0,-9.0,4.0,51912,8.0,22788.0,2139.0
2868944,2868945,24.0,1160114,2,1,12,1,1.0,20.0,2.0,15.0,4.0,713Z,16.0,22788.0,2139.0
2868945,2868946,26.0,1160115,1,2,0,1,1.0,40.0,1.0,-9.0,4.0,51912,8.0,22798.0,2142.0
2868946,2868947,24.0,1160115,2,1,12,1,1.0,20.0,2.0,15.0,4.0,713Z,16.0,22798.0,2142.0
2868947,2868948,26.0,1160116,1,2,0,1,1.0,40.0,1.0,-9.0,4.0,51912,8.0,22798.0,2142.0
2868948,2868949,24.0,1160116,2,1,12,1,1.0,20.0,2.0,15.0,4.0,713Z,16.0,22798.0,2142.0
2868949,2868950,26.0,1160117,1,2,0,1,1.0,40.0,1.0,-9.0,4.0,51912,8.0,22788.0,2139.0
2868950,2868951,24.0,1160117,2,1,12,1,1.0,20.0,2.0,15.0,4.0,713Z,16.0,22788.0,2139.0
2868951,2868952,26.0,1160118,1,2,0,1,1.0,40.0,1.0,-9.0,4.0,51912,8.0,22788.0,2139.0
2868952,2868953,24.0,1160118,2,1,12,1,1.0,20.0,2.0,15.0,4.0,713Z,16.0,22788.0,2139.0
2868953,2868954,26.0,1160119,1,2,0,1,1.0,40.0,1.0,-9.0,4.0,51912,8.0,22788.0,2139.0
2868954,2868955,24.0,1160119,2,1,12,1,1.0,20.0,2.0,15.0,4.0,713Z,16.0,22788.0,2139.0
2868955,2868956,26.0,1160120,1,2,0,1,1.0,40.0,1.0,-9.0,4.0,51912,8.0,22798.0,2142.0
2868956,2868957,24.0,1160120,2,1,12,1,1.0,20.0,2.0,15.0,4.0,713Z,16.0,22798.0,2142.0
2868957,2868958,26.0,1160121,1,2,0,1,1.0,40.0,1.0,-9.0,4.0,51912,8.0,22798.0,2142.0
2868958,2868959,24.0,1160121,2,1,12,1,1.0,20.0,2.0,15.0,4.0,713Z,16.0,22798.0,2142.0
2868959,2868960,26.0,1160122,1,2,0,1,1.0,40.0,1.0,-9.0,4.0,51912,8.0,22788.0,2139.0
2868960,2868961,24.0,1160122,2,1,12,1,1.0,20.0,2.0,15.0,4.0,713Z,16.0,22788.0,2139.0
2868961,2868962,26.0,1160123,1,2,0,1,1.0,40.0,1.0,-9.0,4.0,51912,8.0,22798.0,2142.0
2868962,2868963,24.0,1160123,2,1,12,1,1.0,20.0,2.0,15.0,4.0,713Z,16.0,22798.0,2142.0
2868963,2868964,26.0,1160124,1,2,0,1,1.0,40.0,1.0,-9.0,4.0,51912,8.0,22798.0,2142.0
2868964,2868965,24.0,1160124,2,1,12,1,1.0,20.0,2.0,15.0,4.0,713Z,16.0,22798.0,2142.0
2868965,2868966,26.0,1160125,1,2,0,1,1.0,40.0,1.0,-9.0,4.0,51912,8.0,22798.0,2142.0
2868966,2868967,24.0,1160125,2,1,12,1,1.0,20.0,2.0,15.0,4.0,713Z,16.0,22798.0,2142.0
2868967,2868968,26.0,1160126,1,2,0,1,1.0,40.0,1.0,-9.0,4.0,51912,8.0,22784.0,2139.0
2868968,2868969,24.0,1160126,2,1,12,1,1.0,20.0,2.0,15.0,4.0,713Z,16.0,22784.0,2139.0
2868969,2868970,26.0,1160127,1,2,0,1,1.0,40.0,1.0,-9.0,4.0,51912,8.0,22784.0,2139.0
2868970,2868971,24.0,1160127,2,1,12,1,1.0,20.0,2.0,15.0,4.0,713Z,16.0,22784.0,2139.0
2868971,2868972,26.0,1160128,1,2,0,1,1.0,40.0,1.0,-9.0,4.0,51912,8.0,22788.0,2139.0
2868972,2868973,24.0,1160128,2,1,12,1,1.0,20.0,2.0,15.0,4.0,713Z,16.0,22788.0,2139.0
2868973,2868974,26.0,1160129,1,2,0,1,1.0,40.0,1.0,-9.0,4.0,51912,8.0,22788.0,2139.0
2868974,2868975,24.0,1160129,2,1,12,1,1.0,20.0,2.0,15.0,4.0,713Z,16.0,22788.0,2139.0
2868975,2868976,26.0,1160130,1,2,0,1,1.0,40.0,1.0,-9.0,4.0,51912,8.0,22784.0,2139.0
2868976,2868977,24.0,1160130,2,1,12,1,1.0,20.0,2.0,15.0,4.0,713Z,16.0,22784.0,2139.0
2868977,2868978,26.0,1160131,1,2,0,1,1.0,40.0,1.0,-9.0,4.0,51912,8.0,22788.0,2139.0
2868978,2868979,24.0,1160131,2,1,12,1,1.0,20.0,2.0,15.0,4.0,713Z,16.0,22788.0,2139.0
2868979,2868980,26.0,1160132,1,2,0,1,1.0,40.0,1.0,-9.0,4.0,51912,8.0,22798.0,2142.0
2868980,2868981,24.0,1160132,2,1,12,1,1.0,20.0,2.0,15.0,4.0,713Z,16.0,22798.0,2142.0
2868981,2868982,26.0,1160133,1,2,0,1,1.0,40.0,1.0,-9.0,4.0,51912,8.0,22798.0,2142.0
2868982,2868983,24.0,1160133,2,1,12,1,1.0,20.0,2.0,15.0,4.0,713Z,16.0,22798.0,2142.0
2868983,2868984,26.0,1160134,1,2,0,1,1.0,40.0,1.0,-9.0,4.0,51912,8.0,22798.0,2142.0
2868984,2868985,24.0,1160134,2,1,12,1,1.0,20.0,2.0,15.0,4.0,713Z,16.0,22798.0,2142.0
2868985,2868986,26.0,1160135,1,2,0,1,1.0,40.0,1.0,-9.0,4.0,51912,8.0,22788.0,2139.0
2868986,2868987,24.0,1160135,2,1,12,1,1.0,20.0,2.0,15.0,4.0,713Z,16.0,22788.0,2139.0
2868987,2868988,26.0,1160136,1,2,0,1,1.0,40.0,1.0,-9.0,4.0,51912,8.0,22798.0,2142.0
2868988,2868989,24.0,1160136,2,1,12,1,1.0,20.0,2.0,15.0,4.0,713Z,16.0,22798.0,2142.0
2868989,2868990,26.0,1160137,1,2,0,1,1.0,40.0,1.0,-9.0,4.0,51912,8.0,22798.0,2142.0
2868990,2868991,24.0,1160137,2,1,12,1,1.0,20.0,2.0,15.0,4.0,713Z,16.0,22798.0,2142.0
2868991,2868992,26.0,1160138,1,2,0,1,1.0,40.0,1.0,-9.0,4.0,51912,8.0,22798.0,2142.0
2868992,2868993,24.0,1160138,2,1,12,1,1.0,20.0,2.0,15.0,4.0,713Z,16.0,22798.0,2142.0
2868993,2868994,26.0,1160139,1,2,0,1,1.0,40.0,1.0,-9.0,4.0,51912,8.0,22788.0,2139.0
2868994,2868995,24.0,1160139,2,1,12,1,1.0,20.0,2.0,15.0,4.0,713Z,16.0,22788.0,2139.0
2868995,2868996,32.0,1160140,1,2,0,1,1.0,55.0,1.0,-9.0,4.0,5413,10.0,22784.0,2139.0
2868996,2868997,32.0,1160141,1,2,0,1,1.0,55.0,1.0,-9.0,4.0,5413,10.0,22788.0,2139.0
2868997,2868998,32.0,1160142,1,2,0,1,1.0,55.0,1.0,-9.0,4.0,5413,10.0,22786.0,2139.0
2868998,2868999,25.0,1160143,1,2,0,1,1.0,40.0,1.0,-9.0,4.0,5614,12.0,22798.0,2142.0
2868999,2869000,25.0,1160144,1,2,0,1,1.0,40.0,1.0,-9.0,4.0,5416,10.0,22788.0,2139.0
2869000,2869001,25.0,1160145,1,2,0,1,1.0,40.0,1.0,-9.0,4.0,5416,10.0,22788.0,2139.0
2869001,2869002,25.0,1160146,1,2,0,1,1.0,40.0,1.0,-9.0,4.0,5614,12.0,22798.0,2142.0
2869002,2869003,32.0,1160147,1,2,0,1,1.0,55.0,1.0,-9.0,4.0,5413,10.0,22798.0,2142.0
2869003,2869004,32.0,1160148,1,2,0,1,1.0,55.0,1.0,-9.0,4.0,5413,10.0,22788.0,2139.0
2869004,2869005,25.0,1160149,1,2,0,1,1.0,40.0,1.0,-9.0,4.0,5614,12.0,22798.0,2142.0
2869005,2869006,25.0,1160150,1,2,0,1,1.0,40.0,1.0,-9.0,4.0,5614,12.0,22788.0,2139.0
2869006,2869007,25.0,1160151,1,2,0,1,1.0,40.0,1.0,-9.0,4.0,5614,12.0,22798.0,2142.0
2869007,2869008,25.0,1160152,1,2,0,1,1.0,40.0,1.0,-9.0,4.0,5614,12.0,22786.0,2139.0
2869008,2869009,32.0,1160153,1,2,0,1,1.0,55.0,1.0,-9.0,4.0,5413,10.0,22798.0,2142.0
2869009,2869010,32.0,1160154,1,2,0,1,1.0,55.0,1.0,-9.0,4.0,5413,10.0,22788.0,2139.0
2869010,2869011,25.0,1160155,1,2,0,1,1.0,40.0,1.0,-9.0,4.0,5614,12.0,22788.0,2139.0
2869011,2869012,25.0,1160156,1,2,0,1,1.0,40.0,1.0,-9.0,4.0,5614,12.0,22788.0,2139.0
2869012,2869013,32.0,1160157,1,2,0,1,1.0,55.0,1.0,-9.0,4.0,5413,10.0,22784.0,2139.0
2869013,2869014,32.0,1160158,1,2,0,1,1.0,55.0,1.0,-9.0,4.0,5413,10.0,22798.0,2142.0
2869014,2869015,32.0,1160159,1,2,0,1,1.0,55.0,1.0,-9.0,4.0,5413,10.0,22784.0,2139.0
2869015,2869016,25.0,1160160,1,2,0,1,1.0,40.0,1.0,-9.0,4.0,5614,12.0,22788.0,2139.0
2869016,2869017,32.0,1160161,1,2,0,1,1.0,55.0,1.0,-9.0,4.0,5413,10.0,22798.0,2142.0
2869017,2869018,25.0,1160162,1,2,0,1,1.0,40.0,1.0,-9.0,4.0,5416,10.0,22798.0,2142.0
2869018,2869019,25.0,1160163,1,2,0,1,1.0,40.0,1.0,-9.0,4.0,5614,12.0,22798.0,2142.0
2869019,2869020,25.0,1160164,1,2,0,1,1.0,40.0,1.0,-9.0,4.0,5614,12.0,22788.0,2139.0
2869020,2869021,25.0,1160165,1,2,0,1,1.0,40.0,1.0,-9.0,4.0,5614,12.0,22788.0,2139.0
2869021,2869022,32.0,1160166,1,2,0,1,1.0,55.0,1.0,-9.0,4.0,5413,10.0,22798.0,2142.0
2869022,2869023,32.0,1160167,1,2,0,1,1.0,55.0,1.0,-9.0,4.0,5413,10.0,22788.0,2139.0
2869023,2869024,32.0,1160168,1,2,0,1,1.0,55.0,1.0,-9.0,4.0,5413,10.0,22798.0,2142.0
2869024,2869025,25.0,1160169,1,2,0,1,1.0,40.0,1.0,-9.0,4.0,5614,12.0,22788.0,2139.0
2869025,2869026,25.0,1160170,1,2,0,1,1.0,40.0,1.0,-9.0,4.0,5614,12.0,22788.0,2139.0
2869026,2869027,25.0,1160171,1,2,0,1,1.0,40.0,1.0,-9.0,4.0,5416,10.0,22788.0,2139.0
2869027,2869028,25.0,1160172,1,2,0,1,1.0,40.0,1.0,-9.0,4.0,5614,12.0,22798.0,2142.0
2869028,2869029,32.0,1160173,1,2,0,1,1.0,55.0,1.0,-9.0,4.0,5413,10.0,22788.0,2139.0
2869029,2869030,25.0,1160174,1,2,0,1,1.0,40.0,1.0,-9.0,4.0,5614,12.0,22788.0,2139.0
2869030,2869031,32.0,1160175,1,2,0,1,1.0,55.0,1.0,-9.0,4.0,5413,10.0,22798.0,2142.0
2869031,2869032,25.0,1160176,1,2,0,1,1.0,40.0,1.0,-9.0,4.0,5614,12.0,22788.0,2139.0
2869032,2869033,32.0,1160177,1,2,0,1,1.0,55.0,1.0,-9.0,4.0,5413,10.0,22788.0,2139.0
2869033,2869034,25.0,1160178,1,2,0,1,1.0,40.0,1.0,-9.0,4.0,5614,12.0,22798.0,2142.0
2869034,2869035,25.0,1160179,1,2,0,1,1.0,40.0,1.0,-9.0,4.0,5614,12.0,22788.0,2139.0
2869035,2869036,32.0,1160180,1,2,0,1,1.0,55.0,1.0,-9.0,4.0,5413,10.0,22788.0,2139.0
2869036,2869037,25.0,1160181,1,2,0,1,1.0,40.0,1.0,-9.0,4.0,5614,12.0,22798.0,2142.0
2869037,2869038,25.0,1160182,1,2,0,1,1.0,40.0,1.0,-9.0,4.0,5614,12.0,22788.0,2139.0
2869038,2869039,27.0,1160183,1,2,0,1,6.0,-9.0,-9.0,16.0,4.0,622M,15.0,22798.0,2142.0
2869039,2869040,24.0,1160183,2,2,12,1,1.0,36.0,2.0,15.0,4.0,622M,15.0,22798.0,2142.0
2869040,2869041,27.0,1160184,1,2,0,1,6.0,-9.0,-9.0,16.0,4.0,622M,15.0,22788.0,2139.0
2869041,2869042,24.0,1160184,2,2,12,1,1.0,36.0,2.0,15.0,4.0,622M,15.0,22788.0,2139.0
2869042,2869043,27.0,1160185,1,2,0,1,6.0,-9.0,-9.0,16.0,4.0,622M,15.0,22788.0,2139.0
2869043,2869044,24.0,1160185,2,2,12,1,1.0,36.0,2.0,15.0,4.0,622M,15.0,22788.0,2139.0
2869044,2869045,27.0,1160186,1,2,0,1,6.0,-9.0,-9.0,16.0,4.0,622M,15.0,22788.0,2139.0
2869045,2869046,24.0,1160186,2,2,12,1,1.0,36.0,2.0,15.0,4.0,622M,15.0,22788.0,2139.0
2869046,2869047,27.0,1160187,1,2,0,1,6.0,-9.0,-9.0,16.0,4.0,622M,15.0,22798.0,2142.0
2869047,2869048,24.0,1160187,2,2,12,1,1.0,36.0,2.0,15.0,4.0,622M,15.0,22798.0,2142.0
2869048,2869049,27.0,1160188,1,2,0,1,6.0,-9.0,-9.0,16.0,4.0,622M,15.0,22798.0,2142.0
2869049,2869050,24.0,1160188,2,2,12,1,1.0,36.0,2.0,15.0,4.0,622M,15.0,22798.0,2142.0
2869050,2869051,27.0,1160189,1,2,0,1,6.0,-9.0,-9.0,16.0,4.0,622M,15.0,22788.0,2139.0
2869051,2869052,24.0,1160189,2,2,12,1,1.0,36.0,2.0,15.0,4.0,622M,15.0,22788.0,2139.0
2869052,2869053,27.0,1160190,1,2,0,1,6.0,-9.0,-9.0,16.0,4.0,622M,15.0,22788.0,2139.0
2869053,2869054,24.0,1160190,2,2,12,1,1.0,36.0,2.0,15.0,4.0,622M,15.0,22788.0,2139.0
2869054,2869055,27.0,1160191,1,2,0,1,6.0,-9.0,-9.0,16.0,4.0,622M,15.0,22798.0,2142.0
2869055,2869056,24.0,1160191,2,2,12,1,1.0,36.0,2.0,15.0,4.0,622M,15.0,22798.0,2142.0
2869056,2869057,27.0,1160192,1,2,0,1,6.0,-9.0,-9.0,16.0,4.0,622M,15.0,22784.0,2139.0
2869057,2869058,24.0,1160192,2,2,12,1,1.0,36.0,2.0,15.0,4.0,622M,15.0,22784.0,2139.0
2869058,2869059,27.0,1160193,1,2,0,1,6.0,-9.0,-9.0,16.0,4.0,622M,15.0,22788.0,2139.0
2869059,2869060,24.0,1160193,2,2,12,1,1.0,36.0,2.0,15.0,4.0,622M,15.0,22788.0,2139.0
2869060,2869061,27.0,1160194,1,2,0,1,6.0,-9.0,-9.0,16.0,4.0,622M,15.0,22788.0,2139.0
2869061,2869062,24.0,1160194,2,2,12,1,1.0,36.0,2.0,15.0,4.0,622M,15.0,22788.0,2139.0
2869062,2869063,27.0,1160195,1,2,0,1,6.0,-9.0,-9.0,16.0,4.0,622M,15.0,22788.0,2139.0
2869063,2869064,24.0,1160195,2,2,12,1,1.0,36.0,2.0,15.0,4.0,622M,15.0,22788.0,2139.0
2869064,2869065,27.0,1160196,1,2,0,1,6.0,-9.0,-9.0,16.0,4.0,622M,15.0,22784.0,2139.0
2869065,2869066,24.0,1160196,2,2,12,1,1.0,36.0,2.0,15.0,4.0,622M,15.0,22784.0,2139.0
2869066,2869067,27.0,1160197,1,2,0,1,6.0,-9.0,-9.0,16.0,4.0,622M,15.0,22798.0,2142.0
2869067,2869068,24.0,1160197,2,2,12,1,1.0,36.0,2.0,15.0,4.0,622M,15.0,22798.0,2142.0
2869068,2869069,27.0,1160198,1,2,0,1,6.0,-9.0,-9.0,16.0,4.0,622M,15.0,22788.0,2139.0
2869069,2869070,24.0,1160198,2,2,12,1,1.0,36.0,2.0,15.0,4.0,622M,15.0,22788.0,2139.0
2869070,2869071,27.0,1160199,1,2,0,1,6.0,-9.0,-9.0,16.0,4.0,622M,15.0,22798.0,2142.0
2869071,2869072,24.0,1160199,2,2,12,1,1.0,36.0,2.0,15.0,4.0,622M,15.0,22798.0,2142.0
2869072,2869073,27.0,1160200,1,2,0,1,6.0,-9.0,-9.0,16.0,4.0,622M,15.0,22798.0,2142.0
2869073,2869074,24.0,1160200,2,2,12,1,1.0,36.0,2.0,15.0,4.0,622M,15.0,22798.0,2142.0
2869074,2869075,27.0,1160201,1,2,0,1,6.0,-9.0,-9.0,16.0,4.0,622M,15.0,22798.0,2142.0
2869075,2869076,24.0,1160201,2,2,12,1,1.0,36.0,2.0,15.0,4.0,622M,15.0,22798.0,2142.0
2869076,2869077,27.0,1160202,1,2,0,1,6.0,-9.0,-9.0,16.0,4.0,622M,15.0,22788.0,2139.0
2869077,2869078,24.0,1160202,2,2,12,1,1.0,36.0,2.0,15.0,4.0,622M,15.0,22788.0,2139.0
2869078,2869079,27.0,1160203,1,2,0,1,6.0,-9.0,-9.0,16.0,4.0,622M,15.0,22798.0,2142.0
2869079,2869080,24.0,1160203,2,2,12,1,1.0,36.0,2.0,15.0,4.0,622M,15.0,22798.0,2142.0
2869080,2869081,27.0,1160204,1,2,0,1,6.0,-9.0,-9.0,16.0,4.0,622M,15.0,22788.0,2139.0
2869081,2869082,24.0,1160204,2,2,12,1,1.0,36.0,2.0,15.0,4.0,622M,15.0,22788.0,2139.0
2869082,2869083,27.0,1160205,1,2,0,1,6.0,-9.0,-9.0,16.0,4.0,622M,15.0,22788.0,2139.0
2869083,2869084,24.0,1160205,2,2,12,1,1.0,36.0,2.0,15.0,4.0,622M,15.0,22788.0,2139.0
2869084,2869085,27.0,1160206,1,2,0,1,6.0,-9.0,-9.0,16.0,4.0,622M,15.0,22788.0,2139.0
2869085,2869086,24.0,1160206,2,2,12,1,1.0,36.0,2.0,15.0,4.0,622M,15.0,22788.0,2139.0
2869086,2869087,27.0,1160207,1,2,0,1,6.0,-9.0,-9.0,16.0,4.0,622M,15.0,22798.0,2142.0
2869087,2869088,24.0,1160207,2,2,12,1,1.0,36.0,2.0,15.0,4.0,622M,15.0,22798.0,2142.0
2869088,2869089,27.0,1160208,1,2,0,1,6.0,-9.0,-9.0,16.0,4.0,622M,15.0,22788.0,2139.0
2869089,2869090,24.0,1160208,2,2,12,1,1.0,36.0,2.0,15.0,4.0,622M,15.0,22788.0,2139.0
2869090,2869091,27.0,1160209,1,2,0,1,6.0,-9.0,-9.0,16.0,4.0,622M,15.0,22788.0,2139.0
2869091,2869092,24.0,1160209,2,2,12,1,1.0,36.0,2.0,15.0,4.0,622M,15.0,22788.0,2139.0
2869092,2869093,27.0,1160210,1,2,0,1,6.0,-9.0,-9.0,16.0,4.0,622M,15.0,22788.0,2139.0
2869093,2869094,24.0,1160210,2,2,12,1,1.0,36.0,2.0,15.0,4.0,622M,15.0,22788.0,2139.0
2869094,2869095,27.0,1160211,1,2,0,1,6.0,-9.0,-9.0,16.0,4.0,622M,15.0,22788.0,2139.0
2869095,2869096,24.0,1160211,2,2,12,1,1.0,36.0,2.0,15.0,4.0,622M,15.0,22788.0,2139.0
2869096,2869097,27.0,1160212,1,2,0,1,6.0,-9.0,-9.0,16.0,4.0,622M,15.0,22788.0,2139.0
2869097,2869098,24.0,1160212,2,2,12,1,1.0,36.0,2.0,15.0,4.0,622M,15.0,22788.0,2139.0
2869098,2869099,27.0,1160213,1,2,0,1,6.0,-9.0,-9.0,16.0,4.0,622M,15.0,22788.0,2139.0
2869099,2869100,24.0,1160213,2,2,12,1,1.0,36.0,2.0,15.0,4.0,622M,15.0,22788.0,2139.0
2869100,2869101,27.0,1160214,1,2,0,1,6.0,-9.0,-9.0,16.0,4.0,622M,15.0,22788.0,2139.0
2869101,2869102,24.0,1160214,2,2,12,1,1.0,36.0,2.0,15.0,4.0,622M,15.0,22788.0,2139.0
2869102,2869103,27.0,1160215,1,2,0,1,6.0,-9.0,-9.0,16.0,4.0,622M,15.0,22798.0,2142.0
2869103,2869104,24.0,1160215,2,2,12,1,1.0,36.0,2.0,15.0,4.0,622M,15.0,22798.0,2142.0
2869104,2869105,27.0,1160216,1,2,0,1,6.0,-9.0,-9.0,16.0,4.0,622M,15.0,22788.0,2139.0
2869105,2869106,24.0,1160216,2,2,12,1,1.0,36.0,2.0,15.0,4.0,622M,15.0,22788.0,2139.0
2869106,2869107,41.0,1160217,1,1,0,1,1.0,25.0,1.0,15.0,4.0,23,2.0,22798.0,2142.0
2869107,2869108,41.0,1160218,1,1,0,1,1.0,25.0,1.0,15.0,4.0,23,2.0,22798.0,2142.0
2869108,2869109,41.0,1160219,1,1,0,1,1.0,25.0,1.0,15.0,4.0,23,2.0,22798.0,2142.0
2869109,2869110,41.0,1160220,1,1,0,1,1.0,25.0,1.0,15.0,4.0,23,2.0,22786.0,2139.0
2869110,2869111,41.0,1160221,1,1,0,1,1.0,25.0,1.0,15.0,4.0,23,2.0,22788.0,2139.0
2869111,2869112,41.0,1160222,1,1,0,1,1.0,25.0,1.0,15.0,4.0,23,2.0,22798.0,2142.0
2869112,2869113,41.0,1160223,1,1,0,1,1.0,25.0,1.0,15.0,4.0,23,2.0,22798.0,2142.0
2869113,2869114,41.0,1160224,1,1,0,1,1.0,25.0,1.0,15.0,4.0,23,2.0,22798.0,2142.0
2869114,2869115,41.0,1160225,1,1,0,1,1.0,25.0,1.0,15.0,4.0,23,2.0,22788.0,2139.0
2869115,2869116,41.0,1160226,1,1,0,1,1.0,25.0,1.0,15.0,4.0,23,2.0,22788.0,2139.0
2869116,2869117,41.0,1160227,1,1,0,1,1.0,25.0,1.0,15.0,4.0,23,2.0,22788.0,2139.0
2869117,2869118,41.0,1160228,1,1,0,1,1.0,25.0,1.0,15.0,4.0,23,2.0,22788.0,2139.0
2869118,2869119,41.0,1160229,1,1,0,1,1.0,25.0,1.0,15.0,4.0,23,2.0,22788.0,2139.0
2869119,2869120,41.0,1160230,1,1,0,1,1.0,25.0,1.0,15.0,4.0,23,2.0,22788.0,2139.0
2869120,2869121,41.0,1160231,1,1,0,1,1.0,25.0,1.0,15.0,4.0,23,2.0,22788.0,2139.0
2869121,2869122,41.0,1160232,1,1,0,1,1.0,25.0,1.0,15.0,4.0,23,2.0,22798.0,2142.0
2869122,2869123,41.0,1160233,1,1,0,1,1.0,25.0,1.0,15.0,4.0,23,2.0,22784.0,2139.0
2869123,2869124,41.0,1160234,1,1,0,1,1.0,25.0,1.0,15.0,4.0,23,2.0,22798.0,2142.0
2869124,2869125,41.0,1160235,1,1,0,1,1.0,25.0,1.0,15.0,4.0,23,2.0,22788.0,2139.0
2869125,2869126,31.0,1160236,1,1,0,1,1.0,40.0,4.0,-9.0,4.0,611M1,13.0,22798.0,2142.0
2869126,2869127,24.0,1160236,2,2,1,1,6.0,-9.0,-9.0,-9.0,4.0,6111,13.0,22798.0,2142.0
2869127,2869128,31.0,1160237,1,1,0,1,1.0,40.0,4.0,-9.0,4.0,611M1,13.0,22784.0,2139.0
2869128,2869129,24.0,1160237,2,2,1,1,6.0,-9.0,-9.0,-9.0,4.0,6111,13.0,22784.0,2139.0
2869129,2869130,31.0,1160238,1,1,0,1,1.0,40.0,4.0,-9.0,4.0,611M1,13.0,22798.0,2142.0
2869130,2869131,24.0,1160238,2,2,1,1,6.0,-9.0,-9.0,-9.0,4.0,6111,13.0,22798.0,2142.0
2869131,2869132,31.0,1160239,1,1,0,1,1.0,40.0,4.0,-9.0,4.0,611M1,13.0,22788.0,2139.0
2869132,2869133,24.0,1160239,2,2,1,1,6.0,-9.0,-9.0,-9.0,4.0,6111,13.0,22788.0,2139.0
2869133,2869134,31.0,1160240,1,1,0,1,1.0,40.0,4.0,-9.0,4.0,611M1,13.0,22798.0,2142.0
2869134,2869135,24.0,1160240,2,2,1,1,6.0,-9.0,-9.0,-9.0,4.0,6111,13.0,22798.0,2142.0
2869135,2869136,31.0,1160241,1,1,0,1,1.0,40.0,4.0,-9.0,4.0,611M1,13.0,22788.0,2139.0
2869136,2869137,24.0,1160241,2,2,1,1,6.0,-9.0,-9.0,-9.0,4.0,6111,13.0,22788.0,2139.0
2869137,2869138,19.0,1160242,1,1,0,3,1.0,40.0,1.0,-9.0,4.0,722Z,16.0,22798.0,2142.0
2869138,2869139,50.0,1160242,2,1,12,3,1.0,40.0,2.0,-9.0,4.0,713Z,16.0,22798.0,2142.0
2869139,2869140,19.0,1160243,1,1,0,3,1.0,40.0,1.0,-9.0,4.0,722Z,16.0,22788.0,2139.0
2869140,2869141,50.0,1160243,2,1,12,3,1.0,40.0,2.0,-9.0,4.0,713Z,16.0,22788.0,2139.0
2869141,2869142,19.0,1160244,1,1,0,3,1.0,40.0,1.0,-9.0,4.0,722Z,16.0,22784.0,2139.0
2869142,2869143,50.0,1160244,2,1,12,3,1.0,40.0,2.0,-9.0,4.0,713Z,16.0,22784.0,2139.0
2869143,2869144,19.0,1160245,1,1,0,3,1.0,40.0,1.0,-9.0,4.0,722Z,16.0,22788.0,2139.0
2869144,2869145,50.0,1160245,2,1,12,3,1.0,40.0,2.0,-9.0,4.0,713Z,16.0,22788.0,2139.0
2869145,2869146,19.0,1160246,1,1,0,3,1.0,40.0,1.0,-9.0,4.0,722Z,16.0,22784.0,2139.0
2869146,2869147,50.0,1160246,2,1,12,3,1.0,40.0,2.0,-9.0,4.0,713Z,16.0,22784.0,2139.0
2869147,2869148,19.0,1160247,1,1,0,3,1.0,40.0,1.0,-9.0,4.0,722Z,16.0,22798.0,2142.0
2869148,2869149,50.0,1160247,2,1,12,3,1.0,40.0,2.0,-9.0,4.0,713Z,16.0,22798.0,2142.0
2869149,2869150,19.0,1160248,1,1,0,3,1.0,40.0,1.0,-9.0,4.0,722Z,16.0,22788.0,2139.0
2869150,2869151,50.0,1160248,2,1,12,3,1.0,40.0,2.0,-9.0,4.0,713Z,16.0,22788.0,2139.0
2869151,2869152,19.0,1160249,1,1,0,3,1.0,40.0,1.0,-9.0,4.0,722Z,16.0,22788.0,2139.0
2869152,2869153,50.0,1160249,2,1,12,3,1.0,40.0,2.0,-9.0,4.0,713Z,16.0,22788.0,2139.0
2869153,2869154,19.0,1160250,1,1,0,3,1.0,40.0,1.0,-9.0,4.0,722Z,16.0,22784.0,2139.0
2869154,2869155,50.0,1160250,2,1,12,3,1.0,40.0,2.0,-9.0,4.0,713Z,16.0,22784.0,2139.0
2869155,2869156,19.0,1160251,1,1,0,3,1.0,40.0,1.0,-9.0,4.0,722Z,16.0,22788.0,2139.0
2869156,2869157,50.0,1160251,2,1,12,3,1.0,40.0,2.0,-9.0,4.0,713Z,16.0,22788.0,2139.0
2869157,2869158,19.0,1160252,1,1,0,3,1.0,40.0,1.0,-9.0,4.0,722Z,16.0,22798.0,2142.0
2869158,2869159,50.0,1160252,2,1,12,3,1.0,40.0,2.0,-9.0,4.0,713Z,16.0,22798.0,2142.0
2869159,2869160,19.0,1160253,1,1,0,3,1.0,40.0,1.0,-9.0,4.0,722Z,16.0,22798.0,2142.0
2869160,2869161,50.0,1160253,2,1,12,3,1.0,40.0,2.0,-9.0,4.0,713Z,16.0,22798.0,2142.0
2869161,2869162,19.0,1160254,1,1,0,3,1.0,40.0,1.0,-9.0,4.0,722Z,16.0,22784.0,2139.0
2869162,2869163,50.0,1160254,2,1,12,3,1.0,40.0,2.0,-9.0,4.0,713Z,16.0,22784.0,2139.0
2869163,2869164,19.0,1160255,1,1,0,3,1.0,40.0,1.0,-9.0,4.0,722Z,16.0,22788.0,2139.0
2869164,2869165,50.0,1160255,2,1,12,3,1.0,40.0,2.0,-9.0,4.0,713Z,16.0,22788.0,2139.0
2869165,2869166,19.0,1160256,1,1,0,3,1.0,40.0,1.0,-9.0,4.0,722Z,16.0,22788.0,2139.0
2869166,2869167,50.0,1160256,2,1,12,3,1.0,40.0,2.0,-9.0,4.0,713Z,16.0,22788.0,2139.0
2869167,2869168,19.0,1160257,1,1,0,3,1.0,40.0,1.0,-9.0,4.0,722Z,16.0,22798.0,2142.0
2869168,2869169,50.0,1160257,2,1,12,3,1.0,40.0,2.0,-9.0,4.0,713Z,16.0,22798.0,2142.0
2869169,2869170,19.0,1160258,1,1,0,3,1.0,40.0,1.0,-9.0,4.0,722Z,16.0,22784.0,2139.0
2869170,2869171,50.0,1160258,2,1,12,3,1.0,40.0,2.0,-9.0,4.0,713Z,16.0,22784.0,2139.0
2869171,2869172,19.0,1160259,1,1,0,3,1.0,40.0,1.0,-9.0,4.0,722Z,16.0,22788.0,2139.0
2869172,2869173,50.0,1160259,2,1,12,3,1.0,40.0,2.0,-9.0,4.0,713Z,16.0,22788.0,2139.0
2869173,2869174,19.0,1160260,1,1,0,3,1.0,40.0,1.0,-9.0,4.0,722Z,16.0,22798.0,2142.0
2869174,2869175,50.0,1160260,2,1,12,3,1.0,40.0,2.0,-9.0,4.0,713Z,16.0,22798.0,2142.0
2869175,2869176,19.0,1160261,1,1,0,3,1.0,40.0,1.0,-9.0,4.0,722Z,16.0,22788.0,2139.0
2869176,2869177,50.0,1160261,2,1,12,3,1.0,40.0,2.0,-9.0,4.0,713Z,16.0,22788.0,2139.0
2869177,2869178,19.0,1160262,1,1,0,3,1.0,40.0,1.0,-9.0,4.0,722Z,16.0,22788.0,2139.0
2869178,2869179,50.0,1160262,2,1,12,3,1.0,40.0,2.0,-9.0,4.0,713Z,16.0,22788.0,2139.0
2869179,2869180,19.0,1160263,1,1,0,3,1.0,40.0,1.0,-9.0,4.0,722Z,16.0,22798.0,2142.0
2869180,2869181,50.0,1160263,2,1,12,3,1.0,40.0,2.0,-9.0,4.0,713Z,16.0,22798.0,2142.0
2869181,2869182,19.0,1160264,1,1,0,3,1.0,40.0,1.0,-9.0,4.0,722Z,16.0,22788.0,2139.0
2869182,2869183,50.0,1160264,2,1,12,3,1.0,40.0,2.0,-9.0,4.0,713Z,16.0,22788.0,2139.0
2869183,2869184,19.0,1160265,1,1,0,3,1.0,40.0,1.0,-9.0,4.0,722Z,16.0,22788.0,2139.0
2869184,2869185,50.0,1160265,2,1,12,3,1.0,40.0,2.0,-9.0,4.0,713Z,16.0,22788.0,2139.0
2869185,2869186,19.0,1160266,1,1,0,3,1.0,40.0,1.0,-9.0,4.0,722Z,16.0,22788.0,2139.0
2869186,2869187,50.0,1160266,2,1,12,3,1.0,40.0,2.0,-9.0,4.0,713Z,16.0,22788.0,2139.0
2869187,2869188,23.0,1160267,1,2,0,1,1.0,47.0,1.0,-9.0,4.0,611M1,13.0,22786.0,2139.0
2869188,2869189,26.0,1160267,2,1,1,1,1.0,40.0,1.0,-9.0,4.0,5417,10.0,22786.0,2139.0
2869189,2869190,23.0,1160268,1,2,0,1,1.0,47.0,1.0,-9.0,4.0,611M1,13.0,22788.0,2139.0
2869190,2869191,26.0,1160268,2,1,1,1,1.0,40.0,1.0,-9.0,4.0,5417,10.0,22788.0,2139.0
2869191,2869192,23.0,1160269,1,2,0,1,1.0,47.0,1.0,-9.0,4.0,611M1,13.0,22788.0,2139.0
2869192,2869193,26.0,1160269,2,1,1,1,1.0,40.0,1.0,-9.0,4.0,5417,10.0,22788.0,2139.0
2869193,2869194,23.0,1160270,1,2,0,1,1.0,47.0,1.0,-9.0,4.0,611M1,13.0,22788.0,2139.0
2869194,2869195,26.0,1160270,2,1,1,1,1.0,40.0,1.0,-9.0,4.0,5417,10.0,22788.0,2139.0
2869195,2869196,23.0,1160271,1,2,0,1,1.0,47.0,1.0,-9.0,4.0,611M1,13.0,22786.0,2139.0
2869196,2869197,26.0,1160271,2,1,1,1,1.0,40.0,1.0,-9.0,4.0,5417,10.0,22786.0,2139.0
2869197,2869198,23.0,1160272,1,2,0,1,1.0,47.0,1.0,-9.0,4.0,611M1,13.0,22786.0,2139.0
2869198,2869199,26.0,1160272,2,1,1,1,1.0,40.0,1.0,-9.0,4.0,5417,10.0,22786.0,2139.0
2869199,2869200,23.0,1160273,1,2,0,1,1.0,47.0,1.0,-9.0,4.0,611M1,13.0,22798.0,2142.0
2869200,2869201,26.0,1160273,2,1,1,1,1.0,40.0,1.0,-9.0,4.0,5417,10.0,22798.0,2142.0
2869201,2869202,23.0,1160274,1,2,0,1,1.0,47.0,1.0,-9.0,4.0,611M1,13.0,22788.0,2139.0
2869202,2869203,26.0,1160274,2,1,1,1,1.0,40.0,1.0,-9.0,4.0,5417,10.0,22788.0,2139.0
2869203,2869204,23.0,1160275,1,2,0,1,1.0,47.0,1.0,-9.0,4.0,611M1,13.0,22788.0,2139.0
2869204,2869205,26.0,1160275,2,1,1,1,1.0,40.0,1.0,-9.0,4.0,5417,10.0,22788.0,2139.0
2869205,2869206,23.0,1160276,1,2,0,1,1.0,47.0,1.0,-9.0,4.0,611M1,13.0,22798.0,2142.0
2869206,2869207,26.0,1160276,2,1,1,1,1.0,40.0,1.0,-9.0,4.0,5417,10.0,22798.0,2142.0
2869207,2869208,23.0,1160277,1,2,0,1,1.0,47.0,1.0,-9.0,4.0,611M1,13.0,22788.0,2139.0
2869208,2869209,26.0,1160277,2,1,1,1,1.0,40.0,1.0,-9.0,4.0,5417,10.0,22788.0,2139.0
2869209,2869210,23.0,1160278,1,2,0,1,1.0,47.0,1.0,-9.0,4.0,611M1,13.0,22784.0,2139.0
2869210,2869211,26.0,1160278,2,1,1,1,1.0,40.0,1.0,-9.0,4.0,5417,10.0,22784.0,2139.0
2869211,2869212,23.0,1160279,1,2,0,1,1.0,47.0,1.0,-9.0,4.0,611M1,13.0,22798.0,2142.0
2869212,2869213,26.0,1160279,2,1,1,1,1.0,40.0,1.0,-9.0,4.0,5417,10.0,22798.0,2142.0
2869213,2869214,23.0,1160280,1,2,0,1,1.0,47.0,1.0,-9.0,4.0,611M1,13.0,22798.0,2142.0
2869214,2869215,26.0,1160280,2,1,1,1,1.0,40.0,1.0,-9.0,4.0,5417,10.0,22798.0,2142.0
2869215,2869216,23.0,1160281,1,2,0,1,1.0,47.0,1.0,-9.0,4.0,611M1,13.0,22788.0,2139.0
2869216,2869217,26.0,1160281,2,1,1,1,1.0,40.0,1.0,-9.0,4.0,5417,10.0,22788.0,2139.0
2869217,2869218,23.0,1160282,1,2,0,1,1.0,47.0,1.0,-9.0,4.0,611M1,13.0,22798.0,2142.0
2869218,2869219,26.0,1160282,2,1,1,1,1.0,40.0,1.0,-9.0,4.0,5417,10.0,22798.0,2142.0
2869219,2869220,23.0,1160283,1,2,0,1,1.0,47.0,1.0,-9.0,4.0,611M1,13.0,22798.0,2142.0
2869220,2869221,26.0,1160283,2,1,1,1,1.0,40.0,1.0,-9.0,4.0,5417,10.0,22798.0,2142.0
2869221,2869222,23.0,1160284,1,2,0,1,1.0,47.0,1.0,-9.0,4.0,611M1,13.0,22788.0,2139.0
2869222,2869223,26.0,1160284,2,1,1,1,1.0,40.0,1.0,-9.0,4.0,5417,10.0,22788.0,2139.0
2869223,2869224,23.0,1160285,1,2,0,1,1.0,47.0,1.0,-9.0,4.0,611M1,13.0,22788.0,2139.0
2869224,2869225,26.0,1160285,2,1,1,1,1.0,40.0,1.0,-9.0,4.0,5417,10.0,22788.0,2139.0
2869225,2869226,23.0,1160286,1,2,0,1,1.0,47.0,1.0,-9.0,4.0,611M1,13.0,22784.0,2139.0
2869226,2869227,26.0,1160286,2,1,1,1,1.0,40.0,1.0,-9.0,4.0,5417,10.0,22784.0,2139.0
2869227,2869228,23.0,1160287,1,2,0,1,1.0,47.0,1.0,-9.0,4.0,611M1,13.0,22788.0,2139.0
2869228,2869229,26.0,1160287,2,1,1,1,1.0,40.0,1.0,-9.0,4.0,5417,10.0,22788.0,2139.0
2869229,2869230,23.0,1160288,1,2,0,1,1.0,47.0,1.0,-9.0,4.0,611M1,13.0,22798.0,2142.0
2869230,2869231,26.0,1160288,2,1,1,1,1.0,40.0,1.0,-9.0,4.0,5417,10.0,22798.0,2142.0
2869231,2869232,23.0,1160289,1,2,0,1,1.0,47.0,1.0,-9.0,4.0,611M1,13.0,22784.0,2139.0
2869232,2869233,26.0,1160289,2,1,1,1,1.0,40.0,1.0,-9.0,4.0,5417,10.0,22784.0,2139.0
2869233,2869234,23.0,1160290,1,2,0,1,1.0,47.0,1.0,-9.0,4.0,611M1,13.0,22798.0,2142.0
2869234,2869235,26.0,1160290,2,1,1,1,1.0,40.0,1.0,-9.0,4.0,5417,10.0,22798.0,2142.0
2869235,2869236,23.0,1160291,1,2,0,1,1.0,47.0,1.0,-9.0,4.0,611M1,13.0,22788.0,2139.0
2869236,2869237,26.0,1160291,2,1,1,1,1.0,40.0,1.0,-9.0,4.0,5417,10.0,22788.0,2139.0
2869237,2869238,23.0,1160292,1,2,0,1,1.0,47.0,1.0,-9.0,4.0,611M1,13.0,22788.0,2139.0
2869238,2869239,26.0,1160292,2,1,1,1,1.0,40.0,1.0,-9.0,4.0,5417,10.0,22788.0,2139.0
2869239,2869240,23.0,1160293,1,2,0,1,1.0,47.0,1.0,-9.0,4.0,611M1,13.0,22788.0,2139.0
2869240,2869241,26.0,1160293,2,1,1,1,1.0,40.0,1.0,-9.0,4.0,5417,10.0,22788.0,2139.0
2869241,2869242,23.0,1160294,1,2,0,1,1.0,47.0,1.0,-9.0,4.0,611M1,13.0,22798.0,2142.0
2869242,2869243,26.0,1160294,2,1,1,1,1.0,40.0,1.0,-9.0,4.0,5417,10.0,22798.0,2142.0
2869243,2869244,24.0,1160295,1,1,0,1,1.0,50.0,3.0,-9.0,4.0,5416,10.0,22788.0,2139.0
2869244,2869245,24.0,1160296,1,1,0,1,1.0,50.0,3.0,-9.0,4.0,5416,10.0,22798.0,2142.0
2869245,2869246,21.0,1160297,1,1,0,1,1.0,80.0,1.0,15.0,4.0,517311,8.0,22784.0,2139.0
2869246,2869247,21.0,1160298,1,1,0,1,1.0,80.0,1.0,15.0,4.0,517311,8.0,22798.0,2142.0
2869247,2869248,21.0,1160299,1,1,0,1,1.0,80.0,1.0,15.0,4.0,517311,8.0,22784.0,2139.0
2869248,2869249,21.0,1160300,1,1,0,1,1.0,80.0,1.0,15.0,4.0,517311,8.0,22784.0,2139.0
2869249,2869250,21.0,1160301,1,1,0,1,1.0,80.0,1.0,15.0,4.0,517311,8.0,22788.0,2139.0
2869250,2869251,21.0,1160302,1,1,0,1,1.0,80.0,1.0,15.0,4.0,517311,8.0,22788.0,2139.0
2869251,2869252,21.0,1160303,1,1,0,1,1.0,80.0,1.0,15.0,4.0,517311,8.0,22788.0,2139.0
2869252,2869253,21.0,1160304,1,1,0,1,1.0,80.0,1.0,15.0,4.0,517311,8.0,22788.0,2139.0
2869253,2869254,21.0,1160305,1,1,0,1,1.0,80.0,1.0,15.0,4.0,517311,8.0,22798.0,2142.0
2869254,2869255,21.0,1160306,1,1,0,1,1.0,80.0,1.0,15.0,4.0,517311,8.0,22798.0,2142.0
2869255,2869256,21.0,1160307,1,1,0,1,1.0,80.0,1.0,15.0,4.0,517311,8.0,22798.0,2142.0
2869256,2869257,21.0,1160308,1,1,0,1,1.0,80.0,1.0,15.0,4.0,517311,8.0,22798.0,2142.0
2869257,2869258,21.0,1160309,1,1,0,1,1.0,80.0,1.0,15.0,4.0,517311,8.0,22784.0,2139.0
2869258,2869259,21.0,1160310,1,1,0,1,1.0,80.0,1.0,15.0,4.0,517311,8.0,22788.0,2139.0
2869259,2869260,21.0,1160311,1,1,0,1,1.0,80.0,1.0,15.0,4.0,517311,8.0,22788.0,2139.0
2869260,2869261,21.0,1160312,1,1,0,1,1.0,80.0,1.0,15.0,4.0,517311,8.0,22788.0,2139.0
2869261,2869262,21.0,1160313,1,1,0,1,1.0,80.0,1.0,15.0,4.0,517311,8.0,22788.0,2139.0
2869262,2869263,21.0,1160314,1,1,0,1,1.0,80.0,1.0,15.0,4.0,517311,8.0,22788.0,2139.0
2869263,2869264,21.0,1160315,1,1,0,1,1.0,80.0,1.0,15.0,4.0,517311,8.0,22788.0,2139.0
2869264,2869265,21.0,1160316,1,1,0,1,1.0,80.0,1.0,15.0,4.0,517311,8.0,22798.0,2142.0
2869265,2869266,21.0,1160317,1,1,0,1,1.0,80.0,1.0,15.0,4.0,517311,8.0,22798.0,2142.0
2869266,2869267,21.0,1160318,1,1,0,1,1.0,80.0,1.0,15.0,4.0,517311,8.0,22788.0,2139.0
2869267,2869268,21.0,1160319,1,1,0,1,1.0,80.0,1.0,15.0,4.0,517311,8.0,22788.0,2139.0
2869268,2869269,21.0,1160320,1,1,0,1,1.0,80.0,1.0,15.0,4.0,517311,8.0,22784.0,2139.0
2869269,2869270,21.0,1160321,1,1,0,1,1.0,80.0,1.0,15.0,4.0,517311,8.0,22788.0,2139.0
2869270,2869271,21.0,1160322,1,1,0,1,1.0,80.0,1.0,15.0,4.0,517311,8.0,22788.0,2139.0
2869271,2869272,21.0,1160323,1,1,0,1,1.0,80.0,1.0,15.0,4.0,517311,8.0,22788.0,2139.0
2869272,2869273,21.0,1160324,1,1,0,1,1.0,80.0,1.0,15.0,4.0,517311,8.0,22788.0,2139.0
2869273,2869274,21.0,1160325,1,1,0,1,1.0,80.0,1.0,15.0,4.0,517311,8.0,22798.0,2142.0
2869274,2869275,21.0,1160326,1,1,0,1,1.0,80.0,1.0,15.0,4.0,517311,8.0,22788.0,2139.0
2869275,2869276,21.0,1160327,1,1,0,1,1.0,80.0,1.0,15.0,4.0,517311,8.0,22788.0,2139.0
2869276,2869277,21.0,1160328,1,1,0,1,1.0,80.0,1.0,15.0,4.0,517311,8.0,22788.0,2139.0
2869277,2869278,21.0,1160329,1,1,0,1,1.0,80.0,1.0,15.0,4.0,517311,8.0,22788.0,2139.0
2869278,2869279,21.0,1160330,1,1,0,1,1.0,80.0,1.0,15.0,4.0,517311,8.0,22788.0,2139.0
2869279,2869280,24.0,1160331,1,2,0,1,1.0,40.0,1.0,-9.0,4.0,92MP,18.0,22784.0,2139.0
2869280,2869281,25.0,1160331,2,1,1,1,6.0,-9.0,-9.0,16.0,3.0,92MP,18.0,22784.0,2139.0
2869281,2869282,24.0,1160332,1,2,0,1,1.0,40.0,1.0,-9.0,4.0,92MP,18.0,22798.0,2142.0
2869282,2869283,25.0,1160332,2,1,1,1,6.0,-9.0,-9.0,16.0,3.0,92MP,18.0,22798.0,2142.0
2869283,2869284,24.0,1160333,1,2,0,1,1.0,40.0,1.0,-9.0,4.0,92MP,18.0,22788.0,2139.0
2869284,2869285,25.0,1160333,2,1,1,1,6.0,-9.0,-9.0,16.0,3.0,92MP,18.0,22788.0,2139.0
2869285,2869286,24.0,1160334,1,2,0,1,1.0,40.0,1.0,-9.0,4.0,92MP,18.0,22798.0,2142.0
2869286,2869287,25.0,1160334,2,1,1,1,6.0,-9.0,-9.0,16.0,3.0,92MP,18.0,22798.0,2142.0
2869287,2869288,24.0,1160335,1,2,0,1,1.0,40.0,1.0,-9.0,4.0,92MP,18.0,22798.0,2142.0
2869288,2869289,25.0,1160335,2,1,1,1,6.0,-9.0,-9.0,16.0,3.0,92MP,18.0,22798.0,2142.0
2869289,2869290,24.0,1160336,1,2,0,1,1.0,40.0,1.0,-9.0,4.0,92MP,18.0,22788.0,2139.0
2869290,2869291,25.0,1160336,2,1,1,1,6.0,-9.0,-9.0,16.0,3.0,92MP,18.0,22788.0,2139.0
2869291,2869292,24.0,1160337,1,2,0,1,1.0,40.0,1.0,-9.0,4.0,92MP,18.0,22788.0,2139.0
2869292,2869293,25.0,1160337,2,1,1,1,6.0,-9.0,-9.0,16.0,3.0,92MP,18.0,22788.0,2139.0
2869293,2869294,24.0,1160338,1,2,0,1,1.0,40.0,1.0,-9.0,4.0,92MP,18.0,22788.0,2139.0
2869294,2869295,25.0,1160338,2,1,1,1,6.0,-9.0,-9.0,16.0,3.0,92MP,18.0,22788.0,2139.0
2869295,2869296,24.0,1160339,1,2,0,1,1.0,40.0,1.0,-9.0,4.0,92MP,18.0,22786.0,2139.0
2869296,2869297,25.0,1160339,2,1,1,1,6.0,-9.0,-9.0,16.0,3.0,92MP,18.0,22786.0,2139.0
2869297,2869298,24.0,1160340,1,2,0,1,1.0,40.0,1.0,-9.0,4.0,92MP,18.0,22784.0,2139.0
2869298,2869299,25.0,1160340,2,1,1,1,6.0,-9.0,-9.0,16.0,3.0,92MP,18.0,22784.0,2139.0
2869299,2869300,24.0,1160341,1,2,0,1,1.0,40.0,1.0,-9.0,4.0,92MP,18.0,22788.0,2139.0
2869300,2869301,25.0,1160341,2,1,1,1,6.0,-9.0,-9.0,16.0,3.0,92MP,18.0,22788.0,2139.0
2869301,2869302,24.0,1160342,1,2,0,1,1.0,40.0,1.0,-9.0,4.0,92MP,18.0,22788.0,2139.0
2869302,2869303,25.0,1160342,2,1,1,1,6.0,-9.0,-9.0,16.0,3.0,92MP,18.0,22788.0,2139.0
2869303,2869304,24.0,1160343,1,2,0,1,1.0,40.0,1.0,-9.0,4.0,92MP,18.0,22798.0,2142.0
2869304,2869305,25.0,1160343,2,1,1,1,6.0,-9.0,-9.0,16.0,3.0,92MP,18.0,22798.0,2142.0
2869305,2869306,24.0,1160344,1,2,0,1,1.0,40.0,1.0,-9.0,4.0,92MP,18.0,22788.0,2139.0
2869306,2869307,25.0,1160344,2,1,1,1,6.0,-9.0,-9.0,16.0,3.0,92MP,18.0,22788.0,2139.0
2869307,2869308,24.0,1160345,1,2,0,1,1.0,40.0,1.0,-9.0,4.0,92MP,18.0,22788.0,2139.0
2869308,2869309,25.0,1160345,2,1,1,1,6.0,-9.0,-9.0,16.0,3.0,92MP,18.0,22788.0,2139.0
2869309,2869310,24.0,1160346,1,2,0,1,1.0,40.0,1.0,-9.0,4.0,92MP,18.0,22784.0,2139.0
2869310,2869311,25.0,1160346,2,1,1,1,6.0,-9.0,-9.0,16.0,3.0,92MP,18.0,22784.0,2139.0
2869311,2869312,24.0,1160347,1,2,0,1,1.0,40.0,1.0,-9.0,4.0,92MP,18.0,22784.0,2139.0
2869312,2869313,25.0,1160347,2,1,1,1,6.0,-9.0,-9.0,16.0,3.0,92MP,18.0,22784.0,2139.0
2869313,2869314,24.0,1160348,1,2,0,1,1.0,40.0,1.0,-9.0,4.0,92MP,18.0,22798.0,2142.0
2869314,2869315,25.0,1160348,2,1,1,1,6.0,-9.0,-9.0,16.0,3.0,92MP,18.0,22798.0,2142.0
2869315,2869316,24.0,1160349,1,2,0,1,1.0,40.0,1.0,-9.0,4.0,92MP,18.0,22784.0,2139.0
2869316,2869317,25.0,1160349,2,1,1,1,6.0,-9.0,-9.0,16.0,3.0,92MP,18.0,22784.0,2139.0
2869317,2869318,24.0,1160350,1,2,0,1,1.0,40.0,1.0,-9.0,4.0,92MP,18.0,22798.0,2142.0
2869318,2869319,25.0,1160350,2,1,1,1,6.0,-9.0,-9.0,16.0,3.0,92MP,18.0,22798.0,2142.0
2869319,2869320,24.0,1160351,1,2,0,1,1.0,40.0,1.0,-9.0,4.0,92MP,18.0,22788.0,2139.0
2869320,2869321,25.0,1160351,2,1,1,1,6.0,-9.0,-9.0,16.0,3.0,92MP,18.0,22788.0,2139.0
2869321,2869322,24.0,1160352,1,2,0,1,1.0,40.0,1.0,-9.0,4.0,92MP,18.0,22788.0,2139.0
2869322,2869323,25.0,1160352,2,1,1,1,6.0,-9.0,-9.0,16.0,3.0,92MP,18.0,22788.0,2139.0
2869323,2869324,24.0,1160353,1,2,0,1,1.0,40.0,1.0,-9.0,4.0,92MP,18.0,22788.0,2139.0
2869324,2869325,25.0,1160353,2,1,1,1,6.0,-9.0,-9.0,16.0,3.0,92MP,18.0,22788.0,2139.0
2869325,2869326,24.0,1160354,1,2,0,1,1.0,40.0,1.0,-9.0,4.0,92MP,18.0,22788.0,2139.0
2869326,2869327,25.0,1160354,2,1,1,1,6.0,-9.0,-9.0,16.0,3.0,92MP,18.0,22788.0,2139.0
2869327,2869328,24.0,1160355,1,2,0,1,1.0,40.0,1.0,-9.0,4.0,92MP,18.0,22786.0,2139.0
2869328,2869329,25.0,1160355,2,1,1,1,6.0,-9.0,-9.0,16.0,3.0,92MP,18.0,22786.0,2139.0
2869329,2869330,24.0,1160356,1,2,0,1,1.0,40.0,1.0,-9.0,4.0,92MP,18.0,22788.0,2139.0
2869330,2869331,25.0,1160356,2,1,1,1,6.0,-9.0,-9.0,16.0,3.0,92MP,18.0,22788.0,2139.0
2869331,2869332,24.0,1160357,1,2,0,1,1.0,40.0,1.0,-9.0,4.0,92MP,18.0,22798.0,2142.0
2869332,2869333,25.0,1160357,2,1,1,1,6.0,-9.0,-9.0,16.0,3.0,92MP,18.0,22798.0,2142.0
2869333,2869334,24.0,1160358,1,2,0,1,1.0,40.0,1.0,-9.0,4.0,92MP,18.0,22798.0,2142.0
2869334,2869335,25.0,1160358,2,1,1,1,6.0,-9.0,-9.0,16.0,3.0,92MP,18.0,22798.0,2142.0
2869335,2869336,24.0,1160359,1,2,0,1,1.0,40.0,1.0,-9.0,4.0,92MP,18.0,22798.0,2142.0
2869336,2869337,25.0,1160359,2,1,1,1,6.0,-9.0,-9.0,16.0,3.0,92MP,18.0,22798.0,2142.0
2869337,2869338,24.0,1160360,1,2,0,1,1.0,40.0,1.0,-9.0,4.0,92MP,18.0,22788.0,2139.0
2869338,2869339,25.0,1160360,2,1,1,1,6.0,-9.0,-9.0,16.0,3.0,92MP,18.0,22788.0,2139.0
2869339,2869340,24.0,1160361,1,2,0,1,1.0,40.0,1.0,-9.0,4.0,92MP,18.0,22788.0,2139.0
2869340,2869341,25.0,1160361,2,1,1,1,6.0,-9.0,-9.0,16.0,3.0,92MP,18.0,22788.0,2139.0
2869341,2869342,24.0,1160362,1,2,0,1,1.0,40.0,1.0,-9.0,4.0,92MP,18.0,22786.0,2139.0
2869342,2869343,25.0,1160362,2,1,1,1,6.0,-9.0,-9.0,16.0,3.0,92MP,18.0,22786.0,2139.0
2869343,2869344,24.0,1160363,1,2,0,1,1.0,40.0,1.0,-9.0,4.0,92MP,18.0,22788.0,2139.0
2869344,2869345,25.0,1160363,2,1,1,1,6.0,-9.0,-9.0,16.0,3.0,92MP,18.0,22788.0,2139.0
2869345,2869346,22.0,1160364,1,1,0,1,1.0,55.0,4.0,-9.0,4.0,5416,10.0,22784.0,2139.0
2869346,2869347,20.0,1160365,1,1,0,1,1.0,20.0,1.0,15.0,4.0,611M1,13.0,22788.0,2139.0
2869347,2869348,25.0,1160365,2,1,13,1,6.0,-9.0,-9.0,16.0,4.0,722Z,16.0,22788.0,2139.0
2869348,2869349,20.0,1160366,1,1,0,1,1.0,20.0,1.0,15.0,4.0,611M1,13.0,22788.0,2139.0
2869349,2869350,25.0,1160366,2,1,13,1,6.0,-9.0,-9.0,16.0,4.0,722Z,16.0,22788.0,2139.0
2869350,2869351,22.0,1160367,1,2,0,1,1.0,8.0,6.0,15.0,4.0,611M1,13.0,22788.0,2139.0
2869351,2869352,22.0,1160368,1,2,0,1,1.0,8.0,6.0,15.0,4.0,611M1,13.0,22788.0,2139.0
2869352,2869353,22.0,1160369,1,2,0,1,1.0,8.0,6.0,15.0,4.0,611M1,13.0,22798.0,2142.0
2869353,2869354,22.0,1160370,1,2,0,1,1.0,8.0,6.0,15.0,4.0,611M1,13.0,22798.0,2142.0
2869354,2869355,22.0,1160371,1,2,0,1,1.0,8.0,6.0,15.0,4.0,611M1,13.0,22788.0,2139.0
2869355,2869356,22.0,1160372,1,2,0,1,1.0,8.0,6.0,15.0,4.0,611M1,13.0,22788.0,2139.0
2869356,2869357,22.0,1160373,1,2,0,1,1.0,8.0,6.0,15.0,4.0,611M1,13.0,22798.0,2142.0
2869357,2869358,22.0,1160374,1,2,0,1,1.0,8.0,6.0,15.0,4.0,611M1,13.0,22784.0,2139.0
2869358,2869359,22.0,1160375,1,2,0,1,1.0,8.0,6.0,15.0,4.0,611M1,13.0,22788.0,2139.0
2869359,2869360,22.0,1160376,1,2,0,1,1.0,8.0,6.0,15.0,4.0,611M1,13.0,22784.0,2139.0
2869360,2869361,22.0,1160377,1,2,0,1,1.0,8.0,6.0,15.0,4.0,611M1,13.0,22798.0,2142.0
2869361,2869362,22.0,1160378,1,2,0,1,1.0,8.0,6.0,15.0,4.0,611M1,13.0,22788.0,2139.0
2869362,2869363,22.0,1160379,1,2,0,1,1.0,8.0,6.0,15.0,4.0,611M1,13.0,22798.0,2142.0
2869363,2869364,22.0,1160380,1,2,0,1,1.0,8.0,6.0,15.0,4.0,611M1,13.0,22786.0,2139.0
2869364,2869365,22.0,1160381,1,2,0,1,1.0,8.0,6.0,15.0,4.0,611M1,13.0,22788.0,2139.0
2869365,2869366,22.0,1160382,1,2,0,1,1.0,8.0,6.0,15.0,4.0,611M1,13.0,22788.0,2139.0
2869366,2869367,22.0,1160383,1,2,0,1,1.0,8.0,6.0,15.0,4.0,611M1,13.0,22788.0,2139.0
2869367,2869368,22.0,1160384,1,2,0,1,1.0,8.0,6.0,15.0,4.0,611M1,13.0,22798.0,2142.0
2869368,2869369,22.0,1160385,1,2,0,1,1.0,8.0,6.0,15.0,4.0,611M1,13.0,22798.0,2142.0
2869369,2869370,22.0,1160386,1,2,0,1,1.0,8.0,6.0,15.0,4.0,611M1,13.0,22788.0,2139.0
2869370,2869371,22.0,1160387,1,2,0,1,1.0,8.0,6.0,15.0,4.0,611M1,13.0,22788.0,2139.0
2869371,2869372,22.0,1160388,1,2,0,1,1.0,8.0,6.0,15.0,4.0,611M1,13.0,22798.0,2142.0
2869372,2869373,22.0,1160389,1,2,0,1,1.0,8.0,6.0,15.0,4.0,611M1,13.0,22784.0,2139.0
2869373,2869374,22.0,1160390,1,2,0,1,1.0,8.0,6.0,15.0,4.0,611M1,13.0,22798.0,2142.0
2869374,2869375,22.0,1160391,1,2,0,1,1.0,8.0,6.0,15.0,4.0,611M1,13.0,22798.0,2142.0
2869375,2869376,22.0,1160392,1,2,0,1,1.0,8.0,6.0,15.0,4.0,611M1,13.0,22788.0,2139.0
2869376,2869377,22.0,1160393,1,2,0,1,1.0,8.0,6.0,15.0,4.0,611M1,13.0,22798.0,2142.0
2869377,2869378,22.0,1160394,1,2,0,1,1.0,8.0,6.0,15.0,4.0,611M1,13.0,22788.0,2139.0
2869378,2869379,22.0,1160395,1,2,0,1,1.0,8.0,6.0,15.0,4.0,611M1,13.0,22788.0,2139.0
2869379,2869380,22.0,1160396,1,2,0,1,1.0,8.0,6.0,15.0,4.0,611M1,13.0,22788.0,2139.0
2869380,2869381,22.0,1160397,1,2,0,1,1.0,8.0,6.0,15.0,4.0,611M1,13.0,22798.0,2142.0
2869381,2869382,22.0,1160398,1,2,0,1,1.0,8.0,6.0,15.0,4.0,611M1,13.0,22788.0,2139.0
2869382,2869383,22.0,1160399,1,2,0,1,1.0,8.0,6.0,15.0,4.0,611M1,13.0,22788.0,2139.0
2869383,2869384,22.0,1160400,1,2,0,1,1.0,8.0,6.0,15.0,4.0,611M1,13.0,22788.0,2139.0
2869384,2869385,22.0,1160401,1,2,0,1,1.0,8.0,6.0,15.0,4.0,611M1,13.0,22788.0,2139.0
2869385,2869386,65.0,1160402,1,2,0,1,1.0,40.0,1.0,-9.0,4.0,5111Z,8.0,22784.0,2139.0
2869386,2869387,65.0,1160403,1,2,0,1,1.0,40.0,1.0,-9.0,4.0,5111Z,8.0,22787.0,2139.0
2869387,2869388,69.0,1160404,1,2,0,1,6.0,-9.0,-9.0,-9.0,4.0,-9,0.0,22787.0,2139.0
2869388,2869389,80.0,1160405,1,2,0,1,6.0,-9.0,-9.0,-9.0,4.0,-9,0.0,22784.0,2139.0
2869389,2869390,76.0,1160406,1,2,0,1,6.0,-9.0,-9.0,-9.0,4.0,-9,0.0,22787.0,2139.0
2869390,2869391,67.0,1160407,1,2,0,1,6.0,-9.0,-9.0,-9.0,4.0,-9,0.0,22787.0,2139.0
2869391,2869392,80.0,1160408,1,2,0,1,6.0,-9.0,-9.0,-9.0,4.0,-9,0.0,22784.0,2139.0
2869392,2869393,79.0,1160409,1,2,0,1,6.0,-9.0,-9.0,-9.0,4.0,-9,0.0,22787.0,2139.0
2869393,2869394,94.0,1160410,1,2,0,1,6.0,-9.0,-9.0,-9.0,4.0,-9,0.0,22786.0,2139.0
2869394,2869395,80.0,1160411,1,2,0,1,6.0,-9.0,-9.0,-9.0,4.0,-9,0.0,22786.0,2139.0
2869395,2869396,94.0,1160412,1,2,0,1,6.0,-9.0,-9.0,-9.0,4.0,-9,0.0,22786.0,2139.0
2869396,2869397,76.0,1160413,1,2,0,1,6.0,-9.0,-9.0,-9.0,4.0,-9,0.0,22787.0,2139.0
2869397,2869398,80.0,1160414,1,2,0,1,6.0,-9.0,-9.0,-9.0,4.0,-9,0.0,22784.0,2139.0
2869398,2869399,76.0,1160415,1,2,0,1,6.0,-9.0,-9.0,-9.0,4.0,-9,0.0,22787.0,2139.0
2869399,2869400,79.0,1160416,1,2,0,1,6.0,-9.0,-9.0,-9.0,4.0,-9,0.0,22787.0,2139.0
2869400,2869401,76.0,1160417,1,2,0,1,6.0,-9.0,-9.0,-9.0,4.0,-9,0.0,22784.0,2139.0
2869401,2869402,67.0,1160418,1,2,0,1,6.0,-9.0,-9.0,-9.0,4.0,-9,0.0,22786.0,2139.0
2869402,2869403,79.0,1160419,1,2,0,1,6.0,-9.0,-9.0,-9.0,4.0,-9,0.0,22786.0,2139.0
2869403,2869404,80.0,1160420,1,2,0,1,6.0,-9.0,-9.0,-9.0,4.0,-9,0.0,22787.0,2139.0
2869404,2869405,69.0,1160421,1,2,0,1,6.0,-9.0,-9.0,-9.0,4.0,-9,0.0,22784.0,2139.0
2869405,2869406,88.0,1160422,1,2,0,1,6.0,-9.0,-9.0,-9.0,4.0,-9,0.0,22784.0,2139.0
2869406,2869407,94.0,1160423,1,2,0,1,6.0,-9.0,-9.0,-9.0,4.0,-9,0.0,22784.0,2139.0
2869407,2869408,82.0,1160424,1,2,0,1,6.0,-9.0,-9.0,-9.0,4.0,-9,0.0,22785.0,2139.0
2869408,2869409,94.0,1160425,1,2,0,1,6.0,-9.0,-9.0,-9.0,4.0,-9,0.0,22784.0,2139.0
2869409,2869410,67.0,1160426,1,2,0,1,6.0,-9.0,-9.0,-9.0,4.0,-9,0.0,22784.0,2139.0
2869410,2869411,80.0,1160427,1,2,0,1,6.0,-9.0,-9.0,-9.0,4.0,-9,0.0,22784.0,2139.0
2869411,2869412,82.0,1160428,1,2,0,1,6.0,-9.0,-9.0,-9.0,4.0,-9,0.0,22784.0,2139.0
2869412,2869413,88.0,1160429,1,2,0,1,6.0,-9.0,-9.0,-9.0,4.0,-9,0.0,22785.0,2139.0
2869413,2869414,76.0,1160430,1,2,0,1,6.0,-9.0,-9.0,-9.0,4.0,-9,0.0,22787.0,2139.0
2869414,2869415,94.0,1160431,1,2,0,1,6.0,-9.0,-9.0,-9.0,4.0,-9,0.0,22785.0,2139.0
2869415,2869416,88.0,1160432,1,2,0,1,6.0,-9.0,-9.0,-9.0,4.0,-9,0.0,22786.0,2139.0
2869416,2869417,80.0,1160433,1,2,0,1,6.0,-9.0,-9.0,-9.0,4.0,-9,0.0,22787.0,2139.0
2869417,2869418,94.0,1160434,1,2,0,1,6.0,-9.0,-9.0,-9.0,4.0,-9,0.0,22786.0,2139.0
2869418,2869419,88.0,1160435,1,2,0,1,6.0,-9.0,-9.0,-9.0,4.0,-9,0.0,22784.0,2139.0
2869419,2869420,80.0,1160436,1,2,0,1,6.0,-9.0,-9.0,-9.0,4.0,-9,0.0,22785.0,2139.0
2869420,2869421,79.0,1160437,1,2,0,1,6.0,-9.0,-9.0,-9.0,4.0,-9,0.0,22784.0,2139.0
2869421,2869422,80.0,1160438,1,2,0,1,6.0,-9.0,-9.0,-9.0,4.0,-9,0.0,22785.0,2139.0
2869422,2869423,88.0,1160439,1,2,0,1,6.0,-9.0,-9.0,-9.0,4.0,-9,0.0,22787.0,2139.0
2869423,2869424,67.0,1160440,1,2,0,1,6.0,-9.0,-9.0,-9.0,4.0,-9,0.0,22784.0,2139.0
2869424,2869425,80.0,1160441,1,2,0,1,6.0,-9.0,-9.0,-9.0,4.0,-9,0.0,22784.0,2139.0
2869425,2869426,94.0,1160442,1,2,0,1,6.0,-9.0,-9.0,-9.0,4.0,-9,0.0,22784.0,2139.0
2869426,2869427,76.0,1160443,1,2,0,1,6.0,-9.0,-9.0,-9.0,4.0,-9,0.0,22787.0,2139.0
2869427,2869428,79.0,1160444,1,2,0,1,6.0,-9.0,-9.0,-9.0,4.0,-9,0.0,22785.0,2139.0
2869428,2869429,80.0,1160445,1,2,0,1,6.0,-9.0,-9.0,-9.0,4.0,-9,0.0,22787.0,2139.0
2869429,2869430,82.0,1160446,1,2,0,1,6.0,-9.0,-9.0,-9.0,4.0,-9,0.0,22784.0,2139.0
2869430,2869431,79.0,1160447,1,2,0,1,6.0,-9.0,-9.0,-9.0,4.0,-9,0.0,22786.0,2139.0
2869431,2869432,80.0,1160448,1,2,0,1,6.0,-9.0,-9.0,-9.0,4.0,-9,0.0,22784.0,2139.0
2869432,2869433,80.0,1160449,1,2,0,1,6.0,-9.0,-9.0,-9.0,4.0,-9,0.0,22784.0,2139.0
2869433,2869434,67.0,1160450,1,2,0,1,6.0,-9.0,-9.0,-9.0,4.0,-9,0.0,22787.0,2139.0
2869434,2869435,67.0,1160451,1,2,0,1,6.0,-9.0,-9.0,-9.0,4.0,-9,0.0,22784.0,2139.0
2869435,2869436,67.0,1160452,1,2,0,1,6.0,-9.0,-9.0,-9.0,4.0,-9,0.0,22787.0,2139.0
2869436,2869437,76.0,1160453,1,2,0,1,6.0,-9.0,-9.0,-9.0,4.0,-9,0.0,22785.0,2139.0
2869437,2869438,76.0,1160454,1,2,0,1,6.0,-9.0,-9.0,-9.0,4.0,-9,0.0,22787.0,2139.0
2869438,2869439,88.0,1160455,1,2,0,1,6.0,-9.0,-9.0,-9.0,4.0,-9,0.0,22784.0,2139.0
2869439,2869440,80.0,1160456,1,2,0,1,6.0,-9.0,-9.0,-9.0,4.0,-9,0.0,22785.0,2139.0
2869440,2869441,88.0,1160457,1,2,0,1,6.0,-9.0,-9.0,-9.0,4.0,-9,0.0,22787.0,2139.0
2869441,2869442,79.0,1160458,1,2,0,1,6.0,-9.0,-9.0,-9.0,4.0,-9,0.0,22785.0,2139.0
2869442,2869443,80.0,1160459,1,2,0,1,6.0,-9.0,-9.0,-9.0,4.0,-9,0.0,22784.0,2139.0
2869443,2869444,82.0,1160460,1,2,0,1,6.0,-9.0,-9.0,-9.0,4.0,-9,0.0,22785.0,2139.0
2869444,2869445,88.0,1160461,1,2,0,1,6.0,-9.0,-9.0,-9.0,4.0,-9,0.0,22784.0,2139.0
2869445,2869446,80.0,1160462,1,2,0,1,6.0,-9.0,-9.0,-9.0,4.0,-9,0.0,22787.0,2139.0
2869446,2869447,78.0,1160463,1,1,0,1,6.0,-9.0,-9.0,-9.0,4.0,-9,0.0,22786.0,2139.0
2869447,2869448,57.0,1160463,2,1,2,3,1.0,16.0,6.0,-9.0,4.0,23,2.0,22786.0,2139.0
2869448,2869449,78.0,1160464,1,1,0,1,6.0,-9.0,-9.0,-9.0,4.0,-9,0.0,22787.0,2139.0
2869449,2869450,57.0,1160464,2,1,2,3,1.0,16.0,6.0,-9.0,4.0,23,2.0,22787.0,2139.0
2869450,2869451,78.0,1160465,1,1,0,1,6.0,-9.0,-9.0,-9.0,4.0,-9,0.0,22784.0,2139.0
2869451,2869452,57.0,1160465,2,1,2,3,1.0,16.0,6.0,-9.0,4.0,23,2.0,22784.0,2139.0
2869452,2869453,78.0,1160466,1,1,0,1,6.0,-9.0,-9.0,-9.0,4.0,-9,0.0,22787.0,2139.0
2869453,2869454,57.0,1160466,2,1,2,3,1.0,16.0,6.0,-9.0,4.0,23,2.0,22787.0,2139.0
2869454,2869455,78.0,1160467,1,1,0,1,6.0,-9.0,-9.0,-9.0,4.0,-9,0.0,22786.0,2139.0
2869455,2869456,57.0,1160467,2,1,2,3,1.0,16.0,6.0,-9.0,4.0,23,2.0,22786.0,2139.0
2869456,2869457,78.0,1160468,1,1,0,1,6.0,-9.0,-9.0,-9.0,4.0,-9,0.0,22784.0,2139.0
2869457,2869458,57.0,1160468,2,1,2,3,1.0,16.0,6.0,-9.0,4.0,23,2.0,22784.0,2139.0
2869458,2869459,78.0,1160469,1,1,0,1,6.0,-9.0,-9.0,-9.0,4.0,-9,0.0,22784.0,2139.0
2869459,2869460,57.0,1160469,2,1,2,3,1.0,16.0,6.0,-9.0,4.0,23,2.0,22784.0,2139.0
2869460,2869461,78.0,1160470,1,1,0,1,6.0,-9.0,-9.0,-9.0,4.0,-9,0.0,22784.0,2139.0
2869461,2869462,57.0,1160470,2,1,2,3,1.0,16.0,6.0,-9.0,4.0,23,2.0,22784.0,2139.0
2869462,2869463,78.0,1160471,1,1,0,1,6.0,-9.0,-9.0,-9.0,4.0,-9,0.0,22786.0,2139.0
2869463,2869464,57.0,1160471,2,1,2,3,1.0,16.0,6.0,-9.0,4.0,23,2.0,22786.0,2139.0
2869464,2869465,78.0,1160472,1,1,0,1,6.0,-9.0,-9.0,-9.0,4.0,-9,0.0,22786.0,2139.0
2869465,2869466,57.0,1160472,2,1,2,3,1.0,16.0,6.0,-9.0,4.0,23,2.0,22786.0,2139.0
2869466,2869467,78.0,1160473,1,1,0,1,6.0,-9.0,-9.0,-9.0,4.0,-9,0.0,22784.0,2139.0
2869467,2869468,57.0,1160473,2,1,2,3,1.0,16.0,6.0,-9.0,4.0,23,2.0,22784.0,2139.0
2869468,2869469,78.0,1160474,1,1,0,1,6.0,-9.0,-9.0,-9.0,4.0,-9,0.0,22784.0,2139.0
2869469,2869470,57.0,1160474,2,1,2,3,1.0,16.0,6.0,-9.0,4.0,23,2.0,22784.0,2139.0
2869470,2869471,78.0,1160475,1,1,0,1,6.0,-9.0,-9.0,-9.0,4.0,-9,0.0,22787.0,2139.0
2869471,2869472,57.0,1160475,2,1,2,3,1.0,16.0,6.0,-9.0,4.0,23,2.0,22787.0,2139.0
2869472,2869473,78.0,1160476,1,1,0,1,6.0,-9.0,-9.0,-9.0,4.0,-9,0.0,22786.0,2139.0
2869473,2869474,57.0,1160476,2,1,2,3,1.0,16.0,6.0,-9.0,4.0,23,2.0,22786.0,2139.0
2869474,2869475,78.0,1160477,1,1,0,1,6.0,-9.0,-9.0,-9.0,4.0,-9,0.0,22787.0,2139.0
2869475,2869476,57.0,1160477,2,1,2,3,1.0,16.0,6.0,-9.0,4.0,23,2.0,22787.0,2139.0
2869476,2869477,78.0,1160478,1,1,0,1,6.0,-9.0,-9.0,-9.0,4.0,-9,0.0,22785.0,2139.0
2869477,2869478,57.0,1160478,2,1,2,3,1.0,16.0,6.0,-9.0,4.0,23,2.0,22785.0,2139.0
2869478,2869479,78.0,1160479,1,1,0,1,6.0,-9.0,-9.0,-9.0,4.0,-9,0.0,22786.0,2139.0
2869479,2869480,57.0,1160479,2,1,2,3,1.0,16.0,6.0,-9.0,4.0,23,2.0,22786.0,2139.0
2869480,2869481,78.0,1160480,1,1,0,1,6.0,-9.0,-9.0,-9.0,4.0,-9,0.0,22784.0,2139.0
2869481,2869482,57.0,1160480,2,1,2,3,1.0,16.0,6.0,-9.0,4.0,23,2.0,22784.0,2139.0
2869482,2869483,78.0,1160481,1,1,0,1,6.0,-9.0,-9.0,-9.0,4.0,-9,0.0,22787.0,2139.0
2869483,2869484,57.0,1160481,2,1,2,3,1.0,16.0,6.0,-9.0,4.0,23,2.0,22787.0,2139.0
2869484,2869485,78.0,1160482,1,1,0,1,6.0,-9.0,-9.0,-9.0,4.0,-9,0.0,22786.0,2139.0
2869485,2869486,57.0,1160482,2,1,2,3,1.0,16.0,6.0,-9.0,4.0,23,2.0,22786.0,2139.0
2869486,2869487,78.0,1160483,1,1,0,1,6.0,-9.0,-9.0,-9.0,4.0,-9,0.0,22786.0,2139.0
2869487,2869488,57.0,1160483,2,1,2,3,1.0,16.0,6.0,-9.0,4.0,23,2.0,22786.0,2139.0
2869488,2869489,78.0,1160484,1,1,0,1,6.0,-9.0,-9.0,-9.0,4.0,-9,0.0,22784.0,2139.0
2869489,2869490,57.0,1160484,2,1,2,3,1.0,16.0,6.0,-9.0,4.0,23,2.0,22784.0,2139.0
2869490,2869491,78.0,1160485,1,1,0,1,6.0,-9.0,-9.0,-9.0,4.0,-9,0.0,22784.0,2139.0
2869491,2869492,57.0,1160485,2,1,2,3,1.0,16.0,6.0,-9.0,4.0,23,2.0,22784.0,2139.0
2869492,2869493,78.0,1160486,1,1,0,1,6.0,-9.0,-9.0,-9.0,4.0,-9,0.0,22787.0,2139.0
2869493,2869494,57.0,1160486,2,1,2,3,1.0,16.0,6.0,-9.0,4.0,23,2.0,22787.0,2139.0
2869494,2869495,78.0,1160487,1,1,0,1,6.0,-9.0,-9.0,-9.0,4.0,-9,0.0,22787.0,2139.0
2869495,2869496,57.0,1160487,2,1,2,3,1.0,16.0,6.0,-9.0,4.0,23,2.0,22787.0,2139.0
2869496,2869497,78.0,1160488,1,1,0,1,6.0,-9.0,-9.0,-9.0,4.0,-9,0.0,22787.0,2139.0
2869497,2869498,57.0,1160488,2,1,2,3,1.0,16.0,6.0,-9.0,4.0,23,2.0,22787.0,2139.0
2869498,2869499,78.0,1160489,1,1,0,1,6.0,-9.0,-9.0,-9.0,4.0,-9,0.0,22787.0,2139.0
2869499,2869500,57.0,1160489,2,1,2,3,1.0,16.0,6.0,-9.0,4.0,23,2.0,22787.0,2139.0
2869500,2869501,78.0,1160490,1,1,0,1,6.0,-9.0,-9.0,-9.0,4.0,-9,0.0,22787.0,2139.0
2869501,2869502,57.0,1160490,2,1,2,3,1.0,16.0,6.0,-9.0,4.0,23,2.0,22787.0,2139.0
2869502,2869503,78.0,1160491,1,1,0,1,6.0,-9.0,-9.0,-9.0,4.0,-9,0.0,22787.0,2139.0
2869503,2869504,57.0,1160491,2,1,2,3,1.0,16.0,6.0,-9.0,4.0,23,2.0,22787.0,2139.0
2869504,2869505,69.0,1160492,1,2,0,1,6.0,-9.0,-9.0,-9.0,4.0,-9,0.0,22787.0,2139.0
2869505,2869506,81.0,1160493,1,2,0,1,6.0,-9.0,-9.0,-9.0,4.0,-9,0.0,22784.0,2139.0
2869506,2869507,80.0,1160494,1,2,0,1,6.0,-9.0,-9.0,-9.0,4.0,-9,0.0,22784.0,2139.0
2869507,2869508,80.0,1160495,1,2,0,1,6.0,-9.0,-9.0,-9.0,4.0,-9,0.0,22787.0,2139.0
2869508,2869509,79.0,1160496,1,2,0,1,6.0,-9.0,-9.0,-9.0,4.0,-9,0.0,22785.0,2139.0
2869509,2869510,76.0,1160497,1,2,0,1,6.0,-9.0,-9.0,-9.0,4.0,-9,0.0,22786.0,2139.0
2869510,2869511,79.0,1160498,1,2,0,1,6.0,-9.0,-9.0,-9.0,4.0,-9,0.0,22785.0,2139.0
2869511,2869512,80.0,1160499,1,2,0,1,6.0,-9.0,-9.0,-9.0,4.0,-9,0.0,22787.0,2139.0
2869512,2869513,76.0,1160500,1,2,0,1,6.0,-9.0,-9.0,-9.0,4.0,-9,0.0,22784.0,2139.0
2869513,2869514,85.0,1160501,1,2,0,1,6.0,-9.0,-9.0,-9.0,4.0,-9,0.0,22784.0,2139.0
2869514,2869515,76.0,1160502,1,2,0,1,6.0,-9.0,-9.0,-9.0,4.0,-9,0.0,22785.0,2139.0
2869515,2869516,76.0,1160503,1,2,0,1,6.0,-9.0,-9.0,-9.0,4.0,-9,0.0,22784.0,2139.0
2869516,2869517,71.0,1160504,1,2,0,1,6.0,-9.0,-9.0,-9.0,4.0,-9,0.0,22784.0,2139.0
2869517,2869518,59.0,1160505,1,2,0,1,1.0,55.0,1.0,-9.0,4.0,611M1,13.0,22785.0,2139.0
2869518,2869519,23.0,1160505,2,1,2,1,1.0,40.0,2.0,15.0,4.0,813M,17.0,22785.0,2139.0
2869519,2869520,59.0,1160506,1,2,0,1,1.0,55.0,1.0,-9.0,4.0,611M1,13.0,22785.0,2139.0
2869520,2869521,23.0,1160506,2,1,2,1,1.0,40.0,2.0,15.0,4.0,813M,17.0,22785.0,2139.0
2869521,2869522,59.0,1160507,1,2,0,1,1.0,55.0,1.0,-9.0,4.0,611M1,13.0,22786.0,2139.0
2869522,2869523,23.0,1160507,2,1,2,1,1.0,40.0,2.0,15.0,4.0,813M,17.0,22786.0,2139.0
2869523,2869524,61.0,1160508,1,2,0,1,1.0,25.0,2.0,-9.0,4.0,611M3,13.0,22787.0,2139.0
2869524,2869525,69.0,1160508,2,1,1,1,1.0,20.0,1.0,-9.0,4.0,611M3,13.0,22787.0,2139.0
2869525,2869526,21.0,1160508,3,1,2,1,1.0,24.0,5.0,15.0,4.0,5413,10.0,22787.0,2139.0
2869526,2869527,61.0,1160509,1,2,0,1,1.0,25.0,2.0,-9.0,4.0,611M3,13.0,22784.0,2139.0
2869527,2869528,69.0,1160509,2,1,1,1,1.0,20.0,1.0,-9.0,4.0,611M3,13.0,22784.0,2139.0
2869528,2869529,21.0,1160509,3,1,2,1,1.0,24.0,5.0,15.0,4.0,5413,10.0,22784.0,2139.0
2869529,2869530,61.0,1160510,1,2,0,1,1.0,25.0,2.0,-9.0,4.0,611M3,13.0,22787.0,2139.0
2869530,2869531,69.0,1160510,2,1,1,1,1.0,20.0,1.0,-9.0,4.0,611M3,13.0,22787.0,2139.0
2869531,2869532,21.0,1160510,3,1,2,1,1.0,24.0,5.0,15.0,4.0,5413,10.0,22787.0,2139.0
2869532,2869533,61.0,1160511,1,2,0,1,1.0,25.0,2.0,-9.0,4.0,611M3,13.0,22784.0,2139.0
2869533,2869534,69.0,1160511,2,1,1,1,1.0,20.0,1.0,-9.0,4.0,611M3,13.0,22784.0,2139.0
2869534,2869535,21.0,1160511,3,1,2,1,1.0,24.0,5.0,15.0,4.0,5413,10.0,22784.0,2139.0
2869535,2869536,61.0,1160512,1,2,0,1,1.0,25.0,2.0,-9.0,4.0,611M3,13.0,22785.0,2139.0
2869536,2869537,69.0,1160512,2,1,1,1,1.0,20.0,1.0,-9.0,4.0,611M3,13.0,22785.0,2139.0
2869537,2869538,21.0,1160512,3,1,2,1,1.0,24.0,5.0,15.0,4.0,5413,10.0,22785.0,2139.0
2869538,2869539,61.0,1160513,1,2,0,1,1.0,25.0,2.0,-9.0,4.0,611M3,13.0,22786.0,2139.0
2869539,2869540,69.0,1160513,2,1,1,1,1.0,20.0,1.0,-9.0,4.0,611M3,13.0,22786.0,2139.0
2869540,2869541,21.0,1160513,3,1,2,1,1.0,24.0,5.0,15.0,4.0,5413,10.0,22786.0,2139.0
2869541,2869542,61.0,1160514,1,2,0,1,1.0,25.0,2.0,-9.0,4.0,611M3,13.0,22787.0,2139.0
2869542,2869543,69.0,1160514,2,1,1,1,1.0,20.0,1.0,-9.0,4.0,611M3,13.0,22787.0,2139.0
2869543,2869544,21.0,1160514,3,1,2,1,1.0,24.0,5.0,15.0,4.0,5413,10.0,22787.0,2139.0
2869544,2869545,61.0,1160515,1,2,0,1,1.0,25.0,2.0,-9.0,4.0,611M3,13.0,22786.0,2139.0
2869545,2869546,69.0,1160515,2,1,1,1,1.0,20.0,1.0,-9.0,4.0,611M3,13.0,22786.0,2139.0
2869546,2869547,21.0,1160515,3,1,2,1,1.0,24.0,5.0,15.0,4.0,5413,10.0,22786.0,2139.0
2869547,2869548,61.0,1160516,1,2,0,1,1.0,25.0,2.0,-9.0,4.0,611M3,13.0,22787.0,2139.0
2869548,2869549,69.0,1160516,2,1,1,1,1.0,20.0,1.0,-9.0,4.0,611M3,13.0,22787.0,2139.0
2869549,2869550,21.0,1160516,3,1,2,1,1.0,24.0,5.0,15.0,4.0,5413,10.0,22787.0,2139.0
2869550,2869551,61.0,1160517,1,2,0,1,1.0,25.0,2.0,-9.0,4.0,611M3,13.0,22787.0,2139.0
2869551,2869552,69.0,1160517,2,1,1,1,1.0,20.0,1.0,-9.0,4.0,611M3,13.0,22787.0,2139.0
2869552,2869553,21.0,1160517,3,1,2,1,1.0,24.0,5.0,15.0,4.0,5413,10.0,22787.0,2139.0
2869553,2869554,61.0,1160518,1,2,0,1,1.0,25.0,2.0,-9.0,4.0,611M3,13.0,22786.0,2139.0
2869554,2869555,69.0,1160518,2,1,1,1,1.0,20.0,1.0,-9.0,4.0,611M3,13.0,22786.0,2139.0
2869555,2869556,21.0,1160518,3,1,2,1,1.0,24.0,5.0,15.0,4.0,5413,10.0,22786.0,2139.0
2869556,2869557,61.0,1160519,1,2,0,1,1.0,25.0,2.0,-9.0,4.0,611M3,13.0,22787.0,2139.0
2869557,2869558,69.0,1160519,2,1,1,1,1.0,20.0,1.0,-9.0,4.0,611M3,13.0,22787.0,2139.0
2869558,2869559,21.0,1160519,3,1,2,1,1.0,24.0,5.0,15.0,4.0,5413,10.0,22787.0,2139.0
2869559,2869560,61.0,1160520,1,2,0,1,1.0,25.0,2.0,-9.0,4.0,611M3,13.0,22786.0,2139.0
2869560,2869561,69.0,1160520,2,1,1,1,1.0,20.0,1.0,-9.0,4.0,611M3,13.0,22786.0,2139.0
2869561,2869562,21.0,1160520,3,1,2,1,1.0,24.0,5.0,15.0,4.0,5413,10.0,22786.0,2139.0
2869562,2869563,61.0,1160521,1,2,0,1,1.0,25.0,2.0,-9.0,4.0,611M3,13.0,22784.0,2139.0
2869563,2869564,69.0,1160521,2,1,1,1,1.0,20.0,1.0,-9.0,4.0,611M3,13.0,22784.0,2139.0
2869564,2869565,21.0,1160521,3,1,2,1,1.0,24.0,5.0,15.0,4.0,5413,10.0,22784.0,2139.0
2869565,2869566,61.0,1160522,1,2,0,1,1.0,25.0,2.0,-9.0,4.0,611M3,13.0,22786.0,2139.0
2869566,2869567,69.0,1160522,2,1,1,1,1.0,20.0,1.0,-9.0,4.0,611M3,13.0,22786.0,2139.0
2869567,2869568,21.0,1160522,3,1,2,1,1.0,24.0,5.0,15.0,4.0,5413,10.0,22786.0,2139.0
2869568,2869569,61.0,1160523,1,2,0,1,1.0,25.0,2.0,-9.0,4.0,611M3,13.0,22785.0,2139.0
2869569,2869570,69.0,1160523,2,1,1,1,1.0,20.0,1.0,-9.0,4.0,611M3,13.0,22785.0,2139.0
2869570,2869571,21.0,1160523,3,1,2,1,1.0,24.0,5.0,15.0,4.0,5413,10.0,22785.0,2139.0
2869571,2869572,61.0,1160524,1,2,0,1,1.0,25.0,2.0,-9.0,4.0,611M3,13.0,22785.0,2139.0
2869572,2869573,69.0,1160524,2,1,1,1,1.0,20.0,1.0,-9.0,4.0,611M3,13.0,22785.0,2139.0
2869573,2869574,21.0,1160524,3,1,2,1,1.0,24.0,5.0,15.0,4.0,5413,10.0,22785.0,2139.0
2869574,2869575,61.0,1160525,1,2,0,1,1.0,25.0,2.0,-9.0,4.0,611M3,13.0,22786.0,2139.0
2869575,2869576,69.0,1160525,2,1,1,1,1.0,20.0,1.0,-9.0,4.0,611M3,13.0,22786.0,2139.0
2869576,2869577,21.0,1160525,3,1,2,1,1.0,24.0,5.0,15.0,4.0,5413,10.0,22786.0,2139.0
2869577,2869578,61.0,1160526,1,2,0,1,1.0,25.0,2.0,-9.0,4.0,611M3,13.0,22787.0,2139.0
2869578,2869579,69.0,1160526,2,1,1,1,1.0,20.0,1.0,-9.0,4.0,611M3,13.0,22787.0,2139.0
2869579,2869580,21.0,1160526,3,1,2,1,1.0,24.0,5.0,15.0,4.0,5413,10.0,22787.0,2139.0
2869580,2869581,61.0,1160527,1,2,0,1,1.0,25.0,2.0,-9.0,4.0,611M3,13.0,22787.0,2139.0
2869581,2869582,69.0,1160527,2,1,1,1,1.0,20.0,1.0,-9.0,4.0,611M3,13.0,22787.0,2139.0
2869582,2869583,21.0,1160527,3,1,2,1,1.0,24.0,5.0,15.0,4.0,5413,10.0,22787.0,2139.0
2869583,2869584,61.0,1160528,1,2,0,1,1.0,25.0,2.0,-9.0,4.0,611M3,13.0,22785.0,2139.0
2869584,2869585,69.0,1160528,2,1,1,1,1.0,20.0,1.0,-9.0,4.0,611M3,13.0,22785.0,2139.0
2869585,2869586,21.0,1160528,3,1,2,1,1.0,24.0,5.0,15.0,4.0,5413,10.0,22785.0,2139.0
2869586,2869587,61.0,1160529,1,2,0,1,1.0,25.0,2.0,-9.0,4.0,611M3,13.0,22786.0,2139.0
2869587,2869588,69.0,1160529,2,1,1,1,1.0,20.0,1.0,-9.0,4.0,611M3,13.0,22786.0,2139.0
2869588,2869589,21.0,1160529,3,1,2,1,1.0,24.0,5.0,15.0,4.0,5413,10.0,22786.0,2139.0
2869589,2869590,61.0,1160530,1,2,0,1,1.0,25.0,2.0,-9.0,4.0,611M3,13.0,22786.0,2139.0
2869590,2869591,69.0,1160530,2,1,1,1,1.0,20.0,1.0,-9.0,4.0,611M3,13.0,22786.0,2139.0
2869591,2869592,21.0,1160530,3,1,2,1,1.0,24.0,5.0,15.0,4.0,5413,10.0,22786.0,2139.0
2869592,2869593,61.0,1160531,1,2,0,1,1.0,25.0,2.0,-9.0,4.0,611M3,13.0,22787.0,2139.0
2869593,2869594,69.0,1160531,2,1,1,1,1.0,20.0,1.0,-9.0,4.0,611M3,13.0,22787.0,2139.0
2869594,2869595,21.0,1160531,3,1,2,1,1.0,24.0,5.0,15.0,4.0,5413,10.0,22787.0,2139.0
2869595,2869596,61.0,1160532,1,2,0,1,1.0,25.0,2.0,-9.0,4.0,611M3,13.0,22786.0,2139.0
2869596,2869597,69.0,1160532,2,1,1,1,1.0,20.0,1.0,-9.0,4.0,611M3,13.0,22786.0,2139.0
2869597,2869598,21.0,1160532,3,1,2,1,1.0,24.0,5.0,15.0,4.0,5413,10.0,22786.0,2139.0
2869598,2869599,61.0,1160533,1,2,0,1,1.0,25.0,2.0,-9.0,4.0,611M3,13.0,22785.0,2139.0
2869599,2869600,69.0,1160533,2,1,1,1,1.0,20.0,1.0,-9.0,4.0,611M3,13.0,22785.0,2139.0
2869600,2869601,21.0,1160533,3,1,2,1,1.0,24.0,5.0,15.0,4.0,5413,10.0,22785.0,2139.0
2869601,2869602,61.0,1160534,1,2,0,1,1.0,25.0,2.0,-9.0,4.0,611M3,13.0,22787.0,2139.0
2869602,2869603,69.0,1160534,2,1,1,1,1.0,20.0,1.0,-9.0,4.0,611M3,13.0,22787.0,2139.0
2869603,2869604,21.0,1160534,3,1,2,1,1.0,24.0,5.0,15.0,4.0,5413,10.0,22787.0,2139.0
2869604,2869605,61.0,1160535,1,2,0,1,1.0,25.0,2.0,-9.0,4.0,611M3,13.0,22787.0,2139.0
2869605,2869606,69.0,1160535,2,1,1,1,1.0,20.0,1.0,-9.0,4.0,611M3,13.0,22787.0,2139.0
2869606,2869607,21.0,1160535,3,1,2,1,1.0,24.0,5.0,15.0,4.0,5413,10.0,22787.0,2139.0
2869607,2869608,61.0,1160536,1,2,0,1,1.0,25.0,2.0,-9.0,4.0,611M3,13.0,22785.0,2139.0
2869608,2869609,69.0,1160536,2,1,1,1,1.0,20.0,1.0,-9.0,4.0,611M3,13.0,22785.0,2139.0
2869609,2869610,21.0,1160536,3,1,2,1,1.0,24.0,5.0,15.0,4.0,5413,10.0,22785.0,2139.0
2869610,2869611,61.0,1160537,1,2,0,1,1.0,25.0,2.0,-9.0,4.0,611M3,13.0,22787.0,2139.0
2869611,2869612,69.0,1160537,2,1,1,1,1.0,20.0,1.0,-9.0,4.0,611M3,13.0,22787.0,2139.0
2869612,2869613,21.0,1160537,3,1,2,1,1.0,24.0,5.0,15.0,4.0,5413,10.0,22787.0,2139.0
2869613,2869614,61.0,1160538,1,2,0,1,1.0,25.0,2.0,-9.0,4.0,611M3,13.0,22784.0,2139.0
2869614,2869615,69.0,1160538,2,1,1,1,1.0,20.0,1.0,-9.0,4.0,611M3,13.0,22784.0,2139.0
2869615,2869616,21.0,1160538,3,1,2,1,1.0,24.0,5.0,15.0,4.0,5413,10.0,22784.0,2139.0
2869616,2869617,53.0,1160539,1,1,0,1,1.0,45.0,1.0,-9.0,4.0,5241,9.0,22787.0,2139.0
2869617,2869618,33.0,1160539,2,1,2,1,1.0,40.0,5.0,15.0,4.0,531M,9.0,22787.0,2139.0
2869618,2869619,19.0,1160539,3,2,4,1,2.0,15.0,6.0,15.0,4.0,722Z,16.0,22787.0,2139.0
2869619,2869620,15.0,1160539,4,2,4,1,-9.0,-9.0,-9.0,11.0,-9.0,-9,0.0,22787.0,2139.0
2869620,2869621,48.0,1160539,5,2,13,1,1.0,40.0,1.0,-9.0,4.0,52M2,9.0,22787.0,2139.0
2869621,2869622,53.0,1160540,1,1,0,1,1.0,45.0,1.0,-9.0,4.0,5241,9.0,22785.0,2139.0
2869622,2869623,33.0,1160540,2,1,2,1,1.0,40.0,5.0,15.0,4.0,531M,9.0,22785.0,2139.0
2869623,2869624,19.0,1160540,3,2,4,1,2.0,15.0,6.0,15.0,4.0,722Z,16.0,22785.0,2139.0
2869624,2869625,15.0,1160540,4,2,4,1,-9.0,-9.0,-9.0,11.0,-9.0,-9,0.0,22785.0,2139.0
2869625,2869626,48.0,1160540,5,2,13,1,1.0,40.0,1.0,-9.0,4.0,52M2,9.0,22785.0,2139.0
2869626,2869627,53.0,1160541,1,1,0,1,1.0,45.0,1.0,-9.0,4.0,5241,9.0,22784.0,2139.0
2869627,2869628,33.0,1160541,2,1,2,1,1.0,40.0,5.0,15.0,4.0,531M,9.0,22784.0,2139.0
2869628,2869629,19.0,1160541,3,2,4,1,2.0,15.0,6.0,15.0,4.0,722Z,16.0,22784.0,2139.0
2869629,2869630,15.0,1160541,4,2,4,1,-9.0,-9.0,-9.0,11.0,-9.0,-9,0.0,22784.0,2139.0
2869630,2869631,48.0,1160541,5,2,13,1,1.0,40.0,1.0,-9.0,4.0,52M2,9.0,22784.0,2139.0
2869631,2869632,53.0,1160542,1,1,0,1,1.0,45.0,1.0,-9.0,4.0,5241,9.0,22785.0,2139.0
2869632,2869633,33.0,1160542,2,1,2,1,1.0,40.0,5.0,15.0,4.0,531M,9.0,22785.0,2139.0
2869633,2869634,19.0,1160542,3,2,4,1,2.0,15.0,6.0,15.0,4.0,722Z,16.0,22785.0,2139.0
2869634,2869635,15.0,1160542,4,2,4,1,-9.0,-9.0,-9.0,11.0,-9.0,-9,0.0,22785.0,2139.0
2869635,2869636,48.0,1160542,5,2,13,1,1.0,40.0,1.0,-9.0,4.0,52M2,9.0,22785.0,2139.0
2869636,2869637,53.0,1160543,1,1,0,1,1.0,45.0,1.0,-9.0,4.0,5241,9.0,22785.0,2139.0
2869637,2869638,33.0,1160543,2,1,2,1,1.0,40.0,5.0,15.0,4.0,531M,9.0,22785.0,2139.0
2869638,2869639,19.0,1160543,3,2,4,1,2.0,15.0,6.0,15.0,4.0,722Z,16.0,22785.0,2139.0
2869639,2869640,15.0,1160543,4,2,4,1,-9.0,-9.0,-9.0,11.0,-9.0,-9,0.0,22785.0,2139.0
2869640,2869641,48.0,1160543,5,2,13,1,1.0,40.0,1.0,-9.0,4.0,52M2,9.0,22785.0,2139.0
2869641,2869642,53.0,1160544,1,1,0,1,1.0,45.0,1.0,-9.0,4.0,5241,9.0,22784.0,2139.0
2869642,2869643,33.0,1160544,2,1,2,1,1.0,40.0,5.0,15.0,4.0,531M,9.0,22784.0,2139.0
2869643,2869644,19.0,1160544,3,2,4,1,2.0,15.0,6.0,15.0,4.0,722Z,16.0,22784.0,2139.0
2869644,2869645,15.0,1160544,4,2,4,1,-9.0,-9.0,-9.0,11.0,-9.0,-9,0.0,22784.0,2139.0
2869645,2869646,48.0,1160544,5,2,13,1,1.0,40.0,1.0,-9.0,4.0,52M2,9.0,22784.0,2139.0
2869646,2869647,53.0,1160545,1,1,0,1,1.0,45.0,1.0,-9.0,4.0,5241,9.0,22786.0,2139.0
2869647,2869648,33.0,1160545,2,1,2,1,1.0,40.0,5.0,15.0,4.0,531M,9.0,22786.0,2139.0
2869648,2869649,19.0,1160545,3,2,4,1,2.0,15.0,6.0,15.0,4.0,722Z,16.0,22786.0,2139.0
2869649,2869650,15.0,1160545,4,2,4,1,-9.0,-9.0,-9.0,11.0,-9.0,-9,0.0,22786.0,2139.0
2869650,2869651,48.0,1160545,5,2,13,1,1.0,40.0,1.0,-9.0,4.0,52M2,9.0,22786.0,2139.0
2869651,2869652,53.0,1160546,1,1,0,1,1.0,45.0,1.0,-9.0,4.0,5241,9.0,22787.0,2139.0
2869652,2869653,33.0,1160546,2,1,2,1,1.0,40.0,5.0,15.0,4.0,531M,9.0,22787.0,2139.0
2869653,2869654,19.0,1160546,3,2,4,1,2.0,15.0,6.0,15.0,4.0,722Z,16.0,22787.0,2139.0
2869654,2869655,15.0,1160546,4,2,4,1,-9.0,-9.0,-9.0,11.0,-9.0,-9,0.0,22787.0,2139.0
2869655,2869656,48.0,1160546,5,2,13,1,1.0,40.0,1.0,-9.0,4.0,52M2,9.0,22787.0,2139.0
2869656,2869657,53.0,1160547,1,1,0,1,1.0,45.0,1.0,-9.0,4.0,5241,9.0,22786.0,2139.0
2869657,2869658,33.0,1160547,2,1,2,1,1.0,40.0,5.0,15.0,4.0,531M,9.0,22786.0,2139.0
2869658,2869659,19.0,1160547,3,2,4,1,2.0,15.0,6.0,15.0,4.0,722Z,16.0,22786.0,2139.0
2869659,2869660,15.0,1160547,4,2,4,1,-9.0,-9.0,-9.0,11.0,-9.0,-9,0.0,22786.0,2139.0
2869660,2869661,48.0,1160547,5,2,13,1,1.0,40.0,1.0,-9.0,4.0,52M2,9.0,22786.0,2139.0
2869661,2869662,53.0,1160548,1,1,0,1,1.0,45.0,1.0,-9.0,4.0,5241,9.0,22787.0,2139.0
2869662,2869663,33.0,1160548,2,1,2,1,1.0,40.0,5.0,15.0,4.0,531M,9.0,22787.0,2139.0
2869663,2869664,19.0,1160548,3,2,4,1,2.0,15.0,6.0,15.0,4.0,722Z,16.0,22787.0,2139.0
2869664,2869665,15.0,1160548,4,2,4,1,-9.0,-9.0,-9.0,11.0,-9.0,-9,0.0,22787.0,2139.0
2869665,2869666,48.0,1160548,5,2,13,1,1.0,40.0,1.0,-9.0,4.0,52M2,9.0,22787.0,2139.0
2869666,2869667,53.0,1160549,1,1,0,1,1.0,45.0,1.0,-9.0,4.0,5241,9.0,22787.0,2139.0
2869667,2869668,33.0,1160549,2,1,2,1,1.0,40.0,5.0,15.0,4.0,531M,9.0,22787.0,2139.0
2869668,2869669,19.0,1160549,3,2,4,1,2.0,15.0,6.0,15.0,4.0,722Z,16.0,22787.0,2139.0
2869669,2869670,15.0,1160549,4,2,4,1,-9.0,-9.0,-9.0,11.0,-9.0,-9,0.0,22787.0,2139.0
2869670,2869671,48.0,1160549,5,2,13,1,1.0,40.0,1.0,-9.0,4.0,52M2,9.0,22787.0,2139.0
2869671,2869672,53.0,1160550,1,1,0,1,1.0,45.0,1.0,-9.0,4.0,5241,9.0,22787.0,2139.0
2869672,2869673,33.0,1160550,2,1,2,1,1.0,40.0,5.0,15.0,4.0,531M,9.0,22787.0,2139.0
2869673,2869674,19.0,1160550,3,2,4,1,2.0,15.0,6.0,15.0,4.0,722Z,16.0,22787.0,2139.0
2869674,2869675,15.0,1160550,4,2,4,1,-9.0,-9.0,-9.0,11.0,-9.0,-9,0.0,22787.0,2139.0
2869675,2869676,48.0,1160550,5,2,13,1,1.0,40.0,1.0,-9.0,4.0,52M2,9.0,22787.0,2139.0
2869676,2869677,53.0,1160551,1,1,0,1,1.0,45.0,1.0,-9.0,4.0,5241,9.0,22786.0,2139.0
2869677,2869678,33.0,1160551,2,1,2,1,1.0,40.0,5.0,15.0,4.0,531M,9.0,22786.0,2139.0
2869678,2869679,19.0,1160551,3,2,4,1,2.0,15.0,6.0,15.0,4.0,722Z,16.0,22786.0,2139.0
2869679,2869680,15.0,1160551,4,2,4,1,-9.0,-9.0,-9.0,11.0,-9.0,-9,0.0,22786.0,2139.0
2869680,2869681,48.0,1160551,5,2,13,1,1.0,40.0,1.0,-9.0,4.0,52M2,9.0,22786.0,2139.0
2869681,2869682,53.0,1160552,1,1,0,1,1.0,45.0,1.0,-9.0,4.0,5241,9.0,22787.0,2139.0
2869682,2869683,33.0,1160552,2,1,2,1,1.0,40.0,5.0,15.0,4.0,531M,9.0,22787.0,2139.0
2869683,2869684,19.0,1160552,3,2,4,1,2.0,15.0,6.0,15.0,4.0,722Z,16.0,22787.0,2139.0
2869684,2869685,15.0,1160552,4,2,4,1,-9.0,-9.0,-9.0,11.0,-9.0,-9,0.0,22787.0,2139.0
2869685,2869686,48.0,1160552,5,2,13,1,1.0,40.0,1.0,-9.0,4.0,52M2,9.0,22787.0,2139.0
2869686,2869687,53.0,1160553,1,1,0,1,1.0,45.0,1.0,-9.0,4.0,5241,9.0,22786.0,2139.0
2869687,2869688,33.0,1160553,2,1,2,1,1.0,40.0,5.0,15.0,4.0,531M,9.0,22786.0,2139.0
2869688,2869689,19.0,1160553,3,2,4,1,2.0,15.0,6.0,15.0,4.0,722Z,16.0,22786.0,2139.0
2869689,2869690,15.0,1160553,4,2,4,1,-9.0,-9.0,-9.0,11.0,-9.0,-9,0.0,22786.0,2139.0
2869690,2869691,48.0,1160553,5,2,13,1,1.0,40.0,1.0,-9.0,4.0,52M2,9.0,22786.0,2139.0
2869691,2869692,53.0,1160554,1,1,0,1,1.0,45.0,1.0,-9.0,4.0,5241,9.0,22785.0,2139.0
2869692,2869693,33.0,1160554,2,1,2,1,1.0,40.0,5.0,15.0,4.0,531M,9.0,22785.0,2139.0
2869693,2869694,19.0,1160554,3,2,4,1,2.0,15.0,6.0,15.0,4.0,722Z,16.0,22785.0,2139.0
2869694,2869695,15.0,1160554,4,2,4,1,-9.0,-9.0,-9.0,11.0,-9.0,-9,0.0,22785.0,2139.0
2869695,2869696,48.0,1160554,5,2,13,1,1.0,40.0,1.0,-9.0,4.0,52M2,9.0,22785.0,2139.0
2869696,2869697,53.0,1160555,1,1,0,1,1.0,45.0,1.0,-9.0,4.0,5241,9.0,22786.0,2139.0
2869697,2869698,33.0,1160555,2,1,2,1,1.0,40.0,5.0,15.0,4.0,531M,9.0,22786.0,2139.0
2869698,2869699,19.0,1160555,3,2,4,1,2.0,15.0,6.0,15.0,4.0,722Z,16.0,22786.0,2139.0
2869699,2869700,15.0,1160555,4,2,4,1,-9.0,-9.0,-9.0,11.0,-9.0,-9,0.0,22786.0,2139.0
2869700,2869701,48.0,1160555,5,2,13,1,1.0,40.0,1.0,-9.0,4.0,52M2,9.0,22786.0,2139.0
2869701,2869702,53.0,1160556,1,1,0,1,1.0,45.0,1.0,-9.0,4.0,5241,9.0,22787.0,2139.0
2869702,2869703,33.0,1160556,2,1,2,1,1.0,40.0,5.0,15.0,4.0,531M,9.0,22787.0,2139.0
2869703,2869704,19.0,1160556,3,2,4,1,2.0,15.0,6.0,15.0,4.0,722Z,16.0,22787.0,2139.0
2869704,2869705,15.0,1160556,4,2,4,1,-9.0,-9.0,-9.0,11.0,-9.0,-9,0.0,22787.0,2139.0
2869705,2869706,48.0,1160556,5,2,13,1,1.0,40.0,1.0,-9.0,4.0,52M2,9.0,22787.0,2139.0
2869706,2869707,53.0,1160557,1,1,0,1,1.0,45.0,1.0,-9.0,4.0,5241,9.0,22787.0,2139.0
2869707,2869708,33.0,1160557,2,1,2,1,1.0,40.0,5.0,15.0,4.0,531M,9.0,22787.0,2139.0
2869708,2869709,19.0,1160557,3,2,4,1,2.0,15.0,6.0,15.0,4.0,722Z,16.0,22787.0,2139.0
2869709,2869710,15.0,1160557,4,2,4,1,-9.0,-9.0,-9.0,11.0,-9.0,-9,0.0,22787.0,2139.0
2869710,2869711,48.0,1160557,5,2,13,1,1.0,40.0,1.0,-9.0,4.0,52M2,9.0,22787.0,2139.0
2869711,2869712,53.0,1160558,1,1,0,1,1.0,45.0,1.0,-9.0,4.0,5241,9.0,22787.0,2139.0
2869712,2869713,33.0,1160558,2,1,2,1,1.0,40.0,5.0,15.0,4.0,531M,9.0,22787.0,2139.0
2869713,2869714,19.0,1160558,3,2,4,1,2.0,15.0,6.0,15.0,4.0,722Z,16.0,22787.0,2139.0
2869714,2869715,15.0,1160558,4,2,4,1,-9.0,-9.0,-9.0,11.0,-9.0,-9,0.0,22787.0,2139.0
2869715,2869716,48.0,1160558,5,2,13,1,1.0,40.0,1.0,-9.0,4.0,52M2,9.0,22787.0,2139.0
2869716,2869717,53.0,1160559,1,1,0,1,1.0,45.0,1.0,-9.0,4.0,5241,9.0,22784.0,2139.0
2869717,2869718,33.0,1160559,2,1,2,1,1.0,40.0,5.0,15.0,4.0,531M,9.0,22784.0,2139.0
2869718,2869719,19.0,1160559,3,2,4,1,2.0,15.0,6.0,15.0,4.0,722Z,16.0,22784.0,2139.0
2869719,2869720,15.0,1160559,4,2,4,1,-9.0,-9.0,-9.0,11.0,-9.0,-9,0.0,22784.0,2139.0
2869720,2869721,48.0,1160559,5,2,13,1,1.0,40.0,1.0,-9.0,4.0,52M2,9.0,22784.0,2139.0
2869721,2869722,53.0,1160560,1,1,0,1,1.0,45.0,1.0,-9.0,4.0,5241,9.0,22787.0,2139.0
2869722,2869723,33.0,1160560,2,1,2,1,1.0,40.0,5.0,15.0,4.0,531M,9.0,22787.0,2139.0
2869723,2869724,19.0,1160560,3,2,4,1,2.0,15.0,6.0,15.0,4.0,722Z,16.0,22787.0,2139.0
2869724,2869725,15.0,1160560,4,2,4,1,-9.0,-9.0,-9.0,11.0,-9.0,-9,0.0,22787.0,2139.0
2869725,2869726,48.0,1160560,5,2,13,1,1.0,40.0,1.0,-9.0,4.0,52M2,9.0,22787.0,2139.0
2869726,2869727,53.0,1160561,1,1,0,1,1.0,45.0,1.0,-9.0,4.0,5241,9.0,22787.0,2139.0
2869727,2869728,33.0,1160561,2,1,2,1,1.0,40.0,5.0,15.0,4.0,531M,9.0,22787.0,2139.0
2869728,2869729,19.0,1160561,3,2,4,1,2.0,15.0,6.0,15.0,4.0,722Z,16.0,22787.0,2139.0
2869729,2869730,15.0,1160561,4,2,4,1,-9.0,-9.0,-9.0,11.0,-9.0,-9,0.0,22787.0,2139.0
2869730,2869731,48.0,1160561,5,2,13,1,1.0,40.0,1.0,-9.0,4.0,52M2,9.0,22787.0,2139.0
2869731,2869732,53.0,1160562,1,1,0,1,1.0,45.0,1.0,-9.0,4.0,5241,9.0,22784.0,2139.0
2869732,2869733,33.0,1160562,2,1,2,1,1.0,40.0,5.0,15.0,4.0,531M,9.0,22784.0,2139.0
2869733,2869734,19.0,1160562,3,2,4,1,2.0,15.0,6.0,15.0,4.0,722Z,16.0,22784.0,2139.0
2869734,2869735,15.0,1160562,4,2,4,1,-9.0,-9.0,-9.0,11.0,-9.0,-9,0.0,22784.0,2139.0
2869735,2869736,48.0,1160562,5,2,13,1,1.0,40.0,1.0,-9.0,4.0,52M2,9.0,22784.0,2139.0
2869736,2869737,53.0,1160563,1,1,0,1,1.0,45.0,1.0,-9.0,4.0,5241,9.0,22787.0,2139.0
2869737,2869738,33.0,1160563,2,1,2,1,1.0,40.0,5.0,15.0,4.0,531M,9.0,22787.0,2139.0
2869738,2869739,19.0,1160563,3,2,4,1,2.0,15.0,6.0,15.0,4.0,722Z,16.0,22787.0,2139.0
2869739,2869740,15.0,1160563,4,2,4,1,-9.0,-9.0,-9.0,11.0,-9.0,-9,0.0,22787.0,2139.0
2869740,2869741,48.0,1160563,5,2,13,1,1.0,40.0,1.0,-9.0,4.0,52M2,9.0,22787.0,2139.0
2869741,2869742,53.0,1160564,1,1,0,1,1.0,45.0,1.0,-9.0,4.0,5241,9.0,22784.0,2139.0
2869742,2869743,33.0,1160564,2,1,2,1,1.0,40.0,5.0,15.0,4.0,531M,9.0,22784.0,2139.0
2869743,2869744,19.0,1160564,3,2,4,1,2.0,15.0,6.0,15.0,4.0,722Z,16.0,22784.0,2139.0
2869744,2869745,15.0,1160564,4,2,4,1,-9.0,-9.0,-9.0,11.0,-9.0,-9,0.0,22784.0,2139.0
2869745,2869746,48.0,1160564,5,2,13,1,1.0,40.0,1.0,-9.0,4.0,52M2,9.0,22784.0,2139.0
2869746,2869747,53.0,1160565,1,1,0,1,1.0,45.0,1.0,-9.0,4.0,5241,9.0,22787.0,2139.0
2869747,2869748,33.0,1160565,2,1,2,1,1.0,40.0,5.0,15.0,4.0,531M,9.0,22787.0,2139.0
2869748,2869749,19.0,1160565,3,2,4,1,2.0,15.0,6.0,15.0,4.0,722Z,16.0,22787.0,2139.0
2869749,2869750,15.0,1160565,4,2,4,1,-9.0,-9.0,-9.0,11.0,-9.0,-9,0.0,22787.0,2139.0
2869750,2869751,48.0,1160565,5,2,13,1,1.0,40.0,1.0,-9.0,4.0,52M2,9.0,22787.0,2139.0
2869751,2869752,53.0,1160566,1,1,0,1,1.0,45.0,1.0,-9.0,4.0,5241,9.0,22787.0,2139.0
2869752,2869753,33.0,1160566,2,1,2,1,1.0,40.0,5.0,15.0,4.0,531M,9.0,22787.0,2139.0
2869753,2869754,19.0,1160566,3,2,4,1,2.0,15.0,6.0,15.0,4.0,722Z,16.0,22787.0,2139.0
2869754,2869755,15.0,1160566,4,2,4,1,-9.0,-9.0,-9.0,11.0,-9.0,-9,0.0,22787.0,2139.0
2869755,2869756,48.0,1160566,5,2,13,1,1.0,40.0,1.0,-9.0,4.0,52M2,9.0,22787.0,2139.0
2869756,2869757,53.0,1160567,1,1,0,1,1.0,45.0,1.0,-9.0,4.0,5241,9.0,22786.0,2139.0
2869757,2869758,33.0,1160567,2,1,2,1,1.0,40.0,5.0,15.0,4.0,531M,9.0,22786.0,2139.0
2869758,2869759,19.0,1160567,3,2,4,1,2.0,15.0,6.0,15.0,4.0,722Z,16.0,22786.0,2139.0
2869759,2869760,15.0,1160567,4,2,4,1,-9.0,-9.0,-9.0,11.0,-9.0,-9,0.0,22786.0,2139.0
2869760,2869761,48.0,1160567,5,2,13,1,1.0,40.0,1.0,-9.0,4.0,52M2,9.0,22786.0,2139.0
2869761,2869762,53.0,1160568,1,1,0,1,1.0,45.0,1.0,-9.0,4.0,5241,9.0,22787.0,2139.0
2869762,2869763,33.0,1160568,2,1,2,1,1.0,40.0,5.0,15.0,4.0,531M,9.0,22787.0,2139.0
2869763,2869764,19.0,1160568,3,2,4,1,2.0,15.0,6.0,15.0,4.0,722Z,16.0,22787.0,2139.0
2869764,2869765,15.0,1160568,4,2,4,1,-9.0,-9.0,-9.0,11.0,-9.0,-9,0.0,22787.0,2139.0
2869765,2869766,48.0,1160568,5,2,13,1,1.0,40.0,1.0,-9.0,4.0,52M2,9.0,22787.0,2139.0
2869766,2869767,53.0,1160569,1,1,0,1,1.0,45.0,1.0,-9.0,4.0,5241,9.0,22787.0,2139.0
2869767,2869768,33.0,1160569,2,1,2,1,1.0,40.0,5.0,15.0,4.0,531M,9.0,22787.0,2139.0
2869768,2869769,19.0,1160569,3,2,4,1,2.0,15.0,6.0,15.0,4.0,722Z,16.0,22787.0,2139.0
2869769,2869770,15.0,1160569,4,2,4,1,-9.0,-9.0,-9.0,11.0,-9.0,-9,0.0,22787.0,2139.0
2869770,2869771,48.0,1160569,5,2,13,1,1.0,40.0,1.0,-9.0,4.0,52M2,9.0,22787.0,2139.0
2869771,2869772,53.0,1160570,1,1,0,1,1.0,45.0,1.0,-9.0,4.0,5241,9.0,22786.0,2139.0
2869772,2869773,33.0,1160570,2,1,2,1,1.0,40.0,5.0,15.0,4.0,531M,9.0,22786.0,2139.0
2869773,2869774,19.0,1160570,3,2,4,1,2.0,15.0,6.0,15.0,4.0,722Z,16.0,22786.0,2139.0
2869774,2869775,15.0,1160570,4,2,4,1,-9.0,-9.0,-9.0,11.0,-9.0,-9,0.0,22786.0,2139.0
2869775,2869776,48.0,1160570,5,2,13,1,1.0,40.0,1.0,-9.0,4.0,52M2,9.0,22786.0,2139.0
2869776,2869777,53.0,1160571,1,1,0,1,1.0,45.0,1.0,-9.0,4.0,5241,9.0,22785.0,2139.0
2869777,2869778,33.0,1160571,2,1,2,1,1.0,40.0,5.0,15.0,4.0,531M,9.0,22785.0,2139.0
2869778,2869779,19.0,1160571,3,2,4,1,2.0,15.0,6.0,15.0,4.0,722Z,16.0,22785.0,2139.0
2869779,2869780,15.0,1160571,4,2,4,1,-9.0,-9.0,-9.0,11.0,-9.0,-9,0.0,22785.0,2139.0
2869780,2869781,48.0,1160571,5,2,13,1,1.0,40.0,1.0,-9.0,4.0,52M2,9.0,22785.0,2139.0
2869781,2869782,53.0,1160572,1,1,0,1,1.0,45.0,1.0,-9.0,4.0,5241,9.0,22787.0,2139.0
2869782,2869783,33.0,1160572,2,1,2,1,1.0,40.0,5.0,15.0,4.0,531M,9.0,22787.0,2139.0
2869783,2869784,19.0,1160572,3,2,4,1,2.0,15.0,6.0,15.0,4.0,722Z,16.0,22787.0,2139.0
2869784,2869785,15.0,1160572,4,2,4,1,-9.0,-9.0,-9.0,11.0,-9.0,-9,0.0,22787.0,2139.0
2869785,2869786,48.0,1160572,5,2,13,1,1.0,40.0,1.0,-9.0,4.0,52M2,9.0,22787.0,2139.0
2869786,2869787,53.0,1160573,1,1,0,1,1.0,45.0,1.0,-9.0,4.0,5241,9.0,22786.0,2139.0
2869787,2869788,33.0,1160573,2,1,2,1,1.0,40.0,5.0,15.0,4.0,531M,9.0,22786.0,2139.0
2869788,2869789,19.0,1160573,3,2,4,1,2.0,15.0,6.0,15.0,4.0,722Z,16.0,22786.0,2139.0
2869789,2869790,15.0,1160573,4,2,4,1,-9.0,-9.0,-9.0,11.0,-9.0,-9,0.0,22786.0,2139.0
2869790,2869791,48.0,1160573,5,2,13,1,1.0,40.0,1.0,-9.0,4.0,52M2,9.0,22786.0,2139.0
2869791,2869792,53.0,1160574,1,1,0,1,1.0,45.0,1.0,-9.0,4.0,5241,9.0,22786.0,2139.0
2869792,2869793,33.0,1160574,2,1,2,1,1.0,40.0,5.0,15.0,4.0,531M,9.0,22786.0,2139.0
2869793,2869794,19.0,1160574,3,2,4,1,2.0,15.0,6.0,15.0,4.0,722Z,16.0,22786.0,2139.0
2869794,2869795,15.0,1160574,4,2,4,1,-9.0,-9.0,-9.0,11.0,-9.0,-9,0.0,22786.0,2139.0
2869795,2869796,48.0,1160574,5,2,13,1,1.0,40.0,1.0,-9.0,4.0,52M2,9.0,22786.0,2139.0
2869796,2869797,53.0,1160575,1,1,0,1,1.0,45.0,1.0,-9.0,4.0,5241,9.0,22786.0,2139.0
2869797,2869798,33.0,1160575,2,1,2,1,1.0,40.0,5.0,15.0,4.0,531M,9.0,22786.0,2139.0
2869798,2869799,19.0,1160575,3,2,4,1,2.0,15.0,6.0,15.0,4.0,722Z,16.0,22786.0,2139.0
2869799,2869800,15.0,1160575,4,2,4,1,-9.0,-9.0,-9.0,11.0,-9.0,-9,0.0,22786.0,2139.0
2869800,2869801,48.0,1160575,5,2,13,1,1.0,40.0,1.0,-9.0,4.0,52M2,9.0,22786.0,2139.0
2869801,2869802,53.0,1160576,1,1,0,1,1.0,45.0,1.0,-9.0,4.0,5241,9.0,22784.0,2139.0
2869802,2869803,33.0,1160576,2,1,2,1,1.0,40.0,5.0,15.0,4.0,531M,9.0,22784.0,2139.0
2869803,2869804,19.0,1160576,3,2,4,1,2.0,15.0,6.0,15.0,4.0,722Z,16.0,22784.0,2139.0
2869804,2869805,15.0,1160576,4,2,4,1,-9.0,-9.0,-9.0,11.0,-9.0,-9,0.0,22784.0,2139.0
2869805,2869806,48.0,1160576,5,2,13,1,1.0,40.0,1.0,-9.0,4.0,52M2,9.0,22784.0,2139.0
2869806,2869807,27.0,1160577,1,2,0,1,1.0,40.0,1.0,-9.0,4.0,813M,17.0,22787.0,2139.0
2869807,2869808,23.0,1160577,2,2,12,2,1.0,40.0,4.0,15.0,4.0,337,3.0,22787.0,2139.0
2869808,2869809,27.0,1160578,1,2,0,1,1.0,40.0,1.0,-9.0,4.0,813M,17.0,22785.0,2139.0
2869809,2869810,23.0,1160578,2,2,12,2,1.0,40.0,4.0,15.0,4.0,337,3.0,22785.0,2139.0
2869810,2869811,27.0,1160579,1,2,0,1,1.0,40.0,1.0,-9.0,4.0,813M,17.0,22787.0,2139.0
2869811,2869812,23.0,1160579,2,2,12,2,1.0,40.0,4.0,15.0,4.0,337,3.0,22787.0,2139.0
2869812,2869813,25.0,1160580,1,1,0,1,6.0,-9.0,-9.0,15.0,4.0,-9,0.0,22786.0,2139.0
2869813,2869814,22.0,1160580,2,1,10,1,6.0,-9.0,-9.0,15.0,4.0,-9,0.0,22786.0,2139.0
2869814,2869815,21.0,1160580,3,1,10,1,6.0,-9.0,-9.0,15.0,4.0,-9,0.0,22786.0,2139.0
2869815,2869816,25.0,1160581,1,1,0,1,6.0,-9.0,-9.0,15.0,4.0,-9,0.0,22784.0,2139.0
2869816,2869817,22.0,1160581,2,1,10,1,6.0,-9.0,-9.0,15.0,4.0,-9,0.0,22784.0,2139.0
2869817,2869818,21.0,1160581,3,1,10,1,6.0,-9.0,-9.0,15.0,4.0,-9,0.0,22784.0,2139.0
2869818,2869819,26.0,1160582,1,1,0,1,1.0,48.0,2.0,16.0,4.0,6111,13.0,22784.0,2139.0
2869819,2869820,22.0,1160582,2,1,12,4,1.0,50.0,4.0,-9.0,4.0,611M1,13.0,22784.0,2139.0
2869820,2869821,26.0,1160583,1,1,0,1,1.0,48.0,2.0,16.0,4.0,6111,13.0,22787.0,2139.0
2869821,2869822,22.0,1160583,2,1,12,4,1.0,50.0,4.0,-9.0,4.0,611M1,13.0,22787.0,2139.0
2869822,2869823,26.0,1160584,1,1,0,1,1.0,48.0,2.0,16.0,4.0,6111,13.0,22785.0,2139.0
2869823,2869824,22.0,1160584,2,1,12,4,1.0,50.0,4.0,-9.0,4.0,611M1,13.0,22785.0,2139.0
2869824,2869825,26.0,1160585,1,1,0,1,1.0,48.0,2.0,16.0,4.0,6111,13.0,22786.0,2139.0
2869825,2869826,22.0,1160585,2,1,12,4,1.0,50.0,4.0,-9.0,4.0,611M1,13.0,22786.0,2139.0
2869826,2869827,26.0,1160586,1,1,0,1,1.0,48.0,2.0,16.0,4.0,6111,13.0,22787.0,2139.0
2869827,2869828,22.0,1160586,2,1,12,4,1.0,50.0,4.0,-9.0,4.0,611M1,13.0,22787.0,2139.0
2869828,2869829,26.0,1160587,1,1,0,1,1.0,48.0,2.0,16.0,4.0,6111,13.0,22785.0,2139.0
2869829,2869830,22.0,1160587,2,1,12,4,1.0,50.0,4.0,-9.0,4.0,611M1,13.0,22785.0,2139.0
2869830,2869831,26.0,1160588,1,1,0,1,1.0,48.0,2.0,16.0,4.0,6111,13.0,22784.0,2139.0
2869831,2869832,22.0,1160588,2,1,12,4,1.0,50.0,4.0,-9.0,4.0,611M1,13.0,22784.0,2139.0
2869832,2869833,26.0,1160589,1,1,0,1,1.0,48.0,2.0,16.0,4.0,6111,13.0,22785.0,2139.0
2869833,2869834,22.0,1160589,2,1,12,4,1.0,50.0,4.0,-9.0,4.0,611M1,13.0,22785.0,2139.0
2869834,2869835,26.0,1160590,1,1,0,1,1.0,48.0,2.0,16.0,4.0,6111,13.0,22784.0,2139.0
2869835,2869836,22.0,1160590,2,1,12,4,1.0,50.0,4.0,-9.0,4.0,611M1,13.0,22784.0,2139.0
2869836,2869837,26.0,1160591,1,1,0,1,1.0,48.0,2.0,16.0,4.0,6111,13.0,22784.0,2139.0
2869837,2869838,22.0,1160591,2,1,12,4,1.0,50.0,4.0,-9.0,4.0,611M1,13.0,22784.0,2139.0
2869838,2869839,26.0,1160592,1,1,0,1,1.0,48.0,2.0,16.0,4.0,6111,13.0,22785.0,2139.0
2869839,2869840,22.0,1160592,2,1,12,4,1.0,50.0,4.0,-9.0,4.0,611M1,13.0,22785.0,2139.0
2869840,2869841,26.0,1160593,1,1,0,1,1.0,48.0,2.0,16.0,4.0,6111,13.0,22787.0,2139.0
2869841,2869842,22.0,1160593,2,1,12,4,1.0,50.0,4.0,-9.0,4.0,611M1,13.0,22787.0,2139.0
2869842,2869843,26.0,1160594,1,1,0,1,1.0,48.0,2.0,16.0,4.0,6111,13.0,22784.0,2139.0
2869843,2869844,22.0,1160594,2,1,12,4,1.0,50.0,4.0,-9.0,4.0,611M1,13.0,22784.0,2139.0
2869844,2869845,26.0,1160595,1,1,0,1,1.0,48.0,2.0,16.0,4.0,6111,13.0,22786.0,2139.0
2869845,2869846,22.0,1160595,2,1,12,4,1.0,50.0,4.0,-9.0,4.0,611M1,13.0,22786.0,2139.0
2869846,2869847,26.0,1160596,1,1,0,1,1.0,48.0,2.0,16.0,4.0,6111,13.0,22787.0,2139.0
2869847,2869848,22.0,1160596,2,1,12,4,1.0,50.0,4.0,-9.0,4.0,611M1,13.0,22787.0,2139.0
2869848,2869849,26.0,1160597,1,1,0,1,1.0,48.0,2.0,16.0,4.0,6111,13.0,22784.0,2139.0
2869849,2869850,22.0,1160597,2,1,12,4,1.0,50.0,4.0,-9.0,4.0,611M1,13.0,22784.0,2139.0
2869850,2869851,27.0,1160598,1,2,0,1,1.0,40.0,1.0,16.0,4.0,611M1,13.0,22787.0,2139.0
2869851,2869852,24.0,1160598,2,2,15,1,1.0,42.0,1.0,-9.0,4.0,722Z,16.0,22787.0,2139.0
2869852,2869853,27.0,1160599,1,2,0,1,1.0,40.0,1.0,16.0,4.0,611M1,13.0,22784.0,2139.0
2869853,2869854,24.0,1160599,2,2,15,1,1.0,42.0,1.0,-9.0,4.0,722Z,16.0,22784.0,2139.0
2869854,2869855,27.0,1160600,1,2,0,1,1.0,40.0,1.0,16.0,4.0,611M1,13.0,22785.0,2139.0
2869855,2869856,24.0,1160600,2,2,15,1,1.0,42.0,1.0,-9.0,4.0,722Z,16.0,22785.0,2139.0
2869856,2869857,27.0,1160601,1,2,0,1,1.0,40.0,1.0,16.0,4.0,611M1,13.0,22787.0,2139.0
2869857,2869858,24.0,1160601,2,2,15,1,1.0,42.0,1.0,-9.0,4.0,722Z,16.0,22787.0,2139.0
2869858,2869859,27.0,1160602,1,2,0,1,1.0,40.0,1.0,16.0,4.0,611M1,13.0,22784.0,2139.0
2869859,2869860,24.0,1160602,2,2,15,1,1.0,42.0,1.0,-9.0,4.0,722Z,16.0,22784.0,2139.0
2869860,2869861,27.0,1160603,1,2,0,1,1.0,40.0,1.0,16.0,4.0,611M1,13.0,22787.0,2139.0
2869861,2869862,24.0,1160603,2,2,15,1,1.0,42.0,1.0,-9.0,4.0,722Z,16.0,22787.0,2139.0
2869862,2869863,27.0,1160604,1,2,0,1,1.0,40.0,1.0,16.0,4.0,611M1,13.0,22787.0,2139.0
2869863,2869864,24.0,1160604,2,2,15,1,1.0,42.0,1.0,-9.0,4.0,722Z,16.0,22787.0,2139.0
2869864,2869865,27.0,1160605,1,2,0,1,1.0,40.0,1.0,16.0,4.0,611M1,13.0,22787.0,2139.0
2869865,2869866,24.0,1160605,2,2,15,1,1.0,42.0,1.0,-9.0,4.0,722Z,16.0,22787.0,2139.0
2869866,2869867,27.0,1160606,1,2,0,1,1.0,40.0,1.0,16.0,4.0,611M1,13.0,22784.0,2139.0
2869867,2869868,24.0,1160606,2,2,15,1,1.0,42.0,1.0,-9.0,4.0,722Z,16.0,22784.0,2139.0
2869868,2869869,27.0,1160607,1,2,0,1,1.0,40.0,1.0,16.0,4.0,611M1,13.0,22785.0,2139.0
2869869,2869870,24.0,1160607,2,2,15,1,1.0,42.0,1.0,-9.0,4.0,722Z,16.0,22785.0,2139.0
2869870,2869871,27.0,1160608,1,2,0,1,1.0,40.0,1.0,16.0,4.0,611M1,13.0,22786.0,2139.0
2869871,2869872,24.0,1160608,2,2,15,1,1.0,42.0,1.0,-9.0,4.0,722Z,16.0,22786.0,2139.0
2869872,2869873,27.0,1160609,1,2,0,1,1.0,40.0,1.0,16.0,4.0,611M1,13.0,22787.0,2139.0
2869873,2869874,24.0,1160609,2,2,15,1,1.0,42.0,1.0,-9.0,4.0,722Z,16.0,22787.0,2139.0
2869874,2869875,27.0,1160610,1,2,0,1,1.0,40.0,1.0,16.0,4.0,611M1,13.0,22786.0,2139.0
2869875,2869876,24.0,1160610,2,2,15,1,1.0,42.0,1.0,-9.0,4.0,722Z,16.0,22786.0,2139.0
2869876,2869877,27.0,1160611,1,2,0,1,1.0,40.0,1.0,16.0,4.0,611M1,13.0,22785.0,2139.0
2869877,2869878,24.0,1160611,2,2,15,1,1.0,42.0,1.0,-9.0,4.0,722Z,16.0,22785.0,2139.0
2869878,2869879,27.0,1160612,1,2,0,1,1.0,40.0,1.0,16.0,4.0,611M1,13.0,22784.0,2139.0
2869879,2869880,24.0,1160612,2,2,15,1,1.0,42.0,1.0,-9.0,4.0,722Z,16.0,22784.0,2139.0
2869880,2869881,27.0,1160613,1,2,0,1,1.0,40.0,1.0,16.0,4.0,611M1,13.0,22786.0,2139.0
2869881,2869882,24.0,1160613,2,2,15,1,1.0,42.0,1.0,-9.0,4.0,722Z,16.0,22786.0,2139.0
2869882,2869883,27.0,1160614,1,2,0,1,1.0,40.0,1.0,16.0,4.0,611M1,13.0,22787.0,2139.0
2869883,2869884,24.0,1160614,2,2,15,1,1.0,42.0,1.0,-9.0,4.0,722Z,16.0,22787.0,2139.0
2869884,2869885,27.0,1160615,1,2,0,1,1.0,40.0,1.0,16.0,4.0,611M1,13.0,22785.0,2139.0
2869885,2869886,24.0,1160615,2,2,15,1,1.0,42.0,1.0,-9.0,4.0,722Z,16.0,22785.0,2139.0
2869886,2869887,27.0,1160616,1,2,0,1,1.0,40.0,1.0,16.0,4.0,611M1,13.0,22786.0,2139.0
2869887,2869888,24.0,1160616,2,2,15,1,1.0,42.0,1.0,-9.0,4.0,722Z,16.0,22786.0,2139.0
2869888,2869889,27.0,1160617,1,2,0,1,1.0,40.0,1.0,16.0,4.0,611M1,13.0,22787.0,2139.0
2869889,2869890,24.0,1160617,2,2,15,1,1.0,42.0,1.0,-9.0,4.0,722Z,16.0,22787.0,2139.0
2869890,2869891,27.0,1160618,1,2,0,1,1.0,40.0,1.0,16.0,4.0,611M1,13.0,22786.0,2139.0
2869891,2869892,24.0,1160618,2,2,15,1,1.0,42.0,1.0,-9.0,4.0,722Z,16.0,22786.0,2139.0
2869892,2869893,27.0,1160619,1,2,0,1,1.0,40.0,1.0,16.0,4.0,611M1,13.0,22786.0,2139.0
2869893,2869894,24.0,1160619,2,2,15,1,1.0,42.0,1.0,-9.0,4.0,722Z,16.0,22786.0,2139.0
2869894,2869895,27.0,1160620,1,2,0,1,1.0,40.0,1.0,16.0,4.0,611M1,13.0,22784.0,2139.0
2869895,2869896,24.0,1160620,2,2,15,1,1.0,42.0,1.0,-9.0,4.0,722Z,16.0,22784.0,2139.0
2869896,2869897,27.0,1160621,1,2,0,1,1.0,40.0,1.0,16.0,4.0,611M1,13.0,22786.0,2139.0
2869897,2869898,24.0,1160621,2,2,15,1,1.0,42.0,1.0,-9.0,4.0,722Z,16.0,22786.0,2139.0
2869898,2869899,27.0,1160622,1,2,0,1,1.0,40.0,1.0,16.0,4.0,611M1,13.0,22784.0,2139.0
2869899,2869900,24.0,1160622,2,2,15,1,1.0,42.0,1.0,-9.0,4.0,722Z,16.0,22784.0,2139.0
2869900,2869901,27.0,1160623,1,2,0,1,1.0,40.0,1.0,16.0,4.0,611M1,13.0,22785.0,2139.0
2869901,2869902,24.0,1160623,2,2,15,1,1.0,42.0,1.0,-9.0,4.0,722Z,16.0,22785.0,2139.0
2869902,2869903,27.0,1160624,1,2,0,1,1.0,40.0,1.0,16.0,4.0,611M1,13.0,22784.0,2139.0
2869903,2869904,24.0,1160624,2,2,15,1,1.0,42.0,1.0,-9.0,4.0,722Z,16.0,22784.0,2139.0
2869904,2869905,27.0,1160625,1,2,0,1,1.0,40.0,1.0,16.0,4.0,611M1,13.0,22786.0,2139.0
2869905,2869906,24.0,1160625,2,2,15,1,1.0,42.0,1.0,-9.0,4.0,722Z,16.0,22786.0,2139.0
2869906,2869907,27.0,1160626,1,2,0,1,1.0,40.0,1.0,16.0,4.0,611M1,13.0,22787.0,2139.0
2869907,2869908,24.0,1160626,2,2,15,1,1.0,42.0,1.0,-9.0,4.0,722Z,16.0,22787.0,2139.0
2869908,2869909,27.0,1160627,1,2,0,1,1.0,40.0,1.0,16.0,4.0,611M1,13.0,22787.0,2139.0
2869909,2869910,24.0,1160627,2,2,15,1,1.0,42.0,1.0,-9.0,4.0,722Z,16.0,22787.0,2139.0
2869910,2869911,27.0,1160628,1,2,0,1,1.0,40.0,1.0,16.0,4.0,611M1,13.0,22787.0,2139.0
2869911,2869912,24.0,1160628,2,2,15,1,1.0,42.0,1.0,-9.0,4.0,722Z,16.0,22787.0,2139.0
2869912,2869913,27.0,1160629,1,2,0,1,1.0,40.0,1.0,16.0,4.0,611M1,13.0,22786.0,2139.0
2869913,2869914,24.0,1160629,2,2,15,1,1.0,42.0,1.0,-9.0,4.0,722Z,16.0,22786.0,2139.0
2869914,2869915,27.0,1160630,1,2,0,1,1.0,40.0,1.0,16.0,4.0,611M1,13.0,22785.0,2139.0
2869915,2869916,24.0,1160630,2,2,15,1,1.0,42.0,1.0,-9.0,4.0,722Z,16.0,22785.0,2139.0
2869916,2869917,27.0,1160631,1,2,0,1,1.0,40.0,1.0,16.0,4.0,611M1,13.0,22784.0,2139.0
2869917,2869918,24.0,1160631,2,2,15,1,1.0,42.0,1.0,-9.0,4.0,722Z,16.0,22784.0,2139.0
2869918,2869919,27.0,1160632,1,2,0,1,1.0,40.0,1.0,16.0,4.0,611M1,13.0,22787.0,2139.0
2869919,2869920,24.0,1160632,2,2,15,1,1.0,42.0,1.0,-9.0,4.0,722Z,16.0,22787.0,2139.0
2869920,2869921,27.0,1160633,1,2,0,1,6.0,-9.0,-9.0,16.0,4.0,622M,15.0,22784.0,2139.0
2869921,2869922,24.0,1160633,2,2,12,1,1.0,36.0,2.0,15.0,4.0,622M,15.0,22784.0,2139.0
2869922,2869923,27.0,1160634,1,2,0,1,6.0,-9.0,-9.0,16.0,4.0,622M,15.0,22784.0,2139.0
2869923,2869924,24.0,1160634,2,2,12,1,1.0,36.0,2.0,15.0,4.0,622M,15.0,22784.0,2139.0
2869924,2869925,27.0,1160635,1,2,0,1,6.0,-9.0,-9.0,16.0,4.0,622M,15.0,22784.0,2139.0
2869925,2869926,24.0,1160635,2,2,12,1,1.0,36.0,2.0,15.0,4.0,622M,15.0,22784.0,2139.0
2869926,2869927,27.0,1160636,1,2,0,1,6.0,-9.0,-9.0,16.0,4.0,622M,15.0,22784.0,2139.0
2869927,2869928,24.0,1160636,2,2,12,1,1.0,36.0,2.0,15.0,4.0,622M,15.0,22784.0,2139.0
2869928,2869929,27.0,1160637,1,2,0,1,6.0,-9.0,-9.0,16.0,4.0,622M,15.0,22784.0,2139.0
2869929,2869930,24.0,1160637,2,2,12,1,1.0,36.0,2.0,15.0,4.0,622M,15.0,22784.0,2139.0
2869930,2869931,27.0,1160638,1,2,0,1,6.0,-9.0,-9.0,16.0,4.0,622M,15.0,22787.0,2139.0
2869931,2869932,24.0,1160638,2,2,12,1,1.0,36.0,2.0,15.0,4.0,622M,15.0,22787.0,2139.0
2869932,2869933,27.0,1160639,1,2,0,1,6.0,-9.0,-9.0,16.0,4.0,622M,15.0,22784.0,2139.0
2869933,2869934,24.0,1160639,2,2,12,1,1.0,36.0,2.0,15.0,4.0,622M,15.0,22784.0,2139.0
2869934,2869935,27.0,1160640,1,2,0,1,6.0,-9.0,-9.0,16.0,4.0,622M,15.0,22786.0,2139.0
2869935,2869936,24.0,1160640,2,2,12,1,1.0,36.0,2.0,15.0,4.0,622M,15.0,22786.0,2139.0
2869936,2869937,27.0,1160641,1,2,0,1,6.0,-9.0,-9.0,16.0,4.0,622M,15.0,22787.0,2139.0
2869937,2869938,24.0,1160641,2,2,12,1,1.0,36.0,2.0,15.0,4.0,622M,15.0,22787.0,2139.0
2869938,2869939,27.0,1160642,1,2,0,1,6.0,-9.0,-9.0,16.0,4.0,622M,15.0,22785.0,2139.0
2869939,2869940,24.0,1160642,2,2,12,1,1.0,36.0,2.0,15.0,4.0,622M,15.0,22785.0,2139.0
2869940,2869941,27.0,1160643,1,2,0,1,6.0,-9.0,-9.0,16.0,4.0,622M,15.0,22784.0,2139.0
2869941,2869942,24.0,1160643,2,2,12,1,1.0,36.0,2.0,15.0,4.0,622M,15.0,22784.0,2139.0
2869942,2869943,27.0,1160644,1,2,0,1,6.0,-9.0,-9.0,16.0,4.0,622M,15.0,22787.0,2139.0
2869943,2869944,24.0,1160644,2,2,12,1,1.0,36.0,2.0,15.0,4.0,622M,15.0,22787.0,2139.0
2869944,2869945,27.0,1160645,1,2,0,1,6.0,-9.0,-9.0,16.0,4.0,622M,15.0,22784.0,2139.0
2869945,2869946,24.0,1160645,2,2,12,1,1.0,36.0,2.0,15.0,4.0,622M,15.0,22784.0,2139.0
2869946,2869947,27.0,1160646,1,2,0,1,6.0,-9.0,-9.0,16.0,4.0,622M,15.0,22786.0,2139.0
2869947,2869948,24.0,1160646,2,2,12,1,1.0,36.0,2.0,15.0,4.0,622M,15.0,22786.0,2139.0
2869948,2869949,27.0,1160647,1,2,0,1,6.0,-9.0,-9.0,16.0,4.0,622M,15.0,22785.0,2139.0
2869949,2869950,24.0,1160647,2,2,12,1,1.0,36.0,2.0,15.0,4.0,622M,15.0,22785.0,2139.0
2869950,2869951,27.0,1160648,1,2,0,1,6.0,-9.0,-9.0,16.0,4.0,622M,15.0,22786.0,2139.0
2869951,2869952,24.0,1160648,2,2,12,1,1.0,36.0,2.0,15.0,4.0,622M,15.0,22786.0,2139.0
2869952,2869953,27.0,1160649,1,2,0,1,6.0,-9.0,-9.0,16.0,4.0,622M,15.0,22786.0,2139.0
2869953,2869954,24.0,1160649,2,2,12,1,1.0,36.0,2.0,15.0,4.0,622M,15.0,22786.0,2139.0
2869954,2869955,27.0,1160650,1,2,0,1,6.0,-9.0,-9.0,16.0,4.0,622M,15.0,22785.0,2139.0
2869955,2869956,24.0,1160650,2,2,12,1,1.0,36.0,2.0,15.0,4.0,622M,15.0,22785.0,2139.0
2869956,2869957,27.0,1160651,1,2,0,1,6.0,-9.0,-9.0,16.0,4.0,622M,15.0,22785.0,2139.0
2869957,2869958,24.0,1160651,2,2,12,1,1.0,36.0,2.0,15.0,4.0,622M,15.0,22785.0,2139.0
2869958,2869959,27.0,1160652,1,2,0,1,6.0,-9.0,-9.0,16.0,4.0,622M,15.0,22786.0,2139.0
2869959,2869960,24.0,1160652,2,2,12,1,1.0,36.0,2.0,15.0,4.0,622M,15.0,22786.0,2139.0
2869960,2869961,27.0,1160653,1,2,0,1,6.0,-9.0,-9.0,16.0,4.0,622M,15.0,22786.0,2139.0
2869961,2869962,24.0,1160653,2,2,12,1,1.0,36.0,2.0,15.0,4.0,622M,15.0,22786.0,2139.0
2869962,2869963,27.0,1160654,1,2,0,1,6.0,-9.0,-9.0,16.0,4.0,622M,15.0,22785.0,2139.0
2869963,2869964,24.0,1160654,2,2,12,1,1.0,36.0,2.0,15.0,4.0,622M,15.0,22785.0,2139.0
2869964,2869965,27.0,1160655,1,2,0,1,6.0,-9.0,-9.0,16.0,4.0,622M,15.0,22787.0,2139.0
2869965,2869966,24.0,1160655,2,2,12,1,1.0,36.0,2.0,15.0,4.0,622M,15.0,22787.0,2139.0
2869966,2869967,27.0,1160656,1,2,0,1,6.0,-9.0,-9.0,16.0,4.0,622M,15.0,22784.0,2139.0
2869967,2869968,24.0,1160656,2,2,12,1,1.0,36.0,2.0,15.0,4.0,622M,15.0,22784.0,2139.0
2869968,2869969,27.0,1160657,1,2,0,1,6.0,-9.0,-9.0,16.0,4.0,622M,15.0,22785.0,2139.0
2869969,2869970,24.0,1160657,2,2,12,1,1.0,36.0,2.0,15.0,4.0,622M,15.0,22785.0,2139.0
2869970,2869971,27.0,1160658,1,2,0,1,6.0,-9.0,-9.0,16.0,4.0,622M,15.0,22785.0,2139.0
2869971,2869972,24.0,1160658,2,2,12,1,1.0,36.0,2.0,15.0,4.0,622M,15.0,22785.0,2139.0
2869972,2869973,27.0,1160659,1,2,0,1,6.0,-9.0,-9.0,16.0,4.0,622M,15.0,22787.0,2139.0
2869973,2869974,24.0,1160659,2,2,12,1,1.0,36.0,2.0,15.0,4.0,622M,15.0,22787.0,2139.0
2869974,2869975,27.0,1160660,1,2,0,1,6.0,-9.0,-9.0,16.0,4.0,622M,15.0,22786.0,2139.0
2869975,2869976,24.0,1160660,2,2,12,1,1.0,36.0,2.0,15.0,4.0,622M,15.0,22786.0,2139.0
2869976,2869977,27.0,1160661,1,2,0,1,6.0,-9.0,-9.0,16.0,4.0,622M,15.0,22784.0,2139.0
2869977,2869978,24.0,1160661,2,2,12,1,1.0,36.0,2.0,15.0,4.0,622M,15.0,22784.0,2139.0
2869978,2869979,27.0,1160662,1,2,0,1,6.0,-9.0,-9.0,16.0,4.0,622M,15.0,22787.0,2139.0
2869979,2869980,24.0,1160662,2,2,12,1,1.0,36.0,2.0,15.0,4.0,622M,15.0,22787.0,2139.0
2869980,2869981,27.0,1160663,1,2,0,1,6.0,-9.0,-9.0,16.0,4.0,622M,15.0,22784.0,2139.0
2869981,2869982,24.0,1160663,2,2,12,1,1.0,36.0,2.0,15.0,4.0,622M,15.0,22784.0,2139.0
2869982,2869983,27.0,1160664,1,2,0,1,6.0,-9.0,-9.0,16.0,4.0,622M,15.0,22786.0,2139.0
2869983,2869984,24.0,1160664,2,2,12,1,1.0,36.0,2.0,15.0,4.0,622M,15.0,22786.0,2139.0
2869984,2869985,27.0,1160665,1,2,0,1,6.0,-9.0,-9.0,16.0,4.0,622M,15.0,22786.0,2139.0
2869985,2869986,24.0,1160665,2,2,12,1,1.0,36.0,2.0,15.0,4.0,622M,15.0,22786.0,2139.0
2869986,2869987,27.0,1160666,1,2,0,1,6.0,-9.0,-9.0,16.0,4.0,622M,15.0,22784.0,2139.0
2869987,2869988,24.0,1160666,2,2,12,1,1.0,36.0,2.0,15.0,4.0,622M,15.0,22784.0,2139.0
2869988,2869989,27.0,1160667,1,2,0,1,6.0,-9.0,-9.0,16.0,4.0,622M,15.0,22786.0,2139.0
2869989,2869990,24.0,1160667,2,2,12,1,1.0,36.0,2.0,15.0,4.0,622M,15.0,22786.0,2139.0
2869990,2869991,27.0,1160668,1,2,0,1,6.0,-9.0,-9.0,16.0,4.0,622M,15.0,22784.0,2139.0
2869991,2869992,24.0,1160668,2,2,12,1,1.0,36.0,2.0,15.0,4.0,622M,15.0,22784.0,2139.0
2869992,2869993,27.0,1160669,1,2,0,1,6.0,-9.0,-9.0,16.0,4.0,622M,15.0,22784.0,2139.0
2869993,2869994,24.0,1160669,2,2,12,1,1.0,36.0,2.0,15.0,4.0,622M,15.0,22784.0,2139.0
2869994,2869995,27.0,1160670,1,2,0,1,6.0,-9.0,-9.0,16.0,4.0,622M,15.0,22787.0,2139.0
2869995,2869996,24.0,1160670,2,2,12,1,1.0,36.0,2.0,15.0,4.0,622M,15.0,22787.0,2139.0
2869996,2869997,27.0,1160671,1,2,0,1,6.0,-9.0,-9.0,16.0,4.0,622M,15.0,22787.0,2139.0
2869997,2869998,24.0,1160671,2,2,12,1,1.0,36.0,2.0,15.0,4.0,622M,15.0,22787.0,2139.0
2869998,2869999,27.0,1160672,1,2,0,1,6.0,-9.0,-9.0,16.0,4.0,622M,15.0,22784.0,2139.0
2869999,2870000,24.0,1160672,2,2,12,1,1.0,36.0,2.0,15.0,4.0,622M,15.0,22784.0,2139.0
2870000,2870001,27.0,1160673,1,2,0,1,6.0,-9.0,-9.0,16.0,4.0,622M,15.0,22784.0,2139.0
2870001,2870002,24.0,1160673,2,2,12,1,1.0,36.0,2.0,15.0,4.0,622M,15.0,22784.0,2139.0
2870002,2870003,27.0,1160674,1,2,0,1,6.0,-9.0,-9.0,16.0,4.0,622M,15.0,22787.0,2139.0
2870003,2870004,24.0,1160674,2,2,12,1,1.0,36.0,2.0,15.0,4.0,622M,15.0,22787.0,2139.0
2870004,2870005,27.0,1160675,1,2,0,1,6.0,-9.0,-9.0,16.0,4.0,622M,15.0,22785.0,2139.0
2870005,2870006,24.0,1160675,2,2,12,1,1.0,36.0,2.0,15.0,4.0,622M,15.0,22785.0,2139.0
2870006,2870007,27.0,1160676,1,2,0,1,6.0,-9.0,-9.0,16.0,4.0,622M,15.0,22787.0,2139.0
2870007,2870008,24.0,1160676,2,2,12,1,1.0,36.0,2.0,15.0,4.0,622M,15.0,22787.0,2139.0
2870008,2870009,27.0,1160677,1,2,0,1,6.0,-9.0,-9.0,16.0,4.0,622M,15.0,22784.0,2139.0
2870009,2870010,24.0,1160677,2,2,12,1,1.0,36.0,2.0,15.0,4.0,622M,15.0,22784.0,2139.0
2870010,2870011,27.0,1160678,1,2,0,1,6.0,-9.0,-9.0,16.0,4.0,622M,15.0,22784.0,2139.0
2870011,2870012,24.0,1160678,2,2,12,1,1.0,36.0,2.0,15.0,4.0,622M,15.0,22784.0,2139.0
2870012,2870013,27.0,1160679,1,2,0,1,6.0,-9.0,-9.0,16.0,4.0,622M,15.0,22787.0,2139.0
2870013,2870014,24.0,1160679,2,2,12,1,1.0,36.0,2.0,15.0,4.0,622M,15.0,22787.0,2139.0
2870014,2870015,27.0,1160680,1,2,0,1,6.0,-9.0,-9.0,16.0,4.0,622M,15.0,22786.0,2139.0
2870015,2870016,24.0,1160680,2,2,12,1,1.0,36.0,2.0,15.0,4.0,622M,15.0,22786.0,2139.0
2870016,2870017,27.0,1160681,1,2,0,1,6.0,-9.0,-9.0,16.0,4.0,622M,15.0,22786.0,2139.0
2870017,2870018,24.0,1160681,2,2,12,1,1.0,36.0,2.0,15.0,4.0,622M,15.0,22786.0,2139.0
2870018,2870019,27.0,1160682,1,2,0,1,6.0,-9.0,-9.0,16.0,4.0,622M,15.0,22787.0,2139.0
2870019,2870020,24.0,1160682,2,2,12,1,1.0,36.0,2.0,15.0,4.0,622M,15.0,22787.0,2139.0
2870020,2870021,27.0,1160683,1,2,0,1,6.0,-9.0,-9.0,16.0,4.0,622M,15.0,22785.0,2139.0
2870021,2870022,24.0,1160683,2,2,12,1,1.0,36.0,2.0,15.0,4.0,622M,15.0,22785.0,2139.0
2870022,2870023,27.0,1160684,1,2,0,1,6.0,-9.0,-9.0,16.0,4.0,622M,15.0,22784.0,2139.0
2870023,2870024,24.0,1160684,2,2,12,1,1.0,36.0,2.0,15.0,4.0,622M,15.0,22784.0,2139.0
2870024,2870025,27.0,1160685,1,2,0,1,6.0,-9.0,-9.0,16.0,4.0,622M,15.0,22786.0,2139.0
2870025,2870026,24.0,1160685,2,2,12,1,1.0,36.0,2.0,15.0,4.0,622M,15.0,22786.0,2139.0
2870026,2870027,27.0,1160686,1,2,0,1,6.0,-9.0,-9.0,16.0,4.0,622M,15.0,22784.0,2139.0
2870027,2870028,24.0,1160686,2,2,12,1,1.0,36.0,2.0,15.0,4.0,622M,15.0,22784.0,2139.0
2870028,2870029,27.0,1160687,1,2,0,1,6.0,-9.0,-9.0,16.0,4.0,622M,15.0,22784.0,2139.0
2870029,2870030,24.0,1160687,2,2,12,1,1.0,36.0,2.0,15.0,4.0,622M,15.0,22784.0,2139.0
2870030,2870031,27.0,1160688,1,2,0,1,6.0,-9.0,-9.0,16.0,4.0,622M,15.0,22787.0,2139.0
2870031,2870032,24.0,1160688,2,2,12,1,1.0,36.0,2.0,15.0,4.0,622M,15.0,22787.0,2139.0
2870032,2870033,27.0,1160689,1,2,0,1,6.0,-9.0,-9.0,16.0,4.0,622M,15.0,22785.0,2139.0
2870033,2870034,24.0,1160689,2,2,12,1,1.0,36.0,2.0,15.0,4.0,622M,15.0,22785.0,2139.0
2870034,2870035,27.0,1160690,1,2,0,1,6.0,-9.0,-9.0,16.0,4.0,622M,15.0,22784.0,2139.0
2870035,2870036,24.0,1160690,2,2,12,1,1.0,36.0,2.0,15.0,4.0,622M,15.0,22784.0,2139.0
2870036,2870037,27.0,1160691,1,2,0,1,6.0,-9.0,-9.0,16.0,4.0,622M,15.0,22787.0,2139.0
2870037,2870038,24.0,1160691,2,2,12,1,1.0,36.0,2.0,15.0,4.0,622M,15.0,22787.0,2139.0
2870038,2870039,27.0,1160692,1,2,0,1,6.0,-9.0,-9.0,16.0,4.0,622M,15.0,22787.0,2139.0
2870039,2870040,24.0,1160692,2,2,12,1,1.0,36.0,2.0,15.0,4.0,622M,15.0,22787.0,2139.0
2870040,2870041,27.0,1160693,1,2,0,1,6.0,-9.0,-9.0,16.0,4.0,622M,15.0,22784.0,2139.0
2870041,2870042,24.0,1160693,2,2,12,1,1.0,36.0,2.0,15.0,4.0,622M,15.0,22784.0,2139.0
2870042,2870043,27.0,1160694,1,2,0,1,6.0,-9.0,-9.0,16.0,4.0,622M,15.0,22786.0,2139.0
2870043,2870044,24.0,1160694,2,2,12,1,1.0,36.0,2.0,15.0,4.0,622M,15.0,22786.0,2139.0
2870044,2870045,27.0,1160695,1,2,0,1,6.0,-9.0,-9.0,16.0,4.0,622M,15.0,22787.0,2139.0
2870045,2870046,24.0,1160695,2,2,12,1,1.0,36.0,2.0,15.0,4.0,622M,15.0,22787.0,2139.0
2870046,2870047,27.0,1160696,1,2,0,1,6.0,-9.0,-9.0,16.0,4.0,622M,15.0,22784.0,2139.0
2870047,2870048,24.0,1160696,2,2,12,1,1.0,36.0,2.0,15.0,4.0,622M,15.0,22784.0,2139.0
2870048,2870049,27.0,1160697,1,2,0,1,6.0,-9.0,-9.0,16.0,4.0,622M,15.0,22786.0,2139.0
2870049,2870050,24.0,1160697,2,2,12,1,1.0,36.0,2.0,15.0,4.0,622M,15.0,22786.0,2139.0
2870050,2870051,27.0,1160698,1,2,0,1,6.0,-9.0,-9.0,16.0,4.0,622M,15.0,22784.0,2139.0
2870051,2870052,24.0,1160698,2,2,12,1,1.0,36.0,2.0,15.0,4.0,622M,15.0,22784.0,2139.0
2870052,2870053,27.0,1160699,1,2,0,1,6.0,-9.0,-9.0,16.0,4.0,622M,15.0,22787.0,2139.0
2870053,2870054,24.0,1160699,2,2,12,1,1.0,36.0,2.0,15.0,4.0,622M,15.0,22787.0,2139.0
2870054,2870055,27.0,1160700,1,2,0,1,6.0,-9.0,-9.0,16.0,4.0,622M,15.0,22786.0,2139.0
2870055,2870056,24.0,1160700,2,2,12,1,1.0,36.0,2.0,15.0,4.0,622M,15.0,22786.0,2139.0
2870056,2870057,27.0,1160701,1,2,0,1,6.0,-9.0,-9.0,16.0,4.0,622M,15.0,22787.0,2139.0
2870057,2870058,24.0,1160701,2,2,12,1,1.0,36.0,2.0,15.0,4.0,622M,15.0,22787.0,2139.0
2870058,2870059,27.0,1160702,1,2,0,1,6.0,-9.0,-9.0,16.0,4.0,622M,15.0,22787.0,2139.0
2870059,2870060,24.0,1160702,2,2,12,1,1.0,36.0,2.0,15.0,4.0,622M,15.0,22787.0,2139.0
2870060,2870061,27.0,1160703,1,2,0,1,6.0,-9.0,-9.0,16.0,4.0,622M,15.0,22785.0,2139.0
2870061,2870062,24.0,1160703,2,2,12,1,1.0,36.0,2.0,15.0,4.0,622M,15.0,22785.0,2139.0
2870062,2870063,27.0,1160704,1,2,0,1,6.0,-9.0,-9.0,16.0,4.0,622M,15.0,22784.0,2139.0
2870063,2870064,24.0,1160704,2,2,12,1,1.0,36.0,2.0,15.0,4.0,622M,15.0,22784.0,2139.0
2870064,2870065,27.0,1160705,1,2,0,1,6.0,-9.0,-9.0,16.0,4.0,622M,15.0,22786.0,2139.0
2870065,2870066,24.0,1160705,2,2,12,1,1.0,36.0,2.0,15.0,4.0,622M,15.0,22786.0,2139.0
2870066,2870067,27.0,1160706,1,2,0,1,6.0,-9.0,-9.0,16.0,4.0,622M,15.0,22786.0,2139.0
2870067,2870068,24.0,1160706,2,2,12,1,1.0,36.0,2.0,15.0,4.0,622M,15.0,22786.0,2139.0
2870068,2870069,27.0,1160707,1,2,0,1,6.0,-9.0,-9.0,16.0,4.0,622M,15.0,22787.0,2139.0
2870069,2870070,24.0,1160707,2,2,12,1,1.0,36.0,2.0,15.0,4.0,622M,15.0,22787.0,2139.0
2870070,2870071,27.0,1160708,1,2,0,1,6.0,-9.0,-9.0,16.0,4.0,622M,15.0,22787.0,2139.0
2870071,2870072,24.0,1160708,2,2,12,1,1.0,36.0,2.0,15.0,4.0,622M,15.0,22787.0,2139.0
2870072,2870073,27.0,1160709,1,2,0,1,6.0,-9.0,-9.0,16.0,4.0,622M,15.0,22784.0,2139.0
2870073,2870074,24.0,1160709,2,2,12,1,1.0,36.0,2.0,15.0,4.0,622M,15.0,22784.0,2139.0
2870074,2870075,27.0,1160710,1,2,0,1,6.0,-9.0,-9.0,16.0,4.0,622M,15.0,22784.0,2139.0
2870075,2870076,24.0,1160710,2,2,12,1,1.0,36.0,2.0,15.0,4.0,622M,15.0,22784.0,2139.0
2870076,2870077,27.0,1160711,1,2,0,1,6.0,-9.0,-9.0,16.0,4.0,622M,15.0,22787.0,2139.0
2870077,2870078,24.0,1160711,2,2,12,1,1.0,36.0,2.0,15.0,4.0,622M,15.0,22787.0,2139.0
2870078,2870079,27.0,1160712,1,2,0,1,6.0,-9.0,-9.0,16.0,4.0,622M,15.0,22786.0,2139.0
2870079,2870080,24.0,1160712,2,2,12,1,1.0,36.0,2.0,15.0,4.0,622M,15.0,22786.0,2139.0
2870080,2870081,27.0,1160713,1,2,0,1,6.0,-9.0,-9.0,16.0,4.0,622M,15.0,22786.0,2139.0
2870081,2870082,24.0,1160713,2,2,12,1,1.0,36.0,2.0,15.0,4.0,622M,15.0,22786.0,2139.0
2870082,2870083,27.0,1160714,1,2,0,1,6.0,-9.0,-9.0,16.0,4.0,622M,15.0,22784.0,2139.0
2870083,2870084,24.0,1160714,2,2,12,1,1.0,36.0,2.0,15.0,4.0,622M,15.0,22784.0,2139.0
2870084,2870085,27.0,1160715,1,2,0,1,6.0,-9.0,-9.0,16.0,4.0,622M,15.0,22784.0,2139.0
2870085,2870086,24.0,1160715,2,2,12,1,1.0,36.0,2.0,15.0,4.0,622M,15.0,22784.0,2139.0
2870086,2870087,27.0,1160716,1,2,0,1,6.0,-9.0,-9.0,16.0,4.0,622M,15.0,22787.0,2139.0
2870087,2870088,24.0,1160716,2,2,12,1,1.0,36.0,2.0,15.0,4.0,622M,15.0,22787.0,2139.0
2870088,2870089,27.0,1160717,1,2,0,1,6.0,-9.0,-9.0,16.0,4.0,622M,15.0,22784.0,2139.0
2870089,2870090,24.0,1160717,2,2,12,1,1.0,36.0,2.0,15.0,4.0,622M,15.0,22784.0,2139.0
2870090,2870091,27.0,1160718,1,2,0,1,6.0,-9.0,-9.0,16.0,4.0,622M,15.0,22787.0,2139.0
2870091,2870092,24.0,1160718,2,2,12,1,1.0,36.0,2.0,15.0,4.0,622M,15.0,22787.0,2139.0
2870092,2870093,27.0,1160719,1,2,0,1,6.0,-9.0,-9.0,16.0,4.0,622M,15.0,22787.0,2139.0
2870093,2870094,24.0,1160719,2,2,12,1,1.0,36.0,2.0,15.0,4.0,622M,15.0,22787.0,2139.0
2870094,2870095,27.0,1160720,1,2,0,1,6.0,-9.0,-9.0,16.0,4.0,622M,15.0,22785.0,2139.0
2870095,2870096,24.0,1160720,2,2,12,1,1.0,36.0,2.0,15.0,4.0,622M,15.0,22785.0,2139.0
2870096,2870097,27.0,1160721,1,2,0,1,6.0,-9.0,-9.0,16.0,4.0,622M,15.0,22787.0,2139.0
2870097,2870098,24.0,1160721,2,2,12,1,1.0,36.0,2.0,15.0,4.0,622M,15.0,22787.0,2139.0
2870098,2870099,27.0,1160722,1,2,0,1,6.0,-9.0,-9.0,16.0,4.0,622M,15.0,22787.0,2139.0
2870099,2870100,24.0,1160722,2,2,12,1,1.0,36.0,2.0,15.0,4.0,622M,15.0,22787.0,2139.0
2870100,2870101,27.0,1160723,1,2,0,1,6.0,-9.0,-9.0,16.0,4.0,622M,15.0,22785.0,2139.0
2870101,2870102,24.0,1160723,2,2,12,1,1.0,36.0,2.0,15.0,4.0,622M,15.0,22785.0,2139.0
2870102,2870103,27.0,1160724,1,2,0,1,6.0,-9.0,-9.0,16.0,4.0,622M,15.0,22785.0,2139.0
2870103,2870104,24.0,1160724,2,2,12,1,1.0,36.0,2.0,15.0,4.0,622M,15.0,22785.0,2139.0
2870104,2870105,27.0,1160725,1,2,0,1,6.0,-9.0,-9.0,16.0,4.0,622M,15.0,22784.0,2139.0
2870105,2870106,24.0,1160725,2,2,12,1,1.0,36.0,2.0,15.0,4.0,622M,15.0,22784.0,2139.0
2870106,2870107,27.0,1160726,1,2,0,1,6.0,-9.0,-9.0,16.0,4.0,622M,15.0,22784.0,2139.0
2870107,2870108,24.0,1160726,2,2,12,1,1.0,36.0,2.0,15.0,4.0,622M,15.0,22784.0,2139.0
2870108,2870109,27.0,1160727,1,2,0,1,6.0,-9.0,-9.0,16.0,4.0,622M,15.0,22787.0,2139.0
2870109,2870110,24.0,1160727,2,2,12,1,1.0,36.0,2.0,15.0,4.0,622M,15.0,22787.0,2139.0
2870110,2870111,27.0,1160728,1,2,0,1,6.0,-9.0,-9.0,16.0,4.0,622M,15.0,22784.0,2139.0
2870111,2870112,24.0,1160728,2,2,12,1,1.0,36.0,2.0,15.0,4.0,622M,15.0,22784.0,2139.0
2870112,2870113,27.0,1160729,1,2,0,1,6.0,-9.0,-9.0,16.0,4.0,622M,15.0,22787.0,2139.0
2870113,2870114,24.0,1160729,2,2,12,1,1.0,36.0,2.0,15.0,4.0,622M,15.0,22787.0,2139.0
2870114,2870115,27.0,1160730,1,2,0,1,6.0,-9.0,-9.0,16.0,4.0,622M,15.0,22787.0,2139.0
2870115,2870116,24.0,1160730,2,2,12,1,1.0,36.0,2.0,15.0,4.0,622M,15.0,22787.0,2139.0
2870116,2870117,27.0,1160731,1,2,0,1,6.0,-9.0,-9.0,16.0,4.0,622M,15.0,22784.0,2139.0
2870117,2870118,24.0,1160731,2,2,12,1,1.0,36.0,2.0,15.0,4.0,622M,15.0,22784.0,2139.0
2870118,2870119,27.0,1160732,1,2,0,1,6.0,-9.0,-9.0,16.0,4.0,622M,15.0,22784.0,2139.0
2870119,2870120,24.0,1160732,2,2,12,1,1.0,36.0,2.0,15.0,4.0,622M,15.0,22784.0,2139.0
2870120,2870121,27.0,1160733,1,2,0,1,6.0,-9.0,-9.0,16.0,4.0,622M,15.0,22784.0,2139.0
2870121,2870122,24.0,1160733,2,2,12,1,1.0,36.0,2.0,15.0,4.0,622M,15.0,22784.0,2139.0
2870122,2870123,27.0,1160734,1,2,0,1,6.0,-9.0,-9.0,16.0,4.0,622M,15.0,22786.0,2139.0
2870123,2870124,24.0,1160734,2,2,12,1,1.0,36.0,2.0,15.0,4.0,622M,15.0,22786.0,2139.0
2870124,2870125,27.0,1160735,1,2,0,1,6.0,-9.0,-9.0,16.0,4.0,622M,15.0,22784.0,2139.0
2870125,2870126,24.0,1160735,2,2,12,1,1.0,36.0,2.0,15.0,4.0,622M,15.0,22784.0,2139.0
2870126,2870127,27.0,1160736,1,2,0,1,6.0,-9.0,-9.0,16.0,4.0,622M,15.0,22787.0,2139.0
2870127,2870128,24.0,1160736,2,2,12,1,1.0,36.0,2.0,15.0,4.0,622M,15.0,22787.0,2139.0
2870128,2870129,27.0,1160737,1,2,0,1,6.0,-9.0,-9.0,16.0,4.0,622M,15.0,22787.0,2139.0
2870129,2870130,24.0,1160737,2,2,12,1,1.0,36.0,2.0,15.0,4.0,622M,15.0,22787.0,2139.0
2870130,2870131,27.0,1160738,1,2,0,1,6.0,-9.0,-9.0,16.0,4.0,622M,15.0,22785.0,2139.0
2870131,2870132,24.0,1160738,2,2,12,1,1.0,36.0,2.0,15.0,4.0,622M,15.0,22785.0,2139.0
2870132,2870133,27.0,1160739,1,2,0,1,6.0,-9.0,-9.0,16.0,4.0,622M,15.0,22785.0,2139.0
2870133,2870134,24.0,1160739,2,2,12,1,1.0,36.0,2.0,15.0,4.0,622M,15.0,22785.0,2139.0
2870134,2870135,27.0,1160740,1,2,0,1,6.0,-9.0,-9.0,16.0,4.0,622M,15.0,22785.0,2139.0
2870135,2870136,24.0,1160740,2,2,12,1,1.0,36.0,2.0,15.0,4.0,622M,15.0,22785.0,2139.0
2870136,2870137,27.0,1160741,1,2,0,1,6.0,-9.0,-9.0,16.0,4.0,622M,15.0,22787.0,2139.0
2870137,2870138,24.0,1160741,2,2,12,1,1.0,36.0,2.0,15.0,4.0,622M,15.0,22787.0,2139.0
2870138,2870139,27.0,1160742,1,2,0,1,6.0,-9.0,-9.0,16.0,4.0,622M,15.0,22786.0,2139.0
2870139,2870140,24.0,1160742,2,2,12,1,1.0,36.0,2.0,15.0,4.0,622M,15.0,22786.0,2139.0
2870140,2870141,27.0,1160743,1,2,0,1,6.0,-9.0,-9.0,16.0,4.0,622M,15.0,22784.0,2139.0
2870141,2870142,24.0,1160743,2,2,12,1,1.0,36.0,2.0,15.0,4.0,622M,15.0,22784.0,2139.0
2870142,2870143,31.0,1160744,1,1,0,1,1.0,40.0,4.0,-9.0,4.0,611M1,13.0,22786.0,2139.0
2870143,2870144,24.0,1160744,2,2,1,1,6.0,-9.0,-9.0,-9.0,4.0,6111,13.0,22786.0,2139.0
2870144,2870145,31.0,1160745,1,1,0,1,1.0,40.0,4.0,-9.0,4.0,611M1,13.0,22785.0,2139.0
2870145,2870146,24.0,1160745,2,2,1,1,6.0,-9.0,-9.0,-9.0,4.0,6111,13.0,22785.0,2139.0
2870146,2870147,31.0,1160746,1,1,0,1,1.0,40.0,4.0,-9.0,4.0,611M1,13.0,22787.0,2139.0
2870147,2870148,24.0,1160746,2,2,1,1,6.0,-9.0,-9.0,-9.0,4.0,6111,13.0,22787.0,2139.0
2870148,2870149,31.0,1160747,1,1,0,1,1.0,40.0,4.0,-9.0,4.0,611M1,13.0,22787.0,2139.0
2870149,2870150,24.0,1160747,2,2,1,1,6.0,-9.0,-9.0,-9.0,4.0,6111,13.0,22787.0,2139.0
2870150,2870151,31.0,1160748,1,1,0,1,1.0,40.0,4.0,-9.0,4.0,611M1,13.0,22785.0,2139.0
2870151,2870152,24.0,1160748,2,2,1,1,6.0,-9.0,-9.0,-9.0,4.0,6111,13.0,22785.0,2139.0
2870152,2870153,31.0,1160749,1,1,0,1,1.0,40.0,4.0,-9.0,4.0,611M1,13.0,22785.0,2139.0
2870153,2870154,24.0,1160749,2,2,1,1,6.0,-9.0,-9.0,-9.0,4.0,6111,13.0,22785.0,2139.0
2870154,2870155,31.0,1160750,1,1,0,1,1.0,40.0,4.0,-9.0,4.0,611M1,13.0,22784.0,2139.0
2870155,2870156,24.0,1160750,2,2,1,1,6.0,-9.0,-9.0,-9.0,4.0,6111,13.0,22784.0,2139.0
2870156,2870157,31.0,1160751,1,1,0,1,1.0,40.0,4.0,-9.0,4.0,611M1,13.0,22784.0,2139.0
2870157,2870158,24.0,1160751,2,2,1,1,6.0,-9.0,-9.0,-9.0,4.0,6111,13.0,22784.0,2139.0
2870158,2870159,31.0,1160752,1,1,0,1,1.0,40.0,4.0,-9.0,4.0,611M1,13.0,22785.0,2139.0
2870159,2870160,24.0,1160752,2,2,1,1,6.0,-9.0,-9.0,-9.0,4.0,6111,13.0,22785.0,2139.0
2870160,2870161,43.0,1160753,1,1,0,1,1.0,44.0,1.0,-9.0,4.0,622M,15.0,22787.0,2139.0
2870161,2870162,19.0,1160753,2,1,2,1,1.0,40.0,4.0,15.0,4.0,5413,10.0,22787.0,2139.0
2870162,2870163,16.0,1160753,3,1,2,1,6.0,-9.0,-9.0,13.0,-9.0,-9,0.0,22787.0,2139.0
2870163,2870164,14.0,1160753,4,2,2,1,-9.0,-9.0,-9.0,11.0,-9.0,-9,0.0,22787.0,2139.0
2870164,2870165,29.0,1160753,5,2,13,3,1.0,29.0,3.0,-9.0,4.0,621M,14.0,22787.0,2139.0
2870165,2870166,43.0,1160754,1,1,0,1,1.0,44.0,1.0,-9.0,4.0,622M,15.0,22786.0,2139.0
2870166,2870167,19.0,1160754,2,1,2,1,1.0,40.0,4.0,15.0,4.0,5413,10.0,22786.0,2139.0
2870167,2870168,16.0,1160754,3,1,2,1,6.0,-9.0,-9.0,13.0,-9.0,-9,0.0,22786.0,2139.0
2870168,2870169,14.0,1160754,4,2,2,1,-9.0,-9.0,-9.0,11.0,-9.0,-9,0.0,22786.0,2139.0
2870169,2870170,29.0,1160754,5,2,13,3,1.0,29.0,3.0,-9.0,4.0,621M,14.0,22786.0,2139.0
2870170,2870171,43.0,1160755,1,1,0,1,1.0,44.0,1.0,-9.0,4.0,622M,15.0,22785.0,2139.0
2870171,2870172,19.0,1160755,2,1,2,1,1.0,40.0,4.0,15.0,4.0,5413,10.0,22785.0,2139.0
2870172,2870173,16.0,1160755,3,1,2,1,6.0,-9.0,-9.0,13.0,-9.0,-9,0.0,22785.0,2139.0
2870173,2870174,14.0,1160755,4,2,2,1,-9.0,-9.0,-9.0,11.0,-9.0,-9,0.0,22785.0,2139.0
2870174,2870175,29.0,1160755,5,2,13,3,1.0,29.0,3.0,-9.0,4.0,621M,14.0,22785.0,2139.0
2870175,2870176,43.0,1160756,1,1,0,1,1.0,44.0,1.0,-9.0,4.0,622M,15.0,22787.0,2139.0
2870176,2870177,19.0,1160756,2,1,2,1,1.0,40.0,4.0,15.0,4.0,5413,10.0,22787.0,2139.0
2870177,2870178,16.0,1160756,3,1,2,1,6.0,-9.0,-9.0,13.0,-9.0,-9,0.0,22787.0,2139.0
2870178,2870179,14.0,1160756,4,2,2,1,-9.0,-9.0,-9.0,11.0,-9.0,-9,0.0,22787.0,2139.0
2870179,2870180,29.0,1160756,5,2,13,3,1.0,29.0,3.0,-9.0,4.0,621M,14.0,22787.0,2139.0
2870180,2870181,43.0,1160757,1,1,0,1,1.0,44.0,1.0,-9.0,4.0,622M,15.0,22786.0,2139.0
2870181,2870182,19.0,1160757,2,1,2,1,1.0,40.0,4.0,15.0,4.0,5413,10.0,22786.0,2139.0
2870182,2870183,16.0,1160757,3,1,2,1,6.0,-9.0,-9.0,13.0,-9.0,-9,0.0,22786.0,2139.0
2870183,2870184,14.0,1160757,4,2,2,1,-9.0,-9.0,-9.0,11.0,-9.0,-9,0.0,22786.0,2139.0
2870184,2870185,29.0,1160757,5,2,13,3,1.0,29.0,3.0,-9.0,4.0,621M,14.0,22786.0,2139.0
2870185,2870186,43.0,1160758,1,1,0,1,1.0,44.0,1.0,-9.0,4.0,622M,15.0,22787.0,2139.0
2870186,2870187,19.0,1160758,2,1,2,1,1.0,40.0,4.0,15.0,4.0,5413,10.0,22787.0,2139.0
2870187,2870188,16.0,1160758,3,1,2,1,6.0,-9.0,-9.0,13.0,-9.0,-9,0.0,22787.0,2139.0
2870188,2870189,14.0,1160758,4,2,2,1,-9.0,-9.0,-9.0,11.0,-9.0,-9,0.0,22787.0,2139.0
2870189,2870190,29.0,1160758,5,2,13,3,1.0,29.0,3.0,-9.0,4.0,621M,14.0,22787.0,2139.0
2870190,2870191,43.0,1160759,1,1,0,1,1.0,44.0,1.0,-9.0,4.0,622M,15.0,22787.0,2139.0
2870191,2870192,19.0,1160759,2,1,2,1,1.0,40.0,4.0,15.0,4.0,5413,10.0,22787.0,2139.0
2870192,2870193,16.0,1160759,3,1,2,1,6.0,-9.0,-9.0,13.0,-9.0,-9,0.0,22787.0,2139.0
2870193,2870194,14.0,1160759,4,2,2,1,-9.0,-9.0,-9.0,11.0,-9.0,-9,0.0,22787.0,2139.0
2870194,2870195,29.0,1160759,5,2,13,3,1.0,29.0,3.0,-9.0,4.0,621M,14.0,22787.0,2139.0
2870195,2870196,43.0,1160760,1,1,0,1,1.0,44.0,1.0,-9.0,4.0,622M,15.0,22787.0,2139.0
2870196,2870197,19.0,1160760,2,1,2,1,1.0,40.0,4.0,15.0,4.0,5413,10.0,22787.0,2139.0
2870197,2870198,16.0,1160760,3,1,2,1,6.0,-9.0,-9.0,13.0,-9.0,-9,0.0,22787.0,2139.0
2870198,2870199,14.0,1160760,4,2,2,1,-9.0,-9.0,-9.0,11.0,-9.0,-9,0.0,22787.0,2139.0
2870199,2870200,29.0,1160760,5,2,13,3,1.0,29.0,3.0,-9.0,4.0,621M,14.0,22787.0,2139.0
2870200,2870201,43.0,1160761,1,1,0,1,1.0,44.0,1.0,-9.0,4.0,622M,15.0,22786.0,2139.0
2870201,2870202,19.0,1160761,2,1,2,1,1.0,40.0,4.0,15.0,4.0,5413,10.0,22786.0,2139.0
2870202,2870203,16.0,1160761,3,1,2,1,6.0,-9.0,-9.0,13.0,-9.0,-9,0.0,22786.0,2139.0
2870203,2870204,14.0,1160761,4,2,2,1,-9.0,-9.0,-9.0,11.0,-9.0,-9,0.0,22786.0,2139.0
2870204,2870205,29.0,1160761,5,2,13,3,1.0,29.0,3.0,-9.0,4.0,621M,14.0,22786.0,2139.0
2870205,2870206,43.0,1160762,1,1,0,1,1.0,44.0,1.0,-9.0,4.0,622M,15.0,22784.0,2139.0
2870206,2870207,19.0,1160762,2,1,2,1,1.0,40.0,4.0,15.0,4.0,5413,10.0,22784.0,2139.0
2870207,2870208,16.0,1160762,3,1,2,1,6.0,-9.0,-9.0,13.0,-9.0,-9,0.0,22784.0,2139.0
2870208,2870209,14.0,1160762,4,2,2,1,-9.0,-9.0,-9.0,11.0,-9.0,-9,0.0,22784.0,2139.0
2870209,2870210,29.0,1160762,5,2,13,3,1.0,29.0,3.0,-9.0,4.0,621M,14.0,22784.0,2139.0
2870210,2870211,43.0,1160763,1,1,0,1,1.0,44.0,1.0,-9.0,4.0,622M,15.0,22784.0,2139.0
2870211,2870212,19.0,1160763,2,1,2,1,1.0,40.0,4.0,15.0,4.0,5413,10.0,22784.0,2139.0
2870212,2870213,16.0,1160763,3,1,2,1,6.0,-9.0,-9.0,13.0,-9.0,-9,0.0,22784.0,2139.0
2870213,2870214,14.0,1160763,4,2,2,1,-9.0,-9.0,-9.0,11.0,-9.0,-9,0.0,22784.0,2139.0
2870214,2870215,29.0,1160763,5,2,13,3,1.0,29.0,3.0,-9.0,4.0,621M,14.0,22784.0,2139.0
2870215,2870216,23.0,1160764,1,2,0,1,1.0,47.0,1.0,-9.0,4.0,611M1,13.0,22786.0,2139.0
2870216,2870217,26.0,1160764,2,1,1,1,1.0,40.0,1.0,-9.0,4.0,5417,10.0,22786.0,2139.0
2870217,2870218,23.0,1160765,1,2,0,1,1.0,47.0,1.0,-9.0,4.0,611M1,13.0,22784.0,2139.0
2870218,2870219,26.0,1160765,2,1,1,1,1.0,40.0,1.0,-9.0,4.0,5417,10.0,22784.0,2139.0
2870219,2870220,23.0,1160766,1,2,0,1,1.0,47.0,1.0,-9.0,4.0,611M1,13.0,22787.0,2139.0
2870220,2870221,26.0,1160766,2,1,1,1,1.0,40.0,1.0,-9.0,4.0,5417,10.0,22787.0,2139.0
2870221,2870222,23.0,1160767,1,2,0,1,1.0,47.0,1.0,-9.0,4.0,611M1,13.0,22787.0,2139.0
2870222,2870223,26.0,1160767,2,1,1,1,1.0,40.0,1.0,-9.0,4.0,5417,10.0,22787.0,2139.0
2870223,2870224,23.0,1160768,1,2,0,1,1.0,47.0,1.0,-9.0,4.0,611M1,13.0,22787.0,2139.0
2870224,2870225,26.0,1160768,2,1,1,1,1.0,40.0,1.0,-9.0,4.0,5417,10.0,22787.0,2139.0
2870225,2870226,23.0,1160769,1,2,0,1,1.0,47.0,1.0,-9.0,4.0,611M1,13.0,22785.0,2139.0
2870226,2870227,26.0,1160769,2,1,1,1,1.0,40.0,1.0,-9.0,4.0,5417,10.0,22785.0,2139.0
2870227,2870228,23.0,1160770,1,2,0,1,1.0,47.0,1.0,-9.0,4.0,611M1,13.0,22786.0,2139.0
2870228,2870229,26.0,1160770,2,1,1,1,1.0,40.0,1.0,-9.0,4.0,5417,10.0,22786.0,2139.0
2870229,2870230,23.0,1160771,1,2,0,1,1.0,47.0,1.0,-9.0,4.0,611M1,13.0,22787.0,2139.0
2870230,2870231,26.0,1160771,2,1,1,1,1.0,40.0,1.0,-9.0,4.0,5417,10.0,22787.0,2139.0
2870231,2870232,23.0,1160772,1,2,0,1,1.0,47.0,1.0,-9.0,4.0,611M1,13.0,22787.0,2139.0
2870232,2870233,26.0,1160772,2,1,1,1,1.0,40.0,1.0,-9.0,4.0,5417,10.0,22787.0,2139.0
2870233,2870234,23.0,1160773,1,2,0,1,1.0,47.0,1.0,-9.0,4.0,611M1,13.0,22784.0,2139.0
2870234,2870235,26.0,1160773,2,1,1,1,1.0,40.0,1.0,-9.0,4.0,5417,10.0,22784.0,2139.0
2870235,2870236,23.0,1160774,1,2,0,1,1.0,47.0,1.0,-9.0,4.0,611M1,13.0,22784.0,2139.0
2870236,2870237,26.0,1160774,2,1,1,1,1.0,40.0,1.0,-9.0,4.0,5417,10.0,22784.0,2139.0
2870237,2870238,23.0,1160775,1,2,0,1,1.0,47.0,1.0,-9.0,4.0,611M1,13.0,22787.0,2139.0
2870238,2870239,26.0,1160775,2,1,1,1,1.0,40.0,1.0,-9.0,4.0,5417,10.0,22787.0,2139.0
2870239,2870240,23.0,1160776,1,2,0,1,1.0,47.0,1.0,-9.0,4.0,611M1,13.0,22786.0,2139.0
2870240,2870241,26.0,1160776,2,1,1,1,1.0,40.0,1.0,-9.0,4.0,5417,10.0,22786.0,2139.0
2870241,2870242,23.0,1160777,1,2,0,1,1.0,47.0,1.0,-9.0,4.0,611M1,13.0,22786.0,2139.0
2870242,2870243,26.0,1160777,2,1,1,1,1.0,40.0,1.0,-9.0,4.0,5417,10.0,22786.0,2139.0
2870243,2870244,23.0,1160778,1,2,0,1,1.0,47.0,1.0,-9.0,4.0,611M1,13.0,22787.0,2139.0
2870244,2870245,26.0,1160778,2,1,1,1,1.0,40.0,1.0,-9.0,4.0,5417,10.0,22787.0,2139.0
2870245,2870246,23.0,1160779,1,2,0,1,1.0,47.0,1.0,-9.0,4.0,611M1,13.0,22786.0,2139.0
2870246,2870247,26.0,1160779,2,1,1,1,1.0,40.0,1.0,-9.0,4.0,5417,10.0,22786.0,2139.0
2870247,2870248,23.0,1160780,1,2,0,1,1.0,47.0,1.0,-9.0,4.0,611M1,13.0,22784.0,2139.0
2870248,2870249,26.0,1160780,2,1,1,1,1.0,40.0,1.0,-9.0,4.0,5417,10.0,22784.0,2139.0
2870249,2870250,23.0,1160781,1,2,0,1,1.0,47.0,1.0,-9.0,4.0,611M1,13.0,22785.0,2139.0
2870250,2870251,26.0,1160781,2,1,1,1,1.0,40.0,1.0,-9.0,4.0,5417,10.0,22785.0,2139.0
2870251,2870252,23.0,1160782,1,2,0,1,1.0,47.0,1.0,-9.0,4.0,611M1,13.0,22786.0,2139.0
2870252,2870253,26.0,1160782,2,1,1,1,1.0,40.0,1.0,-9.0,4.0,5417,10.0,22786.0,2139.0
2870253,2870254,23.0,1160783,1,2,0,1,1.0,47.0,1.0,-9.0,4.0,611M1,13.0,22784.0,2139.0
2870254,2870255,26.0,1160783,2,1,1,1,1.0,40.0,1.0,-9.0,4.0,5417,10.0,22784.0,2139.0
2870255,2870256,23.0,1160784,1,2,0,1,1.0,47.0,1.0,-9.0,4.0,611M1,13.0,22787.0,2139.0
2870256,2870257,26.0,1160784,2,1,1,1,1.0,40.0,1.0,-9.0,4.0,5417,10.0,22787.0,2139.0
2870257,2870258,23.0,1160785,1,2,0,1,1.0,47.0,1.0,-9.0,4.0,611M1,13.0,22785.0,2139.0
2870258,2870259,26.0,1160785,2,1,1,1,1.0,40.0,1.0,-9.0,4.0,5417,10.0,22785.0,2139.0
2870259,2870260,23.0,1160786,1,2,0,1,1.0,47.0,1.0,-9.0,4.0,611M1,13.0,22786.0,2139.0
2870260,2870261,26.0,1160786,2,1,1,1,1.0,40.0,1.0,-9.0,4.0,5417,10.0,22786.0,2139.0
2870261,2870262,23.0,1160787,1,2,0,1,1.0,47.0,1.0,-9.0,4.0,611M1,13.0,22787.0,2139.0
2870262,2870263,26.0,1160787,2,1,1,1,1.0,40.0,1.0,-9.0,4.0,5417,10.0,22787.0,2139.0
2870263,2870264,23.0,1160788,1,2,0,1,1.0,47.0,1.0,-9.0,4.0,611M1,13.0,22786.0,2139.0
2870264,2870265,26.0,1160788,2,1,1,1,1.0,40.0,1.0,-9.0,4.0,5417,10.0,22786.0,2139.0
2870265,2870266,23.0,1160789,1,2,0,1,1.0,47.0,1.0,-9.0,4.0,611M1,13.0,22784.0,2139.0
2870266,2870267,26.0,1160789,2,1,1,1,1.0,40.0,1.0,-9.0,4.0,5417,10.0,22784.0,2139.0
2870267,2870268,23.0,1160790,1,2,0,1,1.0,47.0,1.0,-9.0,4.0,611M1,13.0,22787.0,2139.0
2870268,2870269,26.0,1160790,2,1,1,1,1.0,40.0,1.0,-9.0,4.0,5417,10.0,22787.0,2139.0
2870269,2870270,23.0,1160791,1,2,0,1,1.0,47.0,1.0,-9.0,4.0,611M1,13.0,22787.0,2139.0
2870270,2870271,26.0,1160791,2,1,1,1,1.0,40.0,1.0,-9.0,4.0,5417,10.0,22787.0,2139.0
2870271,2870272,23.0,1160792,1,2,0,1,1.0,47.0,1.0,-9.0,4.0,611M1,13.0,22784.0,2139.0
2870272,2870273,26.0,1160792,2,1,1,1,1.0,40.0,1.0,-9.0,4.0,5417,10.0,22784.0,2139.0
2870273,2870274,23.0,1160793,1,2,0,1,1.0,47.0,1.0,-9.0,4.0,611M1,13.0,22787.0,2139.0
2870274,2870275,26.0,1160793,2,1,1,1,1.0,40.0,1.0,-9.0,4.0,5417,10.0,22787.0,2139.0
2870275,2870276,23.0,1160794,1,2,0,1,1.0,47.0,1.0,-9.0,4.0,611M1,13.0,22787.0,2139.0
2870276,2870277,26.0,1160794,2,1,1,1,1.0,40.0,1.0,-9.0,4.0,5417,10.0,22787.0,2139.0
2870277,2870278,23.0,1160795,1,2,0,1,1.0,47.0,1.0,-9.0,4.0,611M1,13.0,22787.0,2139.0
2870278,2870279,26.0,1160795,2,1,1,1,1.0,40.0,1.0,-9.0,4.0,5417,10.0,22787.0,2139.0
2870279,2870280,23.0,1160796,1,2,0,1,1.0,47.0,1.0,-9.0,4.0,611M1,13.0,22785.0,2139.0
2870280,2870281,26.0,1160796,2,1,1,1,1.0,40.0,1.0,-9.0,4.0,5417,10.0,22785.0,2139.0
2870281,2870282,23.0,1160797,1,2,0,1,1.0,47.0,1.0,-9.0,4.0,611M1,13.0,22785.0,2139.0
2870282,2870283,26.0,1160797,2,1,1,1,1.0,40.0,1.0,-9.0,4.0,5417,10.0,22785.0,2139.0
2870283,2870284,23.0,1160798,1,2,0,1,1.0,47.0,1.0,-9.0,4.0,611M1,13.0,22787.0,2139.0
2870284,2870285,26.0,1160798,2,1,1,1,1.0,40.0,1.0,-9.0,4.0,5417,10.0,22787.0,2139.0
2870285,2870286,23.0,1160799,1,2,0,1,1.0,47.0,1.0,-9.0,4.0,611M1,13.0,22787.0,2139.0
2870286,2870287,26.0,1160799,2,1,1,1,1.0,40.0,1.0,-9.0,4.0,5417,10.0,22787.0,2139.0
2870287,2870288,23.0,1160800,1,2,0,1,1.0,47.0,1.0,-9.0,4.0,611M1,13.0,22784.0,2139.0
2870288,2870289,26.0,1160800,2,1,1,1,1.0,40.0,1.0,-9.0,4.0,5417,10.0,22784.0,2139.0
2870289,2870290,23.0,1160801,1,2,0,1,1.0,47.0,1.0,-9.0,4.0,611M1,13.0,22786.0,2139.0
2870290,2870291,26.0,1160801,2,1,1,1,1.0,40.0,1.0,-9.0,4.0,5417,10.0,22786.0,2139.0
2870291,2870292,23.0,1160802,1,2,0,1,1.0,47.0,1.0,-9.0,4.0,611M1,13.0,22787.0,2139.0
2870292,2870293,26.0,1160802,2,1,1,1,1.0,40.0,1.0,-9.0,4.0,5417,10.0,22787.0,2139.0
2870293,2870294,23.0,1160803,1,2,0,1,1.0,47.0,1.0,-9.0,4.0,611M1,13.0,22787.0,2139.0
2870294,2870295,26.0,1160803,2,1,1,1,1.0,40.0,1.0,-9.0,4.0,5417,10.0,22787.0,2139.0
2870295,2870296,23.0,1160804,1,2,0,1,1.0,47.0,1.0,-9.0,4.0,611M1,13.0,22784.0,2139.0
2870296,2870297,26.0,1160804,2,1,1,1,1.0,40.0,1.0,-9.0,4.0,5417,10.0,22784.0,2139.0
2870297,2870298,23.0,1160805,1,2,0,1,1.0,47.0,1.0,-9.0,4.0,611M1,13.0,22784.0,2139.0
2870298,2870299,26.0,1160805,2,1,1,1,1.0,40.0,1.0,-9.0,4.0,5417,10.0,22784.0,2139.0
2870299,2870300,23.0,1160806,1,2,0,1,1.0,47.0,1.0,-9.0,4.0,611M1,13.0,22787.0,2139.0
2870300,2870301,26.0,1160806,2,1,1,1,1.0,40.0,1.0,-9.0,4.0,5417,10.0,22787.0,2139.0
2870301,2870302,23.0,1160807,1,2,0,1,1.0,47.0,1.0,-9.0,4.0,611M1,13.0,22784.0,2139.0
2870302,2870303,26.0,1160807,2,1,1,1,1.0,40.0,1.0,-9.0,4.0,5417,10.0,22784.0,2139.0
2870303,2870304,23.0,1160808,1,2,0,1,1.0,47.0,1.0,-9.0,4.0,611M1,13.0,22787.0,2139.0
2870304,2870305,26.0,1160808,2,1,1,1,1.0,40.0,1.0,-9.0,4.0,5417,10.0,22787.0,2139.0
2870305,2870306,23.0,1160809,1,2,0,1,1.0,47.0,1.0,-9.0,4.0,611M1,13.0,22787.0,2139.0
2870306,2870307,26.0,1160809,2,1,1,1,1.0,40.0,1.0,-9.0,4.0,5417,10.0,22787.0,2139.0
2870307,2870308,23.0,1160810,1,2,0,1,1.0,47.0,1.0,-9.0,4.0,611M1,13.0,22786.0,2139.0
2870308,2870309,26.0,1160810,2,1,1,1,1.0,40.0,1.0,-9.0,4.0,5417,10.0,22786.0,2139.0
2870309,2870310,23.0,1160811,1,2,0,1,1.0,47.0,1.0,-9.0,4.0,611M1,13.0,22787.0,2139.0
2870310,2870311,26.0,1160811,2,1,1,1,1.0,40.0,1.0,-9.0,4.0,5417,10.0,22787.0,2139.0
2870311,2870312,23.0,1160812,1,2,0,1,1.0,47.0,1.0,-9.0,4.0,611M1,13.0,22786.0,2139.0
2870312,2870313,26.0,1160812,2,1,1,1,1.0,40.0,1.0,-9.0,4.0,5417,10.0,22786.0,2139.0
2870313,2870314,23.0,1160813,1,2,0,1,1.0,47.0,1.0,-9.0,4.0,611M1,13.0,22787.0,2139.0
2870314,2870315,26.0,1160813,2,1,1,1,1.0,40.0,1.0,-9.0,4.0,5417,10.0,22787.0,2139.0
2870315,2870316,23.0,1160814,1,2,0,1,1.0,47.0,1.0,-9.0,4.0,611M1,13.0,22784.0,2139.0
2870316,2870317,26.0,1160814,2,1,1,1,1.0,40.0,1.0,-9.0,4.0,5417,10.0,22784.0,2139.0
2870317,2870318,23.0,1160815,1,2,0,1,1.0,47.0,1.0,-9.0,4.0,611M1,13.0,22784.0,2139.0
2870318,2870319,26.0,1160815,2,1,1,1,1.0,40.0,1.0,-9.0,4.0,5417,10.0,22784.0,2139.0
2870319,2870320,23.0,1160816,1,2,0,1,1.0,47.0,1.0,-9.0,4.0,611M1,13.0,22785.0,2139.0
2870320,2870321,26.0,1160816,2,1,1,1,1.0,40.0,1.0,-9.0,4.0,5417,10.0,22785.0,2139.0
2870321,2870322,23.0,1160817,1,2,0,1,1.0,47.0,1.0,-9.0,4.0,611M1,13.0,22785.0,2139.0
2870322,2870323,26.0,1160817,2,1,1,1,1.0,40.0,1.0,-9.0,4.0,5417,10.0,22785.0,2139.0
2870323,2870324,23.0,1160818,1,2,0,1,1.0,47.0,1.0,-9.0,4.0,611M1,13.0,22787.0,2139.0
2870324,2870325,26.0,1160818,2,1,1,1,1.0,40.0,1.0,-9.0,4.0,5417,10.0,22787.0,2139.0
2870325,2870326,23.0,1160819,1,2,0,1,1.0,47.0,1.0,-9.0,4.0,611M1,13.0,22786.0,2139.0
2870326,2870327,26.0,1160819,2,1,1,1,1.0,40.0,1.0,-9.0,4.0,5417,10.0,22786.0,2139.0
2870327,2870328,23.0,1160820,1,2,0,1,1.0,47.0,1.0,-9.0,4.0,611M1,13.0,22786.0,2139.0
2870328,2870329,26.0,1160820,2,1,1,1,1.0,40.0,1.0,-9.0,4.0,5417,10.0,22786.0,2139.0
2870329,2870330,23.0,1160821,1,2,0,1,1.0,47.0,1.0,-9.0,4.0,611M1,13.0,22785.0,2139.0
2870330,2870331,26.0,1160821,2,1,1,1,1.0,40.0,1.0,-9.0,4.0,5417,10.0,22785.0,2139.0
2870331,2870332,23.0,1160822,1,2,0,1,1.0,47.0,1.0,-9.0,4.0,611M1,13.0,22786.0,2139.0
2870332,2870333,26.0,1160822,2,1,1,1,1.0,40.0,1.0,-9.0,4.0,5417,10.0,22786.0,2139.0
2870333,2870334,23.0,1160823,1,2,0,1,1.0,47.0,1.0,-9.0,4.0,611M1,13.0,22785.0,2139.0
2870334,2870335,26.0,1160823,2,1,1,1,1.0,40.0,1.0,-9.0,4.0,5417,10.0,22785.0,2139.0
2870335,2870336,23.0,1160824,1,2,0,1,1.0,47.0,1.0,-9.0,4.0,611M1,13.0,22786.0,2139.0
2870336,2870337,26.0,1160824,2,1,1,1,1.0,40.0,1.0,-9.0,4.0,5417,10.0,22786.0,2139.0
2870337,2870338,23.0,1160825,1,2,0,1,1.0,47.0,1.0,-9.0,4.0,611M1,13.0,22787.0,2139.0
2870338,2870339,26.0,1160825,2,1,1,1,1.0,40.0,1.0,-9.0,4.0,5417,10.0,22787.0,2139.0
2870339,2870340,23.0,1160826,1,2,0,1,1.0,47.0,1.0,-9.0,4.0,611M1,13.0,22786.0,2139.0
2870340,2870341,26.0,1160826,2,1,1,1,1.0,40.0,1.0,-9.0,4.0,5417,10.0,22786.0,2139.0
2870341,2870342,23.0,1160827,1,2,0,1,1.0,47.0,1.0,-9.0,4.0,611M1,13.0,22786.0,2139.0
2870342,2870343,26.0,1160827,2,1,1,1,1.0,40.0,1.0,-9.0,4.0,5417,10.0,22786.0,2139.0
2870343,2870344,23.0,1160828,1,2,0,1,1.0,47.0,1.0,-9.0,4.0,611M1,13.0,22787.0,2139.0
2870344,2870345,26.0,1160828,2,1,1,1,1.0,40.0,1.0,-9.0,4.0,5417,10.0,22787.0,2139.0
2870345,2870346,23.0,1160829,1,2,0,1,1.0,47.0,1.0,-9.0,4.0,611M1,13.0,22784.0,2139.0
2870346,2870347,26.0,1160829,2,1,1,1,1.0,40.0,1.0,-9.0,4.0,5417,10.0,22784.0,2139.0
2870347,2870348,23.0,1160830,1,2,0,1,1.0,47.0,1.0,-9.0,4.0,611M1,13.0,22784.0,2139.0
2870348,2870349,26.0,1160830,2,1,1,1,1.0,40.0,1.0,-9.0,4.0,5417,10.0,22784.0,2139.0
2870349,2870350,23.0,1160831,1,2,0,1,1.0,47.0,1.0,-9.0,4.0,611M1,13.0,22784.0,2139.0
2870350,2870351,26.0,1160831,2,1,1,1,1.0,40.0,1.0,-9.0,4.0,5417,10.0,22784.0,2139.0
2870351,2870352,23.0,1160832,1,2,0,1,1.0,47.0,1.0,-9.0,4.0,611M1,13.0,22787.0,2139.0
2870352,2870353,26.0,1160832,2,1,1,1,1.0,40.0,1.0,-9.0,4.0,5417,10.0,22787.0,2139.0
2870353,2870354,24.0,1160833,1,2,0,1,1.0,40.0,1.0,-9.0,4.0,92MP,18.0,22784.0,2139.0
2870354,2870355,25.0,1160833,2,1,1,1,6.0,-9.0,-9.0,16.0,3.0,92MP,18.0,22784.0,2139.0
2870355,2870356,24.0,1160834,1,2,0,1,1.0,40.0,1.0,-9.0,4.0,92MP,18.0,22786.0,2139.0
2870356,2870357,25.0,1160834,2,1,1,1,6.0,-9.0,-9.0,16.0,3.0,92MP,18.0,22786.0,2139.0
2870357,2870358,24.0,1160835,1,2,0,1,1.0,40.0,1.0,-9.0,4.0,92MP,18.0,22785.0,2139.0
2870358,2870359,25.0,1160835,2,1,1,1,6.0,-9.0,-9.0,16.0,3.0,92MP,18.0,22785.0,2139.0
2870359,2870360,24.0,1160836,1,2,0,1,1.0,40.0,1.0,-9.0,4.0,92MP,18.0,22787.0,2139.0
2870360,2870361,25.0,1160836,2,1,1,1,6.0,-9.0,-9.0,16.0,3.0,92MP,18.0,22787.0,2139.0
2870361,2870362,24.0,1160837,1,2,0,1,1.0,40.0,1.0,-9.0,4.0,92MP,18.0,22786.0,2139.0
2870362,2870363,25.0,1160837,2,1,1,1,6.0,-9.0,-9.0,16.0,3.0,92MP,18.0,22786.0,2139.0
2870363,2870364,24.0,1160838,1,2,0,1,1.0,40.0,1.0,-9.0,4.0,92MP,18.0,22785.0,2139.0
2870364,2870365,25.0,1160838,2,1,1,1,6.0,-9.0,-9.0,16.0,3.0,92MP,18.0,22785.0,2139.0
2870365,2870366,24.0,1160839,1,2,0,1,1.0,40.0,1.0,-9.0,4.0,92MP,18.0,22787.0,2139.0
2870366,2870367,25.0,1160839,2,1,1,1,6.0,-9.0,-9.0,16.0,3.0,92MP,18.0,22787.0,2139.0
2870367,2870368,24.0,1160840,1,2,0,1,1.0,40.0,1.0,-9.0,4.0,92MP,18.0,22787.0,2139.0
2870368,2870369,25.0,1160840,2,1,1,1,6.0,-9.0,-9.0,16.0,3.0,92MP,18.0,22787.0,2139.0
2870369,2870370,24.0,1160841,1,2,0,1,1.0,40.0,1.0,-9.0,4.0,92MP,18.0,22787.0,2139.0
2870370,2870371,25.0,1160841,2,1,1,1,6.0,-9.0,-9.0,16.0,3.0,92MP,18.0,22787.0,2139.0
2870371,2870372,24.0,1160842,1,2,0,1,1.0,40.0,1.0,-9.0,4.0,92MP,18.0,22786.0,2139.0
2870372,2870373,25.0,1160842,2,1,1,1,6.0,-9.0,-9.0,16.0,3.0,92MP,18.0,22786.0,2139.0
2870373,2870374,24.0,1160843,1,2,0,1,1.0,40.0,1.0,-9.0,4.0,92MP,18.0,22785.0,2139.0
2870374,2870375,25.0,1160843,2,1,1,1,6.0,-9.0,-9.0,16.0,3.0,92MP,18.0,22785.0,2139.0
2870375,2870376,24.0,1160844,1,2,0,1,1.0,40.0,1.0,-9.0,4.0,92MP,18.0,22787.0,2139.0
2870376,2870377,25.0,1160844,2,1,1,1,6.0,-9.0,-9.0,16.0,3.0,92MP,18.0,22787.0,2139.0
2870377,2870378,24.0,1160845,1,2,0,1,1.0,40.0,1.0,-9.0,4.0,92MP,18.0,22787.0,2139.0
2870378,2870379,25.0,1160845,2,1,1,1,6.0,-9.0,-9.0,16.0,3.0,92MP,18.0,22787.0,2139.0
2870379,2870380,24.0,1160846,1,2,0,1,1.0,40.0,1.0,-9.0,4.0,92MP,18.0,22785.0,2139.0
2870380,2870381,25.0,1160846,2,1,1,1,6.0,-9.0,-9.0,16.0,3.0,92MP,18.0,22785.0,2139.0
2870381,2870382,24.0,1160847,1,2,0,1,1.0,40.0,1.0,-9.0,4.0,92MP,18.0,22787.0,2139.0
2870382,2870383,25.0,1160847,2,1,1,1,6.0,-9.0,-9.0,16.0,3.0,92MP,18.0,22787.0,2139.0
2870383,2870384,24.0,1160848,1,2,0,1,1.0,40.0,1.0,-9.0,4.0,92MP,18.0,22786.0,2139.0
2870384,2870385,25.0,1160848,2,1,1,1,6.0,-9.0,-9.0,16.0,3.0,92MP,18.0,22786.0,2139.0
2870385,2870386,24.0,1160849,1,2,0,1,1.0,40.0,1.0,-9.0,4.0,92MP,18.0,22784.0,2139.0
2870386,2870387,25.0,1160849,2,1,1,1,6.0,-9.0,-9.0,16.0,3.0,92MP,18.0,22784.0,2139.0
2870387,2870388,24.0,1160850,1,2,0,1,1.0,40.0,1.0,-9.0,4.0,92MP,18.0,22785.0,2139.0
2870388,2870389,25.0,1160850,2,1,1,1,6.0,-9.0,-9.0,16.0,3.0,92MP,18.0,22785.0,2139.0
2870389,2870390,24.0,1160851,1,2,0,1,1.0,40.0,1.0,-9.0,4.0,92MP,18.0,22787.0,2139.0
2870390,2870391,25.0,1160851,2,1,1,1,6.0,-9.0,-9.0,16.0,3.0,92MP,18.0,22787.0,2139.0
2870391,2870392,24.0,1160852,1,2,0,1,1.0,40.0,1.0,-9.0,4.0,92MP,18.0,22786.0,2139.0
2870392,2870393,25.0,1160852,2,1,1,1,6.0,-9.0,-9.0,16.0,3.0,92MP,18.0,22786.0,2139.0
2870393,2870394,66.0,1160853,1,1,0,1,1.0,50.0,1.0,-9.0,4.0,7112,16.0,22738.0,2117.0
2870394,2870395,22.0,1160853,2,1,2,1,1.0,37.0,1.0,-9.0,4.0,6241,14.0,22738.0,2117.0
2870395,2870396,56.0,1160853,3,2,13,1,1.0,40.0,1.0,-9.0,4.0,5417,10.0,22738.0,2117.0
2870396,2870397,66.0,1160854,1,1,0,1,1.0,50.0,1.0,-9.0,4.0,7112,16.0,22744.0,2120.0
2870397,2870398,22.0,1160854,2,1,2,1,1.0,37.0,1.0,-9.0,4.0,6241,14.0,22744.0,2120.0
2870398,2870399,56.0,1160854,3,2,13,1,1.0,40.0,1.0,-9.0,4.0,5417,10.0,22744.0,2120.0
2870399,2870400,66.0,1160855,1,1,0,1,1.0,50.0,1.0,-9.0,4.0,7112,16.0,22745.0,2121.0
2870400,2870401,22.0,1160855,2,1,2,1,1.0,37.0,1.0,-9.0,4.0,6241,14.0,22745.0,2121.0
2870401,2870402,56.0,1160855,3,2,13,1,1.0,40.0,1.0,-9.0,4.0,5417,10.0,22745.0,2121.0
2870402,2870403,66.0,1160856,1,1,0,1,1.0,50.0,1.0,-9.0,4.0,7112,16.0,22744.0,2120.0
2870403,2870404,22.0,1160856,2,1,2,1,1.0,37.0,1.0,-9.0,4.0,6241,14.0,22744.0,2120.0
2870404,2870405,56.0,1160856,3,2,13,1,1.0,40.0,1.0,-9.0,4.0,5417,10.0,22744.0,2120.0
2870405,2870406,66.0,1160857,1,1,0,1,1.0,50.0,1.0,-9.0,4.0,7112,16.0,22744.0,2120.0
2870406,2870407,22.0,1160857,2,1,2,1,1.0,37.0,1.0,-9.0,4.0,6241,14.0,22744.0,2120.0
2870407,2870408,56.0,1160857,3,2,13,1,1.0,40.0,1.0,-9.0,4.0,5417,10.0,22744.0,2120.0
2870408,2870409,66.0,1160858,1,1,0,1,1.0,50.0,1.0,-9.0,4.0,7112,16.0,22738.0,2117.0
2870409,2870410,22.0,1160858,2,1,2,1,1.0,37.0,1.0,-9.0,4.0,6241,14.0,22738.0,2117.0
2870410,2870411,56.0,1160858,3,2,13,1,1.0,40.0,1.0,-9.0,4.0,5417,10.0,22738.0,2117.0
2870411,2870412,66.0,1160859,1,1,0,1,1.0,50.0,1.0,-9.0,4.0,7112,16.0,22737.0,2116.0
2870412,2870413,22.0,1160859,2,1,2,1,1.0,37.0,1.0,-9.0,4.0,6241,14.0,22737.0,2116.0
2870413,2870414,56.0,1160859,3,2,13,1,1.0,40.0,1.0,-9.0,4.0,5417,10.0,22737.0,2116.0
2870414,2870415,66.0,1160860,1,1,0,1,1.0,50.0,1.0,-9.0,4.0,7112,16.0,22744.0,2120.0
2870415,2870416,22.0,1160860,2,1,2,1,1.0,37.0,1.0,-9.0,4.0,6241,14.0,22744.0,2120.0
2870416,2870417,56.0,1160860,3,2,13,1,1.0,40.0,1.0,-9.0,4.0,5417,10.0,22744.0,2120.0
2870417,2870418,66.0,1160861,1,1,0,1,1.0,50.0,1.0,-9.0,4.0,7112,16.0,22737.0,2116.0
2870418,2870419,22.0,1160861,2,1,2,1,1.0,37.0,1.0,-9.0,4.0,6241,14.0,22737.0,2116.0
2870419,2870420,56.0,1160861,3,2,13,1,1.0,40.0,1.0,-9.0,4.0,5417,10.0,22737.0,2116.0
2870420,2870421,66.0,1160862,1,1,0,1,1.0,50.0,1.0,-9.0,4.0,7112,16.0,22737.0,2116.0
2870421,2870422,22.0,1160862,2,1,2,1,1.0,37.0,1.0,-9.0,4.0,6241,14.0,22737.0,2116.0
2870422,2870423,56.0,1160862,3,2,13,1,1.0,40.0,1.0,-9.0,4.0,5417,10.0,22737.0,2116.0
2870423,2870424,66.0,1160863,1,1,0,1,1.0,50.0,1.0,-9.0,4.0,7112,16.0,22747.0,2123.0
2870424,2870425,22.0,1160863,2,1,2,1,1.0,37.0,1.0,-9.0,4.0,6241,14.0,22747.0,2123.0
2870425,2870426,56.0,1160863,3,2,13,1,1.0,40.0,1.0,-9.0,4.0,5417,10.0,22747.0,2123.0
2870426,2870427,66.0,1160864,1,1,0,1,1.0,50.0,1.0,-9.0,4.0,7112,16.0,22740.0,2119.0
2870427,2870428,22.0,1160864,2,1,2,1,1.0,37.0,1.0,-9.0,4.0,6241,14.0,22740.0,2119.0
2870428,2870429,56.0,1160864,3,2,13,1,1.0,40.0,1.0,-9.0,4.0,5417,10.0,22740.0,2119.0
2870429,2870430,66.0,1160865,1,1,0,1,1.0,50.0,1.0,-9.0,4.0,7112,16.0,22740.0,2119.0
2870430,2870431,22.0,1160865,2,1,2,1,1.0,37.0,1.0,-9.0,4.0,6241,14.0,22740.0,2119.0
2870431,2870432,56.0,1160865,3,2,13,1,1.0,40.0,1.0,-9.0,4.0,5417,10.0,22740.0,2119.0
2870432,2870433,66.0,1160866,1,1,0,1,1.0,50.0,1.0,-9.0,4.0,7112,16.0,22740.0,2119.0
2870433,2870434,22.0,1160866,2,1,2,1,1.0,37.0,1.0,-9.0,4.0,6241,14.0,22740.0,2119.0
2870434,2870435,56.0,1160866,3,2,13,1,1.0,40.0,1.0,-9.0,4.0,5417,10.0,22740.0,2119.0
2870435,2870436,66.0,1160867,1,1,0,1,1.0,50.0,1.0,-9.0,4.0,7112,16.0,22744.0,2120.0
2870436,2870437,22.0,1160867,2,1,2,1,1.0,37.0,1.0,-9.0,4.0,6241,14.0,22744.0,2120.0
2870437,2870438,56.0,1160867,3,2,13,1,1.0,40.0,1.0,-9.0,4.0,5417,10.0,22744.0,2120.0
2870438,2870439,66.0,1160868,1,1,0,1,1.0,50.0,1.0,-9.0,4.0,7112,16.0,22745.0,2121.0
2870439,2870440,22.0,1160868,2,1,2,1,1.0,37.0,1.0,-9.0,4.0,6241,14.0,22745.0,2121.0
2870440,2870441,56.0,1160868,3,2,13,1,1.0,40.0,1.0,-9.0,4.0,5417,10.0,22745.0,2121.0
2870441,2870442,66.0,1160869,1,1,0,1,1.0,50.0,1.0,-9.0,4.0,7112,16.0,22737.0,2116.0
2870442,2870443,22.0,1160869,2,1,2,1,1.0,37.0,1.0,-9.0,4.0,6241,14.0,22737.0,2116.0
2870443,2870444,56.0,1160869,3,2,13,1,1.0,40.0,1.0,-9.0,4.0,5417,10.0,22737.0,2116.0
2870444,2870445,66.0,1160870,1,1,0,1,1.0,50.0,1.0,-9.0,4.0,7112,16.0,22745.0,2121.0
2870445,2870446,22.0,1160870,2,1,2,1,1.0,37.0,1.0,-9.0,4.0,6241,14.0,22745.0,2121.0
2870446,2870447,56.0,1160870,3,2,13,1,1.0,40.0,1.0,-9.0,4.0,5417,10.0,22745.0,2121.0
2870447,2870448,66.0,1160871,1,1,0,1,1.0,50.0,1.0,-9.0,4.0,7112,16.0,22744.0,2120.0
2870448,2870449,22.0,1160871,2,1,2,1,1.0,37.0,1.0,-9.0,4.0,6241,14.0,22744.0,2120.0
2870449,2870450,56.0,1160871,3,2,13,1,1.0,40.0,1.0,-9.0,4.0,5417,10.0,22744.0,2120.0
2870450,2870451,66.0,1160872,1,1,0,1,1.0,50.0,1.0,-9.0,4.0,7112,16.0,22747.0,2123.0
2870451,2870452,22.0,1160872,2,1,2,1,1.0,37.0,1.0,-9.0,4.0,6241,14.0,22747.0,2123.0
2870452,2870453,56.0,1160872,3,2,13,1,1.0,40.0,1.0,-9.0,4.0,5417,10.0,22747.0,2123.0
2870453,2870454,66.0,1160873,1,1,0,1,1.0,50.0,1.0,-9.0,4.0,7112,16.0,22738.0,2117.0
2870454,2870455,22.0,1160873,2,1,2,1,1.0,37.0,1.0,-9.0,4.0,6241,14.0,22738.0,2117.0
2870455,2870456,56.0,1160873,3,2,13,1,1.0,40.0,1.0,-9.0,4.0,5417,10.0,22738.0,2117.0
2870456,2870457,66.0,1160874,1,1,0,1,1.0,50.0,1.0,-9.0,4.0,7112,16.0,22747.0,2123.0
2870457,2870458,22.0,1160874,2,1,2,1,1.0,37.0,1.0,-9.0,4.0,6241,14.0,22747.0,2123.0
2870458,2870459,56.0,1160874,3,2,13,1,1.0,40.0,1.0,-9.0,4.0,5417,10.0,22747.0,2123.0
2870459,2870460,66.0,1160875,1,1,0,1,1.0,50.0,1.0,-9.0,4.0,7112,16.0,22740.0,2119.0
2870460,2870461,22.0,1160875,2,1,2,1,1.0,37.0,1.0,-9.0,4.0,6241,14.0,22740.0,2119.0
2870461,2870462,56.0,1160875,3,2,13,1,1.0,40.0,1.0,-9.0,4.0,5417,10.0,22740.0,2119.0
2870462,2870463,66.0,1160876,1,1,0,1,1.0,50.0,1.0,-9.0,4.0,7112,16.0,22738.0,2117.0
2870463,2870464,22.0,1160876,2,1,2,1,1.0,37.0,1.0,-9.0,4.0,6241,14.0,22738.0,2117.0
2870464,2870465,56.0,1160876,3,2,13,1,1.0,40.0,1.0,-9.0,4.0,5417,10.0,22738.0,2117.0
2870465,2870466,66.0,1160877,1,1,0,1,1.0,50.0,1.0,-9.0,4.0,7112,16.0,22737.0,2116.0
2870466,2870467,22.0,1160877,2,1,2,1,1.0,37.0,1.0,-9.0,4.0,6241,14.0,22737.0,2116.0
2870467,2870468,56.0,1160877,3,2,13,1,1.0,40.0,1.0,-9.0,4.0,5417,10.0,22737.0,2116.0
2870468,2870469,66.0,1160878,1,1,0,1,1.0,50.0,1.0,-9.0,4.0,7112,16.0,22738.0,2117.0
2870469,2870470,22.0,1160878,2,1,2,1,1.0,37.0,1.0,-9.0,4.0,6241,14.0,22738.0,2117.0
2870470,2870471,56.0,1160878,3,2,13,1,1.0,40.0,1.0,-9.0,4.0,5417,10.0,22738.0,2117.0
2870471,2870472,66.0,1160879,1,1,0,1,1.0,50.0,1.0,-9.0,4.0,7112,16.0,22745.0,2121.0
2870472,2870473,22.0,1160879,2,1,2,1,1.0,37.0,1.0,-9.0,4.0,6241,14.0,22745.0,2121.0
2870473,2870474,56.0,1160879,3,2,13,1,1.0,40.0,1.0,-9.0,4.0,5417,10.0,22745.0,2121.0
2870474,2870475,66.0,1160880,1,1,0,1,1.0,50.0,1.0,-9.0,4.0,7112,16.0,22747.0,2123.0
2870475,2870476,22.0,1160880,2,1,2,1,1.0,37.0,1.0,-9.0,4.0,6241,14.0,22747.0,2123.0
2870476,2870477,56.0,1160880,3,2,13,1,1.0,40.0,1.0,-9.0,4.0,5417,10.0,22747.0,2123.0
2870477,2870478,66.0,1160881,1,1,0,1,1.0,50.0,1.0,-9.0,4.0,7112,16.0,22740.0,2119.0
2870478,2870479,22.0,1160881,2,1,2,1,1.0,37.0,1.0,-9.0,4.0,6241,14.0,22740.0,2119.0
2870479,2870480,56.0,1160881,3,2,13,1,1.0,40.0,1.0,-9.0,4.0,5417,10.0,22740.0,2119.0
2870480,2870481,66.0,1160882,1,2,0,1,1.0,40.0,2.0,-9.0,4.0,611M1,13.0,22744.0,2120.0
2870481,2870482,66.0,1160883,1,2,0,1,1.0,40.0,2.0,-9.0,4.0,611M1,13.0,22737.0,2116.0
2870482,2870483,80.0,1160884,1,2,0,1,6.0,-9.0,-9.0,-9.0,4.0,-9,0.0,22737.0,2116.0
2870483,2870484,76.0,1160885,1,2,0,1,6.0,-9.0,-9.0,-9.0,4.0,-9,0.0,22740.0,2119.0
2870484,2870485,79.0,1160886,1,2,0,1,6.0,-9.0,-9.0,-9.0,4.0,-9,0.0,22741.0,2119.0
2870485,2870486,79.0,1160887,1,2,0,1,6.0,-9.0,-9.0,-9.0,4.0,-9,0.0,22745.0,2121.0
2870486,2870487,80.0,1160888,1,2,0,1,6.0,-9.0,-9.0,-9.0,4.0,-9,0.0,22738.0,2117.0
2870487,2870488,76.0,1160889,1,2,0,1,6.0,-9.0,-9.0,-9.0,4.0,-9,0.0,22747.0,2123.0
2870488,2870489,80.0,1160890,1,2,0,1,6.0,-9.0,-9.0,-9.0,4.0,-9,0.0,22740.0,2119.0
2870489,2870490,79.0,1160891,1,2,0,1,6.0,-9.0,-9.0,-9.0,4.0,-9,0.0,22743.0,2119.0
2870490,2870491,79.0,1160892,1,2,0,1,6.0,-9.0,-9.0,-9.0,4.0,-9,0.0,22744.0,2120.0
2870491,2870492,67.0,1160893,1,2,0,1,6.0,-9.0,-9.0,-9.0,4.0,-9,0.0,22737.0,2116.0
2870492,2870493,45.0,1160894,1,2,0,4,6.0,-9.0,-9.0,-9.0,4.0,-9,0.0,22738.0,2117.0
2870493,2870494,28.0,1160894,2,2,2,2,6.0,-9.0,-9.0,-9.0,4.0,-9,0.0,22738.0,2117.0
2870494,2870495,23.0,1160894,3,1,2,2,1.0,30.0,1.0,-9.0,4.0,4413,5.0,22738.0,2117.0
2870495,2870496,4.0,1160894,4,1,7,4,-9.0,-9.0,-9.0,1.0,-9.0,-9,0.0,22738.0,2117.0
2870496,2870497,4.0,1160894,5,1,7,4,-9.0,-9.0,-9.0,1.0,-9.0,-9,0.0,22738.0,2117.0
2870497,2870498,2.0,1160894,6,1,7,4,-9.0,-9.0,-9.0,-9.0,-9.0,-9,0.0,22738.0,2117.0
2870498,2870499,45.0,1160895,1,2,0,4,6.0,-9.0,-9.0,-9.0,4.0,-9,0.0,22740.0,2119.0
2870499,2870500,28.0,1160895,2,2,2,2,6.0,-9.0,-9.0,-9.0,4.0,-9,0.0,22740.0,2119.0
2870500,2870501,23.0,1160895,3,1,2,2,1.0,30.0,1.0,-9.0,4.0,4413,5.0,22740.0,2119.0
2870501,2870502,4.0,1160895,4,1,7,4,-9.0,-9.0,-9.0,1.0,-9.0,-9,0.0,22740.0,2119.0
2870502,2870503,4.0,1160895,5,1,7,4,-9.0,-9.0,-9.0,1.0,-9.0,-9,0.0,22740.0,2119.0
2870503,2870504,2.0,1160895,6,1,7,4,-9.0,-9.0,-9.0,-9.0,-9.0,-9,0.0,22740.0,2119.0
2870504,2870505,45.0,1160896,1,2,0,4,6.0,-9.0,-9.0,-9.0,4.0,-9,0.0,22744.0,2120.0
2870505,2870506,28.0,1160896,2,2,2,2,6.0,-9.0,-9.0,-9.0,4.0,-9,0.0,22744.0,2120.0
2870506,2870507,23.0,1160896,3,1,2,2,1.0,30.0,1.0,-9.0,4.0,4413,5.0,22744.0,2120.0
2870507,2870508,4.0,1160896,4,1,7,4,-9.0,-9.0,-9.0,1.0,-9.0,-9,0.0,22744.0,2120.0
2870508,2870509,4.0,1160896,5,1,7,4,-9.0,-9.0,-9.0,1.0,-9.0,-9,0.0,22744.0,2120.0
2870509,2870510,2.0,1160896,6,1,7,4,-9.0,-9.0,-9.0,-9.0,-9.0,-9,0.0,22744.0,2120.0
2870510,2870511,45.0,1160897,1,2,0,4,6.0,-9.0,-9.0,-9.0,4.0,-9,0.0,22740.0,2119.0
2870511,2870512,28.0,1160897,2,2,2,2,6.0,-9.0,-9.0,-9.0,4.0,-9,0.0,22740.0,2119.0
2870512,2870513,23.0,1160897,3,1,2,2,1.0,30.0,1.0,-9.0,4.0,4413,5.0,22740.0,2119.0
2870513,2870514,4.0,1160897,4,1,7,4,-9.0,-9.0,-9.0,1.0,-9.0,-9,0.0,22740.0,2119.0
2870514,2870515,4.0,1160897,5,1,7,4,-9.0,-9.0,-9.0,1.0,-9.0,-9,0.0,22740.0,2119.0
2870515,2870516,2.0,1160897,6,1,7,4,-9.0,-9.0,-9.0,-9.0,-9.0,-9,0.0,22740.0,2119.0
2870516,2870517,45.0,1160898,1,2,0,4,6.0,-9.0,-9.0,-9.0,4.0,-9,0.0,22741.0,2119.0
2870517,2870518,28.0,1160898,2,2,2,2,6.0,-9.0,-9.0,-9.0,4.0,-9,0.0,22741.0,2119.0
2870518,2870519,23.0,1160898,3,1,2,2,1.0,30.0,1.0,-9.0,4.0,4413,5.0,22741.0,2119.0
2870519,2870520,4.0,1160898,4,1,7,4,-9.0,-9.0,-9.0,1.0,-9.0,-9,0.0,22741.0,2119.0
2870520,2870521,4.0,1160898,5,1,7,4,-9.0,-9.0,-9.0,1.0,-9.0,-9,0.0,22741.0,2119.0
2870521,2870522,2.0,1160898,6,1,7,4,-9.0,-9.0,-9.0,-9.0,-9.0,-9,0.0,22741.0,2119.0
2870522,2870523,45.0,1160899,1,2,0,4,6.0,-9.0,-9.0,-9.0,4.0,-9,0.0,22747.0,2123.0
2870523,2870524,28.0,1160899,2,2,2,2,6.0,-9.0,-9.0,-9.0,4.0,-9,0.0,22747.0,2123.0
2870524,2870525,23.0,1160899,3,1,2,2,1.0,30.0,1.0,-9.0,4.0,4413,5.0,22747.0,2123.0
2870525,2870526,4.0,1160899,4,1,7,4,-9.0,-9.0,-9.0,1.0,-9.0,-9,0.0,22747.0,2123.0
2870526,2870527,4.0,1160899,5,1,7,4,-9.0,-9.0,-9.0,1.0,-9.0,-9,0.0,22747.0,2123.0
2870527,2870528,2.0,1160899,6,1,7,4,-9.0,-9.0,-9.0,-9.0,-9.0,-9,0.0,22747.0,2123.0
2870528,2870529,45.0,1160900,1,2,0,4,6.0,-9.0,-9.0,-9.0,4.0,-9,0.0,22737.0,2116.0
2870529,2870530,28.0,1160900,2,2,2,2,6.0,-9.0,-9.0,-9.0,4.0,-9,0.0,22737.0,2116.0
2870530,2870531,23.0,1160900,3,1,2,2,1.0,30.0,1.0,-9.0,4.0,4413,5.0,22737.0,2116.0
2870531,2870532,4.0,1160900,4,1,7,4,-9.0,-9.0,-9.0,1.0,-9.0,-9,0.0,22737.0,2116.0
2870532,2870533,4.0,1160900,5,1,7,4,-9.0,-9.0,-9.0,1.0,-9.0,-9,0.0,22737.0,2116.0
2870533,2870534,2.0,1160900,6,1,7,4,-9.0,-9.0,-9.0,-9.0,-9.0,-9,0.0,22737.0,2116.0
2870534,2870535,53.0,1160901,1,2,0,3,1.0,40.0,1.0,-9.0,4.0,611M1,13.0,22738.0,2117.0
2870535,2870536,18.0,1160901,2,2,2,3,6.0,25.0,4.0,-9.0,4.0,722Z,16.0,22738.0,2117.0
2870536,2870537,53.0,1160902,1,2,0,3,1.0,40.0,1.0,-9.0,4.0,611M1,13.0,22745.0,2121.0
2870537,2870538,18.0,1160902,2,2,2,3,6.0,25.0,4.0,-9.0,4.0,722Z,16.0,22745.0,2121.0
2870538,2870539,53.0,1160903,1,2,0,3,1.0,40.0,1.0,-9.0,4.0,611M1,13.0,22737.0,2116.0
2870539,2870540,18.0,1160903,2,2,2,3,6.0,25.0,4.0,-9.0,4.0,722Z,16.0,22737.0,2116.0
2870540,2870541,53.0,1160904,1,2,0,3,1.0,40.0,1.0,-9.0,4.0,611M1,13.0,22745.0,2121.0
2870541,2870542,18.0,1160904,2,2,2,3,6.0,25.0,4.0,-9.0,4.0,722Z,16.0,22745.0,2121.0
2870542,2870543,53.0,1160905,1,2,0,3,1.0,40.0,1.0,-9.0,4.0,611M1,13.0,22740.0,2119.0
2870543,2870544,18.0,1160905,2,2,2,3,6.0,25.0,4.0,-9.0,4.0,722Z,16.0,22740.0,2119.0
2870544,2870545,53.0,1160906,1,2,0,3,1.0,40.0,1.0,-9.0,4.0,611M1,13.0,22747.0,2123.0
2870545,2870546,18.0,1160906,2,2,2,3,6.0,25.0,4.0,-9.0,4.0,722Z,16.0,22747.0,2123.0
2870546,2870547,53.0,1160907,1,2,0,3,1.0,40.0,1.0,-9.0,4.0,611M1,13.0,22742.0,2119.0
2870547,2870548,18.0,1160907,2,2,2,3,6.0,25.0,4.0,-9.0,4.0,722Z,16.0,22742.0,2119.0
2870548,2870549,53.0,1160908,1,2,0,3,1.0,40.0,1.0,-9.0,4.0,611M1,13.0,22745.0,2121.0
2870549,2870550,18.0,1160908,2,2,2,3,6.0,25.0,4.0,-9.0,4.0,722Z,16.0,22745.0,2121.0
2870550,2870551,53.0,1160909,1,2,0,3,1.0,40.0,1.0,-9.0,4.0,611M1,13.0,22740.0,2119.0
2870551,2870552,18.0,1160909,2,2,2,3,6.0,25.0,4.0,-9.0,4.0,722Z,16.0,22740.0,2119.0
2870552,2870553,53.0,1160910,1,2,0,3,1.0,40.0,1.0,-9.0,4.0,611M1,13.0,22737.0,2116.0
2870553,2870554,18.0,1160910,2,2,2,3,6.0,25.0,4.0,-9.0,4.0,722Z,16.0,22737.0,2116.0
2870554,2870555,53.0,1160911,1,2,0,3,1.0,40.0,1.0,-9.0,4.0,611M1,13.0,22744.0,2120.0
2870555,2870556,18.0,1160911,2,2,2,3,6.0,25.0,4.0,-9.0,4.0,722Z,16.0,22744.0,2120.0
2870556,2870557,53.0,1160912,1,2,0,3,1.0,40.0,1.0,-9.0,4.0,611M1,13.0,22743.0,2119.0
2870557,2870558,18.0,1160912,2,2,2,3,6.0,25.0,4.0,-9.0,4.0,722Z,16.0,22743.0,2119.0
2870558,2870559,54.0,1160913,1,2,0,1,1.0,50.0,1.0,-9.0,4.0,611M1,13.0,22743.0,2119.0
2870559,2870560,54.0,1160913,2,1,1,1,1.0,60.0,1.0,-9.0,4.0,611M1,13.0,22743.0,2119.0
2870560,2870561,22.0,1160913,3,2,2,1,1.0,42.0,1.0,-9.0,4.0,5121,8.0,22743.0,2119.0
2870561,2870562,23.0,1160913,4,2,15,1,1.0,30.0,1.0,-9.0,4.0,611M1,13.0,22743.0,2119.0
2870562,2870563,54.0,1160914,1,2,0,1,1.0,50.0,1.0,-9.0,4.0,611M1,13.0,22745.0,2121.0
2870563,2870564,54.0,1160914,2,1,1,1,1.0,60.0,1.0,-9.0,4.0,611M1,13.0,22745.0,2121.0
2870564,2870565,22.0,1160914,3,2,2,1,1.0,42.0,1.0,-9.0,4.0,5121,8.0,22745.0,2121.0
2870565,2870566,23.0,1160914,4,2,15,1,1.0,30.0,1.0,-9.0,4.0,611M1,13.0,22745.0,2121.0
2870566,2870567,54.0,1160915,1,2,0,1,1.0,50.0,1.0,-9.0,4.0,611M1,13.0,22745.0,2121.0
2870567,2870568,54.0,1160915,2,1,1,1,1.0,60.0,1.0,-9.0,4.0,611M1,13.0,22745.0,2121.0
2870568,2870569,22.0,1160915,3,2,2,1,1.0,42.0,1.0,-9.0,4.0,5121,8.0,22745.0,2121.0
2870569,2870570,23.0,1160915,4,2,15,1,1.0,30.0,1.0,-9.0,4.0,611M1,13.0,22745.0,2121.0
2870570,2870571,54.0,1160916,1,2,0,1,1.0,50.0,1.0,-9.0,4.0,611M1,13.0,22742.0,2119.0
2870571,2870572,54.0,1160916,2,1,1,1,1.0,60.0,1.0,-9.0,4.0,611M1,13.0,22742.0,2119.0
2870572,2870573,22.0,1160916,3,2,2,1,1.0,42.0,1.0,-9.0,4.0,5121,8.0,22742.0,2119.0
2870573,2870574,23.0,1160916,4,2,15,1,1.0,30.0,1.0,-9.0,4.0,611M1,13.0,22742.0,2119.0
2870574,2870575,54.0,1160917,1,2,0,1,1.0,50.0,1.0,-9.0,4.0,611M1,13.0,22740.0,2119.0
2870575,2870576,54.0,1160917,2,1,1,1,1.0,60.0,1.0,-9.0,4.0,611M1,13.0,22740.0,2119.0
2870576,2870577,22.0,1160917,3,2,2,1,1.0,42.0,1.0,-9.0,4.0,5121,8.0,22740.0,2119.0
2870577,2870578,23.0,1160917,4,2,15,1,1.0,30.0,1.0,-9.0,4.0,611M1,13.0,22740.0,2119.0
2870578,2870579,54.0,1160918,1,2,0,1,1.0,50.0,1.0,-9.0,4.0,611M1,13.0,22741.0,2119.0
2870579,2870580,54.0,1160918,2,1,1,1,1.0,60.0,1.0,-9.0,4.0,611M1,13.0,22741.0,2119.0
2870580,2870581,22.0,1160918,3,2,2,1,1.0,42.0,1.0,-9.0,4.0,5121,8.0,22741.0,2119.0
2870581,2870582,23.0,1160918,4,2,15,1,1.0,30.0,1.0,-9.0,4.0,611M1,13.0,22741.0,2119.0
2870582,2870583,54.0,1160919,1,2,0,1,1.0,50.0,1.0,-9.0,4.0,611M1,13.0,22737.0,2116.0
2870583,2870584,54.0,1160919,2,1,1,1,1.0,60.0,1.0,-9.0,4.0,611M1,13.0,22737.0,2116.0
2870584,2870585,22.0,1160919,3,2,2,1,1.0,42.0,1.0,-9.0,4.0,5121,8.0,22737.0,2116.0
2870585,2870586,23.0,1160919,4,2,15,1,1.0,30.0,1.0,-9.0,4.0,611M1,13.0,22737.0,2116.0
2870586,2870587,54.0,1160920,1,2,0,1,1.0,50.0,1.0,-9.0,4.0,611M1,13.0,22747.0,2123.0
2870587,2870588,54.0,1160920,2,1,1,1,1.0,60.0,1.0,-9.0,4.0,611M1,13.0,22747.0,2123.0
2870588,2870589,22.0,1160920,3,2,2,1,1.0,42.0,1.0,-9.0,4.0,5121,8.0,22747.0,2123.0
2870589,2870590,23.0,1160920,4,2,15,1,1.0,30.0,1.0,-9.0,4.0,611M1,13.0,22747.0,2123.0
2870590,2870591,54.0,1160921,1,2,0,1,1.0,50.0,1.0,-9.0,4.0,611M1,13.0,22737.0,2116.0
2870591,2870592,54.0,1160921,2,1,1,1,1.0,60.0,1.0,-9.0,4.0,611M1,13.0,22737.0,2116.0
2870592,2870593,22.0,1160921,3,2,2,1,1.0,42.0,1.0,-9.0,4.0,5121,8.0,22737.0,2116.0
2870593,2870594,23.0,1160921,4,2,15,1,1.0,30.0,1.0,-9.0,4.0,611M1,13.0,22737.0,2116.0
2870594,2870595,54.0,1160922,1,2,0,1,1.0,50.0,1.0,-9.0,4.0,611M1,13.0,22740.0,2119.0
2870595,2870596,54.0,1160922,2,1,1,1,1.0,60.0,1.0,-9.0,4.0,611M1,13.0,22740.0,2119.0
2870596,2870597,22.0,1160922,3,2,2,1,1.0,42.0,1.0,-9.0,4.0,5121,8.0,22740.0,2119.0
2870597,2870598,23.0,1160922,4,2,15,1,1.0,30.0,1.0,-9.0,4.0,611M1,13.0,22740.0,2119.0
2870598,2870599,54.0,1160923,1,2,0,1,1.0,50.0,1.0,-9.0,4.0,611M1,13.0,22744.0,2120.0
2870599,2870600,54.0,1160923,2,1,1,1,1.0,60.0,1.0,-9.0,4.0,611M1,13.0,22744.0,2120.0
2870600,2870601,22.0,1160923,3,2,2,1,1.0,42.0,1.0,-9.0,4.0,5121,8.0,22744.0,2120.0
2870601,2870602,23.0,1160923,4,2,15,1,1.0,30.0,1.0,-9.0,4.0,611M1,13.0,22744.0,2120.0
2870602,2870603,54.0,1160924,1,2,0,1,1.0,50.0,1.0,-9.0,4.0,611M1,13.0,22744.0,2120.0
2870603,2870604,54.0,1160924,2,1,1,1,1.0,60.0,1.0,-9.0,4.0,611M1,13.0,22744.0,2120.0
2870604,2870605,22.0,1160924,3,2,2,1,1.0,42.0,1.0,-9.0,4.0,5121,8.0,22744.0,2120.0
2870605,2870606,23.0,1160924,4,2,15,1,1.0,30.0,1.0,-9.0,4.0,611M1,13.0,22744.0,2120.0
2870606,2870607,54.0,1160925,1,2,0,1,1.0,50.0,1.0,-9.0,4.0,611M1,13.0,22738.0,2117.0
2870607,2870608,54.0,1160925,2,1,1,1,1.0,60.0,1.0,-9.0,4.0,611M1,13.0,22738.0,2117.0
2870608,2870609,22.0,1160925,3,2,2,1,1.0,42.0,1.0,-9.0,4.0,5121,8.0,22738.0,2117.0
2870609,2870610,23.0,1160925,4,2,15,1,1.0,30.0,1.0,-9.0,4.0,611M1,13.0,22738.0,2117.0
2870610,2870611,54.0,1160926,1,2,0,1,1.0,50.0,1.0,-9.0,4.0,611M1,13.0,22740.0,2119.0
2870611,2870612,54.0,1160926,2,1,1,1,1.0,60.0,1.0,-9.0,4.0,611M1,13.0,22740.0,2119.0
2870612,2870613,22.0,1160926,3,2,2,1,1.0,42.0,1.0,-9.0,4.0,5121,8.0,22740.0,2119.0
2870613,2870614,23.0,1160926,4,2,15,1,1.0,30.0,1.0,-9.0,4.0,611M1,13.0,22740.0,2119.0
2870614,2870615,54.0,1160927,1,2,0,1,1.0,50.0,1.0,-9.0,4.0,611M1,13.0,22745.0,2121.0
2870615,2870616,54.0,1160927,2,1,1,1,1.0,60.0,1.0,-9.0,4.0,611M1,13.0,22745.0,2121.0
2870616,2870617,22.0,1160927,3,2,2,1,1.0,42.0,1.0,-9.0,4.0,5121,8.0,22745.0,2121.0
2870617,2870618,23.0,1160927,4,2,15,1,1.0,30.0,1.0,-9.0,4.0,611M1,13.0,22745.0,2121.0
2870618,2870619,54.0,1160928,1,2,0,1,1.0,50.0,1.0,-9.0,4.0,611M1,13.0,22740.0,2119.0
2870619,2870620,54.0,1160928,2,1,1,1,1.0,60.0,1.0,-9.0,4.0,611M1,13.0,22740.0,2119.0
2870620,2870621,22.0,1160928,3,2,2,1,1.0,42.0,1.0,-9.0,4.0,5121,8.0,22740.0,2119.0
2870621,2870622,23.0,1160928,4,2,15,1,1.0,30.0,1.0,-9.0,4.0,611M1,13.0,22740.0,2119.0
2870622,2870623,54.0,1160929,1,2,0,1,1.0,50.0,1.0,-9.0,4.0,611M1,13.0,22745.0,2121.0
2870623,2870624,54.0,1160929,2,1,1,1,1.0,60.0,1.0,-9.0,4.0,611M1,13.0,22745.0,2121.0
2870624,2870625,22.0,1160929,3,2,2,1,1.0,42.0,1.0,-9.0,4.0,5121,8.0,22745.0,2121.0
2870625,2870626,23.0,1160929,4,2,15,1,1.0,30.0,1.0,-9.0,4.0,611M1,13.0,22745.0,2121.0
2870626,2870627,61.0,1160930,1,2,0,1,1.0,25.0,2.0,-9.0,4.0,611M3,13.0,22747.0,2123.0
2870627,2870628,69.0,1160930,2,1,1,1,1.0,20.0,1.0,-9.0,4.0,611M3,13.0,22747.0,2123.0
2870628,2870629,21.0,1160930,3,1,2,1,1.0,24.0,5.0,15.0,4.0,5413,10.0,22747.0,2123.0
2870629,2870630,61.0,1160931,1,2,0,1,1.0,25.0,2.0,-9.0,4.0,611M3,13.0,22747.0,2123.0
2870630,2870631,69.0,1160931,2,1,1,1,1.0,20.0,1.0,-9.0,4.0,611M3,13.0,22747.0,2123.0
2870631,2870632,21.0,1160931,3,1,2,1,1.0,24.0,5.0,15.0,4.0,5413,10.0,22747.0,2123.0
2870632,2870633,61.0,1160932,1,2,0,1,1.0,25.0,2.0,-9.0,4.0,611M3,13.0,22737.0,2116.0
2870633,2870634,69.0,1160932,2,1,1,1,1.0,20.0,1.0,-9.0,4.0,611M3,13.0,22737.0,2116.0
2870634,2870635,21.0,1160932,3,1,2,1,1.0,24.0,5.0,15.0,4.0,5413,10.0,22737.0,2116.0
2870635,2870636,61.0,1160933,1,2,0,1,1.0,25.0,2.0,-9.0,4.0,611M3,13.0,22744.0,2120.0
2870636,2870637,69.0,1160933,2,1,1,1,1.0,20.0,1.0,-9.0,4.0,611M3,13.0,22744.0,2120.0
2870637,2870638,21.0,1160933,3,1,2,1,1.0,24.0,5.0,15.0,4.0,5413,10.0,22744.0,2120.0
2870638,2870639,61.0,1160934,1,2,0,1,1.0,25.0,2.0,-9.0,4.0,611M3,13.0,22742.0,2119.0
2870639,2870640,69.0,1160934,2,1,1,1,1.0,20.0,1.0,-9.0,4.0,611M3,13.0,22742.0,2119.0
2870640,2870641,21.0,1160934,3,1,2,1,1.0,24.0,5.0,15.0,4.0,5413,10.0,22742.0,2119.0
2870641,2870642,61.0,1160935,1,2,0,1,1.0,25.0,2.0,-9.0,4.0,611M3,13.0,22737.0,2116.0
2870642,2870643,69.0,1160935,2,1,1,1,1.0,20.0,1.0,-9.0,4.0,611M3,13.0,22737.0,2116.0
2870643,2870644,21.0,1160935,3,1,2,1,1.0,24.0,5.0,15.0,4.0,5413,10.0,22737.0,2116.0
2870644,2870645,61.0,1160936,1,2,0,1,1.0,25.0,2.0,-9.0,4.0,611M3,13.0,22737.0,2116.0
2870645,2870646,69.0,1160936,2,1,1,1,1.0,20.0,1.0,-9.0,4.0,611M3,13.0,22737.0,2116.0
2870646,2870647,21.0,1160936,3,1,2,1,1.0,24.0,5.0,15.0,4.0,5413,10.0,22737.0,2116.0
2870647,2870648,61.0,1160937,1,2,0,1,1.0,25.0,2.0,-9.0,4.0,611M3,13.0,22744.0,2120.0
2870648,2870649,69.0,1160937,2,1,1,1,1.0,20.0,1.0,-9.0,4.0,611M3,13.0,22744.0,2120.0
2870649,2870650,21.0,1160937,3,1,2,1,1.0,24.0,5.0,15.0,4.0,5413,10.0,22744.0,2120.0
2870650,2870651,61.0,1160938,1,2,0,1,1.0,25.0,2.0,-9.0,4.0,611M3,13.0,22739.0,2118.0
2870651,2870652,69.0,1160938,2,1,1,1,1.0,20.0,1.0,-9.0,4.0,611M3,13.0,22739.0,2118.0
2870652,2870653,21.0,1160938,3,1,2,1,1.0,24.0,5.0,15.0,4.0,5413,10.0,22739.0,2118.0
2870653,2870654,61.0,1160939,1,2,0,1,1.0,25.0,2.0,-9.0,4.0,611M3,13.0,22740.0,2119.0
2870654,2870655,69.0,1160939,2,1,1,1,1.0,20.0,1.0,-9.0,4.0,611M3,13.0,22740.0,2119.0
2870655,2870656,21.0,1160939,3,1,2,1,1.0,24.0,5.0,15.0,4.0,5413,10.0,22740.0,2119.0
2870656,2870657,61.0,1160940,1,2,0,1,1.0,25.0,2.0,-9.0,4.0,611M3,13.0,22740.0,2119.0
2870657,2870658,69.0,1160940,2,1,1,1,1.0,20.0,1.0,-9.0,4.0,611M3,13.0,22740.0,2119.0
2870658,2870659,21.0,1160940,3,1,2,1,1.0,24.0,5.0,15.0,4.0,5413,10.0,22740.0,2119.0
2870659,2870660,61.0,1160941,1,2,0,1,1.0,25.0,2.0,-9.0,4.0,611M3,13.0,22739.0,2118.0
2870660,2870661,69.0,1160941,2,1,1,1,1.0,20.0,1.0,-9.0,4.0,611M3,13.0,22739.0,2118.0
2870661,2870662,21.0,1160941,3,1,2,1,1.0,24.0,5.0,15.0,4.0,5413,10.0,22739.0,2118.0
2870662,2870663,61.0,1160942,1,2,0,1,1.0,25.0,2.0,-9.0,4.0,611M3,13.0,22744.0,2120.0
2870663,2870664,69.0,1160942,2,1,1,1,1.0,20.0,1.0,-9.0,4.0,611M3,13.0,22744.0,2120.0
2870664,2870665,21.0,1160942,3,1,2,1,1.0,24.0,5.0,15.0,4.0,5413,10.0,22744.0,2120.0
2870665,2870666,61.0,1160943,1,2,0,1,1.0,25.0,2.0,-9.0,4.0,611M3,13.0,22740.0,2119.0
2870666,2870667,69.0,1160943,2,1,1,1,1.0,20.0,1.0,-9.0,4.0,611M3,13.0,22740.0,2119.0
2870667,2870668,21.0,1160943,3,1,2,1,1.0,24.0,5.0,15.0,4.0,5413,10.0,22740.0,2119.0
2870668,2870669,61.0,1160944,1,2,0,1,1.0,25.0,2.0,-9.0,4.0,611M3,13.0,22744.0,2120.0
2870669,2870670,69.0,1160944,2,1,1,1,1.0,20.0,1.0,-9.0,4.0,611M3,13.0,22744.0,2120.0
2870670,2870671,21.0,1160944,3,1,2,1,1.0,24.0,5.0,15.0,4.0,5413,10.0,22744.0,2120.0
2870671,2870672,61.0,1160945,1,2,0,1,1.0,25.0,2.0,-9.0,4.0,611M3,13.0,22744.0,2120.0
2870672,2870673,69.0,1160945,2,1,1,1,1.0,20.0,1.0,-9.0,4.0,611M3,13.0,22744.0,2120.0
2870673,2870674,21.0,1160945,3,1,2,1,1.0,24.0,5.0,15.0,4.0,5413,10.0,22744.0,2120.0
2870674,2870675,61.0,1160946,1,2,0,1,1.0,25.0,2.0,-9.0,4.0,611M3,13.0,22738.0,2117.0
2870675,2870676,69.0,1160946,2,1,1,1,1.0,20.0,1.0,-9.0,4.0,611M3,13.0,22738.0,2117.0
2870676,2870677,21.0,1160946,3,1,2,1,1.0,24.0,5.0,15.0,4.0,5413,10.0,22738.0,2117.0
2870677,2870678,61.0,1160947,1,2,0,1,1.0,25.0,2.0,-9.0,4.0,611M3,13.0,22745.0,2121.0
2870678,2870679,69.0,1160947,2,1,1,1,1.0,20.0,1.0,-9.0,4.0,611M3,13.0,22745.0,2121.0
2870679,2870680,21.0,1160947,3,1,2,1,1.0,24.0,5.0,15.0,4.0,5413,10.0,22745.0,2121.0
2870680,2870681,61.0,1160948,1,2,0,1,1.0,25.0,2.0,-9.0,4.0,611M3,13.0,22740.0,2119.0
2870681,2870682,69.0,1160948,2,1,1,1,1.0,20.0,1.0,-9.0,4.0,611M3,13.0,22740.0,2119.0
2870682,2870683,21.0,1160948,3,1,2,1,1.0,24.0,5.0,15.0,4.0,5413,10.0,22740.0,2119.0
2870683,2870684,61.0,1160949,1,2,0,1,1.0,25.0,2.0,-9.0,4.0,611M3,13.0,22745.0,2121.0
2870684,2870685,69.0,1160949,2,1,1,1,1.0,20.0,1.0,-9.0,4.0,611M3,13.0,22745.0,2121.0
2870685,2870686,21.0,1160949,3,1,2,1,1.0,24.0,5.0,15.0,4.0,5413,10.0,22745.0,2121.0
2870686,2870687,61.0,1160950,1,2,0,1,1.0,25.0,2.0,-9.0,4.0,611M3,13.0,22738.0,2117.0
2870687,2870688,69.0,1160950,2,1,1,1,1.0,20.0,1.0,-9.0,4.0,611M3,13.0,22738.0,2117.0
2870688,2870689,21.0,1160950,3,1,2,1,1.0,24.0,5.0,15.0,4.0,5413,10.0,22738.0,2117.0
2870689,2870690,61.0,1160951,1,2,0,1,1.0,25.0,2.0,-9.0,4.0,611M3,13.0,22741.0,2119.0
2870690,2870691,69.0,1160951,2,1,1,1,1.0,20.0,1.0,-9.0,4.0,611M3,13.0,22741.0,2119.0
2870691,2870692,21.0,1160951,3,1,2,1,1.0,24.0,5.0,15.0,4.0,5413,10.0,22741.0,2119.0
2870692,2870693,61.0,1160952,1,2,0,1,1.0,25.0,2.0,-9.0,4.0,611M3,13.0,22745.0,2121.0
2870693,2870694,69.0,1160952,2,1,1,1,1.0,20.0,1.0,-9.0,4.0,611M3,13.0,22745.0,2121.0
2870694,2870695,21.0,1160952,3,1,2,1,1.0,24.0,5.0,15.0,4.0,5413,10.0,22745.0,2121.0
2870695,2870696,61.0,1160953,1,2,0,1,1.0,25.0,2.0,-9.0,4.0,611M3,13.0,22745.0,2121.0
2870696,2870697,69.0,1160953,2,1,1,1,1.0,20.0,1.0,-9.0,4.0,611M3,13.0,22745.0,2121.0
2870697,2870698,21.0,1160953,3,1,2,1,1.0,24.0,5.0,15.0,4.0,5413,10.0,22745.0,2121.0
2870698,2870699,61.0,1160954,1,2,0,1,1.0,25.0,2.0,-9.0,4.0,611M3,13.0,22740.0,2119.0
2870699,2870700,69.0,1160954,2,1,1,1,1.0,20.0,1.0,-9.0,4.0,611M3,13.0,22740.0,2119.0
2870700,2870701,21.0,1160954,3,1,2,1,1.0,24.0,5.0,15.0,4.0,5413,10.0,22740.0,2119.0
2870701,2870702,61.0,1160955,1,2,0,1,1.0,25.0,2.0,-9.0,4.0,611M3,13.0,22740.0,2119.0
2870702,2870703,69.0,1160955,2,1,1,1,1.0,20.0,1.0,-9.0,4.0,611M3,13.0,22740.0,2119.0
2870703,2870704,21.0,1160955,3,1,2,1,1.0,24.0,5.0,15.0,4.0,5413,10.0,22740.0,2119.0
2870704,2870705,61.0,1160956,1,2,0,1,1.0,25.0,2.0,-9.0,4.0,611M3,13.0,22741.0,2119.0
2870705,2870706,69.0,1160956,2,1,1,1,1.0,20.0,1.0,-9.0,4.0,611M3,13.0,22741.0,2119.0
2870706,2870707,21.0,1160956,3,1,2,1,1.0,24.0,5.0,15.0,4.0,5413,10.0,22741.0,2119.0
2870707,2870708,61.0,1160957,1,2,0,1,1.0,25.0,2.0,-9.0,4.0,611M3,13.0,22740.0,2119.0
2870708,2870709,69.0,1160957,2,1,1,1,1.0,20.0,1.0,-9.0,4.0,611M3,13.0,22740.0,2119.0
2870709,2870710,21.0,1160957,3,1,2,1,1.0,24.0,5.0,15.0,4.0,5413,10.0,22740.0,2119.0
2870710,2870711,61.0,1160958,1,2,0,1,1.0,25.0,2.0,-9.0,4.0,611M3,13.0,22740.0,2119.0
2870711,2870712,69.0,1160958,2,1,1,1,1.0,20.0,1.0,-9.0,4.0,611M3,13.0,22740.0,2119.0
2870712,2870713,21.0,1160958,3,1,2,1,1.0,24.0,5.0,15.0,4.0,5413,10.0,22740.0,2119.0
2870713,2870714,61.0,1160959,1,2,0,1,1.0,25.0,2.0,-9.0,4.0,611M3,13.0,22738.0,2117.0
2870714,2870715,69.0,1160959,2,1,1,1,1.0,20.0,1.0,-9.0,4.0,611M3,13.0,22738.0,2117.0
2870715,2870716,21.0,1160959,3,1,2,1,1.0,24.0,5.0,15.0,4.0,5413,10.0,22738.0,2117.0
2870716,2870717,61.0,1160960,1,2,0,1,1.0,25.0,2.0,-9.0,4.0,611M3,13.0,22740.0,2119.0
2870717,2870718,69.0,1160960,2,1,1,1,1.0,20.0,1.0,-9.0,4.0,611M3,13.0,22740.0,2119.0
2870718,2870719,21.0,1160960,3,1,2,1,1.0,24.0,5.0,15.0,4.0,5413,10.0,22740.0,2119.0
2870719,2870720,61.0,1160961,1,2,0,1,1.0,25.0,2.0,-9.0,4.0,611M3,13.0,22738.0,2117.0
2870720,2870721,69.0,1160961,2,1,1,1,1.0,20.0,1.0,-9.0,4.0,611M3,13.0,22738.0,2117.0
2870721,2870722,21.0,1160961,3,1,2,1,1.0,24.0,5.0,15.0,4.0,5413,10.0,22738.0,2117.0
2870722,2870723,61.0,1160962,1,2,0,1,1.0,25.0,2.0,-9.0,4.0,611M3,13.0,22744.0,2120.0
2870723,2870724,69.0,1160962,2,1,1,1,1.0,20.0,1.0,-9.0,4.0,611M3,13.0,22744.0,2120.0
2870724,2870725,21.0,1160962,3,1,2,1,1.0,24.0,5.0,15.0,4.0,5413,10.0,22744.0,2120.0
2870725,2870726,61.0,1160963,1,2,0,1,1.0,25.0,2.0,-9.0,4.0,611M3,13.0,22739.0,2118.0
2870726,2870727,69.0,1160963,2,1,1,1,1.0,20.0,1.0,-9.0,4.0,611M3,13.0,22739.0,2118.0
2870727,2870728,21.0,1160963,3,1,2,1,1.0,24.0,5.0,15.0,4.0,5413,10.0,22739.0,2118.0
2870728,2870729,49.0,1160964,1,2,0,1,1.0,45.0,1.0,15.0,4.0,611M1,13.0,22737.0,2116.0
2870729,2870730,20.0,1160964,2,2,2,1,1.0,30.0,1.0,-9.0,4.0,722Z,16.0,22737.0,2116.0
2870730,2870731,49.0,1160965,1,2,0,1,1.0,45.0,1.0,15.0,4.0,611M1,13.0,22741.0,2119.0
2870731,2870732,20.0,1160965,2,2,2,1,1.0,30.0,1.0,-9.0,4.0,722Z,16.0,22741.0,2119.0
2870732,2870733,49.0,1160966,1,2,0,1,1.0,45.0,1.0,15.0,4.0,611M1,13.0,22741.0,2119.0
2870733,2870734,20.0,1160966,2,2,2,1,1.0,30.0,1.0,-9.0,4.0,722Z,16.0,22741.0,2119.0
2870734,2870735,49.0,1160967,1,2,0,1,1.0,45.0,1.0,15.0,4.0,611M1,13.0,22742.0,2119.0
2870735,2870736,20.0,1160967,2,2,2,1,1.0,30.0,1.0,-9.0,4.0,722Z,16.0,22742.0,2119.0
2870736,2870737,57.0,1160968,1,2,0,1,1.0,40.0,1.0,-9.0,4.0,23,2.0,22741.0,2119.0
2870737,2870738,45.0,1160969,1,1,0,1,1.0,60.0,1.0,-9.0,4.0,4853,6.0,22737.0,2116.0
2870738,2870739,40.0,1160969,2,2,1,1,6.0,-9.0,-9.0,-9.0,4.0,-9,0.0,22737.0,2116.0
2870739,2870740,21.0,1160969,3,2,2,1,1.0,22.0,5.0,15.0,4.0,713Z,16.0,22737.0,2116.0
2870740,2870741,20.0,1160969,4,2,2,1,6.0,-9.0,-9.0,14.0,4.0,-9,0.0,22737.0,2116.0
2870741,2870742,16.0,1160969,5,1,2,1,6.0,-9.0,-9.0,13.0,-9.0,-9,0.0,22737.0,2116.0
2870742,2870743,45.0,1160970,1,1,0,1,1.0,60.0,1.0,-9.0,4.0,4853,6.0,22744.0,2120.0
2870743,2870744,40.0,1160970,2,2,1,1,6.0,-9.0,-9.0,-9.0,4.0,-9,0.0,22744.0,2120.0
2870744,2870745,21.0,1160970,3,2,2,1,1.0,22.0,5.0,15.0,4.0,713Z,16.0,22744.0,2120.0
2870745,2870746,20.0,1160970,4,2,2,1,6.0,-9.0,-9.0,14.0,4.0,-9,0.0,22744.0,2120.0
2870746,2870747,16.0,1160970,5,1,2,1,6.0,-9.0,-9.0,13.0,-9.0,-9,0.0,22744.0,2120.0
2870747,2870748,45.0,1160971,1,1,0,1,1.0,60.0,1.0,-9.0,4.0,4853,6.0,22745.0,2121.0
2870748,2870749,40.0,1160971,2,2,1,1,6.0,-9.0,-9.0,-9.0,4.0,-9,0.0,22745.0,2121.0
2870749,2870750,21.0,1160971,3,2,2,1,1.0,22.0,5.0,15.0,4.0,713Z,16.0,22745.0,2121.0
2870750,2870751,20.0,1160971,4,2,2,1,6.0,-9.0,-9.0,14.0,4.0,-9,0.0,22745.0,2121.0
2870751,2870752,16.0,1160971,5,1,2,1,6.0,-9.0,-9.0,13.0,-9.0,-9,0.0,22745.0,2121.0
2870752,2870753,45.0,1160972,1,1,0,1,1.0,60.0,1.0,-9.0,4.0,4853,6.0,22743.0,2119.0
2870753,2870754,40.0,1160972,2,2,1,1,6.0,-9.0,-9.0,-9.0,4.0,-9,0.0,22743.0,2119.0
2870754,2870755,21.0,1160972,3,2,2,1,1.0,22.0,5.0,15.0,4.0,713Z,16.0,22743.0,2119.0
2870755,2870756,20.0,1160972,4,2,2,1,6.0,-9.0,-9.0,14.0,4.0,-9,0.0,22743.0,2119.0
2870756,2870757,16.0,1160972,5,1,2,1,6.0,-9.0,-9.0,13.0,-9.0,-9,0.0,22743.0,2119.0
2870757,2870758,45.0,1160973,1,1,0,1,1.0,60.0,1.0,-9.0,4.0,4853,6.0,22744.0,2120.0
2870758,2870759,40.0,1160973,2,2,1,1,6.0,-9.0,-9.0,-9.0,4.0,-9,0.0,22744.0,2120.0
2870759,2870760,21.0,1160973,3,2,2,1,1.0,22.0,5.0,15.0,4.0,713Z,16.0,22744.0,2120.0
2870760,2870761,20.0,1160973,4,2,2,1,6.0,-9.0,-9.0,14.0,4.0,-9,0.0,22744.0,2120.0
2870761,2870762,16.0,1160973,5,1,2,1,6.0,-9.0,-9.0,13.0,-9.0,-9,0.0,22744.0,2120.0
2870762,2870763,45.0,1160974,1,1,0,1,1.0,60.0,1.0,-9.0,4.0,4853,6.0,22737.0,2116.0
2870763,2870764,40.0,1160974,2,2,1,1,6.0,-9.0,-9.0,-9.0,4.0,-9,0.0,22737.0,2116.0
2870764,2870765,21.0,1160974,3,2,2,1,1.0,22.0,5.0,15.0,4.0,713Z,16.0,22737.0,2116.0
2870765,2870766,20.0,1160974,4,2,2,1,6.0,-9.0,-9.0,14.0,4.0,-9,0.0,22737.0,2116.0
2870766,2870767,16.0,1160974,5,1,2,1,6.0,-9.0,-9.0,13.0,-9.0,-9,0.0,22737.0,2116.0
2870767,2870768,45.0,1160975,1,1,0,1,1.0,60.0,1.0,-9.0,4.0,4853,6.0,22740.0,2119.0
2870768,2870769,40.0,1160975,2,2,1,1,6.0,-9.0,-9.0,-9.0,4.0,-9,0.0,22740.0,2119.0
2870769,2870770,21.0,1160975,3,2,2,1,1.0,22.0,5.0,15.0,4.0,713Z,16.0,22740.0,2119.0
2870770,2870771,20.0,1160975,4,2,2,1,6.0,-9.0,-9.0,14.0,4.0,-9,0.0,22740.0,2119.0
2870771,2870772,16.0,1160975,5,1,2,1,6.0,-9.0,-9.0,13.0,-9.0,-9,0.0,22740.0,2119.0
2870772,2870773,45.0,1160976,1,1,0,1,1.0,60.0,1.0,-9.0,4.0,4853,6.0,22740.0,2119.0
2870773,2870774,40.0,1160976,2,2,1,1,6.0,-9.0,-9.0,-9.0,4.0,-9,0.0,22740.0,2119.0
2870774,2870775,21.0,1160976,3,2,2,1,1.0,22.0,5.0,15.0,4.0,713Z,16.0,22740.0,2119.0
2870775,2870776,20.0,1160976,4,2,2,1,6.0,-9.0,-9.0,14.0,4.0,-9,0.0,22740.0,2119.0
2870776,2870777,16.0,1160976,5,1,2,1,6.0,-9.0,-9.0,13.0,-9.0,-9,0.0,22740.0,2119.0
2870777,2870778,45.0,1160977,1,1,0,1,1.0,60.0,1.0,-9.0,4.0,4853,6.0,22737.0,2116.0
2870778,2870779,40.0,1160977,2,2,1,1,6.0,-9.0,-9.0,-9.0,4.0,-9,0.0,22737.0,2116.0
2870779,2870780,21.0,1160977,3,2,2,1,1.0,22.0,5.0,15.0,4.0,713Z,16.0,22737.0,2116.0
2870780,2870781,20.0,1160977,4,2,2,1,6.0,-9.0,-9.0,14.0,4.0,-9,0.0,22737.0,2116.0
2870781,2870782,16.0,1160977,5,1,2,1,6.0,-9.0,-9.0,13.0,-9.0,-9,0.0,22737.0,2116.0
2870782,2870783,45.0,1160978,1,1,0,1,1.0,60.0,1.0,-9.0,4.0,4853,6.0,22741.0,2119.0
2870783,2870784,40.0,1160978,2,2,1,1,6.0,-9.0,-9.0,-9.0,4.0,-9,0.0,22741.0,2119.0
2870784,2870785,21.0,1160978,3,2,2,1,1.0,22.0,5.0,15.0,4.0,713Z,16.0,22741.0,2119.0
2870785,2870786,20.0,1160978,4,2,2,1,6.0,-9.0,-9.0,14.0,4.0,-9,0.0,22741.0,2119.0
2870786,2870787,16.0,1160978,5,1,2,1,6.0,-9.0,-9.0,13.0,-9.0,-9,0.0,22741.0,2119.0
2870787,2870788,45.0,1160979,1,1,0,1,1.0,60.0,1.0,-9.0,4.0,4853,6.0,22738.0,2117.0
2870788,2870789,40.0,1160979,2,2,1,1,6.0,-9.0,-9.0,-9.0,4.0,-9,0.0,22738.0,2117.0
2870789,2870790,21.0,1160979,3,2,2,1,1.0,22.0,5.0,15.0,4.0,713Z,16.0,22738.0,2117.0
2870790,2870791,20.0,1160979,4,2,2,1,6.0,-9.0,-9.0,14.0,4.0,-9,0.0,22738.0,2117.0
2870791,2870792,16.0,1160979,5,1,2,1,6.0,-9.0,-9.0,13.0,-9.0,-9,0.0,22738.0,2117.0
2870792,2870793,45.0,1160980,1,1,0,1,1.0,60.0,1.0,-9.0,4.0,4853,6.0,22744.0,2120.0
2870793,2870794,40.0,1160980,2,2,1,1,6.0,-9.0,-9.0,-9.0,4.0,-9,0.0,22744.0,2120.0
2870794,2870795,21.0,1160980,3,2,2,1,1.0,22.0,5.0,15.0,4.0,713Z,16.0,22744.0,2120.0
2870795,2870796,20.0,1160980,4,2,2,1,6.0,-9.0,-9.0,14.0,4.0,-9,0.0,22744.0,2120.0
2870796,2870797,16.0,1160980,5,1,2,1,6.0,-9.0,-9.0,13.0,-9.0,-9,0.0,22744.0,2120.0
2870797,2870798,45.0,1160981,1,1,0,1,1.0,60.0,1.0,-9.0,4.0,4853,6.0,22747.0,2123.0
2870798,2870799,40.0,1160981,2,2,1,1,6.0,-9.0,-9.0,-9.0,4.0,-9,0.0,22747.0,2123.0
2870799,2870800,21.0,1160981,3,2,2,1,1.0,22.0,5.0,15.0,4.0,713Z,16.0,22747.0,2123.0
2870800,2870801,20.0,1160981,4,2,2,1,6.0,-9.0,-9.0,14.0,4.0,-9,0.0,22747.0,2123.0
2870801,2870802,16.0,1160981,5,1,2,1,6.0,-9.0,-9.0,13.0,-9.0,-9,0.0,22747.0,2123.0
2870802,2870803,26.0,1160982,1,2,0,4,1.0,40.0,3.0,16.0,4.0,611M1,13.0,22740.0,2119.0
2870803,2870804,24.0,1160982,2,2,12,4,6.0,-9.0,-9.0,16.0,4.0,-9,0.0,22740.0,2119.0
2870804,2870805,26.0,1160983,1,2,0,4,1.0,40.0,3.0,16.0,4.0,611M1,13.0,22744.0,2120.0
2870805,2870806,24.0,1160983,2,2,12,4,6.0,-9.0,-9.0,16.0,4.0,-9,0.0,22744.0,2120.0
2870806,2870807,26.0,1160984,1,2,0,4,1.0,40.0,3.0,16.0,4.0,611M1,13.0,22742.0,2119.0
2870807,2870808,24.0,1160984,2,2,12,4,6.0,-9.0,-9.0,16.0,4.0,-9,0.0,22742.0,2119.0
2870808,2870809,26.0,1160985,1,2,0,4,1.0,40.0,3.0,16.0,4.0,611M1,13.0,22741.0,2119.0
2870809,2870810,24.0,1160985,2,2,12,4,6.0,-9.0,-9.0,16.0,4.0,-9,0.0,22741.0,2119.0
2870810,2870811,26.0,1160986,1,2,0,4,1.0,40.0,3.0,16.0,4.0,611M1,13.0,22744.0,2120.0
2870811,2870812,24.0,1160986,2,2,12,4,6.0,-9.0,-9.0,16.0,4.0,-9,0.0,22744.0,2120.0
2870812,2870813,26.0,1160987,1,2,0,4,1.0,40.0,3.0,16.0,4.0,611M1,13.0,22738.0,2117.0
2870813,2870814,24.0,1160987,2,2,12,4,6.0,-9.0,-9.0,16.0,4.0,-9,0.0,22738.0,2117.0
2870814,2870815,26.0,1160988,1,2,0,4,1.0,40.0,3.0,16.0,4.0,611M1,13.0,22745.0,2121.0
2870815,2870816,24.0,1160988,2,2,12,4,6.0,-9.0,-9.0,16.0,4.0,-9,0.0,22745.0,2121.0
2870816,2870817,26.0,1160989,1,2,0,4,1.0,40.0,3.0,16.0,4.0,611M1,13.0,22741.0,2119.0
2870817,2870818,24.0,1160989,2,2,12,4,6.0,-9.0,-9.0,16.0,4.0,-9,0.0,22741.0,2119.0
2870818,2870819,26.0,1160990,1,2,0,4,1.0,40.0,3.0,16.0,4.0,611M1,13.0,22740.0,2119.0
2870819,2870820,24.0,1160990,2,2,12,4,6.0,-9.0,-9.0,16.0,4.0,-9,0.0,22740.0,2119.0
2870820,2870821,26.0,1160991,1,2,0,4,1.0,40.0,3.0,16.0,4.0,611M1,13.0,22741.0,2119.0
2870821,2870822,24.0,1160991,2,2,12,4,6.0,-9.0,-9.0,16.0,4.0,-9,0.0,22741.0,2119.0
2870822,2870823,26.0,1160992,1,2,0,4,1.0,40.0,3.0,16.0,4.0,611M1,13.0,22740.0,2119.0
2870823,2870824,24.0,1160992,2,2,12,4,6.0,-9.0,-9.0,16.0,4.0,-9,0.0,22740.0,2119.0
2870824,2870825,26.0,1160993,1,2,0,4,1.0,40.0,3.0,16.0,4.0,611M1,13.0,22737.0,2116.0
2870825,2870826,24.0,1160993,2,2,12,4,6.0,-9.0,-9.0,16.0,4.0,-9,0.0,22737.0,2116.0
2870826,2870827,26.0,1160994,1,2,0,4,1.0,40.0,3.0,16.0,4.0,611M1,13.0,22737.0,2116.0
2870827,2870828,24.0,1160994,2,2,12,4,6.0,-9.0,-9.0,16.0,4.0,-9,0.0,22737.0,2116.0
2870828,2870829,26.0,1160995,1,2,0,4,1.0,40.0,3.0,16.0,4.0,611M1,13.0,22741.0,2119.0
2870829,2870830,24.0,1160995,2,2,12,4,6.0,-9.0,-9.0,16.0,4.0,-9,0.0,22741.0,2119.0
2870830,2870831,26.0,1160996,1,2,0,4,1.0,40.0,3.0,16.0,4.0,611M1,13.0,22740.0,2119.0
2870831,2870832,24.0,1160996,2,2,12,4,6.0,-9.0,-9.0,16.0,4.0,-9,0.0,22740.0,2119.0
2870832,2870833,26.0,1160997,1,2,0,4,1.0,40.0,3.0,16.0,4.0,611M1,13.0,22744.0,2120.0
2870833,2870834,24.0,1160997,2,2,12,4,6.0,-9.0,-9.0,16.0,4.0,-9,0.0,22744.0,2120.0
2870834,2870835,26.0,1160998,1,2,0,4,1.0,40.0,3.0,16.0,4.0,611M1,13.0,22744.0,2120.0
2870835,2870836,24.0,1160998,2,2,12,4,6.0,-9.0,-9.0,16.0,4.0,-9,0.0,22744.0,2120.0
2870836,2870837,26.0,1160999,1,2,0,4,1.0,40.0,3.0,16.0,4.0,611M1,13.0,22737.0,2116.0
2870837,2870838,24.0,1160999,2,2,12,4,6.0,-9.0,-9.0,16.0,4.0,-9,0.0,22737.0,2116.0
2870838,2870839,26.0,1161000,1,2,0,4,1.0,40.0,3.0,16.0,4.0,611M1,13.0,22747.0,2123.0
2870839,2870840,24.0,1161000,2,2,12,4,6.0,-9.0,-9.0,16.0,4.0,-9,0.0,22747.0,2123.0
2870840,2870841,26.0,1161001,1,2,0,4,1.0,40.0,3.0,16.0,4.0,611M1,13.0,22747.0,2123.0
2870841,2870842,24.0,1161001,2,2,12,4,6.0,-9.0,-9.0,16.0,4.0,-9,0.0,22747.0,2123.0
2870842,2870843,26.0,1161002,1,2,0,4,1.0,40.0,3.0,16.0,4.0,611M1,13.0,22737.0,2116.0
2870843,2870844,24.0,1161002,2,2,12,4,6.0,-9.0,-9.0,16.0,4.0,-9,0.0,22737.0,2116.0
2870844,2870845,26.0,1161003,1,2,0,4,1.0,40.0,3.0,16.0,4.0,611M1,13.0,22740.0,2119.0
2870845,2870846,24.0,1161003,2,2,12,4,6.0,-9.0,-9.0,16.0,4.0,-9,0.0,22740.0,2119.0
2870846,2870847,26.0,1161004,1,2,0,4,1.0,40.0,3.0,16.0,4.0,611M1,13.0,22737.0,2116.0
2870847,2870848,24.0,1161004,2,2,12,4,6.0,-9.0,-9.0,16.0,4.0,-9,0.0,22737.0,2116.0
2870848,2870849,26.0,1161005,1,2,0,4,1.0,40.0,3.0,16.0,4.0,611M1,13.0,22742.0,2119.0
2870849,2870850,24.0,1161005,2,2,12,4,6.0,-9.0,-9.0,16.0,4.0,-9,0.0,22742.0,2119.0
2870850,2870851,26.0,1161006,1,2,0,4,1.0,40.0,3.0,16.0,4.0,611M1,13.0,22741.0,2119.0
2870851,2870852,24.0,1161006,2,2,12,4,6.0,-9.0,-9.0,16.0,4.0,-9,0.0,22741.0,2119.0
2870852,2870853,26.0,1161007,1,2,0,4,1.0,40.0,3.0,16.0,4.0,611M1,13.0,22738.0,2117.0
2870853,2870854,24.0,1161007,2,2,12,4,6.0,-9.0,-9.0,16.0,4.0,-9,0.0,22738.0,2117.0
2870854,2870855,26.0,1161008,1,2,0,4,1.0,40.0,3.0,16.0,4.0,611M1,13.0,22745.0,2121.0
2870855,2870856,24.0,1161008,2,2,12,4,6.0,-9.0,-9.0,16.0,4.0,-9,0.0,22745.0,2121.0
2870856,2870857,26.0,1161009,1,2,0,4,1.0,40.0,3.0,16.0,4.0,611M1,13.0,22738.0,2117.0
2870857,2870858,24.0,1161009,2,2,12,4,6.0,-9.0,-9.0,16.0,4.0,-9,0.0,22738.0,2117.0
2870858,2870859,26.0,1161010,1,2,0,4,1.0,40.0,3.0,16.0,4.0,611M1,13.0,22740.0,2119.0
2870859,2870860,24.0,1161010,2,2,12,4,6.0,-9.0,-9.0,16.0,4.0,-9,0.0,22740.0,2119.0
2870860,2870861,26.0,1161011,1,2,0,4,1.0,40.0,3.0,16.0,4.0,611M1,13.0,22737.0,2116.0
2870861,2870862,24.0,1161011,2,2,12,4,6.0,-9.0,-9.0,16.0,4.0,-9,0.0,22737.0,2116.0
2870862,2870863,26.0,1161012,1,2,0,4,1.0,40.0,3.0,16.0,4.0,611M1,13.0,22747.0,2123.0
2870863,2870864,24.0,1161012,2,2,12,4,6.0,-9.0,-9.0,16.0,4.0,-9,0.0,22747.0,2123.0
2870864,2870865,26.0,1161013,1,2,0,4,1.0,40.0,3.0,16.0,4.0,611M1,13.0,22742.0,2119.0
2870865,2870866,24.0,1161013,2,2,12,4,6.0,-9.0,-9.0,16.0,4.0,-9,0.0,22742.0,2119.0
2870866,2870867,26.0,1161014,1,2,0,4,1.0,40.0,3.0,16.0,4.0,611M1,13.0,22741.0,2119.0
2870867,2870868,24.0,1161014,2,2,12,4,6.0,-9.0,-9.0,16.0,4.0,-9,0.0,22741.0,2119.0
2870868,2870869,26.0,1161015,1,2,0,4,1.0,40.0,3.0,16.0,4.0,611M1,13.0,22745.0,2121.0
2870869,2870870,24.0,1161015,2,2,12,4,6.0,-9.0,-9.0,16.0,4.0,-9,0.0,22745.0,2121.0
2870870,2870871,26.0,1161016,1,2,0,4,1.0,40.0,3.0,16.0,4.0,611M1,13.0,22739.0,2118.0
2870871,2870872,24.0,1161016,2,2,12,4,6.0,-9.0,-9.0,16.0,4.0,-9,0.0,22739.0,2118.0
2870872,2870873,26.0,1161017,1,2,0,4,1.0,40.0,3.0,16.0,4.0,611M1,13.0,22740.0,2119.0
2870873,2870874,24.0,1161017,2,2,12,4,6.0,-9.0,-9.0,16.0,4.0,-9,0.0,22740.0,2119.0
2870874,2870875,26.0,1161018,1,2,0,4,1.0,40.0,3.0,16.0,4.0,611M1,13.0,22740.0,2119.0
2870875,2870876,24.0,1161018,2,2,12,4,6.0,-9.0,-9.0,16.0,4.0,-9,0.0,22740.0,2119.0
2870876,2870877,26.0,1161019,1,2,0,4,1.0,40.0,3.0,16.0,4.0,611M1,13.0,22743.0,2119.0
2870877,2870878,24.0,1161019,2,2,12,4,6.0,-9.0,-9.0,16.0,4.0,-9,0.0,22743.0,2119.0
2870878,2870879,26.0,1161020,1,2,0,4,1.0,40.0,3.0,16.0,4.0,611M1,13.0,22747.0,2123.0
2870879,2870880,24.0,1161020,2,2,12,4,6.0,-9.0,-9.0,16.0,4.0,-9,0.0,22747.0,2123.0
2870880,2870881,26.0,1161021,1,2,0,4,1.0,40.0,3.0,16.0,4.0,611M1,13.0,22743.0,2119.0
2870881,2870882,24.0,1161021,2,2,12,4,6.0,-9.0,-9.0,16.0,4.0,-9,0.0,22743.0,2119.0
2870882,2870883,26.0,1161022,1,2,0,4,1.0,40.0,3.0,16.0,4.0,611M1,13.0,22740.0,2119.0
2870883,2870884,24.0,1161022,2,2,12,4,6.0,-9.0,-9.0,16.0,4.0,-9,0.0,22740.0,2119.0
2870884,2870885,26.0,1161023,1,2,0,4,1.0,40.0,3.0,16.0,4.0,611M1,13.0,22747.0,2123.0
2870885,2870886,24.0,1161023,2,2,12,4,6.0,-9.0,-9.0,16.0,4.0,-9,0.0,22747.0,2123.0
2870886,2870887,26.0,1161024,1,2,0,4,1.0,40.0,3.0,16.0,4.0,611M1,13.0,22745.0,2121.0
2870887,2870888,24.0,1161024,2,2,12,4,6.0,-9.0,-9.0,16.0,4.0,-9,0.0,22745.0,2121.0
2870888,2870889,26.0,1161025,1,2,0,4,1.0,40.0,3.0,16.0,4.0,611M1,13.0,22744.0,2120.0
2870889,2870890,24.0,1161025,2,2,12,4,6.0,-9.0,-9.0,16.0,4.0,-9,0.0,22744.0,2120.0
2870890,2870891,26.0,1161026,1,2,0,4,1.0,40.0,3.0,16.0,4.0,611M1,13.0,22737.0,2116.0
2870891,2870892,24.0,1161026,2,2,12,4,6.0,-9.0,-9.0,16.0,4.0,-9,0.0,22737.0,2116.0
2870892,2870893,26.0,1161027,1,2,0,4,1.0,40.0,3.0,16.0,4.0,611M1,13.0,22737.0,2116.0
2870893,2870894,24.0,1161027,2,2,12,4,6.0,-9.0,-9.0,16.0,4.0,-9,0.0,22737.0,2116.0
2870894,2870895,26.0,1161028,1,2,0,4,1.0,40.0,3.0,16.0,4.0,611M1,13.0,22740.0,2119.0
2870895,2870896,24.0,1161028,2,2,12,4,6.0,-9.0,-9.0,16.0,4.0,-9,0.0,22740.0,2119.0
2870896,2870897,26.0,1161029,1,2,0,4,1.0,40.0,3.0,16.0,4.0,611M1,13.0,22745.0,2121.0
2870897,2870898,24.0,1161029,2,2,12,4,6.0,-9.0,-9.0,16.0,4.0,-9,0.0,22745.0,2121.0
2870898,2870899,26.0,1161030,1,2,0,4,1.0,40.0,3.0,16.0,4.0,611M1,13.0,22740.0,2119.0
2870899,2870900,24.0,1161030,2,2,12,4,6.0,-9.0,-9.0,16.0,4.0,-9,0.0,22740.0,2119.0
2870900,2870901,26.0,1161031,1,2,0,4,1.0,40.0,3.0,16.0,4.0,611M1,13.0,22747.0,2123.0
2870901,2870902,24.0,1161031,2,2,12,4,6.0,-9.0,-9.0,16.0,4.0,-9,0.0,22747.0,2123.0
2870902,2870903,26.0,1161032,1,2,0,4,1.0,40.0,3.0,16.0,4.0,611M1,13.0,22747.0,2123.0
2870903,2870904,24.0,1161032,2,2,12,4,6.0,-9.0,-9.0,16.0,4.0,-9,0.0,22747.0,2123.0
2870904,2870905,31.0,1161033,1,1,0,1,1.0,45.0,1.0,16.0,4.0,622M,15.0,22742.0,2119.0
2870905,2870906,24.0,1161033,2,1,12,1,1.0,50.0,1.0,16.0,4.0,622M,15.0,22742.0,2119.0
2870906,2870907,31.0,1161034,1,1,0,1,1.0,45.0,1.0,16.0,4.0,622M,15.0,22739.0,2118.0
2870907,2870908,24.0,1161034,2,1,12,1,1.0,50.0,1.0,16.0,4.0,622M,15.0,22739.0,2118.0
2870908,2870909,31.0,1161035,1,1,0,1,1.0,45.0,1.0,16.0,4.0,622M,15.0,22744.0,2120.0
2870909,2870910,24.0,1161035,2,1,12,1,1.0,50.0,1.0,16.0,4.0,622M,15.0,22744.0,2120.0
2870910,2870911,31.0,1161036,1,1,0,1,1.0,45.0,1.0,16.0,4.0,622M,15.0,22744.0,2120.0
2870911,2870912,24.0,1161036,2,1,12,1,1.0,50.0,1.0,16.0,4.0,622M,15.0,22744.0,2120.0
2870912,2870913,31.0,1161037,1,1,0,1,1.0,45.0,1.0,16.0,4.0,622M,15.0,22739.0,2118.0
2870913,2870914,24.0,1161037,2,1,12,1,1.0,50.0,1.0,16.0,4.0,622M,15.0,22739.0,2118.0
2870914,2870915,31.0,1161038,1,1,0,1,1.0,45.0,1.0,16.0,4.0,622M,15.0,22742.0,2119.0
2870915,2870916,24.0,1161038,2,1,12,1,1.0,50.0,1.0,16.0,4.0,622M,15.0,22742.0,2119.0
2870916,2870917,31.0,1161039,1,1,0,1,1.0,45.0,1.0,16.0,4.0,622M,15.0,22741.0,2119.0
2870917,2870918,24.0,1161039,2,1,12,1,1.0,50.0,1.0,16.0,4.0,622M,15.0,22741.0,2119.0
2870918,2870919,31.0,1161040,1,1,0,1,1.0,45.0,1.0,16.0,4.0,622M,15.0,22739.0,2118.0
2870919,2870920,24.0,1161040,2,1,12,1,1.0,50.0,1.0,16.0,4.0,622M,15.0,22739.0,2118.0
2870920,2870921,31.0,1161041,1,1,0,1,1.0,45.0,1.0,16.0,4.0,622M,15.0,22737.0,2116.0
2870921,2870922,24.0,1161041,2,1,12,1,1.0,50.0,1.0,16.0,4.0,622M,15.0,22737.0,2116.0
2870922,2870923,31.0,1161042,1,1,0,1,1.0,45.0,1.0,16.0,4.0,622M,15.0,22744.0,2120.0
2870923,2870924,24.0,1161042,2,1,12,1,1.0,50.0,1.0,16.0,4.0,622M,15.0,22744.0,2120.0
2870924,2870925,31.0,1161043,1,1,0,1,1.0,45.0,1.0,16.0,4.0,622M,15.0,22740.0,2119.0
2870925,2870926,24.0,1161043,2,1,12,1,1.0,50.0,1.0,16.0,4.0,622M,15.0,22740.0,2119.0
2870926,2870927,31.0,1161044,1,1,0,1,1.0,45.0,1.0,16.0,4.0,622M,15.0,22745.0,2121.0
2870927,2870928,24.0,1161044,2,1,12,1,1.0,50.0,1.0,16.0,4.0,622M,15.0,22745.0,2121.0
2870928,2870929,31.0,1161045,1,1,0,1,1.0,45.0,1.0,16.0,4.0,622M,15.0,22740.0,2119.0
2870929,2870930,24.0,1161045,2,1,12,1,1.0,50.0,1.0,16.0,4.0,622M,15.0,22740.0,2119.0
2870930,2870931,31.0,1161046,1,1,0,1,1.0,45.0,1.0,16.0,4.0,622M,15.0,22741.0,2119.0
2870931,2870932,24.0,1161046,2,1,12,1,1.0,50.0,1.0,16.0,4.0,622M,15.0,22741.0,2119.0
2870932,2870933,31.0,1161047,1,1,0,1,1.0,45.0,1.0,16.0,4.0,622M,15.0,22745.0,2121.0
2870933,2870934,24.0,1161047,2,1,12,1,1.0,50.0,1.0,16.0,4.0,622M,15.0,22745.0,2121.0
2870934,2870935,31.0,1161048,1,1,0,1,1.0,45.0,1.0,16.0,4.0,622M,15.0,22737.0,2116.0
2870935,2870936,24.0,1161048,2,1,12,1,1.0,50.0,1.0,16.0,4.0,622M,15.0,22737.0,2116.0
2870936,2870937,31.0,1161049,1,1,0,1,1.0,45.0,1.0,16.0,4.0,622M,15.0,22747.0,2123.0
2870937,2870938,24.0,1161049,2,1,12,1,1.0,50.0,1.0,16.0,4.0,622M,15.0,22747.0,2123.0
2870938,2870939,31.0,1161050,1,1,0,1,1.0,45.0,1.0,16.0,4.0,622M,15.0,22744.0,2120.0
2870939,2870940,24.0,1161050,2,1,12,1,1.0,50.0,1.0,16.0,4.0,622M,15.0,22744.0,2120.0
2870940,2870941,31.0,1161051,1,1,0,1,1.0,45.0,1.0,16.0,4.0,622M,15.0,22744.0,2120.0
2870941,2870942,24.0,1161051,2,1,12,1,1.0,50.0,1.0,16.0,4.0,622M,15.0,22744.0,2120.0
2870942,2870943,31.0,1161052,1,1,0,1,1.0,45.0,1.0,16.0,4.0,622M,15.0,22737.0,2116.0
2870943,2870944,24.0,1161052,2,1,12,1,1.0,50.0,1.0,16.0,4.0,622M,15.0,22737.0,2116.0
2870944,2870945,31.0,1161053,1,1,0,1,1.0,45.0,1.0,16.0,4.0,622M,15.0,22747.0,2123.0
2870945,2870946,24.0,1161053,2,1,12,1,1.0,50.0,1.0,16.0,4.0,622M,15.0,22747.0,2123.0
2870946,2870947,31.0,1161054,1,1,0,1,1.0,45.0,1.0,16.0,4.0,622M,15.0,22741.0,2119.0
2870947,2870948,24.0,1161054,2,1,12,1,1.0,50.0,1.0,16.0,4.0,622M,15.0,22741.0,2119.0
2870948,2870949,31.0,1161055,1,1,0,1,1.0,45.0,1.0,16.0,4.0,622M,15.0,22737.0,2116.0
2870949,2870950,24.0,1161055,2,1,12,1,1.0,50.0,1.0,16.0,4.0,622M,15.0,22737.0,2116.0
2870950,2870951,31.0,1161056,1,1,0,1,1.0,45.0,1.0,16.0,4.0,622M,15.0,22744.0,2120.0
2870951,2870952,24.0,1161056,2,1,12,1,1.0,50.0,1.0,16.0,4.0,622M,15.0,22744.0,2120.0
2870952,2870953,31.0,1161057,1,1,0,1,1.0,45.0,1.0,16.0,4.0,622M,15.0,22740.0,2119.0
2870953,2870954,24.0,1161057,2,1,12,1,1.0,50.0,1.0,16.0,4.0,622M,15.0,22740.0,2119.0
2870954,2870955,31.0,1161058,1,1,0,1,1.0,45.0,1.0,16.0,4.0,622M,15.0,22744.0,2120.0
2870955,2870956,24.0,1161058,2,1,12,1,1.0,50.0,1.0,16.0,4.0,622M,15.0,22744.0,2120.0
2870956,2870957,31.0,1161059,1,1,0,1,1.0,45.0,1.0,16.0,4.0,622M,15.0,22738.0,2117.0
2870957,2870958,24.0,1161059,2,1,12,1,1.0,50.0,1.0,16.0,4.0,622M,15.0,22738.0,2117.0
2870958,2870959,31.0,1161060,1,1,0,1,1.0,45.0,1.0,16.0,4.0,622M,15.0,22747.0,2123.0
2870959,2870960,24.0,1161060,2,1,12,1,1.0,50.0,1.0,16.0,4.0,622M,15.0,22747.0,2123.0
2870960,2870961,31.0,1161061,1,1,0,1,1.0,45.0,1.0,16.0,4.0,622M,15.0,22740.0,2119.0
2870961,2870962,24.0,1161061,2,1,12,1,1.0,50.0,1.0,16.0,4.0,622M,15.0,22740.0,2119.0
2870962,2870963,31.0,1161062,1,1,0,1,1.0,45.0,1.0,16.0,4.0,622M,15.0,22744.0,2120.0
2870963,2870964,24.0,1161062,2,1,12,1,1.0,50.0,1.0,16.0,4.0,622M,15.0,22744.0,2120.0
2870964,2870965,31.0,1161063,1,1,0,1,1.0,45.0,1.0,16.0,4.0,622M,15.0,22737.0,2116.0
2870965,2870966,24.0,1161063,2,1,12,1,1.0,50.0,1.0,16.0,4.0,622M,15.0,22737.0,2116.0
2870966,2870967,31.0,1161064,1,1,0,1,1.0,45.0,1.0,16.0,4.0,622M,15.0,22747.0,2123.0
2870967,2870968,24.0,1161064,2,1,12,1,1.0,50.0,1.0,16.0,4.0,622M,15.0,22747.0,2123.0
2870968,2870969,31.0,1161065,1,1,0,1,1.0,45.0,1.0,16.0,4.0,622M,15.0,22740.0,2119.0
2870969,2870970,24.0,1161065,2,1,12,1,1.0,50.0,1.0,16.0,4.0,622M,15.0,22740.0,2119.0
2870970,2870971,31.0,1161066,1,1,0,1,1.0,45.0,1.0,16.0,4.0,622M,15.0,22744.0,2120.0
2870971,2870972,24.0,1161066,2,1,12,1,1.0,50.0,1.0,16.0,4.0,622M,15.0,22744.0,2120.0
2870972,2870973,31.0,1161067,1,1,0,1,1.0,45.0,1.0,16.0,4.0,622M,15.0,22741.0,2119.0
2870973,2870974,24.0,1161067,2,1,12,1,1.0,50.0,1.0,16.0,4.0,622M,15.0,22741.0,2119.0
2870974,2870975,31.0,1161068,1,1,0,1,1.0,45.0,1.0,16.0,4.0,622M,15.0,22740.0,2119.0
2870975,2870976,24.0,1161068,2,1,12,1,1.0,50.0,1.0,16.0,4.0,622M,15.0,22740.0,2119.0
2870976,2870977,31.0,1161069,1,1,0,1,1.0,45.0,1.0,16.0,4.0,622M,15.0,22740.0,2119.0
2870977,2870978,24.0,1161069,2,1,12,1,1.0,50.0,1.0,16.0,4.0,622M,15.0,22740.0,2119.0
2870978,2870979,31.0,1161070,1,1,0,1,1.0,45.0,1.0,16.0,4.0,622M,15.0,22740.0,2119.0
2870979,2870980,24.0,1161070,2,1,12,1,1.0,50.0,1.0,16.0,4.0,622M,15.0,22740.0,2119.0
2870980,2870981,31.0,1161071,1,1,0,1,1.0,45.0,1.0,16.0,4.0,622M,15.0,22741.0,2119.0
2870981,2870982,24.0,1161071,2,1,12,1,1.0,50.0,1.0,16.0,4.0,622M,15.0,22741.0,2119.0
2870982,2870983,31.0,1161072,1,1,0,1,1.0,45.0,1.0,16.0,4.0,622M,15.0,22744.0,2120.0
2870983,2870984,24.0,1161072,2,1,12,1,1.0,50.0,1.0,16.0,4.0,622M,15.0,22744.0,2120.0
2870984,2870985,31.0,1161073,1,1,0,1,1.0,45.0,1.0,16.0,4.0,622M,15.0,22744.0,2120.0
2870985,2870986,24.0,1161073,2,1,12,1,1.0,50.0,1.0,16.0,4.0,622M,15.0,22744.0,2120.0
2870986,2870987,31.0,1161074,1,1,0,1,1.0,45.0,1.0,16.0,4.0,622M,15.0,22747.0,2123.0
2870987,2870988,24.0,1161074,2,1,12,1,1.0,50.0,1.0,16.0,4.0,622M,15.0,22747.0,2123.0
2870988,2870989,31.0,1161075,1,1,0,1,1.0,45.0,1.0,16.0,4.0,622M,15.0,22744.0,2120.0
2870989,2870990,24.0,1161075,2,1,12,1,1.0,50.0,1.0,16.0,4.0,622M,15.0,22744.0,2120.0
2870990,2870991,31.0,1161076,1,1,0,1,1.0,45.0,1.0,16.0,4.0,622M,15.0,22741.0,2119.0
2870991,2870992,24.0,1161076,2,1,12,1,1.0,50.0,1.0,16.0,4.0,622M,15.0,22741.0,2119.0
2870992,2870993,31.0,1161077,1,1,0,1,1.0,45.0,1.0,16.0,4.0,622M,15.0,22741.0,2119.0
2870993,2870994,24.0,1161077,2,1,12,1,1.0,50.0,1.0,16.0,4.0,622M,15.0,22741.0,2119.0
2870994,2870995,31.0,1161078,1,1,0,1,1.0,45.0,1.0,16.0,4.0,622M,15.0,22743.0,2119.0
2870995,2870996,24.0,1161078,2,1,12,1,1.0,50.0,1.0,16.0,4.0,622M,15.0,22743.0,2119.0
2870996,2870997,31.0,1161079,1,1,0,1,1.0,45.0,1.0,16.0,4.0,622M,15.0,22742.0,2119.0
2870997,2870998,24.0,1161079,2,1,12,1,1.0,50.0,1.0,16.0,4.0,622M,15.0,22742.0,2119.0
2870998,2870999,31.0,1161080,1,1,0,1,1.0,45.0,1.0,16.0,4.0,622M,15.0,22740.0,2119.0
2870999,2871000,24.0,1161080,2,1,12,1,1.0,50.0,1.0,16.0,4.0,622M,15.0,22740.0,2119.0
2871000,2871001,31.0,1161081,1,1,0,1,1.0,45.0,1.0,16.0,4.0,622M,15.0,22744.0,2120.0
2871001,2871002,24.0,1161081,2,1,12,1,1.0,50.0,1.0,16.0,4.0,622M,15.0,22744.0,2120.0
2871002,2871003,31.0,1161082,1,1,0,1,1.0,45.0,1.0,16.0,4.0,622M,15.0,22739.0,2118.0
2871003,2871004,24.0,1161082,2,1,12,1,1.0,50.0,1.0,16.0,4.0,622M,15.0,22739.0,2118.0
2871004,2871005,31.0,1161083,1,1,0,1,1.0,45.0,1.0,16.0,4.0,622M,15.0,22737.0,2116.0
2871005,2871006,24.0,1161083,2,1,12,1,1.0,50.0,1.0,16.0,4.0,622M,15.0,22737.0,2116.0
2871006,2871007,31.0,1161084,1,1,0,1,1.0,45.0,1.0,16.0,4.0,622M,15.0,22737.0,2116.0
2871007,2871008,24.0,1161084,2,1,12,1,1.0,50.0,1.0,16.0,4.0,622M,15.0,22737.0,2116.0
2871008,2871009,31.0,1161085,1,1,0,1,1.0,45.0,1.0,16.0,4.0,622M,15.0,22744.0,2120.0
2871009,2871010,24.0,1161085,2,1,12,1,1.0,50.0,1.0,16.0,4.0,622M,15.0,22744.0,2120.0
2871010,2871011,31.0,1161086,1,1,0,1,1.0,45.0,1.0,16.0,4.0,622M,15.0,22744.0,2120.0
2871011,2871012,24.0,1161086,2,1,12,1,1.0,50.0,1.0,16.0,4.0,622M,15.0,22744.0,2120.0
2871012,2871013,31.0,1161087,1,1,0,1,1.0,45.0,1.0,16.0,4.0,622M,15.0,22744.0,2120.0
2871013,2871014,24.0,1161087,2,1,12,1,1.0,50.0,1.0,16.0,4.0,622M,15.0,22744.0,2120.0
2871014,2871015,31.0,1161088,1,1,0,1,1.0,45.0,1.0,16.0,4.0,622M,15.0,22745.0,2121.0
2871015,2871016,24.0,1161088,2,1,12,1,1.0,50.0,1.0,16.0,4.0,622M,15.0,22745.0,2121.0
2871016,2871017,31.0,1161089,1,1,0,1,1.0,45.0,1.0,16.0,4.0,622M,15.0,22737.0,2116.0
2871017,2871018,24.0,1161089,2,1,12,1,1.0,50.0,1.0,16.0,4.0,622M,15.0,22737.0,2116.0
2871018,2871019,31.0,1161090,1,1,0,1,1.0,45.0,1.0,16.0,4.0,622M,15.0,22737.0,2116.0
2871019,2871020,24.0,1161090,2,1,12,1,1.0,50.0,1.0,16.0,4.0,622M,15.0,22737.0,2116.0
2871020,2871021,31.0,1161091,1,1,0,1,1.0,45.0,1.0,16.0,4.0,622M,15.0,22745.0,2121.0
2871021,2871022,24.0,1161091,2,1,12,1,1.0,50.0,1.0,16.0,4.0,622M,15.0,22745.0,2121.0
2871022,2871023,31.0,1161092,1,1,0,1,1.0,45.0,1.0,16.0,4.0,622M,15.0,22737.0,2116.0
2871023,2871024,24.0,1161092,2,1,12,1,1.0,50.0,1.0,16.0,4.0,622M,15.0,22737.0,2116.0
2871024,2871025,31.0,1161093,1,1,0,1,1.0,45.0,1.0,16.0,4.0,622M,15.0,22741.0,2119.0
2871025,2871026,24.0,1161093,2,1,12,1,1.0,50.0,1.0,16.0,4.0,622M,15.0,22741.0,2119.0
2871026,2871027,31.0,1161094,1,1,0,1,1.0,45.0,1.0,16.0,4.0,622M,15.0,22740.0,2119.0
2871027,2871028,24.0,1161094,2,1,12,1,1.0,50.0,1.0,16.0,4.0,622M,15.0,22740.0,2119.0
2871028,2871029,31.0,1161095,1,1,0,1,1.0,45.0,1.0,16.0,4.0,622M,15.0,22745.0,2121.0
2871029,2871030,24.0,1161095,2,1,12,1,1.0,50.0,1.0,16.0,4.0,622M,15.0,22745.0,2121.0
2871030,2871031,31.0,1161096,1,1,0,1,1.0,45.0,1.0,16.0,4.0,622M,15.0,22738.0,2117.0
2871031,2871032,24.0,1161096,2,1,12,1,1.0,50.0,1.0,16.0,4.0,622M,15.0,22738.0,2117.0
2871032,2871033,31.0,1161097,1,1,0,1,1.0,45.0,1.0,16.0,4.0,622M,15.0,22737.0,2116.0
2871033,2871034,24.0,1161097,2,1,12,1,1.0,50.0,1.0,16.0,4.0,622M,15.0,22737.0,2116.0
2871034,2871035,31.0,1161098,1,1,0,1,1.0,45.0,1.0,16.0,4.0,622M,15.0,22745.0,2121.0
2871035,2871036,24.0,1161098,2,1,12,1,1.0,50.0,1.0,16.0,4.0,622M,15.0,22745.0,2121.0
2871036,2871037,31.0,1161099,1,1,0,1,1.0,45.0,1.0,16.0,4.0,622M,15.0,22738.0,2117.0
2871037,2871038,24.0,1161099,2,1,12,1,1.0,50.0,1.0,16.0,4.0,622M,15.0,22738.0,2117.0
2871038,2871039,31.0,1161100,1,1,0,1,1.0,45.0,1.0,16.0,4.0,622M,15.0,22737.0,2116.0
2871039,2871040,24.0,1161100,2,1,12,1,1.0,50.0,1.0,16.0,4.0,622M,15.0,22737.0,2116.0
2871040,2871041,31.0,1161101,1,1,0,1,1.0,45.0,1.0,16.0,4.0,622M,15.0,22747.0,2123.0
2871041,2871042,24.0,1161101,2,1,12,1,1.0,50.0,1.0,16.0,4.0,622M,15.0,22747.0,2123.0
2871042,2871043,31.0,1161102,1,1,0,1,1.0,45.0,1.0,16.0,4.0,622M,15.0,22744.0,2120.0
2871043,2871044,24.0,1161102,2,1,12,1,1.0,50.0,1.0,16.0,4.0,622M,15.0,22744.0,2120.0
2871044,2871045,31.0,1161103,1,1,0,1,1.0,45.0,1.0,16.0,4.0,622M,15.0,22737.0,2116.0
2871045,2871046,24.0,1161103,2,1,12,1,1.0,50.0,1.0,16.0,4.0,622M,15.0,22737.0,2116.0
2871046,2871047,31.0,1161104,1,1,0,1,1.0,45.0,1.0,16.0,4.0,622M,15.0,22737.0,2116.0
2871047,2871048,24.0,1161104,2,1,12,1,1.0,50.0,1.0,16.0,4.0,622M,15.0,22737.0,2116.0
2871048,2871049,31.0,1161105,1,1,0,1,1.0,45.0,1.0,16.0,4.0,622M,15.0,22742.0,2119.0
2871049,2871050,24.0,1161105,2,1,12,1,1.0,50.0,1.0,16.0,4.0,622M,15.0,22742.0,2119.0
2871050,2871051,31.0,1161106,1,1,0,1,1.0,45.0,1.0,16.0,4.0,622M,15.0,22740.0,2119.0
2871051,2871052,24.0,1161106,2,1,12,1,1.0,50.0,1.0,16.0,4.0,622M,15.0,22740.0,2119.0
2871052,2871053,31.0,1161107,1,1,0,1,1.0,45.0,1.0,16.0,4.0,622M,15.0,22740.0,2119.0
2871053,2871054,24.0,1161107,2,1,12,1,1.0,50.0,1.0,16.0,4.0,622M,15.0,22740.0,2119.0
2871054,2871055,31.0,1161108,1,1,0,1,1.0,45.0,1.0,16.0,4.0,622M,15.0,22747.0,2123.0
2871055,2871056,24.0,1161108,2,1,12,1,1.0,50.0,1.0,16.0,4.0,622M,15.0,22747.0,2123.0
2871056,2871057,31.0,1161109,1,1,0,1,1.0,45.0,1.0,16.0,4.0,622M,15.0,22742.0,2119.0
2871057,2871058,24.0,1161109,2,1,12,1,1.0,50.0,1.0,16.0,4.0,622M,15.0,22742.0,2119.0
2871058,2871059,31.0,1161110,1,1,0,1,1.0,45.0,1.0,16.0,4.0,622M,15.0,22737.0,2116.0
2871059,2871060,24.0,1161110,2,1,12,1,1.0,50.0,1.0,16.0,4.0,622M,15.0,22737.0,2116.0
2871060,2871061,31.0,1161111,1,1,0,1,1.0,45.0,1.0,16.0,4.0,622M,15.0,22744.0,2120.0
2871061,2871062,24.0,1161111,2,1,12,1,1.0,50.0,1.0,16.0,4.0,622M,15.0,22744.0,2120.0
2871062,2871063,31.0,1161112,1,1,0,1,1.0,45.0,1.0,16.0,4.0,622M,15.0,22745.0,2121.0
2871063,2871064,24.0,1161112,2,1,12,1,1.0,50.0,1.0,16.0,4.0,622M,15.0,22745.0,2121.0
2871064,2871065,31.0,1161113,1,1,0,1,1.0,45.0,1.0,16.0,4.0,622M,15.0,22747.0,2123.0
2871065,2871066,24.0,1161113,2,1,12,1,1.0,50.0,1.0,16.0,4.0,622M,15.0,22747.0,2123.0
2871066,2871067,31.0,1161114,1,1,0,1,1.0,45.0,1.0,16.0,4.0,622M,15.0,22740.0,2119.0
2871067,2871068,24.0,1161114,2,1,12,1,1.0,50.0,1.0,16.0,4.0,622M,15.0,22740.0,2119.0
2871068,2871069,31.0,1161115,1,1,0,1,1.0,45.0,1.0,16.0,4.0,622M,15.0,22741.0,2119.0
2871069,2871070,24.0,1161115,2,1,12,1,1.0,50.0,1.0,16.0,4.0,622M,15.0,22741.0,2119.0
2871070,2871071,31.0,1161116,1,1,0,1,1.0,45.0,1.0,16.0,4.0,622M,15.0,22747.0,2123.0
2871071,2871072,24.0,1161116,2,1,12,1,1.0,50.0,1.0,16.0,4.0,622M,15.0,22747.0,2123.0
2871072,2871073,31.0,1161117,1,1,0,1,1.0,45.0,1.0,16.0,4.0,622M,15.0,22744.0,2120.0
2871073,2871074,24.0,1161117,2,1,12,1,1.0,50.0,1.0,16.0,4.0,622M,15.0,22744.0,2120.0
2871074,2871075,31.0,1161118,1,1,0,1,1.0,45.0,1.0,16.0,4.0,622M,15.0,22744.0,2120.0
2871075,2871076,24.0,1161118,2,1,12,1,1.0,50.0,1.0,16.0,4.0,622M,15.0,22744.0,2120.0
2871076,2871077,31.0,1161119,1,1,0,1,1.0,45.0,1.0,16.0,4.0,622M,15.0,22737.0,2116.0
2871077,2871078,24.0,1161119,2,1,12,1,1.0,50.0,1.0,16.0,4.0,622M,15.0,22737.0,2116.0
2871078,2871079,31.0,1161120,1,1,0,1,1.0,45.0,1.0,16.0,4.0,622M,15.0,22744.0,2120.0
2871079,2871080,24.0,1161120,2,1,12,1,1.0,50.0,1.0,16.0,4.0,622M,15.0,22744.0,2120.0
2871080,2871081,31.0,1161121,1,1,0,1,1.0,45.0,1.0,16.0,4.0,622M,15.0,22740.0,2119.0
2871081,2871082,24.0,1161121,2,1,12,1,1.0,50.0,1.0,16.0,4.0,622M,15.0,22740.0,2119.0
2871082,2871083,31.0,1161122,1,1,0,1,1.0,45.0,1.0,16.0,4.0,622M,15.0,22737.0,2116.0
2871083,2871084,24.0,1161122,2,1,12,1,1.0,50.0,1.0,16.0,4.0,622M,15.0,22737.0,2116.0
2871084,2871085,31.0,1161123,1,1,0,1,1.0,45.0,1.0,16.0,4.0,622M,15.0,22741.0,2119.0
2871085,2871086,24.0,1161123,2,1,12,1,1.0,50.0,1.0,16.0,4.0,622M,15.0,22741.0,2119.0
2871086,2871087,31.0,1161124,1,1,0,1,1.0,45.0,1.0,16.0,4.0,622M,15.0,22747.0,2123.0
2871087,2871088,24.0,1161124,2,1,12,1,1.0,50.0,1.0,16.0,4.0,622M,15.0,22747.0,2123.0
2871088,2871089,31.0,1161125,1,1,0,1,1.0,45.0,1.0,16.0,4.0,622M,15.0,22739.0,2118.0
2871089,2871090,24.0,1161125,2,1,12,1,1.0,50.0,1.0,16.0,4.0,622M,15.0,22739.0,2118.0
2871090,2871091,31.0,1161126,1,1,0,1,1.0,45.0,1.0,16.0,4.0,622M,15.0,22740.0,2119.0
2871091,2871092,24.0,1161126,2,1,12,1,1.0,50.0,1.0,16.0,4.0,622M,15.0,22740.0,2119.0
2871092,2871093,31.0,1161127,1,1,0,1,1.0,45.0,1.0,16.0,4.0,622M,15.0,22740.0,2119.0
2871093,2871094,24.0,1161127,2,1,12,1,1.0,50.0,1.0,16.0,4.0,622M,15.0,22740.0,2119.0
2871094,2871095,31.0,1161128,1,1,0,1,1.0,45.0,1.0,16.0,4.0,622M,15.0,22741.0,2119.0
2871095,2871096,24.0,1161128,2,1,12,1,1.0,50.0,1.0,16.0,4.0,622M,15.0,22741.0,2119.0
2871096,2871097,27.0,1161129,1,2,0,1,1.0,40.0,1.0,-9.0,4.0,813M,17.0,22740.0,2119.0
2871097,2871098,23.0,1161129,2,2,12,2,1.0,40.0,4.0,15.0,4.0,337,3.0,22740.0,2119.0
2871098,2871099,27.0,1161130,1,2,0,1,1.0,40.0,1.0,-9.0,4.0,813M,17.0,22741.0,2119.0
2871099,2871100,23.0,1161130,2,2,12,2,1.0,40.0,4.0,15.0,4.0,337,3.0,22741.0,2119.0
2871100,2871101,27.0,1161131,1,2,0,1,1.0,40.0,1.0,-9.0,4.0,813M,17.0,22745.0,2121.0
2871101,2871102,23.0,1161131,2,2,12,2,1.0,40.0,4.0,15.0,4.0,337,3.0,22745.0,2121.0
2871102,2871103,25.0,1161132,1,1,0,1,6.0,-9.0,-9.0,15.0,4.0,-9,0.0,22740.0,2119.0
2871103,2871104,22.0,1161132,2,1,10,1,6.0,-9.0,-9.0,15.0,4.0,-9,0.0,22740.0,2119.0
2871104,2871105,21.0,1161132,3,1,10,1,6.0,-9.0,-9.0,15.0,4.0,-9,0.0,22740.0,2119.0
2871105,2871106,25.0,1161133,1,1,0,1,6.0,-9.0,-9.0,15.0,4.0,-9,0.0,22740.0,2119.0
2871106,2871107,22.0,1161133,2,1,10,1,6.0,-9.0,-9.0,15.0,4.0,-9,0.0,22740.0,2119.0
2871107,2871108,21.0,1161133,3,1,10,1,6.0,-9.0,-9.0,15.0,4.0,-9,0.0,22740.0,2119.0
2871108,2871109,25.0,1161134,1,1,0,1,6.0,-9.0,-9.0,15.0,4.0,-9,0.0,22744.0,2120.0
2871109,2871110,22.0,1161134,2,1,10,1,6.0,-9.0,-9.0,15.0,4.0,-9,0.0,22744.0,2120.0
2871110,2871111,21.0,1161134,3,1,10,1,6.0,-9.0,-9.0,15.0,4.0,-9,0.0,22744.0,2120.0
2871111,2871112,25.0,1161135,1,1,0,1,6.0,-9.0,-9.0,15.0,4.0,-9,0.0,22737.0,2116.0
2871112,2871113,22.0,1161135,2,1,10,1,6.0,-9.0,-9.0,15.0,4.0,-9,0.0,22737.0,2116.0
2871113,2871114,21.0,1161135,3,1,10,1,6.0,-9.0,-9.0,15.0,4.0,-9,0.0,22737.0,2116.0
2871114,2871115,25.0,1161136,1,1,0,1,6.0,-9.0,-9.0,15.0,4.0,-9,0.0,22741.0,2119.0
2871115,2871116,22.0,1161136,2,1,10,1,6.0,-9.0,-9.0,15.0,4.0,-9,0.0,22741.0,2119.0
2871116,2871117,21.0,1161136,3,1,10,1,6.0,-9.0,-9.0,15.0,4.0,-9,0.0,22741.0,2119.0
2871117,2871118,25.0,1161137,1,1,0,1,6.0,-9.0,-9.0,15.0,4.0,-9,0.0,22741.0,2119.0
2871118,2871119,22.0,1161137,2,1,10,1,6.0,-9.0,-9.0,15.0,4.0,-9,0.0,22741.0,2119.0
2871119,2871120,21.0,1161137,3,1,10,1,6.0,-9.0,-9.0,15.0,4.0,-9,0.0,22741.0,2119.0
2871120,2871121,25.0,1161138,1,1,0,1,6.0,-9.0,-9.0,15.0,4.0,-9,0.0,22742.0,2119.0
2871121,2871122,22.0,1161138,2,1,10,1,6.0,-9.0,-9.0,15.0,4.0,-9,0.0,22742.0,2119.0
2871122,2871123,21.0,1161138,3,1,10,1,6.0,-9.0,-9.0,15.0,4.0,-9,0.0,22742.0,2119.0
2871123,2871124,25.0,1161139,1,1,0,1,6.0,-9.0,-9.0,15.0,4.0,-9,0.0,22738.0,2117.0
2871124,2871125,22.0,1161139,2,1,10,1,6.0,-9.0,-9.0,15.0,4.0,-9,0.0,22738.0,2117.0
2871125,2871126,21.0,1161139,3,1,10,1,6.0,-9.0,-9.0,15.0,4.0,-9,0.0,22738.0,2117.0
2871126,2871127,25.0,1161140,1,1,0,1,6.0,-9.0,-9.0,15.0,4.0,-9,0.0,22745.0,2121.0
2871127,2871128,22.0,1161140,2,1,10,1,6.0,-9.0,-9.0,15.0,4.0,-9,0.0,22745.0,2121.0
2871128,2871129,21.0,1161140,3,1,10,1,6.0,-9.0,-9.0,15.0,4.0,-9,0.0,22745.0,2121.0
2871129,2871130,25.0,1161141,1,1,0,1,6.0,-9.0,-9.0,15.0,4.0,-9,0.0,22744.0,2120.0
2871130,2871131,22.0,1161141,2,1,10,1,6.0,-9.0,-9.0,15.0,4.0,-9,0.0,22744.0,2120.0
2871131,2871132,21.0,1161141,3,1,10,1,6.0,-9.0,-9.0,15.0,4.0,-9,0.0,22744.0,2120.0
2871132,2871133,25.0,1161142,1,1,0,1,6.0,-9.0,-9.0,15.0,4.0,-9,0.0,22738.0,2117.0
2871133,2871134,22.0,1161142,2,1,10,1,6.0,-9.0,-9.0,15.0,4.0,-9,0.0,22738.0,2117.0
2871134,2871135,21.0,1161142,3,1,10,1,6.0,-9.0,-9.0,15.0,4.0,-9,0.0,22738.0,2117.0
2871135,2871136,25.0,1161143,1,1,0,1,6.0,-9.0,-9.0,15.0,4.0,-9,0.0,22737.0,2116.0
2871136,2871137,22.0,1161143,2,1,10,1,6.0,-9.0,-9.0,15.0,4.0,-9,0.0,22737.0,2116.0
2871137,2871138,21.0,1161143,3,1,10,1,6.0,-9.0,-9.0,15.0,4.0,-9,0.0,22737.0,2116.0
2871138,2871139,25.0,1161144,1,1,0,1,6.0,-9.0,-9.0,15.0,4.0,-9,0.0,22737.0,2116.0
2871139,2871140,22.0,1161144,2,1,10,1,6.0,-9.0,-9.0,15.0,4.0,-9,0.0,22737.0,2116.0
2871140,2871141,21.0,1161144,3,1,10,1,6.0,-9.0,-9.0,15.0,4.0,-9,0.0,22737.0,2116.0
2871141,2871142,25.0,1161145,1,1,0,1,6.0,-9.0,-9.0,15.0,4.0,-9,0.0,22743.0,2119.0
2871142,2871143,22.0,1161145,2,1,10,1,6.0,-9.0,-9.0,15.0,4.0,-9,0.0,22743.0,2119.0
2871143,2871144,21.0,1161145,3,1,10,1,6.0,-9.0,-9.0,15.0,4.0,-9,0.0,22743.0,2119.0
2871144,2871145,25.0,1161146,1,1,0,1,6.0,-9.0,-9.0,15.0,4.0,-9,0.0,22741.0,2119.0
2871145,2871146,22.0,1161146,2,1,10,1,6.0,-9.0,-9.0,15.0,4.0,-9,0.0,22741.0,2119.0
2871146,2871147,21.0,1161146,3,1,10,1,6.0,-9.0,-9.0,15.0,4.0,-9,0.0,22741.0,2119.0
2871147,2871148,25.0,1161147,1,1,0,1,6.0,-9.0,-9.0,15.0,4.0,-9,0.0,22747.0,2123.0
2871148,2871149,22.0,1161147,2,1,10,1,6.0,-9.0,-9.0,15.0,4.0,-9,0.0,22747.0,2123.0
2871149,2871150,21.0,1161147,3,1,10,1,6.0,-9.0,-9.0,15.0,4.0,-9,0.0,22747.0,2123.0
2871150,2871151,25.0,1161148,1,1,0,1,6.0,-9.0,-9.0,15.0,4.0,-9,0.0,22740.0,2119.0
2871151,2871152,22.0,1161148,2,1,10,1,6.0,-9.0,-9.0,15.0,4.0,-9,0.0,22740.0,2119.0
2871152,2871153,21.0,1161148,3,1,10,1,6.0,-9.0,-9.0,15.0,4.0,-9,0.0,22740.0,2119.0
2871153,2871154,25.0,1161149,1,1,0,1,6.0,-9.0,-9.0,15.0,4.0,-9,0.0,22739.0,2118.0
2871154,2871155,22.0,1161149,2,1,10,1,6.0,-9.0,-9.0,15.0,4.0,-9,0.0,22739.0,2118.0
2871155,2871156,21.0,1161149,3,1,10,1,6.0,-9.0,-9.0,15.0,4.0,-9,0.0,22739.0,2118.0
2871156,2871157,25.0,1161150,1,1,0,1,6.0,-9.0,-9.0,15.0,4.0,-9,0.0,22741.0,2119.0
2871157,2871158,22.0,1161150,2,1,10,1,6.0,-9.0,-9.0,15.0,4.0,-9,0.0,22741.0,2119.0
2871158,2871159,21.0,1161150,3,1,10,1,6.0,-9.0,-9.0,15.0,4.0,-9,0.0,22741.0,2119.0
2871159,2871160,25.0,1161151,1,1,0,1,6.0,-9.0,-9.0,15.0,4.0,-9,0.0,22740.0,2119.0
2871160,2871161,22.0,1161151,2,1,10,1,6.0,-9.0,-9.0,15.0,4.0,-9,0.0,22740.0,2119.0
2871161,2871162,21.0,1161151,3,1,10,1,6.0,-9.0,-9.0,15.0,4.0,-9,0.0,22740.0,2119.0
2871162,2871163,25.0,1161152,1,1,0,1,6.0,-9.0,-9.0,15.0,4.0,-9,0.0,22743.0,2119.0
2871163,2871164,22.0,1161152,2,1,10,1,6.0,-9.0,-9.0,15.0,4.0,-9,0.0,22743.0,2119.0
2871164,2871165,21.0,1161152,3,1,10,1,6.0,-9.0,-9.0,15.0,4.0,-9,0.0,22743.0,2119.0
2871165,2871166,25.0,1161153,1,1,0,1,6.0,-9.0,-9.0,15.0,4.0,-9,0.0,22741.0,2119.0
2871166,2871167,22.0,1161153,2,1,10,1,6.0,-9.0,-9.0,15.0,4.0,-9,0.0,22741.0,2119.0
2871167,2871168,21.0,1161153,3,1,10,1,6.0,-9.0,-9.0,15.0,4.0,-9,0.0,22741.0,2119.0
2871168,2871169,25.0,1161154,1,1,0,1,6.0,-9.0,-9.0,15.0,4.0,-9,0.0,22745.0,2121.0
2871169,2871170,22.0,1161154,2,1,10,1,6.0,-9.0,-9.0,15.0,4.0,-9,0.0,22745.0,2121.0
2871170,2871171,21.0,1161154,3,1,10,1,6.0,-9.0,-9.0,15.0,4.0,-9,0.0,22745.0,2121.0
2871171,2871172,25.0,1161155,1,1,0,1,6.0,-9.0,-9.0,15.0,4.0,-9,0.0,22740.0,2119.0
2871172,2871173,22.0,1161155,2,1,10,1,6.0,-9.0,-9.0,15.0,4.0,-9,0.0,22740.0,2119.0
2871173,2871174,21.0,1161155,3,1,10,1,6.0,-9.0,-9.0,15.0,4.0,-9,0.0,22740.0,2119.0
2871174,2871175,25.0,1161156,1,1,0,1,6.0,-9.0,-9.0,15.0,4.0,-9,0.0,22744.0,2120.0
2871175,2871176,22.0,1161156,2,1,10,1,6.0,-9.0,-9.0,15.0,4.0,-9,0.0,22744.0,2120.0
2871176,2871177,21.0,1161156,3,1,10,1,6.0,-9.0,-9.0,15.0,4.0,-9,0.0,22744.0,2120.0
2871177,2871178,25.0,1161157,1,1,0,1,6.0,-9.0,-9.0,15.0,4.0,-9,0.0,22744.0,2120.0
2871178,2871179,22.0,1161157,2,1,10,1,6.0,-9.0,-9.0,15.0,4.0,-9,0.0,22744.0,2120.0
2871179,2871180,21.0,1161157,3,1,10,1,6.0,-9.0,-9.0,15.0,4.0,-9,0.0,22744.0,2120.0
2871180,2871181,25.0,1161158,1,1,0,1,6.0,-9.0,-9.0,15.0,4.0,-9,0.0,22740.0,2119.0
2871181,2871182,22.0,1161158,2,1,10,1,6.0,-9.0,-9.0,15.0,4.0,-9,0.0,22740.0,2119.0
2871182,2871183,21.0,1161158,3,1,10,1,6.0,-9.0,-9.0,15.0,4.0,-9,0.0,22740.0,2119.0
2871183,2871184,25.0,1161159,1,1,0,1,6.0,-9.0,-9.0,15.0,4.0,-9,0.0,22744.0,2120.0
2871184,2871185,22.0,1161159,2,1,10,1,6.0,-9.0,-9.0,15.0,4.0,-9,0.0,22744.0,2120.0
2871185,2871186,21.0,1161159,3,1,10,1,6.0,-9.0,-9.0,15.0,4.0,-9,0.0,22744.0,2120.0
2871186,2871187,25.0,1161160,1,1,0,1,6.0,-9.0,-9.0,15.0,4.0,-9,0.0,22737.0,2116.0
2871187,2871188,22.0,1161160,2,1,10,1,6.0,-9.0,-9.0,15.0,4.0,-9,0.0,22737.0,2116.0
2871188,2871189,21.0,1161160,3,1,10,1,6.0,-9.0,-9.0,15.0,4.0,-9,0.0,22737.0,2116.0
2871189,2871190,25.0,1161161,1,1,0,1,6.0,-9.0,-9.0,15.0,4.0,-9,0.0,22747.0,2123.0
2871190,2871191,22.0,1161161,2,1,10,1,6.0,-9.0,-9.0,15.0,4.0,-9,0.0,22747.0,2123.0
2871191,2871192,21.0,1161161,3,1,10,1,6.0,-9.0,-9.0,15.0,4.0,-9,0.0,22747.0,2123.0
2871192,2871193,25.0,1161162,1,1,0,1,6.0,-9.0,-9.0,15.0,4.0,-9,0.0,22741.0,2119.0
2871193,2871194,22.0,1161162,2,1,10,1,6.0,-9.0,-9.0,15.0,4.0,-9,0.0,22741.0,2119.0
2871194,2871195,21.0,1161162,3,1,10,1,6.0,-9.0,-9.0,15.0,4.0,-9,0.0,22741.0,2119.0
2871195,2871196,25.0,1161163,1,1,0,1,6.0,-9.0,-9.0,15.0,4.0,-9,0.0,22741.0,2119.0
2871196,2871197,22.0,1161163,2,1,10,1,6.0,-9.0,-9.0,15.0,4.0,-9,0.0,22741.0,2119.0
2871197,2871198,21.0,1161163,3,1,10,1,6.0,-9.0,-9.0,15.0,4.0,-9,0.0,22741.0,2119.0
2871198,2871199,25.0,1161164,1,1,0,1,6.0,-9.0,-9.0,15.0,4.0,-9,0.0,22745.0,2121.0
2871199,2871200,22.0,1161164,2,1,10,1,6.0,-9.0,-9.0,15.0,4.0,-9,0.0,22745.0,2121.0
2871200,2871201,21.0,1161164,3,1,10,1,6.0,-9.0,-9.0,15.0,4.0,-9,0.0,22745.0,2121.0
2871201,2871202,25.0,1161165,1,1,0,1,6.0,-9.0,-9.0,15.0,4.0,-9,0.0,22740.0,2119.0
2871202,2871203,22.0,1161165,2,1,10,1,6.0,-9.0,-9.0,15.0,4.0,-9,0.0,22740.0,2119.0
2871203,2871204,21.0,1161165,3,1,10,1,6.0,-9.0,-9.0,15.0,4.0,-9,0.0,22740.0,2119.0
2871204,2871205,25.0,1161166,1,1,0,1,6.0,-9.0,-9.0,15.0,4.0,-9,0.0,22745.0,2121.0
2871205,2871206,22.0,1161166,2,1,10,1,6.0,-9.0,-9.0,15.0,4.0,-9,0.0,22745.0,2121.0
2871206,2871207,21.0,1161166,3,1,10,1,6.0,-9.0,-9.0,15.0,4.0,-9,0.0,22745.0,2121.0
2871207,2871208,25.0,1161167,1,1,0,1,6.0,-9.0,-9.0,15.0,4.0,-9,0.0,22745.0,2121.0
2871208,2871209,22.0,1161167,2,1,10,1,6.0,-9.0,-9.0,15.0,4.0,-9,0.0,22745.0,2121.0
2871209,2871210,21.0,1161167,3,1,10,1,6.0,-9.0,-9.0,15.0,4.0,-9,0.0,22745.0,2121.0
2871210,2871211,25.0,1161168,1,1,0,1,6.0,-9.0,-9.0,15.0,4.0,-9,0.0,22740.0,2119.0
2871211,2871212,22.0,1161168,2,1,10,1,6.0,-9.0,-9.0,15.0,4.0,-9,0.0,22740.0,2119.0
2871212,2871213,21.0,1161168,3,1,10,1,6.0,-9.0,-9.0,15.0,4.0,-9,0.0,22740.0,2119.0
2871213,2871214,25.0,1161169,1,1,0,1,6.0,-9.0,-9.0,15.0,4.0,-9,0.0,22745.0,2121.0
2871214,2871215,22.0,1161169,2,1,10,1,6.0,-9.0,-9.0,15.0,4.0,-9,0.0,22745.0,2121.0
2871215,2871216,21.0,1161169,3,1,10,1,6.0,-9.0,-9.0,15.0,4.0,-9,0.0,22745.0,2121.0
2871216,2871217,25.0,1161170,1,1,0,1,6.0,-9.0,-9.0,15.0,4.0,-9,0.0,22741.0,2119.0
2871217,2871218,22.0,1161170,2,1,10,1,6.0,-9.0,-9.0,15.0,4.0,-9,0.0,22741.0,2119.0
2871218,2871219,21.0,1161170,3,1,10,1,6.0,-9.0,-9.0,15.0,4.0,-9,0.0,22741.0,2119.0
2871219,2871220,25.0,1161171,1,1,0,1,6.0,-9.0,-9.0,15.0,4.0,-9,0.0,22737.0,2116.0
2871220,2871221,22.0,1161171,2,1,10,1,6.0,-9.0,-9.0,15.0,4.0,-9,0.0,22737.0,2116.0
2871221,2871222,21.0,1161171,3,1,10,1,6.0,-9.0,-9.0,15.0,4.0,-9,0.0,22737.0,2116.0
2871222,2871223,25.0,1161172,1,1,0,1,6.0,-9.0,-9.0,15.0,4.0,-9,0.0,22740.0,2119.0
2871223,2871224,22.0,1161172,2,1,10,1,6.0,-9.0,-9.0,15.0,4.0,-9,0.0,22740.0,2119.0
2871224,2871225,21.0,1161172,3,1,10,1,6.0,-9.0,-9.0,15.0,4.0,-9,0.0,22740.0,2119.0
2871225,2871226,25.0,1161173,1,1,0,1,6.0,-9.0,-9.0,15.0,4.0,-9,0.0,22740.0,2119.0
2871226,2871227,22.0,1161173,2,1,10,1,6.0,-9.0,-9.0,15.0,4.0,-9,0.0,22740.0,2119.0
2871227,2871228,21.0,1161173,3,1,10,1,6.0,-9.0,-9.0,15.0,4.0,-9,0.0,22740.0,2119.0
2871228,2871229,25.0,1161174,1,1,0,1,6.0,-9.0,-9.0,15.0,4.0,-9,0.0,22737.0,2116.0
2871229,2871230,22.0,1161174,2,1,10,1,6.0,-9.0,-9.0,15.0,4.0,-9,0.0,22737.0,2116.0
2871230,2871231,21.0,1161174,3,1,10,1,6.0,-9.0,-9.0,15.0,4.0,-9,0.0,22737.0,2116.0
2871231,2871232,25.0,1161175,1,1,0,1,6.0,-9.0,-9.0,15.0,4.0,-9,0.0,22737.0,2116.0
2871232,2871233,22.0,1161175,2,1,10,1,6.0,-9.0,-9.0,15.0,4.0,-9,0.0,22737.0,2116.0
2871233,2871234,21.0,1161175,3,1,10,1,6.0,-9.0,-9.0,15.0,4.0,-9,0.0,22737.0,2116.0
2871234,2871235,25.0,1161176,1,1,0,1,6.0,-9.0,-9.0,15.0,4.0,-9,0.0,22737.0,2116.0
2871235,2871236,22.0,1161176,2,1,10,1,6.0,-9.0,-9.0,15.0,4.0,-9,0.0,22737.0,2116.0
2871236,2871237,21.0,1161176,3,1,10,1,6.0,-9.0,-9.0,15.0,4.0,-9,0.0,22737.0,2116.0
2871237,2871238,25.0,1161177,1,1,0,1,6.0,-9.0,-9.0,15.0,4.0,-9,0.0,22741.0,2119.0
2871238,2871239,22.0,1161177,2,1,10,1,6.0,-9.0,-9.0,15.0,4.0,-9,0.0,22741.0,2119.0
2871239,2871240,21.0,1161177,3,1,10,1,6.0,-9.0,-9.0,15.0,4.0,-9,0.0,22741.0,2119.0
2871240,2871241,25.0,1161178,1,1,0,1,6.0,-9.0,-9.0,15.0,4.0,-9,0.0,22738.0,2117.0
2871241,2871242,22.0,1161178,2,1,10,1,6.0,-9.0,-9.0,15.0,4.0,-9,0.0,22738.0,2117.0
2871242,2871243,21.0,1161178,3,1,10,1,6.0,-9.0,-9.0,15.0,4.0,-9,0.0,22738.0,2117.0
2871243,2871244,25.0,1161179,1,1,0,1,6.0,-9.0,-9.0,15.0,4.0,-9,0.0,22741.0,2119.0
2871244,2871245,22.0,1161179,2,1,10,1,6.0,-9.0,-9.0,15.0,4.0,-9,0.0,22741.0,2119.0
2871245,2871246,21.0,1161179,3,1,10,1,6.0,-9.0,-9.0,15.0,4.0,-9,0.0,22741.0,2119.0
2871246,2871247,25.0,1161180,1,1,0,1,6.0,-9.0,-9.0,15.0,4.0,-9,0.0,22740.0,2119.0
2871247,2871248,22.0,1161180,2,1,10,1,6.0,-9.0,-9.0,15.0,4.0,-9,0.0,22740.0,2119.0
2871248,2871249,21.0,1161180,3,1,10,1,6.0,-9.0,-9.0,15.0,4.0,-9,0.0,22740.0,2119.0
2871249,2871250,25.0,1161181,1,1,0,1,1.0,30.0,1.0,15.0,4.0,51912,8.0,22740.0,2119.0
2871250,2871251,24.0,1161181,2,2,13,1,1.0,40.0,1.0,-9.0,4.0,4411,5.0,22740.0,2119.0
2871251,2871252,25.0,1161182,1,1,0,1,1.0,30.0,1.0,15.0,4.0,51912,8.0,22744.0,2120.0
2871252,2871253,24.0,1161182,2,2,13,1,1.0,40.0,1.0,-9.0,4.0,4411,5.0,22744.0,2120.0
2871253,2871254,25.0,1161183,1,1,0,1,1.0,30.0,1.0,15.0,4.0,51912,8.0,22741.0,2119.0
2871254,2871255,24.0,1161183,2,2,13,1,1.0,40.0,1.0,-9.0,4.0,4411,5.0,22741.0,2119.0
2871255,2871256,25.0,1161184,1,1,0,1,1.0,30.0,1.0,15.0,4.0,51912,8.0,22740.0,2119.0
2871256,2871257,24.0,1161184,2,2,13,1,1.0,40.0,1.0,-9.0,4.0,4411,5.0,22740.0,2119.0
2871257,2871258,25.0,1161185,1,1,0,1,1.0,30.0,1.0,15.0,4.0,51912,8.0,22744.0,2120.0
2871258,2871259,24.0,1161185,2,2,13,1,1.0,40.0,1.0,-9.0,4.0,4411,5.0,22744.0,2120.0
2871259,2871260,25.0,1161186,1,1,0,1,1.0,30.0,1.0,15.0,4.0,51912,8.0,22737.0,2116.0
2871260,2871261,24.0,1161186,2,2,13,1,1.0,40.0,1.0,-9.0,4.0,4411,5.0,22737.0,2116.0
2871261,2871262,25.0,1161187,1,1,0,1,1.0,30.0,1.0,15.0,4.0,51912,8.0,22737.0,2116.0
2871262,2871263,24.0,1161187,2,2,13,1,1.0,40.0,1.0,-9.0,4.0,4411,5.0,22737.0,2116.0
2871263,2871264,25.0,1161188,1,1,0,1,1.0,30.0,1.0,15.0,4.0,51912,8.0,22742.0,2119.0
2871264,2871265,24.0,1161188,2,2,13,1,1.0,40.0,1.0,-9.0,4.0,4411,5.0,22742.0,2119.0
2871265,2871266,25.0,1161189,1,1,0,1,1.0,30.0,1.0,15.0,4.0,51912,8.0,22743.0,2119.0
2871266,2871267,24.0,1161189,2,2,13,1,1.0,40.0,1.0,-9.0,4.0,4411,5.0,22743.0,2119.0
2871267,2871268,25.0,1161190,1,1,0,1,1.0,30.0,1.0,15.0,4.0,51912,8.0,22740.0,2119.0
2871268,2871269,24.0,1161190,2,2,13,1,1.0,40.0,1.0,-9.0,4.0,4411,5.0,22740.0,2119.0
2871269,2871270,25.0,1161191,1,1,0,1,1.0,30.0,1.0,15.0,4.0,51912,8.0,22737.0,2116.0
2871270,2871271,24.0,1161191,2,2,13,1,1.0,40.0,1.0,-9.0,4.0,4411,5.0,22737.0,2116.0
2871271,2871272,25.0,1161192,1,1,0,1,1.0,30.0,1.0,15.0,4.0,51912,8.0,22741.0,2119.0
2871272,2871273,24.0,1161192,2,2,13,1,1.0,40.0,1.0,-9.0,4.0,4411,5.0,22741.0,2119.0
2871273,2871274,25.0,1161193,1,1,0,1,1.0,30.0,1.0,15.0,4.0,51912,8.0,22741.0,2119.0
2871274,2871275,24.0,1161193,2,2,13,1,1.0,40.0,1.0,-9.0,4.0,4411,5.0,22741.0,2119.0
2871275,2871276,25.0,1161194,1,1,0,1,1.0,30.0,1.0,15.0,4.0,51912,8.0,22737.0,2116.0
2871276,2871277,24.0,1161194,2,2,13,1,1.0,40.0,1.0,-9.0,4.0,4411,5.0,22737.0,2116.0
2871277,2871278,25.0,1161195,1,1,0,1,1.0,30.0,1.0,15.0,4.0,51912,8.0,22740.0,2119.0
2871278,2871279,24.0,1161195,2,2,13,1,1.0,40.0,1.0,-9.0,4.0,4411,5.0,22740.0,2119.0
2871279,2871280,25.0,1161196,1,1,0,1,1.0,30.0,1.0,15.0,4.0,51912,8.0,22740.0,2119.0
2871280,2871281,24.0,1161196,2,2,13,1,1.0,40.0,1.0,-9.0,4.0,4411,5.0,22740.0,2119.0
2871281,2871282,25.0,1161197,1,1,0,1,1.0,30.0,1.0,15.0,4.0,51912,8.0,22740.0,2119.0
2871282,2871283,24.0,1161197,2,2,13,1,1.0,40.0,1.0,-9.0,4.0,4411,5.0,22740.0,2119.0
2871283,2871284,25.0,1161198,1,1,0,1,1.0,30.0,1.0,15.0,4.0,51912,8.0,22737.0,2116.0
2871284,2871285,24.0,1161198,2,2,13,1,1.0,40.0,1.0,-9.0,4.0,4411,5.0,22737.0,2116.0
2871285,2871286,25.0,1161199,1,1,0,1,1.0,30.0,1.0,15.0,4.0,51912,8.0,22745.0,2121.0
2871286,2871287,24.0,1161199,2,2,13,1,1.0,40.0,1.0,-9.0,4.0,4411,5.0,22745.0,2121.0
2871287,2871288,25.0,1161200,1,1,0,1,1.0,30.0,1.0,15.0,4.0,51912,8.0,22744.0,2120.0
2871288,2871289,24.0,1161200,2,2,13,1,1.0,40.0,1.0,-9.0,4.0,4411,5.0,22744.0,2120.0
2871289,2871290,25.0,1161201,1,1,0,1,1.0,30.0,1.0,15.0,4.0,51912,8.0,22741.0,2119.0
2871290,2871291,24.0,1161201,2,2,13,1,1.0,40.0,1.0,-9.0,4.0,4411,5.0,22741.0,2119.0
2871291,2871292,25.0,1161202,1,1,0,1,1.0,30.0,1.0,15.0,4.0,51912,8.0,22739.0,2118.0
2871292,2871293,24.0,1161202,2,2,13,1,1.0,40.0,1.0,-9.0,4.0,4411,5.0,22739.0,2118.0
2871293,2871294,25.0,1161203,1,1,0,1,1.0,30.0,1.0,15.0,4.0,51912,8.0,22744.0,2120.0
2871294,2871295,24.0,1161203,2,2,13,1,1.0,40.0,1.0,-9.0,4.0,4411,5.0,22744.0,2120.0
2871295,2871296,25.0,1161204,1,1,0,1,1.0,30.0,1.0,15.0,4.0,51912,8.0,22737.0,2116.0
2871296,2871297,24.0,1161204,2,2,13,1,1.0,40.0,1.0,-9.0,4.0,4411,5.0,22737.0,2116.0
2871297,2871298,25.0,1161205,1,1,0,1,1.0,30.0,1.0,15.0,4.0,51912,8.0,22741.0,2119.0
2871298,2871299,24.0,1161205,2,2,13,1,1.0,40.0,1.0,-9.0,4.0,4411,5.0,22741.0,2119.0
2871299,2871300,25.0,1161206,1,1,0,1,1.0,30.0,1.0,15.0,4.0,51912,8.0,22744.0,2120.0
2871300,2871301,24.0,1161206,2,2,13,1,1.0,40.0,1.0,-9.0,4.0,4411,5.0,22744.0,2120.0
2871301,2871302,25.0,1161207,1,1,0,1,1.0,30.0,1.0,15.0,4.0,51912,8.0,22741.0,2119.0
2871302,2871303,24.0,1161207,2,2,13,1,1.0,40.0,1.0,-9.0,4.0,4411,5.0,22741.0,2119.0
2871303,2871304,25.0,1161208,1,1,0,1,1.0,30.0,1.0,15.0,4.0,51912,8.0,22741.0,2119.0
2871304,2871305,24.0,1161208,2,2,13,1,1.0,40.0,1.0,-9.0,4.0,4411,5.0,22741.0,2119.0
2871305,2871306,25.0,1161209,1,1,0,1,1.0,30.0,1.0,15.0,4.0,51912,8.0,22740.0,2119.0
2871306,2871307,24.0,1161209,2,2,13,1,1.0,40.0,1.0,-9.0,4.0,4411,5.0,22740.0,2119.0
2871307,2871308,25.0,1161210,1,1,0,1,1.0,30.0,1.0,15.0,4.0,51912,8.0,22741.0,2119.0
2871308,2871309,24.0,1161210,2,2,13,1,1.0,40.0,1.0,-9.0,4.0,4411,5.0,22741.0,2119.0
2871309,2871310,25.0,1161211,1,1,0,1,1.0,30.0,1.0,15.0,4.0,51912,8.0,22740.0,2119.0
2871310,2871311,24.0,1161211,2,2,13,1,1.0,40.0,1.0,-9.0,4.0,4411,5.0,22740.0,2119.0
2871311,2871312,25.0,1161212,1,1,0,1,1.0,30.0,1.0,15.0,4.0,51912,8.0,22737.0,2116.0
2871312,2871313,24.0,1161212,2,2,13,1,1.0,40.0,1.0,-9.0,4.0,4411,5.0,22737.0,2116.0
2871313,2871314,25.0,1161213,1,1,0,1,1.0,30.0,1.0,15.0,4.0,51912,8.0,22738.0,2117.0
2871314,2871315,24.0,1161213,2,2,13,1,1.0,40.0,1.0,-9.0,4.0,4411,5.0,22738.0,2117.0
2871315,2871316,25.0,1161214,1,1,0,1,1.0,30.0,1.0,15.0,4.0,51912,8.0,22744.0,2120.0
2871316,2871317,24.0,1161214,2,2,13,1,1.0,40.0,1.0,-9.0,4.0,4411,5.0,22744.0,2120.0
2871317,2871318,25.0,1161215,1,1,0,1,1.0,30.0,1.0,15.0,4.0,51912,8.0,22738.0,2117.0
2871318,2871319,24.0,1161215,2,2,13,1,1.0,40.0,1.0,-9.0,4.0,4411,5.0,22738.0,2117.0
2871319,2871320,25.0,1161216,1,1,0,1,1.0,30.0,1.0,15.0,4.0,51912,8.0,22747.0,2123.0
2871320,2871321,24.0,1161216,2,2,13,1,1.0,40.0,1.0,-9.0,4.0,4411,5.0,22747.0,2123.0
2871321,2871322,25.0,1161217,1,1,0,1,1.0,30.0,1.0,15.0,4.0,51912,8.0,22744.0,2120.0
2871322,2871323,24.0,1161217,2,2,13,1,1.0,40.0,1.0,-9.0,4.0,4411,5.0,22744.0,2120.0
2871323,2871324,25.0,1161218,1,1,0,1,1.0,30.0,1.0,15.0,4.0,51912,8.0,22745.0,2121.0
2871324,2871325,24.0,1161218,2,2,13,1,1.0,40.0,1.0,-9.0,4.0,4411,5.0,22745.0,2121.0
2871325,2871326,25.0,1161219,1,1,0,1,1.0,30.0,1.0,15.0,4.0,51912,8.0,22737.0,2116.0
2871326,2871327,24.0,1161219,2,2,13,1,1.0,40.0,1.0,-9.0,4.0,4411,5.0,22737.0,2116.0
2871327,2871328,25.0,1161220,1,1,0,1,1.0,30.0,1.0,15.0,4.0,51912,8.0,22737.0,2116.0
2871328,2871329,24.0,1161220,2,2,13,1,1.0,40.0,1.0,-9.0,4.0,4411,5.0,22737.0,2116.0
2871329,2871330,25.0,1161221,1,1,0,1,1.0,30.0,1.0,15.0,4.0,51912,8.0,22739.0,2118.0
2871330,2871331,24.0,1161221,2,2,13,1,1.0,40.0,1.0,-9.0,4.0,4411,5.0,22739.0,2118.0
2871331,2871332,25.0,1161222,1,1,0,1,1.0,30.0,1.0,15.0,4.0,51912,8.0,22742.0,2119.0
2871332,2871333,24.0,1161222,2,2,13,1,1.0,40.0,1.0,-9.0,4.0,4411,5.0,22742.0,2119.0
2871333,2871334,25.0,1161223,1,1,0,1,1.0,30.0,1.0,15.0,4.0,51912,8.0,22743.0,2119.0
2871334,2871335,24.0,1161223,2,2,13,1,1.0,40.0,1.0,-9.0,4.0,4411,5.0,22743.0,2119.0
2871335,2871336,25.0,1161224,1,1,0,1,1.0,30.0,1.0,15.0,4.0,51912,8.0,22745.0,2121.0
2871336,2871337,24.0,1161224,2,2,13,1,1.0,40.0,1.0,-9.0,4.0,4411,5.0,22745.0,2121.0
2871337,2871338,31.0,1161225,1,1,0,1,1.0,40.0,4.0,-9.0,4.0,611M1,13.0,22745.0,2121.0
2871338,2871339,24.0,1161225,2,2,1,1,6.0,-9.0,-9.0,-9.0,4.0,6111,13.0,22745.0,2121.0
2871339,2871340,31.0,1161226,1,1,0,1,1.0,40.0,4.0,-9.0,4.0,611M1,13.0,22741.0,2119.0
2871340,2871341,24.0,1161226,2,2,1,1,6.0,-9.0,-9.0,-9.0,4.0,6111,13.0,22741.0,2119.0
2871341,2871342,31.0,1161227,1,1,0,1,1.0,40.0,4.0,-9.0,4.0,611M1,13.0,22740.0,2119.0
2871342,2871343,24.0,1161227,2,2,1,1,6.0,-9.0,-9.0,-9.0,4.0,6111,13.0,22740.0,2119.0
2871343,2871344,31.0,1161228,1,1,0,1,1.0,40.0,4.0,-9.0,4.0,611M1,13.0,22747.0,2123.0
2871344,2871345,24.0,1161228,2,2,1,1,6.0,-9.0,-9.0,-9.0,4.0,6111,13.0,22747.0,2123.0
2871345,2871346,19.0,1161229,1,2,0,2,1.0,10.0,6.0,15.0,4.0,611M1,13.0,22744.0,2120.0
2871346,2871347,19.0,1161230,1,2,0,2,1.0,10.0,6.0,15.0,4.0,611M1,13.0,22740.0,2119.0
2871347,2871348,24.0,1161231,1,2,0,2,1.0,36.0,4.0,-9.0,4.0,622M,15.0,22740.0,2119.0
2871348,2871349,19.0,1161232,1,2,0,2,1.0,10.0,6.0,15.0,4.0,611M1,13.0,22741.0,2119.0
2871349,2871350,19.0,1161233,1,2,0,2,1.0,10.0,6.0,15.0,4.0,611M1,13.0,22738.0,2117.0
2871350,2871351,19.0,1161234,1,2,0,2,1.0,10.0,6.0,15.0,4.0,611M1,13.0,22737.0,2116.0
2871351,2871352,19.0,1161235,1,2,0,2,1.0,10.0,6.0,15.0,4.0,611M1,13.0,22740.0,2119.0
2871352,2871353,19.0,1161236,1,2,0,2,1.0,10.0,6.0,15.0,4.0,611M1,13.0,22747.0,2123.0
2871353,2871354,19.0,1161237,1,2,0,2,1.0,10.0,6.0,15.0,4.0,611M1,13.0,22740.0,2119.0
2871354,2871355,24.0,1161238,1,2,0,2,1.0,36.0,4.0,-9.0,4.0,622M,15.0,22743.0,2119.0
2871355,2871356,19.0,1161239,1,2,0,2,1.0,10.0,6.0,15.0,4.0,611M1,13.0,22744.0,2120.0
2871356,2871357,24.0,1161240,1,2,0,2,1.0,36.0,4.0,-9.0,4.0,622M,15.0,22744.0,2120.0
2871357,2871358,19.0,1161241,1,2,0,2,1.0,10.0,6.0,15.0,4.0,611M1,13.0,22744.0,2120.0
2871358,2871359,19.0,1161242,1,2,0,2,1.0,10.0,6.0,15.0,4.0,611M1,13.0,22740.0,2119.0
2871359,2871360,19.0,1161243,1,2,0,2,1.0,10.0,6.0,15.0,4.0,611M1,13.0,22747.0,2123.0
2871360,2871361,19.0,1161244,1,2,0,2,1.0,10.0,6.0,15.0,4.0,611M1,13.0,22737.0,2116.0
2871361,2871362,19.0,1161245,1,2,0,2,1.0,10.0,6.0,15.0,4.0,611M1,13.0,22742.0,2119.0
2871362,2871363,19.0,1161246,1,2,0,2,1.0,10.0,6.0,15.0,4.0,611M1,13.0,22747.0,2123.0
2871363,2871364,19.0,1161247,1,2,0,2,1.0,10.0,6.0,15.0,4.0,611M1,13.0,22741.0,2119.0
2871364,2871365,24.0,1161248,1,2,0,2,1.0,36.0,4.0,-9.0,4.0,622M,15.0,22740.0,2119.0
2871365,2871366,19.0,1161249,1,2,0,2,1.0,10.0,6.0,15.0,4.0,611M1,13.0,22740.0,2119.0
2871366,2871367,19.0,1161250,1,2,0,2,1.0,10.0,6.0,15.0,4.0,611M1,13.0,22743.0,2119.0
2871367,2871368,19.0,1161251,1,2,0,2,1.0,10.0,6.0,15.0,4.0,611M1,13.0,22747.0,2123.0
2871368,2871369,19.0,1161252,1,2,0,2,1.0,10.0,6.0,15.0,4.0,611M1,13.0,22738.0,2117.0
2871369,2871370,19.0,1161253,1,2,0,2,1.0,10.0,6.0,15.0,4.0,611M1,13.0,22740.0,2119.0
2871370,2871371,24.0,1161254,1,2,0,2,1.0,36.0,4.0,-9.0,4.0,622M,15.0,22745.0,2121.0
2871371,2871372,19.0,1161255,1,2,0,2,1.0,10.0,6.0,15.0,4.0,611M1,13.0,22741.0,2119.0
2871372,2871373,19.0,1161256,1,2,0,2,1.0,10.0,6.0,15.0,4.0,611M1,13.0,22745.0,2121.0
2871373,2871374,19.0,1161257,1,2,0,2,1.0,10.0,6.0,15.0,4.0,611M1,13.0,22745.0,2121.0
2871374,2871375,24.0,1161258,1,2,0,2,1.0,36.0,4.0,-9.0,4.0,622M,15.0,22745.0,2121.0
2871375,2871376,19.0,1161259,1,2,0,2,1.0,10.0,6.0,15.0,4.0,611M1,13.0,22737.0,2116.0
2871376,2871377,19.0,1161260,1,2,0,2,1.0,10.0,6.0,15.0,4.0,611M1,13.0,22744.0,2120.0
2871377,2871378,19.0,1161261,1,2,0,2,1.0,10.0,6.0,15.0,4.0,611M1,13.0,22745.0,2121.0
2871378,2871379,24.0,1161262,1,2,0,2,1.0,36.0,4.0,-9.0,4.0,622M,15.0,22737.0,2116.0
2871379,2871380,19.0,1161263,1,2,0,2,1.0,10.0,6.0,15.0,4.0,611M1,13.0,22740.0,2119.0
2871380,2871381,19.0,1161264,1,2,0,2,1.0,10.0,6.0,15.0,4.0,611M1,13.0,22740.0,2119.0
2871381,2871382,19.0,1161265,1,2,0,2,1.0,10.0,6.0,15.0,4.0,611M1,13.0,22744.0,2120.0
2871382,2871383,24.0,1161266,1,2,0,2,1.0,36.0,4.0,-9.0,4.0,622M,15.0,22744.0,2120.0
2871383,2871384,19.0,1161267,1,2,0,2,1.0,10.0,6.0,15.0,4.0,611M1,13.0,22740.0,2119.0
2871384,2871385,19.0,1161268,1,2,0,2,1.0,10.0,6.0,15.0,4.0,611M1,13.0,22744.0,2120.0
2871385,2871386,19.0,1161269,1,2,0,2,1.0,10.0,6.0,15.0,4.0,611M1,13.0,22737.0,2116.0
2871386,2871387,24.0,1161270,1,2,0,2,1.0,36.0,4.0,-9.0,4.0,622M,15.0,22741.0,2119.0
2871387,2871388,19.0,1161271,1,2,0,2,1.0,10.0,6.0,15.0,4.0,611M1,13.0,22737.0,2116.0
2871388,2871389,23.0,1161272,1,2,0,1,1.0,47.0,1.0,-9.0,4.0,611M1,13.0,22747.0,2123.0
2871389,2871390,26.0,1161272,2,1,1,1,1.0,40.0,1.0,-9.0,4.0,5417,10.0,22747.0,2123.0
2871390,2871391,23.0,1161273,1,2,0,1,1.0,47.0,1.0,-9.0,4.0,611M1,13.0,22741.0,2119.0
2871391,2871392,26.0,1161273,2,1,1,1,1.0,40.0,1.0,-9.0,4.0,5417,10.0,22741.0,2119.0
2871392,2871393,23.0,1161274,1,2,0,1,1.0,47.0,1.0,-9.0,4.0,611M1,13.0,22742.0,2119.0
2871393,2871394,26.0,1161274,2,1,1,1,1.0,40.0,1.0,-9.0,4.0,5417,10.0,22742.0,2119.0
2871394,2871395,23.0,1161275,1,2,0,1,1.0,47.0,1.0,-9.0,4.0,611M1,13.0,22740.0,2119.0
2871395,2871396,26.0,1161275,2,1,1,1,1.0,40.0,1.0,-9.0,4.0,5417,10.0,22740.0,2119.0
2871396,2871397,23.0,1161276,1,2,0,1,1.0,47.0,1.0,-9.0,4.0,611M1,13.0,22741.0,2119.0
2871397,2871398,26.0,1161276,2,1,1,1,1.0,40.0,1.0,-9.0,4.0,5417,10.0,22741.0,2119.0
2871398,2871399,23.0,1161277,1,2,0,1,1.0,47.0,1.0,-9.0,4.0,611M1,13.0,22740.0,2119.0
2871399,2871400,26.0,1161277,2,1,1,1,1.0,40.0,1.0,-9.0,4.0,5417,10.0,22740.0,2119.0
2871400,2871401,23.0,1161278,1,2,0,1,1.0,47.0,1.0,-9.0,4.0,611M1,13.0,22747.0,2123.0
2871401,2871402,26.0,1161278,2,1,1,1,1.0,40.0,1.0,-9.0,4.0,5417,10.0,22747.0,2123.0
2871402,2871403,23.0,1161279,1,2,0,1,1.0,47.0,1.0,-9.0,4.0,611M1,13.0,22744.0,2120.0
2871403,2871404,26.0,1161279,2,1,1,1,1.0,40.0,1.0,-9.0,4.0,5417,10.0,22744.0,2120.0
2871404,2871405,23.0,1161280,1,2,0,1,1.0,47.0,1.0,-9.0,4.0,611M1,13.0,22737.0,2116.0
2871405,2871406,26.0,1161280,2,1,1,1,1.0,40.0,1.0,-9.0,4.0,5417,10.0,22737.0,2116.0
2871406,2871407,23.0,1161281,1,2,0,1,1.0,47.0,1.0,-9.0,4.0,611M1,13.0,22740.0,2119.0
2871407,2871408,26.0,1161281,2,1,1,1,1.0,40.0,1.0,-9.0,4.0,5417,10.0,22740.0,2119.0
2871408,2871409,23.0,1161282,1,2,0,1,1.0,47.0,1.0,-9.0,4.0,611M1,13.0,22740.0,2119.0
2871409,2871410,26.0,1161282,2,1,1,1,1.0,40.0,1.0,-9.0,4.0,5417,10.0,22740.0,2119.0
2871410,2871411,23.0,1161283,1,2,0,1,1.0,47.0,1.0,-9.0,4.0,611M1,13.0,22740.0,2119.0
2871411,2871412,26.0,1161283,2,1,1,1,1.0,40.0,1.0,-9.0,4.0,5417,10.0,22740.0,2119.0
2871412,2871413,23.0,1161284,1,2,0,1,1.0,47.0,1.0,-9.0,4.0,611M1,13.0,22740.0,2119.0
2871413,2871414,26.0,1161284,2,1,1,1,1.0,40.0,1.0,-9.0,4.0,5417,10.0,22740.0,2119.0
2871414,2871415,23.0,1161285,1,2,0,1,1.0,47.0,1.0,-9.0,4.0,611M1,13.0,22737.0,2116.0
2871415,2871416,26.0,1161285,2,1,1,1,1.0,40.0,1.0,-9.0,4.0,5417,10.0,22737.0,2116.0
2871416,2871417,23.0,1161286,1,2,0,1,1.0,47.0,1.0,-9.0,4.0,611M1,13.0,22740.0,2119.0
2871417,2871418,26.0,1161286,2,1,1,1,1.0,40.0,1.0,-9.0,4.0,5417,10.0,22740.0,2119.0
2871418,2871419,23.0,1161287,1,2,0,1,1.0,47.0,1.0,-9.0,4.0,611M1,13.0,22737.0,2116.0
2871419,2871420,26.0,1161287,2,1,1,1,1.0,40.0,1.0,-9.0,4.0,5417,10.0,22737.0,2116.0
2871420,2871421,23.0,1161288,1,2,0,1,1.0,47.0,1.0,-9.0,4.0,611M1,13.0,22741.0,2119.0
2871421,2871422,26.0,1161288,2,1,1,1,1.0,40.0,1.0,-9.0,4.0,5417,10.0,22741.0,2119.0
2871422,2871423,23.0,1161289,1,2,0,1,1.0,47.0,1.0,-9.0,4.0,611M1,13.0,22744.0,2120.0
2871423,2871424,26.0,1161289,2,1,1,1,1.0,40.0,1.0,-9.0,4.0,5417,10.0,22744.0,2120.0
2871424,2871425,23.0,1161290,1,2,0,1,1.0,47.0,1.0,-9.0,4.0,611M1,13.0,22741.0,2119.0
2871425,2871426,26.0,1161290,2,1,1,1,1.0,40.0,1.0,-9.0,4.0,5417,10.0,22741.0,2119.0
2871426,2871427,23.0,1161291,1,2,0,1,1.0,47.0,1.0,-9.0,4.0,611M1,13.0,22740.0,2119.0
2871427,2871428,26.0,1161291,2,1,1,1,1.0,40.0,1.0,-9.0,4.0,5417,10.0,22740.0,2119.0
2871428,2871429,23.0,1161292,1,2,0,1,1.0,47.0,1.0,-9.0,4.0,611M1,13.0,22739.0,2118.0
2871429,2871430,26.0,1161292,2,1,1,1,1.0,40.0,1.0,-9.0,4.0,5417,10.0,22739.0,2118.0
2871430,2871431,23.0,1161293,1,2,0,1,1.0,47.0,1.0,-9.0,4.0,611M1,13.0,22741.0,2119.0
2871431,2871432,26.0,1161293,2,1,1,1,1.0,40.0,1.0,-9.0,4.0,5417,10.0,22741.0,2119.0
2871432,2871433,23.0,1161294,1,2,0,1,1.0,47.0,1.0,-9.0,4.0,611M1,13.0,22744.0,2120.0
2871433,2871434,26.0,1161294,2,1,1,1,1.0,40.0,1.0,-9.0,4.0,5417,10.0,22744.0,2120.0
2871434,2871435,23.0,1161295,1,2,0,1,1.0,47.0,1.0,-9.0,4.0,611M1,13.0,22737.0,2116.0
2871435,2871436,26.0,1161295,2,1,1,1,1.0,40.0,1.0,-9.0,4.0,5417,10.0,22737.0,2116.0
2871436,2871437,23.0,1161296,1,2,0,1,1.0,47.0,1.0,-9.0,4.0,611M1,13.0,22745.0,2121.0
2871437,2871438,26.0,1161296,2,1,1,1,1.0,40.0,1.0,-9.0,4.0,5417,10.0,22745.0,2121.0
2871438,2871439,23.0,1161297,1,2,0,1,1.0,47.0,1.0,-9.0,4.0,611M1,13.0,22737.0,2116.0
2871439,2871440,26.0,1161297,2,1,1,1,1.0,40.0,1.0,-9.0,4.0,5417,10.0,22737.0,2116.0
2871440,2871441,23.0,1161298,1,2,0,1,1.0,47.0,1.0,-9.0,4.0,611M1,13.0,22740.0,2119.0
2871441,2871442,26.0,1161298,2,1,1,1,1.0,40.0,1.0,-9.0,4.0,5417,10.0,22740.0,2119.0
2871442,2871443,23.0,1161299,1,2,0,1,1.0,47.0,1.0,-9.0,4.0,611M1,13.0,22737.0,2116.0
2871443,2871444,26.0,1161299,2,1,1,1,1.0,40.0,1.0,-9.0,4.0,5417,10.0,22737.0,2116.0
2871444,2871445,23.0,1161300,1,2,0,1,1.0,47.0,1.0,-9.0,4.0,611M1,13.0,22747.0,2123.0
2871445,2871446,26.0,1161300,2,1,1,1,1.0,40.0,1.0,-9.0,4.0,5417,10.0,22747.0,2123.0
2871446,2871447,23.0,1161301,1,2,0,1,1.0,47.0,1.0,-9.0,4.0,611M1,13.0,22740.0,2119.0
2871447,2871448,26.0,1161301,2,1,1,1,1.0,40.0,1.0,-9.0,4.0,5417,10.0,22740.0,2119.0
2871448,2871449,23.0,1161302,1,2,0,1,1.0,47.0,1.0,-9.0,4.0,611M1,13.0,22742.0,2119.0
2871449,2871450,26.0,1161302,2,1,1,1,1.0,40.0,1.0,-9.0,4.0,5417,10.0,22742.0,2119.0
2871450,2871451,23.0,1161303,1,2,0,1,1.0,47.0,1.0,-9.0,4.0,611M1,13.0,22744.0,2120.0
2871451,2871452,26.0,1161303,2,1,1,1,1.0,40.0,1.0,-9.0,4.0,5417,10.0,22744.0,2120.0
2871452,2871453,23.0,1161304,1,2,0,1,1.0,47.0,1.0,-9.0,4.0,611M1,13.0,22737.0,2116.0
2871453,2871454,26.0,1161304,2,1,1,1,1.0,40.0,1.0,-9.0,4.0,5417,10.0,22737.0,2116.0
2871454,2871455,23.0,1161305,1,2,0,1,1.0,47.0,1.0,-9.0,4.0,611M1,13.0,22741.0,2119.0
2871455,2871456,26.0,1161305,2,1,1,1,1.0,40.0,1.0,-9.0,4.0,5417,10.0,22741.0,2119.0
2871456,2871457,23.0,1161306,1,2,0,1,1.0,47.0,1.0,-9.0,4.0,611M1,13.0,22737.0,2116.0
2871457,2871458,26.0,1161306,2,1,1,1,1.0,40.0,1.0,-9.0,4.0,5417,10.0,22737.0,2116.0
2871458,2871459,23.0,1161307,1,2,0,1,1.0,47.0,1.0,-9.0,4.0,611M1,13.0,22745.0,2121.0
2871459,2871460,26.0,1161307,2,1,1,1,1.0,40.0,1.0,-9.0,4.0,5417,10.0,22745.0,2121.0
2871460,2871461,23.0,1161308,1,2,0,1,1.0,47.0,1.0,-9.0,4.0,611M1,13.0,22740.0,2119.0
2871461,2871462,26.0,1161308,2,1,1,1,1.0,40.0,1.0,-9.0,4.0,5417,10.0,22740.0,2119.0
2871462,2871463,23.0,1161309,1,2,0,1,1.0,47.0,1.0,-9.0,4.0,611M1,13.0,22737.0,2116.0
2871463,2871464,26.0,1161309,2,1,1,1,1.0,40.0,1.0,-9.0,4.0,5417,10.0,22737.0,2116.0
2871464,2871465,23.0,1161310,1,2,0,1,1.0,47.0,1.0,-9.0,4.0,611M1,13.0,22740.0,2119.0
2871465,2871466,26.0,1161310,2,1,1,1,1.0,40.0,1.0,-9.0,4.0,5417,10.0,22740.0,2119.0
2871466,2871467,23.0,1161311,1,2,0,1,1.0,47.0,1.0,-9.0,4.0,611M1,13.0,22738.0,2117.0
2871467,2871468,26.0,1161311,2,1,1,1,1.0,40.0,1.0,-9.0,4.0,5417,10.0,22738.0,2117.0
2871468,2871469,23.0,1161312,1,2,0,1,1.0,47.0,1.0,-9.0,4.0,611M1,13.0,22747.0,2123.0
2871469,2871470,26.0,1161312,2,1,1,1,1.0,40.0,1.0,-9.0,4.0,5417,10.0,22747.0,2123.0
2871470,2871471,23.0,1161313,1,2,0,1,1.0,47.0,1.0,-9.0,4.0,611M1,13.0,22740.0,2119.0
2871471,2871472,26.0,1161313,2,1,1,1,1.0,40.0,1.0,-9.0,4.0,5417,10.0,22740.0,2119.0
2871472,2871473,23.0,1161314,1,2,0,1,1.0,47.0,1.0,-9.0,4.0,611M1,13.0,22744.0,2120.0
2871473,2871474,26.0,1161314,2,1,1,1,1.0,40.0,1.0,-9.0,4.0,5417,10.0,22744.0,2120.0
2871474,2871475,24.0,1161315,1,1,0,1,1.0,50.0,3.0,-9.0,4.0,5416,10.0,22745.0,2121.0
2871475,2871476,24.0,1161316,1,1,0,1,1.0,50.0,3.0,-9.0,4.0,5416,10.0,22744.0,2120.0
2871476,2871477,24.0,1161317,1,1,0,1,1.0,50.0,3.0,-9.0,4.0,5416,10.0,22740.0,2119.0
2871477,2871478,24.0,1161318,1,1,0,1,1.0,50.0,3.0,-9.0,4.0,5416,10.0,22741.0,2119.0
2871478,2871479,24.0,1161319,1,1,0,1,1.0,50.0,3.0,-9.0,4.0,5416,10.0,22738.0,2117.0
2871479,2871480,24.0,1161320,1,1,0,1,1.0,50.0,3.0,-9.0,4.0,5416,10.0,22741.0,2119.0
2871480,2871481,24.0,1161321,1,1,0,1,1.0,50.0,3.0,-9.0,4.0,5416,10.0,22738.0,2117.0
2871481,2871482,24.0,1161322,1,1,0,1,1.0,50.0,3.0,-9.0,4.0,5416,10.0,22740.0,2119.0
2871482,2871483,24.0,1161323,1,1,0,1,1.0,50.0,3.0,-9.0,4.0,5416,10.0,22741.0,2119.0
2871483,2871484,24.0,1161324,1,1,0,1,1.0,50.0,3.0,-9.0,4.0,5416,10.0,22739.0,2118.0
2871484,2871485,24.0,1161325,1,1,0,1,1.0,50.0,3.0,-9.0,4.0,5416,10.0,22740.0,2119.0
2871485,2871486,24.0,1161326,1,1,0,1,1.0,50.0,3.0,-9.0,4.0,5416,10.0,22737.0,2116.0
2871486,2871487,24.0,1161327,1,1,0,1,1.0,50.0,3.0,-9.0,4.0,5416,10.0,22741.0,2119.0
2871487,2871488,24.0,1161328,1,1,0,1,1.0,50.0,3.0,-9.0,4.0,5416,10.0,22741.0,2119.0
2871488,2871489,24.0,1161329,1,1,0,1,1.0,50.0,3.0,-9.0,4.0,5416,10.0,22738.0,2117.0
2871489,2871490,24.0,1161330,1,1,0,1,1.0,50.0,3.0,-9.0,4.0,5416,10.0,22744.0,2120.0
2871490,2871491,24.0,1161331,1,1,0,1,1.0,50.0,3.0,-9.0,4.0,5416,10.0,22739.0,2118.0
2871491,2871492,24.0,1161332,1,1,0,1,1.0,50.0,3.0,-9.0,4.0,5416,10.0,22739.0,2118.0
2871492,2871493,24.0,1161333,1,1,0,1,1.0,50.0,3.0,-9.0,4.0,5416,10.0,22744.0,2120.0
2871493,2871494,24.0,1161334,1,1,0,1,1.0,50.0,3.0,-9.0,4.0,5416,10.0,22745.0,2121.0
2871494,2871495,24.0,1161335,1,1,0,1,1.0,50.0,3.0,-9.0,4.0,5416,10.0,22744.0,2120.0
2871495,2871496,21.0,1161336,1,1,0,1,1.0,80.0,1.0,15.0,4.0,517311,8.0,22741.0,2119.0
2871496,2871497,24.0,1161337,1,2,0,1,1.0,40.0,1.0,-9.0,4.0,92MP,18.0,22737.0,2116.0
2871497,2871498,25.0,1161337,2,1,1,1,6.0,-9.0,-9.0,16.0,3.0,92MP,18.0,22737.0,2116.0
2871498,2871499,24.0,1161338,1,2,0,1,1.0,40.0,1.0,-9.0,4.0,92MP,18.0,22747.0,2123.0
2871499,2871500,25.0,1161338,2,1,1,1,6.0,-9.0,-9.0,16.0,3.0,92MP,18.0,22747.0,2123.0
2871500,2871501,24.0,1161339,1,2,0,1,1.0,40.0,1.0,-9.0,4.0,92MP,18.0,22740.0,2119.0
2871501,2871502,25.0,1161339,2,1,1,1,6.0,-9.0,-9.0,16.0,3.0,92MP,18.0,22740.0,2119.0
2871502,2871503,24.0,1161340,1,2,0,1,1.0,40.0,1.0,-9.0,4.0,92MP,18.0,22744.0,2120.0
2871503,2871504,25.0,1161340,2,1,1,1,6.0,-9.0,-9.0,16.0,3.0,92MP,18.0,22744.0,2120.0
2871504,2871505,24.0,1161341,1,2,0,1,1.0,40.0,1.0,-9.0,4.0,92MP,18.0,22743.0,2119.0
2871505,2871506,25.0,1161341,2,1,1,1,6.0,-9.0,-9.0,16.0,3.0,92MP,18.0,22743.0,2119.0
2871506,2871507,24.0,1161342,1,2,0,1,1.0,40.0,1.0,-9.0,4.0,92MP,18.0,22737.0,2116.0
2871507,2871508,25.0,1161342,2,1,1,1,6.0,-9.0,-9.0,16.0,3.0,92MP,18.0,22737.0,2116.0
2871508,2871509,24.0,1161343,1,2,0,1,1.0,40.0,1.0,-9.0,4.0,92MP,18.0,22741.0,2119.0
2871509,2871510,25.0,1161343,2,1,1,1,6.0,-9.0,-9.0,16.0,3.0,92MP,18.0,22741.0,2119.0
2871510,2871511,24.0,1161344,1,2,0,1,1.0,40.0,1.0,-9.0,4.0,92MP,18.0,22737.0,2116.0
2871511,2871512,25.0,1161344,2,1,1,1,6.0,-9.0,-9.0,16.0,3.0,92MP,18.0,22737.0,2116.0
2871512,2871513,24.0,1161345,1,2,0,1,1.0,40.0,1.0,-9.0,4.0,92MP,18.0,22742.0,2119.0
2871513,2871514,25.0,1161345,2,1,1,1,6.0,-9.0,-9.0,16.0,3.0,92MP,18.0,22742.0,2119.0
2871514,2871515,24.0,1161346,1,2,0,1,1.0,40.0,1.0,-9.0,4.0,92MP,18.0,22744.0,2120.0
2871515,2871516,25.0,1161346,2,1,1,1,6.0,-9.0,-9.0,16.0,3.0,92MP,18.0,22744.0,2120.0
2871516,2871517,24.0,1161347,1,2,0,1,1.0,40.0,1.0,-9.0,4.0,92MP,18.0,22738.0,2117.0
2871517,2871518,25.0,1161347,2,1,1,1,6.0,-9.0,-9.0,16.0,3.0,92MP,18.0,22738.0,2117.0
2871518,2871519,24.0,1161348,1,2,0,1,1.0,40.0,1.0,-9.0,4.0,92MP,18.0,22737.0,2116.0
2871519,2871520,25.0,1161348,2,1,1,1,6.0,-9.0,-9.0,16.0,3.0,92MP,18.0,22737.0,2116.0
2871520,2871521,24.0,1161349,1,2,0,1,1.0,40.0,1.0,-9.0,4.0,92MP,18.0,22747.0,2123.0
2871521,2871522,25.0,1161349,2,1,1,1,6.0,-9.0,-9.0,16.0,3.0,92MP,18.0,22747.0,2123.0
2871522,2871523,24.0,1161350,1,1,0,1,1.0,50.0,1.0,16.0,4.0,611M1,13.0,22745.0,2121.0
2871523,2871524,25.0,1161350,2,1,12,4,1.0,50.0,1.0,16.0,4.0,611M1,13.0,22745.0,2121.0
2871524,2871525,20.0,1161351,1,1,0,1,1.0,20.0,1.0,15.0,4.0,611M1,13.0,22744.0,2120.0
2871525,2871526,25.0,1161351,2,1,13,1,6.0,-9.0,-9.0,16.0,4.0,722Z,16.0,22744.0,2120.0
2871526,2871527,20.0,1161352,1,1,0,1,1.0,20.0,1.0,15.0,4.0,611M1,13.0,22740.0,2119.0
2871527,2871528,25.0,1161352,2,1,13,1,6.0,-9.0,-9.0,16.0,4.0,722Z,16.0,22740.0,2119.0
2871528,2871529,20.0,1161353,1,1,0,1,1.0,20.0,1.0,15.0,4.0,611M1,13.0,22743.0,2119.0
2871529,2871530,25.0,1161353,2,1,13,1,6.0,-9.0,-9.0,16.0,4.0,722Z,16.0,22743.0,2119.0
2871530,2871531,20.0,1161354,1,1,0,1,1.0,20.0,5.0,15.0,4.0,611M1,13.0,22747.0,2123.0
2871531,2871532,24.0,1161355,1,1,0,1,1.0,8.0,4.0,15.0,4.0,611M1,13.0,22737.0,2116.0
2871532,2871533,23.0,1161356,1,1,0,1,1.0,50.0,1.0,16.0,4.0,611M1,13.0,22737.0,2116.0
2871533,2871534,20.0,1161357,1,1,0,1,1.0,6.0,4.0,15.0,4.0,6111,13.0,22744.0,2120.0
2871534,2871535,23.0,1161358,1,1,0,1,1.0,50.0,1.0,16.0,4.0,611M1,13.0,22740.0,2119.0
2871535,2871536,20.0,1161359,1,1,0,1,1.0,6.0,4.0,15.0,4.0,6111,13.0,22737.0,2116.0
2871536,2871537,20.0,1161360,1,1,0,1,1.0,20.0,5.0,15.0,4.0,611M1,13.0,22740.0,2119.0
2871537,2871538,20.0,1161361,1,1,0,1,1.0,20.0,5.0,15.0,4.0,611M1,13.0,22747.0,2123.0
2871538,2871539,24.0,1161362,1,1,0,1,1.0,8.0,4.0,15.0,4.0,611M1,13.0,22743.0,2119.0
2871539,2871540,20.0,1161363,1,1,0,1,1.0,6.0,4.0,15.0,4.0,6111,13.0,22743.0,2119.0
2871540,2871541,24.0,1161364,1,1,0,1,1.0,8.0,4.0,15.0,4.0,611M1,13.0,22744.0,2120.0
2871541,2871542,24.0,1161365,1,1,0,1,1.0,8.0,4.0,15.0,4.0,611M1,13.0,22741.0,2119.0
2871542,2871543,24.0,1161366,1,1,0,1,1.0,8.0,4.0,15.0,4.0,611M1,13.0,22747.0,2123.0
2871543,2871544,24.0,1161367,1,1,0,1,1.0,8.0,4.0,15.0,4.0,611M1,13.0,22747.0,2123.0
2871544,2871545,20.0,1161368,1,1,0,1,1.0,20.0,5.0,15.0,4.0,611M1,13.0,22739.0,2118.0
2871545,2871546,20.0,1161369,1,1,0,1,1.0,20.0,5.0,15.0,4.0,611M1,13.0,22738.0,2117.0
2871546,2871547,23.0,1161370,1,1,0,1,1.0,50.0,1.0,16.0,4.0,611M1,13.0,22740.0,2119.0
2871547,2871548,24.0,1161371,1,1,0,1,1.0,8.0,4.0,15.0,4.0,611M1,13.0,22745.0,2121.0
2871548,2871549,24.0,1161372,1,1,0,1,1.0,8.0,4.0,15.0,4.0,611M1,13.0,22744.0,2120.0
2871549,2871550,20.0,1161373,1,1,0,1,1.0,6.0,4.0,15.0,4.0,6111,13.0,22740.0,2119.0
2871550,2871551,20.0,1161374,1,1,0,1,1.0,20.0,5.0,15.0,4.0,611M1,13.0,22741.0,2119.0
2871551,2871552,23.0,1161375,1,1,0,1,1.0,50.0,1.0,16.0,4.0,611M1,13.0,22740.0,2119.0
2871552,2871553,23.0,1161376,1,1,0,1,1.0,50.0,1.0,16.0,4.0,611M1,13.0,22742.0,2119.0
2871553,2871554,23.0,1161377,1,1,0,1,1.0,50.0,1.0,16.0,4.0,611M1,13.0,22741.0,2119.0
2871554,2871555,23.0,1161378,1,1,0,1,1.0,50.0,1.0,16.0,4.0,611M1,13.0,22737.0,2116.0
2871555,2871556,24.0,1161379,1,1,0,1,1.0,45.0,4.0,-9.0,4.0,4251,4.0,22742.0,2119.0
2871556,2871557,24.0,1161380,1,1,0,1,1.0,45.0,4.0,-9.0,4.0,4251,4.0,22740.0,2119.0
2871557,2871558,24.0,1161381,1,1,0,1,1.0,45.0,4.0,-9.0,4.0,4251,4.0,22745.0,2121.0
2871558,2871559,24.0,1161382,1,1,0,1,1.0,45.0,4.0,-9.0,4.0,4251,4.0,22740.0,2119.0
2871559,2871560,24.0,1161383,1,1,0,1,1.0,45.0,4.0,-9.0,4.0,4251,4.0,22741.0,2119.0
2871560,2871561,24.0,1161384,1,1,0,1,1.0,45.0,4.0,-9.0,4.0,4251,4.0,22744.0,2120.0
2871561,2871562,24.0,1161385,1,1,0,1,1.0,45.0,4.0,-9.0,4.0,4251,4.0,22740.0,2119.0
2871562,2871563,24.0,1161386,1,1,0,1,1.0,45.0,4.0,-9.0,4.0,4251,4.0,22740.0,2119.0
2871563,2871564,24.0,1161387,1,1,0,1,1.0,45.0,4.0,-9.0,4.0,4251,4.0,22744.0,2120.0
2871564,2871565,24.0,1161388,1,1,0,1,1.0,45.0,4.0,-9.0,4.0,4251,4.0,22744.0,2120.0
2871565,2871566,24.0,1161389,1,1,0,1,1.0,45.0,4.0,-9.0,4.0,4251,4.0,22747.0,2123.0
2871566,2871567,24.0,1161390,1,1,0,1,1.0,45.0,4.0,-9.0,4.0,4251,4.0,22740.0,2119.0
2871567,2871568,24.0,1161391,1,1,0,1,1.0,45.0,4.0,-9.0,4.0,4251,4.0,22741.0,2119.0
2871568,2871569,24.0,1161392,1,1,0,1,1.0,45.0,4.0,-9.0,4.0,4251,4.0,22740.0,2119.0
2871569,2871570,24.0,1161393,1,1,0,1,1.0,45.0,4.0,-9.0,4.0,4251,4.0,22741.0,2119.0
2871570,2871571,24.0,1161394,1,1,0,1,1.0,45.0,4.0,-9.0,4.0,4251,4.0,22737.0,2116.0
2871571,2871572,24.0,1161395,1,1,0,1,1.0,45.0,4.0,-9.0,4.0,4251,4.0,22740.0,2119.0
2871572,2871573,24.0,1161396,1,1,0,1,1.0,45.0,4.0,-9.0,4.0,4251,4.0,22741.0,2119.0
2871573,2871574,24.0,1161397,1,1,0,1,1.0,45.0,4.0,-9.0,4.0,4251,4.0,22742.0,2119.0
2871574,2871575,24.0,1161398,1,1,0,1,1.0,45.0,4.0,-9.0,4.0,4251,4.0,22745.0,2121.0
2871575,2871576,24.0,1161399,1,1,0,1,1.0,45.0,4.0,-9.0,4.0,4251,4.0,22741.0,2119.0
2871576,2871577,24.0,1161400,1,1,0,1,1.0,45.0,4.0,-9.0,4.0,4251,4.0,22738.0,2117.0
2871577,2871578,24.0,1161401,1,1,0,1,1.0,50.0,4.0,15.0,4.0,336M,3.0,22738.0,2117.0
2871578,2871579,24.0,1161402,1,1,0,1,1.0,50.0,4.0,15.0,4.0,336M,3.0,22741.0,2119.0
2871579,2871580,24.0,1161403,1,1,0,1,1.0,50.0,4.0,15.0,4.0,336M,3.0,22737.0,2116.0
2871580,2871581,24.0,1161404,1,1,0,1,1.0,50.0,4.0,15.0,4.0,336M,3.0,22743.0,2119.0
2871581,2871582,24.0,1161405,1,1,0,1,1.0,50.0,4.0,15.0,4.0,336M,3.0,22747.0,2123.0
2871582,2871583,24.0,1161406,1,1,0,1,1.0,50.0,4.0,15.0,4.0,336M,3.0,22743.0,2119.0
2871583,2871584,24.0,1161407,1,1,0,1,1.0,50.0,4.0,15.0,4.0,336M,3.0,22737.0,2116.0
2871584,2871585,24.0,1161408,1,1,0,1,1.0,50.0,4.0,15.0,4.0,336M,3.0,22738.0,2117.0
2871585,2871586,24.0,1161409,1,1,0,1,1.0,50.0,4.0,15.0,4.0,336M,3.0,22737.0,2116.0
2871586,2871587,24.0,1161410,1,1,0,1,1.0,50.0,4.0,15.0,4.0,336M,3.0,22741.0,2119.0
2871587,2871588,24.0,1161411,1,1,0,1,1.0,50.0,4.0,15.0,4.0,336M,3.0,22737.0,2116.0
2871588,2871589,22.0,1161412,1,2,0,1,1.0,8.0,6.0,15.0,4.0,611M1,13.0,22737.0,2116.0
2871589,2871590,22.0,1161413,1,2,0,1,1.0,8.0,6.0,15.0,4.0,611M1,13.0,22741.0,2119.0
2871590,2871591,22.0,1161414,1,2,0,1,1.0,8.0,6.0,15.0,4.0,611M1,13.0,22741.0,2119.0
2871591,2871592,22.0,1161415,1,2,0,1,1.0,8.0,6.0,15.0,4.0,611M1,13.0,22741.0,2119.0
2871592,2871593,22.0,1161416,1,2,0,1,1.0,8.0,6.0,15.0,4.0,611M1,13.0,22741.0,2119.0
2871593,2871594,24.0,1161417,1,1,0,1,1.0,45.0,1.0,16.0,4.0,611M1,13.0,22739.0,2118.0
2871594,2871595,24.0,1161418,1,1,0,1,1.0,45.0,1.0,16.0,4.0,611M1,13.0,22741.0,2119.0
2871595,2871596,24.0,1161419,1,1,0,1,1.0,45.0,1.0,16.0,4.0,611M1,13.0,22737.0,2116.0
2871596,2871597,24.0,1161420,1,1,0,1,1.0,45.0,1.0,16.0,4.0,611M1,13.0,22741.0,2119.0
2871597,2871598,24.0,1161421,1,1,0,1,1.0,45.0,1.0,16.0,4.0,611M1,13.0,22740.0,2119.0
2871598,2871599,24.0,1161422,1,1,0,1,1.0,45.0,1.0,16.0,4.0,611M1,13.0,22741.0,2119.0
2871599,2871600,24.0,1161423,1,1,0,1,1.0,45.0,1.0,16.0,4.0,611M1,13.0,22744.0,2120.0
2871600,2871601,24.0,1161424,1,1,0,1,1.0,45.0,1.0,16.0,4.0,611M1,13.0,22740.0,2119.0
2871601,2871602,24.0,1161425,1,1,0,1,1.0,45.0,1.0,16.0,4.0,611M1,13.0,22743.0,2119.0
2871602,2871603,24.0,1161426,1,1,0,1,1.0,45.0,1.0,16.0,4.0,611M1,13.0,22740.0,2119.0
2871603,2871604,75.0,1161427,1,2,0,2,6.0,-9.0,-9.0,-9.0,4.0,-9,0.0,22753.0,2125.0
2871604,2871605,80.0,1161428,1,2,0,2,6.0,-9.0,-9.0,-9.0,4.0,-9,0.0,22752.0,2125.0
2871605,2871606,80.0,1161429,1,2,0,2,6.0,-9.0,-9.0,-9.0,4.0,-9,0.0,22754.0,2125.0
2871606,2871607,72.0,1161430,1,2,0,2,6.0,-9.0,-9.0,-9.0,4.0,-9,0.0,22749.0,2125.0
2871607,2871608,72.0,1161431,1,2,0,2,6.0,-9.0,-9.0,-9.0,4.0,-9,0.0,22754.0,2125.0
2871608,2871609,80.0,1161432,1,2,0,2,6.0,-9.0,-9.0,-9.0,4.0,-9,0.0,22750.0,2125.0
2871609,2871610,72.0,1161433,1,2,0,2,6.0,-9.0,-9.0,-9.0,4.0,-9,0.0,22752.0,2125.0
2871610,2871611,72.0,1161434,1,2,0,2,6.0,-9.0,-9.0,-9.0,4.0,-9,0.0,22750.0,2125.0
2871611,2871612,72.0,1161435,1,2,0,2,6.0,-9.0,-9.0,-9.0,4.0,-9,0.0,22749.0,2125.0
2871612,2871613,72.0,1161436,1,2,0,2,6.0,-9.0,-9.0,-9.0,4.0,-9,0.0,22752.0,2125.0
2871613,2871614,72.0,1161437,1,2,0,2,6.0,-9.0,-9.0,-9.0,4.0,-9,0.0,22751.0,2125.0
2871614,2871615,72.0,1161438,1,2,0,2,6.0,-9.0,-9.0,-9.0,4.0,-9,0.0,22750.0,2125.0
2871615,2871616,72.0,1161439,1,2,0,2,6.0,-9.0,-9.0,-9.0,4.0,-9,0.0,22749.0,2125.0
2871616,2871617,80.0,1161440,1,2,0,2,6.0,-9.0,-9.0,-9.0,4.0,-9,0.0,22751.0,2125.0
2871617,2871618,72.0,1161441,1,2,0,2,6.0,-9.0,-9.0,-9.0,4.0,-9,0.0,22752.0,2125.0
2871618,2871619,80.0,1161442,1,2,0,2,6.0,-9.0,-9.0,-9.0,4.0,-9,0.0,22751.0,2125.0
2871619,2871620,80.0,1161443,1,2,0,2,6.0,-9.0,-9.0,-9.0,4.0,-9,0.0,22750.0,2125.0
2871620,2871621,80.0,1161444,1,2,0,2,6.0,-9.0,-9.0,-9.0,4.0,-9,0.0,22751.0,2125.0
2871621,2871622,72.0,1161445,1,2,0,2,6.0,-9.0,-9.0,-9.0,4.0,-9,0.0,22750.0,2125.0
2871622,2871623,72.0,1161446,1,2,0,2,6.0,-9.0,-9.0,-9.0,4.0,-9,0.0,22752.0,2125.0
2871623,2871624,72.0,1161447,1,2,0,2,6.0,-9.0,-9.0,-9.0,4.0,-9,0.0,22752.0,2125.0
2871624,2871625,80.0,1161448,1,2,0,2,6.0,-9.0,-9.0,-9.0,4.0,-9,0.0,22751.0,2125.0
2871625,2871626,80.0,1161449,1,2,0,2,6.0,-9.0,-9.0,-9.0,4.0,-9,0.0,22751.0,2125.0
2871626,2871627,80.0,1161450,1,2,0,2,6.0,-9.0,-9.0,-9.0,4.0,-9,0.0,22754.0,2125.0
2871627,2871628,72.0,1161451,1,2,0,2,6.0,-9.0,-9.0,-9.0,4.0,-9,0.0,22753.0,2125.0
2871628,2871629,72.0,1161452,1,2,0,2,6.0,-9.0,-9.0,-9.0,4.0,-9,0.0,22750.0,2125.0
2871629,2871630,80.0,1161453,1,2,0,2,6.0,-9.0,-9.0,-9.0,4.0,-9,0.0,22750.0,2125.0
2871630,2871631,80.0,1161454,1,2,0,2,6.0,-9.0,-9.0,-9.0,4.0,-9,0.0,22751.0,2125.0
2871631,2871632,72.0,1161455,1,2,0,2,6.0,-9.0,-9.0,-9.0,4.0,-9,0.0,22754.0,2125.0
2871632,2871633,80.0,1161456,1,2,0,2,6.0,-9.0,-9.0,-9.0,4.0,-9,0.0,22753.0,2125.0
2871633,2871634,80.0,1161457,1,2,0,2,6.0,-9.0,-9.0,-9.0,4.0,-9,0.0,22751.0,2125.0
2871634,2871635,80.0,1161458,1,2,0,2,6.0,-9.0,-9.0,-9.0,4.0,-9,0.0,22753.0,2125.0
2871635,2871636,80.0,1161459,1,2,0,2,6.0,-9.0,-9.0,-9.0,4.0,-9,0.0,22749.0,2125.0
2871636,2871637,80.0,1161460,1,2,0,2,6.0,-9.0,-9.0,-9.0,4.0,-9,0.0,22751.0,2125.0
2871637,2871638,72.0,1161461,1,2,0,2,6.0,-9.0,-9.0,-9.0,4.0,-9,0.0,22750.0,2125.0
2871638,2871639,80.0,1161462,1,2,0,2,6.0,-9.0,-9.0,-9.0,4.0,-9,0.0,22750.0,2125.0
2871639,2871640,72.0,1161463,1,2,0,2,6.0,-9.0,-9.0,-9.0,4.0,-9,0.0,22754.0,2125.0
2871640,2871641,72.0,1161464,1,2,0,2,6.0,-9.0,-9.0,-9.0,4.0,-9,0.0,22754.0,2125.0
2871641,2871642,72.0,1161465,1,2,0,2,6.0,-9.0,-9.0,-9.0,4.0,-9,0.0,22751.0,2125.0
2871642,2871643,80.0,1161466,1,2,0,2,6.0,-9.0,-9.0,-9.0,4.0,-9,0.0,22750.0,2125.0
2871643,2871644,80.0,1161467,1,2,0,2,6.0,-9.0,-9.0,-9.0,4.0,-9,0.0,22754.0,2125.0
2871644,2871645,72.0,1161468,1,2,0,2,6.0,-9.0,-9.0,-9.0,4.0,-9,0.0,22752.0,2125.0
2871645,2871646,72.0,1161469,1,2,0,2,6.0,-9.0,-9.0,-9.0,4.0,-9,0.0,22754.0,2125.0
2871646,2871647,80.0,1161470,1,2,0,2,6.0,-9.0,-9.0,-9.0,4.0,-9,0.0,22750.0,2125.0
2871647,2871648,66.0,1161471,1,1,0,1,1.0,50.0,1.0,-9.0,4.0,7112,16.0,22750.0,2125.0
2871648,2871649,22.0,1161471,2,1,2,1,1.0,37.0,1.0,-9.0,4.0,6241,14.0,22750.0,2125.0
2871649,2871650,56.0,1161471,3,2,13,1,1.0,40.0,1.0,-9.0,4.0,5417,10.0,22750.0,2125.0
2871650,2871651,66.0,1161472,1,1,0,1,1.0,50.0,1.0,-9.0,4.0,7112,16.0,22754.0,2125.0
2871651,2871652,22.0,1161472,2,1,2,1,1.0,37.0,1.0,-9.0,4.0,6241,14.0,22754.0,2125.0
2871652,2871653,56.0,1161472,3,2,13,1,1.0,40.0,1.0,-9.0,4.0,5417,10.0,22754.0,2125.0
2871653,2871654,66.0,1161473,1,1,0,1,1.0,50.0,1.0,-9.0,4.0,7112,16.0,22752.0,2125.0
2871654,2871655,22.0,1161473,2,1,2,1,1.0,37.0,1.0,-9.0,4.0,6241,14.0,22752.0,2125.0
2871655,2871656,56.0,1161473,3,2,13,1,1.0,40.0,1.0,-9.0,4.0,5417,10.0,22752.0,2125.0
2871656,2871657,66.0,1161474,1,1,0,1,1.0,50.0,1.0,-9.0,4.0,7112,16.0,22752.0,2125.0
2871657,2871658,22.0,1161474,2,1,2,1,1.0,37.0,1.0,-9.0,4.0,6241,14.0,22752.0,2125.0
2871658,2871659,56.0,1161474,3,2,13,1,1.0,40.0,1.0,-9.0,4.0,5417,10.0,22752.0,2125.0
2871659,2871660,66.0,1161475,1,1,0,1,1.0,50.0,1.0,-9.0,4.0,7112,16.0,22751.0,2125.0
2871660,2871661,22.0,1161475,2,1,2,1,1.0,37.0,1.0,-9.0,4.0,6241,14.0,22751.0,2125.0
2871661,2871662,56.0,1161475,3,2,13,1,1.0,40.0,1.0,-9.0,4.0,5417,10.0,22751.0,2125.0
2871662,2871663,66.0,1161476,1,1,0,1,1.0,50.0,1.0,-9.0,4.0,7112,16.0,22752.0,2125.0
2871663,2871664,22.0,1161476,2,1,2,1,1.0,37.0,1.0,-9.0,4.0,6241,14.0,22752.0,2125.0
2871664,2871665,56.0,1161476,3,2,13,1,1.0,40.0,1.0,-9.0,4.0,5417,10.0,22752.0,2125.0
2871665,2871666,66.0,1161477,1,1,0,1,1.0,50.0,1.0,-9.0,4.0,7112,16.0,22754.0,2125.0
2871666,2871667,22.0,1161477,2,1,2,1,1.0,37.0,1.0,-9.0,4.0,6241,14.0,22754.0,2125.0
2871667,2871668,56.0,1161477,3,2,13,1,1.0,40.0,1.0,-9.0,4.0,5417,10.0,22754.0,2125.0
2871668,2871669,66.0,1161478,1,1,0,1,1.0,50.0,1.0,-9.0,4.0,7112,16.0,22751.0,2125.0
2871669,2871670,22.0,1161478,2,1,2,1,1.0,37.0,1.0,-9.0,4.0,6241,14.0,22751.0,2125.0
2871670,2871671,56.0,1161478,3,2,13,1,1.0,40.0,1.0,-9.0,4.0,5417,10.0,22751.0,2125.0
2871671,2871672,66.0,1161479,1,1,0,1,1.0,50.0,1.0,-9.0,4.0,7112,16.0,22749.0,2125.0
2871672,2871673,22.0,1161479,2,1,2,1,1.0,37.0,1.0,-9.0,4.0,6241,14.0,22749.0,2125.0
2871673,2871674,56.0,1161479,3,2,13,1,1.0,40.0,1.0,-9.0,4.0,5417,10.0,22749.0,2125.0
2871674,2871675,66.0,1161480,1,1,0,1,1.0,50.0,1.0,-9.0,4.0,7112,16.0,22754.0,2125.0
2871675,2871676,22.0,1161480,2,1,2,1,1.0,37.0,1.0,-9.0,4.0,6241,14.0,22754.0,2125.0
2871676,2871677,56.0,1161480,3,2,13,1,1.0,40.0,1.0,-9.0,4.0,5417,10.0,22754.0,2125.0
2871677,2871678,66.0,1161481,1,1,0,1,1.0,50.0,1.0,-9.0,4.0,7112,16.0,22751.0,2125.0
2871678,2871679,22.0,1161481,2,1,2,1,1.0,37.0,1.0,-9.0,4.0,6241,14.0,22751.0,2125.0
2871679,2871680,56.0,1161481,3,2,13,1,1.0,40.0,1.0,-9.0,4.0,5417,10.0,22751.0,2125.0
2871680,2871681,66.0,1161482,1,1,0,1,1.0,50.0,1.0,-9.0,4.0,7112,16.0,22751.0,2125.0
2871681,2871682,22.0,1161482,2,1,2,1,1.0,37.0,1.0,-9.0,4.0,6241,14.0,22751.0,2125.0
2871682,2871683,56.0,1161482,3,2,13,1,1.0,40.0,1.0,-9.0,4.0,5417,10.0,22751.0,2125.0
2871683,2871684,66.0,1161483,1,1,0,1,1.0,50.0,1.0,-9.0,4.0,7112,16.0,22750.0,2125.0
2871684,2871685,22.0,1161483,2,1,2,1,1.0,37.0,1.0,-9.0,4.0,6241,14.0,22750.0,2125.0
2871685,2871686,56.0,1161483,3,2,13,1,1.0,40.0,1.0,-9.0,4.0,5417,10.0,22750.0,2125.0
2871686,2871687,66.0,1161484,1,1,0,1,1.0,50.0,1.0,-9.0,4.0,7112,16.0,22752.0,2125.0
2871687,2871688,22.0,1161484,2,1,2,1,1.0,37.0,1.0,-9.0,4.0,6241,14.0,22752.0,2125.0
2871688,2871689,56.0,1161484,3,2,13,1,1.0,40.0,1.0,-9.0,4.0,5417,10.0,22752.0,2125.0
2871689,2871690,66.0,1161485,1,1,0,1,1.0,50.0,1.0,-9.0,4.0,7112,16.0,22749.0,2125.0
2871690,2871691,22.0,1161485,2,1,2,1,1.0,37.0,1.0,-9.0,4.0,6241,14.0,22749.0,2125.0
2871691,2871692,56.0,1161485,3,2,13,1,1.0,40.0,1.0,-9.0,4.0,5417,10.0,22749.0,2125.0
2871692,2871693,66.0,1161486,1,1,0,1,1.0,50.0,1.0,-9.0,4.0,7112,16.0,22752.0,2125.0
2871693,2871694,22.0,1161486,2,1,2,1,1.0,37.0,1.0,-9.0,4.0,6241,14.0,22752.0,2125.0
2871694,2871695,56.0,1161486,3,2,13,1,1.0,40.0,1.0,-9.0,4.0,5417,10.0,22752.0,2125.0
2871695,2871696,66.0,1161487,1,1,0,1,1.0,50.0,1.0,-9.0,4.0,7112,16.0,22753.0,2125.0
2871696,2871697,22.0,1161487,2,1,2,1,1.0,37.0,1.0,-9.0,4.0,6241,14.0,22753.0,2125.0
2871697,2871698,56.0,1161487,3,2,13,1,1.0,40.0,1.0,-9.0,4.0,5417,10.0,22753.0,2125.0
2871698,2871699,66.0,1161488,1,1,0,1,1.0,50.0,1.0,-9.0,4.0,7112,16.0,22754.0,2125.0
2871699,2871700,22.0,1161488,2,1,2,1,1.0,37.0,1.0,-9.0,4.0,6241,14.0,22754.0,2125.0
2871700,2871701,56.0,1161488,3,2,13,1,1.0,40.0,1.0,-9.0,4.0,5417,10.0,22754.0,2125.0
2871701,2871702,66.0,1161489,1,1,0,1,1.0,50.0,1.0,-9.0,4.0,7112,16.0,22751.0,2125.0
2871702,2871703,22.0,1161489,2,1,2,1,1.0,37.0,1.0,-9.0,4.0,6241,14.0,22751.0,2125.0
2871703,2871704,56.0,1161489,3,2,13,1,1.0,40.0,1.0,-9.0,4.0,5417,10.0,22751.0,2125.0
2871704,2871705,66.0,1161490,1,1,0,1,1.0,50.0,1.0,-9.0,4.0,7112,16.0,22751.0,2125.0
2871705,2871706,22.0,1161490,2,1,2,1,1.0,37.0,1.0,-9.0,4.0,6241,14.0,22751.0,2125.0
2871706,2871707,56.0,1161490,3,2,13,1,1.0,40.0,1.0,-9.0,4.0,5417,10.0,22751.0,2125.0
2871707,2871708,66.0,1161491,1,1,0,1,1.0,50.0,1.0,-9.0,4.0,7112,16.0,22752.0,2125.0
2871708,2871709,22.0,1161491,2,1,2,1,1.0,37.0,1.0,-9.0,4.0,6241,14.0,22752.0,2125.0
2871709,2871710,56.0,1161491,3,2,13,1,1.0,40.0,1.0,-9.0,4.0,5417,10.0,22752.0,2125.0
2871710,2871711,66.0,1161492,1,1,0,1,1.0,50.0,1.0,-9.0,4.0,7112,16.0,22751.0,2125.0
2871711,2871712,22.0,1161492,2,1,2,1,1.0,37.0,1.0,-9.0,4.0,6241,14.0,22751.0,2125.0
2871712,2871713,56.0,1161492,3,2,13,1,1.0,40.0,1.0,-9.0,4.0,5417,10.0,22751.0,2125.0
2871713,2871714,66.0,1161493,1,1,0,1,1.0,50.0,1.0,-9.0,4.0,7112,16.0,22752.0,2125.0
2871714,2871715,22.0,1161493,2,1,2,1,1.0,37.0,1.0,-9.0,4.0,6241,14.0,22752.0,2125.0
2871715,2871716,56.0,1161493,3,2,13,1,1.0,40.0,1.0,-9.0,4.0,5417,10.0,22752.0,2125.0
2871716,2871717,66.0,1161494,1,1,0,1,1.0,50.0,1.0,-9.0,4.0,7112,16.0,22749.0,2125.0
2871717,2871718,22.0,1161494,2,1,2,1,1.0,37.0,1.0,-9.0,4.0,6241,14.0,22749.0,2125.0
2871718,2871719,56.0,1161494,3,2,13,1,1.0,40.0,1.0,-9.0,4.0,5417,10.0,22749.0,2125.0
2871719,2871720,66.0,1161495,1,1,0,1,1.0,50.0,1.0,-9.0,4.0,7112,16.0,22754.0,2125.0
2871720,2871721,22.0,1161495,2,1,2,1,1.0,37.0,1.0,-9.0,4.0,6241,14.0,22754.0,2125.0
2871721,2871722,56.0,1161495,3,2,13,1,1.0,40.0,1.0,-9.0,4.0,5417,10.0,22754.0,2125.0
2871722,2871723,66.0,1161496,1,1,0,1,1.0,50.0,1.0,-9.0,4.0,7112,16.0,22750.0,2125.0
2871723,2871724,22.0,1161496,2,1,2,1,1.0,37.0,1.0,-9.0,4.0,6241,14.0,22750.0,2125.0
2871724,2871725,56.0,1161496,3,2,13,1,1.0,40.0,1.0,-9.0,4.0,5417,10.0,22750.0,2125.0
2871725,2871726,66.0,1161497,1,1,0,1,1.0,50.0,1.0,-9.0,4.0,7112,16.0,22750.0,2125.0
2871726,2871727,22.0,1161497,2,1,2,1,1.0,37.0,1.0,-9.0,4.0,6241,14.0,22750.0,2125.0
2871727,2871728,56.0,1161497,3,2,13,1,1.0,40.0,1.0,-9.0,4.0,5417,10.0,22750.0,2125.0
2871728,2871729,66.0,1161498,1,1,0,1,1.0,50.0,1.0,-9.0,4.0,7112,16.0,22750.0,2125.0
2871729,2871730,22.0,1161498,2,1,2,1,1.0,37.0,1.0,-9.0,4.0,6241,14.0,22750.0,2125.0
2871730,2871731,56.0,1161498,3,2,13,1,1.0,40.0,1.0,-9.0,4.0,5417,10.0,22750.0,2125.0
2871731,2871732,66.0,1161499,1,1,0,1,1.0,50.0,1.0,-9.0,4.0,7112,16.0,22750.0,2125.0
2871732,2871733,22.0,1161499,2,1,2,1,1.0,37.0,1.0,-9.0,4.0,6241,14.0,22750.0,2125.0
2871733,2871734,56.0,1161499,3,2,13,1,1.0,40.0,1.0,-9.0,4.0,5417,10.0,22750.0,2125.0
2871734,2871735,66.0,1161500,1,1,0,1,1.0,50.0,1.0,-9.0,4.0,7112,16.0,22750.0,2125.0
2871735,2871736,22.0,1161500,2,1,2,1,1.0,37.0,1.0,-9.0,4.0,6241,14.0,22750.0,2125.0
2871736,2871737,56.0,1161500,3,2,13,1,1.0,40.0,1.0,-9.0,4.0,5417,10.0,22750.0,2125.0
2871737,2871738,66.0,1161501,1,1,0,1,1.0,50.0,1.0,-9.0,4.0,7112,16.0,22751.0,2125.0
2871738,2871739,22.0,1161501,2,1,2,1,1.0,37.0,1.0,-9.0,4.0,6241,14.0,22751.0,2125.0
2871739,2871740,56.0,1161501,3,2,13,1,1.0,40.0,1.0,-9.0,4.0,5417,10.0,22751.0,2125.0
2871740,2871741,66.0,1161502,1,1,0,1,1.0,50.0,1.0,-9.0,4.0,7112,16.0,22752.0,2125.0
2871741,2871742,22.0,1161502,2,1,2,1,1.0,37.0,1.0,-9.0,4.0,6241,14.0,22752.0,2125.0
2871742,2871743,56.0,1161502,3,2,13,1,1.0,40.0,1.0,-9.0,4.0,5417,10.0,22752.0,2125.0
2871743,2871744,66.0,1161503,1,1,0,1,1.0,50.0,1.0,-9.0,4.0,7112,16.0,22749.0,2125.0
2871744,2871745,22.0,1161503,2,1,2,1,1.0,37.0,1.0,-9.0,4.0,6241,14.0,22749.0,2125.0
2871745,2871746,56.0,1161503,3,2,13,1,1.0,40.0,1.0,-9.0,4.0,5417,10.0,22749.0,2125.0
2871746,2871747,66.0,1161504,1,1,0,1,1.0,40.0,1.0,-9.0,4.0,5313,9.0,22753.0,2125.0
2871747,2871748,63.0,1161504,2,2,1,1,1.0,40.0,1.0,-9.0,4.0,52M1,9.0,22753.0,2125.0
2871748,2871749,66.0,1161505,1,1,0,1,1.0,40.0,1.0,-9.0,4.0,5313,9.0,22753.0,2125.0
2871749,2871750,63.0,1161505,2,2,1,1,1.0,40.0,1.0,-9.0,4.0,52M1,9.0,22753.0,2125.0
2871750,2871751,66.0,1161506,1,1,0,1,1.0,40.0,1.0,-9.0,4.0,5313,9.0,22749.0,2125.0
2871751,2871752,63.0,1161506,2,2,1,1,1.0,40.0,1.0,-9.0,4.0,52M1,9.0,22749.0,2125.0
2871752,2871753,66.0,1161507,1,1,0,1,1.0,40.0,1.0,-9.0,4.0,5313,9.0,22749.0,2125.0
2871753,2871754,63.0,1161507,2,2,1,1,1.0,40.0,1.0,-9.0,4.0,52M1,9.0,22749.0,2125.0
2871754,2871755,66.0,1161508,1,1,0,1,1.0,40.0,1.0,-9.0,4.0,5313,9.0,22754.0,2125.0
2871755,2871756,63.0,1161508,2,2,1,1,1.0,40.0,1.0,-9.0,4.0,52M1,9.0,22754.0,2125.0
2871756,2871757,65.0,1161509,1,2,0,1,1.0,40.0,1.0,-9.0,4.0,611M1,13.0,22750.0,2125.0
2871757,2871758,66.0,1161510,1,2,0,1,1.0,40.0,2.0,-9.0,4.0,611M1,13.0,22749.0,2125.0
2871758,2871759,66.0,1161511,1,2,0,1,1.0,40.0,2.0,-9.0,4.0,611M1,13.0,22752.0,2125.0
2871759,2871760,67.0,1161512,1,2,0,1,6.0,-9.0,-9.0,-9.0,4.0,-9,0.0,22750.0,2125.0
2871760,2871761,80.0,1161513,1,2,0,1,6.0,-9.0,-9.0,-9.0,4.0,-9,0.0,22751.0,2125.0
2871761,2871762,88.0,1161514,1,2,0,1,6.0,-9.0,-9.0,-9.0,4.0,-9,0.0,22751.0,2125.0
2871762,2871763,88.0,1161515,1,2,0,1,6.0,-9.0,-9.0,-9.0,4.0,-9,0.0,22752.0,2125.0
2871763,2871764,76.0,1161516,1,2,0,1,6.0,-9.0,-9.0,-9.0,4.0,-9,0.0,22750.0,2125.0
2871764,2871765,94.0,1161517,1,2,0,1,6.0,-9.0,-9.0,-9.0,4.0,-9,0.0,22754.0,2125.0
2871765,2871766,88.0,1161518,1,2,0,1,6.0,-9.0,-9.0,-9.0,4.0,-9,0.0,22750.0,2125.0
2871766,2871767,80.0,1161519,1,2,0,1,6.0,-9.0,-9.0,-9.0,4.0,-9,0.0,22751.0,2125.0
2871767,2871768,80.0,1161520,1,2,0,1,6.0,-9.0,-9.0,-9.0,4.0,-9,0.0,22749.0,2125.0
2871768,2871769,79.0,1161521,1,2,0,1,6.0,-9.0,-9.0,-9.0,4.0,-9,0.0,22750.0,2125.0
2871769,2871770,80.0,1161522,1,2,0,1,6.0,-9.0,-9.0,-9.0,4.0,-9,0.0,22754.0,2125.0
2871770,2871771,82.0,1161523,1,2,0,1,6.0,-9.0,-9.0,-9.0,4.0,-9,0.0,22754.0,2125.0
2871771,2871772,80.0,1161524,1,2,0,1,6.0,-9.0,-9.0,-9.0,4.0,-9,0.0,22749.0,2125.0
2871772,2871773,67.0,1161525,1,2,0,1,6.0,-9.0,-9.0,-9.0,4.0,-9,0.0,22750.0,2125.0
2871773,2871774,88.0,1161526,1,2,0,1,6.0,-9.0,-9.0,-9.0,4.0,-9,0.0,22753.0,2125.0
2871774,2871775,80.0,1161527,1,2,0,1,6.0,-9.0,-9.0,-9.0,4.0,-9,0.0,22750.0,2125.0
2871775,2871776,80.0,1161528,1,2,0,1,6.0,-9.0,-9.0,-9.0,4.0,-9,0.0,22752.0,2125.0
2871776,2871777,94.0,1161529,1,2,0,1,6.0,-9.0,-9.0,-9.0,4.0,-9,0.0,22752.0,2125.0
2871777,2871778,48.0,1161530,1,2,0,4,1.0,3.0,6.0,-9.0,4.0,6111,13.0,22753.0,2125.0
2871778,2871779,20.0,1161530,2,2,2,4,1.0,15.0,3.0,15.0,4.0,311811,3.0,22753.0,2125.0
2871779,2871780,17.0,1161530,3,2,2,4,6.0,-9.0,-9.0,12.0,4.0,-9,0.0,22753.0,2125.0
2871780,2871781,14.0,1161530,4,2,2,4,-9.0,-9.0,-9.0,9.0,-9.0,-9,0.0,22753.0,2125.0
2871781,2871782,48.0,1161531,1,2,0,4,1.0,3.0,6.0,-9.0,4.0,6111,13.0,22749.0,2125.0
2871782,2871783,20.0,1161531,2,2,2,4,1.0,15.0,3.0,15.0,4.0,311811,3.0,22749.0,2125.0
2871783,2871784,17.0,1161531,3,2,2,4,6.0,-9.0,-9.0,12.0,4.0,-9,0.0,22749.0,2125.0
2871784,2871785,14.0,1161531,4,2,2,4,-9.0,-9.0,-9.0,9.0,-9.0,-9,0.0,22749.0,2125.0
2871785,2871786,48.0,1161532,1,2,0,4,1.0,3.0,6.0,-9.0,4.0,6111,13.0,22754.0,2125.0
2871786,2871787,20.0,1161532,2,2,2,4,1.0,15.0,3.0,15.0,4.0,311811,3.0,22754.0,2125.0
2871787,2871788,17.0,1161532,3,2,2,4,6.0,-9.0,-9.0,12.0,4.0,-9,0.0,22754.0,2125.0
2871788,2871789,14.0,1161532,4,2,2,4,-9.0,-9.0,-9.0,9.0,-9.0,-9,0.0,22754.0,2125.0
2871789,2871790,48.0,1161533,1,2,0,4,1.0,3.0,6.0,-9.0,4.0,6111,13.0,22752.0,2125.0
2871790,2871791,20.0,1161533,2,2,2,4,1.0,15.0,3.0,15.0,4.0,311811,3.0,22752.0,2125.0
2871791,2871792,17.0,1161533,3,2,2,4,6.0,-9.0,-9.0,12.0,4.0,-9,0.0,22752.0,2125.0
2871792,2871793,14.0,1161533,4,2,2,4,-9.0,-9.0,-9.0,9.0,-9.0,-9,0.0,22752.0,2125.0
2871793,2871794,48.0,1161534,1,2,0,4,1.0,3.0,6.0,-9.0,4.0,6111,13.0,22754.0,2125.0
2871794,2871795,20.0,1161534,2,2,2,4,1.0,15.0,3.0,15.0,4.0,311811,3.0,22754.0,2125.0
2871795,2871796,17.0,1161534,3,2,2,4,6.0,-9.0,-9.0,12.0,4.0,-9,0.0,22754.0,2125.0
2871796,2871797,14.0,1161534,4,2,2,4,-9.0,-9.0,-9.0,9.0,-9.0,-9,0.0,22754.0,2125.0
2871797,2871798,48.0,1161535,1,2,0,4,1.0,3.0,6.0,-9.0,4.0,6111,13.0,22752.0,2125.0
2871798,2871799,20.0,1161535,2,2,2,4,1.0,15.0,3.0,15.0,4.0,311811,3.0,22752.0,2125.0
2871799,2871800,17.0,1161535,3,2,2,4,6.0,-9.0,-9.0,12.0,4.0,-9,0.0,22752.0,2125.0
2871800,2871801,14.0,1161535,4,2,2,4,-9.0,-9.0,-9.0,9.0,-9.0,-9,0.0,22752.0,2125.0
2871801,2871802,48.0,1161536,1,2,0,4,1.0,3.0,6.0,-9.0,4.0,6111,13.0,22752.0,2125.0
2871802,2871803,20.0,1161536,2,2,2,4,1.0,15.0,3.0,15.0,4.0,311811,3.0,22752.0,2125.0
2871803,2871804,17.0,1161536,3,2,2,4,6.0,-9.0,-9.0,12.0,4.0,-9,0.0,22752.0,2125.0
2871804,2871805,14.0,1161536,4,2,2,4,-9.0,-9.0,-9.0,9.0,-9.0,-9,0.0,22752.0,2125.0
2871805,2871806,48.0,1161537,1,2,0,4,1.0,3.0,6.0,-9.0,4.0,6111,13.0,22750.0,2125.0
2871806,2871807,20.0,1161537,2,2,2,4,1.0,15.0,3.0,15.0,4.0,311811,3.0,22750.0,2125.0
2871807,2871808,17.0,1161537,3,2,2,4,6.0,-9.0,-9.0,12.0,4.0,-9,0.0,22750.0,2125.0
2871808,2871809,14.0,1161537,4,2,2,4,-9.0,-9.0,-9.0,9.0,-9.0,-9,0.0,22750.0,2125.0
2871809,2871810,53.0,1161538,1,2,0,3,1.0,40.0,1.0,-9.0,4.0,611M1,13.0,22754.0,2125.0
2871810,2871811,18.0,1161538,2,2,2,3,6.0,25.0,4.0,-9.0,4.0,722Z,16.0,22754.0,2125.0
2871811,2871812,55.0,1161539,1,1,0,3,6.0,-9.0,-9.0,-9.0,2.0,-9,0.0,22749.0,2125.0
2871812,2871813,55.0,1161540,1,1,0,3,6.0,-9.0,-9.0,-9.0,2.0,-9,0.0,22751.0,2125.0
2871813,2871814,55.0,1161541,1,1,0,3,6.0,-9.0,-9.0,-9.0,2.0,-9,0.0,22754.0,2125.0
2871814,2871815,56.0,1161542,1,1,0,1,1.0,45.0,1.0,-9.0,4.0,611M1,13.0,22751.0,2125.0
2871815,2871816,55.0,1161542,2,2,1,1,1.0,45.0,1.0,-9.0,4.0,611M1,13.0,22751.0,2125.0
2871816,2871817,22.0,1161542,3,2,2,1,6.0,5.0,5.0,15.0,4.0,6211,14.0,22751.0,2125.0
2871817,2871818,56.0,1161543,1,1,0,1,1.0,45.0,1.0,-9.0,4.0,611M1,13.0,22754.0,2125.0
2871818,2871819,55.0,1161543,2,2,1,1,1.0,45.0,1.0,-9.0,4.0,611M1,13.0,22754.0,2125.0
2871819,2871820,22.0,1161543,3,2,2,1,6.0,5.0,5.0,15.0,4.0,6211,14.0,22754.0,2125.0
2871820,2871821,56.0,1161544,1,1,0,1,1.0,45.0,1.0,-9.0,4.0,611M1,13.0,22750.0,2125.0
2871821,2871822,55.0,1161544,2,2,1,1,1.0,45.0,1.0,-9.0,4.0,611M1,13.0,22750.0,2125.0
2871822,2871823,22.0,1161544,3,2,2,1,6.0,5.0,5.0,15.0,4.0,6211,14.0,22750.0,2125.0
2871823,2871824,56.0,1161545,1,1,0,1,1.0,45.0,1.0,-9.0,4.0,611M1,13.0,22751.0,2125.0
2871824,2871825,55.0,1161545,2,2,1,1,1.0,45.0,1.0,-9.0,4.0,611M1,13.0,22751.0,2125.0
2871825,2871826,22.0,1161545,3,2,2,1,6.0,5.0,5.0,15.0,4.0,6211,14.0,22751.0,2125.0
2871826,2871827,58.0,1161546,1,2,0,1,1.0,57.0,1.0,-9.0,4.0,622M,15.0,22750.0,2125.0
2871827,2871828,60.0,1161546,2,1,1,1,1.0,30.0,3.0,-9.0,4.0,611M1,13.0,22750.0,2125.0
2871828,2871829,23.0,1161546,3,2,2,1,1.0,40.0,5.0,15.0,4.0,6214,14.0,22750.0,2125.0
2871829,2871830,60.0,1161547,1,2,0,1,1.0,45.0,1.0,-9.0,4.0,611M1,13.0,22750.0,2125.0
2871830,2871831,60.0,1161547,2,1,1,1,1.0,50.0,1.0,-9.0,4.0,611M1,13.0,22750.0,2125.0
2871831,2871832,22.0,1161547,3,2,2,1,1.0,10.0,4.0,15.0,4.0,6213ZM,14.0,22750.0,2125.0
2871832,2871833,58.0,1161548,1,2,0,1,1.0,57.0,1.0,-9.0,4.0,622M,15.0,22752.0,2125.0
2871833,2871834,60.0,1161548,2,1,1,1,1.0,30.0,3.0,-9.0,4.0,611M1,13.0,22752.0,2125.0
2871834,2871835,23.0,1161548,3,2,2,1,1.0,40.0,5.0,15.0,4.0,6214,14.0,22752.0,2125.0
2871835,2871836,60.0,1161549,1,2,0,1,1.0,45.0,1.0,-9.0,4.0,611M1,13.0,22752.0,2125.0
2871836,2871837,60.0,1161549,2,1,1,1,1.0,50.0,1.0,-9.0,4.0,611M1,13.0,22752.0,2125.0
2871837,2871838,22.0,1161549,3,2,2,1,1.0,10.0,4.0,15.0,4.0,6213ZM,14.0,22752.0,2125.0
2871838,2871839,60.0,1161550,1,2,0,1,1.0,45.0,1.0,-9.0,4.0,611M1,13.0,22754.0,2125.0
2871839,2871840,60.0,1161550,2,1,1,1,1.0,50.0,1.0,-9.0,4.0,611M1,13.0,22754.0,2125.0
2871840,2871841,22.0,1161550,3,2,2,1,1.0,10.0,4.0,15.0,4.0,6213ZM,14.0,22754.0,2125.0
2871841,2871842,58.0,1161551,1,2,0,1,1.0,57.0,1.0,-9.0,4.0,622M,15.0,22752.0,2125.0
2871842,2871843,60.0,1161551,2,1,1,1,1.0,30.0,3.0,-9.0,4.0,611M1,13.0,22752.0,2125.0
2871843,2871844,23.0,1161551,3,2,2,1,1.0,40.0,5.0,15.0,4.0,6214,14.0,22752.0,2125.0
2871844,2871845,60.0,1161552,1,2,0,1,1.0,45.0,1.0,-9.0,4.0,611M1,13.0,22751.0,2125.0
2871845,2871846,60.0,1161552,2,1,1,1,1.0,50.0,1.0,-9.0,4.0,611M1,13.0,22751.0,2125.0
2871846,2871847,22.0,1161552,3,2,2,1,1.0,10.0,4.0,15.0,4.0,6213ZM,14.0,22751.0,2125.0
2871847,2871848,60.0,1161553,1,2,0,1,1.0,45.0,1.0,-9.0,4.0,611M1,13.0,22750.0,2125.0
2871848,2871849,60.0,1161553,2,1,1,1,1.0,50.0,1.0,-9.0,4.0,611M1,13.0,22750.0,2125.0
2871849,2871850,22.0,1161553,3,2,2,1,1.0,10.0,4.0,15.0,4.0,6213ZM,14.0,22750.0,2125.0
2871850,2871851,60.0,1161554,1,2,0,1,1.0,45.0,1.0,-9.0,4.0,611M1,13.0,22749.0,2125.0
2871851,2871852,60.0,1161554,2,1,1,1,1.0,50.0,1.0,-9.0,4.0,611M1,13.0,22749.0,2125.0
2871852,2871853,22.0,1161554,3,2,2,1,1.0,10.0,4.0,15.0,4.0,6213ZM,14.0,22749.0,2125.0
2871853,2871854,58.0,1161555,1,2,0,1,1.0,57.0,1.0,-9.0,4.0,622M,15.0,22750.0,2125.0
2871854,2871855,60.0,1161555,2,1,1,1,1.0,30.0,3.0,-9.0,4.0,611M1,13.0,22750.0,2125.0
2871855,2871856,23.0,1161555,3,2,2,1,1.0,40.0,5.0,15.0,4.0,6214,14.0,22750.0,2125.0
2871856,2871857,60.0,1161556,1,2,0,1,1.0,45.0,1.0,-9.0,4.0,611M1,13.0,22751.0,2125.0
2871857,2871858,60.0,1161556,2,1,1,1,1.0,50.0,1.0,-9.0,4.0,611M1,13.0,22751.0,2125.0
2871858,2871859,22.0,1161556,3,2,2,1,1.0,10.0,4.0,15.0,4.0,6213ZM,14.0,22751.0,2125.0
2871859,2871860,60.0,1161557,1,2,0,1,1.0,45.0,1.0,-9.0,4.0,611M1,13.0,22753.0,2125.0
2871860,2871861,60.0,1161557,2,1,1,1,1.0,50.0,1.0,-9.0,4.0,611M1,13.0,22753.0,2125.0
2871861,2871862,22.0,1161557,3,2,2,1,1.0,10.0,4.0,15.0,4.0,6213ZM,14.0,22753.0,2125.0
2871862,2871863,60.0,1161558,1,2,0,1,1.0,45.0,1.0,-9.0,4.0,611M1,13.0,22750.0,2125.0
2871863,2871864,60.0,1161558,2,1,1,1,1.0,50.0,1.0,-9.0,4.0,611M1,13.0,22750.0,2125.0
2871864,2871865,22.0,1161558,3,2,2,1,1.0,10.0,4.0,15.0,4.0,6213ZM,14.0,22750.0,2125.0
2871865,2871866,47.0,1161559,1,1,0,1,1.0,45.0,1.0,-9.0,3.0,337,3.0,22750.0,2125.0
2871866,2871867,22.0,1161559,2,1,2,1,1.0,30.0,1.0,15.0,4.0,722Z,16.0,22750.0,2125.0
2871867,2871868,47.0,1161560,1,1,0,1,1.0,45.0,1.0,-9.0,3.0,337,3.0,22750.0,2125.0
2871868,2871869,22.0,1161560,2,1,2,1,1.0,30.0,1.0,15.0,4.0,722Z,16.0,22750.0,2125.0
2871869,2871870,47.0,1161561,1,1,0,1,1.0,45.0,1.0,-9.0,3.0,337,3.0,22751.0,2125.0
2871870,2871871,22.0,1161561,2,1,2,1,1.0,30.0,1.0,15.0,4.0,722Z,16.0,22751.0,2125.0
2871871,2871872,47.0,1161562,1,1,0,1,1.0,45.0,1.0,-9.0,3.0,337,3.0,22753.0,2125.0
2871872,2871873,22.0,1161562,2,1,2,1,1.0,30.0,1.0,15.0,4.0,722Z,16.0,22753.0,2125.0
2871873,2871874,47.0,1161563,1,1,0,1,1.0,45.0,1.0,-9.0,3.0,337,3.0,22752.0,2125.0
2871874,2871875,22.0,1161563,2,1,2,1,1.0,30.0,1.0,15.0,4.0,722Z,16.0,22752.0,2125.0
2871875,2871876,63.0,1161564,1,2,0,1,1.0,40.0,1.0,-9.0,4.0,611M1,13.0,22753.0,2125.0
2871876,2871877,61.0,1161565,1,2,0,1,1.0,25.0,2.0,-9.0,4.0,611M3,13.0,22754.0,2125.0
2871877,2871878,69.0,1161565,2,1,1,1,1.0,20.0,1.0,-9.0,4.0,611M3,13.0,22754.0,2125.0
2871878,2871879,21.0,1161565,3,1,2,1,1.0,24.0,5.0,15.0,4.0,5413,10.0,22754.0,2125.0
2871879,2871880,61.0,1161566,1,2,0,1,1.0,25.0,2.0,-9.0,4.0,611M3,13.0,22749.0,2125.0
2871880,2871881,69.0,1161566,2,1,1,1,1.0,20.0,1.0,-9.0,4.0,611M3,13.0,22749.0,2125.0
2871881,2871882,21.0,1161566,3,1,2,1,1.0,24.0,5.0,15.0,4.0,5413,10.0,22749.0,2125.0
2871882,2871883,61.0,1161567,1,2,0,1,1.0,25.0,2.0,-9.0,4.0,611M3,13.0,22750.0,2125.0
2871883,2871884,69.0,1161567,2,1,1,1,1.0,20.0,1.0,-9.0,4.0,611M3,13.0,22750.0,2125.0
2871884,2871885,21.0,1161567,3,1,2,1,1.0,24.0,5.0,15.0,4.0,5413,10.0,22750.0,2125.0
2871885,2871886,61.0,1161568,1,2,0,1,1.0,25.0,2.0,-9.0,4.0,611M3,13.0,22750.0,2125.0
2871886,2871887,69.0,1161568,2,1,1,1,1.0,20.0,1.0,-9.0,4.0,611M3,13.0,22750.0,2125.0
2871887,2871888,21.0,1161568,3,1,2,1,1.0,24.0,5.0,15.0,4.0,5413,10.0,22750.0,2125.0
2871888,2871889,61.0,1161569,1,2,0,1,1.0,25.0,2.0,-9.0,4.0,611M3,13.0,22750.0,2125.0
2871889,2871890,69.0,1161569,2,1,1,1,1.0,20.0,1.0,-9.0,4.0,611M3,13.0,22750.0,2125.0
2871890,2871891,21.0,1161569,3,1,2,1,1.0,24.0,5.0,15.0,4.0,5413,10.0,22750.0,2125.0
2871891,2871892,61.0,1161570,1,2,0,1,1.0,25.0,2.0,-9.0,4.0,611M3,13.0,22750.0,2125.0
2871892,2871893,69.0,1161570,2,1,1,1,1.0,20.0,1.0,-9.0,4.0,611M3,13.0,22750.0,2125.0
2871893,2871894,21.0,1161570,3,1,2,1,1.0,24.0,5.0,15.0,4.0,5413,10.0,22750.0,2125.0
2871894,2871895,61.0,1161571,1,2,0,1,1.0,25.0,2.0,-9.0,4.0,611M3,13.0,22750.0,2125.0
2871895,2871896,69.0,1161571,2,1,1,1,1.0,20.0,1.0,-9.0,4.0,611M3,13.0,22750.0,2125.0
2871896,2871897,21.0,1161571,3,1,2,1,1.0,24.0,5.0,15.0,4.0,5413,10.0,22750.0,2125.0
2871897,2871898,61.0,1161572,1,2,0,1,1.0,25.0,2.0,-9.0,4.0,611M3,13.0,22751.0,2125.0
2871898,2871899,69.0,1161572,2,1,1,1,1.0,20.0,1.0,-9.0,4.0,611M3,13.0,22751.0,2125.0
2871899,2871900,21.0,1161572,3,1,2,1,1.0,24.0,5.0,15.0,4.0,5413,10.0,22751.0,2125.0
2871900,2871901,61.0,1161573,1,2,0,1,1.0,25.0,2.0,-9.0,4.0,611M3,13.0,22750.0,2125.0
2871901,2871902,69.0,1161573,2,1,1,1,1.0,20.0,1.0,-9.0,4.0,611M3,13.0,22750.0,2125.0
2871902,2871903,21.0,1161573,3,1,2,1,1.0,24.0,5.0,15.0,4.0,5413,10.0,22750.0,2125.0
2871903,2871904,61.0,1161574,1,2,0,1,1.0,25.0,2.0,-9.0,4.0,611M3,13.0,22750.0,2125.0
2871904,2871905,69.0,1161574,2,1,1,1,1.0,20.0,1.0,-9.0,4.0,611M3,13.0,22750.0,2125.0
2871905,2871906,21.0,1161574,3,1,2,1,1.0,24.0,5.0,15.0,4.0,5413,10.0,22750.0,2125.0
2871906,2871907,61.0,1161575,1,2,0,1,1.0,25.0,2.0,-9.0,4.0,611M3,13.0,22751.0,2125.0
2871907,2871908,69.0,1161575,2,1,1,1,1.0,20.0,1.0,-9.0,4.0,611M3,13.0,22751.0,2125.0
2871908,2871909,21.0,1161575,3,1,2,1,1.0,24.0,5.0,15.0,4.0,5413,10.0,22751.0,2125.0
2871909,2871910,61.0,1161576,1,2,0,1,1.0,25.0,2.0,-9.0,4.0,611M3,13.0,22754.0,2125.0
2871910,2871911,69.0,1161576,2,1,1,1,1.0,20.0,1.0,-9.0,4.0,611M3,13.0,22754.0,2125.0
2871911,2871912,21.0,1161576,3,1,2,1,1.0,24.0,5.0,15.0,4.0,5413,10.0,22754.0,2125.0
2871912,2871913,61.0,1161577,1,2,0,1,1.0,25.0,2.0,-9.0,4.0,611M3,13.0,22749.0,2125.0
2871913,2871914,69.0,1161577,2,1,1,1,1.0,20.0,1.0,-9.0,4.0,611M3,13.0,22749.0,2125.0
2871914,2871915,21.0,1161577,3,1,2,1,1.0,24.0,5.0,15.0,4.0,5413,10.0,22749.0,2125.0
2871915,2871916,61.0,1161578,1,2,0,1,1.0,25.0,2.0,-9.0,4.0,611M3,13.0,22754.0,2125.0
2871916,2871917,69.0,1161578,2,1,1,1,1.0,20.0,1.0,-9.0,4.0,611M3,13.0,22754.0,2125.0
2871917,2871918,21.0,1161578,3,1,2,1,1.0,24.0,5.0,15.0,4.0,5413,10.0,22754.0,2125.0
2871918,2871919,61.0,1161579,1,2,0,1,1.0,25.0,2.0,-9.0,4.0,611M3,13.0,22750.0,2125.0
2871919,2871920,69.0,1161579,2,1,1,1,1.0,20.0,1.0,-9.0,4.0,611M3,13.0,22750.0,2125.0
2871920,2871921,21.0,1161579,3,1,2,1,1.0,24.0,5.0,15.0,4.0,5413,10.0,22750.0,2125.0
2871921,2871922,61.0,1161580,1,2,0,1,1.0,25.0,2.0,-9.0,4.0,611M3,13.0,22751.0,2125.0
2871922,2871923,69.0,1161580,2,1,1,1,1.0,20.0,1.0,-9.0,4.0,611M3,13.0,22751.0,2125.0
2871923,2871924,21.0,1161580,3,1,2,1,1.0,24.0,5.0,15.0,4.0,5413,10.0,22751.0,2125.0
2871924,2871925,61.0,1161581,1,2,0,1,1.0,25.0,2.0,-9.0,4.0,611M3,13.0,22751.0,2125.0
2871925,2871926,69.0,1161581,2,1,1,1,1.0,20.0,1.0,-9.0,4.0,611M3,13.0,22751.0,2125.0
2871926,2871927,21.0,1161581,3,1,2,1,1.0,24.0,5.0,15.0,4.0,5413,10.0,22751.0,2125.0
2871927,2871928,61.0,1161582,1,2,0,1,1.0,25.0,2.0,-9.0,4.0,611M3,13.0,22754.0,2125.0
2871928,2871929,69.0,1161582,2,1,1,1,1.0,20.0,1.0,-9.0,4.0,611M3,13.0,22754.0,2125.0
2871929,2871930,21.0,1161582,3,1,2,1,1.0,24.0,5.0,15.0,4.0,5413,10.0,22754.0,2125.0
2871930,2871931,61.0,1161583,1,2,0,1,1.0,25.0,2.0,-9.0,4.0,611M3,13.0,22751.0,2125.0
2871931,2871932,69.0,1161583,2,1,1,1,1.0,20.0,1.0,-9.0,4.0,611M3,13.0,22751.0,2125.0
2871932,2871933,21.0,1161583,3,1,2,1,1.0,24.0,5.0,15.0,4.0,5413,10.0,22751.0,2125.0
2871933,2871934,61.0,1161584,1,2,0,1,1.0,25.0,2.0,-9.0,4.0,611M3,13.0,22754.0,2125.0
2871934,2871935,69.0,1161584,2,1,1,1,1.0,20.0,1.0,-9.0,4.0,611M3,13.0,22754.0,2125.0
2871935,2871936,21.0,1161584,3,1,2,1,1.0,24.0,5.0,15.0,4.0,5413,10.0,22754.0,2125.0
2871936,2871937,61.0,1161585,1,2,0,1,1.0,25.0,2.0,-9.0,4.0,611M3,13.0,22753.0,2125.0
2871937,2871938,69.0,1161585,2,1,1,1,1.0,20.0,1.0,-9.0,4.0,611M3,13.0,22753.0,2125.0
2871938,2871939,21.0,1161585,3,1,2,1,1.0,24.0,5.0,15.0,4.0,5413,10.0,22753.0,2125.0
2871939,2871940,61.0,1161586,1,2,0,1,1.0,25.0,2.0,-9.0,4.0,611M3,13.0,22754.0,2125.0
2871940,2871941,69.0,1161586,2,1,1,1,1.0,20.0,1.0,-9.0,4.0,611M3,13.0,22754.0,2125.0
2871941,2871942,21.0,1161586,3,1,2,1,1.0,24.0,5.0,15.0,4.0,5413,10.0,22754.0,2125.0
2871942,2871943,61.0,1161587,1,2,0,1,1.0,25.0,2.0,-9.0,4.0,611M3,13.0,22753.0,2125.0
2871943,2871944,69.0,1161587,2,1,1,1,1.0,20.0,1.0,-9.0,4.0,611M3,13.0,22753.0,2125.0
2871944,2871945,21.0,1161587,3,1,2,1,1.0,24.0,5.0,15.0,4.0,5413,10.0,22753.0,2125.0
2871945,2871946,61.0,1161588,1,2,0,1,1.0,25.0,2.0,-9.0,4.0,611M3,13.0,22751.0,2125.0
2871946,2871947,69.0,1161588,2,1,1,1,1.0,20.0,1.0,-9.0,4.0,611M3,13.0,22751.0,2125.0
2871947,2871948,21.0,1161588,3,1,2,1,1.0,24.0,5.0,15.0,4.0,5413,10.0,22751.0,2125.0
2871948,2871949,61.0,1161589,1,2,0,1,1.0,25.0,2.0,-9.0,4.0,611M3,13.0,22752.0,2125.0
2871949,2871950,69.0,1161589,2,1,1,1,1.0,20.0,1.0,-9.0,4.0,611M3,13.0,22752.0,2125.0
2871950,2871951,21.0,1161589,3,1,2,1,1.0,24.0,5.0,15.0,4.0,5413,10.0,22752.0,2125.0
2871951,2871952,61.0,1161590,1,2,0,1,1.0,25.0,2.0,-9.0,4.0,611M3,13.0,22749.0,2125.0
2871952,2871953,69.0,1161590,2,1,1,1,1.0,20.0,1.0,-9.0,4.0,611M3,13.0,22749.0,2125.0
2871953,2871954,21.0,1161590,3,1,2,1,1.0,24.0,5.0,15.0,4.0,5413,10.0,22749.0,2125.0
2871954,2871955,61.0,1161591,1,2,0,1,1.0,25.0,2.0,-9.0,4.0,611M3,13.0,22752.0,2125.0
2871955,2871956,69.0,1161591,2,1,1,1,1.0,20.0,1.0,-9.0,4.0,611M3,13.0,22752.0,2125.0
2871956,2871957,21.0,1161591,3,1,2,1,1.0,24.0,5.0,15.0,4.0,5413,10.0,22752.0,2125.0
2871957,2871958,61.0,1161592,1,2,0,1,1.0,25.0,2.0,-9.0,4.0,611M3,13.0,22750.0,2125.0
2871958,2871959,69.0,1161592,2,1,1,1,1.0,20.0,1.0,-9.0,4.0,611M3,13.0,22750.0,2125.0
2871959,2871960,21.0,1161592,3,1,2,1,1.0,24.0,5.0,15.0,4.0,5413,10.0,22750.0,2125.0
2871960,2871961,61.0,1161593,1,2,0,1,1.0,25.0,2.0,-9.0,4.0,611M3,13.0,22749.0,2125.0
2871961,2871962,69.0,1161593,2,1,1,1,1.0,20.0,1.0,-9.0,4.0,611M3,13.0,22749.0,2125.0
2871962,2871963,21.0,1161593,3,1,2,1,1.0,24.0,5.0,15.0,4.0,5413,10.0,22749.0,2125.0
2871963,2871964,61.0,1161594,1,2,0,1,1.0,25.0,2.0,-9.0,4.0,611M3,13.0,22751.0,2125.0
2871964,2871965,69.0,1161594,2,1,1,1,1.0,20.0,1.0,-9.0,4.0,611M3,13.0,22751.0,2125.0
2871965,2871966,21.0,1161594,3,1,2,1,1.0,24.0,5.0,15.0,4.0,5413,10.0,22751.0,2125.0
2871966,2871967,61.0,1161595,1,2,0,1,1.0,25.0,2.0,-9.0,4.0,611M3,13.0,22754.0,2125.0
2871967,2871968,69.0,1161595,2,1,1,1,1.0,20.0,1.0,-9.0,4.0,611M3,13.0,22754.0,2125.0
2871968,2871969,21.0,1161595,3,1,2,1,1.0,24.0,5.0,15.0,4.0,5413,10.0,22754.0,2125.0
2871969,2871970,61.0,1161596,1,2,0,1,1.0,25.0,2.0,-9.0,4.0,611M3,13.0,22753.0,2125.0
2871970,2871971,69.0,1161596,2,1,1,1,1.0,20.0,1.0,-9.0,4.0,611M3,13.0,22753.0,2125.0
2871971,2871972,21.0,1161596,3,1,2,1,1.0,24.0,5.0,15.0,4.0,5413,10.0,22753.0,2125.0
2871972,2871973,61.0,1161597,1,2,0,1,1.0,25.0,2.0,-9.0,4.0,611M3,13.0,22752.0,2125.0
2871973,2871974,69.0,1161597,2,1,1,1,1.0,20.0,1.0,-9.0,4.0,611M3,13.0,22752.0,2125.0
2871974,2871975,21.0,1161597,3,1,2,1,1.0,24.0,5.0,15.0,4.0,5413,10.0,22752.0,2125.0
2871975,2871976,61.0,1161598,1,2,0,1,1.0,25.0,2.0,-9.0,4.0,611M3,13.0,22751.0,2125.0
2871976,2871977,69.0,1161598,2,1,1,1,1.0,20.0,1.0,-9.0,4.0,611M3,13.0,22751.0,2125.0
2871977,2871978,21.0,1161598,3,1,2,1,1.0,24.0,5.0,15.0,4.0,5413,10.0,22751.0,2125.0
2871978,2871979,61.0,1161599,1,2,0,1,1.0,25.0,2.0,-9.0,4.0,611M3,13.0,22749.0,2125.0
2871979,2871980,69.0,1161599,2,1,1,1,1.0,20.0,1.0,-9.0,4.0,611M3,13.0,22749.0,2125.0
2871980,2871981,21.0,1161599,3,1,2,1,1.0,24.0,5.0,15.0,4.0,5413,10.0,22749.0,2125.0
2871981,2871982,61.0,1161600,1,2,0,1,1.0,25.0,2.0,-9.0,4.0,611M3,13.0,22752.0,2125.0
2871982,2871983,69.0,1161600,2,1,1,1,1.0,20.0,1.0,-9.0,4.0,611M3,13.0,22752.0,2125.0
2871983,2871984,21.0,1161600,3,1,2,1,1.0,24.0,5.0,15.0,4.0,5413,10.0,22752.0,2125.0
2871984,2871985,61.0,1161601,1,2,0,1,1.0,25.0,2.0,-9.0,4.0,611M3,13.0,22751.0,2125.0
2871985,2871986,69.0,1161601,2,1,1,1,1.0,20.0,1.0,-9.0,4.0,611M3,13.0,22751.0,2125.0
2871986,2871987,21.0,1161601,3,1,2,1,1.0,24.0,5.0,15.0,4.0,5413,10.0,22751.0,2125.0
2871987,2871988,61.0,1161602,1,2,0,1,1.0,25.0,2.0,-9.0,4.0,611M3,13.0,22752.0,2125.0
2871988,2871989,69.0,1161602,2,1,1,1,1.0,20.0,1.0,-9.0,4.0,611M3,13.0,22752.0,2125.0
2871989,2871990,21.0,1161602,3,1,2,1,1.0,24.0,5.0,15.0,4.0,5413,10.0,22752.0,2125.0
2871990,2871991,53.0,1161603,1,1,0,1,1.0,45.0,1.0,-9.0,4.0,5241,9.0,22751.0,2125.0
2871991,2871992,33.0,1161603,2,1,2,1,1.0,40.0,5.0,15.0,4.0,531M,9.0,22751.0,2125.0
2871992,2871993,19.0,1161603,3,2,4,1,2.0,15.0,6.0,15.0,4.0,722Z,16.0,22751.0,2125.0
2871993,2871994,15.0,1161603,4,2,4,1,-9.0,-9.0,-9.0,11.0,-9.0,-9,0.0,22751.0,2125.0
2871994,2871995,48.0,1161603,5,2,13,1,1.0,40.0,1.0,-9.0,4.0,52M2,9.0,22751.0,2125.0
2871995,2871996,53.0,1161604,1,1,0,1,1.0,45.0,1.0,-9.0,4.0,5241,9.0,22752.0,2125.0
2871996,2871997,33.0,1161604,2,1,2,1,1.0,40.0,5.0,15.0,4.0,531M,9.0,22752.0,2125.0
2871997,2871998,19.0,1161604,3,2,4,1,2.0,15.0,6.0,15.0,4.0,722Z,16.0,22752.0,2125.0
2871998,2871999,15.0,1161604,4,2,4,1,-9.0,-9.0,-9.0,11.0,-9.0,-9,0.0,22752.0,2125.0
2871999,2872000,48.0,1161604,5,2,13,1,1.0,40.0,1.0,-9.0,4.0,52M2,9.0,22752.0,2125.0
2872000,2872001,53.0,1161605,1,1,0,1,1.0,45.0,1.0,-9.0,4.0,5241,9.0,22750.0,2125.0
2872001,2872002,33.0,1161605,2,1,2,1,1.0,40.0,5.0,15.0,4.0,531M,9.0,22750.0,2125.0
2872002,2872003,19.0,1161605,3,2,4,1,2.0,15.0,6.0,15.0,4.0,722Z,16.0,22750.0,2125.0
2872003,2872004,15.0,1161605,4,2,4,1,-9.0,-9.0,-9.0,11.0,-9.0,-9,0.0,22750.0,2125.0
2872004,2872005,48.0,1161605,5,2,13,1,1.0,40.0,1.0,-9.0,4.0,52M2,9.0,22750.0,2125.0
2872005,2872006,53.0,1161606,1,1,0,1,1.0,45.0,1.0,-9.0,4.0,5241,9.0,22751.0,2125.0
2872006,2872007,33.0,1161606,2,1,2,1,1.0,40.0,5.0,15.0,4.0,531M,9.0,22751.0,2125.0
2872007,2872008,19.0,1161606,3,2,4,1,2.0,15.0,6.0,15.0,4.0,722Z,16.0,22751.0,2125.0
2872008,2872009,15.0,1161606,4,2,4,1,-9.0,-9.0,-9.0,11.0,-9.0,-9,0.0,22751.0,2125.0
2872009,2872010,48.0,1161606,5,2,13,1,1.0,40.0,1.0,-9.0,4.0,52M2,9.0,22751.0,2125.0
2872010,2872011,53.0,1161607,1,1,0,1,1.0,45.0,1.0,-9.0,4.0,5241,9.0,22749.0,2125.0
2872011,2872012,33.0,1161607,2,1,2,1,1.0,40.0,5.0,15.0,4.0,531M,9.0,22749.0,2125.0
2872012,2872013,19.0,1161607,3,2,4,1,2.0,15.0,6.0,15.0,4.0,722Z,16.0,22749.0,2125.0
2872013,2872014,15.0,1161607,4,2,4,1,-9.0,-9.0,-9.0,11.0,-9.0,-9,0.0,22749.0,2125.0
2872014,2872015,48.0,1161607,5,2,13,1,1.0,40.0,1.0,-9.0,4.0,52M2,9.0,22749.0,2125.0
2872015,2872016,53.0,1161608,1,1,0,1,1.0,45.0,1.0,-9.0,4.0,5241,9.0,22752.0,2125.0
2872016,2872017,33.0,1161608,2,1,2,1,1.0,40.0,5.0,15.0,4.0,531M,9.0,22752.0,2125.0
2872017,2872018,19.0,1161608,3,2,4,1,2.0,15.0,6.0,15.0,4.0,722Z,16.0,22752.0,2125.0
2872018,2872019,15.0,1161608,4,2,4,1,-9.0,-9.0,-9.0,11.0,-9.0,-9,0.0,22752.0,2125.0
2872019,2872020,48.0,1161608,5,2,13,1,1.0,40.0,1.0,-9.0,4.0,52M2,9.0,22752.0,2125.0
2872020,2872021,55.0,1161609,1,1,0,1,1.0,20.0,1.0,-9.0,4.0,4481,5.0,22751.0,2125.0
2872021,2872022,55.0,1161609,2,2,1,1,6.0,-9.0,-9.0,-9.0,4.0,-9,0.0,22751.0,2125.0
2872022,2872023,19.0,1161609,3,1,2,1,6.0,-9.0,-9.0,14.0,4.0,-9,0.0,22751.0,2125.0
2872023,2872024,17.0,1161609,4,2,2,1,1.0,5.0,5.0,13.0,4.0,4481,5.0,22751.0,2125.0
2872024,2872025,55.0,1161610,1,1,0,1,1.0,20.0,1.0,-9.0,4.0,4481,5.0,22754.0,2125.0
2872025,2872026,55.0,1161610,2,2,1,1,6.0,-9.0,-9.0,-9.0,4.0,-9,0.0,22754.0,2125.0
2872026,2872027,19.0,1161610,3,1,2,1,6.0,-9.0,-9.0,14.0,4.0,-9,0.0,22754.0,2125.0
2872027,2872028,17.0,1161610,4,2,2,1,1.0,5.0,5.0,13.0,4.0,4481,5.0,22754.0,2125.0
2872028,2872029,55.0,1161611,1,1,0,1,1.0,20.0,1.0,-9.0,4.0,4481,5.0,22750.0,2125.0
2872029,2872030,55.0,1161611,2,2,1,1,6.0,-9.0,-9.0,-9.0,4.0,-9,0.0,22750.0,2125.0
2872030,2872031,19.0,1161611,3,1,2,1,6.0,-9.0,-9.0,14.0,4.0,-9,0.0,22750.0,2125.0
2872031,2872032,17.0,1161611,4,2,2,1,1.0,5.0,5.0,13.0,4.0,4481,5.0,22750.0,2125.0
2872032,2872033,55.0,1161612,1,1,0,1,1.0,20.0,1.0,-9.0,4.0,4481,5.0,22751.0,2125.0
2872033,2872034,55.0,1161612,2,2,1,1,6.0,-9.0,-9.0,-9.0,4.0,-9,0.0,22751.0,2125.0
2872034,2872035,19.0,1161612,3,1,2,1,6.0,-9.0,-9.0,14.0,4.0,-9,0.0,22751.0,2125.0
2872035,2872036,17.0,1161612,4,2,2,1,1.0,5.0,5.0,13.0,4.0,4481,5.0,22751.0,2125.0
2872036,2872037,55.0,1161613,1,1,0,1,1.0,20.0,1.0,-9.0,4.0,4481,5.0,22749.0,2125.0
2872037,2872038,55.0,1161613,2,2,1,1,6.0,-9.0,-9.0,-9.0,4.0,-9,0.0,22749.0,2125.0
2872038,2872039,19.0,1161613,3,1,2,1,6.0,-9.0,-9.0,14.0,4.0,-9,0.0,22749.0,2125.0
2872039,2872040,17.0,1161613,4,2,2,1,1.0,5.0,5.0,13.0,4.0,4481,5.0,22749.0,2125.0
2872040,2872041,55.0,1161614,1,1,0,1,1.0,20.0,1.0,-9.0,4.0,4481,5.0,22754.0,2125.0
2872041,2872042,55.0,1161614,2,2,1,1,6.0,-9.0,-9.0,-9.0,4.0,-9,0.0,22754.0,2125.0
2872042,2872043,19.0,1161614,3,1,2,1,6.0,-9.0,-9.0,14.0,4.0,-9,0.0,22754.0,2125.0
2872043,2872044,17.0,1161614,4,2,2,1,1.0,5.0,5.0,13.0,4.0,4481,5.0,22754.0,2125.0
2872044,2872045,55.0,1161615,1,1,0,1,1.0,20.0,1.0,-9.0,4.0,4481,5.0,22750.0,2125.0
2872045,2872046,55.0,1161615,2,2,1,1,6.0,-9.0,-9.0,-9.0,4.0,-9,0.0,22750.0,2125.0
2872046,2872047,19.0,1161615,3,1,2,1,6.0,-9.0,-9.0,14.0,4.0,-9,0.0,22750.0,2125.0
2872047,2872048,17.0,1161615,4,2,2,1,1.0,5.0,5.0,13.0,4.0,4481,5.0,22750.0,2125.0
2872048,2872049,55.0,1161616,1,1,0,1,1.0,20.0,1.0,-9.0,4.0,4481,5.0,22749.0,2125.0
2872049,2872050,55.0,1161616,2,2,1,1,6.0,-9.0,-9.0,-9.0,4.0,-9,0.0,22749.0,2125.0
2872050,2872051,19.0,1161616,3,1,2,1,6.0,-9.0,-9.0,14.0,4.0,-9,0.0,22749.0,2125.0
2872051,2872052,17.0,1161616,4,2,2,1,1.0,5.0,5.0,13.0,4.0,4481,5.0,22749.0,2125.0
2872052,2872053,55.0,1161617,1,1,0,1,1.0,20.0,1.0,-9.0,4.0,4481,5.0,22753.0,2125.0
2872053,2872054,55.0,1161617,2,2,1,1,6.0,-9.0,-9.0,-9.0,4.0,-9,0.0,22753.0,2125.0
2872054,2872055,19.0,1161617,3,1,2,1,6.0,-9.0,-9.0,14.0,4.0,-9,0.0,22753.0,2125.0
2872055,2872056,17.0,1161617,4,2,2,1,1.0,5.0,5.0,13.0,4.0,4481,5.0,22753.0,2125.0
2872056,2872057,55.0,1161618,1,1,0,1,1.0,20.0,1.0,-9.0,4.0,4481,5.0,22753.0,2125.0
2872057,2872058,55.0,1161618,2,2,1,1,6.0,-9.0,-9.0,-9.0,4.0,-9,0.0,22753.0,2125.0
2872058,2872059,19.0,1161618,3,1,2,1,6.0,-9.0,-9.0,14.0,4.0,-9,0.0,22753.0,2125.0
2872059,2872060,17.0,1161618,4,2,2,1,1.0,5.0,5.0,13.0,4.0,4481,5.0,22753.0,2125.0
2872060,2872061,55.0,1161619,1,1,0,1,1.0,20.0,1.0,-9.0,4.0,4481,5.0,22751.0,2125.0
2872061,2872062,55.0,1161619,2,2,1,1,6.0,-9.0,-9.0,-9.0,4.0,-9,0.0,22751.0,2125.0
2872062,2872063,19.0,1161619,3,1,2,1,6.0,-9.0,-9.0,14.0,4.0,-9,0.0,22751.0,2125.0
2872063,2872064,17.0,1161619,4,2,2,1,1.0,5.0,5.0,13.0,4.0,4481,5.0,22751.0,2125.0
2872064,2872065,55.0,1161620,1,1,0,1,1.0,20.0,1.0,-9.0,4.0,4481,5.0,22753.0,2125.0
2872065,2872066,55.0,1161620,2,2,1,1,6.0,-9.0,-9.0,-9.0,4.0,-9,0.0,22753.0,2125.0
2872066,2872067,19.0,1161620,3,1,2,1,6.0,-9.0,-9.0,14.0,4.0,-9,0.0,22753.0,2125.0
2872067,2872068,17.0,1161620,4,2,2,1,1.0,5.0,5.0,13.0,4.0,4481,5.0,22753.0,2125.0
2872068,2872069,55.0,1161621,1,1,0,1,1.0,20.0,1.0,-9.0,4.0,4481,5.0,22750.0,2125.0
2872069,2872070,55.0,1161621,2,2,1,1,6.0,-9.0,-9.0,-9.0,4.0,-9,0.0,22750.0,2125.0
2872070,2872071,19.0,1161621,3,1,2,1,6.0,-9.0,-9.0,14.0,4.0,-9,0.0,22750.0,2125.0
2872071,2872072,17.0,1161621,4,2,2,1,1.0,5.0,5.0,13.0,4.0,4481,5.0,22750.0,2125.0
2872072,2872073,55.0,1161622,1,1,0,1,1.0,20.0,1.0,-9.0,4.0,4481,5.0,22750.0,2125.0
2872073,2872074,55.0,1161622,2,2,1,1,6.0,-9.0,-9.0,-9.0,4.0,-9,0.0,22750.0,2125.0
2872074,2872075,19.0,1161622,3,1,2,1,6.0,-9.0,-9.0,14.0,4.0,-9,0.0,22750.0,2125.0
2872075,2872076,17.0,1161622,4,2,2,1,1.0,5.0,5.0,13.0,4.0,4481,5.0,22750.0,2125.0
2872076,2872077,55.0,1161623,1,1,0,1,1.0,20.0,1.0,-9.0,4.0,4481,5.0,22752.0,2125.0
2872077,2872078,55.0,1161623,2,2,1,1,6.0,-9.0,-9.0,-9.0,4.0,-9,0.0,22752.0,2125.0
2872078,2872079,19.0,1161623,3,1,2,1,6.0,-9.0,-9.0,14.0,4.0,-9,0.0,22752.0,2125.0
2872079,2872080,17.0,1161623,4,2,2,1,1.0,5.0,5.0,13.0,4.0,4481,5.0,22752.0,2125.0
2872080,2872081,55.0,1161624,1,1,0,1,1.0,20.0,1.0,-9.0,4.0,4481,5.0,22754.0,2125.0
2872081,2872082,55.0,1161624,2,2,1,1,6.0,-9.0,-9.0,-9.0,4.0,-9,0.0,22754.0,2125.0
2872082,2872083,19.0,1161624,3,1,2,1,6.0,-9.0,-9.0,14.0,4.0,-9,0.0,22754.0,2125.0
2872083,2872084,17.0,1161624,4,2,2,1,1.0,5.0,5.0,13.0,4.0,4481,5.0,22754.0,2125.0
2872084,2872085,55.0,1161625,1,1,0,1,1.0,20.0,1.0,-9.0,4.0,4481,5.0,22750.0,2125.0
2872085,2872086,55.0,1161625,2,2,1,1,6.0,-9.0,-9.0,-9.0,4.0,-9,0.0,22750.0,2125.0
2872086,2872087,19.0,1161625,3,1,2,1,6.0,-9.0,-9.0,14.0,4.0,-9,0.0,22750.0,2125.0
2872087,2872088,17.0,1161625,4,2,2,1,1.0,5.0,5.0,13.0,4.0,4481,5.0,22750.0,2125.0
2872088,2872089,55.0,1161626,1,1,0,1,1.0,20.0,1.0,-9.0,4.0,4481,5.0,22751.0,2125.0
2872089,2872090,55.0,1161626,2,2,1,1,6.0,-9.0,-9.0,-9.0,4.0,-9,0.0,22751.0,2125.0
2872090,2872091,19.0,1161626,3,1,2,1,6.0,-9.0,-9.0,14.0,4.0,-9,0.0,22751.0,2125.0
2872091,2872092,17.0,1161626,4,2,2,1,1.0,5.0,5.0,13.0,4.0,4481,5.0,22751.0,2125.0
2872092,2872093,55.0,1161627,1,1,0,1,1.0,20.0,1.0,-9.0,4.0,4481,5.0,22750.0,2125.0
2872093,2872094,55.0,1161627,2,2,1,1,6.0,-9.0,-9.0,-9.0,4.0,-9,0.0,22750.0,2125.0
2872094,2872095,19.0,1161627,3,1,2,1,6.0,-9.0,-9.0,14.0,4.0,-9,0.0,22750.0,2125.0
2872095,2872096,17.0,1161627,4,2,2,1,1.0,5.0,5.0,13.0,4.0,4481,5.0,22750.0,2125.0
2872096,2872097,55.0,1161628,1,1,0,1,1.0,20.0,1.0,-9.0,4.0,4481,5.0,22754.0,2125.0
2872097,2872098,55.0,1161628,2,2,1,1,6.0,-9.0,-9.0,-9.0,4.0,-9,0.0,22754.0,2125.0
2872098,2872099,19.0,1161628,3,1,2,1,6.0,-9.0,-9.0,14.0,4.0,-9,0.0,22754.0,2125.0
2872099,2872100,17.0,1161628,4,2,2,1,1.0,5.0,5.0,13.0,4.0,4481,5.0,22754.0,2125.0
2872100,2872101,51.0,1161629,1,2,0,1,1.0,20.0,1.0,-9.0,4.0,45113,5.0,22751.0,2125.0
2872101,2872102,52.0,1161629,2,1,1,1,1.0,50.0,1.0,-9.0,4.0,6111,13.0,22751.0,2125.0
2872102,2872103,22.0,1161629,3,1,2,1,1.0,20.0,1.0,-9.0,4.0,44511,5.0,22751.0,2125.0
2872103,2872104,14.0,1161629,4,1,2,1,-9.0,-9.0,-9.0,11.0,-9.0,-9,0.0,22751.0,2125.0
2872104,2872105,54.0,1161630,1,1,0,1,1.0,40.0,1.0,-9.0,4.0,4411,5.0,22750.0,2125.0
2872105,2872106,58.0,1161630,2,2,1,1,3.0,15.0,4.0,-9.0,4.0,6111,13.0,22750.0,2125.0
2872106,2872107,19.0,1161630,3,2,2,1,1.0,25.0,2.0,-9.0,4.0,44511,5.0,22750.0,2125.0
2872107,2872108,15.0,1161630,4,1,2,1,-9.0,-9.0,-9.0,11.0,-9.0,-9,0.0,22750.0,2125.0
2872108,2872109,54.0,1161631,1,1,0,1,1.0,40.0,1.0,-9.0,4.0,4411,5.0,22751.0,2125.0
2872109,2872110,58.0,1161631,2,2,1,1,3.0,15.0,4.0,-9.0,4.0,6111,13.0,22751.0,2125.0
2872110,2872111,19.0,1161631,3,2,2,1,1.0,25.0,2.0,-9.0,4.0,44511,5.0,22751.0,2125.0
2872111,2872112,15.0,1161631,4,1,2,1,-9.0,-9.0,-9.0,11.0,-9.0,-9,0.0,22751.0,2125.0
2872112,2872113,54.0,1161632,1,1,0,1,1.0,40.0,1.0,-9.0,4.0,4411,5.0,22754.0,2125.0
2872113,2872114,58.0,1161632,2,2,1,1,3.0,15.0,4.0,-9.0,4.0,6111,13.0,22754.0,2125.0
2872114,2872115,19.0,1161632,3,2,2,1,1.0,25.0,2.0,-9.0,4.0,44511,5.0,22754.0,2125.0
2872115,2872116,15.0,1161632,4,1,2,1,-9.0,-9.0,-9.0,11.0,-9.0,-9,0.0,22754.0,2125.0
2872116,2872117,54.0,1161633,1,1,0,1,1.0,40.0,1.0,-9.0,4.0,4411,5.0,22754.0,2125.0
2872117,2872118,58.0,1161633,2,2,1,1,3.0,15.0,4.0,-9.0,4.0,6111,13.0,22754.0,2125.0
2872118,2872119,19.0,1161633,3,2,2,1,1.0,25.0,2.0,-9.0,4.0,44511,5.0,22754.0,2125.0
2872119,2872120,15.0,1161633,4,1,2,1,-9.0,-9.0,-9.0,11.0,-9.0,-9,0.0,22754.0,2125.0
2872120,2872121,54.0,1161634,1,1,0,1,1.0,40.0,1.0,-9.0,4.0,4411,5.0,22753.0,2125.0
2872121,2872122,58.0,1161634,2,2,1,1,3.0,15.0,4.0,-9.0,4.0,6111,13.0,22753.0,2125.0
2872122,2872123,19.0,1161634,3,2,2,1,1.0,25.0,2.0,-9.0,4.0,44511,5.0,22753.0,2125.0
2872123,2872124,15.0,1161634,4,1,2,1,-9.0,-9.0,-9.0,11.0,-9.0,-9,0.0,22753.0,2125.0
2872124,2872125,54.0,1161635,1,1,0,1,1.0,40.0,1.0,-9.0,4.0,4411,5.0,22753.0,2125.0
2872125,2872126,58.0,1161635,2,2,1,1,3.0,15.0,4.0,-9.0,4.0,6111,13.0,22753.0,2125.0
2872126,2872127,19.0,1161635,3,2,2,1,1.0,25.0,2.0,-9.0,4.0,44511,5.0,22753.0,2125.0
2872127,2872128,15.0,1161635,4,1,2,1,-9.0,-9.0,-9.0,11.0,-9.0,-9,0.0,22753.0,2125.0
2872128,2872129,54.0,1161636,1,1,0,1,1.0,40.0,1.0,-9.0,4.0,4411,5.0,22750.0,2125.0
2872129,2872130,58.0,1161636,2,2,1,1,3.0,15.0,4.0,-9.0,4.0,6111,13.0,22750.0,2125.0
2872130,2872131,19.0,1161636,3,2,2,1,1.0,25.0,2.0,-9.0,4.0,44511,5.0,22750.0,2125.0
2872131,2872132,15.0,1161636,4,1,2,1,-9.0,-9.0,-9.0,11.0,-9.0,-9,0.0,22750.0,2125.0
2872132,2872133,54.0,1161637,1,1,0,1,1.0,40.0,1.0,-9.0,4.0,4411,5.0,22749.0,2125.0
2872133,2872134,58.0,1161637,2,2,1,1,3.0,15.0,4.0,-9.0,4.0,6111,13.0,22749.0,2125.0
2872134,2872135,19.0,1161637,3,2,2,1,1.0,25.0,2.0,-9.0,4.0,44511,5.0,22749.0,2125.0
2872135,2872136,15.0,1161637,4,1,2,1,-9.0,-9.0,-9.0,11.0,-9.0,-9,0.0,22749.0,2125.0
2872136,2872137,54.0,1161638,1,1,0,1,1.0,40.0,1.0,-9.0,4.0,4411,5.0,22753.0,2125.0
2872137,2872138,58.0,1161638,2,2,1,1,3.0,15.0,4.0,-9.0,4.0,6111,13.0,22753.0,2125.0
2872138,2872139,19.0,1161638,3,2,2,1,1.0,25.0,2.0,-9.0,4.0,44511,5.0,22753.0,2125.0
2872139,2872140,15.0,1161638,4,1,2,1,-9.0,-9.0,-9.0,11.0,-9.0,-9,0.0,22753.0,2125.0
2872140,2872141,54.0,1161639,1,1,0,1,1.0,40.0,1.0,-9.0,4.0,4411,5.0,22753.0,2125.0
2872141,2872142,58.0,1161639,2,2,1,1,3.0,15.0,4.0,-9.0,4.0,6111,13.0,22753.0,2125.0
2872142,2872143,19.0,1161639,3,2,2,1,1.0,25.0,2.0,-9.0,4.0,44511,5.0,22753.0,2125.0
2872143,2872144,15.0,1161639,4,1,2,1,-9.0,-9.0,-9.0,11.0,-9.0,-9,0.0,22753.0,2125.0
2872144,2872145,54.0,1161640,1,1,0,1,1.0,40.0,1.0,-9.0,4.0,4411,5.0,22753.0,2125.0
2872145,2872146,58.0,1161640,2,2,1,1,3.0,15.0,4.0,-9.0,4.0,6111,13.0,22753.0,2125.0
2872146,2872147,19.0,1161640,3,2,2,1,1.0,25.0,2.0,-9.0,4.0,44511,5.0,22753.0,2125.0
2872147,2872148,15.0,1161640,4,1,2,1,-9.0,-9.0,-9.0,11.0,-9.0,-9,0.0,22753.0,2125.0
2872148,2872149,54.0,1161641,1,1,0,1,1.0,40.0,1.0,-9.0,4.0,4411,5.0,22754.0,2125.0
2872149,2872150,58.0,1161641,2,2,1,1,3.0,15.0,4.0,-9.0,4.0,6111,13.0,22754.0,2125.0
2872150,2872151,19.0,1161641,3,2,2,1,1.0,25.0,2.0,-9.0,4.0,44511,5.0,22754.0,2125.0
2872151,2872152,15.0,1161641,4,1,2,1,-9.0,-9.0,-9.0,11.0,-9.0,-9,0.0,22754.0,2125.0
2872152,2872153,54.0,1161642,1,1,0,1,1.0,40.0,1.0,-9.0,4.0,4411,5.0,22749.0,2125.0
2872153,2872154,58.0,1161642,2,2,1,1,3.0,15.0,4.0,-9.0,4.0,6111,13.0,22749.0,2125.0
2872154,2872155,19.0,1161642,3,2,2,1,1.0,25.0,2.0,-9.0,4.0,44511,5.0,22749.0,2125.0
2872155,2872156,15.0,1161642,4,1,2,1,-9.0,-9.0,-9.0,11.0,-9.0,-9,0.0,22749.0,2125.0
2872156,2872157,54.0,1161643,1,1,0,1,1.0,40.0,1.0,-9.0,4.0,4411,5.0,22754.0,2125.0
2872157,2872158,58.0,1161643,2,2,1,1,3.0,15.0,4.0,-9.0,4.0,6111,13.0,22754.0,2125.0
2872158,2872159,19.0,1161643,3,2,2,1,1.0,25.0,2.0,-9.0,4.0,44511,5.0,22754.0,2125.0
2872159,2872160,15.0,1161643,4,1,2,1,-9.0,-9.0,-9.0,11.0,-9.0,-9,0.0,22754.0,2125.0
2872160,2872161,54.0,1161644,1,1,0,1,1.0,40.0,1.0,-9.0,4.0,4411,5.0,22752.0,2125.0
2872161,2872162,58.0,1161644,2,2,1,1,3.0,15.0,4.0,-9.0,4.0,6111,13.0,22752.0,2125.0
2872162,2872163,19.0,1161644,3,2,2,1,1.0,25.0,2.0,-9.0,4.0,44511,5.0,22752.0,2125.0
2872163,2872164,15.0,1161644,4,1,2,1,-9.0,-9.0,-9.0,11.0,-9.0,-9,0.0,22752.0,2125.0
2872164,2872165,54.0,1161645,1,1,0,1,1.0,40.0,1.0,-9.0,4.0,4411,5.0,22754.0,2125.0
2872165,2872166,58.0,1161645,2,2,1,1,3.0,15.0,4.0,-9.0,4.0,6111,13.0,22754.0,2125.0
2872166,2872167,19.0,1161645,3,2,2,1,1.0,25.0,2.0,-9.0,4.0,44511,5.0,22754.0,2125.0
2872167,2872168,15.0,1161645,4,1,2,1,-9.0,-9.0,-9.0,11.0,-9.0,-9,0.0,22754.0,2125.0
2872168,2872169,54.0,1161646,1,1,0,1,1.0,40.0,1.0,-9.0,4.0,4411,5.0,22753.0,2125.0
2872169,2872170,58.0,1161646,2,2,1,1,3.0,15.0,4.0,-9.0,4.0,6111,13.0,22753.0,2125.0
2872170,2872171,19.0,1161646,3,2,2,1,1.0,25.0,2.0,-9.0,4.0,44511,5.0,22753.0,2125.0
2872171,2872172,15.0,1161646,4,1,2,1,-9.0,-9.0,-9.0,11.0,-9.0,-9,0.0,22753.0,2125.0
2872172,2872173,54.0,1161647,1,1,0,1,1.0,40.0,1.0,-9.0,4.0,4411,5.0,22749.0,2125.0
2872173,2872174,58.0,1161647,2,2,1,1,3.0,15.0,4.0,-9.0,4.0,6111,13.0,22749.0,2125.0
2872174,2872175,19.0,1161647,3,2,2,1,1.0,25.0,2.0,-9.0,4.0,44511,5.0,22749.0,2125.0
2872175,2872176,15.0,1161647,4,1,2,1,-9.0,-9.0,-9.0,11.0,-9.0,-9,0.0,22749.0,2125.0
2872176,2872177,54.0,1161648,1,1,0,1,1.0,40.0,1.0,-9.0,4.0,4411,5.0,22752.0,2125.0
2872177,2872178,58.0,1161648,2,2,1,1,3.0,15.0,4.0,-9.0,4.0,6111,13.0,22752.0,2125.0
2872178,2872179,19.0,1161648,3,2,2,1,1.0,25.0,2.0,-9.0,4.0,44511,5.0,22752.0,2125.0
2872179,2872180,15.0,1161648,4,1,2,1,-9.0,-9.0,-9.0,11.0,-9.0,-9,0.0,22752.0,2125.0
2872180,2872181,54.0,1161649,1,1,0,1,1.0,40.0,1.0,-9.0,4.0,4411,5.0,22750.0,2125.0
2872181,2872182,58.0,1161649,2,2,1,1,3.0,15.0,4.0,-9.0,4.0,6111,13.0,22750.0,2125.0
2872182,2872183,19.0,1161649,3,2,2,1,1.0,25.0,2.0,-9.0,4.0,44511,5.0,22750.0,2125.0
2872183,2872184,15.0,1161649,4,1,2,1,-9.0,-9.0,-9.0,11.0,-9.0,-9,0.0,22750.0,2125.0
2872184,2872185,54.0,1161650,1,1,0,1,1.0,40.0,1.0,-9.0,4.0,4411,5.0,22749.0,2125.0
2872185,2872186,58.0,1161650,2,2,1,1,3.0,15.0,4.0,-9.0,4.0,6111,13.0,22749.0,2125.0
2872186,2872187,19.0,1161650,3,2,2,1,1.0,25.0,2.0,-9.0,4.0,44511,5.0,22749.0,2125.0
2872187,2872188,15.0,1161650,4,1,2,1,-9.0,-9.0,-9.0,11.0,-9.0,-9,0.0,22749.0,2125.0
2872188,2872189,54.0,1161651,1,1,0,1,1.0,40.0,1.0,-9.0,4.0,4411,5.0,22752.0,2125.0
2872189,2872190,58.0,1161651,2,2,1,1,3.0,15.0,4.0,-9.0,4.0,6111,13.0,22752.0,2125.0
2872190,2872191,19.0,1161651,3,2,2,1,1.0,25.0,2.0,-9.0,4.0,44511,5.0,22752.0,2125.0
2872191,2872192,15.0,1161651,4,1,2,1,-9.0,-9.0,-9.0,11.0,-9.0,-9,0.0,22752.0,2125.0
2872192,2872193,54.0,1161652,1,1,0,1,1.0,40.0,1.0,-9.0,4.0,4411,5.0,22752.0,2125.0
2872193,2872194,58.0,1161652,2,2,1,1,3.0,15.0,4.0,-9.0,4.0,6111,13.0,22752.0,2125.0
2872194,2872195,19.0,1161652,3,2,2,1,1.0,25.0,2.0,-9.0,4.0,44511,5.0,22752.0,2125.0
2872195,2872196,15.0,1161652,4,1,2,1,-9.0,-9.0,-9.0,11.0,-9.0,-9,0.0,22752.0,2125.0
2872196,2872197,54.0,1161653,1,1,0,1,1.0,40.0,1.0,-9.0,4.0,4411,5.0,22754.0,2125.0
2872197,2872198,58.0,1161653,2,2,1,1,3.0,15.0,4.0,-9.0,4.0,6111,13.0,22754.0,2125.0
2872198,2872199,19.0,1161653,3,2,2,1,1.0,25.0,2.0,-9.0,4.0,44511,5.0,22754.0,2125.0
2872199,2872200,15.0,1161653,4,1,2,1,-9.0,-9.0,-9.0,11.0,-9.0,-9,0.0,22754.0,2125.0
2872200,2872201,54.0,1161654,1,1,0,1,1.0,40.0,1.0,-9.0,4.0,4411,5.0,22751.0,2125.0
2872201,2872202,58.0,1161654,2,2,1,1,3.0,15.0,4.0,-9.0,4.0,6111,13.0,22751.0,2125.0
2872202,2872203,19.0,1161654,3,2,2,1,1.0,25.0,2.0,-9.0,4.0,44511,5.0,22751.0,2125.0
2872203,2872204,15.0,1161654,4,1,2,1,-9.0,-9.0,-9.0,11.0,-9.0,-9,0.0,22751.0,2125.0
2872204,2872205,45.0,1161655,1,1,0,1,1.0,60.0,1.0,-9.0,4.0,4853,6.0,22750.0,2125.0
2872205,2872206,40.0,1161655,2,2,1,1,6.0,-9.0,-9.0,-9.0,4.0,-9,0.0,22750.0,2125.0
2872206,2872207,21.0,1161655,3,2,2,1,1.0,22.0,5.0,15.0,4.0,713Z,16.0,22750.0,2125.0
2872207,2872208,20.0,1161655,4,2,2,1,6.0,-9.0,-9.0,14.0,4.0,-9,0.0,22750.0,2125.0
2872208,2872209,16.0,1161655,5,1,2,1,6.0,-9.0,-9.0,13.0,-9.0,-9,0.0,22750.0,2125.0
2872209,2872210,45.0,1161656,1,1,0,1,1.0,60.0,1.0,-9.0,4.0,4853,6.0,22752.0,2125.0
2872210,2872211,40.0,1161656,2,2,1,1,6.0,-9.0,-9.0,-9.0,4.0,-9,0.0,22752.0,2125.0
2872211,2872212,21.0,1161656,3,2,2,1,1.0,22.0,5.0,15.0,4.0,713Z,16.0,22752.0,2125.0
2872212,2872213,20.0,1161656,4,2,2,1,6.0,-9.0,-9.0,14.0,4.0,-9,0.0,22752.0,2125.0
2872213,2872214,16.0,1161656,5,1,2,1,6.0,-9.0,-9.0,13.0,-9.0,-9,0.0,22752.0,2125.0
2872214,2872215,45.0,1161657,1,1,0,1,1.0,60.0,1.0,-9.0,4.0,4853,6.0,22750.0,2125.0
2872215,2872216,40.0,1161657,2,2,1,1,6.0,-9.0,-9.0,-9.0,4.0,-9,0.0,22750.0,2125.0
2872216,2872217,21.0,1161657,3,2,2,1,1.0,22.0,5.0,15.0,4.0,713Z,16.0,22750.0,2125.0
2872217,2872218,20.0,1161657,4,2,2,1,6.0,-9.0,-9.0,14.0,4.0,-9,0.0,22750.0,2125.0
2872218,2872219,16.0,1161657,5,1,2,1,6.0,-9.0,-9.0,13.0,-9.0,-9,0.0,22750.0,2125.0
2872219,2872220,45.0,1161658,1,1,0,1,1.0,60.0,1.0,-9.0,4.0,4853,6.0,22750.0,2125.0
2872220,2872221,40.0,1161658,2,2,1,1,6.0,-9.0,-9.0,-9.0,4.0,-9,0.0,22750.0,2125.0
2872221,2872222,21.0,1161658,3,2,2,1,1.0,22.0,5.0,15.0,4.0,713Z,16.0,22750.0,2125.0
2872222,2872223,20.0,1161658,4,2,2,1,6.0,-9.0,-9.0,14.0,4.0,-9,0.0,22750.0,2125.0
2872223,2872224,16.0,1161658,5,1,2,1,6.0,-9.0,-9.0,13.0,-9.0,-9,0.0,22750.0,2125.0
2872224,2872225,45.0,1161659,1,1,0,1,1.0,60.0,1.0,-9.0,4.0,4853,6.0,22750.0,2125.0
2872225,2872226,40.0,1161659,2,2,1,1,6.0,-9.0,-9.0,-9.0,4.0,-9,0.0,22750.0,2125.0
2872226,2872227,21.0,1161659,3,2,2,1,1.0,22.0,5.0,15.0,4.0,713Z,16.0,22750.0,2125.0
2872227,2872228,20.0,1161659,4,2,2,1,6.0,-9.0,-9.0,14.0,4.0,-9,0.0,22750.0,2125.0
2872228,2872229,16.0,1161659,5,1,2,1,6.0,-9.0,-9.0,13.0,-9.0,-9,0.0,22750.0,2125.0
2872229,2872230,45.0,1161660,1,1,0,1,1.0,60.0,1.0,-9.0,4.0,4853,6.0,22753.0,2125.0
2872230,2872231,40.0,1161660,2,2,1,1,6.0,-9.0,-9.0,-9.0,4.0,-9,0.0,22753.0,2125.0
2872231,2872232,21.0,1161660,3,2,2,1,1.0,22.0,5.0,15.0,4.0,713Z,16.0,22753.0,2125.0
2872232,2872233,20.0,1161660,4,2,2,1,6.0,-9.0,-9.0,14.0,4.0,-9,0.0,22753.0,2125.0
2872233,2872234,16.0,1161660,5,1,2,1,6.0,-9.0,-9.0,13.0,-9.0,-9,0.0,22753.0,2125.0
2872234,2872235,45.0,1161661,1,1,0,1,1.0,60.0,1.0,-9.0,4.0,4853,6.0,22750.0,2125.0
2872235,2872236,40.0,1161661,2,2,1,1,6.0,-9.0,-9.0,-9.0,4.0,-9,0.0,22750.0,2125.0
2872236,2872237,21.0,1161661,3,2,2,1,1.0,22.0,5.0,15.0,4.0,713Z,16.0,22750.0,2125.0
2872237,2872238,20.0,1161661,4,2,2,1,6.0,-9.0,-9.0,14.0,4.0,-9,0.0,22750.0,2125.0
2872238,2872239,16.0,1161661,5,1,2,1,6.0,-9.0,-9.0,13.0,-9.0,-9,0.0,22750.0,2125.0
2872239,2872240,45.0,1161662,1,1,0,1,1.0,60.0,1.0,-9.0,4.0,4853,6.0,22749.0,2125.0
2872240,2872241,40.0,1161662,2,2,1,1,6.0,-9.0,-9.0,-9.0,4.0,-9,0.0,22749.0,2125.0
2872241,2872242,21.0,1161662,3,2,2,1,1.0,22.0,5.0,15.0,4.0,713Z,16.0,22749.0,2125.0
2872242,2872243,20.0,1161662,4,2,2,1,6.0,-9.0,-9.0,14.0,4.0,-9,0.0,22749.0,2125.0
2872243,2872244,16.0,1161662,5,1,2,1,6.0,-9.0,-9.0,13.0,-9.0,-9,0.0,22749.0,2125.0
2872244,2872245,45.0,1161663,1,1,0,1,1.0,60.0,1.0,-9.0,4.0,4853,6.0,22750.0,2125.0
2872245,2872246,40.0,1161663,2,2,1,1,6.0,-9.0,-9.0,-9.0,4.0,-9,0.0,22750.0,2125.0
2872246,2872247,21.0,1161663,3,2,2,1,1.0,22.0,5.0,15.0,4.0,713Z,16.0,22750.0,2125.0
2872247,2872248,20.0,1161663,4,2,2,1,6.0,-9.0,-9.0,14.0,4.0,-9,0.0,22750.0,2125.0
2872248,2872249,16.0,1161663,5,1,2,1,6.0,-9.0,-9.0,13.0,-9.0,-9,0.0,22750.0,2125.0
2872249,2872250,45.0,1161664,1,1,0,1,1.0,60.0,1.0,-9.0,4.0,4853,6.0,22752.0,2125.0
2872250,2872251,40.0,1161664,2,2,1,1,6.0,-9.0,-9.0,-9.0,4.0,-9,0.0,22752.0,2125.0
2872251,2872252,21.0,1161664,3,2,2,1,1.0,22.0,5.0,15.0,4.0,713Z,16.0,22752.0,2125.0
2872252,2872253,20.0,1161664,4,2,2,1,6.0,-9.0,-9.0,14.0,4.0,-9,0.0,22752.0,2125.0
2872253,2872254,16.0,1161664,5,1,2,1,6.0,-9.0,-9.0,13.0,-9.0,-9,0.0,22752.0,2125.0
2872254,2872255,45.0,1161665,1,1,0,1,1.0,60.0,1.0,-9.0,4.0,4853,6.0,22750.0,2125.0
2872255,2872256,40.0,1161665,2,2,1,1,6.0,-9.0,-9.0,-9.0,4.0,-9,0.0,22750.0,2125.0
2872256,2872257,21.0,1161665,3,2,2,1,1.0,22.0,5.0,15.0,4.0,713Z,16.0,22750.0,2125.0
2872257,2872258,20.0,1161665,4,2,2,1,6.0,-9.0,-9.0,14.0,4.0,-9,0.0,22750.0,2125.0
2872258,2872259,16.0,1161665,5,1,2,1,6.0,-9.0,-9.0,13.0,-9.0,-9,0.0,22750.0,2125.0
2872259,2872260,45.0,1161666,1,1,0,1,1.0,60.0,1.0,-9.0,4.0,4853,6.0,22753.0,2125.0
2872260,2872261,40.0,1161666,2,2,1,1,6.0,-9.0,-9.0,-9.0,4.0,-9,0.0,22753.0,2125.0
2872261,2872262,21.0,1161666,3,2,2,1,1.0,22.0,5.0,15.0,4.0,713Z,16.0,22753.0,2125.0
2872262,2872263,20.0,1161666,4,2,2,1,6.0,-9.0,-9.0,14.0,4.0,-9,0.0,22753.0,2125.0
2872263,2872264,16.0,1161666,5,1,2,1,6.0,-9.0,-9.0,13.0,-9.0,-9,0.0,22753.0,2125.0
2872264,2872265,45.0,1161667,1,1,0,1,1.0,60.0,1.0,-9.0,4.0,4853,6.0,22754.0,2125.0
2872265,2872266,40.0,1161667,2,2,1,1,6.0,-9.0,-9.0,-9.0,4.0,-9,0.0,22754.0,2125.0
2872266,2872267,21.0,1161667,3,2,2,1,1.0,22.0,5.0,15.0,4.0,713Z,16.0,22754.0,2125.0
2872267,2872268,20.0,1161667,4,2,2,1,6.0,-9.0,-9.0,14.0,4.0,-9,0.0,22754.0,2125.0
2872268,2872269,16.0,1161667,5,1,2,1,6.0,-9.0,-9.0,13.0,-9.0,-9,0.0,22754.0,2125.0
2872269,2872270,45.0,1161668,1,1,0,1,1.0,60.0,1.0,-9.0,4.0,4853,6.0,22753.0,2125.0
2872270,2872271,40.0,1161668,2,2,1,1,6.0,-9.0,-9.0,-9.0,4.0,-9,0.0,22753.0,2125.0
2872271,2872272,21.0,1161668,3,2,2,1,1.0,22.0,5.0,15.0,4.0,713Z,16.0,22753.0,2125.0
2872272,2872273,20.0,1161668,4,2,2,1,6.0,-9.0,-9.0,14.0,4.0,-9,0.0,22753.0,2125.0
2872273,2872274,16.0,1161668,5,1,2,1,6.0,-9.0,-9.0,13.0,-9.0,-9,0.0,22753.0,2125.0
2872274,2872275,45.0,1161669,1,1,0,1,1.0,60.0,1.0,-9.0,4.0,4853,6.0,22749.0,2125.0
2872275,2872276,40.0,1161669,2,2,1,1,6.0,-9.0,-9.0,-9.0,4.0,-9,0.0,22749.0,2125.0
2872276,2872277,21.0,1161669,3,2,2,1,1.0,22.0,5.0,15.0,4.0,713Z,16.0,22749.0,2125.0
2872277,2872278,20.0,1161669,4,2,2,1,6.0,-9.0,-9.0,14.0,4.0,-9,0.0,22749.0,2125.0
2872278,2872279,16.0,1161669,5,1,2,1,6.0,-9.0,-9.0,13.0,-9.0,-9,0.0,22749.0,2125.0
2872279,2872280,45.0,1161670,1,1,0,1,1.0,60.0,1.0,-9.0,4.0,4853,6.0,22754.0,2125.0
2872280,2872281,40.0,1161670,2,2,1,1,6.0,-9.0,-9.0,-9.0,4.0,-9,0.0,22754.0,2125.0
2872281,2872282,21.0,1161670,3,2,2,1,1.0,22.0,5.0,15.0,4.0,713Z,16.0,22754.0,2125.0
2872282,2872283,20.0,1161670,4,2,2,1,6.0,-9.0,-9.0,14.0,4.0,-9,0.0,22754.0,2125.0
2872283,2872284,16.0,1161670,5,1,2,1,6.0,-9.0,-9.0,13.0,-9.0,-9,0.0,22754.0,2125.0
2872284,2872285,45.0,1161671,1,1,0,1,1.0,60.0,1.0,-9.0,4.0,4853,6.0,22749.0,2125.0
2872285,2872286,40.0,1161671,2,2,1,1,6.0,-9.0,-9.0,-9.0,4.0,-9,0.0,22749.0,2125.0
2872286,2872287,21.0,1161671,3,2,2,1,1.0,22.0,5.0,15.0,4.0,713Z,16.0,22749.0,2125.0
2872287,2872288,20.0,1161671,4,2,2,1,6.0,-9.0,-9.0,14.0,4.0,-9,0.0,22749.0,2125.0
2872288,2872289,16.0,1161671,5,1,2,1,6.0,-9.0,-9.0,13.0,-9.0,-9,0.0,22749.0,2125.0
2872289,2872290,45.0,1161672,1,1,0,1,1.0,60.0,1.0,-9.0,4.0,4853,6.0,22754.0,2125.0
2872290,2872291,40.0,1161672,2,2,1,1,6.0,-9.0,-9.0,-9.0,4.0,-9,0.0,22754.0,2125.0
2872291,2872292,21.0,1161672,3,2,2,1,1.0,22.0,5.0,15.0,4.0,713Z,16.0,22754.0,2125.0
2872292,2872293,20.0,1161672,4,2,2,1,6.0,-9.0,-9.0,14.0,4.0,-9,0.0,22754.0,2125.0
2872293,2872294,16.0,1161672,5,1,2,1,6.0,-9.0,-9.0,13.0,-9.0,-9,0.0,22754.0,2125.0
2872294,2872295,45.0,1161673,1,1,0,1,1.0,60.0,1.0,-9.0,4.0,4853,6.0,22754.0,2125.0
2872295,2872296,40.0,1161673,2,2,1,1,6.0,-9.0,-9.0,-9.0,4.0,-9,0.0,22754.0,2125.0
2872296,2872297,21.0,1161673,3,2,2,1,1.0,22.0,5.0,15.0,4.0,713Z,16.0,22754.0,2125.0
2872297,2872298,20.0,1161673,4,2,2,1,6.0,-9.0,-9.0,14.0,4.0,-9,0.0,22754.0,2125.0
2872298,2872299,16.0,1161673,5,1,2,1,6.0,-9.0,-9.0,13.0,-9.0,-9,0.0,22754.0,2125.0
2872299,2872300,45.0,1161674,1,1,0,1,1.0,60.0,1.0,-9.0,4.0,4853,6.0,22750.0,2125.0
2872300,2872301,40.0,1161674,2,2,1,1,6.0,-9.0,-9.0,-9.0,4.0,-9,0.0,22750.0,2125.0
2872301,2872302,21.0,1161674,3,2,2,1,1.0,22.0,5.0,15.0,4.0,713Z,16.0,22750.0,2125.0
2872302,2872303,20.0,1161674,4,2,2,1,6.0,-9.0,-9.0,14.0,4.0,-9,0.0,22750.0,2125.0
2872303,2872304,16.0,1161674,5,1,2,1,6.0,-9.0,-9.0,13.0,-9.0,-9,0.0,22750.0,2125.0
2872304,2872305,26.0,1161675,1,2,0,4,1.0,40.0,3.0,16.0,4.0,611M1,13.0,22752.0,2125.0
2872305,2872306,24.0,1161675,2,2,12,4,6.0,-9.0,-9.0,16.0,4.0,-9,0.0,22752.0,2125.0
2872306,2872307,27.0,1161676,1,2,0,3,1.0,40.0,1.0,-9.0,4.0,611M1,13.0,22751.0,2125.0
2872307,2872308,27.0,1161677,1,2,0,3,1.0,40.0,1.0,-9.0,4.0,611M1,13.0,22754.0,2125.0
2872308,2872309,31.0,1161678,1,1,0,1,1.0,45.0,1.0,16.0,4.0,622M,15.0,22753.0,2125.0
2872309,2872310,24.0,1161678,2,1,12,1,1.0,50.0,1.0,16.0,4.0,622M,15.0,22753.0,2125.0
2872310,2872311,31.0,1161679,1,1,0,1,1.0,45.0,1.0,16.0,4.0,622M,15.0,22752.0,2125.0
2872311,2872312,24.0,1161679,2,1,12,1,1.0,50.0,1.0,16.0,4.0,622M,15.0,22752.0,2125.0
2872312,2872313,31.0,1161680,1,1,0,1,1.0,45.0,1.0,16.0,4.0,622M,15.0,22754.0,2125.0
2872313,2872314,24.0,1161680,2,1,12,1,1.0,50.0,1.0,16.0,4.0,622M,15.0,22754.0,2125.0
2872314,2872315,31.0,1161681,1,1,0,1,1.0,45.0,1.0,16.0,4.0,622M,15.0,22754.0,2125.0
2872315,2872316,24.0,1161681,2,1,12,1,1.0,50.0,1.0,16.0,4.0,622M,15.0,22754.0,2125.0
2872316,2872317,31.0,1161682,1,1,0,1,1.0,45.0,1.0,16.0,4.0,622M,15.0,22749.0,2125.0
2872317,2872318,24.0,1161682,2,1,12,1,1.0,50.0,1.0,16.0,4.0,622M,15.0,22749.0,2125.0
2872318,2872319,31.0,1161683,1,1,0,1,1.0,45.0,1.0,16.0,4.0,622M,15.0,22753.0,2125.0
2872319,2872320,24.0,1161683,2,1,12,1,1.0,50.0,1.0,16.0,4.0,622M,15.0,22753.0,2125.0
2872320,2872321,31.0,1161684,1,1,0,1,1.0,45.0,1.0,16.0,4.0,622M,15.0,22750.0,2125.0
2872321,2872322,24.0,1161684,2,1,12,1,1.0,50.0,1.0,16.0,4.0,622M,15.0,22750.0,2125.0
2872322,2872323,31.0,1161685,1,1,0,1,1.0,45.0,1.0,16.0,4.0,622M,15.0,22749.0,2125.0
2872323,2872324,24.0,1161685,2,1,12,1,1.0,50.0,1.0,16.0,4.0,622M,15.0,22749.0,2125.0
2872324,2872325,31.0,1161686,1,1,0,1,1.0,45.0,1.0,16.0,4.0,622M,15.0,22750.0,2125.0
2872325,2872326,24.0,1161686,2,1,12,1,1.0,50.0,1.0,16.0,4.0,622M,15.0,22750.0,2125.0
2872326,2872327,31.0,1161687,1,1,0,1,1.0,45.0,1.0,16.0,4.0,622M,15.0,22753.0,2125.0
2872327,2872328,24.0,1161687,2,1,12,1,1.0,50.0,1.0,16.0,4.0,622M,15.0,22753.0,2125.0
2872328,2872329,31.0,1161688,1,1,0,1,1.0,45.0,1.0,16.0,4.0,622M,15.0,22753.0,2125.0
2872329,2872330,24.0,1161688,2,1,12,1,1.0,50.0,1.0,16.0,4.0,622M,15.0,22753.0,2125.0
2872330,2872331,31.0,1161689,1,1,0,1,1.0,45.0,1.0,16.0,4.0,622M,15.0,22754.0,2125.0
2872331,2872332,24.0,1161689,2,1,12,1,1.0,50.0,1.0,16.0,4.0,622M,15.0,22754.0,2125.0
2872332,2872333,31.0,1161690,1,1,0,1,1.0,45.0,1.0,16.0,4.0,622M,15.0,22749.0,2125.0
2872333,2872334,24.0,1161690,2,1,12,1,1.0,50.0,1.0,16.0,4.0,622M,15.0,22749.0,2125.0
2872334,2872335,31.0,1161691,1,1,0,1,1.0,45.0,1.0,16.0,4.0,622M,15.0,22752.0,2125.0
2872335,2872336,24.0,1161691,2,1,12,1,1.0,50.0,1.0,16.0,4.0,622M,15.0,22752.0,2125.0
2872336,2872337,31.0,1161692,1,1,0,1,1.0,45.0,1.0,16.0,4.0,622M,15.0,22753.0,2125.0
2872337,2872338,24.0,1161692,2,1,12,1,1.0,50.0,1.0,16.0,4.0,622M,15.0,22753.0,2125.0
2872338,2872339,31.0,1161693,1,1,0,1,1.0,45.0,1.0,16.0,4.0,622M,15.0,22751.0,2125.0
2872339,2872340,24.0,1161693,2,1,12,1,1.0,50.0,1.0,16.0,4.0,622M,15.0,22751.0,2125.0
2872340,2872341,31.0,1161694,1,1,0,1,1.0,45.0,1.0,16.0,4.0,622M,15.0,22752.0,2125.0
2872341,2872342,24.0,1161694,2,1,12,1,1.0,50.0,1.0,16.0,4.0,622M,15.0,22752.0,2125.0
2872342,2872343,31.0,1161695,1,1,0,1,1.0,45.0,1.0,16.0,4.0,622M,15.0,22750.0,2125.0
2872343,2872344,24.0,1161695,2,1,12,1,1.0,50.0,1.0,16.0,4.0,622M,15.0,22750.0,2125.0
2872344,2872345,31.0,1161696,1,1,0,1,1.0,45.0,1.0,16.0,4.0,622M,15.0,22749.0,2125.0
2872345,2872346,24.0,1161696,2,1,12,1,1.0,50.0,1.0,16.0,4.0,622M,15.0,22749.0,2125.0
2872346,2872347,31.0,1161697,1,1,0,1,1.0,45.0,1.0,16.0,4.0,622M,15.0,22754.0,2125.0
2872347,2872348,24.0,1161697,2,1,12,1,1.0,50.0,1.0,16.0,4.0,622M,15.0,22754.0,2125.0
2872348,2872349,31.0,1161698,1,1,0,1,1.0,45.0,1.0,16.0,4.0,622M,15.0,22750.0,2125.0
2872349,2872350,24.0,1161698,2,1,12,1,1.0,50.0,1.0,16.0,4.0,622M,15.0,22750.0,2125.0
2872350,2872351,27.0,1161699,1,2,0,1,1.0,40.0,1.0,-9.0,4.0,813M,17.0,22750.0,2125.0
2872351,2872352,23.0,1161699,2,2,12,2,1.0,40.0,4.0,15.0,4.0,337,3.0,22750.0,2125.0
2872352,2872353,27.0,1161700,1,2,0,1,1.0,40.0,1.0,-9.0,4.0,813M,17.0,22752.0,2125.0
2872353,2872354,23.0,1161700,2,2,12,2,1.0,40.0,4.0,15.0,4.0,337,3.0,22752.0,2125.0
2872354,2872355,27.0,1161701,1,2,0,1,1.0,40.0,1.0,-9.0,4.0,813M,17.0,22749.0,2125.0
2872355,2872356,23.0,1161701,2,2,12,2,1.0,40.0,4.0,15.0,4.0,337,3.0,22749.0,2125.0
2872356,2872357,27.0,1161702,1,2,0,1,1.0,40.0,1.0,-9.0,4.0,813M,17.0,22750.0,2125.0
2872357,2872358,23.0,1161702,2,2,12,2,1.0,40.0,4.0,15.0,4.0,337,3.0,22750.0,2125.0
2872358,2872359,27.0,1161703,1,2,0,1,1.0,40.0,1.0,-9.0,4.0,813M,17.0,22752.0,2125.0
2872359,2872360,23.0,1161703,2,2,12,2,1.0,40.0,4.0,15.0,4.0,337,3.0,22752.0,2125.0
2872360,2872361,27.0,1161704,1,2,0,1,1.0,40.0,1.0,-9.0,4.0,813M,17.0,22751.0,2125.0
2872361,2872362,23.0,1161704,2,2,12,2,1.0,40.0,4.0,15.0,4.0,337,3.0,22751.0,2125.0
2872362,2872363,27.0,1161705,1,2,0,1,1.0,40.0,1.0,-9.0,4.0,813M,17.0,22751.0,2125.0
2872363,2872364,23.0,1161705,2,2,12,2,1.0,40.0,4.0,15.0,4.0,337,3.0,22751.0,2125.0
2872364,2872365,27.0,1161706,1,2,0,1,1.0,40.0,1.0,-9.0,4.0,813M,17.0,22752.0,2125.0
2872365,2872366,23.0,1161706,2,2,12,2,1.0,40.0,4.0,15.0,4.0,337,3.0,22752.0,2125.0
2872366,2872367,27.0,1161707,1,2,0,1,1.0,40.0,1.0,-9.0,4.0,813M,17.0,22752.0,2125.0
2872367,2872368,23.0,1161707,2,2,12,2,1.0,40.0,4.0,15.0,4.0,337,3.0,22752.0,2125.0
2872368,2872369,27.0,1161708,1,2,0,1,1.0,40.0,1.0,-9.0,4.0,813M,17.0,22752.0,2125.0
2872369,2872370,23.0,1161708,2,2,12,2,1.0,40.0,4.0,15.0,4.0,337,3.0,22752.0,2125.0
2872370,2872371,27.0,1161709,1,2,0,1,1.0,40.0,1.0,-9.0,4.0,813M,17.0,22751.0,2125.0
2872371,2872372,23.0,1161709,2,2,12,2,1.0,40.0,4.0,15.0,4.0,337,3.0,22751.0,2125.0
2872372,2872373,27.0,1161710,1,2,0,1,1.0,40.0,1.0,-9.0,4.0,813M,17.0,22754.0,2125.0
2872373,2872374,23.0,1161710,2,2,12,2,1.0,40.0,4.0,15.0,4.0,337,3.0,22754.0,2125.0
2872374,2872375,27.0,1161711,1,2,0,1,1.0,40.0,1.0,-9.0,4.0,813M,17.0,22752.0,2125.0
2872375,2872376,23.0,1161711,2,2,12,2,1.0,40.0,4.0,15.0,4.0,337,3.0,22752.0,2125.0
2872376,2872377,27.0,1161712,1,2,0,1,1.0,40.0,1.0,-9.0,4.0,813M,17.0,22750.0,2125.0
2872377,2872378,23.0,1161712,2,2,12,2,1.0,40.0,4.0,15.0,4.0,337,3.0,22750.0,2125.0
2872378,2872379,27.0,1161713,1,2,0,1,1.0,40.0,1.0,-9.0,4.0,813M,17.0,22750.0,2125.0
2872379,2872380,23.0,1161713,2,2,12,2,1.0,40.0,4.0,15.0,4.0,337,3.0,22750.0,2125.0
2872380,2872381,27.0,1161714,1,2,0,1,1.0,40.0,1.0,-9.0,4.0,813M,17.0,22752.0,2125.0
2872381,2872382,23.0,1161714,2,2,12,2,1.0,40.0,4.0,15.0,4.0,337,3.0,22752.0,2125.0
2872382,2872383,27.0,1161715,1,2,0,1,1.0,40.0,1.0,-9.0,4.0,813M,17.0,22749.0,2125.0
2872383,2872384,23.0,1161715,2,2,12,2,1.0,40.0,4.0,15.0,4.0,337,3.0,22749.0,2125.0
2872384,2872385,27.0,1161716,1,2,0,1,1.0,40.0,1.0,-9.0,4.0,813M,17.0,22751.0,2125.0
2872385,2872386,23.0,1161716,2,2,12,2,1.0,40.0,4.0,15.0,4.0,337,3.0,22751.0,2125.0
2872386,2872387,27.0,1161717,1,2,0,1,1.0,40.0,1.0,-9.0,4.0,813M,17.0,22754.0,2125.0
2872387,2872388,23.0,1161717,2,2,12,2,1.0,40.0,4.0,15.0,4.0,337,3.0,22754.0,2125.0
2872388,2872389,27.0,1161718,1,2,0,1,1.0,40.0,1.0,-9.0,4.0,813M,17.0,22752.0,2125.0
2872389,2872390,23.0,1161718,2,2,12,2,1.0,40.0,4.0,15.0,4.0,337,3.0,22752.0,2125.0
2872390,2872391,27.0,1161719,1,2,0,1,1.0,40.0,1.0,-9.0,4.0,813M,17.0,22754.0,2125.0
2872391,2872392,23.0,1161719,2,2,12,2,1.0,40.0,4.0,15.0,4.0,337,3.0,22754.0,2125.0
2872392,2872393,27.0,1161720,1,2,0,1,1.0,40.0,1.0,-9.0,4.0,813M,17.0,22751.0,2125.0
2872393,2872394,23.0,1161720,2,2,12,2,1.0,40.0,4.0,15.0,4.0,337,3.0,22751.0,2125.0
2872394,2872395,27.0,1161721,1,2,0,1,1.0,40.0,1.0,-9.0,4.0,813M,17.0,22752.0,2125.0
2872395,2872396,23.0,1161721,2,2,12,2,1.0,40.0,4.0,15.0,4.0,337,3.0,22752.0,2125.0
2872396,2872397,27.0,1161722,1,2,0,1,1.0,40.0,1.0,-9.0,4.0,813M,17.0,22752.0,2125.0
2872397,2872398,23.0,1161722,2,2,12,2,1.0,40.0,4.0,15.0,4.0,337,3.0,22752.0,2125.0
2872398,2872399,27.0,1161723,1,2,0,1,1.0,40.0,1.0,-9.0,4.0,813M,17.0,22754.0,2125.0
2872399,2872400,23.0,1161723,2,2,12,2,1.0,40.0,4.0,15.0,4.0,337,3.0,22754.0,2125.0
2872400,2872401,27.0,1161724,1,2,0,1,1.0,40.0,1.0,-9.0,4.0,813M,17.0,22753.0,2125.0
2872401,2872402,23.0,1161724,2,2,12,2,1.0,40.0,4.0,15.0,4.0,337,3.0,22753.0,2125.0
2872402,2872403,27.0,1161725,1,2,0,1,1.0,40.0,1.0,-9.0,4.0,813M,17.0,22754.0,2125.0
2872403,2872404,23.0,1161725,2,2,12,2,1.0,40.0,4.0,15.0,4.0,337,3.0,22754.0,2125.0
2872404,2872405,27.0,1161726,1,2,0,1,1.0,40.0,1.0,-9.0,4.0,813M,17.0,22752.0,2125.0
2872405,2872406,23.0,1161726,2,2,12,2,1.0,40.0,4.0,15.0,4.0,337,3.0,22752.0,2125.0
2872406,2872407,27.0,1161727,1,2,0,1,1.0,40.0,1.0,-9.0,4.0,813M,17.0,22750.0,2125.0
2872407,2872408,23.0,1161727,2,2,12,2,1.0,40.0,4.0,15.0,4.0,337,3.0,22750.0,2125.0
2872408,2872409,27.0,1161728,1,2,0,1,1.0,40.0,1.0,-9.0,4.0,813M,17.0,22752.0,2125.0
2872409,2872410,23.0,1161728,2,2,12,2,1.0,40.0,4.0,15.0,4.0,337,3.0,22752.0,2125.0
2872410,2872411,27.0,1161729,1,2,0,1,1.0,40.0,1.0,-9.0,4.0,813M,17.0,22749.0,2125.0
2872411,2872412,23.0,1161729,2,2,12,2,1.0,40.0,4.0,15.0,4.0,337,3.0,22749.0,2125.0
2872412,2872413,27.0,1161730,1,2,0,1,1.0,40.0,1.0,-9.0,4.0,813M,17.0,22753.0,2125.0
2872413,2872414,23.0,1161730,2,2,12,2,1.0,40.0,4.0,15.0,4.0,337,3.0,22753.0,2125.0
2872414,2872415,27.0,1161731,1,2,0,1,1.0,40.0,1.0,-9.0,4.0,813M,17.0,22753.0,2125.0
2872415,2872416,23.0,1161731,2,2,12,2,1.0,40.0,4.0,15.0,4.0,337,3.0,22753.0,2125.0
2872416,2872417,27.0,1161732,1,2,0,1,1.0,40.0,1.0,-9.0,4.0,813M,17.0,22753.0,2125.0
2872417,2872418,23.0,1161732,2,2,12,2,1.0,40.0,4.0,15.0,4.0,337,3.0,22753.0,2125.0
2872418,2872419,27.0,1161733,1,2,0,1,1.0,40.0,1.0,-9.0,4.0,813M,17.0,22753.0,2125.0
2872419,2872420,23.0,1161733,2,2,12,2,1.0,40.0,4.0,15.0,4.0,337,3.0,22753.0,2125.0
2872420,2872421,27.0,1161734,1,2,0,1,1.0,40.0,1.0,-9.0,4.0,813M,17.0,22749.0,2125.0
2872421,2872422,23.0,1161734,2,2,12,2,1.0,40.0,4.0,15.0,4.0,337,3.0,22749.0,2125.0
2872422,2872423,27.0,1161735,1,2,0,1,1.0,40.0,1.0,-9.0,4.0,813M,17.0,22750.0,2125.0
2872423,2872424,23.0,1161735,2,2,12,2,1.0,40.0,4.0,15.0,4.0,337,3.0,22750.0,2125.0
2872424,2872425,27.0,1161736,1,2,0,1,1.0,40.0,1.0,-9.0,4.0,813M,17.0,22749.0,2125.0
2872425,2872426,23.0,1161736,2,2,12,2,1.0,40.0,4.0,15.0,4.0,337,3.0,22749.0,2125.0
2872426,2872427,27.0,1161737,1,2,0,1,1.0,40.0,1.0,-9.0,4.0,813M,17.0,22751.0,2125.0
2872427,2872428,23.0,1161737,2,2,12,2,1.0,40.0,4.0,15.0,4.0,337,3.0,22751.0,2125.0
2872428,2872429,27.0,1161738,1,2,0,1,1.0,40.0,1.0,-9.0,4.0,813M,17.0,22751.0,2125.0
2872429,2872430,23.0,1161738,2,2,12,2,1.0,40.0,4.0,15.0,4.0,337,3.0,22751.0,2125.0
2872430,2872431,27.0,1161739,1,2,0,1,1.0,40.0,1.0,-9.0,4.0,813M,17.0,22750.0,2125.0
2872431,2872432,23.0,1161739,2,2,12,2,1.0,40.0,4.0,15.0,4.0,337,3.0,22750.0,2125.0
2872432,2872433,27.0,1161740,1,2,0,1,1.0,40.0,1.0,-9.0,4.0,813M,17.0,22754.0,2125.0
2872433,2872434,23.0,1161740,2,2,12,2,1.0,40.0,4.0,15.0,4.0,337,3.0,22754.0,2125.0
2872434,2872435,27.0,1161741,1,2,0,1,1.0,40.0,1.0,-9.0,4.0,813M,17.0,22752.0,2125.0
2872435,2872436,23.0,1161741,2,2,12,2,1.0,40.0,4.0,15.0,4.0,337,3.0,22752.0,2125.0
2872436,2872437,27.0,1161742,1,2,0,1,1.0,40.0,1.0,-9.0,4.0,813M,17.0,22754.0,2125.0
2872437,2872438,23.0,1161742,2,2,12,2,1.0,40.0,4.0,15.0,4.0,337,3.0,22754.0,2125.0
2872438,2872439,27.0,1161743,1,2,0,1,1.0,40.0,1.0,-9.0,4.0,813M,17.0,22750.0,2125.0
2872439,2872440,23.0,1161743,2,2,12,2,1.0,40.0,4.0,15.0,4.0,337,3.0,22750.0,2125.0
2872440,2872441,27.0,1161744,1,2,0,1,1.0,40.0,1.0,-9.0,4.0,813M,17.0,22750.0,2125.0
2872441,2872442,23.0,1161744,2,2,12,2,1.0,40.0,4.0,15.0,4.0,337,3.0,22750.0,2125.0
2872442,2872443,27.0,1161745,1,2,0,1,1.0,40.0,1.0,-9.0,4.0,813M,17.0,22754.0,2125.0
2872443,2872444,23.0,1161745,2,2,12,2,1.0,40.0,4.0,15.0,4.0,337,3.0,22754.0,2125.0
2872444,2872445,27.0,1161746,1,2,0,1,1.0,40.0,1.0,-9.0,4.0,813M,17.0,22750.0,2125.0
2872445,2872446,23.0,1161746,2,2,12,2,1.0,40.0,4.0,15.0,4.0,337,3.0,22750.0,2125.0
2872446,2872447,31.0,1161747,1,1,0,1,1.0,40.0,4.0,-9.0,4.0,611M1,13.0,22751.0,2125.0
2872447,2872448,24.0,1161747,2,2,1,1,6.0,-9.0,-9.0,-9.0,4.0,6111,13.0,22751.0,2125.0
2872448,2872449,31.0,1161748,1,1,0,1,1.0,40.0,4.0,-9.0,4.0,611M1,13.0,22750.0,2125.0
2872449,2872450,24.0,1161748,2,2,1,1,6.0,-9.0,-9.0,-9.0,4.0,6111,13.0,22750.0,2125.0
2872450,2872451,31.0,1161749,1,1,0,1,1.0,40.0,4.0,-9.0,4.0,611M1,13.0,22754.0,2125.0
2872451,2872452,24.0,1161749,2,2,1,1,6.0,-9.0,-9.0,-9.0,4.0,6111,13.0,22754.0,2125.0
2872452,2872453,31.0,1161750,1,1,0,1,1.0,40.0,4.0,-9.0,4.0,611M1,13.0,22750.0,2125.0
2872453,2872454,24.0,1161750,2,2,1,1,6.0,-9.0,-9.0,-9.0,4.0,6111,13.0,22750.0,2125.0
2872454,2872455,31.0,1161751,1,1,0,1,1.0,40.0,4.0,-9.0,4.0,611M1,13.0,22753.0,2125.0
2872455,2872456,24.0,1161751,2,2,1,1,6.0,-9.0,-9.0,-9.0,4.0,6111,13.0,22753.0,2125.0
2872456,2872457,31.0,1161752,1,1,0,1,1.0,40.0,4.0,-9.0,4.0,611M1,13.0,22751.0,2125.0
2872457,2872458,24.0,1161752,2,2,1,1,6.0,-9.0,-9.0,-9.0,4.0,6111,13.0,22751.0,2125.0
2872458,2872459,31.0,1161753,1,1,0,1,1.0,40.0,4.0,-9.0,4.0,611M1,13.0,22752.0,2125.0
2872459,2872460,24.0,1161753,2,2,1,1,6.0,-9.0,-9.0,-9.0,4.0,6111,13.0,22752.0,2125.0
2872460,2872461,31.0,1161754,1,1,0,1,1.0,40.0,4.0,-9.0,4.0,611M1,13.0,22753.0,2125.0
2872461,2872462,24.0,1161754,2,2,1,1,6.0,-9.0,-9.0,-9.0,4.0,6111,13.0,22753.0,2125.0
2872462,2872463,31.0,1161755,1,1,0,1,1.0,40.0,4.0,-9.0,4.0,611M1,13.0,22754.0,2125.0
2872463,2872464,24.0,1161755,2,2,1,1,6.0,-9.0,-9.0,-9.0,4.0,6111,13.0,22754.0,2125.0
2872464,2872465,31.0,1161756,1,1,0,1,1.0,40.0,4.0,-9.0,4.0,611M1,13.0,22751.0,2125.0
2872465,2872466,24.0,1161756,2,2,1,1,6.0,-9.0,-9.0,-9.0,4.0,6111,13.0,22751.0,2125.0
2872466,2872467,31.0,1161757,1,1,0,1,1.0,40.0,4.0,-9.0,4.0,611M1,13.0,22753.0,2125.0
2872467,2872468,24.0,1161757,2,2,1,1,6.0,-9.0,-9.0,-9.0,4.0,6111,13.0,22753.0,2125.0
2872468,2872469,31.0,1161758,1,1,0,1,1.0,40.0,4.0,-9.0,4.0,611M1,13.0,22752.0,2125.0
2872469,2872470,24.0,1161758,2,2,1,1,6.0,-9.0,-9.0,-9.0,4.0,6111,13.0,22752.0,2125.0
2872470,2872471,31.0,1161759,1,1,0,1,1.0,40.0,4.0,-9.0,4.0,611M1,13.0,22754.0,2125.0
2872471,2872472,24.0,1161759,2,2,1,1,6.0,-9.0,-9.0,-9.0,4.0,6111,13.0,22754.0,2125.0
2872472,2872473,31.0,1161760,1,1,0,1,1.0,40.0,4.0,-9.0,4.0,611M1,13.0,22753.0,2125.0
2872473,2872474,24.0,1161760,2,2,1,1,6.0,-9.0,-9.0,-9.0,4.0,6111,13.0,22753.0,2125.0
2872474,2872475,31.0,1161761,1,1,0,1,1.0,40.0,4.0,-9.0,4.0,611M1,13.0,22749.0,2125.0
2872475,2872476,24.0,1161761,2,2,1,1,6.0,-9.0,-9.0,-9.0,4.0,6111,13.0,22749.0,2125.0
2872476,2872477,31.0,1161762,1,1,0,1,1.0,40.0,4.0,-9.0,4.0,611M1,13.0,22752.0,2125.0
2872477,2872478,24.0,1161762,2,2,1,1,6.0,-9.0,-9.0,-9.0,4.0,6111,13.0,22752.0,2125.0
2872478,2872479,31.0,1161763,1,1,0,1,1.0,40.0,4.0,-9.0,4.0,611M1,13.0,22753.0,2125.0
2872479,2872480,24.0,1161763,2,2,1,1,6.0,-9.0,-9.0,-9.0,4.0,6111,13.0,22753.0,2125.0
2872480,2872481,31.0,1161764,1,1,0,1,1.0,40.0,4.0,-9.0,4.0,611M1,13.0,22751.0,2125.0
2872481,2872482,24.0,1161764,2,2,1,1,6.0,-9.0,-9.0,-9.0,4.0,6111,13.0,22751.0,2125.0
2872482,2872483,31.0,1161765,1,1,0,1,1.0,40.0,4.0,-9.0,4.0,611M1,13.0,22751.0,2125.0
2872483,2872484,24.0,1161765,2,2,1,1,6.0,-9.0,-9.0,-9.0,4.0,6111,13.0,22751.0,2125.0
2872484,2872485,31.0,1161766,1,1,0,1,1.0,40.0,4.0,-9.0,4.0,611M1,13.0,22750.0,2125.0
2872485,2872486,24.0,1161766,2,2,1,1,6.0,-9.0,-9.0,-9.0,4.0,6111,13.0,22750.0,2125.0
2872486,2872487,31.0,1161767,1,1,0,1,1.0,40.0,4.0,-9.0,4.0,611M1,13.0,22750.0,2125.0
2872487,2872488,24.0,1161767,2,2,1,1,6.0,-9.0,-9.0,-9.0,4.0,6111,13.0,22750.0,2125.0
2872488,2872489,31.0,1161768,1,1,0,1,1.0,40.0,4.0,-9.0,4.0,611M1,13.0,22753.0,2125.0
2872489,2872490,24.0,1161768,2,2,1,1,6.0,-9.0,-9.0,-9.0,4.0,6111,13.0,22753.0,2125.0
2872490,2872491,31.0,1161769,1,1,0,1,1.0,40.0,4.0,-9.0,4.0,611M1,13.0,22750.0,2125.0
2872491,2872492,24.0,1161769,2,2,1,1,6.0,-9.0,-9.0,-9.0,4.0,6111,13.0,22750.0,2125.0
2872492,2872493,20.0,1161770,1,1,0,2,1.0,50.0,1.0,-9.0,4.0,51111,8.0,22751.0,2125.0
2872493,2872494,23.0,1161771,1,2,0,1,1.0,47.0,1.0,-9.0,4.0,611M1,13.0,22753.0,2125.0
2872494,2872495,26.0,1161771,2,1,1,1,1.0,40.0,1.0,-9.0,4.0,5417,10.0,22753.0,2125.0
2872495,2872496,23.0,1161772,1,2,0,1,1.0,47.0,1.0,-9.0,4.0,611M1,13.0,22750.0,2125.0
2872496,2872497,26.0,1161772,2,1,1,1,1.0,40.0,1.0,-9.0,4.0,5417,10.0,22750.0,2125.0
2872497,2872498,23.0,1161773,1,2,0,1,1.0,47.0,1.0,-9.0,4.0,611M1,13.0,22752.0,2125.0
2872498,2872499,26.0,1161773,2,1,1,1,1.0,40.0,1.0,-9.0,4.0,5417,10.0,22752.0,2125.0
2872499,2872500,23.0,1161774,1,2,0,1,1.0,47.0,1.0,-9.0,4.0,611M1,13.0,22751.0,2125.0
2872500,2872501,26.0,1161774,2,1,1,1,1.0,40.0,1.0,-9.0,4.0,5417,10.0,22751.0,2125.0
2872501,2872502,23.0,1161775,1,2,0,1,1.0,47.0,1.0,-9.0,4.0,611M1,13.0,22752.0,2125.0
2872502,2872503,26.0,1161775,2,1,1,1,1.0,40.0,1.0,-9.0,4.0,5417,10.0,22752.0,2125.0
2872503,2872504,23.0,1161776,1,2,0,1,1.0,47.0,1.0,-9.0,4.0,611M1,13.0,22749.0,2125.0
2872504,2872505,26.0,1161776,2,1,1,1,1.0,40.0,1.0,-9.0,4.0,5417,10.0,22749.0,2125.0
2872505,2872506,23.0,1161777,1,2,0,1,1.0,47.0,1.0,-9.0,4.0,611M1,13.0,22754.0,2125.0
2872506,2872507,26.0,1161777,2,1,1,1,1.0,40.0,1.0,-9.0,4.0,5417,10.0,22754.0,2125.0
2872507,2872508,23.0,1161778,1,2,0,1,1.0,47.0,1.0,-9.0,4.0,611M1,13.0,22752.0,2125.0
2872508,2872509,26.0,1161778,2,1,1,1,1.0,40.0,1.0,-9.0,4.0,5417,10.0,22752.0,2125.0
2872509,2872510,23.0,1161779,1,2,0,1,1.0,47.0,1.0,-9.0,4.0,611M1,13.0,22749.0,2125.0
2872510,2872511,26.0,1161779,2,1,1,1,1.0,40.0,1.0,-9.0,4.0,5417,10.0,22749.0,2125.0
2872511,2872512,23.0,1161780,1,2,0,1,1.0,47.0,1.0,-9.0,4.0,611M1,13.0,22750.0,2125.0
2872512,2872513,26.0,1161780,2,1,1,1,1.0,40.0,1.0,-9.0,4.0,5417,10.0,22750.0,2125.0
2872513,2872514,23.0,1161781,1,2,0,1,1.0,47.0,1.0,-9.0,4.0,611M1,13.0,22750.0,2125.0
2872514,2872515,26.0,1161781,2,1,1,1,1.0,40.0,1.0,-9.0,4.0,5417,10.0,22750.0,2125.0
2872515,2872516,23.0,1161782,1,2,0,1,1.0,47.0,1.0,-9.0,4.0,611M1,13.0,22754.0,2125.0
2872516,2872517,26.0,1161782,2,1,1,1,1.0,40.0,1.0,-9.0,4.0,5417,10.0,22754.0,2125.0
2872517,2872518,23.0,1161783,1,2,0,1,1.0,47.0,1.0,-9.0,4.0,611M1,13.0,22749.0,2125.0
2872518,2872519,26.0,1161783,2,1,1,1,1.0,40.0,1.0,-9.0,4.0,5417,10.0,22749.0,2125.0
2872519,2872520,23.0,1161784,1,2,0,1,1.0,47.0,1.0,-9.0,4.0,611M1,13.0,22752.0,2125.0
2872520,2872521,26.0,1161784,2,1,1,1,1.0,40.0,1.0,-9.0,4.0,5417,10.0,22752.0,2125.0
2872521,2872522,23.0,1161785,1,2,0,1,1.0,47.0,1.0,-9.0,4.0,611M1,13.0,22750.0,2125.0
2872522,2872523,26.0,1161785,2,1,1,1,1.0,40.0,1.0,-9.0,4.0,5417,10.0,22750.0,2125.0
2872523,2872524,23.0,1161786,1,2,0,1,1.0,47.0,1.0,-9.0,4.0,611M1,13.0,22750.0,2125.0
2872524,2872525,26.0,1161786,2,1,1,1,1.0,40.0,1.0,-9.0,4.0,5417,10.0,22750.0,2125.0
2872525,2872526,75.0,1161787,1,2,0,2,6.0,-9.0,-9.0,-9.0,4.0,-9,0.0,22755.0,2126.0
2872526,2872527,75.0,1161788,1,2,0,2,6.0,-9.0,-9.0,-9.0,4.0,-9,0.0,22756.0,2126.0
2872527,2872528,75.0,1161789,1,2,0,2,6.0,-9.0,-9.0,-9.0,4.0,-9,0.0,22755.0,2126.0
2872528,2872529,75.0,1161790,1,2,0,2,6.0,-9.0,-9.0,-9.0,4.0,-9,0.0,22755.0,2126.0
2872529,2872530,80.0,1161791,1,2,0,2,6.0,-9.0,-9.0,-9.0,4.0,-9,0.0,22755.0,2126.0
2872530,2872531,72.0,1161792,1,2,0,2,6.0,-9.0,-9.0,-9.0,4.0,-9,0.0,22755.0,2126.0
2872531,2872532,72.0,1161793,1,2,0,2,6.0,-9.0,-9.0,-9.0,4.0,-9,0.0,22755.0,2126.0
2872532,2872533,80.0,1161794,1,2,0,2,6.0,-9.0,-9.0,-9.0,4.0,-9,0.0,22755.0,2126.0
2872533,2872534,80.0,1161795,1,2,0,2,6.0,-9.0,-9.0,-9.0,4.0,-9,0.0,22755.0,2126.0
2872534,2872535,72.0,1161796,1,2,0,2,6.0,-9.0,-9.0,-9.0,4.0,-9,0.0,22755.0,2126.0
2872535,2872536,79.0,1161797,1,2,0,2,6.0,-9.0,-9.0,-9.0,4.0,-9,0.0,22755.0,2126.0
2872536,2872537,52.0,1161797,2,2,2,2,1.0,40.0,1.0,-9.0,2.0,923,18.0,22755.0,2126.0
2872537,2872538,22.0,1161797,3,2,7,2,1.0,12.0,5.0,-9.0,4.0,6213ZM,14.0,22755.0,2126.0
2872538,2872539,19.0,1161797,4,1,7,2,1.0,10.0,6.0,15.0,4.0,722Z,16.0,22755.0,2126.0
2872539,2872540,79.0,1161798,1,2,0,2,6.0,-9.0,-9.0,-9.0,4.0,-9,0.0,22755.0,2126.0
2872540,2872541,52.0,1161798,2,2,2,2,1.0,40.0,1.0,-9.0,2.0,923,18.0,22755.0,2126.0
2872541,2872542,22.0,1161798,3,2,7,2,1.0,12.0,5.0,-9.0,4.0,6213ZM,14.0,22755.0,2126.0
2872542,2872543,19.0,1161798,4,1,7,2,1.0,10.0,6.0,15.0,4.0,722Z,16.0,22755.0,2126.0
2872543,2872544,79.0,1161799,1,2,0,2,6.0,-9.0,-9.0,-9.0,4.0,-9,0.0,22756.0,2126.0
2872544,2872545,52.0,1161799,2,2,2,2,1.0,40.0,1.0,-9.0,2.0,923,18.0,22756.0,2126.0
2872545,2872546,22.0,1161799,3,2,7,2,1.0,12.0,5.0,-9.0,4.0,6213ZM,14.0,22756.0,2126.0
2872546,2872547,19.0,1161799,4,1,7,2,1.0,10.0,6.0,15.0,4.0,722Z,16.0,22756.0,2126.0
2872547,2872548,79.0,1161800,1,2,0,2,6.0,-9.0,-9.0,-9.0,4.0,-9,0.0,22755.0,2126.0
2872548,2872549,52.0,1161800,2,2,2,2,1.0,40.0,1.0,-9.0,2.0,923,18.0,22755.0,2126.0
2872549,2872550,22.0,1161800,3,2,7,2,1.0,12.0,5.0,-9.0,4.0,6213ZM,14.0,22755.0,2126.0
2872550,2872551,19.0,1161800,4,1,7,2,1.0,10.0,6.0,15.0,4.0,722Z,16.0,22755.0,2126.0
2872551,2872552,79.0,1161801,1,2,0,2,6.0,-9.0,-9.0,-9.0,4.0,-9,0.0,22755.0,2126.0
2872552,2872553,52.0,1161801,2,2,2,2,1.0,40.0,1.0,-9.0,2.0,923,18.0,22755.0,2126.0
2872553,2872554,22.0,1161801,3,2,7,2,1.0,12.0,5.0,-9.0,4.0,6213ZM,14.0,22755.0,2126.0
2872554,2872555,19.0,1161801,4,1,7,2,1.0,10.0,6.0,15.0,4.0,722Z,16.0,22755.0,2126.0
2872555,2872556,79.0,1161802,1,2,0,2,6.0,-9.0,-9.0,-9.0,4.0,-9,0.0,22755.0,2126.0
2872556,2872557,52.0,1161802,2,2,2,2,1.0,40.0,1.0,-9.0,2.0,923,18.0,22755.0,2126.0
2872557,2872558,22.0,1161802,3,2,7,2,1.0,12.0,5.0,-9.0,4.0,6213ZM,14.0,22755.0,2126.0
2872558,2872559,19.0,1161802,4,1,7,2,1.0,10.0,6.0,15.0,4.0,722Z,16.0,22755.0,2126.0
2872559,2872560,66.0,1161803,1,2,0,1,1.0,50.0,3.0,-9.0,4.0,611M1,13.0,22755.0,2126.0
2872560,2872561,66.0,1161804,1,2,0,1,1.0,50.0,3.0,-9.0,4.0,611M1,13.0,22755.0,2126.0
2872561,2872562,65.0,1161805,1,1,0,1,1.0,40.0,1.0,-9.0,4.0,611M1,13.0,22755.0,2126.0
2872562,2872563,65.0,1161806,1,2,0,1,1.0,40.0,1.0,-9.0,4.0,611M1,13.0,22755.0,2126.0
2872563,2872564,66.0,1161807,1,2,0,1,1.0,36.0,1.0,-9.0,4.0,622M,15.0,22755.0,2126.0
2872564,2872565,65.0,1161808,1,2,0,1,1.0,40.0,1.0,-9.0,4.0,611M1,13.0,22755.0,2126.0
2872565,2872566,66.0,1161809,1,2,0,1,1.0,36.0,1.0,-9.0,4.0,622M,15.0,22755.0,2126.0
2872566,2872567,66.0,1161810,1,2,0,1,1.0,36.0,1.0,-9.0,4.0,622M,15.0,22755.0,2126.0
2872567,2872568,66.0,1161811,1,2,0,1,1.0,40.0,2.0,-9.0,4.0,611M1,13.0,22755.0,2126.0
2872568,2872569,66.0,1161812,1,2,0,1,1.0,40.0,2.0,-9.0,4.0,611M1,13.0,22755.0,2126.0
2872569,2872570,66.0,1161813,1,2,0,1,1.0,40.0,2.0,-9.0,4.0,611M1,13.0,22755.0,2126.0
2872570,2872571,66.0,1161814,1,2,0,1,1.0,36.0,1.0,-9.0,4.0,622M,15.0,22755.0,2126.0
2872571,2872572,66.0,1161815,1,2,0,1,1.0,40.0,2.0,-9.0,4.0,611M1,13.0,22755.0,2126.0
2872572,2872573,65.0,1161816,1,2,0,1,1.0,40.0,1.0,-9.0,4.0,611M1,13.0,22755.0,2126.0
2872573,2872574,66.0,1161817,1,2,0,1,1.0,40.0,2.0,-9.0,4.0,611M1,13.0,22755.0,2126.0
2872574,2872575,66.0,1161818,1,2,0,1,1.0,36.0,1.0,-9.0,4.0,622M,15.0,22755.0,2126.0
2872575,2872576,66.0,1161819,1,2,0,1,1.0,40.0,2.0,-9.0,4.0,611M1,13.0,22755.0,2126.0
2872576,2872577,66.0,1161820,1,2,0,1,1.0,36.0,1.0,-9.0,4.0,622M,15.0,22755.0,2126.0
2872577,2872578,66.0,1161821,1,2,0,1,1.0,36.0,1.0,-9.0,4.0,622M,15.0,22755.0,2126.0
2872578,2872579,88.0,1161822,1,2,0,1,6.0,-9.0,-9.0,-9.0,4.0,-9,0.0,22755.0,2126.0
2872579,2872580,82.0,1161823,1,2,0,1,6.0,-9.0,-9.0,-9.0,4.0,-9,0.0,22755.0,2126.0
2872580,2872581,67.0,1161824,1,2,0,1,6.0,-9.0,-9.0,-9.0,4.0,-9,0.0,22755.0,2126.0
2872581,2872582,88.0,1161825,1,2,0,1,6.0,-9.0,-9.0,-9.0,4.0,-9,0.0,22755.0,2126.0
2872582,2872583,67.0,1161826,1,2,0,1,6.0,-9.0,-9.0,-9.0,4.0,-9,0.0,22755.0,2126.0
2872583,2872584,80.0,1161827,1,2,0,1,6.0,-9.0,-9.0,-9.0,4.0,-9,0.0,22755.0,2126.0
2872584,2872585,80.0,1161828,1,2,0,1,6.0,-9.0,-9.0,-9.0,4.0,-9,0.0,22755.0,2126.0
2872585,2872586,80.0,1161829,1,2,0,1,6.0,-9.0,-9.0,-9.0,4.0,-9,0.0,22755.0,2126.0
2872586,2872587,79.0,1161830,1,2,0,1,6.0,-9.0,-9.0,-9.0,4.0,-9,0.0,22755.0,2126.0
2872587,2872588,76.0,1161831,1,2,0,1,6.0,-9.0,-9.0,-9.0,4.0,-9,0.0,22755.0,2126.0
2872588,2872589,94.0,1161832,1,2,0,1,6.0,-9.0,-9.0,-9.0,4.0,-9,0.0,22755.0,2126.0
2872589,2872590,79.0,1161833,1,2,0,1,6.0,-9.0,-9.0,-9.0,4.0,-9,0.0,22755.0,2126.0
2872590,2872591,67.0,1161834,1,2,0,1,6.0,-9.0,-9.0,-9.0,4.0,-9,0.0,22755.0,2126.0
2872591,2872592,76.0,1161835,1,2,0,1,6.0,-9.0,-9.0,-9.0,4.0,-9,0.0,22755.0,2126.0
2872592,2872593,88.0,1161836,1,2,0,1,6.0,-9.0,-9.0,-9.0,4.0,-9,0.0,22755.0,2126.0
2872593,2872594,79.0,1161837,1,2,0,1,6.0,-9.0,-9.0,-9.0,4.0,-9,0.0,22755.0,2126.0
2872594,2872595,80.0,1161838,1,2,0,1,6.0,-9.0,-9.0,-9.0,4.0,-9,0.0,22755.0,2126.0
2872595,2872596,80.0,1161839,1,2,0,1,6.0,-9.0,-9.0,-9.0,4.0,-9,0.0,22755.0,2126.0
2872596,2872597,80.0,1161840,1,2,0,1,6.0,-9.0,-9.0,-9.0,4.0,-9,0.0,22755.0,2126.0
2872597,2872598,82.0,1161841,1,2,0,1,6.0,-9.0,-9.0,-9.0,4.0,-9,0.0,22755.0,2126.0
2872598,2872599,80.0,1161842,1,2,0,1,6.0,-9.0,-9.0,-9.0,4.0,-9,0.0,22755.0,2126.0
2872599,2872600,82.0,1161843,1,2,0,1,6.0,-9.0,-9.0,-9.0,4.0,-9,0.0,22755.0,2126.0
2872600,2872601,94.0,1161844,1,2,0,1,6.0,-9.0,-9.0,-9.0,4.0,-9,0.0,22755.0,2126.0
2872601,2872602,79.0,1161845,1,2,0,1,6.0,-9.0,-9.0,-9.0,4.0,-9,0.0,22755.0,2126.0
2872602,2872603,67.0,1161846,1,2,0,1,6.0,-9.0,-9.0,-9.0,4.0,-9,0.0,22755.0,2126.0
2872603,2872604,80.0,1161847,1,2,0,1,6.0,-9.0,-9.0,-9.0,4.0,-9,0.0,22756.0,2126.0
2872604,2872605,80.0,1161848,1,2,0,1,6.0,-9.0,-9.0,-9.0,4.0,-9,0.0,22755.0,2126.0
2872605,2872606,80.0,1161849,1,2,0,1,6.0,-9.0,-9.0,-9.0,4.0,-9,0.0,22755.0,2126.0
2872606,2872607,80.0,1161850,1,2,0,1,6.0,-9.0,-9.0,-9.0,4.0,-9,0.0,22755.0,2126.0
2872607,2872608,79.0,1161851,1,2,0,1,6.0,-9.0,-9.0,-9.0,4.0,-9,0.0,22755.0,2126.0
2872608,2872609,79.0,1161852,1,2,0,1,6.0,-9.0,-9.0,-9.0,4.0,-9,0.0,22755.0,2126.0
2872609,2872610,69.0,1161853,1,2,0,1,6.0,-9.0,-9.0,-9.0,4.0,-9,0.0,22755.0,2126.0
2872610,2872611,88.0,1161854,1,2,0,1,6.0,-9.0,-9.0,-9.0,4.0,-9,0.0,22755.0,2126.0
2872611,2872612,69.0,1161855,1,2,0,1,6.0,-9.0,-9.0,-9.0,4.0,-9,0.0,22755.0,2126.0
2872612,2872613,94.0,1161856,1,2,0,1,6.0,-9.0,-9.0,-9.0,4.0,-9,0.0,22755.0,2126.0
2872613,2872614,67.0,1161857,1,2,0,1,6.0,-9.0,-9.0,-9.0,4.0,-9,0.0,22755.0,2126.0
2872614,2872615,79.0,1161858,1,2,0,1,6.0,-9.0,-9.0,-9.0,4.0,-9,0.0,22755.0,2126.0
2872615,2872616,80.0,1161859,1,2,0,1,6.0,-9.0,-9.0,-9.0,4.0,-9,0.0,22755.0,2126.0
2872616,2872617,67.0,1161860,1,2,0,1,6.0,-9.0,-9.0,-9.0,4.0,-9,0.0,22755.0,2126.0
2872617,2872618,94.0,1161861,1,2,0,1,6.0,-9.0,-9.0,-9.0,4.0,-9,0.0,22755.0,2126.0
2872618,2872619,94.0,1161862,1,2,0,1,6.0,-9.0,-9.0,-9.0,4.0,-9,0.0,22755.0,2126.0
2872619,2872620,88.0,1161863,1,2,0,1,6.0,-9.0,-9.0,-9.0,4.0,-9,0.0,22755.0,2126.0
2872620,2872621,80.0,1161864,1,2,0,1,6.0,-9.0,-9.0,-9.0,4.0,-9,0.0,22755.0,2126.0
2872621,2872622,69.0,1161865,1,2,0,1,6.0,-9.0,-9.0,-9.0,4.0,-9,0.0,22755.0,2126.0
2872622,2872623,80.0,1161866,1,2,0,1,6.0,-9.0,-9.0,-9.0,4.0,-9,0.0,22755.0,2126.0
2872623,2872624,80.0,1161867,1,2,0,1,6.0,-9.0,-9.0,-9.0,4.0,-9,0.0,22755.0,2126.0
2872624,2872625,80.0,1161868,1,2,0,1,6.0,-9.0,-9.0,-9.0,4.0,-9,0.0,22755.0,2126.0
2872625,2872626,76.0,1161869,1,2,0,1,6.0,-9.0,-9.0,-9.0,4.0,-9,0.0,22755.0,2126.0
2872626,2872627,80.0,1161870,1,2,0,1,6.0,-9.0,-9.0,-9.0,4.0,-9,0.0,22755.0,2126.0
2872627,2872628,80.0,1161871,1,2,0,1,6.0,-9.0,-9.0,-9.0,4.0,-9,0.0,22755.0,2126.0
2872628,2872629,80.0,1161872,1,2,0,1,6.0,-9.0,-9.0,-9.0,4.0,-9,0.0,22755.0,2126.0
2872629,2872630,88.0,1161873,1,2,0,1,6.0,-9.0,-9.0,-9.0,4.0,-9,0.0,22755.0,2126.0
2872630,2872631,80.0,1161874,1,2,0,1,6.0,-9.0,-9.0,-9.0,4.0,-9,0.0,22755.0,2126.0
2872631,2872632,69.0,1161875,1,2,0,1,6.0,-9.0,-9.0,-9.0,4.0,-9,0.0,22755.0,2126.0
2872632,2872633,79.0,1161876,1,2,0,1,6.0,-9.0,-9.0,-9.0,4.0,-9,0.0,22755.0,2126.0
2872633,2872634,79.0,1161877,1,2,0,1,6.0,-9.0,-9.0,-9.0,4.0,-9,0.0,22755.0,2126.0
2872634,2872635,94.0,1161878,1,2,0,1,6.0,-9.0,-9.0,-9.0,4.0,-9,0.0,22755.0,2126.0
2872635,2872636,80.0,1161879,1,2,0,1,6.0,-9.0,-9.0,-9.0,4.0,-9,0.0,22755.0,2126.0
2872636,2872637,69.0,1161880,1,2,0,1,6.0,-9.0,-9.0,-9.0,4.0,-9,0.0,22755.0,2126.0
2872637,2872638,80.0,1161881,1,2,0,1,6.0,-9.0,-9.0,-9.0,4.0,-9,0.0,22755.0,2126.0
2872638,2872639,67.0,1161882,1,2,0,1,6.0,-9.0,-9.0,-9.0,4.0,-9,0.0,22755.0,2126.0
2872639,2872640,67.0,1161883,1,2,0,1,6.0,-9.0,-9.0,-9.0,4.0,-9,0.0,22755.0,2126.0
2872640,2872641,67.0,1161884,1,2,0,1,6.0,-9.0,-9.0,-9.0,4.0,-9,0.0,22755.0,2126.0
2872641,2872642,80.0,1161885,1,2,0,1,6.0,-9.0,-9.0,-9.0,4.0,-9,0.0,22756.0,2126.0
2872642,2872643,79.0,1161886,1,2,0,1,6.0,-9.0,-9.0,-9.0,4.0,-9,0.0,22755.0,2126.0
2872643,2872644,76.0,1161887,1,2,0,1,6.0,-9.0,-9.0,-9.0,4.0,-9,0.0,22755.0,2126.0
2872644,2872645,79.0,1161888,1,2,0,1,6.0,-9.0,-9.0,-9.0,4.0,-9,0.0,22755.0,2126.0
2872645,2872646,79.0,1161889,1,2,0,1,6.0,-9.0,-9.0,-9.0,4.0,-9,0.0,22755.0,2126.0
2872646,2872647,67.0,1161890,1,2,0,1,6.0,-9.0,-9.0,-9.0,4.0,-9,0.0,22755.0,2126.0
2872647,2872648,79.0,1161891,1,2,0,1,6.0,-9.0,-9.0,-9.0,4.0,-9,0.0,22755.0,2126.0
2872648,2872649,94.0,1161892,1,2,0,1,6.0,-9.0,-9.0,-9.0,4.0,-9,0.0,22755.0,2126.0
2872649,2872650,80.0,1161893,1,2,0,1,6.0,-9.0,-9.0,-9.0,4.0,-9,0.0,22755.0,2126.0
2872650,2872651,67.0,1161894,1,2,0,1,6.0,-9.0,-9.0,-9.0,4.0,-9,0.0,22755.0,2126.0
2872651,2872652,80.0,1161895,1,2,0,1,6.0,-9.0,-9.0,-9.0,4.0,-9,0.0,22755.0,2126.0
2872652,2872653,67.0,1161896,1,2,0,1,6.0,-9.0,-9.0,-9.0,4.0,-9,0.0,22755.0,2126.0
2872653,2872654,79.0,1161897,1,2,0,1,6.0,-9.0,-9.0,-9.0,4.0,-9,0.0,22755.0,2126.0
2872654,2872655,80.0,1161898,1,2,0,1,6.0,-9.0,-9.0,-9.0,4.0,-9,0.0,22755.0,2126.0
2872655,2872656,65.0,1161899,1,2,0,1,1.0,35.0,3.0,-9.0,4.0,6111,13.0,22755.0,2126.0
2872656,2872657,75.0,1161900,1,2,0,1,1.0,30.0,1.0,-9.0,4.0,531M,9.0,22755.0,2126.0
2872657,2872658,75.0,1161901,1,2,0,1,2.0,40.0,4.0,-9.0,4.0,6231,14.0,22755.0,2126.0
2872658,2872659,65.0,1161902,1,2,0,1,1.0,40.0,1.0,-9.0,4.0,611M1,13.0,22755.0,2126.0
2872659,2872660,75.0,1161903,1,2,0,1,2.0,40.0,4.0,-9.0,4.0,6231,14.0,22755.0,2126.0
2872660,2872661,65.0,1161904,1,2,0,1,1.0,40.0,1.0,-9.0,4.0,611M1,13.0,22755.0,2126.0
2872661,2872662,81.0,1161905,1,2,0,1,6.0,-9.0,-9.0,-9.0,4.0,-9,0.0,22755.0,2126.0
2872662,2872663,87.0,1161906,1,2,0,1,6.0,-9.0,-9.0,-9.0,4.0,-9,0.0,22755.0,2126.0
2872663,2872664,79.0,1161907,1,2,0,1,6.0,-9.0,-9.0,-9.0,4.0,-9,0.0,22755.0,2126.0
2872664,2872665,76.0,1161908,1,2,0,1,6.0,-9.0,-9.0,-9.0,4.0,-9,0.0,22756.0,2126.0
2872665,2872666,89.0,1161909,1,2,0,1,6.0,-9.0,-9.0,-9.0,4.0,-9,0.0,22755.0,2126.0
2872666,2872667,74.0,1161910,1,2,0,1,6.0,-9.0,-9.0,-9.0,4.0,611M1,13.0,22755.0,2126.0
2872667,2872668,71.0,1161911,1,2,0,1,6.0,-9.0,-9.0,-9.0,4.0,622M,15.0,22755.0,2126.0
2872668,2872669,45.0,1161912,1,2,0,4,6.0,-9.0,-9.0,-9.0,4.0,-9,0.0,22755.0,2126.0
2872669,2872670,28.0,1161912,2,2,2,2,6.0,-9.0,-9.0,-9.0,4.0,-9,0.0,22755.0,2126.0
2872670,2872671,23.0,1161912,3,1,2,2,1.0,30.0,1.0,-9.0,4.0,4413,5.0,22755.0,2126.0
2872671,2872672,4.0,1161912,4,1,7,4,-9.0,-9.0,-9.0,1.0,-9.0,-9,0.0,22755.0,2126.0
2872672,2872673,4.0,1161912,5,1,7,4,-9.0,-9.0,-9.0,1.0,-9.0,-9,0.0,22755.0,2126.0
2872673,2872674,2.0,1161912,6,1,7,4,-9.0,-9.0,-9.0,-9.0,-9.0,-9,0.0,22755.0,2126.0
2872674,2872675,45.0,1161913,1,2,0,4,6.0,-9.0,-9.0,-9.0,4.0,-9,0.0,22755.0,2126.0
2872675,2872676,28.0,1161913,2,2,2,2,6.0,-9.0,-9.0,-9.0,4.0,-9,0.0,22755.0,2126.0
2872676,2872677,23.0,1161913,3,1,2,2,1.0,30.0,1.0,-9.0,4.0,4413,5.0,22755.0,2126.0
2872677,2872678,4.0,1161913,4,1,7,4,-9.0,-9.0,-9.0,1.0,-9.0,-9,0.0,22755.0,2126.0
2872678,2872679,4.0,1161913,5,1,7,4,-9.0,-9.0,-9.0,1.0,-9.0,-9,0.0,22755.0,2126.0
2872679,2872680,2.0,1161913,6,1,7,4,-9.0,-9.0,-9.0,-9.0,-9.0,-9,0.0,22755.0,2126.0
2872680,2872681,45.0,1161914,1,2,0,4,6.0,-9.0,-9.0,-9.0,4.0,-9,0.0,22755.0,2126.0
2872681,2872682,28.0,1161914,2,2,2,2,6.0,-9.0,-9.0,-9.0,4.0,-9,0.0,22755.0,2126.0
2872682,2872683,23.0,1161914,3,1,2,2,1.0,30.0,1.0,-9.0,4.0,4413,5.0,22755.0,2126.0
2872683,2872684,4.0,1161914,4,1,7,4,-9.0,-9.0,-9.0,1.0,-9.0,-9,0.0,22755.0,2126.0
2872684,2872685,4.0,1161914,5,1,7,4,-9.0,-9.0,-9.0,1.0,-9.0,-9,0.0,22755.0,2126.0
2872685,2872686,2.0,1161914,6,1,7,4,-9.0,-9.0,-9.0,-9.0,-9.0,-9,0.0,22755.0,2126.0
2872686,2872687,45.0,1161915,1,2,0,4,6.0,-9.0,-9.0,-9.0,4.0,-9,0.0,22755.0,2126.0
2872687,2872688,28.0,1161915,2,2,2,2,6.0,-9.0,-9.0,-9.0,4.0,-9,0.0,22755.0,2126.0
2872688,2872689,23.0,1161915,3,1,2,2,1.0,30.0,1.0,-9.0,4.0,4413,5.0,22755.0,2126.0
2872689,2872690,4.0,1161915,4,1,7,4,-9.0,-9.0,-9.0,1.0,-9.0,-9,0.0,22755.0,2126.0
2872690,2872691,4.0,1161915,5,1,7,4,-9.0,-9.0,-9.0,1.0,-9.0,-9,0.0,22755.0,2126.0
2872691,2872692,2.0,1161915,6,1,7,4,-9.0,-9.0,-9.0,-9.0,-9.0,-9,0.0,22755.0,2126.0
2872692,2872693,45.0,1161916,1,2,0,4,6.0,-9.0,-9.0,-9.0,4.0,-9,0.0,22755.0,2126.0
2872693,2872694,28.0,1161916,2,2,2,2,6.0,-9.0,-9.0,-9.0,4.0,-9,0.0,22755.0,2126.0
2872694,2872695,23.0,1161916,3,1,2,2,1.0,30.0,1.0,-9.0,4.0,4413,5.0,22755.0,2126.0
2872695,2872696,4.0,1161916,4,1,7,4,-9.0,-9.0,-9.0,1.0,-9.0,-9,0.0,22755.0,2126.0
2872696,2872697,4.0,1161916,5,1,7,4,-9.0,-9.0,-9.0,1.0,-9.0,-9,0.0,22755.0,2126.0
2872697,2872698,2.0,1161916,6,1,7,4,-9.0,-9.0,-9.0,-9.0,-9.0,-9,0.0,22755.0,2126.0
2872698,2872699,45.0,1161917,1,2,0,4,6.0,-9.0,-9.0,-9.0,4.0,-9,0.0,22755.0,2126.0
2872699,2872700,28.0,1161917,2,2,2,2,6.0,-9.0,-9.0,-9.0,4.0,-9,0.0,22755.0,2126.0
2872700,2872701,23.0,1161917,3,1,2,2,1.0,30.0,1.0,-9.0,4.0,4413,5.0,22755.0,2126.0
2872701,2872702,4.0,1161917,4,1,7,4,-9.0,-9.0,-9.0,1.0,-9.0,-9,0.0,22755.0,2126.0
2872702,2872703,4.0,1161917,5,1,7,4,-9.0,-9.0,-9.0,1.0,-9.0,-9,0.0,22755.0,2126.0
2872703,2872704,2.0,1161917,6,1,7,4,-9.0,-9.0,-9.0,-9.0,-9.0,-9,0.0,22755.0,2126.0
2872704,2872705,45.0,1161918,1,2,0,4,6.0,-9.0,-9.0,-9.0,4.0,-9,0.0,22755.0,2126.0
2872705,2872706,28.0,1161918,2,2,2,2,6.0,-9.0,-9.0,-9.0,4.0,-9,0.0,22755.0,2126.0
2872706,2872707,23.0,1161918,3,1,2,2,1.0,30.0,1.0,-9.0,4.0,4413,5.0,22755.0,2126.0
2872707,2872708,4.0,1161918,4,1,7,4,-9.0,-9.0,-9.0,1.0,-9.0,-9,0.0,22755.0,2126.0
2872708,2872709,4.0,1161918,5,1,7,4,-9.0,-9.0,-9.0,1.0,-9.0,-9,0.0,22755.0,2126.0
2872709,2872710,2.0,1161918,6,1,7,4,-9.0,-9.0,-9.0,-9.0,-9.0,-9,0.0,22755.0,2126.0
2872710,2872711,45.0,1161919,1,2,0,4,6.0,-9.0,-9.0,-9.0,4.0,-9,0.0,22755.0,2126.0
2872711,2872712,28.0,1161919,2,2,2,2,6.0,-9.0,-9.0,-9.0,4.0,-9,0.0,22755.0,2126.0
2872712,2872713,23.0,1161919,3,1,2,2,1.0,30.0,1.0,-9.0,4.0,4413,5.0,22755.0,2126.0
2872713,2872714,4.0,1161919,4,1,7,4,-9.0,-9.0,-9.0,1.0,-9.0,-9,0.0,22755.0,2126.0
2872714,2872715,4.0,1161919,5,1,7,4,-9.0,-9.0,-9.0,1.0,-9.0,-9,0.0,22755.0,2126.0
2872715,2872716,2.0,1161919,6,1,7,4,-9.0,-9.0,-9.0,-9.0,-9.0,-9,0.0,22755.0,2126.0
2872716,2872717,45.0,1161920,1,2,0,4,6.0,-9.0,-9.0,-9.0,4.0,-9,0.0,22755.0,2126.0
2872717,2872718,28.0,1161920,2,2,2,2,6.0,-9.0,-9.0,-9.0,4.0,-9,0.0,22755.0,2126.0
2872718,2872719,23.0,1161920,3,1,2,2,1.0,30.0,1.0,-9.0,4.0,4413,5.0,22755.0,2126.0
2872719,2872720,4.0,1161920,4,1,7,4,-9.0,-9.0,-9.0,1.0,-9.0,-9,0.0,22755.0,2126.0
2872720,2872721,4.0,1161920,5,1,7,4,-9.0,-9.0,-9.0,1.0,-9.0,-9,0.0,22755.0,2126.0
2872721,2872722,2.0,1161920,6,1,7,4,-9.0,-9.0,-9.0,-9.0,-9.0,-9,0.0,22755.0,2126.0
2872722,2872723,45.0,1161921,1,2,0,4,6.0,-9.0,-9.0,-9.0,4.0,-9,0.0,22755.0,2126.0
2872723,2872724,28.0,1161921,2,2,2,2,6.0,-9.0,-9.0,-9.0,4.0,-9,0.0,22755.0,2126.0
2872724,2872725,23.0,1161921,3,1,2,2,1.0,30.0,1.0,-9.0,4.0,4413,5.0,22755.0,2126.0
2872725,2872726,4.0,1161921,4,1,7,4,-9.0,-9.0,-9.0,1.0,-9.0,-9,0.0,22755.0,2126.0
2872726,2872727,4.0,1161921,5,1,7,4,-9.0,-9.0,-9.0,1.0,-9.0,-9,0.0,22755.0,2126.0
2872727,2872728,2.0,1161921,6,1,7,4,-9.0,-9.0,-9.0,-9.0,-9.0,-9,0.0,22755.0,2126.0
2872728,2872729,45.0,1161922,1,2,0,4,6.0,-9.0,-9.0,-9.0,4.0,-9,0.0,22755.0,2126.0
2872729,2872730,28.0,1161922,2,2,2,2,6.0,-9.0,-9.0,-9.0,4.0,-9,0.0,22755.0,2126.0
2872730,2872731,23.0,1161922,3,1,2,2,1.0,30.0,1.0,-9.0,4.0,4413,5.0,22755.0,2126.0
2872731,2872732,4.0,1161922,4,1,7,4,-9.0,-9.0,-9.0,1.0,-9.0,-9,0.0,22755.0,2126.0
2872732,2872733,4.0,1161922,5,1,7,4,-9.0,-9.0,-9.0,1.0,-9.0,-9,0.0,22755.0,2126.0
2872733,2872734,2.0,1161922,6,1,7,4,-9.0,-9.0,-9.0,-9.0,-9.0,-9,0.0,22755.0,2126.0
2872734,2872735,45.0,1161923,1,2,0,4,6.0,-9.0,-9.0,-9.0,4.0,-9,0.0,22755.0,2126.0
2872735,2872736,28.0,1161923,2,2,2,2,6.0,-9.0,-9.0,-9.0,4.0,-9,0.0,22755.0,2126.0
2872736,2872737,23.0,1161923,3,1,2,2,1.0,30.0,1.0,-9.0,4.0,4413,5.0,22755.0,2126.0
2872737,2872738,4.0,1161923,4,1,7,4,-9.0,-9.0,-9.0,1.0,-9.0,-9,0.0,22755.0,2126.0
2872738,2872739,4.0,1161923,5,1,7,4,-9.0,-9.0,-9.0,1.0,-9.0,-9,0.0,22755.0,2126.0
2872739,2872740,2.0,1161923,6,1,7,4,-9.0,-9.0,-9.0,-9.0,-9.0,-9,0.0,22755.0,2126.0
2872740,2872741,45.0,1161924,1,2,0,4,6.0,-9.0,-9.0,-9.0,4.0,-9,0.0,22755.0,2126.0
2872741,2872742,28.0,1161924,2,2,2,2,6.0,-9.0,-9.0,-9.0,4.0,-9,0.0,22755.0,2126.0
2872742,2872743,23.0,1161924,3,1,2,2,1.0,30.0,1.0,-9.0,4.0,4413,5.0,22755.0,2126.0
2872743,2872744,4.0,1161924,4,1,7,4,-9.0,-9.0,-9.0,1.0,-9.0,-9,0.0,22755.0,2126.0
2872744,2872745,4.0,1161924,5,1,7,4,-9.0,-9.0,-9.0,1.0,-9.0,-9,0.0,22755.0,2126.0
2872745,2872746,2.0,1161924,6,1,7,4,-9.0,-9.0,-9.0,-9.0,-9.0,-9,0.0,22755.0,2126.0
2872746,2872747,45.0,1161925,1,2,0,4,6.0,-9.0,-9.0,-9.0,4.0,-9,0.0,22755.0,2126.0
2872747,2872748,28.0,1161925,2,2,2,2,6.0,-9.0,-9.0,-9.0,4.0,-9,0.0,22755.0,2126.0
2872748,2872749,23.0,1161925,3,1,2,2,1.0,30.0,1.0,-9.0,4.0,4413,5.0,22755.0,2126.0
2872749,2872750,4.0,1161925,4,1,7,4,-9.0,-9.0,-9.0,1.0,-9.0,-9,0.0,22755.0,2126.0
2872750,2872751,4.0,1161925,5,1,7,4,-9.0,-9.0,-9.0,1.0,-9.0,-9,0.0,22755.0,2126.0
2872751,2872752,2.0,1161925,6,1,7,4,-9.0,-9.0,-9.0,-9.0,-9.0,-9,0.0,22755.0,2126.0
2872752,2872753,45.0,1161926,1,2,0,4,6.0,-9.0,-9.0,-9.0,4.0,-9,0.0,22755.0,2126.0
2872753,2872754,28.0,1161926,2,2,2,2,6.0,-9.0,-9.0,-9.0,4.0,-9,0.0,22755.0,2126.0
2872754,2872755,23.0,1161926,3,1,2,2,1.0,30.0,1.0,-9.0,4.0,4413,5.0,22755.0,2126.0
2872755,2872756,4.0,1161926,4,1,7,4,-9.0,-9.0,-9.0,1.0,-9.0,-9,0.0,22755.0,2126.0
2872756,2872757,4.0,1161926,5,1,7,4,-9.0,-9.0,-9.0,1.0,-9.0,-9,0.0,22755.0,2126.0
2872757,2872758,2.0,1161926,6,1,7,4,-9.0,-9.0,-9.0,-9.0,-9.0,-9,0.0,22755.0,2126.0
2872758,2872759,45.0,1161927,1,2,0,4,6.0,-9.0,-9.0,-9.0,4.0,-9,0.0,22755.0,2126.0
2872759,2872760,28.0,1161927,2,2,2,2,6.0,-9.0,-9.0,-9.0,4.0,-9,0.0,22755.0,2126.0
2872760,2872761,23.0,1161927,3,1,2,2,1.0,30.0,1.0,-9.0,4.0,4413,5.0,22755.0,2126.0
2872761,2872762,4.0,1161927,4,1,7,4,-9.0,-9.0,-9.0,1.0,-9.0,-9,0.0,22755.0,2126.0
2872762,2872763,4.0,1161927,5,1,7,4,-9.0,-9.0,-9.0,1.0,-9.0,-9,0.0,22755.0,2126.0
2872763,2872764,2.0,1161927,6,1,7,4,-9.0,-9.0,-9.0,-9.0,-9.0,-9,0.0,22755.0,2126.0
2872764,2872765,45.0,1161928,1,2,0,4,6.0,-9.0,-9.0,-9.0,4.0,-9,0.0,22755.0,2126.0
2872765,2872766,28.0,1161928,2,2,2,2,6.0,-9.0,-9.0,-9.0,4.0,-9,0.0,22755.0,2126.0
2872766,2872767,23.0,1161928,3,1,2,2,1.0,30.0,1.0,-9.0,4.0,4413,5.0,22755.0,2126.0
2872767,2872768,4.0,1161928,4,1,7,4,-9.0,-9.0,-9.0,1.0,-9.0,-9,0.0,22755.0,2126.0
2872768,2872769,4.0,1161928,5,1,7,4,-9.0,-9.0,-9.0,1.0,-9.0,-9,0.0,22755.0,2126.0
2872769,2872770,2.0,1161928,6,1,7,4,-9.0,-9.0,-9.0,-9.0,-9.0,-9,0.0,22755.0,2126.0
2872770,2872771,45.0,1161929,1,2,0,4,6.0,-9.0,-9.0,-9.0,4.0,-9,0.0,22755.0,2126.0
2872771,2872772,28.0,1161929,2,2,2,2,6.0,-9.0,-9.0,-9.0,4.0,-9,0.0,22755.0,2126.0
2872772,2872773,23.0,1161929,3,1,2,2,1.0,30.0,1.0,-9.0,4.0,4413,5.0,22755.0,2126.0
2872773,2872774,4.0,1161929,4,1,7,4,-9.0,-9.0,-9.0,1.0,-9.0,-9,0.0,22755.0,2126.0
2872774,2872775,4.0,1161929,5,1,7,4,-9.0,-9.0,-9.0,1.0,-9.0,-9,0.0,22755.0,2126.0
2872775,2872776,2.0,1161929,6,1,7,4,-9.0,-9.0,-9.0,-9.0,-9.0,-9,0.0,22755.0,2126.0
2872776,2872777,45.0,1161930,1,2,0,4,6.0,-9.0,-9.0,-9.0,4.0,-9,0.0,22755.0,2126.0
2872777,2872778,28.0,1161930,2,2,2,2,6.0,-9.0,-9.0,-9.0,4.0,-9,0.0,22755.0,2126.0
2872778,2872779,23.0,1161930,3,1,2,2,1.0,30.0,1.0,-9.0,4.0,4413,5.0,22755.0,2126.0
2872779,2872780,4.0,1161930,4,1,7,4,-9.0,-9.0,-9.0,1.0,-9.0,-9,0.0,22755.0,2126.0
2872780,2872781,4.0,1161930,5,1,7,4,-9.0,-9.0,-9.0,1.0,-9.0,-9,0.0,22755.0,2126.0
2872781,2872782,2.0,1161930,6,1,7,4,-9.0,-9.0,-9.0,-9.0,-9.0,-9,0.0,22755.0,2126.0
2872782,2872783,45.0,1161931,1,2,0,4,6.0,-9.0,-9.0,-9.0,4.0,-9,0.0,22755.0,2126.0
2872783,2872784,28.0,1161931,2,2,2,2,6.0,-9.0,-9.0,-9.0,4.0,-9,0.0,22755.0,2126.0
2872784,2872785,23.0,1161931,3,1,2,2,1.0,30.0,1.0,-9.0,4.0,4413,5.0,22755.0,2126.0
2872785,2872786,4.0,1161931,4,1,7,4,-9.0,-9.0,-9.0,1.0,-9.0,-9,0.0,22755.0,2126.0
2872786,2872787,4.0,1161931,5,1,7,4,-9.0,-9.0,-9.0,1.0,-9.0,-9,0.0,22755.0,2126.0
2872787,2872788,2.0,1161931,6,1,7,4,-9.0,-9.0,-9.0,-9.0,-9.0,-9,0.0,22755.0,2126.0
2872788,2872789,45.0,1161932,1,2,0,4,6.0,-9.0,-9.0,-9.0,4.0,-9,0.0,22755.0,2126.0
2872789,2872790,28.0,1161932,2,2,2,2,6.0,-9.0,-9.0,-9.0,4.0,-9,0.0,22755.0,2126.0
2872790,2872791,23.0,1161932,3,1,2,2,1.0,30.0,1.0,-9.0,4.0,4413,5.0,22755.0,2126.0
2872791,2872792,4.0,1161932,4,1,7,4,-9.0,-9.0,-9.0,1.0,-9.0,-9,0.0,22755.0,2126.0
2872792,2872793,4.0,1161932,5,1,7,4,-9.0,-9.0,-9.0,1.0,-9.0,-9,0.0,22755.0,2126.0
2872793,2872794,2.0,1161932,6,1,7,4,-9.0,-9.0,-9.0,-9.0,-9.0,-9,0.0,22755.0,2126.0
2872794,2872795,45.0,1161933,1,2,0,4,6.0,-9.0,-9.0,-9.0,4.0,-9,0.0,22755.0,2126.0
2872795,2872796,28.0,1161933,2,2,2,2,6.0,-9.0,-9.0,-9.0,4.0,-9,0.0,22755.0,2126.0
2872796,2872797,23.0,1161933,3,1,2,2,1.0,30.0,1.0,-9.0,4.0,4413,5.0,22755.0,2126.0
2872797,2872798,4.0,1161933,4,1,7,4,-9.0,-9.0,-9.0,1.0,-9.0,-9,0.0,22755.0,2126.0
2872798,2872799,4.0,1161933,5,1,7,4,-9.0,-9.0,-9.0,1.0,-9.0,-9,0.0,22755.0,2126.0
2872799,2872800,2.0,1161933,6,1,7,4,-9.0,-9.0,-9.0,-9.0,-9.0,-9,0.0,22755.0,2126.0
2872800,2872801,45.0,1161934,1,2,0,4,6.0,-9.0,-9.0,-9.0,4.0,-9,0.0,22755.0,2126.0
2872801,2872802,28.0,1161934,2,2,2,2,6.0,-9.0,-9.0,-9.0,4.0,-9,0.0,22755.0,2126.0
2872802,2872803,23.0,1161934,3,1,2,2,1.0,30.0,1.0,-9.0,4.0,4413,5.0,22755.0,2126.0
2872803,2872804,4.0,1161934,4,1,7,4,-9.0,-9.0,-9.0,1.0,-9.0,-9,0.0,22755.0,2126.0
2872804,2872805,4.0,1161934,5,1,7,4,-9.0,-9.0,-9.0,1.0,-9.0,-9,0.0,22755.0,2126.0
2872805,2872806,2.0,1161934,6,1,7,4,-9.0,-9.0,-9.0,-9.0,-9.0,-9,0.0,22755.0,2126.0
2872806,2872807,45.0,1161935,1,2,0,4,6.0,-9.0,-9.0,-9.0,4.0,-9,0.0,22755.0,2126.0
2872807,2872808,28.0,1161935,2,2,2,2,6.0,-9.0,-9.0,-9.0,4.0,-9,0.0,22755.0,2126.0
2872808,2872809,23.0,1161935,3,1,2,2,1.0,30.0,1.0,-9.0,4.0,4413,5.0,22755.0,2126.0
2872809,2872810,4.0,1161935,4,1,7,4,-9.0,-9.0,-9.0,1.0,-9.0,-9,0.0,22755.0,2126.0
2872810,2872811,4.0,1161935,5,1,7,4,-9.0,-9.0,-9.0,1.0,-9.0,-9,0.0,22755.0,2126.0
2872811,2872812,2.0,1161935,6,1,7,4,-9.0,-9.0,-9.0,-9.0,-9.0,-9,0.0,22755.0,2126.0
2872812,2872813,45.0,1161936,1,2,0,4,6.0,-9.0,-9.0,-9.0,4.0,-9,0.0,22755.0,2126.0
2872813,2872814,28.0,1161936,2,2,2,2,6.0,-9.0,-9.0,-9.0,4.0,-9,0.0,22755.0,2126.0
2872814,2872815,23.0,1161936,3,1,2,2,1.0,30.0,1.0,-9.0,4.0,4413,5.0,22755.0,2126.0
2872815,2872816,4.0,1161936,4,1,7,4,-9.0,-9.0,-9.0,1.0,-9.0,-9,0.0,22755.0,2126.0
2872816,2872817,4.0,1161936,5,1,7,4,-9.0,-9.0,-9.0,1.0,-9.0,-9,0.0,22755.0,2126.0
2872817,2872818,2.0,1161936,6,1,7,4,-9.0,-9.0,-9.0,-9.0,-9.0,-9,0.0,22755.0,2126.0
2872818,2872819,45.0,1161937,1,2,0,4,6.0,-9.0,-9.0,-9.0,4.0,-9,0.0,22755.0,2126.0
2872819,2872820,28.0,1161937,2,2,2,2,6.0,-9.0,-9.0,-9.0,4.0,-9,0.0,22755.0,2126.0
2872820,2872821,23.0,1161937,3,1,2,2,1.0,30.0,1.0,-9.0,4.0,4413,5.0,22755.0,2126.0
2872821,2872822,4.0,1161937,4,1,7,4,-9.0,-9.0,-9.0,1.0,-9.0,-9,0.0,22755.0,2126.0
2872822,2872823,4.0,1161937,5,1,7,4,-9.0,-9.0,-9.0,1.0,-9.0,-9,0.0,22755.0,2126.0
2872823,2872824,2.0,1161937,6,1,7,4,-9.0,-9.0,-9.0,-9.0,-9.0,-9,0.0,22755.0,2126.0
2872824,2872825,45.0,1161938,1,2,0,4,6.0,-9.0,-9.0,-9.0,4.0,-9,0.0,22755.0,2126.0
2872825,2872826,28.0,1161938,2,2,2,2,6.0,-9.0,-9.0,-9.0,4.0,-9,0.0,22755.0,2126.0
2872826,2872827,23.0,1161938,3,1,2,2,1.0,30.0,1.0,-9.0,4.0,4413,5.0,22755.0,2126.0
2872827,2872828,4.0,1161938,4,1,7,4,-9.0,-9.0,-9.0,1.0,-9.0,-9,0.0,22755.0,2126.0
2872828,2872829,4.0,1161938,5,1,7,4,-9.0,-9.0,-9.0,1.0,-9.0,-9,0.0,22755.0,2126.0
2872829,2872830,2.0,1161938,6,1,7,4,-9.0,-9.0,-9.0,-9.0,-9.0,-9,0.0,22755.0,2126.0
2872830,2872831,61.0,1161939,1,2,0,2,6.0,-9.0,-9.0,-9.0,4.0,-9,0.0,22755.0,2126.0
2872831,2872832,54.0,1161940,1,2,0,1,1.0,50.0,1.0,-9.0,4.0,611M1,13.0,22755.0,2126.0
2872832,2872833,54.0,1161940,2,1,1,1,1.0,60.0,1.0,-9.0,4.0,611M1,13.0,22755.0,2126.0
2872833,2872834,22.0,1161940,3,2,2,1,1.0,42.0,1.0,-9.0,4.0,5121,8.0,22755.0,2126.0
2872834,2872835,23.0,1161940,4,2,15,1,1.0,30.0,1.0,-9.0,4.0,611M1,13.0,22755.0,2126.0
2872835,2872836,54.0,1161941,1,2,0,1,1.0,50.0,1.0,-9.0,4.0,611M1,13.0,22755.0,2126.0
2872836,2872837,54.0,1161941,2,1,1,1,1.0,60.0,1.0,-9.0,4.0,611M1,13.0,22755.0,2126.0
2872837,2872838,22.0,1161941,3,2,2,1,1.0,42.0,1.0,-9.0,4.0,5121,8.0,22755.0,2126.0
2872838,2872839,23.0,1161941,4,2,15,1,1.0,30.0,1.0,-9.0,4.0,611M1,13.0,22755.0,2126.0
2872839,2872840,54.0,1161942,1,2,0,1,1.0,50.0,1.0,-9.0,4.0,611M1,13.0,22755.0,2126.0
2872840,2872841,54.0,1161942,2,1,1,1,1.0,60.0,1.0,-9.0,4.0,611M1,13.0,22755.0,2126.0
2872841,2872842,22.0,1161942,3,2,2,1,1.0,42.0,1.0,-9.0,4.0,5121,8.0,22755.0,2126.0
2872842,2872843,23.0,1161942,4,2,15,1,1.0,30.0,1.0,-9.0,4.0,611M1,13.0,22755.0,2126.0
2872843,2872844,54.0,1161943,1,2,0,1,1.0,50.0,1.0,-9.0,4.0,611M1,13.0,22755.0,2126.0
2872844,2872845,54.0,1161943,2,1,1,1,1.0,60.0,1.0,-9.0,4.0,611M1,13.0,22755.0,2126.0
2872845,2872846,22.0,1161943,3,2,2,1,1.0,42.0,1.0,-9.0,4.0,5121,8.0,22755.0,2126.0
2872846,2872847,23.0,1161943,4,2,15,1,1.0,30.0,1.0,-9.0,4.0,611M1,13.0,22755.0,2126.0
2872847,2872848,54.0,1161944,1,2,0,1,1.0,50.0,1.0,-9.0,4.0,611M1,13.0,22755.0,2126.0
2872848,2872849,54.0,1161944,2,1,1,1,1.0,60.0,1.0,-9.0,4.0,611M1,13.0,22755.0,2126.0
2872849,2872850,22.0,1161944,3,2,2,1,1.0,42.0,1.0,-9.0,4.0,5121,8.0,22755.0,2126.0
2872850,2872851,23.0,1161944,4,2,15,1,1.0,30.0,1.0,-9.0,4.0,611M1,13.0,22755.0,2126.0
2872851,2872852,54.0,1161945,1,2,0,1,1.0,50.0,1.0,-9.0,4.0,611M1,13.0,22755.0,2126.0
2872852,2872853,54.0,1161945,2,1,1,1,1.0,60.0,1.0,-9.0,4.0,611M1,13.0,22755.0,2126.0
2872853,2872854,22.0,1161945,3,2,2,1,1.0,42.0,1.0,-9.0,4.0,5121,8.0,22755.0,2126.0
2872854,2872855,23.0,1161945,4,2,15,1,1.0,30.0,1.0,-9.0,4.0,611M1,13.0,22755.0,2126.0
2872855,2872856,54.0,1161946,1,2,0,1,1.0,50.0,1.0,-9.0,4.0,611M1,13.0,22755.0,2126.0
2872856,2872857,54.0,1161946,2,1,1,1,1.0,60.0,1.0,-9.0,4.0,611M1,13.0,22755.0,2126.0
2872857,2872858,22.0,1161946,3,2,2,1,1.0,42.0,1.0,-9.0,4.0,5121,8.0,22755.0,2126.0
2872858,2872859,23.0,1161946,4,2,15,1,1.0,30.0,1.0,-9.0,4.0,611M1,13.0,22755.0,2126.0
2872859,2872860,54.0,1161947,1,2,0,1,1.0,50.0,1.0,-9.0,4.0,611M1,13.0,22755.0,2126.0
2872860,2872861,54.0,1161947,2,1,1,1,1.0,60.0,1.0,-9.0,4.0,611M1,13.0,22755.0,2126.0
2872861,2872862,22.0,1161947,3,2,2,1,1.0,42.0,1.0,-9.0,4.0,5121,8.0,22755.0,2126.0
2872862,2872863,23.0,1161947,4,2,15,1,1.0,30.0,1.0,-9.0,4.0,611M1,13.0,22755.0,2126.0
2872863,2872864,54.0,1161948,1,2,0,1,1.0,50.0,1.0,-9.0,4.0,611M1,13.0,22755.0,2126.0
2872864,2872865,54.0,1161948,2,1,1,1,1.0,60.0,1.0,-9.0,4.0,611M1,13.0,22755.0,2126.0
2872865,2872866,22.0,1161948,3,2,2,1,1.0,42.0,1.0,-9.0,4.0,5121,8.0,22755.0,2126.0
2872866,2872867,23.0,1161948,4,2,15,1,1.0,30.0,1.0,-9.0,4.0,611M1,13.0,22755.0,2126.0
2872867,2872868,47.0,1161949,1,1,0,1,1.0,45.0,1.0,-9.0,3.0,337,3.0,22755.0,2126.0
2872868,2872869,22.0,1161949,2,1,2,1,1.0,30.0,1.0,15.0,4.0,722Z,16.0,22755.0,2126.0
2872869,2872870,47.0,1161950,1,1,0,1,1.0,45.0,1.0,-9.0,3.0,337,3.0,22756.0,2126.0
2872870,2872871,22.0,1161950,2,1,2,1,1.0,30.0,1.0,15.0,4.0,722Z,16.0,22756.0,2126.0
2872871,2872872,47.0,1161951,1,1,0,1,1.0,45.0,1.0,-9.0,3.0,337,3.0,22755.0,2126.0
2872872,2872873,22.0,1161951,2,1,2,1,1.0,30.0,1.0,15.0,4.0,722Z,16.0,22755.0,2126.0
2872873,2872874,47.0,1161952,1,1,0,1,1.0,45.0,1.0,-9.0,3.0,337,3.0,22755.0,2126.0
2872874,2872875,22.0,1161952,2,1,2,1,1.0,30.0,1.0,15.0,4.0,722Z,16.0,22755.0,2126.0
2872875,2872876,47.0,1161953,1,1,0,1,1.0,45.0,1.0,-9.0,3.0,337,3.0,22755.0,2126.0
2872876,2872877,22.0,1161953,2,1,2,1,1.0,30.0,1.0,15.0,4.0,722Z,16.0,22755.0,2126.0
2872877,2872878,47.0,1161954,1,1,0,1,1.0,45.0,1.0,-9.0,3.0,337,3.0,22755.0,2126.0
2872878,2872879,22.0,1161954,2,1,2,1,1.0,30.0,1.0,15.0,4.0,722Z,16.0,22755.0,2126.0
2872879,2872880,47.0,1161955,1,1,0,1,1.0,45.0,1.0,-9.0,3.0,337,3.0,22755.0,2126.0
2872880,2872881,22.0,1161955,2,1,2,1,1.0,30.0,1.0,15.0,4.0,722Z,16.0,22755.0,2126.0
2872881,2872882,47.0,1161956,1,1,0,1,1.0,45.0,1.0,-9.0,3.0,337,3.0,22755.0,2126.0
2872882,2872883,22.0,1161956,2,1,2,1,1.0,30.0,1.0,15.0,4.0,722Z,16.0,22755.0,2126.0
2872883,2872884,47.0,1161957,1,1,0,1,1.0,45.0,1.0,-9.0,3.0,337,3.0,22755.0,2126.0
2872884,2872885,22.0,1161957,2,1,2,1,1.0,30.0,1.0,15.0,4.0,722Z,16.0,22755.0,2126.0
2872885,2872886,47.0,1161958,1,1,0,1,1.0,45.0,1.0,-9.0,3.0,337,3.0,22755.0,2126.0
2872886,2872887,22.0,1161958,2,1,2,1,1.0,30.0,1.0,15.0,4.0,722Z,16.0,22755.0,2126.0
2872887,2872888,47.0,1161959,1,1,0,1,1.0,45.0,1.0,-9.0,3.0,337,3.0,22755.0,2126.0
2872888,2872889,22.0,1161959,2,1,2,1,1.0,30.0,1.0,15.0,4.0,722Z,16.0,22755.0,2126.0
2872889,2872890,47.0,1161960,1,1,0,1,1.0,45.0,1.0,-9.0,3.0,337,3.0,22755.0,2126.0
2872890,2872891,22.0,1161960,2,1,2,1,1.0,30.0,1.0,15.0,4.0,722Z,16.0,22755.0,2126.0
2872891,2872892,63.0,1161961,1,2,0,1,1.0,50.0,1.0,-9.0,4.0,611M1,13.0,22755.0,2126.0
2872892,2872893,63.0,1161962,1,2,0,1,1.0,65.0,1.0,-9.0,4.0,333MS,3.0,22755.0,2126.0
2872893,2872894,63.0,1161963,1,2,0,1,1.0,65.0,1.0,-9.0,4.0,333MS,3.0,22755.0,2126.0
2872894,2872895,63.0,1161964,1,2,0,1,1.0,65.0,1.0,-9.0,4.0,333MS,3.0,22755.0,2126.0
2872895,2872896,63.0,1161965,1,2,0,1,1.0,65.0,1.0,-9.0,4.0,333MS,3.0,22755.0,2126.0
2872896,2872897,63.0,1161966,1,2,0,1,1.0,65.0,1.0,-9.0,4.0,333MS,3.0,22755.0,2126.0
2872897,2872898,60.0,1161967,1,1,0,1,2.0,40.0,1.0,-9.0,2.0,481,6.0,22755.0,2126.0
2872898,2872899,58.0,1161968,1,2,0,1,1.0,50.0,1.0,-9.0,4.0,622M,15.0,22755.0,2126.0
2872899,2872900,58.0,1161969,1,2,0,1,1.0,40.0,1.0,-9.0,4.0,611M1,13.0,22755.0,2126.0
2872900,2872901,58.0,1161970,1,2,0,1,1.0,40.0,1.0,-9.0,4.0,611M1,13.0,22755.0,2126.0
2872901,2872902,51.0,1161971,1,1,0,1,1.0,40.0,1.0,-9.0,4.0,531M,9.0,22755.0,2126.0
2872902,2872903,53.0,1161972,1,2,0,1,1.0,60.0,1.0,-9.0,4.0,6214,14.0,22755.0,2126.0
2872903,2872904,57.0,1161973,1,2,0,1,1.0,40.0,1.0,-9.0,4.0,23,2.0,22755.0,2126.0
2872904,2872905,57.0,1161974,1,2,0,1,1.0,40.0,1.0,-9.0,4.0,23,2.0,22755.0,2126.0
2872905,2872906,57.0,1161975,1,2,0,1,1.0,40.0,1.0,-9.0,4.0,23,2.0,22755.0,2126.0
2872906,2872907,57.0,1161976,1,2,0,1,1.0,40.0,1.0,-9.0,4.0,23,2.0,22755.0,2126.0
2872907,2872908,61.0,1161977,1,2,0,1,1.0,40.0,1.0,-9.0,4.0,52M2,9.0,22755.0,2126.0
2872908,2872909,60.0,1161978,1,2,0,1,1.0,10.0,6.0,-9.0,4.0,611M3,13.0,22755.0,2126.0
2872909,2872910,48.0,1161979,1,2,0,1,1.0,7.0,4.0,-9.0,4.0,6111,13.0,22755.0,2126.0
2872910,2872911,59.0,1161980,1,2,0,1,1.0,20.0,4.0,-9.0,4.0,611M1,13.0,22755.0,2126.0
2872911,2872912,64.0,1161981,1,2,0,1,6.0,-9.0,-9.0,-9.0,4.0,52M1,9.0,22755.0,2126.0
2872912,2872913,45.0,1161982,1,1,0,1,1.0,60.0,1.0,-9.0,4.0,4853,6.0,22755.0,2126.0
2872913,2872914,40.0,1161982,2,2,1,1,6.0,-9.0,-9.0,-9.0,4.0,-9,0.0,22755.0,2126.0
2872914,2872915,21.0,1161982,3,2,2,1,1.0,22.0,5.0,15.0,4.0,713Z,16.0,22755.0,2126.0
2872915,2872916,20.0,1161982,4,2,2,1,6.0,-9.0,-9.0,14.0,4.0,-9,0.0,22755.0,2126.0
2872916,2872917,16.0,1161982,5,1,2,1,6.0,-9.0,-9.0,13.0,-9.0,-9,0.0,22755.0,2126.0
2872917,2872918,45.0,1161983,1,1,0,1,1.0,60.0,1.0,-9.0,4.0,4853,6.0,22755.0,2126.0
2872918,2872919,40.0,1161983,2,2,1,1,6.0,-9.0,-9.0,-9.0,4.0,-9,0.0,22755.0,2126.0
2872919,2872920,21.0,1161983,3,2,2,1,1.0,22.0,5.0,15.0,4.0,713Z,16.0,22755.0,2126.0
2872920,2872921,20.0,1161983,4,2,2,1,6.0,-9.0,-9.0,14.0,4.0,-9,0.0,22755.0,2126.0
2872921,2872922,16.0,1161983,5,1,2,1,6.0,-9.0,-9.0,13.0,-9.0,-9,0.0,22755.0,2126.0
2872922,2872923,45.0,1161984,1,1,0,1,1.0,60.0,1.0,-9.0,4.0,4853,6.0,22755.0,2126.0
2872923,2872924,40.0,1161984,2,2,1,1,6.0,-9.0,-9.0,-9.0,4.0,-9,0.0,22755.0,2126.0
2872924,2872925,21.0,1161984,3,2,2,1,1.0,22.0,5.0,15.0,4.0,713Z,16.0,22755.0,2126.0
2872925,2872926,20.0,1161984,4,2,2,1,6.0,-9.0,-9.0,14.0,4.0,-9,0.0,22755.0,2126.0
2872926,2872927,16.0,1161984,5,1,2,1,6.0,-9.0,-9.0,13.0,-9.0,-9,0.0,22755.0,2126.0
2872927,2872928,45.0,1161985,1,1,0,1,1.0,60.0,1.0,-9.0,4.0,4853,6.0,22755.0,2126.0
2872928,2872929,40.0,1161985,2,2,1,1,6.0,-9.0,-9.0,-9.0,4.0,-9,0.0,22755.0,2126.0
2872929,2872930,21.0,1161985,3,2,2,1,1.0,22.0,5.0,15.0,4.0,713Z,16.0,22755.0,2126.0
2872930,2872931,20.0,1161985,4,2,2,1,6.0,-9.0,-9.0,14.0,4.0,-9,0.0,22755.0,2126.0
2872931,2872932,16.0,1161985,5,1,2,1,6.0,-9.0,-9.0,13.0,-9.0,-9,0.0,22755.0,2126.0
2872932,2872933,45.0,1161986,1,1,0,1,1.0,60.0,1.0,-9.0,4.0,4853,6.0,22755.0,2126.0
2872933,2872934,40.0,1161986,2,2,1,1,6.0,-9.0,-9.0,-9.0,4.0,-9,0.0,22755.0,2126.0
2872934,2872935,21.0,1161986,3,2,2,1,1.0,22.0,5.0,15.0,4.0,713Z,16.0,22755.0,2126.0
2872935,2872936,20.0,1161986,4,2,2,1,6.0,-9.0,-9.0,14.0,4.0,-9,0.0,22755.0,2126.0
2872936,2872937,16.0,1161986,5,1,2,1,6.0,-9.0,-9.0,13.0,-9.0,-9,0.0,22755.0,2126.0
2872937,2872938,45.0,1161987,1,1,0,1,1.0,60.0,1.0,-9.0,4.0,4853,6.0,22755.0,2126.0
2872938,2872939,40.0,1161987,2,2,1,1,6.0,-9.0,-9.0,-9.0,4.0,-9,0.0,22755.0,2126.0
2872939,2872940,21.0,1161987,3,2,2,1,1.0,22.0,5.0,15.0,4.0,713Z,16.0,22755.0,2126.0
2872940,2872941,20.0,1161987,4,2,2,1,6.0,-9.0,-9.0,14.0,4.0,-9,0.0,22755.0,2126.0
2872941,2872942,16.0,1161987,5,1,2,1,6.0,-9.0,-9.0,13.0,-9.0,-9,0.0,22755.0,2126.0
2872942,2872943,45.0,1161988,1,1,0,1,1.0,60.0,1.0,-9.0,4.0,4853,6.0,22755.0,2126.0
2872943,2872944,40.0,1161988,2,2,1,1,6.0,-9.0,-9.0,-9.0,4.0,-9,0.0,22755.0,2126.0
2872944,2872945,21.0,1161988,3,2,2,1,1.0,22.0,5.0,15.0,4.0,713Z,16.0,22755.0,2126.0
2872945,2872946,20.0,1161988,4,2,2,1,6.0,-9.0,-9.0,14.0,4.0,-9,0.0,22755.0,2126.0
2872946,2872947,16.0,1161988,5,1,2,1,6.0,-9.0,-9.0,13.0,-9.0,-9,0.0,22755.0,2126.0
2872947,2872948,26.0,1161989,1,2,0,4,1.0,40.0,3.0,16.0,4.0,611M1,13.0,22755.0,2126.0
2872948,2872949,24.0,1161989,2,2,12,4,6.0,-9.0,-9.0,16.0,4.0,-9,0.0,22755.0,2126.0
2872949,2872950,26.0,1161990,1,2,0,4,1.0,40.0,3.0,16.0,4.0,611M1,13.0,22755.0,2126.0
2872950,2872951,24.0,1161990,2,2,12,4,6.0,-9.0,-9.0,16.0,4.0,-9,0.0,22755.0,2126.0
2872951,2872952,26.0,1161991,1,2,0,4,1.0,40.0,3.0,16.0,4.0,611M1,13.0,22755.0,2126.0
2872952,2872953,24.0,1161991,2,2,12,4,6.0,-9.0,-9.0,16.0,4.0,-9,0.0,22755.0,2126.0
2872953,2872954,26.0,1161992,1,2,0,4,1.0,40.0,3.0,16.0,4.0,611M1,13.0,22755.0,2126.0
2872954,2872955,24.0,1161992,2,2,12,4,6.0,-9.0,-9.0,16.0,4.0,-9,0.0,22755.0,2126.0
2872955,2872956,26.0,1161993,1,2,0,4,1.0,40.0,3.0,16.0,4.0,611M1,13.0,22755.0,2126.0
2872956,2872957,24.0,1161993,2,2,12,4,6.0,-9.0,-9.0,16.0,4.0,-9,0.0,22755.0,2126.0
2872957,2872958,26.0,1161994,1,2,0,4,1.0,40.0,3.0,16.0,4.0,611M1,13.0,22755.0,2126.0
2872958,2872959,24.0,1161994,2,2,12,4,6.0,-9.0,-9.0,16.0,4.0,-9,0.0,22755.0,2126.0
2872959,2872960,26.0,1161995,1,2,0,4,1.0,40.0,3.0,16.0,4.0,611M1,13.0,22755.0,2126.0
2872960,2872961,24.0,1161995,2,2,12,4,6.0,-9.0,-9.0,16.0,4.0,-9,0.0,22755.0,2126.0
2872961,2872962,26.0,1161996,1,2,0,4,1.0,40.0,3.0,16.0,4.0,611M1,13.0,22755.0,2126.0
2872962,2872963,24.0,1161996,2,2,12,4,6.0,-9.0,-9.0,16.0,4.0,-9,0.0,22755.0,2126.0
2872963,2872964,26.0,1161997,1,2,0,4,1.0,40.0,3.0,16.0,4.0,611M1,13.0,22755.0,2126.0
2872964,2872965,24.0,1161997,2,2,12,4,6.0,-9.0,-9.0,16.0,4.0,-9,0.0,22755.0,2126.0
2872965,2872966,26.0,1161998,1,2,0,4,1.0,40.0,3.0,16.0,4.0,611M1,13.0,22755.0,2126.0
2872966,2872967,24.0,1161998,2,2,12,4,6.0,-9.0,-9.0,16.0,4.0,-9,0.0,22755.0,2126.0
2872967,2872968,26.0,1161999,1,2,0,4,1.0,40.0,3.0,16.0,4.0,611M1,13.0,22755.0,2126.0
2872968,2872969,24.0,1161999,2,2,12,4,6.0,-9.0,-9.0,16.0,4.0,-9,0.0,22755.0,2126.0
2872969,2872970,26.0,1162000,1,2,0,4,1.0,40.0,3.0,16.0,4.0,611M1,13.0,22755.0,2126.0
2872970,2872971,24.0,1162000,2,2,12,4,6.0,-9.0,-9.0,16.0,4.0,-9,0.0,22755.0,2126.0
2872971,2872972,26.0,1162001,1,2,0,4,1.0,40.0,3.0,16.0,4.0,611M1,13.0,22755.0,2126.0
2872972,2872973,24.0,1162001,2,2,12,4,6.0,-9.0,-9.0,16.0,4.0,-9,0.0,22755.0,2126.0
2872973,2872974,27.0,1162002,1,2,0,1,1.0,40.0,1.0,-9.0,4.0,813M,17.0,22755.0,2126.0
2872974,2872975,23.0,1162002,2,2,12,2,1.0,40.0,4.0,15.0,4.0,337,3.0,22755.0,2126.0
2872975,2872976,27.0,1162003,1,2,0,1,1.0,40.0,1.0,-9.0,4.0,813M,17.0,22755.0,2126.0
2872976,2872977,23.0,1162003,2,2,12,2,1.0,40.0,4.0,15.0,4.0,337,3.0,22755.0,2126.0
2872977,2872978,27.0,1162004,1,2,0,1,1.0,40.0,1.0,-9.0,4.0,813M,17.0,22755.0,2126.0
2872978,2872979,23.0,1162004,2,2,12,2,1.0,40.0,4.0,15.0,4.0,337,3.0,22755.0,2126.0
2872979,2872980,27.0,1162005,1,2,0,1,1.0,40.0,1.0,-9.0,4.0,813M,17.0,22755.0,2126.0
2872980,2872981,23.0,1162005,2,2,12,2,1.0,40.0,4.0,15.0,4.0,337,3.0,22755.0,2126.0
2872981,2872982,27.0,1162006,1,2,0,1,1.0,40.0,1.0,-9.0,4.0,813M,17.0,22755.0,2126.0
2872982,2872983,23.0,1162006,2,2,12,2,1.0,40.0,4.0,15.0,4.0,337,3.0,22755.0,2126.0
2872983,2872984,27.0,1162007,1,2,0,1,1.0,40.0,1.0,-9.0,4.0,813M,17.0,22755.0,2126.0
2872984,2872985,23.0,1162007,2,2,12,2,1.0,40.0,4.0,15.0,4.0,337,3.0,22755.0,2126.0
2872985,2872986,27.0,1162008,1,2,0,1,1.0,40.0,1.0,-9.0,4.0,813M,17.0,22755.0,2126.0
2872986,2872987,23.0,1162008,2,2,12,2,1.0,40.0,4.0,15.0,4.0,337,3.0,22755.0,2126.0
2872987,2872988,27.0,1162009,1,2,0,1,1.0,40.0,1.0,-9.0,4.0,813M,17.0,22755.0,2126.0
2872988,2872989,23.0,1162009,2,2,12,2,1.0,40.0,4.0,15.0,4.0,337,3.0,22755.0,2126.0
2872989,2872990,27.0,1162010,1,2,0,1,1.0,40.0,1.0,-9.0,4.0,813M,17.0,22755.0,2126.0
2872990,2872991,23.0,1162010,2,2,12,2,1.0,40.0,4.0,15.0,4.0,337,3.0,22755.0,2126.0
2872991,2872992,27.0,1162011,1,2,0,1,1.0,40.0,1.0,-9.0,4.0,813M,17.0,22755.0,2126.0
2872992,2872993,23.0,1162011,2,2,12,2,1.0,40.0,4.0,15.0,4.0,337,3.0,22755.0,2126.0
2872993,2872994,27.0,1162012,1,2,0,1,1.0,40.0,1.0,-9.0,4.0,813M,17.0,22755.0,2126.0
2872994,2872995,23.0,1162012,2,2,12,2,1.0,40.0,4.0,15.0,4.0,337,3.0,22755.0,2126.0
2872995,2872996,27.0,1162013,1,2,0,1,1.0,40.0,1.0,-9.0,4.0,813M,17.0,22755.0,2126.0
2872996,2872997,23.0,1162013,2,2,12,2,1.0,40.0,4.0,15.0,4.0,337,3.0,22755.0,2126.0
2872997,2872998,27.0,1162014,1,2,0,1,1.0,40.0,1.0,-9.0,4.0,813M,17.0,22755.0,2126.0
2872998,2872999,23.0,1162014,2,2,12,2,1.0,40.0,4.0,15.0,4.0,337,3.0,22755.0,2126.0
2872999,2873000,25.0,1162015,1,1,0,1,6.0,-9.0,-9.0,15.0,4.0,-9,0.0,22755.0,2126.0
2873000,2873001,22.0,1162015,2,1,10,1,6.0,-9.0,-9.0,15.0,4.0,-9,0.0,22755.0,2126.0
2873001,2873002,21.0,1162015,3,1,10,1,6.0,-9.0,-9.0,15.0,4.0,-9,0.0,22755.0,2126.0
2873002,2873003,25.0,1162016,1,1,0,1,6.0,-9.0,-9.0,15.0,4.0,-9,0.0,22755.0,2126.0
2873003,2873004,22.0,1162016,2,1,10,1,6.0,-9.0,-9.0,15.0,4.0,-9,0.0,22755.0,2126.0
2873004,2873005,21.0,1162016,3,1,10,1,6.0,-9.0,-9.0,15.0,4.0,-9,0.0,22755.0,2126.0
2873005,2873006,25.0,1162017,1,1,0,1,6.0,-9.0,-9.0,15.0,4.0,-9,0.0,22755.0,2126.0
2873006,2873007,22.0,1162017,2,1,10,1,6.0,-9.0,-9.0,15.0,4.0,-9,0.0,22755.0,2126.0
2873007,2873008,21.0,1162017,3,1,10,1,6.0,-9.0,-9.0,15.0,4.0,-9,0.0,22755.0,2126.0
2873008,2873009,25.0,1162018,1,1,0,1,6.0,-9.0,-9.0,15.0,4.0,-9,0.0,22755.0,2126.0
2873009,2873010,22.0,1162018,2,1,10,1,6.0,-9.0,-9.0,15.0,4.0,-9,0.0,22755.0,2126.0
2873010,2873011,21.0,1162018,3,1,10,1,6.0,-9.0,-9.0,15.0,4.0,-9,0.0,22755.0,2126.0
2873011,2873012,25.0,1162019,1,1,0,1,6.0,-9.0,-9.0,15.0,4.0,-9,0.0,22755.0,2126.0
2873012,2873013,22.0,1162019,2,1,10,1,6.0,-9.0,-9.0,15.0,4.0,-9,0.0,22755.0,2126.0
2873013,2873014,21.0,1162019,3,1,10,1,6.0,-9.0,-9.0,15.0,4.0,-9,0.0,22755.0,2126.0
2873014,2873015,25.0,1162020,1,1,0,1,6.0,-9.0,-9.0,15.0,4.0,-9,0.0,22755.0,2126.0
2873015,2873016,22.0,1162020,2,1,10,1,6.0,-9.0,-9.0,15.0,4.0,-9,0.0,22755.0,2126.0
2873016,2873017,21.0,1162020,3,1,10,1,6.0,-9.0,-9.0,15.0,4.0,-9,0.0,22755.0,2126.0
2873017,2873018,25.0,1162021,1,1,0,1,6.0,-9.0,-9.0,15.0,4.0,-9,0.0,22755.0,2126.0
2873018,2873019,22.0,1162021,2,1,10,1,6.0,-9.0,-9.0,15.0,4.0,-9,0.0,22755.0,2126.0
2873019,2873020,21.0,1162021,3,1,10,1,6.0,-9.0,-9.0,15.0,4.0,-9,0.0,22755.0,2126.0
2873020,2873021,25.0,1162022,1,1,0,1,6.0,-9.0,-9.0,15.0,4.0,-9,0.0,22755.0,2126.0
2873021,2873022,22.0,1162022,2,1,10,1,6.0,-9.0,-9.0,15.0,4.0,-9,0.0,22755.0,2126.0
2873022,2873023,21.0,1162022,3,1,10,1,6.0,-9.0,-9.0,15.0,4.0,-9,0.0,22755.0,2126.0
2873023,2873024,25.0,1162023,1,1,0,1,6.0,-9.0,-9.0,15.0,4.0,-9,0.0,22755.0,2126.0
2873024,2873025,22.0,1162023,2,1,10,1,6.0,-9.0,-9.0,15.0,4.0,-9,0.0,22755.0,2126.0
2873025,2873026,21.0,1162023,3,1,10,1,6.0,-9.0,-9.0,15.0,4.0,-9,0.0,22755.0,2126.0
2873026,2873027,25.0,1162024,1,1,0,1,6.0,-9.0,-9.0,15.0,4.0,-9,0.0,22755.0,2126.0
2873027,2873028,22.0,1162024,2,1,10,1,6.0,-9.0,-9.0,15.0,4.0,-9,0.0,22755.0,2126.0
2873028,2873029,21.0,1162024,3,1,10,1,6.0,-9.0,-9.0,15.0,4.0,-9,0.0,22755.0,2126.0
2873029,2873030,25.0,1162025,1,1,0,1,6.0,-9.0,-9.0,15.0,4.0,-9,0.0,22755.0,2126.0
2873030,2873031,22.0,1162025,2,1,10,1,6.0,-9.0,-9.0,15.0,4.0,-9,0.0,22755.0,2126.0
2873031,2873032,21.0,1162025,3,1,10,1,6.0,-9.0,-9.0,15.0,4.0,-9,0.0,22755.0,2126.0
2873032,2873033,25.0,1162026,1,1,0,1,6.0,-9.0,-9.0,15.0,4.0,-9,0.0,22755.0,2126.0
2873033,2873034,22.0,1162026,2,1,10,1,6.0,-9.0,-9.0,15.0,4.0,-9,0.0,22755.0,2126.0
2873034,2873035,21.0,1162026,3,1,10,1,6.0,-9.0,-9.0,15.0,4.0,-9,0.0,22755.0,2126.0
2873035,2873036,25.0,1162027,1,1,0,1,6.0,-9.0,-9.0,15.0,4.0,-9,0.0,22755.0,2126.0
2873036,2873037,22.0,1162027,2,1,10,1,6.0,-9.0,-9.0,15.0,4.0,-9,0.0,22755.0,2126.0
2873037,2873038,21.0,1162027,3,1,10,1,6.0,-9.0,-9.0,15.0,4.0,-9,0.0,22755.0,2126.0
2873038,2873039,25.0,1162028,1,1,0,1,6.0,-9.0,-9.0,15.0,4.0,-9,0.0,22755.0,2126.0
2873039,2873040,22.0,1162028,2,1,10,1,6.0,-9.0,-9.0,15.0,4.0,-9,0.0,22755.0,2126.0
2873040,2873041,21.0,1162028,3,1,10,1,6.0,-9.0,-9.0,15.0,4.0,-9,0.0,22755.0,2126.0
2873041,2873042,25.0,1162029,1,1,0,1,6.0,-9.0,-9.0,15.0,4.0,-9,0.0,22755.0,2126.0
2873042,2873043,22.0,1162029,2,1,10,1,6.0,-9.0,-9.0,15.0,4.0,-9,0.0,22755.0,2126.0
2873043,2873044,21.0,1162029,3,1,10,1,6.0,-9.0,-9.0,15.0,4.0,-9,0.0,22755.0,2126.0
2873044,2873045,25.0,1162030,1,1,0,1,6.0,-9.0,-9.0,15.0,4.0,-9,0.0,22755.0,2126.0
2873045,2873046,22.0,1162030,2,1,10,1,6.0,-9.0,-9.0,15.0,4.0,-9,0.0,22755.0,2126.0
2873046,2873047,21.0,1162030,3,1,10,1,6.0,-9.0,-9.0,15.0,4.0,-9,0.0,22755.0,2126.0
2873047,2873048,25.0,1162031,1,1,0,1,6.0,-9.0,-9.0,15.0,4.0,-9,0.0,22755.0,2126.0
2873048,2873049,22.0,1162031,2,1,10,1,6.0,-9.0,-9.0,15.0,4.0,-9,0.0,22755.0,2126.0
2873049,2873050,21.0,1162031,3,1,10,1,6.0,-9.0,-9.0,15.0,4.0,-9,0.0,22755.0,2126.0
2873050,2873051,25.0,1162032,1,1,0,1,6.0,-9.0,-9.0,15.0,4.0,-9,0.0,22755.0,2126.0
2873051,2873052,22.0,1162032,2,1,10,1,6.0,-9.0,-9.0,15.0,4.0,-9,0.0,22755.0,2126.0
2873052,2873053,21.0,1162032,3,1,10,1,6.0,-9.0,-9.0,15.0,4.0,-9,0.0,22755.0,2126.0
2873053,2873054,25.0,1162033,1,1,0,1,6.0,-9.0,-9.0,15.0,4.0,-9,0.0,22755.0,2126.0
2873054,2873055,22.0,1162033,2,1,10,1,6.0,-9.0,-9.0,15.0,4.0,-9,0.0,22755.0,2126.0
2873055,2873056,21.0,1162033,3,1,10,1,6.0,-9.0,-9.0,15.0,4.0,-9,0.0,22755.0,2126.0
2873056,2873057,25.0,1162034,1,1,0,1,6.0,-9.0,-9.0,15.0,4.0,-9,0.0,22755.0,2126.0
2873057,2873058,22.0,1162034,2,1,10,1,6.0,-9.0,-9.0,15.0,4.0,-9,0.0,22755.0,2126.0
2873058,2873059,21.0,1162034,3,1,10,1,6.0,-9.0,-9.0,15.0,4.0,-9,0.0,22755.0,2126.0
2873059,2873060,30.0,1162035,1,2,0,1,1.0,40.0,1.0,-9.0,4.0,531M,9.0,22755.0,2126.0
2873060,2873061,30.0,1162036,1,2,0,1,1.0,40.0,1.0,-9.0,4.0,531M,9.0,22755.0,2126.0
2873061,2873062,30.0,1162037,1,2,0,1,1.0,40.0,1.0,-9.0,4.0,531M,9.0,22755.0,2126.0
2873062,2873063,31.0,1162038,1,1,0,1,1.0,40.0,4.0,-9.0,4.0,611M1,13.0,22755.0,2126.0
2873063,2873064,24.0,1162038,2,2,1,1,6.0,-9.0,-9.0,-9.0,4.0,6111,13.0,22755.0,2126.0
2873064,2873065,31.0,1162039,1,1,0,1,1.0,40.0,4.0,-9.0,4.0,611M1,13.0,22755.0,2126.0
2873065,2873066,24.0,1162039,2,2,1,1,6.0,-9.0,-9.0,-9.0,4.0,6111,13.0,22755.0,2126.0
2873066,2873067,31.0,1162040,1,1,0,1,1.0,40.0,4.0,-9.0,4.0,611M1,13.0,22755.0,2126.0
2873067,2873068,24.0,1162040,2,2,1,1,6.0,-9.0,-9.0,-9.0,4.0,6111,13.0,22755.0,2126.0
2873068,2873069,31.0,1162041,1,1,0,1,1.0,40.0,4.0,-9.0,4.0,611M1,13.0,22755.0,2126.0
2873069,2873070,24.0,1162041,2,2,1,1,6.0,-9.0,-9.0,-9.0,4.0,6111,13.0,22755.0,2126.0
2873070,2873071,31.0,1162042,1,1,0,1,1.0,40.0,4.0,-9.0,4.0,611M1,13.0,22755.0,2126.0
2873071,2873072,24.0,1162042,2,2,1,1,6.0,-9.0,-9.0,-9.0,4.0,6111,13.0,22755.0,2126.0
2873072,2873073,31.0,1162043,1,1,0,1,1.0,40.0,4.0,-9.0,4.0,611M1,13.0,22755.0,2126.0
2873073,2873074,24.0,1162043,2,2,1,1,6.0,-9.0,-9.0,-9.0,4.0,6111,13.0,22755.0,2126.0
2873074,2873075,31.0,1162044,1,1,0,1,1.0,40.0,4.0,-9.0,4.0,611M1,13.0,22755.0,2126.0
2873075,2873076,24.0,1162044,2,2,1,1,6.0,-9.0,-9.0,-9.0,4.0,6111,13.0,22755.0,2126.0
2873076,2873077,31.0,1162045,1,1,0,1,1.0,40.0,4.0,-9.0,4.0,611M1,13.0,22755.0,2126.0
2873077,2873078,24.0,1162045,2,2,1,1,6.0,-9.0,-9.0,-9.0,4.0,6111,13.0,22755.0,2126.0
2873078,2873079,31.0,1162046,1,1,0,1,1.0,40.0,4.0,-9.0,4.0,611M1,13.0,22755.0,2126.0
2873079,2873080,24.0,1162046,2,2,1,1,6.0,-9.0,-9.0,-9.0,4.0,6111,13.0,22755.0,2126.0
2873080,2873081,31.0,1162047,1,1,0,1,1.0,40.0,4.0,-9.0,4.0,611M1,13.0,22755.0,2126.0
2873081,2873082,24.0,1162047,2,2,1,1,6.0,-9.0,-9.0,-9.0,4.0,6111,13.0,22755.0,2126.0
2873082,2873083,31.0,1162048,1,1,0,1,1.0,40.0,4.0,-9.0,4.0,611M1,13.0,22755.0,2126.0
2873083,2873084,24.0,1162048,2,2,1,1,6.0,-9.0,-9.0,-9.0,4.0,6111,13.0,22755.0,2126.0
2873084,2873085,31.0,1162049,1,1,0,1,1.0,40.0,4.0,-9.0,4.0,611M1,13.0,22755.0,2126.0
2873085,2873086,24.0,1162049,2,2,1,1,6.0,-9.0,-9.0,-9.0,4.0,6111,13.0,22755.0,2126.0
2873086,2873087,31.0,1162050,1,1,0,1,1.0,40.0,4.0,-9.0,4.0,611M1,13.0,22755.0,2126.0
2873087,2873088,24.0,1162050,2,2,1,1,6.0,-9.0,-9.0,-9.0,4.0,6111,13.0,22755.0,2126.0
2873088,2873089,31.0,1162051,1,1,0,1,1.0,40.0,4.0,-9.0,4.0,611M1,13.0,22755.0,2126.0
2873089,2873090,24.0,1162051,2,2,1,1,6.0,-9.0,-9.0,-9.0,4.0,6111,13.0,22755.0,2126.0
2873090,2873091,31.0,1162052,1,1,0,1,1.0,40.0,4.0,-9.0,4.0,611M1,13.0,22755.0,2126.0
2873091,2873092,24.0,1162052,2,2,1,1,6.0,-9.0,-9.0,-9.0,4.0,6111,13.0,22755.0,2126.0
2873092,2873093,31.0,1162053,1,1,0,1,1.0,40.0,4.0,-9.0,4.0,611M1,13.0,22755.0,2126.0
2873093,2873094,24.0,1162053,2,2,1,1,6.0,-9.0,-9.0,-9.0,4.0,6111,13.0,22755.0,2126.0
2873094,2873095,31.0,1162054,1,1,0,1,1.0,40.0,4.0,-9.0,4.0,611M1,13.0,22755.0,2126.0
2873095,2873096,24.0,1162054,2,2,1,1,6.0,-9.0,-9.0,-9.0,4.0,6111,13.0,22755.0,2126.0
2873096,2873097,31.0,1162055,1,1,0,1,1.0,40.0,4.0,-9.0,4.0,611M1,13.0,22755.0,2126.0
2873097,2873098,24.0,1162055,2,2,1,1,6.0,-9.0,-9.0,-9.0,4.0,6111,13.0,22755.0,2126.0
2873098,2873099,31.0,1162056,1,1,0,1,1.0,40.0,4.0,-9.0,4.0,611M1,13.0,22755.0,2126.0
2873099,2873100,24.0,1162056,2,2,1,1,6.0,-9.0,-9.0,-9.0,4.0,6111,13.0,22755.0,2126.0
2873100,2873101,31.0,1162057,1,1,0,1,1.0,40.0,4.0,-9.0,4.0,611M1,13.0,22755.0,2126.0
2873101,2873102,24.0,1162057,2,2,1,1,6.0,-9.0,-9.0,-9.0,4.0,6111,13.0,22755.0,2126.0
2873102,2873103,31.0,1162058,1,1,0,1,1.0,40.0,4.0,-9.0,4.0,611M1,13.0,22755.0,2126.0
2873103,2873104,24.0,1162058,2,2,1,1,6.0,-9.0,-9.0,-9.0,4.0,6111,13.0,22755.0,2126.0
2873104,2873105,31.0,1162059,1,1,0,1,1.0,40.0,4.0,-9.0,4.0,611M1,13.0,22755.0,2126.0
2873105,2873106,24.0,1162059,2,2,1,1,6.0,-9.0,-9.0,-9.0,4.0,6111,13.0,22755.0,2126.0
2873106,2873107,31.0,1162060,1,1,0,1,1.0,40.0,4.0,-9.0,4.0,611M1,13.0,22755.0,2126.0
2873107,2873108,24.0,1162060,2,2,1,1,6.0,-9.0,-9.0,-9.0,4.0,6111,13.0,22755.0,2126.0
2873108,2873109,31.0,1162061,1,1,0,1,1.0,40.0,4.0,-9.0,4.0,611M1,13.0,22755.0,2126.0
2873109,2873110,24.0,1162061,2,2,1,1,6.0,-9.0,-9.0,-9.0,4.0,6111,13.0,22755.0,2126.0
2873110,2873111,31.0,1162062,1,1,0,1,1.0,40.0,4.0,-9.0,4.0,611M1,13.0,22755.0,2126.0
2873111,2873112,24.0,1162062,2,2,1,1,6.0,-9.0,-9.0,-9.0,4.0,6111,13.0,22755.0,2126.0
2873112,2873113,31.0,1162063,1,1,0,1,1.0,40.0,4.0,-9.0,4.0,611M1,13.0,22755.0,2126.0
2873113,2873114,24.0,1162063,2,2,1,1,6.0,-9.0,-9.0,-9.0,4.0,6111,13.0,22755.0,2126.0
2873114,2873115,31.0,1162064,1,1,0,1,1.0,40.0,4.0,-9.0,4.0,611M1,13.0,22755.0,2126.0
2873115,2873116,24.0,1162064,2,2,1,1,6.0,-9.0,-9.0,-9.0,4.0,6111,13.0,22755.0,2126.0
2873116,2873117,31.0,1162065,1,1,0,1,1.0,40.0,4.0,-9.0,4.0,611M1,13.0,22755.0,2126.0
2873117,2873118,24.0,1162065,2,2,1,1,6.0,-9.0,-9.0,-9.0,4.0,6111,13.0,22755.0,2126.0
2873118,2873119,31.0,1162066,1,1,0,1,1.0,40.0,4.0,-9.0,4.0,611M1,13.0,22755.0,2126.0
2873119,2873120,24.0,1162066,2,2,1,1,6.0,-9.0,-9.0,-9.0,4.0,6111,13.0,22755.0,2126.0
2873120,2873121,31.0,1162067,1,1,0,1,1.0,40.0,4.0,-9.0,4.0,611M1,13.0,22755.0,2126.0
2873121,2873122,24.0,1162067,2,2,1,1,6.0,-9.0,-9.0,-9.0,4.0,6111,13.0,22755.0,2126.0
2873122,2873123,31.0,1162068,1,1,0,1,1.0,40.0,4.0,-9.0,4.0,611M1,13.0,22755.0,2126.0
2873123,2873124,24.0,1162068,2,2,1,1,6.0,-9.0,-9.0,-9.0,4.0,6111,13.0,22755.0,2126.0
2873124,2873125,31.0,1162069,1,1,0,1,1.0,40.0,4.0,-9.0,4.0,611M1,13.0,22755.0,2126.0
2873125,2873126,24.0,1162069,2,2,1,1,6.0,-9.0,-9.0,-9.0,4.0,6111,13.0,22755.0,2126.0
2873126,2873127,31.0,1162070,1,1,0,1,1.0,40.0,4.0,-9.0,4.0,611M1,13.0,22755.0,2126.0
2873127,2873128,24.0,1162070,2,2,1,1,6.0,-9.0,-9.0,-9.0,4.0,6111,13.0,22755.0,2126.0
2873128,2873129,31.0,1162071,1,1,0,1,1.0,40.0,4.0,-9.0,4.0,611M1,13.0,22755.0,2126.0
2873129,2873130,24.0,1162071,2,2,1,1,6.0,-9.0,-9.0,-9.0,4.0,6111,13.0,22755.0,2126.0
2873130,2873131,31.0,1162072,1,1,0,1,1.0,40.0,4.0,-9.0,4.0,611M1,13.0,22755.0,2126.0
2873131,2873132,24.0,1162072,2,2,1,1,6.0,-9.0,-9.0,-9.0,4.0,6111,13.0,22755.0,2126.0
2873132,2873133,31.0,1162073,1,1,0,1,1.0,40.0,4.0,-9.0,4.0,611M1,13.0,22755.0,2126.0
2873133,2873134,24.0,1162073,2,2,1,1,6.0,-9.0,-9.0,-9.0,4.0,6111,13.0,22755.0,2126.0
2873134,2873135,31.0,1162074,1,1,0,1,1.0,40.0,4.0,-9.0,4.0,611M1,13.0,22755.0,2126.0
2873135,2873136,24.0,1162074,2,2,1,1,6.0,-9.0,-9.0,-9.0,4.0,6111,13.0,22755.0,2126.0
2873136,2873137,31.0,1162075,1,1,0,1,1.0,40.0,4.0,-9.0,4.0,611M1,13.0,22755.0,2126.0
2873137,2873138,24.0,1162075,2,2,1,1,6.0,-9.0,-9.0,-9.0,4.0,6111,13.0,22755.0,2126.0
2873138,2873139,31.0,1162076,1,1,0,1,1.0,40.0,4.0,-9.0,4.0,611M1,13.0,22755.0,2126.0
2873139,2873140,24.0,1162076,2,2,1,1,6.0,-9.0,-9.0,-9.0,4.0,6111,13.0,22755.0,2126.0
2873140,2873141,31.0,1162077,1,1,0,1,1.0,40.0,4.0,-9.0,4.0,611M1,13.0,22755.0,2126.0
2873141,2873142,24.0,1162077,2,2,1,1,6.0,-9.0,-9.0,-9.0,4.0,6111,13.0,22755.0,2126.0
2873142,2873143,31.0,1162078,1,1,0,1,1.0,40.0,4.0,-9.0,4.0,611M1,13.0,22755.0,2126.0
2873143,2873144,24.0,1162078,2,2,1,1,6.0,-9.0,-9.0,-9.0,4.0,6111,13.0,22755.0,2126.0
2873144,2873145,31.0,1162079,1,1,0,1,1.0,40.0,4.0,-9.0,4.0,611M1,13.0,22755.0,2126.0
2873145,2873146,24.0,1162079,2,2,1,1,6.0,-9.0,-9.0,-9.0,4.0,6111,13.0,22755.0,2126.0
2873146,2873147,31.0,1162080,1,1,0,1,1.0,40.0,4.0,-9.0,4.0,611M1,13.0,22755.0,2126.0
2873147,2873148,24.0,1162080,2,2,1,1,6.0,-9.0,-9.0,-9.0,4.0,6111,13.0,22755.0,2126.0
2873148,2873149,31.0,1162081,1,1,0,1,1.0,40.0,4.0,-9.0,4.0,611M1,13.0,22755.0,2126.0
2873149,2873150,24.0,1162081,2,2,1,1,6.0,-9.0,-9.0,-9.0,4.0,6111,13.0,22755.0,2126.0
2873150,2873151,31.0,1162082,1,1,0,1,1.0,40.0,4.0,-9.0,4.0,611M1,13.0,22755.0,2126.0
2873151,2873152,24.0,1162082,2,2,1,1,6.0,-9.0,-9.0,-9.0,4.0,6111,13.0,22755.0,2126.0
2873152,2873153,31.0,1162083,1,1,0,1,1.0,40.0,4.0,-9.0,4.0,611M1,13.0,22755.0,2126.0
2873153,2873154,24.0,1162083,2,2,1,1,6.0,-9.0,-9.0,-9.0,4.0,6111,13.0,22755.0,2126.0
2873154,2873155,31.0,1162084,1,1,0,1,1.0,40.0,4.0,-9.0,4.0,611M1,13.0,22755.0,2126.0
2873155,2873156,24.0,1162084,2,2,1,1,6.0,-9.0,-9.0,-9.0,4.0,6111,13.0,22755.0,2126.0
2873156,2873157,31.0,1162085,1,1,0,1,1.0,40.0,4.0,-9.0,4.0,611M1,13.0,22755.0,2126.0
2873157,2873158,24.0,1162085,2,2,1,1,6.0,-9.0,-9.0,-9.0,4.0,6111,13.0,22755.0,2126.0
2873158,2873159,31.0,1162086,1,1,0,1,1.0,40.0,4.0,-9.0,4.0,611M1,13.0,22755.0,2126.0
2873159,2873160,24.0,1162086,2,2,1,1,6.0,-9.0,-9.0,-9.0,4.0,6111,13.0,22755.0,2126.0
2873160,2873161,31.0,1162087,1,1,0,1,1.0,40.0,4.0,-9.0,4.0,611M1,13.0,22755.0,2126.0
2873161,2873162,24.0,1162087,2,2,1,1,6.0,-9.0,-9.0,-9.0,4.0,6111,13.0,22755.0,2126.0
2873162,2873163,31.0,1162088,1,1,0,1,1.0,40.0,4.0,-9.0,4.0,611M1,13.0,22755.0,2126.0
2873163,2873164,24.0,1162088,2,2,1,1,6.0,-9.0,-9.0,-9.0,4.0,6111,13.0,22755.0,2126.0
2873164,2873165,31.0,1162089,1,1,0,1,1.0,40.0,4.0,-9.0,4.0,611M1,13.0,22755.0,2126.0
2873165,2873166,24.0,1162089,2,2,1,1,6.0,-9.0,-9.0,-9.0,4.0,6111,13.0,22755.0,2126.0
2873166,2873167,31.0,1162090,1,1,0,1,1.0,40.0,4.0,-9.0,4.0,611M1,13.0,22755.0,2126.0
2873167,2873168,24.0,1162090,2,2,1,1,6.0,-9.0,-9.0,-9.0,4.0,6111,13.0,22755.0,2126.0
2873168,2873169,31.0,1162091,1,1,0,1,1.0,40.0,4.0,-9.0,4.0,611M1,13.0,22755.0,2126.0
2873169,2873170,24.0,1162091,2,2,1,1,6.0,-9.0,-9.0,-9.0,4.0,6111,13.0,22755.0,2126.0
2873170,2873171,31.0,1162092,1,1,0,1,1.0,40.0,4.0,-9.0,4.0,611M1,13.0,22755.0,2126.0
2873171,2873172,24.0,1162092,2,2,1,1,6.0,-9.0,-9.0,-9.0,4.0,6111,13.0,22755.0,2126.0
2873172,2873173,31.0,1162093,1,1,0,1,1.0,40.0,4.0,-9.0,4.0,611M1,13.0,22755.0,2126.0
2873173,2873174,24.0,1162093,2,2,1,1,6.0,-9.0,-9.0,-9.0,4.0,6111,13.0,22755.0,2126.0
2873174,2873175,31.0,1162094,1,1,0,1,1.0,40.0,4.0,-9.0,4.0,611M1,13.0,22755.0,2126.0
2873175,2873176,24.0,1162094,2,2,1,1,6.0,-9.0,-9.0,-9.0,4.0,6111,13.0,22755.0,2126.0
2873176,2873177,19.0,1162095,1,2,0,2,1.0,10.0,6.0,15.0,4.0,611M1,13.0,22755.0,2126.0
2873177,2873178,24.0,1162096,1,2,0,2,1.0,36.0,4.0,-9.0,4.0,622M,15.0,22755.0,2126.0
2873178,2873179,24.0,1162097,1,2,0,2,1.0,36.0,4.0,-9.0,4.0,622M,15.0,22755.0,2126.0
2873179,2873180,19.0,1162098,1,2,0,2,1.0,10.0,6.0,15.0,4.0,611M1,13.0,22755.0,2126.0
2873180,2873181,19.0,1162099,1,2,0,2,1.0,10.0,6.0,15.0,4.0,611M1,13.0,22755.0,2126.0
2873181,2873182,19.0,1162100,1,2,0,2,1.0,10.0,6.0,15.0,4.0,611M1,13.0,22755.0,2126.0
2873182,2873183,19.0,1162101,1,2,0,2,1.0,10.0,6.0,15.0,4.0,611M1,13.0,22755.0,2126.0
2873183,2873184,19.0,1162102,1,2,0,2,1.0,10.0,6.0,15.0,4.0,611M1,13.0,22755.0,2126.0
2873184,2873185,19.0,1162103,1,2,0,2,1.0,10.0,6.0,15.0,4.0,611M1,13.0,22755.0,2126.0
2873185,2873186,19.0,1162104,1,2,0,2,1.0,10.0,6.0,15.0,4.0,611M1,13.0,22755.0,2126.0
2873186,2873187,19.0,1162105,1,2,0,2,1.0,10.0,6.0,15.0,4.0,611M1,13.0,22755.0,2126.0
2873187,2873188,19.0,1162106,1,2,0,2,1.0,10.0,6.0,15.0,4.0,611M1,13.0,22755.0,2126.0
2873188,2873189,19.0,1162107,1,2,0,2,1.0,10.0,6.0,15.0,4.0,611M1,13.0,22755.0,2126.0
2873189,2873190,24.0,1162108,1,2,0,2,1.0,36.0,4.0,-9.0,4.0,622M,15.0,22755.0,2126.0
2873190,2873191,19.0,1162109,1,2,0,2,1.0,10.0,6.0,15.0,4.0,611M1,13.0,22755.0,2126.0
2873191,2873192,24.0,1162110,1,2,0,2,1.0,36.0,4.0,-9.0,4.0,622M,15.0,22755.0,2126.0
2873192,2873193,24.0,1162111,1,2,0,2,1.0,36.0,4.0,-9.0,4.0,622M,15.0,22755.0,2126.0
2873193,2873194,19.0,1162112,1,2,0,2,1.0,10.0,6.0,15.0,4.0,611M1,13.0,22755.0,2126.0
2873194,2873195,19.0,1162113,1,2,0,2,1.0,10.0,6.0,15.0,4.0,611M1,13.0,22755.0,2126.0
2873195,2873196,19.0,1162114,1,2,0,2,1.0,10.0,6.0,15.0,4.0,611M1,13.0,22755.0,2126.0
2873196,2873197,19.0,1162115,1,2,0,2,1.0,10.0,6.0,15.0,4.0,611M1,13.0,22755.0,2126.0
2873197,2873198,19.0,1162116,1,2,0,2,1.0,10.0,6.0,15.0,4.0,611M1,13.0,22755.0,2126.0
2873198,2873199,24.0,1162117,1,2,0,2,1.0,36.0,4.0,-9.0,4.0,622M,15.0,22755.0,2126.0
2873199,2873200,19.0,1162118,1,2,0,2,1.0,10.0,6.0,15.0,4.0,611M1,13.0,22755.0,2126.0
2873200,2873201,24.0,1162119,1,2,0,2,1.0,36.0,4.0,-9.0,4.0,622M,15.0,22755.0,2126.0
2873201,2873202,24.0,1162120,1,2,0,2,1.0,36.0,4.0,-9.0,4.0,622M,15.0,22755.0,2126.0
2873202,2873203,19.0,1162121,1,2,0,2,1.0,10.0,6.0,15.0,4.0,611M1,13.0,22755.0,2126.0
2873203,2873204,19.0,1162122,1,2,0,2,1.0,10.0,6.0,15.0,4.0,611M1,13.0,22756.0,2126.0
2873204,2873205,19.0,1162123,1,2,0,2,1.0,10.0,6.0,15.0,4.0,611M1,13.0,22755.0,2126.0
2873205,2873206,19.0,1162124,1,2,0,2,1.0,10.0,6.0,15.0,4.0,611M1,13.0,22755.0,2126.0
2873206,2873207,19.0,1162125,1,2,0,2,1.0,10.0,6.0,15.0,4.0,611M1,13.0,22755.0,2126.0
2873207,2873208,19.0,1162126,1,2,0,2,1.0,10.0,6.0,15.0,4.0,611M1,13.0,22755.0,2126.0
2873208,2873209,19.0,1162127,1,2,0,2,1.0,10.0,6.0,15.0,4.0,611M1,13.0,22755.0,2126.0
2873209,2873210,19.0,1162128,1,2,0,2,1.0,10.0,6.0,15.0,4.0,611M1,13.0,22755.0,2126.0
2873210,2873211,19.0,1162129,1,2,0,2,1.0,10.0,6.0,15.0,4.0,611M1,13.0,22755.0,2126.0
2873211,2873212,20.0,1162130,1,1,0,2,1.0,50.0,1.0,-9.0,4.0,51111,8.0,22755.0,2126.0
2873212,2873213,20.0,1162131,1,1,0,2,1.0,50.0,1.0,-9.0,4.0,51111,8.0,22755.0,2126.0
2873213,2873214,20.0,1162132,1,1,0,2,1.0,50.0,1.0,-9.0,4.0,51111,8.0,22755.0,2126.0
2873214,2873215,20.0,1162133,1,1,0,2,1.0,50.0,1.0,-9.0,4.0,51111,8.0,22755.0,2126.0
2873215,2873216,20.0,1162134,1,1,0,2,1.0,50.0,1.0,-9.0,4.0,51111,8.0,22755.0,2126.0
2873216,2873217,20.0,1162135,1,1,0,2,1.0,50.0,1.0,-9.0,4.0,51111,8.0,22755.0,2126.0
2873217,2873218,20.0,1162136,1,1,0,2,1.0,50.0,1.0,-9.0,4.0,51111,8.0,22755.0,2126.0
2873218,2873219,20.0,1162137,1,1,0,2,1.0,50.0,1.0,-9.0,4.0,51111,8.0,22755.0,2126.0
2873219,2873220,20.0,1162138,1,1,0,2,1.0,50.0,1.0,-9.0,4.0,51111,8.0,22755.0,2126.0
2873220,2873221,20.0,1162139,1,1,0,2,1.0,50.0,1.0,-9.0,4.0,51111,8.0,22755.0,2126.0
2873221,2873222,20.0,1162140,1,1,0,2,1.0,50.0,1.0,-9.0,4.0,51111,8.0,22755.0,2126.0
2873222,2873223,20.0,1162141,1,1,0,2,1.0,50.0,1.0,-9.0,4.0,51111,8.0,22755.0,2126.0
2873223,2873224,20.0,1162142,1,1,0,2,1.0,50.0,1.0,-9.0,4.0,51111,8.0,22755.0,2126.0
2873224,2873225,20.0,1162143,1,1,0,2,1.0,50.0,1.0,-9.0,4.0,51111,8.0,22755.0,2126.0
2873225,2873226,24.0,1162144,1,1,0,1,1.0,50.0,3.0,-9.0,4.0,5416,10.0,22755.0,2126.0
2873226,2873227,21.0,1162145,1,1,0,1,1.0,80.0,1.0,15.0,4.0,517311,8.0,22755.0,2126.0
2873227,2873228,53.0,1162146,1,2,0,3,1.0,40.0,1.0,-9.0,4.0,611M1,13.0,22757.0,2127.0
2873228,2873229,18.0,1162146,2,2,2,3,6.0,25.0,4.0,-9.0,4.0,722Z,16.0,22757.0,2127.0
2873229,2873230,53.0,1162147,1,2,0,3,1.0,40.0,1.0,-9.0,4.0,611M1,13.0,22757.0,2127.0
2873230,2873231,18.0,1162147,2,2,2,3,6.0,25.0,4.0,-9.0,4.0,722Z,16.0,22757.0,2127.0
2873231,2873232,53.0,1162148,1,2,0,3,1.0,40.0,1.0,-9.0,4.0,611M1,13.0,22757.0,2127.0
2873232,2873233,18.0,1162148,2,2,2,3,6.0,25.0,4.0,-9.0,4.0,722Z,16.0,22757.0,2127.0
2873233,2873234,26.0,1162149,1,2,0,4,1.0,40.0,3.0,16.0,4.0,611M1,13.0,22761.0,2128.0
2873234,2873235,24.0,1162149,2,2,12,4,6.0,-9.0,-9.0,16.0,4.0,-9,0.0,22761.0,2128.0
2873235,2873236,26.0,1162150,1,2,0,4,1.0,40.0,3.0,16.0,4.0,611M1,13.0,22761.0,2128.0
2873236,2873237,24.0,1162150,2,2,12,4,6.0,-9.0,-9.0,16.0,4.0,-9,0.0,22761.0,2128.0
2873237,2873238,26.0,1162151,1,2,0,4,1.0,40.0,3.0,16.0,4.0,611M1,13.0,22761.0,2128.0
2873238,2873239,24.0,1162151,2,2,12,4,6.0,-9.0,-9.0,16.0,4.0,-9,0.0,22761.0,2128.0
2873239,2873240,26.0,1162152,1,2,0,4,1.0,40.0,3.0,16.0,4.0,611M1,13.0,22761.0,2128.0
2873240,2873241,24.0,1162152,2,2,12,4,6.0,-9.0,-9.0,16.0,4.0,-9,0.0,22761.0,2128.0
2873241,2873242,26.0,1162153,1,2,0,4,1.0,40.0,3.0,16.0,4.0,611M1,13.0,22757.0,2127.0
2873242,2873243,24.0,1162153,2,2,12,4,6.0,-9.0,-9.0,16.0,4.0,-9,0.0,22757.0,2127.0
2873243,2873244,26.0,1162154,1,2,0,4,1.0,40.0,3.0,16.0,4.0,611M1,13.0,22761.0,2128.0
2873244,2873245,24.0,1162154,2,2,12,4,6.0,-9.0,-9.0,16.0,4.0,-9,0.0,22761.0,2128.0
2873245,2873246,26.0,1162155,1,2,0,4,1.0,40.0,3.0,16.0,4.0,611M1,13.0,22761.0,2128.0
2873246,2873247,24.0,1162155,2,2,12,4,6.0,-9.0,-9.0,16.0,4.0,-9,0.0,22761.0,2128.0
2873247,2873248,26.0,1162156,1,2,0,4,1.0,40.0,3.0,16.0,4.0,611M1,13.0,22757.0,2127.0
2873248,2873249,24.0,1162156,2,2,12,4,6.0,-9.0,-9.0,16.0,4.0,-9,0.0,22757.0,2127.0
2873249,2873250,26.0,1162157,1,2,0,4,1.0,40.0,3.0,16.0,4.0,611M1,13.0,22761.0,2128.0
2873250,2873251,24.0,1162157,2,2,12,4,6.0,-9.0,-9.0,16.0,4.0,-9,0.0,22761.0,2128.0
2873251,2873252,26.0,1162158,1,2,0,4,1.0,40.0,3.0,16.0,4.0,611M1,13.0,22757.0,2127.0
2873252,2873253,24.0,1162158,2,2,12,4,6.0,-9.0,-9.0,16.0,4.0,-9,0.0,22757.0,2127.0
2873253,2873254,26.0,1162159,1,2,0,4,1.0,40.0,3.0,16.0,4.0,611M1,13.0,22757.0,2127.0
2873254,2873255,24.0,1162159,2,2,12,4,6.0,-9.0,-9.0,16.0,4.0,-9,0.0,22757.0,2127.0
2873255,2873256,26.0,1162160,1,2,0,4,1.0,40.0,3.0,16.0,4.0,611M1,13.0,22761.0,2128.0
2873256,2873257,24.0,1162160,2,2,12,4,6.0,-9.0,-9.0,16.0,4.0,-9,0.0,22761.0,2128.0
2873257,2873258,26.0,1162161,1,2,0,4,1.0,40.0,3.0,16.0,4.0,611M1,13.0,22761.0,2128.0
2873258,2873259,24.0,1162161,2,2,12,4,6.0,-9.0,-9.0,16.0,4.0,-9,0.0,22761.0,2128.0
2873259,2873260,26.0,1162162,1,2,0,4,1.0,40.0,3.0,16.0,4.0,611M1,13.0,22757.0,2127.0
2873260,2873261,24.0,1162162,2,2,12,4,6.0,-9.0,-9.0,16.0,4.0,-9,0.0,22757.0,2127.0
2873261,2873262,26.0,1162163,1,2,0,4,1.0,40.0,3.0,16.0,4.0,611M1,13.0,22761.0,2128.0
2873262,2873263,24.0,1162163,2,2,12,4,6.0,-9.0,-9.0,16.0,4.0,-9,0.0,22761.0,2128.0
2873263,2873264,26.0,1162164,1,2,0,4,1.0,40.0,3.0,16.0,4.0,611M1,13.0,22761.0,2128.0
2873264,2873265,24.0,1162164,2,2,12,4,6.0,-9.0,-9.0,16.0,4.0,-9,0.0,22761.0,2128.0
2873265,2873266,26.0,1162165,1,2,0,4,1.0,40.0,3.0,16.0,4.0,611M1,13.0,22761.0,2128.0
2873266,2873267,24.0,1162165,2,2,12,4,6.0,-9.0,-9.0,16.0,4.0,-9,0.0,22761.0,2128.0
2873267,2873268,26.0,1162166,1,2,0,4,1.0,40.0,3.0,16.0,4.0,611M1,13.0,22761.0,2128.0
2873268,2873269,24.0,1162166,2,2,12,4,6.0,-9.0,-9.0,16.0,4.0,-9,0.0,22761.0,2128.0
2873269,2873270,26.0,1162167,1,2,0,4,1.0,40.0,3.0,16.0,4.0,611M1,13.0,22757.0,2127.0
2873270,2873271,24.0,1162167,2,2,12,4,6.0,-9.0,-9.0,16.0,4.0,-9,0.0,22757.0,2127.0
2873271,2873272,26.0,1162168,1,2,0,4,1.0,40.0,3.0,16.0,4.0,611M1,13.0,22761.0,2128.0
2873272,2873273,24.0,1162168,2,2,12,4,6.0,-9.0,-9.0,16.0,4.0,-9,0.0,22761.0,2128.0
2873273,2873274,26.0,1162169,1,2,0,4,1.0,40.0,3.0,16.0,4.0,611M1,13.0,22761.0,2128.0
2873274,2873275,24.0,1162169,2,2,12,4,6.0,-9.0,-9.0,16.0,4.0,-9,0.0,22761.0,2128.0
2873275,2873276,26.0,1162170,1,2,0,4,1.0,40.0,3.0,16.0,4.0,611M1,13.0,22757.0,2127.0
2873276,2873277,24.0,1162170,2,2,12,4,6.0,-9.0,-9.0,16.0,4.0,-9,0.0,22757.0,2127.0
2873277,2873278,26.0,1162171,1,2,0,4,1.0,40.0,3.0,16.0,4.0,611M1,13.0,22757.0,2127.0
2873278,2873279,24.0,1162171,2,2,12,4,6.0,-9.0,-9.0,16.0,4.0,-9,0.0,22757.0,2127.0
2873279,2873280,26.0,1162172,1,2,0,4,1.0,40.0,3.0,16.0,4.0,611M1,13.0,22761.0,2128.0
2873280,2873281,24.0,1162172,2,2,12,4,6.0,-9.0,-9.0,16.0,4.0,-9,0.0,22761.0,2128.0
2873281,2873282,26.0,1162173,1,2,0,4,1.0,40.0,3.0,16.0,4.0,611M1,13.0,22761.0,2128.0
2873282,2873283,24.0,1162173,2,2,12,4,6.0,-9.0,-9.0,16.0,4.0,-9,0.0,22761.0,2128.0
2873283,2873284,26.0,1162174,1,2,0,4,1.0,40.0,3.0,16.0,4.0,611M1,13.0,22757.0,2127.0
2873284,2873285,24.0,1162174,2,2,12,4,6.0,-9.0,-9.0,16.0,4.0,-9,0.0,22757.0,2127.0
2873285,2873286,26.0,1162175,1,2,0,4,1.0,40.0,3.0,16.0,4.0,611M1,13.0,22761.0,2128.0
2873286,2873287,24.0,1162175,2,2,12,4,6.0,-9.0,-9.0,16.0,4.0,-9,0.0,22761.0,2128.0
2873287,2873288,26.0,1162176,1,2,0,4,1.0,40.0,3.0,16.0,4.0,611M1,13.0,22757.0,2127.0
2873288,2873289,24.0,1162176,2,2,12,4,6.0,-9.0,-9.0,16.0,4.0,-9,0.0,22757.0,2127.0
2873289,2873290,26.0,1162177,1,2,0,4,1.0,40.0,3.0,16.0,4.0,611M1,13.0,22761.0,2128.0
2873290,2873291,24.0,1162177,2,2,12,4,6.0,-9.0,-9.0,16.0,4.0,-9,0.0,22761.0,2128.0
2873291,2873292,26.0,1162178,1,2,0,4,1.0,40.0,3.0,16.0,4.0,611M1,13.0,22761.0,2128.0
2873292,2873293,24.0,1162178,2,2,12,4,6.0,-9.0,-9.0,16.0,4.0,-9,0.0,22761.0,2128.0
2873293,2873294,26.0,1162179,1,2,0,4,1.0,40.0,3.0,16.0,4.0,611M1,13.0,22761.0,2128.0
2873294,2873295,24.0,1162179,2,2,12,4,6.0,-9.0,-9.0,16.0,4.0,-9,0.0,22761.0,2128.0
2873295,2873296,26.0,1162180,1,2,0,4,1.0,40.0,3.0,16.0,4.0,611M1,13.0,22757.0,2127.0
2873296,2873297,24.0,1162180,2,2,12,4,6.0,-9.0,-9.0,16.0,4.0,-9,0.0,22757.0,2127.0
2873297,2873298,26.0,1162181,1,2,0,4,1.0,40.0,3.0,16.0,4.0,611M1,13.0,22761.0,2128.0
2873298,2873299,24.0,1162181,2,2,12,4,6.0,-9.0,-9.0,16.0,4.0,-9,0.0,22761.0,2128.0
2873299,2873300,26.0,1162182,1,2,0,4,1.0,40.0,3.0,16.0,4.0,611M1,13.0,22757.0,2127.0
2873300,2873301,24.0,1162182,2,2,12,4,6.0,-9.0,-9.0,16.0,4.0,-9,0.0,22757.0,2127.0
2873301,2873302,26.0,1162183,1,2,0,4,1.0,40.0,3.0,16.0,4.0,611M1,13.0,22761.0,2128.0
2873302,2873303,24.0,1162183,2,2,12,4,6.0,-9.0,-9.0,16.0,4.0,-9,0.0,22761.0,2128.0
2873303,2873304,26.0,1162184,1,2,0,4,1.0,40.0,3.0,16.0,4.0,611M1,13.0,22761.0,2128.0
2873304,2873305,24.0,1162184,2,2,12,4,6.0,-9.0,-9.0,16.0,4.0,-9,0.0,22761.0,2128.0
2873305,2873306,26.0,1162185,1,2,0,4,1.0,40.0,3.0,16.0,4.0,611M1,13.0,22761.0,2128.0
2873306,2873307,24.0,1162185,2,2,12,4,6.0,-9.0,-9.0,16.0,4.0,-9,0.0,22761.0,2128.0
2873307,2873308,26.0,1162186,1,2,0,4,1.0,40.0,3.0,16.0,4.0,611M1,13.0,22757.0,2127.0
2873308,2873309,24.0,1162186,2,2,12,4,6.0,-9.0,-9.0,16.0,4.0,-9,0.0,22757.0,2127.0
2873309,2873310,26.0,1162187,1,2,0,4,1.0,40.0,3.0,16.0,4.0,611M1,13.0,22761.0,2128.0
2873310,2873311,24.0,1162187,2,2,12,4,6.0,-9.0,-9.0,16.0,4.0,-9,0.0,22761.0,2128.0
2873311,2873312,26.0,1162188,1,2,0,4,1.0,40.0,3.0,16.0,4.0,611M1,13.0,22757.0,2127.0
2873312,2873313,24.0,1162188,2,2,12,4,6.0,-9.0,-9.0,16.0,4.0,-9,0.0,22757.0,2127.0
2873313,2873314,26.0,1162189,1,2,0,4,1.0,40.0,3.0,16.0,4.0,611M1,13.0,22761.0,2128.0
2873314,2873315,24.0,1162189,2,2,12,4,6.0,-9.0,-9.0,16.0,4.0,-9,0.0,22761.0,2128.0
2873315,2873316,26.0,1162190,1,2,0,4,1.0,40.0,3.0,16.0,4.0,611M1,13.0,22761.0,2128.0
2873316,2873317,24.0,1162190,2,2,12,4,6.0,-9.0,-9.0,16.0,4.0,-9,0.0,22761.0,2128.0
2873317,2873318,26.0,1162191,1,2,0,4,1.0,40.0,3.0,16.0,4.0,611M1,13.0,22761.0,2128.0
2873318,2873319,24.0,1162191,2,2,12,4,6.0,-9.0,-9.0,16.0,4.0,-9,0.0,22761.0,2128.0
2873319,2873320,26.0,1162192,1,2,0,4,1.0,40.0,3.0,16.0,4.0,611M1,13.0,22757.0,2127.0
2873320,2873321,24.0,1162192,2,2,12,4,6.0,-9.0,-9.0,16.0,4.0,-9,0.0,22757.0,2127.0
2873321,2873322,40.0,1162193,1,1,0,4,1.0,20.0,1.0,16.0,4.0,611M1,13.0,22761.0,2128.0
2873322,2873323,23.0,1162193,2,1,12,1,6.0,-9.0,-9.0,16.0,4.0,-9,0.0,22761.0,2128.0
2873323,2873324,40.0,1162194,1,1,0,4,1.0,20.0,1.0,16.0,4.0,611M1,13.0,22761.0,2128.0
2873324,2873325,23.0,1162194,2,1,12,1,6.0,-9.0,-9.0,16.0,4.0,-9,0.0,22761.0,2128.0
2873325,2873326,40.0,1162195,1,1,0,4,1.0,20.0,1.0,16.0,4.0,611M1,13.0,22757.0,2127.0
2873326,2873327,23.0,1162195,2,1,12,1,6.0,-9.0,-9.0,16.0,4.0,-9,0.0,22757.0,2127.0
2873327,2873328,25.0,1162196,1,1,0,4,2.0,15.0,5.0,16.0,4.0,611M1,13.0,22761.0,2128.0
2873328,2873329,24.0,1162196,2,1,12,4,6.0,20.0,5.0,16.0,4.0,611M1,13.0,22761.0,2128.0
2873329,2873330,26.0,1162197,1,1,0,4,1.0,40.0,2.0,-9.0,4.0,333MS,3.0,22761.0,2128.0
2873330,2873331,24.0,1162197,2,1,5,4,6.0,-9.0,-9.0,16.0,4.0,-9,0.0,22761.0,2128.0
2873331,2873332,26.0,1162198,1,1,0,4,1.0,40.0,2.0,-9.0,4.0,333MS,3.0,22761.0,2128.0
2873332,2873333,24.0,1162198,2,1,5,4,6.0,-9.0,-9.0,16.0,4.0,-9,0.0,22761.0,2128.0
2873333,2873334,26.0,1162199,1,1,0,4,1.0,40.0,2.0,-9.0,4.0,333MS,3.0,22761.0,2128.0
2873334,2873335,24.0,1162199,2,1,5,4,6.0,-9.0,-9.0,16.0,4.0,-9,0.0,22761.0,2128.0
2873335,2873336,26.0,1162200,1,1,0,4,1.0,40.0,2.0,-9.0,4.0,333MS,3.0,22761.0,2128.0
2873336,2873337,24.0,1162200,2,1,5,4,6.0,-9.0,-9.0,16.0,4.0,-9,0.0,22761.0,2128.0
2873337,2873338,26.0,1162201,1,1,0,4,1.0,40.0,2.0,-9.0,4.0,333MS,3.0,22761.0,2128.0
2873338,2873339,24.0,1162201,2,1,5,4,6.0,-9.0,-9.0,16.0,4.0,-9,0.0,22761.0,2128.0
2873339,2873340,26.0,1162202,1,1,0,4,1.0,40.0,2.0,-9.0,4.0,333MS,3.0,22761.0,2128.0
2873340,2873341,24.0,1162202,2,1,5,4,6.0,-9.0,-9.0,16.0,4.0,-9,0.0,22761.0,2128.0
2873341,2873342,26.0,1162203,1,1,0,4,1.0,40.0,2.0,-9.0,4.0,333MS,3.0,22761.0,2128.0
2873342,2873343,24.0,1162203,2,1,5,4,6.0,-9.0,-9.0,16.0,4.0,-9,0.0,22761.0,2128.0
2873343,2873344,26.0,1162204,1,1,0,4,1.0,40.0,2.0,-9.0,4.0,333MS,3.0,22761.0,2128.0
2873344,2873345,24.0,1162204,2,1,5,4,6.0,-9.0,-9.0,16.0,4.0,-9,0.0,22761.0,2128.0
2873345,2873346,40.0,1162205,1,2,0,2,1.0,30.0,4.0,-9.0,4.0,44611,5.0,22757.0,2127.0
2873346,2873347,21.0,1162205,2,1,2,4,6.0,-9.0,-9.0,15.0,4.0,-9,0.0,22757.0,2127.0
2873347,2873348,40.0,1162206,1,2,0,2,1.0,30.0,4.0,-9.0,4.0,44611,5.0,22761.0,2128.0
2873348,2873349,21.0,1162206,2,1,2,4,6.0,-9.0,-9.0,15.0,4.0,-9,0.0,22761.0,2128.0
2873349,2873350,40.0,1162207,1,2,0,2,1.0,30.0,4.0,-9.0,4.0,44611,5.0,22761.0,2128.0
2873350,2873351,21.0,1162207,2,1,2,4,6.0,-9.0,-9.0,15.0,4.0,-9,0.0,22761.0,2128.0
2873351,2873352,40.0,1162208,1,2,0,2,1.0,30.0,4.0,-9.0,4.0,44611,5.0,22761.0,2128.0
2873352,2873353,21.0,1162208,2,1,2,4,6.0,-9.0,-9.0,15.0,4.0,-9,0.0,22761.0,2128.0
2873353,2873354,40.0,1162209,1,2,0,2,1.0,30.0,4.0,-9.0,4.0,44611,5.0,22757.0,2127.0
2873354,2873355,21.0,1162209,2,1,2,4,6.0,-9.0,-9.0,15.0,4.0,-9,0.0,22757.0,2127.0
2873355,2873356,40.0,1162210,1,2,0,2,1.0,30.0,4.0,-9.0,4.0,44611,5.0,22761.0,2128.0
2873356,2873357,21.0,1162210,2,1,2,4,6.0,-9.0,-9.0,15.0,4.0,-9,0.0,22761.0,2128.0
2873357,2873358,40.0,1162211,1,2,0,2,1.0,30.0,4.0,-9.0,4.0,44611,5.0,22761.0,2128.0
2873358,2873359,21.0,1162211,2,1,2,4,6.0,-9.0,-9.0,15.0,4.0,-9,0.0,22761.0,2128.0
2873359,2873360,40.0,1162212,1,2,0,2,1.0,30.0,4.0,-9.0,4.0,44611,5.0,22757.0,2127.0
2873360,2873361,21.0,1162212,2,1,2,4,6.0,-9.0,-9.0,15.0,4.0,-9,0.0,22757.0,2127.0
2873361,2873362,40.0,1162213,1,2,0,2,1.0,30.0,4.0,-9.0,4.0,44611,5.0,22761.0,2128.0
2873362,2873363,21.0,1162213,2,1,2,4,6.0,-9.0,-9.0,15.0,4.0,-9,0.0,22761.0,2128.0
2873363,2873364,40.0,1162214,1,2,0,2,1.0,30.0,4.0,-9.0,4.0,44611,5.0,22757.0,2127.0
2873364,2873365,21.0,1162214,2,1,2,4,6.0,-9.0,-9.0,15.0,4.0,-9,0.0,22757.0,2127.0
2873365,2873366,40.0,1162215,1,2,0,2,1.0,30.0,4.0,-9.0,4.0,44611,5.0,22761.0,2128.0
2873366,2873367,21.0,1162215,2,1,2,4,6.0,-9.0,-9.0,15.0,4.0,-9,0.0,22761.0,2128.0
2873367,2873368,40.0,1162216,1,2,0,2,1.0,30.0,4.0,-9.0,4.0,44611,5.0,22761.0,2128.0
2873368,2873369,21.0,1162216,2,1,2,4,6.0,-9.0,-9.0,15.0,4.0,-9,0.0,22761.0,2128.0
2873369,2873370,40.0,1162217,1,2,0,2,1.0,30.0,4.0,-9.0,4.0,44611,5.0,22761.0,2128.0
2873370,2873371,21.0,1162217,2,1,2,4,6.0,-9.0,-9.0,15.0,4.0,-9,0.0,22761.0,2128.0
2873371,2873372,40.0,1162218,1,2,0,2,1.0,30.0,4.0,-9.0,4.0,44611,5.0,22761.0,2128.0
2873372,2873373,21.0,1162218,2,1,2,4,6.0,-9.0,-9.0,15.0,4.0,-9,0.0,22761.0,2128.0
2873373,2873374,40.0,1162219,1,2,0,2,1.0,30.0,4.0,-9.0,4.0,44611,5.0,22761.0,2128.0
2873374,2873375,21.0,1162219,2,1,2,4,6.0,-9.0,-9.0,15.0,4.0,-9,0.0,22761.0,2128.0
2873375,2873376,40.0,1162220,1,2,0,2,1.0,30.0,4.0,-9.0,4.0,44611,5.0,22757.0,2127.0
2873376,2873377,21.0,1162220,2,1,2,4,6.0,-9.0,-9.0,15.0,4.0,-9,0.0,22757.0,2127.0
2873377,2873378,40.0,1162221,1,2,0,2,1.0,30.0,4.0,-9.0,4.0,44611,5.0,22757.0,2127.0
2873378,2873379,21.0,1162221,2,1,2,4,6.0,-9.0,-9.0,15.0,4.0,-9,0.0,22757.0,2127.0
2873379,2873380,40.0,1162222,1,2,0,2,1.0,30.0,4.0,-9.0,4.0,44611,5.0,22761.0,2128.0
2873380,2873381,21.0,1162222,2,1,2,4,6.0,-9.0,-9.0,15.0,4.0,-9,0.0,22761.0,2128.0
2873381,2873382,40.0,1162223,1,2,0,2,1.0,30.0,4.0,-9.0,4.0,44611,5.0,22757.0,2127.0
2873382,2873383,21.0,1162223,2,1,2,4,6.0,-9.0,-9.0,15.0,4.0,-9,0.0,22757.0,2127.0
2873383,2873384,40.0,1162224,1,2,0,2,1.0,30.0,4.0,-9.0,4.0,44611,5.0,22761.0,2128.0
2873384,2873385,21.0,1162224,2,1,2,4,6.0,-9.0,-9.0,15.0,4.0,-9,0.0,22761.0,2128.0
2873385,2873386,40.0,1162225,1,2,0,2,1.0,30.0,4.0,-9.0,4.0,44611,5.0,22761.0,2128.0
2873386,2873387,21.0,1162225,2,1,2,4,6.0,-9.0,-9.0,15.0,4.0,-9,0.0,22761.0,2128.0
2873387,2873388,40.0,1162226,1,2,0,2,1.0,30.0,4.0,-9.0,4.0,44611,5.0,22761.0,2128.0
2873388,2873389,21.0,1162226,2,1,2,4,6.0,-9.0,-9.0,15.0,4.0,-9,0.0,22761.0,2128.0
2873389,2873390,40.0,1162227,1,2,0,2,1.0,30.0,4.0,-9.0,4.0,44611,5.0,22761.0,2128.0
2873390,2873391,21.0,1162227,2,1,2,4,6.0,-9.0,-9.0,15.0,4.0,-9,0.0,22761.0,2128.0
2873391,2873392,40.0,1162228,1,2,0,2,1.0,30.0,4.0,-9.0,4.0,44611,5.0,22761.0,2128.0
2873392,2873393,21.0,1162228,2,1,2,4,6.0,-9.0,-9.0,15.0,4.0,-9,0.0,22761.0,2128.0
2873393,2873394,40.0,1162229,1,2,0,2,1.0,30.0,4.0,-9.0,4.0,44611,5.0,22761.0,2128.0
2873394,2873395,21.0,1162229,2,1,2,4,6.0,-9.0,-9.0,15.0,4.0,-9,0.0,22761.0,2128.0
2873395,2873396,40.0,1162230,1,2,0,2,1.0,30.0,4.0,-9.0,4.0,44611,5.0,22757.0,2127.0
2873396,2873397,21.0,1162230,2,1,2,4,6.0,-9.0,-9.0,15.0,4.0,-9,0.0,22757.0,2127.0
2873397,2873398,40.0,1162231,1,2,0,2,1.0,30.0,4.0,-9.0,4.0,44611,5.0,22757.0,2127.0
2873398,2873399,21.0,1162231,2,1,2,4,6.0,-9.0,-9.0,15.0,4.0,-9,0.0,22757.0,2127.0
2873399,2873400,40.0,1162232,1,2,0,2,1.0,30.0,4.0,-9.0,4.0,44611,5.0,22757.0,2127.0
2873400,2873401,21.0,1162232,2,1,2,4,6.0,-9.0,-9.0,15.0,4.0,-9,0.0,22757.0,2127.0
2873401,2873402,40.0,1162233,1,2,0,2,1.0,30.0,4.0,-9.0,4.0,44611,5.0,22761.0,2128.0
2873402,2873403,21.0,1162233,2,1,2,4,6.0,-9.0,-9.0,15.0,4.0,-9,0.0,22761.0,2128.0
2873403,2873404,40.0,1162234,1,2,0,2,1.0,30.0,4.0,-9.0,4.0,44611,5.0,22761.0,2128.0
2873404,2873405,21.0,1162234,2,1,2,4,6.0,-9.0,-9.0,15.0,4.0,-9,0.0,22761.0,2128.0
2873405,2873406,40.0,1162235,1,2,0,2,1.0,30.0,4.0,-9.0,4.0,44611,5.0,22761.0,2128.0
2873406,2873407,21.0,1162235,2,1,2,4,6.0,-9.0,-9.0,15.0,4.0,-9,0.0,22761.0,2128.0
2873407,2873408,40.0,1162236,1,2,0,2,1.0,30.0,4.0,-9.0,4.0,44611,5.0,22761.0,2128.0
2873408,2873409,21.0,1162236,2,1,2,4,6.0,-9.0,-9.0,15.0,4.0,-9,0.0,22761.0,2128.0
2873409,2873410,40.0,1162237,1,2,0,2,1.0,30.0,4.0,-9.0,4.0,44611,5.0,22757.0,2127.0
2873410,2873411,21.0,1162237,2,1,2,4,6.0,-9.0,-9.0,15.0,4.0,-9,0.0,22757.0,2127.0
2873411,2873412,40.0,1162238,1,2,0,2,1.0,30.0,4.0,-9.0,4.0,44611,5.0,22761.0,2128.0
2873412,2873413,21.0,1162238,2,1,2,4,6.0,-9.0,-9.0,15.0,4.0,-9,0.0,22761.0,2128.0
2873413,2873414,40.0,1162239,1,2,0,2,1.0,30.0,4.0,-9.0,4.0,44611,5.0,22761.0,2128.0
2873414,2873415,21.0,1162239,2,1,2,4,6.0,-9.0,-9.0,15.0,4.0,-9,0.0,22761.0,2128.0
2873415,2873416,31.0,1162240,1,1,0,1,1.0,45.0,1.0,16.0,4.0,622M,15.0,22761.0,2128.0
2873416,2873417,24.0,1162240,2,1,12,1,1.0,50.0,1.0,16.0,4.0,622M,15.0,22761.0,2128.0
2873417,2873418,31.0,1162241,1,1,0,1,1.0,45.0,1.0,16.0,4.0,622M,15.0,22757.0,2127.0
2873418,2873419,24.0,1162241,2,1,12,1,1.0,50.0,1.0,16.0,4.0,622M,15.0,22757.0,2127.0
2873419,2873420,31.0,1162242,1,1,0,1,1.0,45.0,1.0,16.0,4.0,622M,15.0,22761.0,2128.0
2873420,2873421,24.0,1162242,2,1,12,1,1.0,50.0,1.0,16.0,4.0,622M,15.0,22761.0,2128.0
2873421,2873422,31.0,1162243,1,1,0,1,1.0,45.0,1.0,16.0,4.0,622M,15.0,22761.0,2128.0
2873422,2873423,24.0,1162243,2,1,12,1,1.0,50.0,1.0,16.0,4.0,622M,15.0,22761.0,2128.0
2873423,2873424,31.0,1162244,1,1,0,1,1.0,45.0,1.0,16.0,4.0,622M,15.0,22757.0,2127.0
2873424,2873425,24.0,1162244,2,1,12,1,1.0,50.0,1.0,16.0,4.0,622M,15.0,22757.0,2127.0
2873425,2873426,31.0,1162245,1,1,0,1,1.0,45.0,1.0,16.0,4.0,622M,15.0,22757.0,2127.0
2873426,2873427,24.0,1162245,2,1,12,1,1.0,50.0,1.0,16.0,4.0,622M,15.0,22757.0,2127.0
2873427,2873428,31.0,1162246,1,1,0,1,1.0,45.0,1.0,16.0,4.0,622M,15.0,22761.0,2128.0
2873428,2873429,24.0,1162246,2,1,12,1,1.0,50.0,1.0,16.0,4.0,622M,15.0,22761.0,2128.0
2873429,2873430,31.0,1162247,1,1,0,1,1.0,45.0,1.0,16.0,4.0,622M,15.0,22761.0,2128.0
2873430,2873431,24.0,1162247,2,1,12,1,1.0,50.0,1.0,16.0,4.0,622M,15.0,22761.0,2128.0
2873431,2873432,31.0,1162248,1,1,0,1,1.0,45.0,1.0,16.0,4.0,622M,15.0,22757.0,2127.0
2873432,2873433,24.0,1162248,2,1,12,1,1.0,50.0,1.0,16.0,4.0,622M,15.0,22757.0,2127.0
2873433,2873434,31.0,1162249,1,1,0,1,1.0,45.0,1.0,16.0,4.0,622M,15.0,22761.0,2128.0
2873434,2873435,24.0,1162249,2,1,12,1,1.0,50.0,1.0,16.0,4.0,622M,15.0,22761.0,2128.0
2873435,2873436,31.0,1162250,1,1,0,1,1.0,45.0,1.0,16.0,4.0,622M,15.0,22761.0,2128.0
2873436,2873437,24.0,1162250,2,1,12,1,1.0,50.0,1.0,16.0,4.0,622M,15.0,22761.0,2128.0
2873437,2873438,31.0,1162251,1,1,0,1,1.0,45.0,1.0,16.0,4.0,622M,15.0,22757.0,2127.0
2873438,2873439,24.0,1162251,2,1,12,1,1.0,50.0,1.0,16.0,4.0,622M,15.0,22757.0,2127.0
2873439,2873440,31.0,1162252,1,1,0,1,1.0,45.0,1.0,16.0,4.0,622M,15.0,22761.0,2128.0
2873440,2873441,24.0,1162252,2,1,12,1,1.0,50.0,1.0,16.0,4.0,622M,15.0,22761.0,2128.0
2873441,2873442,31.0,1162253,1,1,0,1,1.0,45.0,1.0,16.0,4.0,622M,15.0,22761.0,2128.0
2873442,2873443,24.0,1162253,2,1,12,1,1.0,50.0,1.0,16.0,4.0,622M,15.0,22761.0,2128.0
2873443,2873444,31.0,1162254,1,1,0,1,1.0,45.0,1.0,16.0,4.0,622M,15.0,22761.0,2128.0
2873444,2873445,24.0,1162254,2,1,12,1,1.0,50.0,1.0,16.0,4.0,622M,15.0,22761.0,2128.0
2873445,2873446,31.0,1162255,1,1,0,1,1.0,45.0,1.0,16.0,4.0,622M,15.0,22757.0,2127.0
2873446,2873447,24.0,1162255,2,1,12,1,1.0,50.0,1.0,16.0,4.0,622M,15.0,22757.0,2127.0
2873447,2873448,31.0,1162256,1,1,0,1,1.0,45.0,1.0,16.0,4.0,622M,15.0,22761.0,2128.0
2873448,2873449,24.0,1162256,2,1,12,1,1.0,50.0,1.0,16.0,4.0,622M,15.0,22761.0,2128.0
2873449,2873450,31.0,1162257,1,1,0,1,1.0,45.0,1.0,16.0,4.0,622M,15.0,22757.0,2127.0
2873450,2873451,24.0,1162257,2,1,12,1,1.0,50.0,1.0,16.0,4.0,622M,15.0,22757.0,2127.0
2873451,2873452,31.0,1162258,1,1,0,1,1.0,45.0,1.0,16.0,4.0,622M,15.0,22761.0,2128.0
2873452,2873453,24.0,1162258,2,1,12,1,1.0,50.0,1.0,16.0,4.0,622M,15.0,22761.0,2128.0
2873453,2873454,31.0,1162259,1,1,0,1,1.0,45.0,1.0,16.0,4.0,622M,15.0,22761.0,2128.0
2873454,2873455,24.0,1162259,2,1,12,1,1.0,50.0,1.0,16.0,4.0,622M,15.0,22761.0,2128.0
2873455,2873456,27.0,1162260,1,2,0,1,1.0,40.0,1.0,-9.0,4.0,813M,17.0,22761.0,2128.0
2873456,2873457,23.0,1162260,2,2,12,2,1.0,40.0,4.0,15.0,4.0,337,3.0,22761.0,2128.0
2873457,2873458,25.0,1162261,1,1,0,1,6.0,-9.0,-9.0,15.0,4.0,-9,0.0,22761.0,2128.0
2873458,2873459,22.0,1162261,2,1,10,1,6.0,-9.0,-9.0,15.0,4.0,-9,0.0,22761.0,2128.0
2873459,2873460,21.0,1162261,3,1,10,1,6.0,-9.0,-9.0,15.0,4.0,-9,0.0,22761.0,2128.0
2873460,2873461,25.0,1162262,1,1,0,1,6.0,-9.0,-9.0,15.0,4.0,-9,0.0,22761.0,2128.0
2873461,2873462,22.0,1162262,2,1,10,1,6.0,-9.0,-9.0,15.0,4.0,-9,0.0,22761.0,2128.0
2873462,2873463,21.0,1162262,3,1,10,1,6.0,-9.0,-9.0,15.0,4.0,-9,0.0,22761.0,2128.0
2873463,2873464,25.0,1162263,1,1,0,1,6.0,-9.0,-9.0,15.0,4.0,-9,0.0,22757.0,2127.0
2873464,2873465,22.0,1162263,2,1,10,1,6.0,-9.0,-9.0,15.0,4.0,-9,0.0,22757.0,2127.0
2873465,2873466,21.0,1162263,3,1,10,1,6.0,-9.0,-9.0,15.0,4.0,-9,0.0,22757.0,2127.0
2873466,2873467,25.0,1162264,1,1,0,1,6.0,-9.0,-9.0,15.0,4.0,-9,0.0,22761.0,2128.0
2873467,2873468,22.0,1162264,2,1,10,1,6.0,-9.0,-9.0,15.0,4.0,-9,0.0,22761.0,2128.0
2873468,2873469,21.0,1162264,3,1,10,1,6.0,-9.0,-9.0,15.0,4.0,-9,0.0,22761.0,2128.0
2873469,2873470,25.0,1162265,1,1,0,1,6.0,-9.0,-9.0,15.0,4.0,-9,0.0,22757.0,2127.0
2873470,2873471,22.0,1162265,2,1,10,1,6.0,-9.0,-9.0,15.0,4.0,-9,0.0,22757.0,2127.0
2873471,2873472,21.0,1162265,3,1,10,1,6.0,-9.0,-9.0,15.0,4.0,-9,0.0,22757.0,2127.0
2873472,2873473,25.0,1162266,1,1,0,1,6.0,-9.0,-9.0,15.0,4.0,-9,0.0,22757.0,2127.0
2873473,2873474,22.0,1162266,2,1,10,1,6.0,-9.0,-9.0,15.0,4.0,-9,0.0,22757.0,2127.0
2873474,2873475,21.0,1162266,3,1,10,1,6.0,-9.0,-9.0,15.0,4.0,-9,0.0,22757.0,2127.0
2873475,2873476,25.0,1162267,1,1,0,1,6.0,-9.0,-9.0,15.0,4.0,-9,0.0,22761.0,2128.0
2873476,2873477,22.0,1162267,2,1,10,1,6.0,-9.0,-9.0,15.0,4.0,-9,0.0,22761.0,2128.0
2873477,2873478,21.0,1162267,3,1,10,1,6.0,-9.0,-9.0,15.0,4.0,-9,0.0,22761.0,2128.0
2873478,2873479,25.0,1162268,1,1,0,1,6.0,-9.0,-9.0,15.0,4.0,-9,0.0,22757.0,2127.0
2873479,2873480,22.0,1162268,2,1,10,1,6.0,-9.0,-9.0,15.0,4.0,-9,0.0,22757.0,2127.0
2873480,2873481,21.0,1162268,3,1,10,1,6.0,-9.0,-9.0,15.0,4.0,-9,0.0,22757.0,2127.0
2873481,2873482,25.0,1162269,1,1,0,1,6.0,-9.0,-9.0,15.0,4.0,-9,0.0,22761.0,2128.0
2873482,2873483,22.0,1162269,2,1,10,1,6.0,-9.0,-9.0,15.0,4.0,-9,0.0,22761.0,2128.0
2873483,2873484,21.0,1162269,3,1,10,1,6.0,-9.0,-9.0,15.0,4.0,-9,0.0,22761.0,2128.0
2873484,2873485,25.0,1162270,1,1,0,1,6.0,-9.0,-9.0,15.0,4.0,-9,0.0,22761.0,2128.0
2873485,2873486,22.0,1162270,2,1,10,1,6.0,-9.0,-9.0,15.0,4.0,-9,0.0,22761.0,2128.0
2873486,2873487,21.0,1162270,3,1,10,1,6.0,-9.0,-9.0,15.0,4.0,-9,0.0,22761.0,2128.0
2873487,2873488,25.0,1162271,1,1,0,1,6.0,-9.0,-9.0,15.0,4.0,-9,0.0,22761.0,2128.0
2873488,2873489,22.0,1162271,2,1,10,1,6.0,-9.0,-9.0,15.0,4.0,-9,0.0,22761.0,2128.0
2873489,2873490,21.0,1162271,3,1,10,1,6.0,-9.0,-9.0,15.0,4.0,-9,0.0,22761.0,2128.0
2873490,2873491,25.0,1162272,1,1,0,1,6.0,-9.0,-9.0,15.0,4.0,-9,0.0,22761.0,2128.0
2873491,2873492,22.0,1162272,2,1,10,1,6.0,-9.0,-9.0,15.0,4.0,-9,0.0,22761.0,2128.0
2873492,2873493,21.0,1162272,3,1,10,1,6.0,-9.0,-9.0,15.0,4.0,-9,0.0,22761.0,2128.0
2873493,2873494,25.0,1162273,1,1,0,1,6.0,-9.0,-9.0,15.0,4.0,-9,0.0,22757.0,2127.0
2873494,2873495,22.0,1162273,2,1,10,1,6.0,-9.0,-9.0,15.0,4.0,-9,0.0,22757.0,2127.0
2873495,2873496,21.0,1162273,3,1,10,1,6.0,-9.0,-9.0,15.0,4.0,-9,0.0,22757.0,2127.0
2873496,2873497,25.0,1162274,1,1,0,1,6.0,-9.0,-9.0,15.0,4.0,-9,0.0,22761.0,2128.0
2873497,2873498,22.0,1162274,2,1,10,1,6.0,-9.0,-9.0,15.0,4.0,-9,0.0,22761.0,2128.0
2873498,2873499,21.0,1162274,3,1,10,1,6.0,-9.0,-9.0,15.0,4.0,-9,0.0,22761.0,2128.0
2873499,2873500,25.0,1162275,1,1,0,1,6.0,-9.0,-9.0,15.0,4.0,-9,0.0,22761.0,2128.0
2873500,2873501,22.0,1162275,2,1,10,1,6.0,-9.0,-9.0,15.0,4.0,-9,0.0,22761.0,2128.0
2873501,2873502,21.0,1162275,3,1,10,1,6.0,-9.0,-9.0,15.0,4.0,-9,0.0,22761.0,2128.0
2873502,2873503,25.0,1162276,1,1,0,1,6.0,-9.0,-9.0,15.0,4.0,-9,0.0,22757.0,2127.0
2873503,2873504,22.0,1162276,2,1,10,1,6.0,-9.0,-9.0,15.0,4.0,-9,0.0,22757.0,2127.0
2873504,2873505,21.0,1162276,3,1,10,1,6.0,-9.0,-9.0,15.0,4.0,-9,0.0,22757.0,2127.0
2873505,2873506,25.0,1162277,1,1,0,1,6.0,-9.0,-9.0,15.0,4.0,-9,0.0,22757.0,2127.0
2873506,2873507,22.0,1162277,2,1,10,1,6.0,-9.0,-9.0,15.0,4.0,-9,0.0,22757.0,2127.0
2873507,2873508,21.0,1162277,3,1,10,1,6.0,-9.0,-9.0,15.0,4.0,-9,0.0,22757.0,2127.0
2873508,2873509,25.0,1162278,1,1,0,1,6.0,-9.0,-9.0,15.0,4.0,-9,0.0,22761.0,2128.0
2873509,2873510,22.0,1162278,2,1,10,1,6.0,-9.0,-9.0,15.0,4.0,-9,0.0,22761.0,2128.0
2873510,2873511,21.0,1162278,3,1,10,1,6.0,-9.0,-9.0,15.0,4.0,-9,0.0,22761.0,2128.0
2873511,2873512,25.0,1162279,1,1,0,1,6.0,-9.0,-9.0,15.0,4.0,-9,0.0,22761.0,2128.0
2873512,2873513,22.0,1162279,2,1,10,1,6.0,-9.0,-9.0,15.0,4.0,-9,0.0,22761.0,2128.0
2873513,2873514,21.0,1162279,3,1,10,1,6.0,-9.0,-9.0,15.0,4.0,-9,0.0,22761.0,2128.0
2873514,2873515,25.0,1162280,1,1,0,1,6.0,-9.0,-9.0,15.0,4.0,-9,0.0,22761.0,2128.0
2873515,2873516,22.0,1162280,2,1,10,1,6.0,-9.0,-9.0,15.0,4.0,-9,0.0,22761.0,2128.0
2873516,2873517,21.0,1162280,3,1,10,1,6.0,-9.0,-9.0,15.0,4.0,-9,0.0,22761.0,2128.0
2873517,2873518,25.0,1162281,1,1,0,1,6.0,-9.0,-9.0,15.0,4.0,-9,0.0,22761.0,2128.0
2873518,2873519,22.0,1162281,2,1,10,1,6.0,-9.0,-9.0,15.0,4.0,-9,0.0,22761.0,2128.0
2873519,2873520,21.0,1162281,3,1,10,1,6.0,-9.0,-9.0,15.0,4.0,-9,0.0,22761.0,2128.0
2873520,2873521,25.0,1162282,1,1,0,1,6.0,-9.0,-9.0,15.0,4.0,-9,0.0,22757.0,2127.0
2873521,2873522,22.0,1162282,2,1,10,1,6.0,-9.0,-9.0,15.0,4.0,-9,0.0,22757.0,2127.0
2873522,2873523,21.0,1162282,3,1,10,1,6.0,-9.0,-9.0,15.0,4.0,-9,0.0,22757.0,2127.0
2873523,2873524,25.0,1162283,1,1,0,1,6.0,-9.0,-9.0,15.0,4.0,-9,0.0,22761.0,2128.0
2873524,2873525,22.0,1162283,2,1,10,1,6.0,-9.0,-9.0,15.0,4.0,-9,0.0,22761.0,2128.0
2873525,2873526,21.0,1162283,3,1,10,1,6.0,-9.0,-9.0,15.0,4.0,-9,0.0,22761.0,2128.0
2873526,2873527,25.0,1162284,1,1,0,1,6.0,-9.0,-9.0,15.0,4.0,-9,0.0,22761.0,2128.0
2873527,2873528,22.0,1162284,2,1,10,1,6.0,-9.0,-9.0,15.0,4.0,-9,0.0,22761.0,2128.0
2873528,2873529,21.0,1162284,3,1,10,1,6.0,-9.0,-9.0,15.0,4.0,-9,0.0,22761.0,2128.0
2873529,2873530,25.0,1162285,1,1,0,1,6.0,-9.0,-9.0,15.0,4.0,-9,0.0,22757.0,2127.0
2873530,2873531,22.0,1162285,2,1,10,1,6.0,-9.0,-9.0,15.0,4.0,-9,0.0,22757.0,2127.0
2873531,2873532,21.0,1162285,3,1,10,1,6.0,-9.0,-9.0,15.0,4.0,-9,0.0,22757.0,2127.0
2873532,2873533,25.0,1162286,1,1,0,1,6.0,-9.0,-9.0,15.0,4.0,-9,0.0,22761.0,2128.0
2873533,2873534,22.0,1162286,2,1,10,1,6.0,-9.0,-9.0,15.0,4.0,-9,0.0,22761.0,2128.0
2873534,2873535,21.0,1162286,3,1,10,1,6.0,-9.0,-9.0,15.0,4.0,-9,0.0,22761.0,2128.0
2873535,2873536,25.0,1162287,1,1,0,1,6.0,-9.0,-9.0,15.0,4.0,-9,0.0,22761.0,2128.0
2873536,2873537,22.0,1162287,2,1,10,1,6.0,-9.0,-9.0,15.0,4.0,-9,0.0,22761.0,2128.0
2873537,2873538,21.0,1162287,3,1,10,1,6.0,-9.0,-9.0,15.0,4.0,-9,0.0,22761.0,2128.0
2873538,2873539,25.0,1162288,1,1,0,1,6.0,-9.0,-9.0,15.0,4.0,-9,0.0,22761.0,2128.0
2873539,2873540,22.0,1162288,2,1,10,1,6.0,-9.0,-9.0,15.0,4.0,-9,0.0,22761.0,2128.0
2873540,2873541,21.0,1162288,3,1,10,1,6.0,-9.0,-9.0,15.0,4.0,-9,0.0,22761.0,2128.0
2873541,2873542,25.0,1162289,1,1,0,1,6.0,-9.0,-9.0,15.0,4.0,-9,0.0,22761.0,2128.0
2873542,2873543,22.0,1162289,2,1,10,1,6.0,-9.0,-9.0,15.0,4.0,-9,0.0,22761.0,2128.0
2873543,2873544,21.0,1162289,3,1,10,1,6.0,-9.0,-9.0,15.0,4.0,-9,0.0,22761.0,2128.0
2873544,2873545,25.0,1162290,1,1,0,1,6.0,-9.0,-9.0,15.0,4.0,-9,0.0,22761.0,2128.0
2873545,2873546,22.0,1162290,2,1,10,1,6.0,-9.0,-9.0,15.0,4.0,-9,0.0,22761.0,2128.0
2873546,2873547,21.0,1162290,3,1,10,1,6.0,-9.0,-9.0,15.0,4.0,-9,0.0,22761.0,2128.0
2873547,2873548,25.0,1162291,1,1,0,1,6.0,-9.0,-9.0,15.0,4.0,-9,0.0,22761.0,2128.0
2873548,2873549,22.0,1162291,2,1,10,1,6.0,-9.0,-9.0,15.0,4.0,-9,0.0,22761.0,2128.0
2873549,2873550,21.0,1162291,3,1,10,1,6.0,-9.0,-9.0,15.0,4.0,-9,0.0,22761.0,2128.0
2873550,2873551,25.0,1162292,1,1,0,1,6.0,-9.0,-9.0,15.0,4.0,-9,0.0,22761.0,2128.0
2873551,2873552,22.0,1162292,2,1,10,1,6.0,-9.0,-9.0,15.0,4.0,-9,0.0,22761.0,2128.0
2873552,2873553,21.0,1162292,3,1,10,1,6.0,-9.0,-9.0,15.0,4.0,-9,0.0,22761.0,2128.0
2873553,2873554,25.0,1162293,1,1,0,1,6.0,-9.0,-9.0,15.0,4.0,-9,0.0,22761.0,2128.0
2873554,2873555,22.0,1162293,2,1,10,1,6.0,-9.0,-9.0,15.0,4.0,-9,0.0,22761.0,2128.0
2873555,2873556,21.0,1162293,3,1,10,1,6.0,-9.0,-9.0,15.0,4.0,-9,0.0,22761.0,2128.0
2873556,2873557,25.0,1162294,1,1,0,1,6.0,-9.0,-9.0,15.0,4.0,-9,0.0,22761.0,2128.0
2873557,2873558,22.0,1162294,2,1,10,1,6.0,-9.0,-9.0,15.0,4.0,-9,0.0,22761.0,2128.0
2873558,2873559,21.0,1162294,3,1,10,1,6.0,-9.0,-9.0,15.0,4.0,-9,0.0,22761.0,2128.0
2873559,2873560,25.0,1162295,1,1,0,1,6.0,-9.0,-9.0,15.0,4.0,-9,0.0,22757.0,2127.0
2873560,2873561,22.0,1162295,2,1,10,1,6.0,-9.0,-9.0,15.0,4.0,-9,0.0,22757.0,2127.0
2873561,2873562,21.0,1162295,3,1,10,1,6.0,-9.0,-9.0,15.0,4.0,-9,0.0,22757.0,2127.0
2873562,2873563,25.0,1162296,1,1,0,1,6.0,-9.0,-9.0,15.0,4.0,-9,0.0,22757.0,2127.0
2873563,2873564,22.0,1162296,2,1,10,1,6.0,-9.0,-9.0,15.0,4.0,-9,0.0,22757.0,2127.0
2873564,2873565,21.0,1162296,3,1,10,1,6.0,-9.0,-9.0,15.0,4.0,-9,0.0,22757.0,2127.0
2873565,2873566,25.0,1162297,1,1,0,1,6.0,-9.0,-9.0,15.0,4.0,-9,0.0,22761.0,2128.0
2873566,2873567,22.0,1162297,2,1,10,1,6.0,-9.0,-9.0,15.0,4.0,-9,0.0,22761.0,2128.0
2873567,2873568,21.0,1162297,3,1,10,1,6.0,-9.0,-9.0,15.0,4.0,-9,0.0,22761.0,2128.0
2873568,2873569,25.0,1162298,1,1,0,1,6.0,-9.0,-9.0,15.0,4.0,-9,0.0,22757.0,2127.0
2873569,2873570,22.0,1162298,2,1,10,1,6.0,-9.0,-9.0,15.0,4.0,-9,0.0,22757.0,2127.0
2873570,2873571,21.0,1162298,3,1,10,1,6.0,-9.0,-9.0,15.0,4.0,-9,0.0,22757.0,2127.0
2873571,2873572,25.0,1162299,1,1,0,1,6.0,-9.0,-9.0,15.0,4.0,-9,0.0,22761.0,2128.0
2873572,2873573,22.0,1162299,2,1,10,1,6.0,-9.0,-9.0,15.0,4.0,-9,0.0,22761.0,2128.0
2873573,2873574,21.0,1162299,3,1,10,1,6.0,-9.0,-9.0,15.0,4.0,-9,0.0,22761.0,2128.0
2873574,2873575,25.0,1162300,1,1,0,1,6.0,-9.0,-9.0,15.0,4.0,-9,0.0,22761.0,2128.0
2873575,2873576,22.0,1162300,2,1,10,1,6.0,-9.0,-9.0,15.0,4.0,-9,0.0,22761.0,2128.0
2873576,2873577,21.0,1162300,3,1,10,1,6.0,-9.0,-9.0,15.0,4.0,-9,0.0,22761.0,2128.0
2873577,2873578,25.0,1162301,1,1,0,1,6.0,-9.0,-9.0,15.0,4.0,-9,0.0,22761.0,2128.0
2873578,2873579,22.0,1162301,2,1,10,1,6.0,-9.0,-9.0,15.0,4.0,-9,0.0,22761.0,2128.0
2873579,2873580,21.0,1162301,3,1,10,1,6.0,-9.0,-9.0,15.0,4.0,-9,0.0,22761.0,2128.0
2873580,2873581,25.0,1162302,1,1,0,1,6.0,-9.0,-9.0,15.0,4.0,-9,0.0,22757.0,2127.0
2873581,2873582,22.0,1162302,2,1,10,1,6.0,-9.0,-9.0,15.0,4.0,-9,0.0,22757.0,2127.0
2873582,2873583,21.0,1162302,3,1,10,1,6.0,-9.0,-9.0,15.0,4.0,-9,0.0,22757.0,2127.0
2873583,2873584,25.0,1162303,1,1,0,1,6.0,-9.0,-9.0,15.0,4.0,-9,0.0,22757.0,2127.0
2873584,2873585,22.0,1162303,2,1,10,1,6.0,-9.0,-9.0,15.0,4.0,-9,0.0,22757.0,2127.0
2873585,2873586,21.0,1162303,3,1,10,1,6.0,-9.0,-9.0,15.0,4.0,-9,0.0,22757.0,2127.0
2873586,2873587,25.0,1162304,1,1,0,1,6.0,-9.0,-9.0,15.0,4.0,-9,0.0,22761.0,2128.0
2873587,2873588,22.0,1162304,2,1,10,1,6.0,-9.0,-9.0,15.0,4.0,-9,0.0,22761.0,2128.0
2873588,2873589,21.0,1162304,3,1,10,1,6.0,-9.0,-9.0,15.0,4.0,-9,0.0,22761.0,2128.0
2873589,2873590,25.0,1162305,1,1,0,1,6.0,-9.0,-9.0,15.0,4.0,-9,0.0,22757.0,2127.0
2873590,2873591,22.0,1162305,2,1,10,1,6.0,-9.0,-9.0,15.0,4.0,-9,0.0,22757.0,2127.0
2873591,2873592,21.0,1162305,3,1,10,1,6.0,-9.0,-9.0,15.0,4.0,-9,0.0,22757.0,2127.0
2873592,2873593,25.0,1162306,1,1,0,1,6.0,-9.0,-9.0,15.0,4.0,-9,0.0,22761.0,2128.0
2873593,2873594,22.0,1162306,2,1,10,1,6.0,-9.0,-9.0,15.0,4.0,-9,0.0,22761.0,2128.0
2873594,2873595,21.0,1162306,3,1,10,1,6.0,-9.0,-9.0,15.0,4.0,-9,0.0,22761.0,2128.0
2873595,2873596,25.0,1162307,1,1,0,1,6.0,-9.0,-9.0,15.0,4.0,-9,0.0,22761.0,2128.0
2873596,2873597,22.0,1162307,2,1,10,1,6.0,-9.0,-9.0,15.0,4.0,-9,0.0,22761.0,2128.0
2873597,2873598,21.0,1162307,3,1,10,1,6.0,-9.0,-9.0,15.0,4.0,-9,0.0,22761.0,2128.0
2873598,2873599,25.0,1162308,1,1,0,1,6.0,-9.0,-9.0,15.0,4.0,-9,0.0,22757.0,2127.0
2873599,2873600,22.0,1162308,2,1,10,1,6.0,-9.0,-9.0,15.0,4.0,-9,0.0,22757.0,2127.0
2873600,2873601,21.0,1162308,3,1,10,1,6.0,-9.0,-9.0,15.0,4.0,-9,0.0,22757.0,2127.0
2873601,2873602,25.0,1162309,1,1,0,1,6.0,-9.0,-9.0,15.0,4.0,-9,0.0,22761.0,2128.0
2873602,2873603,22.0,1162309,2,1,10,1,6.0,-9.0,-9.0,15.0,4.0,-9,0.0,22761.0,2128.0
2873603,2873604,21.0,1162309,3,1,10,1,6.0,-9.0,-9.0,15.0,4.0,-9,0.0,22761.0,2128.0
2873604,2873605,25.0,1162310,1,1,0,1,6.0,-9.0,-9.0,15.0,4.0,-9,0.0,22757.0,2127.0
2873605,2873606,22.0,1162310,2,1,10,1,6.0,-9.0,-9.0,15.0,4.0,-9,0.0,22757.0,2127.0
2873606,2873607,21.0,1162310,3,1,10,1,6.0,-9.0,-9.0,15.0,4.0,-9,0.0,22757.0,2127.0
2873607,2873608,25.0,1162311,1,1,0,1,6.0,-9.0,-9.0,15.0,4.0,-9,0.0,22761.0,2128.0
2873608,2873609,22.0,1162311,2,1,10,1,6.0,-9.0,-9.0,15.0,4.0,-9,0.0,22761.0,2128.0
2873609,2873610,21.0,1162311,3,1,10,1,6.0,-9.0,-9.0,15.0,4.0,-9,0.0,22761.0,2128.0
2873610,2873611,25.0,1162312,1,1,0,1,6.0,-9.0,-9.0,15.0,4.0,-9,0.0,22761.0,2128.0
2873611,2873612,22.0,1162312,2,1,10,1,6.0,-9.0,-9.0,15.0,4.0,-9,0.0,22761.0,2128.0
2873612,2873613,21.0,1162312,3,1,10,1,6.0,-9.0,-9.0,15.0,4.0,-9,0.0,22761.0,2128.0
2873613,2873614,25.0,1162313,1,1,0,1,6.0,-9.0,-9.0,15.0,4.0,-9,0.0,22761.0,2128.0
2873614,2873615,22.0,1162313,2,1,10,1,6.0,-9.0,-9.0,15.0,4.0,-9,0.0,22761.0,2128.0
2873615,2873616,21.0,1162313,3,1,10,1,6.0,-9.0,-9.0,15.0,4.0,-9,0.0,22761.0,2128.0
2873616,2873617,25.0,1162314,1,1,0,1,6.0,-9.0,-9.0,15.0,4.0,-9,0.0,22761.0,2128.0
2873617,2873618,22.0,1162314,2,1,10,1,6.0,-9.0,-9.0,15.0,4.0,-9,0.0,22761.0,2128.0
2873618,2873619,21.0,1162314,3,1,10,1,6.0,-9.0,-9.0,15.0,4.0,-9,0.0,22761.0,2128.0
2873619,2873620,25.0,1162315,1,1,0,1,6.0,-9.0,-9.0,15.0,4.0,-9,0.0,22757.0,2127.0
2873620,2873621,22.0,1162315,2,1,10,1,6.0,-9.0,-9.0,15.0,4.0,-9,0.0,22757.0,2127.0
2873621,2873622,21.0,1162315,3,1,10,1,6.0,-9.0,-9.0,15.0,4.0,-9,0.0,22757.0,2127.0
2873622,2873623,25.0,1162316,1,1,0,1,6.0,-9.0,-9.0,15.0,4.0,-9,0.0,22761.0,2128.0
2873623,2873624,22.0,1162316,2,1,10,1,6.0,-9.0,-9.0,15.0,4.0,-9,0.0,22761.0,2128.0
2873624,2873625,21.0,1162316,3,1,10,1,6.0,-9.0,-9.0,15.0,4.0,-9,0.0,22761.0,2128.0
2873625,2873626,25.0,1162317,1,1,0,1,6.0,-9.0,-9.0,15.0,4.0,-9,0.0,22761.0,2128.0
2873626,2873627,22.0,1162317,2,1,10,1,6.0,-9.0,-9.0,15.0,4.0,-9,0.0,22761.0,2128.0
2873627,2873628,21.0,1162317,3,1,10,1,6.0,-9.0,-9.0,15.0,4.0,-9,0.0,22761.0,2128.0
2873628,2873629,25.0,1162318,1,1,0,1,6.0,-9.0,-9.0,15.0,4.0,-9,0.0,22761.0,2128.0
2873629,2873630,22.0,1162318,2,1,10,1,6.0,-9.0,-9.0,15.0,4.0,-9,0.0,22761.0,2128.0
2873630,2873631,21.0,1162318,3,1,10,1,6.0,-9.0,-9.0,15.0,4.0,-9,0.0,22761.0,2128.0
2873631,2873632,25.0,1162319,1,1,0,1,6.0,-9.0,-9.0,15.0,4.0,-9,0.0,22761.0,2128.0
2873632,2873633,22.0,1162319,2,1,10,1,6.0,-9.0,-9.0,15.0,4.0,-9,0.0,22761.0,2128.0
2873633,2873634,21.0,1162319,3,1,10,1,6.0,-9.0,-9.0,15.0,4.0,-9,0.0,22761.0,2128.0
2873634,2873635,25.0,1162320,1,1,0,1,6.0,-9.0,-9.0,15.0,4.0,-9,0.0,22757.0,2127.0
2873635,2873636,22.0,1162320,2,1,10,1,6.0,-9.0,-9.0,15.0,4.0,-9,0.0,22757.0,2127.0
2873636,2873637,21.0,1162320,3,1,10,1,6.0,-9.0,-9.0,15.0,4.0,-9,0.0,22757.0,2127.0
2873637,2873638,25.0,1162321,1,1,0,1,6.0,-9.0,-9.0,15.0,4.0,-9,0.0,22761.0,2128.0
2873638,2873639,22.0,1162321,2,1,10,1,6.0,-9.0,-9.0,15.0,4.0,-9,0.0,22761.0,2128.0
2873639,2873640,21.0,1162321,3,1,10,1,6.0,-9.0,-9.0,15.0,4.0,-9,0.0,22761.0,2128.0
2873640,2873641,25.0,1162322,1,1,0,1,6.0,-9.0,-9.0,15.0,4.0,-9,0.0,22757.0,2127.0
2873641,2873642,22.0,1162322,2,1,10,1,6.0,-9.0,-9.0,15.0,4.0,-9,0.0,22757.0,2127.0
2873642,2873643,21.0,1162322,3,1,10,1,6.0,-9.0,-9.0,15.0,4.0,-9,0.0,22757.0,2127.0
2873643,2873644,25.0,1162323,1,1,0,1,6.0,-9.0,-9.0,15.0,4.0,-9,0.0,22761.0,2128.0
2873644,2873645,22.0,1162323,2,1,10,1,6.0,-9.0,-9.0,15.0,4.0,-9,0.0,22761.0,2128.0
2873645,2873646,21.0,1162323,3,1,10,1,6.0,-9.0,-9.0,15.0,4.0,-9,0.0,22761.0,2128.0
2873646,2873647,25.0,1162324,1,1,0,1,6.0,-9.0,-9.0,15.0,4.0,-9,0.0,22761.0,2128.0
2873647,2873648,22.0,1162324,2,1,10,1,6.0,-9.0,-9.0,15.0,4.0,-9,0.0,22761.0,2128.0
2873648,2873649,21.0,1162324,3,1,10,1,6.0,-9.0,-9.0,15.0,4.0,-9,0.0,22761.0,2128.0
2873649,2873650,27.0,1162325,1,2,0,1,1.0,40.0,1.0,16.0,4.0,611M1,13.0,22761.0,2128.0
2873650,2873651,24.0,1162325,2,2,15,1,1.0,42.0,1.0,-9.0,4.0,722Z,16.0,22761.0,2128.0
2873651,2873652,27.0,1162326,1,2,0,1,1.0,40.0,1.0,16.0,4.0,611M1,13.0,22761.0,2128.0
2873652,2873653,24.0,1162326,2,2,15,1,1.0,42.0,1.0,-9.0,4.0,722Z,16.0,22761.0,2128.0
2873653,2873654,27.0,1162327,1,2,0,1,1.0,40.0,1.0,16.0,4.0,611M1,13.0,22761.0,2128.0
2873654,2873655,24.0,1162327,2,2,15,1,1.0,42.0,1.0,-9.0,4.0,722Z,16.0,22761.0,2128.0
2873655,2873656,27.0,1162328,1,2,0,1,1.0,40.0,1.0,16.0,4.0,611M1,13.0,22761.0,2128.0
2873656,2873657,24.0,1162328,2,2,15,1,1.0,42.0,1.0,-9.0,4.0,722Z,16.0,22761.0,2128.0
2873657,2873658,27.0,1162329,1,2,0,1,1.0,40.0,1.0,16.0,4.0,611M1,13.0,22761.0,2128.0
2873658,2873659,24.0,1162329,2,2,15,1,1.0,42.0,1.0,-9.0,4.0,722Z,16.0,22761.0,2128.0
2873659,2873660,27.0,1162330,1,2,0,1,1.0,40.0,1.0,16.0,4.0,611M1,13.0,22757.0,2127.0
2873660,2873661,24.0,1162330,2,2,15,1,1.0,42.0,1.0,-9.0,4.0,722Z,16.0,22757.0,2127.0
2873661,2873662,27.0,1162331,1,2,0,1,1.0,40.0,1.0,16.0,4.0,611M1,13.0,22761.0,2128.0
2873662,2873663,24.0,1162331,2,2,15,1,1.0,42.0,1.0,-9.0,4.0,722Z,16.0,22761.0,2128.0
2873663,2873664,27.0,1162332,1,2,0,1,1.0,40.0,1.0,16.0,4.0,611M1,13.0,22761.0,2128.0
2873664,2873665,24.0,1162332,2,2,15,1,1.0,42.0,1.0,-9.0,4.0,722Z,16.0,22761.0,2128.0
2873665,2873666,27.0,1162333,1,2,0,1,1.0,40.0,1.0,16.0,4.0,611M1,13.0,22761.0,2128.0
2873666,2873667,24.0,1162333,2,2,15,1,1.0,42.0,1.0,-9.0,4.0,722Z,16.0,22761.0,2128.0
2873667,2873668,27.0,1162334,1,2,0,1,1.0,40.0,1.0,16.0,4.0,611M1,13.0,22761.0,2128.0
2873668,2873669,24.0,1162334,2,2,15,1,1.0,42.0,1.0,-9.0,4.0,722Z,16.0,22761.0,2128.0
2873669,2873670,27.0,1162335,1,2,0,1,1.0,40.0,1.0,16.0,4.0,611M1,13.0,22761.0,2128.0
2873670,2873671,24.0,1162335,2,2,15,1,1.0,42.0,1.0,-9.0,4.0,722Z,16.0,22761.0,2128.0
2873671,2873672,27.0,1162336,1,2,0,1,1.0,40.0,1.0,16.0,4.0,611M1,13.0,22761.0,2128.0
2873672,2873673,24.0,1162336,2,2,15,1,1.0,42.0,1.0,-9.0,4.0,722Z,16.0,22761.0,2128.0
2873673,2873674,27.0,1162337,1,2,0,1,1.0,40.0,1.0,16.0,4.0,611M1,13.0,22761.0,2128.0
2873674,2873675,24.0,1162337,2,2,15,1,1.0,42.0,1.0,-9.0,4.0,722Z,16.0,22761.0,2128.0
2873675,2873676,27.0,1162338,1,2,0,1,1.0,40.0,1.0,16.0,4.0,611M1,13.0,22761.0,2128.0
2873676,2873677,24.0,1162338,2,2,15,1,1.0,42.0,1.0,-9.0,4.0,722Z,16.0,22761.0,2128.0
2873677,2873678,27.0,1162339,1,2,0,1,1.0,40.0,1.0,16.0,4.0,611M1,13.0,22761.0,2128.0
2873678,2873679,24.0,1162339,2,2,15,1,1.0,42.0,1.0,-9.0,4.0,722Z,16.0,22761.0,2128.0
2873679,2873680,27.0,1162340,1,2,0,1,1.0,40.0,1.0,16.0,4.0,611M1,13.0,22761.0,2128.0
2873680,2873681,24.0,1162340,2,2,15,1,1.0,42.0,1.0,-9.0,4.0,722Z,16.0,22761.0,2128.0
2873681,2873682,27.0,1162341,1,2,0,1,1.0,40.0,1.0,16.0,4.0,611M1,13.0,22761.0,2128.0
2873682,2873683,24.0,1162341,2,2,15,1,1.0,42.0,1.0,-9.0,4.0,722Z,16.0,22761.0,2128.0
2873683,2873684,27.0,1162342,1,2,0,1,1.0,40.0,1.0,16.0,4.0,611M1,13.0,22761.0,2128.0
2873684,2873685,24.0,1162342,2,2,15,1,1.0,42.0,1.0,-9.0,4.0,722Z,16.0,22761.0,2128.0
2873685,2873686,27.0,1162343,1,2,0,1,1.0,40.0,1.0,16.0,4.0,611M1,13.0,22761.0,2128.0
2873686,2873687,24.0,1162343,2,2,15,1,1.0,42.0,1.0,-9.0,4.0,722Z,16.0,22761.0,2128.0
2873687,2873688,27.0,1162344,1,2,0,1,1.0,40.0,1.0,16.0,4.0,611M1,13.0,22761.0,2128.0
2873688,2873689,24.0,1162344,2,2,15,1,1.0,42.0,1.0,-9.0,4.0,722Z,16.0,22761.0,2128.0
2873689,2873690,27.0,1162345,1,2,0,1,1.0,40.0,1.0,16.0,4.0,611M1,13.0,22761.0,2128.0
2873690,2873691,24.0,1162345,2,2,15,1,1.0,42.0,1.0,-9.0,4.0,722Z,16.0,22761.0,2128.0
2873691,2873692,27.0,1162346,1,2,0,1,1.0,40.0,1.0,16.0,4.0,611M1,13.0,22761.0,2128.0
2873692,2873693,24.0,1162346,2,2,15,1,1.0,42.0,1.0,-9.0,4.0,722Z,16.0,22761.0,2128.0
2873693,2873694,27.0,1162347,1,2,0,1,1.0,40.0,1.0,16.0,4.0,611M1,13.0,22761.0,2128.0
2873694,2873695,24.0,1162347,2,2,15,1,1.0,42.0,1.0,-9.0,4.0,722Z,16.0,22761.0,2128.0
2873695,2873696,27.0,1162348,1,2,0,1,1.0,40.0,1.0,16.0,4.0,611M1,13.0,22761.0,2128.0
2873696,2873697,24.0,1162348,2,2,15,1,1.0,42.0,1.0,-9.0,4.0,722Z,16.0,22761.0,2128.0
2873697,2873698,27.0,1162349,1,2,0,1,1.0,40.0,1.0,16.0,4.0,611M1,13.0,22761.0,2128.0
2873698,2873699,24.0,1162349,2,2,15,1,1.0,42.0,1.0,-9.0,4.0,722Z,16.0,22761.0,2128.0
2873699,2873700,27.0,1162350,1,2,0,1,1.0,40.0,1.0,16.0,4.0,611M1,13.0,22757.0,2127.0
2873700,2873701,24.0,1162350,2,2,15,1,1.0,42.0,1.0,-9.0,4.0,722Z,16.0,22757.0,2127.0
2873701,2873702,27.0,1162351,1,2,0,1,1.0,40.0,1.0,16.0,4.0,611M1,13.0,22761.0,2128.0
2873702,2873703,24.0,1162351,2,2,15,1,1.0,42.0,1.0,-9.0,4.0,722Z,16.0,22761.0,2128.0
2873703,2873704,27.0,1162352,1,2,0,1,1.0,40.0,1.0,16.0,4.0,611M1,13.0,22761.0,2128.0
2873704,2873705,24.0,1162352,2,2,15,1,1.0,42.0,1.0,-9.0,4.0,722Z,16.0,22761.0,2128.0
2873705,2873706,27.0,1162353,1,2,0,1,1.0,40.0,1.0,16.0,4.0,611M1,13.0,22757.0,2127.0
2873706,2873707,24.0,1162353,2,2,15,1,1.0,42.0,1.0,-9.0,4.0,722Z,16.0,22757.0,2127.0
2873707,2873708,27.0,1162354,1,2,0,1,1.0,40.0,1.0,16.0,4.0,611M1,13.0,22761.0,2128.0
2873708,2873709,24.0,1162354,2,2,15,1,1.0,42.0,1.0,-9.0,4.0,722Z,16.0,22761.0,2128.0
2873709,2873710,27.0,1162355,1,2,0,1,1.0,40.0,1.0,16.0,4.0,611M1,13.0,22761.0,2128.0
2873710,2873711,24.0,1162355,2,2,15,1,1.0,42.0,1.0,-9.0,4.0,722Z,16.0,22761.0,2128.0
2873711,2873712,27.0,1162356,1,2,0,1,1.0,40.0,1.0,16.0,4.0,611M1,13.0,22761.0,2128.0
2873712,2873713,24.0,1162356,2,2,15,1,1.0,42.0,1.0,-9.0,4.0,722Z,16.0,22761.0,2128.0
2873713,2873714,27.0,1162357,1,2,0,1,1.0,40.0,1.0,16.0,4.0,611M1,13.0,22757.0,2127.0
2873714,2873715,24.0,1162357,2,2,15,1,1.0,42.0,1.0,-9.0,4.0,722Z,16.0,22757.0,2127.0
2873715,2873716,27.0,1162358,1,2,0,1,1.0,40.0,1.0,16.0,4.0,611M1,13.0,22761.0,2128.0
2873716,2873717,24.0,1162358,2,2,15,1,1.0,42.0,1.0,-9.0,4.0,722Z,16.0,22761.0,2128.0
2873717,2873718,27.0,1162359,1,2,0,1,1.0,40.0,1.0,16.0,4.0,611M1,13.0,22761.0,2128.0
2873718,2873719,24.0,1162359,2,2,15,1,1.0,42.0,1.0,-9.0,4.0,722Z,16.0,22761.0,2128.0
2873719,2873720,27.0,1162360,1,2,0,1,1.0,40.0,1.0,16.0,4.0,611M1,13.0,22761.0,2128.0
2873720,2873721,24.0,1162360,2,2,15,1,1.0,42.0,1.0,-9.0,4.0,722Z,16.0,22761.0,2128.0
2873721,2873722,27.0,1162361,1,2,0,1,1.0,40.0,1.0,16.0,4.0,611M1,13.0,22761.0,2128.0
2873722,2873723,24.0,1162361,2,2,15,1,1.0,42.0,1.0,-9.0,4.0,722Z,16.0,22761.0,2128.0
2873723,2873724,27.0,1162362,1,2,0,1,1.0,40.0,1.0,16.0,4.0,611M1,13.0,22757.0,2127.0
2873724,2873725,24.0,1162362,2,2,15,1,1.0,42.0,1.0,-9.0,4.0,722Z,16.0,22757.0,2127.0
2873725,2873726,27.0,1162363,1,2,0,1,1.0,40.0,1.0,16.0,4.0,611M1,13.0,22761.0,2128.0
2873726,2873727,24.0,1162363,2,2,15,1,1.0,42.0,1.0,-9.0,4.0,722Z,16.0,22761.0,2128.0
2873727,2873728,27.0,1162364,1,2,0,1,1.0,40.0,1.0,16.0,4.0,611M1,13.0,22761.0,2128.0
2873728,2873729,24.0,1162364,2,2,15,1,1.0,42.0,1.0,-9.0,4.0,722Z,16.0,22761.0,2128.0
2873729,2873730,27.0,1162365,1,2,0,1,1.0,40.0,1.0,16.0,4.0,611M1,13.0,22761.0,2128.0
2873730,2873731,24.0,1162365,2,2,15,1,1.0,42.0,1.0,-9.0,4.0,722Z,16.0,22761.0,2128.0
2873731,2873732,27.0,1162366,1,2,0,1,1.0,40.0,1.0,16.0,4.0,611M1,13.0,22761.0,2128.0
2873732,2873733,24.0,1162366,2,2,15,1,1.0,42.0,1.0,-9.0,4.0,722Z,16.0,22761.0,2128.0
2873733,2873734,27.0,1162367,1,2,0,1,1.0,40.0,1.0,16.0,4.0,611M1,13.0,22761.0,2128.0
2873734,2873735,24.0,1162367,2,2,15,1,1.0,42.0,1.0,-9.0,4.0,722Z,16.0,22761.0,2128.0
2873735,2873736,27.0,1162368,1,2,0,1,1.0,40.0,1.0,16.0,4.0,611M1,13.0,22757.0,2127.0
2873736,2873737,24.0,1162368,2,2,15,1,1.0,42.0,1.0,-9.0,4.0,722Z,16.0,22757.0,2127.0
2873737,2873738,27.0,1162369,1,2,0,1,1.0,40.0,1.0,16.0,4.0,611M1,13.0,22761.0,2128.0
2873738,2873739,24.0,1162369,2,2,15,1,1.0,42.0,1.0,-9.0,4.0,722Z,16.0,22761.0,2128.0
2873739,2873740,27.0,1162370,1,2,0,1,1.0,40.0,1.0,16.0,4.0,611M1,13.0,22761.0,2128.0
2873740,2873741,24.0,1162370,2,2,15,1,1.0,42.0,1.0,-9.0,4.0,722Z,16.0,22761.0,2128.0
2873741,2873742,27.0,1162371,1,2,0,1,1.0,40.0,1.0,16.0,4.0,611M1,13.0,22761.0,2128.0
2873742,2873743,24.0,1162371,2,2,15,1,1.0,42.0,1.0,-9.0,4.0,722Z,16.0,22761.0,2128.0
2873743,2873744,27.0,1162372,1,2,0,1,1.0,40.0,1.0,16.0,4.0,611M1,13.0,22761.0,2128.0
2873744,2873745,24.0,1162372,2,2,15,1,1.0,42.0,1.0,-9.0,4.0,722Z,16.0,22761.0,2128.0
2873745,2873746,27.0,1162373,1,2,0,1,1.0,40.0,1.0,16.0,4.0,611M1,13.0,22761.0,2128.0
2873746,2873747,24.0,1162373,2,2,15,1,1.0,42.0,1.0,-9.0,4.0,722Z,16.0,22761.0,2128.0
2873747,2873748,27.0,1162374,1,2,0,1,1.0,40.0,1.0,16.0,4.0,611M1,13.0,22761.0,2128.0
2873748,2873749,24.0,1162374,2,2,15,1,1.0,42.0,1.0,-9.0,4.0,722Z,16.0,22761.0,2128.0
2873749,2873750,27.0,1162375,1,2,0,1,6.0,-9.0,-9.0,16.0,4.0,622M,15.0,22761.0,2128.0
2873750,2873751,24.0,1162375,2,2,12,1,1.0,36.0,2.0,15.0,4.0,622M,15.0,22761.0,2128.0
2873751,2873752,27.0,1162376,1,2,0,1,6.0,-9.0,-9.0,16.0,4.0,622M,15.0,22761.0,2128.0
2873752,2873753,24.0,1162376,2,2,12,1,1.0,36.0,2.0,15.0,4.0,622M,15.0,22761.0,2128.0
2873753,2873754,27.0,1162377,1,2,0,1,6.0,-9.0,-9.0,16.0,4.0,622M,15.0,22757.0,2127.0
2873754,2873755,24.0,1162377,2,2,12,1,1.0,36.0,2.0,15.0,4.0,622M,15.0,22757.0,2127.0
2873755,2873756,27.0,1162378,1,2,0,1,6.0,-9.0,-9.0,16.0,4.0,622M,15.0,22757.0,2127.0
2873756,2873757,24.0,1162378,2,2,12,1,1.0,36.0,2.0,15.0,4.0,622M,15.0,22757.0,2127.0
2873757,2873758,27.0,1162379,1,2,0,1,6.0,-9.0,-9.0,16.0,4.0,622M,15.0,22761.0,2128.0
2873758,2873759,24.0,1162379,2,2,12,1,1.0,36.0,2.0,15.0,4.0,622M,15.0,22761.0,2128.0
2873759,2873760,27.0,1162380,1,2,0,1,6.0,-9.0,-9.0,16.0,4.0,622M,15.0,22761.0,2128.0
2873760,2873761,24.0,1162380,2,2,12,1,1.0,36.0,2.0,15.0,4.0,622M,15.0,22761.0,2128.0
2873761,2873762,27.0,1162381,1,2,0,1,6.0,-9.0,-9.0,16.0,4.0,622M,15.0,22761.0,2128.0
2873762,2873763,24.0,1162381,2,2,12,1,1.0,36.0,2.0,15.0,4.0,622M,15.0,22761.0,2128.0
2873763,2873764,27.0,1162382,1,2,0,1,6.0,-9.0,-9.0,16.0,4.0,622M,15.0,22757.0,2127.0
2873764,2873765,24.0,1162382,2,2,12,1,1.0,36.0,2.0,15.0,4.0,622M,15.0,22757.0,2127.0
2873765,2873766,27.0,1162383,1,2,0,1,6.0,-9.0,-9.0,16.0,4.0,622M,15.0,22761.0,2128.0
2873766,2873767,24.0,1162383,2,2,12,1,1.0,36.0,2.0,15.0,4.0,622M,15.0,22761.0,2128.0
2873767,2873768,27.0,1162384,1,2,0,1,6.0,-9.0,-9.0,16.0,4.0,622M,15.0,22757.0,2127.0
2873768,2873769,24.0,1162384,2,2,12,1,1.0,36.0,2.0,15.0,4.0,622M,15.0,22757.0,2127.0
2873769,2873770,27.0,1162385,1,2,0,1,6.0,-9.0,-9.0,16.0,4.0,622M,15.0,22761.0,2128.0
2873770,2873771,24.0,1162385,2,2,12,1,1.0,36.0,2.0,15.0,4.0,622M,15.0,22761.0,2128.0
2873771,2873772,27.0,1162386,1,2,0,1,6.0,-9.0,-9.0,16.0,4.0,622M,15.0,22761.0,2128.0
2873772,2873773,24.0,1162386,2,2,12,1,1.0,36.0,2.0,15.0,4.0,622M,15.0,22761.0,2128.0
2873773,2873774,27.0,1162387,1,2,0,1,6.0,-9.0,-9.0,16.0,4.0,622M,15.0,22761.0,2128.0
2873774,2873775,24.0,1162387,2,2,12,1,1.0,36.0,2.0,15.0,4.0,622M,15.0,22761.0,2128.0
2873775,2873776,27.0,1162388,1,2,0,1,6.0,-9.0,-9.0,16.0,4.0,622M,15.0,22761.0,2128.0
2873776,2873777,24.0,1162388,2,2,12,1,1.0,36.0,2.0,15.0,4.0,622M,15.0,22761.0,2128.0
2873777,2873778,27.0,1162389,1,2,0,1,6.0,-9.0,-9.0,16.0,4.0,622M,15.0,22761.0,2128.0
2873778,2873779,24.0,1162389,2,2,12,1,1.0,36.0,2.0,15.0,4.0,622M,15.0,22761.0,2128.0
2873779,2873780,27.0,1162390,1,2,0,1,6.0,-9.0,-9.0,16.0,4.0,622M,15.0,22757.0,2127.0
2873780,2873781,24.0,1162390,2,2,12,1,1.0,36.0,2.0,15.0,4.0,622M,15.0,22757.0,2127.0
2873781,2873782,27.0,1162391,1,2,0,1,6.0,-9.0,-9.0,16.0,4.0,622M,15.0,22761.0,2128.0
2873782,2873783,24.0,1162391,2,2,12,1,1.0,36.0,2.0,15.0,4.0,622M,15.0,22761.0,2128.0
2873783,2873784,31.0,1162392,1,1,0,1,1.0,40.0,4.0,-9.0,4.0,611M1,13.0,22757.0,2127.0
2873784,2873785,24.0,1162392,2,2,1,1,6.0,-9.0,-9.0,-9.0,4.0,6111,13.0,22757.0,2127.0
2873785,2873786,31.0,1162393,1,1,0,1,1.0,40.0,4.0,-9.0,4.0,611M1,13.0,22761.0,2128.0
2873786,2873787,24.0,1162393,2,2,1,1,6.0,-9.0,-9.0,-9.0,4.0,6111,13.0,22761.0,2128.0
2873787,2873788,31.0,1162394,1,1,0,1,1.0,40.0,4.0,-9.0,4.0,611M1,13.0,22757.0,2127.0
2873788,2873789,24.0,1162394,2,2,1,1,6.0,-9.0,-9.0,-9.0,4.0,6111,13.0,22757.0,2127.0
2873789,2873790,31.0,1162395,1,1,0,1,1.0,40.0,4.0,-9.0,4.0,611M1,13.0,22761.0,2128.0
2873790,2873791,24.0,1162395,2,2,1,1,6.0,-9.0,-9.0,-9.0,4.0,6111,13.0,22761.0,2128.0
2873791,2873792,31.0,1162396,1,1,0,1,1.0,40.0,4.0,-9.0,4.0,611M1,13.0,22757.0,2127.0
2873792,2873793,24.0,1162396,2,2,1,1,6.0,-9.0,-9.0,-9.0,4.0,6111,13.0,22757.0,2127.0
2873793,2873794,31.0,1162397,1,1,0,1,1.0,40.0,4.0,-9.0,4.0,611M1,13.0,22761.0,2128.0
2873794,2873795,24.0,1162397,2,2,1,1,6.0,-9.0,-9.0,-9.0,4.0,6111,13.0,22761.0,2128.0
2873795,2873796,31.0,1162398,1,1,0,1,1.0,40.0,4.0,-9.0,4.0,611M1,13.0,22761.0,2128.0
2873796,2873797,24.0,1162398,2,2,1,1,6.0,-9.0,-9.0,-9.0,4.0,6111,13.0,22761.0,2128.0
2873797,2873798,19.0,1162399,1,1,0,3,1.0,40.0,1.0,-9.0,4.0,722Z,16.0,22761.0,2128.0
2873798,2873799,50.0,1162399,2,1,12,3,1.0,40.0,2.0,-9.0,4.0,713Z,16.0,22761.0,2128.0
2873799,2873800,19.0,1162400,1,1,0,3,1.0,40.0,1.0,-9.0,4.0,722Z,16.0,22761.0,2128.0
2873800,2873801,50.0,1162400,2,1,12,3,1.0,40.0,2.0,-9.0,4.0,713Z,16.0,22761.0,2128.0
2873801,2873802,19.0,1162401,1,1,0,3,1.0,40.0,1.0,-9.0,4.0,722Z,16.0,22761.0,2128.0
2873802,2873803,50.0,1162401,2,1,12,3,1.0,40.0,2.0,-9.0,4.0,713Z,16.0,22761.0,2128.0
2873803,2873804,19.0,1162402,1,1,0,3,1.0,40.0,1.0,-9.0,4.0,722Z,16.0,22757.0,2127.0
2873804,2873805,50.0,1162402,2,1,12,3,1.0,40.0,2.0,-9.0,4.0,713Z,16.0,22757.0,2127.0
2873805,2873806,19.0,1162403,1,1,0,3,1.0,40.0,1.0,-9.0,4.0,722Z,16.0,22761.0,2128.0
2873806,2873807,50.0,1162403,2,1,12,3,1.0,40.0,2.0,-9.0,4.0,713Z,16.0,22761.0,2128.0
2873807,2873808,19.0,1162404,1,1,0,3,1.0,40.0,1.0,-9.0,4.0,722Z,16.0,22761.0,2128.0
2873808,2873809,50.0,1162404,2,1,12,3,1.0,40.0,2.0,-9.0,4.0,713Z,16.0,22761.0,2128.0
2873809,2873810,19.0,1162405,1,1,0,3,1.0,40.0,1.0,-9.0,4.0,722Z,16.0,22761.0,2128.0
2873810,2873811,50.0,1162405,2,1,12,3,1.0,40.0,2.0,-9.0,4.0,713Z,16.0,22761.0,2128.0
2873811,2873812,19.0,1162406,1,1,0,3,1.0,40.0,1.0,-9.0,4.0,722Z,16.0,22757.0,2127.0
2873812,2873813,50.0,1162406,2,1,12,3,1.0,40.0,2.0,-9.0,4.0,713Z,16.0,22757.0,2127.0
2873813,2873814,19.0,1162407,1,1,0,3,1.0,40.0,1.0,-9.0,4.0,722Z,16.0,22757.0,2127.0
2873814,2873815,50.0,1162407,2,1,12,3,1.0,40.0,2.0,-9.0,4.0,713Z,16.0,22757.0,2127.0
2873815,2873816,19.0,1162408,1,1,0,3,1.0,40.0,1.0,-9.0,4.0,722Z,16.0,22761.0,2128.0
2873816,2873817,50.0,1162408,2,1,12,3,1.0,40.0,2.0,-9.0,4.0,713Z,16.0,22761.0,2128.0
2873817,2873818,19.0,1162409,1,1,0,3,1.0,40.0,1.0,-9.0,4.0,722Z,16.0,22761.0,2128.0
2873818,2873819,50.0,1162409,2,1,12,3,1.0,40.0,2.0,-9.0,4.0,713Z,16.0,22761.0,2128.0
2873819,2873820,19.0,1162410,1,1,0,3,1.0,40.0,1.0,-9.0,4.0,722Z,16.0,22761.0,2128.0
2873820,2873821,50.0,1162410,2,1,12,3,1.0,40.0,2.0,-9.0,4.0,713Z,16.0,22761.0,2128.0
2873821,2873822,19.0,1162411,1,1,0,3,1.0,40.0,1.0,-9.0,4.0,722Z,16.0,22761.0,2128.0
2873822,2873823,50.0,1162411,2,1,12,3,1.0,40.0,2.0,-9.0,4.0,713Z,16.0,22761.0,2128.0
2873823,2873824,19.0,1162412,1,1,0,3,1.0,40.0,1.0,-9.0,4.0,722Z,16.0,22761.0,2128.0
2873824,2873825,50.0,1162412,2,1,12,3,1.0,40.0,2.0,-9.0,4.0,713Z,16.0,22761.0,2128.0
2873825,2873826,19.0,1162413,1,1,0,3,1.0,40.0,1.0,-9.0,4.0,722Z,16.0,22761.0,2128.0
2873826,2873827,50.0,1162413,2,1,12,3,1.0,40.0,2.0,-9.0,4.0,713Z,16.0,22761.0,2128.0
2873827,2873828,19.0,1162414,1,1,0,3,1.0,40.0,1.0,-9.0,4.0,722Z,16.0,22761.0,2128.0
2873828,2873829,50.0,1162414,2,1,12,3,1.0,40.0,2.0,-9.0,4.0,713Z,16.0,22761.0,2128.0
2873829,2873830,19.0,1162415,1,1,0,3,1.0,40.0,1.0,-9.0,4.0,722Z,16.0,22761.0,2128.0
2873830,2873831,50.0,1162415,2,1,12,3,1.0,40.0,2.0,-9.0,4.0,713Z,16.0,22761.0,2128.0
2873831,2873832,19.0,1162416,1,1,0,3,1.0,40.0,1.0,-9.0,4.0,722Z,16.0,22761.0,2128.0
2873832,2873833,50.0,1162416,2,1,12,3,1.0,40.0,2.0,-9.0,4.0,713Z,16.0,22761.0,2128.0
2873833,2873834,19.0,1162417,1,1,0,3,1.0,40.0,1.0,-9.0,4.0,722Z,16.0,22761.0,2128.0
2873834,2873835,50.0,1162417,2,1,12,3,1.0,40.0,2.0,-9.0,4.0,713Z,16.0,22761.0,2128.0
2873835,2873836,19.0,1162418,1,1,0,3,1.0,40.0,1.0,-9.0,4.0,722Z,16.0,22761.0,2128.0
2873836,2873837,50.0,1162418,2,1,12,3,1.0,40.0,2.0,-9.0,4.0,713Z,16.0,22761.0,2128.0
2873837,2873838,19.0,1162419,1,1,0,3,1.0,40.0,1.0,-9.0,4.0,722Z,16.0,22761.0,2128.0
2873838,2873839,50.0,1162419,2,1,12,3,1.0,40.0,2.0,-9.0,4.0,713Z,16.0,22761.0,2128.0
2873839,2873840,24.0,1162420,1,2,0,3,1.0,40.0,3.0,16.0,4.0,611M1,13.0,22761.0,2128.0
2873840,2873841,27.0,1162420,2,1,12,4,1.0,50.0,1.0,16.0,4.0,611M1,13.0,22761.0,2128.0
2873841,2873842,24.0,1162421,1,2,0,3,1.0,40.0,3.0,16.0,4.0,611M1,13.0,22761.0,2128.0
2873842,2873843,27.0,1162421,2,1,12,4,1.0,50.0,1.0,16.0,4.0,611M1,13.0,22761.0,2128.0
2873843,2873844,24.0,1162422,1,2,0,3,1.0,40.0,3.0,16.0,4.0,611M1,13.0,22761.0,2128.0
2873844,2873845,27.0,1162422,2,1,12,4,1.0,50.0,1.0,16.0,4.0,611M1,13.0,22761.0,2128.0
2873845,2873846,24.0,1162423,1,2,0,3,1.0,40.0,3.0,16.0,4.0,611M1,13.0,22757.0,2127.0
2873846,2873847,27.0,1162423,2,1,12,4,1.0,50.0,1.0,16.0,4.0,611M1,13.0,22757.0,2127.0
2873847,2873848,24.0,1162424,1,2,0,3,1.0,40.0,3.0,16.0,4.0,611M1,13.0,22761.0,2128.0
2873848,2873849,27.0,1162424,2,1,12,4,1.0,50.0,1.0,16.0,4.0,611M1,13.0,22761.0,2128.0
2873849,2873850,24.0,1162425,1,2,0,3,1.0,40.0,3.0,16.0,4.0,611M1,13.0,22761.0,2128.0
2873850,2873851,27.0,1162425,2,1,12,4,1.0,50.0,1.0,16.0,4.0,611M1,13.0,22761.0,2128.0
2873851,2873852,24.0,1162426,1,2,0,3,1.0,40.0,3.0,16.0,4.0,611M1,13.0,22757.0,2127.0
2873852,2873853,27.0,1162426,2,1,12,4,1.0,50.0,1.0,16.0,4.0,611M1,13.0,22757.0,2127.0
2873853,2873854,24.0,1162427,1,2,0,3,1.0,40.0,3.0,16.0,4.0,611M1,13.0,22757.0,2127.0
2873854,2873855,27.0,1162427,2,1,12,4,1.0,50.0,1.0,16.0,4.0,611M1,13.0,22757.0,2127.0
2873855,2873856,24.0,1162428,1,2,0,3,1.0,40.0,3.0,16.0,4.0,611M1,13.0,22761.0,2128.0
2873856,2873857,27.0,1162428,2,1,12,4,1.0,50.0,1.0,16.0,4.0,611M1,13.0,22761.0,2128.0
2873857,2873858,24.0,1162429,1,2,0,3,1.0,40.0,3.0,16.0,4.0,611M1,13.0,22761.0,2128.0
2873858,2873859,27.0,1162429,2,1,12,4,1.0,50.0,1.0,16.0,4.0,611M1,13.0,22761.0,2128.0
2873859,2873860,24.0,1162430,1,2,0,3,1.0,40.0,3.0,16.0,4.0,611M1,13.0,22761.0,2128.0
2873860,2873861,27.0,1162430,2,1,12,4,1.0,50.0,1.0,16.0,4.0,611M1,13.0,22761.0,2128.0
2873861,2873862,24.0,1162431,1,2,0,3,1.0,40.0,3.0,16.0,4.0,611M1,13.0,22761.0,2128.0
2873862,2873863,27.0,1162431,2,1,12,4,1.0,50.0,1.0,16.0,4.0,611M1,13.0,22761.0,2128.0
2873863,2873864,24.0,1162432,1,2,0,3,1.0,40.0,3.0,16.0,4.0,611M1,13.0,22757.0,2127.0
2873864,2873865,27.0,1162432,2,1,12,4,1.0,50.0,1.0,16.0,4.0,611M1,13.0,22757.0,2127.0
2873865,2873866,24.0,1162433,1,1,0,1,1.0,50.0,1.0,16.0,4.0,611M1,13.0,22761.0,2128.0
2873866,2873867,25.0,1162433,2,1,12,4,1.0,50.0,1.0,16.0,4.0,611M1,13.0,22761.0,2128.0
2873867,2873868,24.0,1162434,1,1,0,1,1.0,50.0,1.0,16.0,4.0,611M1,13.0,22761.0,2128.0
2873868,2873869,25.0,1162434,2,1,12,4,1.0,50.0,1.0,16.0,4.0,611M1,13.0,22761.0,2128.0
2873869,2873870,24.0,1162435,1,1,0,1,1.0,50.0,1.0,16.0,4.0,611M1,13.0,22761.0,2128.0
2873870,2873871,25.0,1162435,2,1,12,4,1.0,50.0,1.0,16.0,4.0,611M1,13.0,22761.0,2128.0
2873871,2873872,23.0,1162436,1,2,0,1,1.0,35.0,1.0,15.0,4.0,2213M,7.0,22757.0,2127.0
2873872,2873873,26.0,1162436,2,1,13,1,1.0,40.0,1.0,15.0,4.0,4411,5.0,22757.0,2127.0
2873873,2873874,23.0,1162437,1,2,0,1,1.0,40.0,5.0,-9.0,4.0,611M1,13.0,22757.0,2127.0
2873874,2873875,23.0,1162438,1,2,0,1,1.0,35.0,1.0,16.0,4.0,611M1,13.0,22757.0,2127.0
2873875,2873876,23.0,1162439,1,2,0,1,1.0,35.0,1.0,16.0,4.0,611M1,13.0,22761.0,2128.0
2873876,2873877,21.0,1162440,1,2,0,1,1.0,6.0,1.0,15.0,4.0,611M3,13.0,22761.0,2128.0
2873877,2873878,23.0,1162441,1,2,0,1,1.0,35.0,1.0,16.0,4.0,611M1,13.0,22761.0,2128.0
2873878,2873879,21.0,1162442,1,2,0,1,1.0,20.0,1.0,15.0,4.0,611M1,13.0,22761.0,2128.0
2873879,2873880,21.0,1162443,1,2,0,1,1.0,6.0,1.0,15.0,4.0,611M3,13.0,22761.0,2128.0
2873880,2873881,23.0,1162444,1,2,0,1,1.0,35.0,1.0,16.0,4.0,611M1,13.0,22761.0,2128.0
2873881,2873882,22.0,1162445,1,2,0,1,1.0,15.0,2.0,16.0,4.0,611M1,13.0,22757.0,2127.0
2873882,2873883,23.0,1162446,1,2,0,1,1.0,40.0,5.0,-9.0,4.0,611M1,13.0,22761.0,2128.0
2873883,2873884,21.0,1162447,1,2,0,1,1.0,10.0,3.0,15.0,4.0,611M1,13.0,22761.0,2128.0
2873884,2873885,23.0,1162448,1,2,0,1,1.0,40.0,5.0,-9.0,4.0,611M1,13.0,22761.0,2128.0
2873885,2873886,21.0,1162449,1,2,0,1,1.0,6.0,1.0,15.0,4.0,611M3,13.0,22757.0,2127.0
2873886,2873887,21.0,1162450,1,2,0,1,1.0,6.0,1.0,15.0,4.0,611M3,13.0,22761.0,2128.0
2873887,2873888,21.0,1162451,1,2,0,1,1.0,6.0,1.0,15.0,4.0,611M3,13.0,22761.0,2128.0
2873888,2873889,23.0,1162452,1,2,0,1,1.0,40.0,5.0,-9.0,4.0,611M1,13.0,22761.0,2128.0
2873889,2873890,22.0,1162453,1,2,0,1,1.0,15.0,2.0,16.0,4.0,611M1,13.0,22761.0,2128.0
2873890,2873891,21.0,1162454,1,2,0,1,1.0,6.0,1.0,15.0,4.0,611M3,13.0,22761.0,2128.0
2873891,2873892,23.0,1162455,1,2,0,1,1.0,35.0,1.0,16.0,4.0,611M1,13.0,22757.0,2127.0
2873892,2873893,21.0,1162456,1,2,0,1,1.0,6.0,1.0,15.0,4.0,611M3,13.0,22761.0,2128.0
2873893,2873894,21.0,1162457,1,2,0,1,1.0,6.0,1.0,15.0,4.0,611M3,13.0,22757.0,2127.0
2873894,2873895,21.0,1162458,1,2,0,1,1.0,6.0,1.0,15.0,4.0,611M3,13.0,22761.0,2128.0
2873895,2873896,23.0,1162459,1,2,0,1,1.0,40.0,5.0,-9.0,4.0,611M1,13.0,22761.0,2128.0
2873896,2873897,24.0,1162460,1,2,0,1,1.0,9.0,6.0,16.0,4.0,611M1,13.0,22761.0,2128.0
2873897,2873898,23.0,1162461,1,2,0,1,1.0,40.0,5.0,-9.0,4.0,611M1,13.0,22761.0,2128.0
2873898,2873899,23.0,1162462,1,2,0,1,1.0,40.0,5.0,-9.0,4.0,611M1,13.0,22761.0,2128.0
2873899,2873900,21.0,1162463,1,2,0,1,1.0,6.0,1.0,15.0,4.0,611M3,13.0,22761.0,2128.0
2873900,2873901,21.0,1162464,1,2,0,1,1.0,6.0,1.0,15.0,4.0,611M3,13.0,22761.0,2128.0
2873901,2873902,21.0,1162465,1,2,0,1,1.0,6.0,1.0,15.0,4.0,611M3,13.0,22757.0,2127.0
2873902,2873903,21.0,1162466,1,2,0,1,1.0,6.0,1.0,15.0,4.0,611M3,13.0,22761.0,2128.0
2873903,2873904,23.0,1162467,1,2,0,1,1.0,40.0,5.0,-9.0,4.0,611M1,13.0,22761.0,2128.0
2873904,2873905,23.0,1162468,1,2,0,1,1.0,40.0,5.0,-9.0,4.0,611M1,13.0,22761.0,2128.0
2873905,2873906,23.0,1162469,1,2,0,1,1.0,40.0,5.0,-9.0,4.0,611M1,13.0,22761.0,2128.0
2873906,2873907,21.0,1162470,1,2,0,1,1.0,6.0,1.0,15.0,4.0,611M3,13.0,22761.0,2128.0
2873907,2873908,23.0,1162471,1,2,0,1,1.0,35.0,1.0,16.0,4.0,611M1,13.0,22761.0,2128.0
2873908,2873909,21.0,1162472,1,2,0,1,1.0,6.0,1.0,15.0,4.0,611M3,13.0,22757.0,2127.0
2873909,2873910,22.0,1162473,1,2,0,1,1.0,15.0,2.0,16.0,4.0,611M1,13.0,22761.0,2128.0
2873910,2873911,21.0,1162474,1,2,0,1,1.0,20.0,1.0,15.0,4.0,611M1,13.0,22761.0,2128.0
2873911,2873912,23.0,1162475,1,2,0,1,1.0,35.0,1.0,16.0,4.0,611M1,13.0,22757.0,2127.0
2873912,2873913,21.0,1162476,1,2,0,1,1.0,20.0,1.0,15.0,4.0,611M1,13.0,22757.0,2127.0
2873913,2873914,23.0,1162477,1,2,0,1,1.0,40.0,5.0,-9.0,4.0,611M1,13.0,22761.0,2128.0
2873914,2873915,23.0,1162478,1,2,0,1,1.0,35.0,1.0,16.0,4.0,611M1,13.0,22761.0,2128.0
2873915,2873916,23.0,1162479,1,2,0,1,1.0,35.0,1.0,16.0,4.0,611M1,13.0,22761.0,2128.0
2873916,2873917,21.0,1162480,1,2,0,1,1.0,6.0,1.0,15.0,4.0,611M3,13.0,22761.0,2128.0
2873917,2873918,23.0,1162481,1,2,0,1,1.0,40.0,5.0,-9.0,4.0,611M1,13.0,22757.0,2127.0
2873918,2873919,22.0,1162482,1,2,0,1,1.0,15.0,2.0,16.0,4.0,611M1,13.0,22761.0,2128.0
2873919,2873920,21.0,1162483,1,2,0,1,1.0,20.0,1.0,15.0,4.0,611M1,13.0,22761.0,2128.0
2873920,2873921,22.0,1162484,1,2,0,1,1.0,6.0,4.0,16.0,4.0,611M1,13.0,22761.0,2128.0
2873921,2873922,24.0,1162485,1,2,0,1,1.0,9.0,6.0,16.0,4.0,611M1,13.0,22761.0,2128.0
2873922,2873923,21.0,1162486,1,2,0,1,1.0,6.0,1.0,15.0,4.0,611M3,13.0,22761.0,2128.0
2873923,2873924,22.0,1162487,1,2,0,1,1.0,15.0,2.0,16.0,4.0,611M1,13.0,22761.0,2128.0
2873924,2873925,24.0,1162488,1,2,0,1,1.0,9.0,6.0,16.0,4.0,611M1,13.0,22757.0,2127.0
2873925,2873926,22.0,1162489,1,2,0,1,1.0,15.0,2.0,16.0,4.0,611M1,13.0,22757.0,2127.0
2873926,2873927,23.0,1162490,1,2,0,1,1.0,40.0,5.0,-9.0,4.0,611M1,13.0,22761.0,2128.0
2873927,2873928,21.0,1162491,1,2,0,1,1.0,10.0,3.0,15.0,4.0,611M1,13.0,22761.0,2128.0
2873928,2873929,22.0,1162492,1,2,0,1,1.0,6.0,4.0,16.0,4.0,611M1,13.0,22761.0,2128.0
2873929,2873930,23.0,1162493,1,2,0,1,1.0,35.0,1.0,16.0,4.0,611M1,13.0,22757.0,2127.0
2873930,2873931,23.0,1162494,1,2,0,1,1.0,35.0,1.0,16.0,4.0,611M1,13.0,22761.0,2128.0
2873931,2873932,21.0,1162495,1,2,0,1,1.0,20.0,1.0,15.0,4.0,611M1,13.0,22761.0,2128.0
2873932,2873933,21.0,1162496,1,2,0,1,1.0,6.0,1.0,15.0,4.0,611M3,13.0,22761.0,2128.0
2873933,2873934,21.0,1162497,1,2,0,1,1.0,20.0,1.0,15.0,4.0,611M1,13.0,22761.0,2128.0
2873934,2873935,22.0,1162498,1,2,0,1,1.0,15.0,2.0,16.0,4.0,611M1,13.0,22757.0,2127.0
2873935,2873936,23.0,1162499,1,2,0,1,1.0,40.0,5.0,-9.0,4.0,611M1,13.0,22761.0,2128.0
2873936,2873937,22.0,1162500,1,2,0,1,1.0,15.0,2.0,16.0,4.0,611M1,13.0,22761.0,2128.0
2873937,2873938,21.0,1162501,1,2,0,1,1.0,10.0,3.0,15.0,4.0,611M1,13.0,22761.0,2128.0
2873938,2873939,21.0,1162502,1,2,0,1,1.0,20.0,1.0,15.0,4.0,611M1,13.0,22757.0,2127.0
2873939,2873940,22.0,1162503,1,2,0,1,1.0,15.0,2.0,16.0,4.0,611M1,13.0,22761.0,2128.0
2873940,2873941,22.0,1162504,1,2,0,1,1.0,6.0,4.0,16.0,4.0,611M1,13.0,22761.0,2128.0
2873941,2873942,23.0,1162505,1,2,0,1,1.0,35.0,1.0,16.0,4.0,611M1,13.0,22757.0,2127.0
2873942,2873943,23.0,1162506,1,2,0,1,1.0,40.0,5.0,-9.0,4.0,611M1,13.0,22761.0,2128.0
2873943,2873944,22.0,1162507,1,2,0,1,1.0,15.0,2.0,16.0,4.0,611M1,13.0,22761.0,2128.0
2873944,2873945,85.0,1162508,1,2,0,4,6.0,-9.0,-9.0,-9.0,4.0,-9,0.0,22758.0,2127.0
2873945,2873946,46.0,1162509,1,2,0,4,1.0,60.0,2.0,-9.0,4.0,812112,17.0,22763.0,2129.0
2873946,2873947,18.0,1162509,2,1,2,4,6.0,-9.0,-9.0,15.0,4.0,-9,0.0,22763.0,2129.0
2873947,2873948,46.0,1162510,1,2,0,4,1.0,60.0,2.0,-9.0,4.0,812112,17.0,22763.0,2129.0
2873948,2873949,18.0,1162510,2,1,2,4,6.0,-9.0,-9.0,15.0,4.0,-9,0.0,22763.0,2129.0
2873949,2873950,46.0,1162511,1,2,0,4,1.0,60.0,2.0,-9.0,4.0,812112,17.0,22758.0,2127.0
2873950,2873951,18.0,1162511,2,1,2,4,6.0,-9.0,-9.0,15.0,4.0,-9,0.0,22758.0,2127.0
2873951,2873952,46.0,1162512,1,2,0,4,1.0,60.0,2.0,-9.0,4.0,812112,17.0,22758.0,2127.0
2873952,2873953,18.0,1162512,2,1,2,4,6.0,-9.0,-9.0,15.0,4.0,-9,0.0,22758.0,2127.0
2873953,2873954,46.0,1162513,1,2,0,4,1.0,60.0,2.0,-9.0,4.0,812112,17.0,22763.0,2129.0
2873954,2873955,18.0,1162513,2,1,2,4,6.0,-9.0,-9.0,15.0,4.0,-9,0.0,22763.0,2129.0
2873955,2873956,50.0,1162514,1,1,0,3,1.0,40.0,1.0,-9.0,4.0,611M1,13.0,22763.0,2129.0
2873956,2873957,51.0,1162514,2,2,1,3,2.0,40.0,1.0,-9.0,4.0,52M1,9.0,22763.0,2129.0
2873957,2873958,23.0,1162514,3,1,2,3,1.0,45.0,1.0,-9.0,4.0,4853,6.0,22763.0,2129.0
2873958,2873959,20.0,1162514,4,1,2,3,1.0,20.0,1.0,15.0,4.0,5121,8.0,22763.0,2129.0
2873959,2873960,53.0,1162515,1,2,0,3,1.0,40.0,1.0,-9.0,4.0,611M1,13.0,22758.0,2127.0
2873960,2873961,18.0,1162515,2,2,2,3,6.0,25.0,4.0,-9.0,4.0,722Z,16.0,22758.0,2127.0
2873961,2873962,58.0,1162516,1,2,0,1,1.0,40.0,1.0,-9.0,4.0,611M1,13.0,22763.0,2129.0
2873962,2873963,64.0,1162516,2,1,1,1,1.0,40.0,1.0,-9.0,4.0,5313,9.0,22763.0,2129.0
2873963,2873964,24.0,1162516,3,1,2,1,1.0,30.0,5.0,15.0,4.0,3118Z,3.0,22763.0,2129.0
2873964,2873965,23.0,1162516,4,1,2,1,1.0,16.0,1.0,-9.0,4.0,44511,5.0,22763.0,2129.0
2873965,2873966,70.0,1162516,5,2,5,1,6.0,-9.0,-9.0,-9.0,4.0,-9,0.0,22763.0,2129.0
2873966,2873967,58.0,1162517,1,2,0,1,1.0,40.0,1.0,-9.0,4.0,611M1,13.0,22763.0,2129.0
2873967,2873968,64.0,1162517,2,1,1,1,1.0,40.0,1.0,-9.0,4.0,5313,9.0,22763.0,2129.0
2873968,2873969,24.0,1162517,3,1,2,1,1.0,30.0,5.0,15.0,4.0,3118Z,3.0,22763.0,2129.0
2873969,2873970,23.0,1162517,4,1,2,1,1.0,16.0,1.0,-9.0,4.0,44511,5.0,22763.0,2129.0
2873970,2873971,70.0,1162517,5,2,5,1,6.0,-9.0,-9.0,-9.0,4.0,-9,0.0,22763.0,2129.0
2873971,2873972,58.0,1162518,1,2,0,1,1.0,40.0,1.0,-9.0,4.0,611M1,13.0,22758.0,2127.0
2873972,2873973,64.0,1162518,2,1,1,1,1.0,40.0,1.0,-9.0,4.0,5313,9.0,22758.0,2127.0
2873973,2873974,24.0,1162518,3,1,2,1,1.0,30.0,5.0,15.0,4.0,3118Z,3.0,22758.0,2127.0
2873974,2873975,23.0,1162518,4,1,2,1,1.0,16.0,1.0,-9.0,4.0,44511,5.0,22758.0,2127.0
2873975,2873976,70.0,1162518,5,2,5,1,6.0,-9.0,-9.0,-9.0,4.0,-9,0.0,22758.0,2127.0
2873976,2873977,58.0,1162519,1,2,0,1,1.0,40.0,1.0,-9.0,4.0,611M1,13.0,22758.0,2127.0
2873977,2873978,64.0,1162519,2,1,1,1,1.0,40.0,1.0,-9.0,4.0,5313,9.0,22758.0,2127.0
2873978,2873979,24.0,1162519,3,1,2,1,1.0,30.0,5.0,15.0,4.0,3118Z,3.0,22758.0,2127.0
2873979,2873980,23.0,1162519,4,1,2,1,1.0,16.0,1.0,-9.0,4.0,44511,5.0,22758.0,2127.0
2873980,2873981,70.0,1162519,5,2,5,1,6.0,-9.0,-9.0,-9.0,4.0,-9,0.0,22758.0,2127.0
2873981,2873982,58.0,1162520,1,2,0,1,1.0,40.0,1.0,-9.0,4.0,611M1,13.0,22758.0,2127.0
2873982,2873983,64.0,1162520,2,1,1,1,1.0,40.0,1.0,-9.0,4.0,5313,9.0,22758.0,2127.0
2873983,2873984,24.0,1162520,3,1,2,1,1.0,30.0,5.0,15.0,4.0,3118Z,3.0,22758.0,2127.0
2873984,2873985,23.0,1162520,4,1,2,1,1.0,16.0,1.0,-9.0,4.0,44511,5.0,22758.0,2127.0
2873985,2873986,70.0,1162520,5,2,5,1,6.0,-9.0,-9.0,-9.0,4.0,-9,0.0,22758.0,2127.0
2873986,2873987,58.0,1162521,1,2,0,1,1.0,40.0,1.0,-9.0,4.0,611M1,13.0,22758.0,2127.0
2873987,2873988,64.0,1162521,2,1,1,1,1.0,40.0,1.0,-9.0,4.0,5313,9.0,22758.0,2127.0
2873988,2873989,24.0,1162521,3,1,2,1,1.0,30.0,5.0,15.0,4.0,3118Z,3.0,22758.0,2127.0
2873989,2873990,23.0,1162521,4,1,2,1,1.0,16.0,1.0,-9.0,4.0,44511,5.0,22758.0,2127.0
2873990,2873991,70.0,1162521,5,2,5,1,6.0,-9.0,-9.0,-9.0,4.0,-9,0.0,22758.0,2127.0
2873991,2873992,58.0,1162522,1,2,0,1,1.0,40.0,1.0,-9.0,4.0,611M1,13.0,22758.0,2127.0
2873992,2873993,64.0,1162522,2,1,1,1,1.0,40.0,1.0,-9.0,4.0,5313,9.0,22758.0,2127.0
2873993,2873994,24.0,1162522,3,1,2,1,1.0,30.0,5.0,15.0,4.0,3118Z,3.0,22758.0,2127.0
2873994,2873995,23.0,1162522,4,1,2,1,1.0,16.0,1.0,-9.0,4.0,44511,5.0,22758.0,2127.0
2873995,2873996,70.0,1162522,5,2,5,1,6.0,-9.0,-9.0,-9.0,4.0,-9,0.0,22758.0,2127.0
2873996,2873997,58.0,1162523,1,2,0,1,1.0,40.0,1.0,-9.0,4.0,611M1,13.0,22763.0,2129.0
2873997,2873998,64.0,1162523,2,1,1,1,1.0,40.0,1.0,-9.0,4.0,5313,9.0,22763.0,2129.0
2873998,2873999,24.0,1162523,3,1,2,1,1.0,30.0,5.0,15.0,4.0,3118Z,3.0,22763.0,2129.0
2873999,2874000,23.0,1162523,4,1,2,1,1.0,16.0,1.0,-9.0,4.0,44511,5.0,22763.0,2129.0
2874000,2874001,70.0,1162523,5,2,5,1,6.0,-9.0,-9.0,-9.0,4.0,-9,0.0,22763.0,2129.0
2874001,2874002,58.0,1162524,1,2,0,1,1.0,40.0,1.0,-9.0,4.0,611M1,13.0,22763.0,2129.0
2874002,2874003,64.0,1162524,2,1,1,1,1.0,40.0,1.0,-9.0,4.0,5313,9.0,22763.0,2129.0
2874003,2874004,24.0,1162524,3,1,2,1,1.0,30.0,5.0,15.0,4.0,3118Z,3.0,22763.0,2129.0
2874004,2874005,23.0,1162524,4,1,2,1,1.0,16.0,1.0,-9.0,4.0,44511,5.0,22763.0,2129.0
2874005,2874006,70.0,1162524,5,2,5,1,6.0,-9.0,-9.0,-9.0,4.0,-9,0.0,22763.0,2129.0
2874006,2874007,58.0,1162525,1,2,0,1,1.0,40.0,1.0,-9.0,4.0,611M1,13.0,22763.0,2129.0
2874007,2874008,64.0,1162525,2,1,1,1,1.0,40.0,1.0,-9.0,4.0,5313,9.0,22763.0,2129.0
2874008,2874009,24.0,1162525,3,1,2,1,1.0,30.0,5.0,15.0,4.0,3118Z,3.0,22763.0,2129.0
2874009,2874010,23.0,1162525,4,1,2,1,1.0,16.0,1.0,-9.0,4.0,44511,5.0,22763.0,2129.0
2874010,2874011,70.0,1162525,5,2,5,1,6.0,-9.0,-9.0,-9.0,4.0,-9,0.0,22763.0,2129.0
2874011,2874012,49.0,1162526,1,1,0,1,1.0,40.0,1.0,-9.0,4.0,5417,10.0,22763.0,2129.0
2874012,2874013,52.0,1162526,2,2,1,1,1.0,30.0,1.0,-9.0,4.0,6111,13.0,22763.0,2129.0
2874013,2874014,18.0,1162526,3,2,2,1,6.0,-9.0,-9.0,14.0,4.0,-9,0.0,22763.0,2129.0
2874014,2874015,18.0,1162526,4,2,2,1,6.0,-9.0,-9.0,14.0,4.0,-9,0.0,22763.0,2129.0
2874015,2874016,49.0,1162527,1,1,0,1,1.0,40.0,1.0,-9.0,4.0,5417,10.0,22758.0,2127.0
2874016,2874017,52.0,1162527,2,2,1,1,1.0,30.0,1.0,-9.0,4.0,6111,13.0,22758.0,2127.0
2874017,2874018,18.0,1162527,3,2,2,1,6.0,-9.0,-9.0,14.0,4.0,-9,0.0,22758.0,2127.0
2874018,2874019,18.0,1162527,4,2,2,1,6.0,-9.0,-9.0,14.0,4.0,-9,0.0,22758.0,2127.0
2874019,2874020,49.0,1162528,1,1,0,1,1.0,40.0,1.0,-9.0,4.0,5417,10.0,22763.0,2129.0
2874020,2874021,52.0,1162528,2,2,1,1,1.0,30.0,1.0,-9.0,4.0,6111,13.0,22763.0,2129.0
2874021,2874022,18.0,1162528,3,2,2,1,6.0,-9.0,-9.0,14.0,4.0,-9,0.0,22763.0,2129.0
2874022,2874023,18.0,1162528,4,2,2,1,6.0,-9.0,-9.0,14.0,4.0,-9,0.0,22763.0,2129.0
2874023,2874024,49.0,1162529,1,1,0,1,1.0,40.0,1.0,-9.0,4.0,5417,10.0,22763.0,2129.0
2874024,2874025,52.0,1162529,2,2,1,1,1.0,30.0,1.0,-9.0,4.0,6111,13.0,22763.0,2129.0
2874025,2874026,18.0,1162529,3,2,2,1,6.0,-9.0,-9.0,14.0,4.0,-9,0.0,22763.0,2129.0
2874026,2874027,18.0,1162529,4,2,2,1,6.0,-9.0,-9.0,14.0,4.0,-9,0.0,22763.0,2129.0
2874027,2874028,54.0,1162530,1,2,0,1,1.0,50.0,1.0,-9.0,4.0,611M1,13.0,22763.0,2129.0
2874028,2874029,54.0,1162530,2,1,1,1,1.0,60.0,1.0,-9.0,4.0,611M1,13.0,22763.0,2129.0
2874029,2874030,22.0,1162530,3,2,2,1,1.0,42.0,1.0,-9.0,4.0,5121,8.0,22763.0,2129.0
2874030,2874031,23.0,1162530,4,2,15,1,1.0,30.0,1.0,-9.0,4.0,611M1,13.0,22763.0,2129.0
2874031,2874032,54.0,1162531,1,2,0,1,1.0,50.0,1.0,-9.0,4.0,611M1,13.0,22758.0,2127.0
2874032,2874033,54.0,1162531,2,1,1,1,1.0,60.0,1.0,-9.0,4.0,611M1,13.0,22758.0,2127.0
2874033,2874034,22.0,1162531,3,2,2,1,1.0,42.0,1.0,-9.0,4.0,5121,8.0,22758.0,2127.0
2874034,2874035,23.0,1162531,4,2,15,1,1.0,30.0,1.0,-9.0,4.0,611M1,13.0,22758.0,2127.0
2874035,2874036,54.0,1162532,1,2,0,1,1.0,50.0,1.0,-9.0,4.0,611M1,13.0,22758.0,2127.0
2874036,2874037,54.0,1162532,2,1,1,1,1.0,60.0,1.0,-9.0,4.0,611M1,13.0,22758.0,2127.0
2874037,2874038,22.0,1162532,3,2,2,1,1.0,42.0,1.0,-9.0,4.0,5121,8.0,22758.0,2127.0
2874038,2874039,23.0,1162532,4,2,15,1,1.0,30.0,1.0,-9.0,4.0,611M1,13.0,22758.0,2127.0
2874039,2874040,54.0,1162533,1,2,0,1,1.0,50.0,1.0,-9.0,4.0,611M1,13.0,22758.0,2127.0
2874040,2874041,54.0,1162533,2,1,1,1,1.0,60.0,1.0,-9.0,4.0,611M1,13.0,22758.0,2127.0
2874041,2874042,22.0,1162533,3,2,2,1,1.0,42.0,1.0,-9.0,4.0,5121,8.0,22758.0,2127.0
2874042,2874043,23.0,1162533,4,2,15,1,1.0,30.0,1.0,-9.0,4.0,611M1,13.0,22758.0,2127.0
2874043,2874044,54.0,1162534,1,2,0,1,1.0,50.0,1.0,-9.0,4.0,611M1,13.0,22763.0,2129.0
2874044,2874045,54.0,1162534,2,1,1,1,1.0,60.0,1.0,-9.0,4.0,611M1,13.0,22763.0,2129.0
2874045,2874046,22.0,1162534,3,2,2,1,1.0,42.0,1.0,-9.0,4.0,5121,8.0,22763.0,2129.0
2874046,2874047,23.0,1162534,4,2,15,1,1.0,30.0,1.0,-9.0,4.0,611M1,13.0,22763.0,2129.0
2874047,2874048,59.0,1162535,1,1,0,1,1.0,50.0,1.0,-9.0,4.0,611M1,13.0,22763.0,2129.0
2874048,2874049,61.0,1162535,2,2,1,1,1.0,45.0,1.0,-9.0,4.0,531M,9.0,22763.0,2129.0
2874049,2874050,22.0,1162535,3,2,2,1,1.0,10.0,3.0,-9.0,4.0,6244,14.0,22763.0,2129.0
2874050,2874051,49.0,1162536,1,2,0,1,1.0,40.0,1.0,-9.0,4.0,622M,15.0,22758.0,2127.0
2874051,2874052,50.0,1162536,2,1,1,1,1.0,40.0,1.0,-9.0,4.0,621M,14.0,22758.0,2127.0
2874052,2874053,23.0,1162536,3,1,2,1,1.0,30.0,4.0,-9.0,4.0,23,2.0,22758.0,2127.0
2874053,2874054,49.0,1162537,1,2,0,1,1.0,40.0,1.0,-9.0,4.0,622M,15.0,22763.0,2129.0
2874054,2874055,50.0,1162537,2,1,1,1,1.0,40.0,1.0,-9.0,4.0,621M,14.0,22763.0,2129.0
2874055,2874056,23.0,1162537,3,1,2,1,1.0,30.0,4.0,-9.0,4.0,23,2.0,22763.0,2129.0
2874056,2874057,49.0,1162538,1,2,0,1,1.0,40.0,1.0,-9.0,4.0,622M,15.0,22758.0,2127.0
2874057,2874058,50.0,1162538,2,1,1,1,1.0,40.0,1.0,-9.0,4.0,621M,14.0,22758.0,2127.0
2874058,2874059,23.0,1162538,3,1,2,1,1.0,30.0,4.0,-9.0,4.0,23,2.0,22758.0,2127.0
2874059,2874060,49.0,1162539,1,2,0,1,1.0,40.0,1.0,-9.0,4.0,622M,15.0,22758.0,2127.0
2874060,2874061,50.0,1162539,2,1,1,1,1.0,40.0,1.0,-9.0,4.0,621M,14.0,22758.0,2127.0
2874061,2874062,23.0,1162539,3,1,2,1,1.0,30.0,4.0,-9.0,4.0,23,2.0,22758.0,2127.0
2874062,2874063,49.0,1162540,1,2,0,1,1.0,40.0,1.0,-9.0,4.0,622M,15.0,22763.0,2129.0
2874063,2874064,50.0,1162540,2,1,1,1,1.0,40.0,1.0,-9.0,4.0,621M,14.0,22763.0,2129.0
2874064,2874065,23.0,1162540,3,1,2,1,1.0,30.0,4.0,-9.0,4.0,23,2.0,22763.0,2129.0
2874065,2874066,49.0,1162541,1,2,0,1,1.0,40.0,1.0,-9.0,4.0,622M,15.0,22758.0,2127.0
2874066,2874067,50.0,1162541,2,1,1,1,1.0,40.0,1.0,-9.0,4.0,621M,14.0,22758.0,2127.0
2874067,2874068,23.0,1162541,3,1,2,1,1.0,30.0,4.0,-9.0,4.0,23,2.0,22758.0,2127.0
2874068,2874069,49.0,1162542,1,2,0,1,1.0,40.0,1.0,-9.0,4.0,622M,15.0,22758.0,2127.0
2874069,2874070,50.0,1162542,2,1,1,1,1.0,40.0,1.0,-9.0,4.0,621M,14.0,22758.0,2127.0
2874070,2874071,23.0,1162542,3,1,2,1,1.0,30.0,4.0,-9.0,4.0,23,2.0,22758.0,2127.0
2874071,2874072,49.0,1162543,1,2,0,1,1.0,40.0,1.0,-9.0,4.0,622M,15.0,22763.0,2129.0
2874072,2874073,50.0,1162543,2,1,1,1,1.0,40.0,1.0,-9.0,4.0,621M,14.0,22763.0,2129.0
2874073,2874074,23.0,1162543,3,1,2,1,1.0,30.0,4.0,-9.0,4.0,23,2.0,22763.0,2129.0
2874074,2874075,26.0,1162544,1,2,0,4,1.0,40.0,3.0,16.0,4.0,611M1,13.0,22763.0,2129.0
2874075,2874076,24.0,1162544,2,2,12,4,6.0,-9.0,-9.0,16.0,4.0,-9,0.0,22763.0,2129.0
2874076,2874077,26.0,1162545,1,2,0,4,1.0,40.0,3.0,16.0,4.0,611M1,13.0,22758.0,2127.0
2874077,2874078,24.0,1162545,2,2,12,4,6.0,-9.0,-9.0,16.0,4.0,-9,0.0,22758.0,2127.0
2874078,2874079,26.0,1162546,1,2,0,4,1.0,40.0,3.0,16.0,4.0,611M1,13.0,22763.0,2129.0
2874079,2874080,24.0,1162546,2,2,12,4,6.0,-9.0,-9.0,16.0,4.0,-9,0.0,22763.0,2129.0
2874080,2874081,26.0,1162547,1,2,0,4,1.0,40.0,3.0,16.0,4.0,611M1,13.0,22758.0,2127.0
2874081,2874082,24.0,1162547,2,2,12,4,6.0,-9.0,-9.0,16.0,4.0,-9,0.0,22758.0,2127.0
2874082,2874083,26.0,1162548,1,2,0,4,1.0,40.0,3.0,16.0,4.0,611M1,13.0,22758.0,2127.0
2874083,2874084,24.0,1162548,2,2,12,4,6.0,-9.0,-9.0,16.0,4.0,-9,0.0,22758.0,2127.0
2874084,2874085,26.0,1162549,1,2,0,4,1.0,40.0,3.0,16.0,4.0,611M1,13.0,22763.0,2129.0
2874085,2874086,24.0,1162549,2,2,12,4,6.0,-9.0,-9.0,16.0,4.0,-9,0.0,22763.0,2129.0
2874086,2874087,26.0,1162550,1,2,0,4,1.0,40.0,3.0,16.0,4.0,611M1,13.0,22763.0,2129.0
2874087,2874088,24.0,1162550,2,2,12,4,6.0,-9.0,-9.0,16.0,4.0,-9,0.0,22763.0,2129.0
2874088,2874089,26.0,1162551,1,2,0,4,1.0,40.0,3.0,16.0,4.0,611M1,13.0,22758.0,2127.0
2874089,2874090,24.0,1162551,2,2,12,4,6.0,-9.0,-9.0,16.0,4.0,-9,0.0,22758.0,2127.0
2874090,2874091,26.0,1162552,1,2,0,4,1.0,40.0,3.0,16.0,4.0,611M1,13.0,22763.0,2129.0
2874091,2874092,24.0,1162552,2,2,12,4,6.0,-9.0,-9.0,16.0,4.0,-9,0.0,22763.0,2129.0
2874092,2874093,26.0,1162553,1,2,0,4,1.0,40.0,3.0,16.0,4.0,611M1,13.0,22758.0,2127.0
2874093,2874094,24.0,1162553,2,2,12,4,6.0,-9.0,-9.0,16.0,4.0,-9,0.0,22758.0,2127.0
2874094,2874095,26.0,1162554,1,2,0,4,1.0,40.0,3.0,16.0,4.0,611M1,13.0,22763.0,2129.0
2874095,2874096,24.0,1162554,2,2,12,4,6.0,-9.0,-9.0,16.0,4.0,-9,0.0,22763.0,2129.0
2874096,2874097,26.0,1162555,1,2,0,4,1.0,40.0,3.0,16.0,4.0,611M1,13.0,22758.0,2127.0
2874097,2874098,24.0,1162555,2,2,12,4,6.0,-9.0,-9.0,16.0,4.0,-9,0.0,22758.0,2127.0
2874098,2874099,26.0,1162556,1,2,0,4,1.0,40.0,3.0,16.0,4.0,611M1,13.0,22763.0,2129.0
2874099,2874100,24.0,1162556,2,2,12,4,6.0,-9.0,-9.0,16.0,4.0,-9,0.0,22763.0,2129.0
2874100,2874101,26.0,1162557,1,2,0,4,1.0,40.0,3.0,16.0,4.0,611M1,13.0,22763.0,2129.0
2874101,2874102,24.0,1162557,2,2,12,4,6.0,-9.0,-9.0,16.0,4.0,-9,0.0,22763.0,2129.0
2874102,2874103,26.0,1162558,1,2,0,4,1.0,40.0,3.0,16.0,4.0,611M1,13.0,22763.0,2129.0
2874103,2874104,24.0,1162558,2,2,12,4,6.0,-9.0,-9.0,16.0,4.0,-9,0.0,22763.0,2129.0
2874104,2874105,26.0,1162559,1,2,0,4,1.0,40.0,3.0,16.0,4.0,611M1,13.0,22758.0,2127.0
2874105,2874106,24.0,1162559,2,2,12,4,6.0,-9.0,-9.0,16.0,4.0,-9,0.0,22758.0,2127.0
2874106,2874107,26.0,1162560,1,2,0,4,1.0,40.0,3.0,16.0,4.0,611M1,13.0,22763.0,2129.0
2874107,2874108,24.0,1162560,2,2,12,4,6.0,-9.0,-9.0,16.0,4.0,-9,0.0,22763.0,2129.0
2874108,2874109,26.0,1162561,1,2,0,4,1.0,40.0,3.0,16.0,4.0,611M1,13.0,22758.0,2127.0
2874109,2874110,24.0,1162561,2,2,12,4,6.0,-9.0,-9.0,16.0,4.0,-9,0.0,22758.0,2127.0
2874110,2874111,26.0,1162562,1,2,0,4,1.0,40.0,3.0,16.0,4.0,611M1,13.0,22758.0,2127.0
2874111,2874112,24.0,1162562,2,2,12,4,6.0,-9.0,-9.0,16.0,4.0,-9,0.0,22758.0,2127.0
2874112,2874113,26.0,1162563,1,2,0,4,1.0,40.0,3.0,16.0,4.0,611M1,13.0,22763.0,2129.0
2874113,2874114,24.0,1162563,2,2,12,4,6.0,-9.0,-9.0,16.0,4.0,-9,0.0,22763.0,2129.0
2874114,2874115,26.0,1162564,1,2,0,4,1.0,40.0,3.0,16.0,4.0,611M1,13.0,22758.0,2127.0
2874115,2874116,24.0,1162564,2,2,12,4,6.0,-9.0,-9.0,16.0,4.0,-9,0.0,22758.0,2127.0
2874116,2874117,26.0,1162565,1,2,0,4,1.0,40.0,3.0,16.0,4.0,611M1,13.0,22758.0,2127.0
2874117,2874118,24.0,1162565,2,2,12,4,6.0,-9.0,-9.0,16.0,4.0,-9,0.0,22758.0,2127.0
2874118,2874119,26.0,1162566,1,2,0,4,1.0,40.0,3.0,16.0,4.0,611M1,13.0,22763.0,2129.0
2874119,2874120,24.0,1162566,2,2,12,4,6.0,-9.0,-9.0,16.0,4.0,-9,0.0,22763.0,2129.0
2874120,2874121,26.0,1162567,1,2,0,4,1.0,40.0,3.0,16.0,4.0,611M1,13.0,22763.0,2129.0
2874121,2874122,24.0,1162567,2,2,12,4,6.0,-9.0,-9.0,16.0,4.0,-9,0.0,22763.0,2129.0
2874122,2874123,26.0,1162568,1,2,0,4,1.0,40.0,3.0,16.0,4.0,611M1,13.0,22763.0,2129.0
2874123,2874124,24.0,1162568,2,2,12,4,6.0,-9.0,-9.0,16.0,4.0,-9,0.0,22763.0,2129.0
2874124,2874125,26.0,1162569,1,2,0,4,1.0,40.0,3.0,16.0,4.0,611M1,13.0,22763.0,2129.0
2874125,2874126,24.0,1162569,2,2,12,4,6.0,-9.0,-9.0,16.0,4.0,-9,0.0,22763.0,2129.0
2874126,2874127,26.0,1162570,1,2,0,4,1.0,40.0,3.0,16.0,4.0,611M1,13.0,22763.0,2129.0
2874127,2874128,24.0,1162570,2,2,12,4,6.0,-9.0,-9.0,16.0,4.0,-9,0.0,22763.0,2129.0
2874128,2874129,26.0,1162571,1,2,0,4,1.0,40.0,3.0,16.0,4.0,611M1,13.0,22758.0,2127.0
2874129,2874130,24.0,1162571,2,2,12,4,6.0,-9.0,-9.0,16.0,4.0,-9,0.0,22758.0,2127.0
2874130,2874131,26.0,1162572,1,2,0,4,1.0,40.0,3.0,16.0,4.0,611M1,13.0,22758.0,2127.0
2874131,2874132,24.0,1162572,2,2,12,4,6.0,-9.0,-9.0,16.0,4.0,-9,0.0,22758.0,2127.0
2874132,2874133,26.0,1162573,1,2,0,4,1.0,40.0,3.0,16.0,4.0,611M1,13.0,22758.0,2127.0
2874133,2874134,24.0,1162573,2,2,12,4,6.0,-9.0,-9.0,16.0,4.0,-9,0.0,22758.0,2127.0
2874134,2874135,26.0,1162574,1,2,0,4,1.0,40.0,3.0,16.0,4.0,611M1,13.0,22763.0,2129.0
2874135,2874136,24.0,1162574,2,2,12,4,6.0,-9.0,-9.0,16.0,4.0,-9,0.0,22763.0,2129.0
2874136,2874137,26.0,1162575,1,2,0,4,1.0,40.0,3.0,16.0,4.0,611M1,13.0,22763.0,2129.0
2874137,2874138,24.0,1162575,2,2,12,4,6.0,-9.0,-9.0,16.0,4.0,-9,0.0,22763.0,2129.0
2874138,2874139,26.0,1162576,1,2,0,4,1.0,40.0,3.0,16.0,4.0,611M1,13.0,22763.0,2129.0
2874139,2874140,24.0,1162576,2,2,12,4,6.0,-9.0,-9.0,16.0,4.0,-9,0.0,22763.0,2129.0
2874140,2874141,26.0,1162577,1,2,0,4,1.0,40.0,3.0,16.0,4.0,611M1,13.0,22758.0,2127.0
2874141,2874142,24.0,1162577,2,2,12,4,6.0,-9.0,-9.0,16.0,4.0,-9,0.0,22758.0,2127.0
2874142,2874143,40.0,1162578,1,1,0,4,1.0,20.0,1.0,16.0,4.0,611M1,13.0,22763.0,2129.0
2874143,2874144,23.0,1162578,2,1,12,1,6.0,-9.0,-9.0,16.0,4.0,-9,0.0,22763.0,2129.0
2874144,2874145,40.0,1162579,1,1,0,4,1.0,20.0,1.0,16.0,4.0,611M1,13.0,22763.0,2129.0
2874145,2874146,23.0,1162579,2,1,12,1,6.0,-9.0,-9.0,16.0,4.0,-9,0.0,22763.0,2129.0
2874146,2874147,40.0,1162580,1,1,0,4,1.0,20.0,1.0,16.0,4.0,611M1,13.0,22758.0,2127.0
2874147,2874148,23.0,1162580,2,1,12,1,6.0,-9.0,-9.0,16.0,4.0,-9,0.0,22758.0,2127.0
2874148,2874149,40.0,1162581,1,1,0,4,1.0,20.0,1.0,16.0,4.0,611M1,13.0,22763.0,2129.0
2874149,2874150,23.0,1162581,2,1,12,1,6.0,-9.0,-9.0,16.0,4.0,-9,0.0,22763.0,2129.0
2874150,2874151,40.0,1162582,1,1,0,4,1.0,20.0,1.0,16.0,4.0,611M1,13.0,22763.0,2129.0
2874151,2874152,23.0,1162582,2,1,12,1,6.0,-9.0,-9.0,16.0,4.0,-9,0.0,22763.0,2129.0
2874152,2874153,40.0,1162583,1,1,0,4,1.0,20.0,1.0,16.0,4.0,611M1,13.0,22758.0,2127.0
2874153,2874154,23.0,1162583,2,1,12,1,6.0,-9.0,-9.0,16.0,4.0,-9,0.0,22758.0,2127.0
2874154,2874155,40.0,1162584,1,1,0,4,1.0,20.0,1.0,16.0,4.0,611M1,13.0,22758.0,2127.0
2874155,2874156,23.0,1162584,2,1,12,1,6.0,-9.0,-9.0,16.0,4.0,-9,0.0,22758.0,2127.0
2874156,2874157,40.0,1162585,1,1,0,4,1.0,20.0,1.0,16.0,4.0,611M1,13.0,22763.0,2129.0
2874157,2874158,23.0,1162585,2,1,12,1,6.0,-9.0,-9.0,16.0,4.0,-9,0.0,22763.0,2129.0
2874158,2874159,40.0,1162586,1,1,0,4,1.0,20.0,1.0,16.0,4.0,611M1,13.0,22763.0,2129.0
2874159,2874160,23.0,1162586,2,1,12,1,6.0,-9.0,-9.0,16.0,4.0,-9,0.0,22763.0,2129.0
2874160,2874161,40.0,1162587,1,1,0,4,1.0,20.0,1.0,16.0,4.0,611M1,13.0,22758.0,2127.0
2874161,2874162,23.0,1162587,2,1,12,1,6.0,-9.0,-9.0,16.0,4.0,-9,0.0,22758.0,2127.0
2874162,2874163,25.0,1162588,1,1,0,4,2.0,15.0,5.0,16.0,4.0,611M1,13.0,22758.0,2127.0
2874163,2874164,24.0,1162588,2,1,12,4,6.0,20.0,5.0,16.0,4.0,611M1,13.0,22758.0,2127.0
2874164,2874165,26.0,1162589,1,1,0,4,1.0,40.0,2.0,-9.0,4.0,333MS,3.0,22763.0,2129.0
2874165,2874166,24.0,1162589,2,1,5,4,6.0,-9.0,-9.0,16.0,4.0,-9,0.0,22763.0,2129.0
2874166,2874167,26.0,1162590,1,1,0,4,1.0,40.0,2.0,-9.0,4.0,333MS,3.0,22758.0,2127.0
2874167,2874168,24.0,1162590,2,1,5,4,6.0,-9.0,-9.0,16.0,4.0,-9,0.0,22758.0,2127.0
2874168,2874169,26.0,1162591,1,1,0,4,1.0,40.0,2.0,-9.0,4.0,333MS,3.0,22763.0,2129.0
2874169,2874170,24.0,1162591,2,1,5,4,6.0,-9.0,-9.0,16.0,4.0,-9,0.0,22763.0,2129.0
2874170,2874171,26.0,1162592,1,1,0,4,1.0,40.0,2.0,-9.0,4.0,333MS,3.0,22763.0,2129.0
2874171,2874172,24.0,1162592,2,1,5,4,6.0,-9.0,-9.0,16.0,4.0,-9,0.0,22763.0,2129.0
2874172,2874173,26.0,1162593,1,2,0,1,1.0,60.0,1.0,16.0,4.0,611M1,13.0,22763.0,2129.0
2874173,2874174,28.0,1162593,2,2,12,1,1.0,30.0,6.0,16.0,4.0,611M1,13.0,22763.0,2129.0
2874174,2874175,28.0,1162593,3,1,12,2,1.0,40.0,1.0,-9.0,4.0,5617Z,12.0,22763.0,2129.0
2874175,2874176,24.0,1162593,4,2,12,1,1.0,70.0,1.0,16.0,4.0,611M1,13.0,22763.0,2129.0
2874176,2874177,26.0,1162594,1,2,0,1,1.0,60.0,1.0,16.0,4.0,611M1,13.0,22758.0,2127.0
2874177,2874178,28.0,1162594,2,2,12,1,1.0,30.0,6.0,16.0,4.0,611M1,13.0,22758.0,2127.0
2874178,2874179,28.0,1162594,3,1,12,2,1.0,40.0,1.0,-9.0,4.0,5617Z,12.0,22758.0,2127.0
2874179,2874180,24.0,1162594,4,2,12,1,1.0,70.0,1.0,16.0,4.0,611M1,13.0,22758.0,2127.0
2874180,2874181,26.0,1162595,1,2,0,1,1.0,60.0,1.0,16.0,4.0,611M1,13.0,22763.0,2129.0
2874181,2874182,28.0,1162595,2,2,12,1,1.0,30.0,6.0,16.0,4.0,611M1,13.0,22763.0,2129.0
2874182,2874183,28.0,1162595,3,1,12,2,1.0,40.0,1.0,-9.0,4.0,5617Z,12.0,22763.0,2129.0
2874183,2874184,24.0,1162595,4,2,12,1,1.0,70.0,1.0,16.0,4.0,611M1,13.0,22763.0,2129.0
2874184,2874185,26.0,1162596,1,2,0,1,1.0,60.0,1.0,16.0,4.0,611M1,13.0,22758.0,2127.0
2874185,2874186,28.0,1162596,2,2,12,1,1.0,30.0,6.0,16.0,4.0,611M1,13.0,22758.0,2127.0
2874186,2874187,28.0,1162596,3,1,12,2,1.0,40.0,1.0,-9.0,4.0,5617Z,12.0,22758.0,2127.0
2874187,2874188,24.0,1162596,4,2,12,1,1.0,70.0,1.0,16.0,4.0,611M1,13.0,22758.0,2127.0
2874188,2874189,26.0,1162597,1,2,0,1,1.0,60.0,1.0,16.0,4.0,611M1,13.0,22763.0,2129.0
2874189,2874190,28.0,1162597,2,2,12,1,1.0,30.0,6.0,16.0,4.0,611M1,13.0,22763.0,2129.0
2874190,2874191,28.0,1162597,3,1,12,2,1.0,40.0,1.0,-9.0,4.0,5617Z,12.0,22763.0,2129.0
2874191,2874192,24.0,1162597,4,2,12,1,1.0,70.0,1.0,16.0,4.0,611M1,13.0,22763.0,2129.0
2874192,2874193,26.0,1162598,1,2,0,1,1.0,60.0,1.0,16.0,4.0,611M1,13.0,22758.0,2127.0
2874193,2874194,28.0,1162598,2,2,12,1,1.0,30.0,6.0,16.0,4.0,611M1,13.0,22758.0,2127.0
2874194,2874195,28.0,1162598,3,1,12,2,1.0,40.0,1.0,-9.0,4.0,5617Z,12.0,22758.0,2127.0
2874195,2874196,24.0,1162598,4,2,12,1,1.0,70.0,1.0,16.0,4.0,611M1,13.0,22758.0,2127.0
2874196,2874197,26.0,1162599,1,2,0,1,1.0,60.0,1.0,16.0,4.0,611M1,13.0,22763.0,2129.0
2874197,2874198,28.0,1162599,2,2,12,1,1.0,30.0,6.0,16.0,4.0,611M1,13.0,22763.0,2129.0
2874198,2874199,28.0,1162599,3,1,12,2,1.0,40.0,1.0,-9.0,4.0,5617Z,12.0,22763.0,2129.0
2874199,2874200,24.0,1162599,4,2,12,1,1.0,70.0,1.0,16.0,4.0,611M1,13.0,22763.0,2129.0
2874200,2874201,31.0,1162600,1,1,0,1,1.0,45.0,1.0,16.0,4.0,622M,15.0,22763.0,2129.0
2874201,2874202,24.0,1162600,2,1,12,1,1.0,50.0,1.0,16.0,4.0,622M,15.0,22763.0,2129.0
2874202,2874203,31.0,1162601,1,1,0,1,1.0,45.0,1.0,16.0,4.0,622M,15.0,22763.0,2129.0
2874203,2874204,24.0,1162601,2,1,12,1,1.0,50.0,1.0,16.0,4.0,622M,15.0,22763.0,2129.0
2874204,2874205,31.0,1162602,1,1,0,1,1.0,45.0,1.0,16.0,4.0,622M,15.0,22763.0,2129.0
2874205,2874206,24.0,1162602,2,1,12,1,1.0,50.0,1.0,16.0,4.0,622M,15.0,22763.0,2129.0
2874206,2874207,27.0,1162603,1,2,0,1,1.0,40.0,1.0,-9.0,4.0,813M,17.0,22763.0,2129.0
2874207,2874208,23.0,1162603,2,2,12,2,1.0,40.0,4.0,15.0,4.0,337,3.0,22763.0,2129.0
2874208,2874209,27.0,1162604,1,2,0,1,1.0,40.0,1.0,-9.0,4.0,813M,17.0,22763.0,2129.0
2874209,2874210,23.0,1162604,2,2,12,2,1.0,40.0,4.0,15.0,4.0,337,3.0,22763.0,2129.0
2874210,2874211,27.0,1162605,1,2,0,1,1.0,40.0,1.0,-9.0,4.0,813M,17.0,22763.0,2129.0
2874211,2874212,23.0,1162605,2,2,12,2,1.0,40.0,4.0,15.0,4.0,337,3.0,22763.0,2129.0
2874212,2874213,27.0,1162606,1,2,0,1,1.0,40.0,1.0,-9.0,4.0,813M,17.0,22763.0,2129.0
2874213,2874214,23.0,1162606,2,2,12,2,1.0,40.0,4.0,15.0,4.0,337,3.0,22763.0,2129.0
2874214,2874215,27.0,1162607,1,2,0,1,1.0,40.0,1.0,-9.0,4.0,813M,17.0,22758.0,2127.0
2874215,2874216,23.0,1162607,2,2,12,2,1.0,40.0,4.0,15.0,4.0,337,3.0,22758.0,2127.0
2874216,2874217,27.0,1162608,1,2,0,1,1.0,40.0,1.0,-9.0,4.0,813M,17.0,22763.0,2129.0
2874217,2874218,23.0,1162608,2,2,12,2,1.0,40.0,4.0,15.0,4.0,337,3.0,22763.0,2129.0
2874218,2874219,27.0,1162609,1,2,0,1,1.0,40.0,1.0,-9.0,4.0,813M,17.0,22758.0,2127.0
2874219,2874220,23.0,1162609,2,2,12,2,1.0,40.0,4.0,15.0,4.0,337,3.0,22758.0,2127.0
2874220,2874221,27.0,1162610,1,2,0,1,1.0,40.0,1.0,-9.0,4.0,813M,17.0,22763.0,2129.0
2874221,2874222,23.0,1162610,2,2,12,2,1.0,40.0,4.0,15.0,4.0,337,3.0,22763.0,2129.0
2874222,2874223,27.0,1162611,1,2,0,1,1.0,40.0,1.0,-9.0,4.0,813M,17.0,22763.0,2129.0
2874223,2874224,23.0,1162611,2,2,12,2,1.0,40.0,4.0,15.0,4.0,337,3.0,22763.0,2129.0
2874224,2874225,27.0,1162612,1,2,0,1,1.0,40.0,1.0,-9.0,4.0,813M,17.0,22763.0,2129.0
2874225,2874226,23.0,1162612,2,2,12,2,1.0,40.0,4.0,15.0,4.0,337,3.0,22763.0,2129.0
2874226,2874227,25.0,1162613,1,1,0,1,6.0,-9.0,-9.0,15.0,4.0,-9,0.0,22763.0,2129.0
2874227,2874228,22.0,1162613,2,1,10,1,6.0,-9.0,-9.0,15.0,4.0,-9,0.0,22763.0,2129.0
2874228,2874229,21.0,1162613,3,1,10,1,6.0,-9.0,-9.0,15.0,4.0,-9,0.0,22763.0,2129.0
2874229,2874230,25.0,1162614,1,1,0,1,6.0,-9.0,-9.0,15.0,4.0,-9,0.0,22758.0,2127.0
2874230,2874231,22.0,1162614,2,1,10,1,6.0,-9.0,-9.0,15.0,4.0,-9,0.0,22758.0,2127.0
2874231,2874232,21.0,1162614,3,1,10,1,6.0,-9.0,-9.0,15.0,4.0,-9,0.0,22758.0,2127.0
2874232,2874233,25.0,1162615,1,1,0,1,6.0,-9.0,-9.0,15.0,4.0,-9,0.0,22763.0,2129.0
2874233,2874234,22.0,1162615,2,1,10,1,6.0,-9.0,-9.0,15.0,4.0,-9,0.0,22763.0,2129.0
2874234,2874235,21.0,1162615,3,1,10,1,6.0,-9.0,-9.0,15.0,4.0,-9,0.0,22763.0,2129.0
2874235,2874236,25.0,1162616,1,1,0,1,6.0,-9.0,-9.0,15.0,4.0,-9,0.0,22758.0,2127.0
2874236,2874237,22.0,1162616,2,1,10,1,6.0,-9.0,-9.0,15.0,4.0,-9,0.0,22758.0,2127.0
2874237,2874238,21.0,1162616,3,1,10,1,6.0,-9.0,-9.0,15.0,4.0,-9,0.0,22758.0,2127.0
2874238,2874239,25.0,1162617,1,1,0,1,6.0,-9.0,-9.0,15.0,4.0,-9,0.0,22763.0,2129.0
2874239,2874240,22.0,1162617,2,1,10,1,6.0,-9.0,-9.0,15.0,4.0,-9,0.0,22763.0,2129.0
2874240,2874241,21.0,1162617,3,1,10,1,6.0,-9.0,-9.0,15.0,4.0,-9,0.0,22763.0,2129.0
2874241,2874242,25.0,1162618,1,1,0,1,6.0,-9.0,-9.0,15.0,4.0,-9,0.0,22763.0,2129.0
2874242,2874243,22.0,1162618,2,1,10,1,6.0,-9.0,-9.0,15.0,4.0,-9,0.0,22763.0,2129.0
2874243,2874244,21.0,1162618,3,1,10,1,6.0,-9.0,-9.0,15.0,4.0,-9,0.0,22763.0,2129.0
2874244,2874245,25.0,1162619,1,1,0,1,6.0,-9.0,-9.0,15.0,4.0,-9,0.0,22758.0,2127.0
2874245,2874246,22.0,1162619,2,1,10,1,6.0,-9.0,-9.0,15.0,4.0,-9,0.0,22758.0,2127.0
2874246,2874247,21.0,1162619,3,1,10,1,6.0,-9.0,-9.0,15.0,4.0,-9,0.0,22758.0,2127.0
2874247,2874248,25.0,1162620,1,1,0,1,6.0,-9.0,-9.0,15.0,4.0,-9,0.0,22763.0,2129.0
2874248,2874249,22.0,1162620,2,1,10,1,6.0,-9.0,-9.0,15.0,4.0,-9,0.0,22763.0,2129.0
2874249,2874250,21.0,1162620,3,1,10,1,6.0,-9.0,-9.0,15.0,4.0,-9,0.0,22763.0,2129.0
2874250,2874251,25.0,1162621,1,1,0,1,6.0,-9.0,-9.0,15.0,4.0,-9,0.0,22763.0,2129.0
2874251,2874252,22.0,1162621,2,1,10,1,6.0,-9.0,-9.0,15.0,4.0,-9,0.0,22763.0,2129.0
2874252,2874253,21.0,1162621,3,1,10,1,6.0,-9.0,-9.0,15.0,4.0,-9,0.0,22763.0,2129.0
2874253,2874254,25.0,1162622,1,1,0,1,6.0,-9.0,-9.0,15.0,4.0,-9,0.0,22758.0,2127.0
2874254,2874255,22.0,1162622,2,1,10,1,6.0,-9.0,-9.0,15.0,4.0,-9,0.0,22758.0,2127.0
2874255,2874256,21.0,1162622,3,1,10,1,6.0,-9.0,-9.0,15.0,4.0,-9,0.0,22758.0,2127.0
2874256,2874257,25.0,1162623,1,1,0,1,6.0,-9.0,-9.0,15.0,4.0,-9,0.0,22758.0,2127.0
2874257,2874258,22.0,1162623,2,1,10,1,6.0,-9.0,-9.0,15.0,4.0,-9,0.0,22758.0,2127.0
2874258,2874259,21.0,1162623,3,1,10,1,6.0,-9.0,-9.0,15.0,4.0,-9,0.0,22758.0,2127.0
2874259,2874260,25.0,1162624,1,1,0,1,6.0,-9.0,-9.0,15.0,4.0,-9,0.0,22763.0,2129.0
2874260,2874261,22.0,1162624,2,1,10,1,6.0,-9.0,-9.0,15.0,4.0,-9,0.0,22763.0,2129.0
2874261,2874262,21.0,1162624,3,1,10,1,6.0,-9.0,-9.0,15.0,4.0,-9,0.0,22763.0,2129.0
2874262,2874263,25.0,1162625,1,1,0,1,6.0,-9.0,-9.0,15.0,4.0,-9,0.0,22763.0,2129.0
2874263,2874264,22.0,1162625,2,1,10,1,6.0,-9.0,-9.0,15.0,4.0,-9,0.0,22763.0,2129.0
2874264,2874265,21.0,1162625,3,1,10,1,6.0,-9.0,-9.0,15.0,4.0,-9,0.0,22763.0,2129.0
2874265,2874266,25.0,1162626,1,1,0,1,6.0,-9.0,-9.0,15.0,4.0,-9,0.0,22758.0,2127.0
2874266,2874267,22.0,1162626,2,1,10,1,6.0,-9.0,-9.0,15.0,4.0,-9,0.0,22758.0,2127.0
2874267,2874268,21.0,1162626,3,1,10,1,6.0,-9.0,-9.0,15.0,4.0,-9,0.0,22758.0,2127.0
2874268,2874269,25.0,1162627,1,1,0,1,6.0,-9.0,-9.0,15.0,4.0,-9,0.0,22758.0,2127.0
2874269,2874270,22.0,1162627,2,1,10,1,6.0,-9.0,-9.0,15.0,4.0,-9,0.0,22758.0,2127.0
2874270,2874271,21.0,1162627,3,1,10,1,6.0,-9.0,-9.0,15.0,4.0,-9,0.0,22758.0,2127.0
2874271,2874272,25.0,1162628,1,1,0,1,6.0,-9.0,-9.0,15.0,4.0,-9,0.0,22758.0,2127.0
2874272,2874273,22.0,1162628,2,1,10,1,6.0,-9.0,-9.0,15.0,4.0,-9,0.0,22758.0,2127.0
2874273,2874274,21.0,1162628,3,1,10,1,6.0,-9.0,-9.0,15.0,4.0,-9,0.0,22758.0,2127.0
2874274,2874275,25.0,1162629,1,1,0,1,6.0,-9.0,-9.0,15.0,4.0,-9,0.0,22763.0,2129.0
2874275,2874276,22.0,1162629,2,1,10,1,6.0,-9.0,-9.0,15.0,4.0,-9,0.0,22763.0,2129.0
2874276,2874277,21.0,1162629,3,1,10,1,6.0,-9.0,-9.0,15.0,4.0,-9,0.0,22763.0,2129.0
2874277,2874278,25.0,1162630,1,1,0,1,6.0,-9.0,-9.0,15.0,4.0,-9,0.0,22763.0,2129.0
2874278,2874279,22.0,1162630,2,1,10,1,6.0,-9.0,-9.0,15.0,4.0,-9,0.0,22763.0,2129.0
2874279,2874280,21.0,1162630,3,1,10,1,6.0,-9.0,-9.0,15.0,4.0,-9,0.0,22763.0,2129.0
2874280,2874281,25.0,1162631,1,1,0,1,6.0,-9.0,-9.0,15.0,4.0,-9,0.0,22758.0,2127.0
2874281,2874282,22.0,1162631,2,1,10,1,6.0,-9.0,-9.0,15.0,4.0,-9,0.0,22758.0,2127.0
2874282,2874283,21.0,1162631,3,1,10,1,6.0,-9.0,-9.0,15.0,4.0,-9,0.0,22758.0,2127.0
2874283,2874284,25.0,1162632,1,1,0,1,6.0,-9.0,-9.0,15.0,4.0,-9,0.0,22758.0,2127.0
2874284,2874285,22.0,1162632,2,1,10,1,6.0,-9.0,-9.0,15.0,4.0,-9,0.0,22758.0,2127.0
2874285,2874286,21.0,1162632,3,1,10,1,6.0,-9.0,-9.0,15.0,4.0,-9,0.0,22758.0,2127.0
2874286,2874287,25.0,1162633,1,1,0,1,6.0,-9.0,-9.0,15.0,4.0,-9,0.0,22758.0,2127.0
2874287,2874288,22.0,1162633,2,1,10,1,6.0,-9.0,-9.0,15.0,4.0,-9,0.0,22758.0,2127.0
2874288,2874289,21.0,1162633,3,1,10,1,6.0,-9.0,-9.0,15.0,4.0,-9,0.0,22758.0,2127.0
2874289,2874290,25.0,1162634,1,1,0,1,6.0,-9.0,-9.0,15.0,4.0,-9,0.0,22763.0,2129.0
2874290,2874291,22.0,1162634,2,1,10,1,6.0,-9.0,-9.0,15.0,4.0,-9,0.0,22763.0,2129.0
2874291,2874292,21.0,1162634,3,1,10,1,6.0,-9.0,-9.0,15.0,4.0,-9,0.0,22763.0,2129.0
2874292,2874293,25.0,1162635,1,1,0,1,6.0,-9.0,-9.0,15.0,4.0,-9,0.0,22758.0,2127.0
2874293,2874294,22.0,1162635,2,1,10,1,6.0,-9.0,-9.0,15.0,4.0,-9,0.0,22758.0,2127.0
2874294,2874295,21.0,1162635,3,1,10,1,6.0,-9.0,-9.0,15.0,4.0,-9,0.0,22758.0,2127.0
2874295,2874296,25.0,1162636,1,1,0,1,6.0,-9.0,-9.0,15.0,4.0,-9,0.0,22763.0,2129.0
2874296,2874297,22.0,1162636,2,1,10,1,6.0,-9.0,-9.0,15.0,4.0,-9,0.0,22763.0,2129.0
2874297,2874298,21.0,1162636,3,1,10,1,6.0,-9.0,-9.0,15.0,4.0,-9,0.0,22763.0,2129.0
2874298,2874299,25.0,1162637,1,1,0,1,6.0,-9.0,-9.0,15.0,4.0,-9,0.0,22758.0,2127.0
2874299,2874300,22.0,1162637,2,1,10,1,6.0,-9.0,-9.0,15.0,4.0,-9,0.0,22758.0,2127.0
2874300,2874301,21.0,1162637,3,1,10,1,6.0,-9.0,-9.0,15.0,4.0,-9,0.0,22758.0,2127.0
2874301,2874302,25.0,1162638,1,1,0,1,6.0,-9.0,-9.0,15.0,4.0,-9,0.0,22758.0,2127.0
2874302,2874303,22.0,1162638,2,1,10,1,6.0,-9.0,-9.0,15.0,4.0,-9,0.0,22758.0,2127.0
2874303,2874304,21.0,1162638,3,1,10,1,6.0,-9.0,-9.0,15.0,4.0,-9,0.0,22758.0,2127.0
2874304,2874305,25.0,1162639,1,1,0,1,6.0,-9.0,-9.0,15.0,4.0,-9,0.0,22758.0,2127.0
2874305,2874306,22.0,1162639,2,1,10,1,6.0,-9.0,-9.0,15.0,4.0,-9,0.0,22758.0,2127.0
2874306,2874307,21.0,1162639,3,1,10,1,6.0,-9.0,-9.0,15.0,4.0,-9,0.0,22758.0,2127.0
2874307,2874308,25.0,1162640,1,1,0,1,6.0,-9.0,-9.0,15.0,4.0,-9,0.0,22758.0,2127.0
2874308,2874309,22.0,1162640,2,1,10,1,6.0,-9.0,-9.0,15.0,4.0,-9,0.0,22758.0,2127.0
2874309,2874310,21.0,1162640,3,1,10,1,6.0,-9.0,-9.0,15.0,4.0,-9,0.0,22758.0,2127.0
2874310,2874311,25.0,1162641,1,1,0,1,6.0,-9.0,-9.0,15.0,4.0,-9,0.0,22758.0,2127.0
2874311,2874312,22.0,1162641,2,1,10,1,6.0,-9.0,-9.0,15.0,4.0,-9,0.0,22758.0,2127.0
2874312,2874313,21.0,1162641,3,1,10,1,6.0,-9.0,-9.0,15.0,4.0,-9,0.0,22758.0,2127.0
2874313,2874314,25.0,1162642,1,1,0,1,6.0,-9.0,-9.0,15.0,4.0,-9,0.0,22758.0,2127.0
2874314,2874315,22.0,1162642,2,1,10,1,6.0,-9.0,-9.0,15.0,4.0,-9,0.0,22758.0,2127.0
2874315,2874316,21.0,1162642,3,1,10,1,6.0,-9.0,-9.0,15.0,4.0,-9,0.0,22758.0,2127.0
2874316,2874317,25.0,1162643,1,1,0,1,6.0,-9.0,-9.0,15.0,4.0,-9,0.0,22763.0,2129.0
2874317,2874318,22.0,1162643,2,1,10,1,6.0,-9.0,-9.0,15.0,4.0,-9,0.0,22763.0,2129.0
2874318,2874319,21.0,1162643,3,1,10,1,6.0,-9.0,-9.0,15.0,4.0,-9,0.0,22763.0,2129.0
2874319,2874320,25.0,1162644,1,1,0,1,6.0,-9.0,-9.0,15.0,4.0,-9,0.0,22758.0,2127.0
2874320,2874321,22.0,1162644,2,1,10,1,6.0,-9.0,-9.0,15.0,4.0,-9,0.0,22758.0,2127.0
2874321,2874322,21.0,1162644,3,1,10,1,6.0,-9.0,-9.0,15.0,4.0,-9,0.0,22758.0,2127.0
2874322,2874323,25.0,1162645,1,1,0,1,6.0,-9.0,-9.0,15.0,4.0,-9,0.0,22763.0,2129.0
2874323,2874324,22.0,1162645,2,1,10,1,6.0,-9.0,-9.0,15.0,4.0,-9,0.0,22763.0,2129.0
2874324,2874325,21.0,1162645,3,1,10,1,6.0,-9.0,-9.0,15.0,4.0,-9,0.0,22763.0,2129.0
2874325,2874326,25.0,1162646,1,1,0,1,6.0,-9.0,-9.0,15.0,4.0,-9,0.0,22763.0,2129.0
2874326,2874327,22.0,1162646,2,1,10,1,6.0,-9.0,-9.0,15.0,4.0,-9,0.0,22763.0,2129.0
2874327,2874328,21.0,1162646,3,1,10,1,6.0,-9.0,-9.0,15.0,4.0,-9,0.0,22763.0,2129.0
2874328,2874329,25.0,1162647,1,1,0,1,6.0,-9.0,-9.0,15.0,4.0,-9,0.0,22758.0,2127.0
2874329,2874330,22.0,1162647,2,1,10,1,6.0,-9.0,-9.0,15.0,4.0,-9,0.0,22758.0,2127.0
2874330,2874331,21.0,1162647,3,1,10,1,6.0,-9.0,-9.0,15.0,4.0,-9,0.0,22758.0,2127.0
2874331,2874332,25.0,1162648,1,1,0,1,6.0,-9.0,-9.0,15.0,4.0,-9,0.0,22763.0,2129.0
2874332,2874333,22.0,1162648,2,1,10,1,6.0,-9.0,-9.0,15.0,4.0,-9,0.0,22763.0,2129.0
2874333,2874334,21.0,1162648,3,1,10,1,6.0,-9.0,-9.0,15.0,4.0,-9,0.0,22763.0,2129.0
2874334,2874335,25.0,1162649,1,1,0,1,6.0,-9.0,-9.0,15.0,4.0,-9,0.0,22758.0,2127.0
2874335,2874336,22.0,1162649,2,1,10,1,6.0,-9.0,-9.0,15.0,4.0,-9,0.0,22758.0,2127.0
2874336,2874337,21.0,1162649,3,1,10,1,6.0,-9.0,-9.0,15.0,4.0,-9,0.0,22758.0,2127.0
2874337,2874338,25.0,1162650,1,1,0,1,6.0,-9.0,-9.0,15.0,4.0,-9,0.0,22758.0,2127.0
2874338,2874339,22.0,1162650,2,1,10,1,6.0,-9.0,-9.0,15.0,4.0,-9,0.0,22758.0,2127.0
2874339,2874340,21.0,1162650,3,1,10,1,6.0,-9.0,-9.0,15.0,4.0,-9,0.0,22758.0,2127.0
2874340,2874341,25.0,1162651,1,1,0,1,6.0,-9.0,-9.0,15.0,4.0,-9,0.0,22758.0,2127.0
2874341,2874342,22.0,1162651,2,1,10,1,6.0,-9.0,-9.0,15.0,4.0,-9,0.0,22758.0,2127.0
2874342,2874343,21.0,1162651,3,1,10,1,6.0,-9.0,-9.0,15.0,4.0,-9,0.0,22758.0,2127.0
2874343,2874344,25.0,1162652,1,1,0,1,6.0,-9.0,-9.0,15.0,4.0,-9,0.0,22763.0,2129.0
2874344,2874345,22.0,1162652,2,1,10,1,6.0,-9.0,-9.0,15.0,4.0,-9,0.0,22763.0,2129.0
2874345,2874346,21.0,1162652,3,1,10,1,6.0,-9.0,-9.0,15.0,4.0,-9,0.0,22763.0,2129.0
2874346,2874347,25.0,1162653,1,1,0,1,6.0,-9.0,-9.0,15.0,4.0,-9,0.0,22763.0,2129.0
2874347,2874348,22.0,1162653,2,1,10,1,6.0,-9.0,-9.0,15.0,4.0,-9,0.0,22763.0,2129.0
2874348,2874349,21.0,1162653,3,1,10,1,6.0,-9.0,-9.0,15.0,4.0,-9,0.0,22763.0,2129.0
2874349,2874350,25.0,1162654,1,1,0,1,6.0,-9.0,-9.0,15.0,4.0,-9,0.0,22763.0,2129.0
2874350,2874351,22.0,1162654,2,1,10,1,6.0,-9.0,-9.0,15.0,4.0,-9,0.0,22763.0,2129.0
2874351,2874352,21.0,1162654,3,1,10,1,6.0,-9.0,-9.0,15.0,4.0,-9,0.0,22763.0,2129.0
2874352,2874353,25.0,1162655,1,1,0,1,6.0,-9.0,-9.0,15.0,4.0,-9,0.0,22758.0,2127.0
2874353,2874354,22.0,1162655,2,1,10,1,6.0,-9.0,-9.0,15.0,4.0,-9,0.0,22758.0,2127.0
2874354,2874355,21.0,1162655,3,1,10,1,6.0,-9.0,-9.0,15.0,4.0,-9,0.0,22758.0,2127.0
2874355,2874356,25.0,1162656,1,1,0,1,6.0,-9.0,-9.0,15.0,4.0,-9,0.0,22763.0,2129.0
2874356,2874357,22.0,1162656,2,1,10,1,6.0,-9.0,-9.0,15.0,4.0,-9,0.0,22763.0,2129.0
2874357,2874358,21.0,1162656,3,1,10,1,6.0,-9.0,-9.0,15.0,4.0,-9,0.0,22763.0,2129.0
2874358,2874359,25.0,1162657,1,1,0,1,6.0,-9.0,-9.0,15.0,4.0,-9,0.0,22758.0,2127.0
2874359,2874360,22.0,1162657,2,1,10,1,6.0,-9.0,-9.0,15.0,4.0,-9,0.0,22758.0,2127.0
2874360,2874361,21.0,1162657,3,1,10,1,6.0,-9.0,-9.0,15.0,4.0,-9,0.0,22758.0,2127.0
2874361,2874362,25.0,1162658,1,1,0,1,6.0,-9.0,-9.0,15.0,4.0,-9,0.0,22758.0,2127.0
2874362,2874363,22.0,1162658,2,1,10,1,6.0,-9.0,-9.0,15.0,4.0,-9,0.0,22758.0,2127.0
2874363,2874364,21.0,1162658,3,1,10,1,6.0,-9.0,-9.0,15.0,4.0,-9,0.0,22758.0,2127.0
2874364,2874365,25.0,1162659,1,1,0,1,6.0,-9.0,-9.0,15.0,4.0,-9,0.0,22763.0,2129.0
2874365,2874366,22.0,1162659,2,1,10,1,6.0,-9.0,-9.0,15.0,4.0,-9,0.0,22763.0,2129.0
2874366,2874367,21.0,1162659,3,1,10,1,6.0,-9.0,-9.0,15.0,4.0,-9,0.0,22763.0,2129.0
2874367,2874368,25.0,1162660,1,1,0,1,6.0,-9.0,-9.0,15.0,4.0,-9,0.0,22758.0,2127.0
2874368,2874369,22.0,1162660,2,1,10,1,6.0,-9.0,-9.0,15.0,4.0,-9,0.0,22758.0,2127.0
2874369,2874370,21.0,1162660,3,1,10,1,6.0,-9.0,-9.0,15.0,4.0,-9,0.0,22758.0,2127.0
2874370,2874371,25.0,1162661,1,1,0,1,6.0,-9.0,-9.0,15.0,4.0,-9,0.0,22763.0,2129.0
2874371,2874372,22.0,1162661,2,1,10,1,6.0,-9.0,-9.0,15.0,4.0,-9,0.0,22763.0,2129.0
2874372,2874373,21.0,1162661,3,1,10,1,6.0,-9.0,-9.0,15.0,4.0,-9,0.0,22763.0,2129.0
2874373,2874374,25.0,1162662,1,1,0,1,6.0,-9.0,-9.0,15.0,4.0,-9,0.0,22763.0,2129.0
2874374,2874375,22.0,1162662,2,1,10,1,6.0,-9.0,-9.0,15.0,4.0,-9,0.0,22763.0,2129.0
2874375,2874376,21.0,1162662,3,1,10,1,6.0,-9.0,-9.0,15.0,4.0,-9,0.0,22763.0,2129.0
2874376,2874377,25.0,1162663,1,1,0,1,6.0,-9.0,-9.0,15.0,4.0,-9,0.0,22758.0,2127.0
2874377,2874378,22.0,1162663,2,1,10,1,6.0,-9.0,-9.0,15.0,4.0,-9,0.0,22758.0,2127.0
2874378,2874379,21.0,1162663,3,1,10,1,6.0,-9.0,-9.0,15.0,4.0,-9,0.0,22758.0,2127.0
2874379,2874380,25.0,1162664,1,1,0,1,6.0,-9.0,-9.0,15.0,4.0,-9,0.0,22758.0,2127.0
2874380,2874381,22.0,1162664,2,1,10,1,6.0,-9.0,-9.0,15.0,4.0,-9,0.0,22758.0,2127.0
2874381,2874382,21.0,1162664,3,1,10,1,6.0,-9.0,-9.0,15.0,4.0,-9,0.0,22758.0,2127.0
2874382,2874383,25.0,1162665,1,1,0,1,6.0,-9.0,-9.0,15.0,4.0,-9,0.0,22763.0,2129.0
2874383,2874384,22.0,1162665,2,1,10,1,6.0,-9.0,-9.0,15.0,4.0,-9,0.0,22763.0,2129.0
2874384,2874385,21.0,1162665,3,1,10,1,6.0,-9.0,-9.0,15.0,4.0,-9,0.0,22763.0,2129.0
2874385,2874386,25.0,1162666,1,1,0,1,6.0,-9.0,-9.0,15.0,4.0,-9,0.0,22763.0,2129.0
2874386,2874387,22.0,1162666,2,1,10,1,6.0,-9.0,-9.0,15.0,4.0,-9,0.0,22763.0,2129.0
2874387,2874388,21.0,1162666,3,1,10,1,6.0,-9.0,-9.0,15.0,4.0,-9,0.0,22763.0,2129.0
2874388,2874389,25.0,1162667,1,1,0,1,6.0,-9.0,-9.0,15.0,4.0,-9,0.0,22763.0,2129.0
2874389,2874390,22.0,1162667,2,1,10,1,6.0,-9.0,-9.0,15.0,4.0,-9,0.0,22763.0,2129.0
2874390,2874391,21.0,1162667,3,1,10,1,6.0,-9.0,-9.0,15.0,4.0,-9,0.0,22763.0,2129.0
2874391,2874392,25.0,1162668,1,1,0,1,6.0,-9.0,-9.0,15.0,4.0,-9,0.0,22763.0,2129.0
2874392,2874393,22.0,1162668,2,1,10,1,6.0,-9.0,-9.0,15.0,4.0,-9,0.0,22763.0,2129.0
2874393,2874394,21.0,1162668,3,1,10,1,6.0,-9.0,-9.0,15.0,4.0,-9,0.0,22763.0,2129.0
2874394,2874395,25.0,1162669,1,1,0,1,6.0,-9.0,-9.0,15.0,4.0,-9,0.0,22763.0,2129.0
2874395,2874396,22.0,1162669,2,1,10,1,6.0,-9.0,-9.0,15.0,4.0,-9,0.0,22763.0,2129.0
2874396,2874397,21.0,1162669,3,1,10,1,6.0,-9.0,-9.0,15.0,4.0,-9,0.0,22763.0,2129.0
2874397,2874398,25.0,1162670,1,1,0,1,6.0,-9.0,-9.0,15.0,4.0,-9,0.0,22763.0,2129.0
2874398,2874399,22.0,1162670,2,1,10,1,6.0,-9.0,-9.0,15.0,4.0,-9,0.0,22763.0,2129.0
2874399,2874400,21.0,1162670,3,1,10,1,6.0,-9.0,-9.0,15.0,4.0,-9,0.0,22763.0,2129.0
2874400,2874401,25.0,1162671,1,1,0,1,6.0,-9.0,-9.0,15.0,4.0,-9,0.0,22763.0,2129.0
2874401,2874402,22.0,1162671,2,1,10,1,6.0,-9.0,-9.0,15.0,4.0,-9,0.0,22763.0,2129.0
2874402,2874403,21.0,1162671,3,1,10,1,6.0,-9.0,-9.0,15.0,4.0,-9,0.0,22763.0,2129.0
2874403,2874404,25.0,1162672,1,1,0,1,6.0,-9.0,-9.0,15.0,4.0,-9,0.0,22763.0,2129.0
2874404,2874405,22.0,1162672,2,1,10,1,6.0,-9.0,-9.0,15.0,4.0,-9,0.0,22763.0,2129.0
2874405,2874406,21.0,1162672,3,1,10,1,6.0,-9.0,-9.0,15.0,4.0,-9,0.0,22763.0,2129.0
2874406,2874407,25.0,1162673,1,1,0,1,6.0,-9.0,-9.0,15.0,4.0,-9,0.0,22763.0,2129.0
2874407,2874408,22.0,1162673,2,1,10,1,6.0,-9.0,-9.0,15.0,4.0,-9,0.0,22763.0,2129.0
2874408,2874409,21.0,1162673,3,1,10,1,6.0,-9.0,-9.0,15.0,4.0,-9,0.0,22763.0,2129.0
2874409,2874410,25.0,1162674,1,1,0,1,6.0,-9.0,-9.0,15.0,4.0,-9,0.0,22758.0,2127.0
2874410,2874411,22.0,1162674,2,1,10,1,6.0,-9.0,-9.0,15.0,4.0,-9,0.0,22758.0,2127.0
2874411,2874412,21.0,1162674,3,1,10,1,6.0,-9.0,-9.0,15.0,4.0,-9,0.0,22758.0,2127.0
2874412,2874413,25.0,1162675,1,1,0,1,6.0,-9.0,-9.0,15.0,4.0,-9,0.0,22763.0,2129.0
2874413,2874414,22.0,1162675,2,1,10,1,6.0,-9.0,-9.0,15.0,4.0,-9,0.0,22763.0,2129.0
2874414,2874415,21.0,1162675,3,1,10,1,6.0,-9.0,-9.0,15.0,4.0,-9,0.0,22763.0,2129.0
2874415,2874416,25.0,1162676,1,1,0,1,6.0,-9.0,-9.0,15.0,4.0,-9,0.0,22758.0,2127.0
2874416,2874417,22.0,1162676,2,1,10,1,6.0,-9.0,-9.0,15.0,4.0,-9,0.0,22758.0,2127.0
2874417,2874418,21.0,1162676,3,1,10,1,6.0,-9.0,-9.0,15.0,4.0,-9,0.0,22758.0,2127.0
2874418,2874419,25.0,1162677,1,1,0,1,6.0,-9.0,-9.0,15.0,4.0,-9,0.0,22758.0,2127.0
2874419,2874420,22.0,1162677,2,1,10,1,6.0,-9.0,-9.0,15.0,4.0,-9,0.0,22758.0,2127.0
2874420,2874421,21.0,1162677,3,1,10,1,6.0,-9.0,-9.0,15.0,4.0,-9,0.0,22758.0,2127.0
2874421,2874422,25.0,1162678,1,1,0,1,6.0,-9.0,-9.0,15.0,4.0,-9,0.0,22763.0,2129.0
2874422,2874423,22.0,1162678,2,1,10,1,6.0,-9.0,-9.0,15.0,4.0,-9,0.0,22763.0,2129.0
2874423,2874424,21.0,1162678,3,1,10,1,6.0,-9.0,-9.0,15.0,4.0,-9,0.0,22763.0,2129.0
2874424,2874425,25.0,1162679,1,1,0,1,6.0,-9.0,-9.0,15.0,4.0,-9,0.0,22763.0,2129.0
2874425,2874426,22.0,1162679,2,1,10,1,6.0,-9.0,-9.0,15.0,4.0,-9,0.0,22763.0,2129.0
2874426,2874427,21.0,1162679,3,1,10,1,6.0,-9.0,-9.0,15.0,4.0,-9,0.0,22763.0,2129.0
2874427,2874428,25.0,1162680,1,1,0,1,6.0,-9.0,-9.0,15.0,4.0,-9,0.0,22758.0,2127.0
2874428,2874429,22.0,1162680,2,1,10,1,6.0,-9.0,-9.0,15.0,4.0,-9,0.0,22758.0,2127.0
2874429,2874430,21.0,1162680,3,1,10,1,6.0,-9.0,-9.0,15.0,4.0,-9,0.0,22758.0,2127.0
2874430,2874431,25.0,1162681,1,1,0,1,6.0,-9.0,-9.0,15.0,4.0,-9,0.0,22763.0,2129.0
2874431,2874432,22.0,1162681,2,1,10,1,6.0,-9.0,-9.0,15.0,4.0,-9,0.0,22763.0,2129.0
2874432,2874433,21.0,1162681,3,1,10,1,6.0,-9.0,-9.0,15.0,4.0,-9,0.0,22763.0,2129.0
2874433,2874434,25.0,1162682,1,1,0,1,6.0,-9.0,-9.0,15.0,4.0,-9,0.0,22763.0,2129.0
2874434,2874435,22.0,1162682,2,1,10,1,6.0,-9.0,-9.0,15.0,4.0,-9,0.0,22763.0,2129.0
2874435,2874436,21.0,1162682,3,1,10,1,6.0,-9.0,-9.0,15.0,4.0,-9,0.0,22763.0,2129.0
2874436,2874437,25.0,1162683,1,1,0,1,6.0,-9.0,-9.0,15.0,4.0,-9,0.0,22763.0,2129.0
2874437,2874438,22.0,1162683,2,1,10,1,6.0,-9.0,-9.0,15.0,4.0,-9,0.0,22763.0,2129.0
2874438,2874439,21.0,1162683,3,1,10,1,6.0,-9.0,-9.0,15.0,4.0,-9,0.0,22763.0,2129.0
2874439,2874440,25.0,1162684,1,1,0,1,6.0,-9.0,-9.0,15.0,4.0,-9,0.0,22763.0,2129.0
2874440,2874441,22.0,1162684,2,1,10,1,6.0,-9.0,-9.0,15.0,4.0,-9,0.0,22763.0,2129.0
2874441,2874442,21.0,1162684,3,1,10,1,6.0,-9.0,-9.0,15.0,4.0,-9,0.0,22763.0,2129.0
2874442,2874443,25.0,1162685,1,1,0,1,6.0,-9.0,-9.0,15.0,4.0,-9,0.0,22763.0,2129.0
2874443,2874444,22.0,1162685,2,1,10,1,6.0,-9.0,-9.0,15.0,4.0,-9,0.0,22763.0,2129.0
2874444,2874445,21.0,1162685,3,1,10,1,6.0,-9.0,-9.0,15.0,4.0,-9,0.0,22763.0,2129.0
2874445,2874446,25.0,1162686,1,1,0,1,6.0,-9.0,-9.0,15.0,4.0,-9,0.0,22758.0,2127.0
2874446,2874447,22.0,1162686,2,1,10,1,6.0,-9.0,-9.0,15.0,4.0,-9,0.0,22758.0,2127.0
2874447,2874448,21.0,1162686,3,1,10,1,6.0,-9.0,-9.0,15.0,4.0,-9,0.0,22758.0,2127.0
2874448,2874449,25.0,1162687,1,1,0,1,6.0,-9.0,-9.0,15.0,4.0,-9,0.0,22763.0,2129.0
2874449,2874450,22.0,1162687,2,1,10,1,6.0,-9.0,-9.0,15.0,4.0,-9,0.0,22763.0,2129.0
2874450,2874451,21.0,1162687,3,1,10,1,6.0,-9.0,-9.0,15.0,4.0,-9,0.0,22763.0,2129.0
2874451,2874452,25.0,1162688,1,1,0,1,6.0,-9.0,-9.0,15.0,4.0,-9,0.0,22758.0,2127.0
2874452,2874453,22.0,1162688,2,1,10,1,6.0,-9.0,-9.0,15.0,4.0,-9,0.0,22758.0,2127.0
2874453,2874454,21.0,1162688,3,1,10,1,6.0,-9.0,-9.0,15.0,4.0,-9,0.0,22758.0,2127.0
2874454,2874455,25.0,1162689,1,1,0,1,6.0,-9.0,-9.0,15.0,4.0,-9,0.0,22758.0,2127.0
2874455,2874456,22.0,1162689,2,1,10,1,6.0,-9.0,-9.0,15.0,4.0,-9,0.0,22758.0,2127.0
2874456,2874457,21.0,1162689,3,1,10,1,6.0,-9.0,-9.0,15.0,4.0,-9,0.0,22758.0,2127.0
2874457,2874458,25.0,1162690,1,1,0,1,6.0,-9.0,-9.0,15.0,4.0,-9,0.0,22763.0,2129.0
2874458,2874459,22.0,1162690,2,1,10,1,6.0,-9.0,-9.0,15.0,4.0,-9,0.0,22763.0,2129.0
2874459,2874460,21.0,1162690,3,1,10,1,6.0,-9.0,-9.0,15.0,4.0,-9,0.0,22763.0,2129.0
2874460,2874461,27.0,1162691,1,2,0,1,1.0,40.0,1.0,16.0,4.0,611M1,13.0,22758.0,2127.0
2874461,2874462,24.0,1162691,2,2,15,1,1.0,42.0,1.0,-9.0,4.0,722Z,16.0,22758.0,2127.0
2874462,2874463,27.0,1162692,1,2,0,1,1.0,40.0,1.0,16.0,4.0,611M1,13.0,22758.0,2127.0
2874463,2874464,24.0,1162692,2,2,15,1,1.0,42.0,1.0,-9.0,4.0,722Z,16.0,22758.0,2127.0
2874464,2874465,27.0,1162693,1,2,0,1,1.0,40.0,1.0,16.0,4.0,611M1,13.0,22763.0,2129.0
2874465,2874466,24.0,1162693,2,2,15,1,1.0,42.0,1.0,-9.0,4.0,722Z,16.0,22763.0,2129.0
2874466,2874467,27.0,1162694,1,2,0,1,1.0,40.0,1.0,16.0,4.0,611M1,13.0,22758.0,2127.0
2874467,2874468,24.0,1162694,2,2,15,1,1.0,42.0,1.0,-9.0,4.0,722Z,16.0,22758.0,2127.0
2874468,2874469,27.0,1162695,1,2,0,1,1.0,40.0,1.0,16.0,4.0,611M1,13.0,22758.0,2127.0
2874469,2874470,24.0,1162695,2,2,15,1,1.0,42.0,1.0,-9.0,4.0,722Z,16.0,22758.0,2127.0
2874470,2874471,27.0,1162696,1,2,0,1,1.0,40.0,1.0,16.0,4.0,611M1,13.0,22758.0,2127.0
2874471,2874472,24.0,1162696,2,2,15,1,1.0,42.0,1.0,-9.0,4.0,722Z,16.0,22758.0,2127.0
2874472,2874473,27.0,1162697,1,2,0,1,1.0,40.0,1.0,16.0,4.0,611M1,13.0,22763.0,2129.0
2874473,2874474,24.0,1162697,2,2,15,1,1.0,42.0,1.0,-9.0,4.0,722Z,16.0,22763.0,2129.0
2874474,2874475,27.0,1162698,1,2,0,1,1.0,40.0,1.0,16.0,4.0,611M1,13.0,22763.0,2129.0
2874475,2874476,24.0,1162698,2,2,15,1,1.0,42.0,1.0,-9.0,4.0,722Z,16.0,22763.0,2129.0
2874476,2874477,27.0,1162699,1,2,0,1,1.0,40.0,1.0,16.0,4.0,611M1,13.0,22763.0,2129.0
2874477,2874478,24.0,1162699,2,2,15,1,1.0,42.0,1.0,-9.0,4.0,722Z,16.0,22763.0,2129.0
2874478,2874479,27.0,1162700,1,2,0,1,1.0,40.0,1.0,16.0,4.0,611M1,13.0,22758.0,2127.0
2874479,2874480,24.0,1162700,2,2,15,1,1.0,42.0,1.0,-9.0,4.0,722Z,16.0,22758.0,2127.0
2874480,2874481,27.0,1162701,1,2,0,1,1.0,40.0,1.0,16.0,4.0,611M1,13.0,22763.0,2129.0
2874481,2874482,24.0,1162701,2,2,15,1,1.0,42.0,1.0,-9.0,4.0,722Z,16.0,22763.0,2129.0
2874482,2874483,27.0,1162702,1,2,0,1,1.0,40.0,1.0,16.0,4.0,611M1,13.0,22763.0,2129.0
2874483,2874484,24.0,1162702,2,2,15,1,1.0,42.0,1.0,-9.0,4.0,722Z,16.0,22763.0,2129.0
2874484,2874485,27.0,1162703,1,2,0,1,1.0,40.0,1.0,16.0,4.0,611M1,13.0,22758.0,2127.0
2874485,2874486,24.0,1162703,2,2,15,1,1.0,42.0,1.0,-9.0,4.0,722Z,16.0,22758.0,2127.0
2874486,2874487,27.0,1162704,1,2,0,1,1.0,40.0,1.0,16.0,4.0,611M1,13.0,22763.0,2129.0
2874487,2874488,24.0,1162704,2,2,15,1,1.0,42.0,1.0,-9.0,4.0,722Z,16.0,22763.0,2129.0
2874488,2874489,27.0,1162705,1,2,0,1,1.0,40.0,1.0,16.0,4.0,611M1,13.0,22758.0,2127.0
2874489,2874490,24.0,1162705,2,2,15,1,1.0,42.0,1.0,-9.0,4.0,722Z,16.0,22758.0,2127.0
2874490,2874491,27.0,1162706,1,2,0,1,1.0,40.0,1.0,16.0,4.0,611M1,13.0,22763.0,2129.0
2874491,2874492,24.0,1162706,2,2,15,1,1.0,42.0,1.0,-9.0,4.0,722Z,16.0,22763.0,2129.0
2874492,2874493,31.0,1162707,1,1,0,1,1.0,40.0,4.0,-9.0,4.0,611M1,13.0,22763.0,2129.0
2874493,2874494,24.0,1162707,2,2,1,1,6.0,-9.0,-9.0,-9.0,4.0,6111,13.0,22763.0,2129.0
2874494,2874495,31.0,1162708,1,1,0,1,1.0,40.0,4.0,-9.0,4.0,611M1,13.0,22763.0,2129.0
2874495,2874496,24.0,1162708,2,2,1,1,6.0,-9.0,-9.0,-9.0,4.0,6111,13.0,22763.0,2129.0
2874496,2874497,31.0,1162709,1,1,0,1,1.0,40.0,4.0,-9.0,4.0,611M1,13.0,22758.0,2127.0
2874497,2874498,24.0,1162709,2,2,1,1,6.0,-9.0,-9.0,-9.0,4.0,6111,13.0,22758.0,2127.0
2874498,2874499,31.0,1162710,1,1,0,1,1.0,40.0,4.0,-9.0,4.0,611M1,13.0,22758.0,2127.0
2874499,2874500,24.0,1162710,2,2,1,1,6.0,-9.0,-9.0,-9.0,4.0,6111,13.0,22758.0,2127.0
2874500,2874501,31.0,1162711,1,1,0,1,1.0,40.0,4.0,-9.0,4.0,611M1,13.0,22758.0,2127.0
2874501,2874502,24.0,1162711,2,2,1,1,6.0,-9.0,-9.0,-9.0,4.0,6111,13.0,22758.0,2127.0
2874502,2874503,31.0,1162712,1,1,0,1,1.0,40.0,4.0,-9.0,4.0,611M1,13.0,22763.0,2129.0
2874503,2874504,24.0,1162712,2,2,1,1,6.0,-9.0,-9.0,-9.0,4.0,6111,13.0,22763.0,2129.0
2874504,2874505,31.0,1162713,1,1,0,1,1.0,40.0,4.0,-9.0,4.0,611M1,13.0,22763.0,2129.0
2874505,2874506,24.0,1162713,2,2,1,1,6.0,-9.0,-9.0,-9.0,4.0,6111,13.0,22763.0,2129.0
2874506,2874507,31.0,1162714,1,1,0,1,1.0,40.0,4.0,-9.0,4.0,611M1,13.0,22758.0,2127.0
2874507,2874508,24.0,1162714,2,2,1,1,6.0,-9.0,-9.0,-9.0,4.0,6111,13.0,22758.0,2127.0
2874508,2874509,31.0,1162715,1,1,0,1,1.0,40.0,4.0,-9.0,4.0,611M1,13.0,22763.0,2129.0
2874509,2874510,24.0,1162715,2,2,1,1,6.0,-9.0,-9.0,-9.0,4.0,6111,13.0,22763.0,2129.0
2874510,2874511,31.0,1162716,1,1,0,1,1.0,40.0,4.0,-9.0,4.0,611M1,13.0,22763.0,2129.0
2874511,2874512,24.0,1162716,2,2,1,1,6.0,-9.0,-9.0,-9.0,4.0,6111,13.0,22763.0,2129.0
2874512,2874513,31.0,1162717,1,1,0,1,1.0,40.0,4.0,-9.0,4.0,611M1,13.0,22763.0,2129.0
2874513,2874514,24.0,1162717,2,2,1,1,6.0,-9.0,-9.0,-9.0,4.0,6111,13.0,22763.0,2129.0
2874514,2874515,31.0,1162718,1,1,0,1,1.0,40.0,4.0,-9.0,4.0,611M1,13.0,22758.0,2127.0
2874515,2874516,24.0,1162718,2,2,1,1,6.0,-9.0,-9.0,-9.0,4.0,6111,13.0,22758.0,2127.0
2874516,2874517,31.0,1162719,1,1,0,1,1.0,40.0,4.0,-9.0,4.0,611M1,13.0,22763.0,2129.0
2874517,2874518,24.0,1162719,2,2,1,1,6.0,-9.0,-9.0,-9.0,4.0,6111,13.0,22763.0,2129.0
2874518,2874519,31.0,1162720,1,1,0,1,1.0,40.0,4.0,-9.0,4.0,611M1,13.0,22758.0,2127.0
2874519,2874520,24.0,1162720,2,2,1,1,6.0,-9.0,-9.0,-9.0,4.0,6111,13.0,22758.0,2127.0
2874520,2874521,31.0,1162721,1,1,0,1,1.0,40.0,4.0,-9.0,4.0,611M1,13.0,22758.0,2127.0
2874521,2874522,24.0,1162721,2,2,1,1,6.0,-9.0,-9.0,-9.0,4.0,6111,13.0,22758.0,2127.0
2874522,2874523,31.0,1162722,1,1,0,1,1.0,40.0,4.0,-9.0,4.0,611M1,13.0,22763.0,2129.0
2874523,2874524,24.0,1162722,2,2,1,1,6.0,-9.0,-9.0,-9.0,4.0,6111,13.0,22763.0,2129.0
2874524,2874525,31.0,1162723,1,1,0,1,1.0,40.0,4.0,-9.0,4.0,611M1,13.0,22758.0,2127.0
2874525,2874526,24.0,1162723,2,2,1,1,6.0,-9.0,-9.0,-9.0,4.0,6111,13.0,22758.0,2127.0
2874526,2874527,31.0,1162724,1,1,0,1,1.0,40.0,4.0,-9.0,4.0,611M1,13.0,22758.0,2127.0
2874527,2874528,24.0,1162724,2,2,1,1,6.0,-9.0,-9.0,-9.0,4.0,6111,13.0,22758.0,2127.0
2874528,2874529,31.0,1162725,1,1,0,1,1.0,40.0,4.0,-9.0,4.0,611M1,13.0,22763.0,2129.0
2874529,2874530,24.0,1162725,2,2,1,1,6.0,-9.0,-9.0,-9.0,4.0,6111,13.0,22763.0,2129.0
2874530,2874531,31.0,1162726,1,1,0,1,1.0,40.0,4.0,-9.0,4.0,611M1,13.0,22763.0,2129.0
2874531,2874532,24.0,1162726,2,2,1,1,6.0,-9.0,-9.0,-9.0,4.0,6111,13.0,22763.0,2129.0
2874532,2874533,31.0,1162727,1,1,0,1,1.0,40.0,4.0,-9.0,4.0,611M1,13.0,22758.0,2127.0
2874533,2874534,24.0,1162727,2,2,1,1,6.0,-9.0,-9.0,-9.0,4.0,6111,13.0,22758.0,2127.0
2874534,2874535,31.0,1162728,1,1,0,1,1.0,40.0,4.0,-9.0,4.0,611M1,13.0,22758.0,2127.0
2874535,2874536,24.0,1162728,2,2,1,1,6.0,-9.0,-9.0,-9.0,4.0,6111,13.0,22758.0,2127.0
2874536,2874537,31.0,1162729,1,1,0,1,1.0,40.0,4.0,-9.0,4.0,611M1,13.0,22763.0,2129.0
2874537,2874538,24.0,1162729,2,2,1,1,6.0,-9.0,-9.0,-9.0,4.0,6111,13.0,22763.0,2129.0
2874538,2874539,31.0,1162730,1,1,0,1,1.0,40.0,4.0,-9.0,4.0,611M1,13.0,22763.0,2129.0
2874539,2874540,24.0,1162730,2,2,1,1,6.0,-9.0,-9.0,-9.0,4.0,6111,13.0,22763.0,2129.0
2874540,2874541,20.0,1162731,1,2,0,4,3.0,-9.0,-9.0,15.0,4.0,999920,0.0,22763.0,2129.0
2874541,2874542,20.0,1162732,1,2,0,4,3.0,-9.0,-9.0,15.0,4.0,999920,0.0,22758.0,2127.0
2874542,2874543,24.0,1162733,1,2,0,4,6.0,-9.0,-9.0,16.0,4.0,-9,0.0,22763.0,2129.0
2874543,2874544,20.0,1162734,1,2,0,4,3.0,-9.0,-9.0,15.0,4.0,999920,0.0,22763.0,2129.0
2874544,2874545,24.0,1162735,1,2,0,4,6.0,-9.0,-9.0,16.0,4.0,-9,0.0,22763.0,2129.0
2874545,2874546,20.0,1162736,1,2,0,4,3.0,-9.0,-9.0,15.0,4.0,999920,0.0,22758.0,2127.0
2874546,2874547,20.0,1162737,1,2,0,4,3.0,-9.0,-9.0,15.0,4.0,999920,0.0,22758.0,2127.0
2874547,2874548,20.0,1162738,1,2,0,4,3.0,-9.0,-9.0,15.0,4.0,999920,0.0,22763.0,2129.0
2874548,2874549,20.0,1162739,1,2,0,4,3.0,-9.0,-9.0,15.0,4.0,999920,0.0,22758.0,2127.0
2874549,2874550,20.0,1162740,1,2,0,4,3.0,-9.0,-9.0,15.0,4.0,999920,0.0,22763.0,2129.0
2874550,2874551,20.0,1162741,1,2,0,4,3.0,-9.0,-9.0,15.0,4.0,999920,0.0,22758.0,2127.0
2874551,2874552,20.0,1162742,1,2,0,4,3.0,-9.0,-9.0,15.0,4.0,999920,0.0,22758.0,2127.0
2874552,2874553,20.0,1162743,1,2,0,4,3.0,-9.0,-9.0,15.0,4.0,999920,0.0,22758.0,2127.0
2874553,2874554,20.0,1162744,1,2,0,4,3.0,-9.0,-9.0,15.0,4.0,999920,0.0,22763.0,2129.0
2874554,2874555,24.0,1162745,1,2,0,4,6.0,-9.0,-9.0,16.0,4.0,-9,0.0,22763.0,2129.0
2874555,2874556,24.0,1162746,1,2,0,4,6.0,-9.0,-9.0,16.0,4.0,-9,0.0,22763.0,2129.0
2874556,2874557,20.0,1162747,1,2,0,4,3.0,-9.0,-9.0,15.0,4.0,999920,0.0,22763.0,2129.0
2874557,2874558,20.0,1162748,1,2,0,4,3.0,-9.0,-9.0,15.0,4.0,999920,0.0,22763.0,2129.0
2874558,2874559,20.0,1162749,1,2,0,4,3.0,-9.0,-9.0,15.0,4.0,999920,0.0,22758.0,2127.0
2874559,2874560,20.0,1162750,1,2,0,4,3.0,-9.0,-9.0,15.0,4.0,999920,0.0,22763.0,2129.0
2874560,2874561,20.0,1162751,1,2,0,4,3.0,-9.0,-9.0,15.0,4.0,999920,0.0,22758.0,2127.0
2874561,2874562,24.0,1162752,1,2,0,4,6.0,-9.0,-9.0,16.0,4.0,-9,0.0,22763.0,2129.0
2874562,2874563,20.0,1162753,1,2,0,4,3.0,-9.0,-9.0,15.0,4.0,999920,0.0,22763.0,2129.0
2874563,2874564,20.0,1162754,1,2,0,4,3.0,-9.0,-9.0,15.0,4.0,999920,0.0,22763.0,2129.0
2874564,2874565,24.0,1162755,1,2,0,4,6.0,-9.0,-9.0,16.0,4.0,-9,0.0,22758.0,2127.0
2874565,2874566,20.0,1162756,1,2,0,4,3.0,-9.0,-9.0,15.0,4.0,999920,0.0,22763.0,2129.0
2874566,2874567,20.0,1162757,1,2,0,4,3.0,-9.0,-9.0,15.0,4.0,999920,0.0,22763.0,2129.0
2874567,2874568,24.0,1162758,1,2,0,4,6.0,-9.0,-9.0,16.0,4.0,-9,0.0,22763.0,2129.0
2874568,2874569,20.0,1162759,1,2,0,4,3.0,-9.0,-9.0,15.0,4.0,999920,0.0,22763.0,2129.0
2874569,2874570,20.0,1162760,1,2,0,4,3.0,-9.0,-9.0,15.0,4.0,999920,0.0,22758.0,2127.0
2874570,2874571,24.0,1162761,1,2,0,4,6.0,-9.0,-9.0,16.0,4.0,-9,0.0,22763.0,2129.0
2874571,2874572,24.0,1162762,1,2,0,4,6.0,-9.0,-9.0,16.0,4.0,-9,0.0,22763.0,2129.0
2874572,2874573,20.0,1162763,1,2,0,4,3.0,-9.0,-9.0,15.0,4.0,999920,0.0,22763.0,2129.0
2874573,2874574,20.0,1162764,1,2,0,4,3.0,-9.0,-9.0,15.0,4.0,999920,0.0,22758.0,2127.0
2874574,2874575,20.0,1162765,1,2,0,4,3.0,-9.0,-9.0,15.0,4.0,999920,0.0,22758.0,2127.0
2874575,2874576,20.0,1162766,1,2,0,4,3.0,-9.0,-9.0,15.0,4.0,999920,0.0,22763.0,2129.0
2874576,2874577,20.0,1162767,1,2,0,4,3.0,-9.0,-9.0,15.0,4.0,999920,0.0,22763.0,2129.0
2874577,2874578,24.0,1162768,1,2,0,4,6.0,-9.0,-9.0,16.0,4.0,-9,0.0,22763.0,2129.0
2874578,2874579,20.0,1162769,1,2,0,4,3.0,-9.0,-9.0,15.0,4.0,999920,0.0,22763.0,2129.0
2874579,2874580,20.0,1162770,1,2,0,4,3.0,-9.0,-9.0,15.0,4.0,999920,0.0,22758.0,2127.0
2874580,2874581,20.0,1162771,1,2,0,4,3.0,-9.0,-9.0,15.0,4.0,999920,0.0,22758.0,2127.0
2874581,2874582,20.0,1162772,1,2,0,4,3.0,-9.0,-9.0,15.0,4.0,999920,0.0,22763.0,2129.0
2874582,2874583,20.0,1162773,1,2,0,4,3.0,-9.0,-9.0,15.0,4.0,999920,0.0,22763.0,2129.0
2874583,2874584,24.0,1162774,1,1,0,4,6.0,-9.0,-9.0,15.0,4.0,-9,0.0,22758.0,2127.0
2874584,2874585,24.0,1162775,1,1,0,4,6.0,-9.0,-9.0,15.0,4.0,-9,0.0,22763.0,2129.0
2874585,2874586,24.0,1162776,1,1,0,4,6.0,-9.0,-9.0,15.0,4.0,-9,0.0,22758.0,2127.0
2874586,2874587,24.0,1162777,1,1,0,4,6.0,-9.0,-9.0,15.0,4.0,-9,0.0,22763.0,2129.0
2874587,2874588,24.0,1162778,1,1,0,4,6.0,-9.0,-9.0,15.0,4.0,-9,0.0,22763.0,2129.0
2874588,2874589,24.0,1162779,1,1,0,4,6.0,-9.0,-9.0,15.0,4.0,-9,0.0,22763.0,2129.0
2874589,2874590,24.0,1162780,1,1,0,4,6.0,-9.0,-9.0,15.0,4.0,-9,0.0,22763.0,2129.0
2874590,2874591,24.0,1162781,1,1,0,4,6.0,-9.0,-9.0,15.0,4.0,-9,0.0,22763.0,2129.0
2874591,2874592,24.0,1162782,1,1,0,4,6.0,-9.0,-9.0,15.0,4.0,-9,0.0,22763.0,2129.0
2874592,2874593,24.0,1162783,1,1,0,4,6.0,-9.0,-9.0,15.0,4.0,-9,0.0,22758.0,2127.0
2874593,2874594,24.0,1162784,1,1,0,4,6.0,-9.0,-9.0,15.0,4.0,-9,0.0,22758.0,2127.0
2874594,2874595,24.0,1162785,1,1,0,4,6.0,-9.0,-9.0,15.0,4.0,-9,0.0,22763.0,2129.0
2874595,2874596,22.0,1162786,1,1,0,3,1.0,15.0,6.0,16.0,4.0,611M1,13.0,22758.0,2127.0
2874596,2874597,22.0,1162787,1,1,0,3,1.0,15.0,6.0,16.0,4.0,611M1,13.0,22763.0,2129.0
2874597,2874598,22.0,1162788,1,1,0,3,1.0,15.0,6.0,16.0,4.0,611M1,13.0,22763.0,2129.0
2874598,2874599,22.0,1162789,1,1,0,3,1.0,15.0,6.0,16.0,4.0,611M1,13.0,22758.0,2127.0
2874599,2874600,22.0,1162790,1,1,0,3,1.0,15.0,6.0,16.0,4.0,611M1,13.0,22763.0,2129.0
2874600,2874601,22.0,1162791,1,1,0,3,1.0,15.0,6.0,16.0,4.0,611M1,13.0,22763.0,2129.0
2874601,2874602,22.0,1162792,1,1,0,3,1.0,15.0,6.0,16.0,4.0,611M1,13.0,22758.0,2127.0
2874602,2874603,22.0,1162793,1,1,0,3,1.0,15.0,6.0,16.0,4.0,611M1,13.0,22758.0,2127.0
2874603,2874604,22.0,1162794,1,1,0,3,1.0,15.0,6.0,16.0,4.0,611M1,13.0,22763.0,2129.0
2874604,2874605,22.0,1162795,1,1,0,3,1.0,15.0,6.0,16.0,4.0,611M1,13.0,22763.0,2129.0
2874605,2874606,22.0,1162796,1,1,0,3,1.0,15.0,6.0,16.0,4.0,611M1,13.0,22763.0,2129.0
2874606,2874607,22.0,1162797,1,1,0,3,1.0,15.0,6.0,16.0,4.0,611M1,13.0,22763.0,2129.0
2874607,2874608,22.0,1162798,1,1,0,3,1.0,15.0,6.0,16.0,4.0,611M1,13.0,22758.0,2127.0
2874608,2874609,22.0,1162799,1,1,0,3,1.0,15.0,6.0,16.0,4.0,611M1,13.0,22758.0,2127.0
2874609,2874610,22.0,1162800,1,1,0,3,1.0,15.0,6.0,16.0,4.0,611M1,13.0,22758.0,2127.0
2874610,2874611,22.0,1162801,1,1,0,3,1.0,15.0,6.0,16.0,4.0,611M1,13.0,22763.0,2129.0
2874611,2874612,22.0,1162802,1,1,0,3,1.0,15.0,6.0,16.0,4.0,611M1,13.0,22758.0,2127.0
2874612,2874613,22.0,1162803,1,1,0,3,1.0,15.0,6.0,16.0,4.0,611M1,13.0,22763.0,2129.0
2874613,2874614,22.0,1162804,1,1,0,3,1.0,15.0,6.0,16.0,4.0,611M1,13.0,22758.0,2127.0
2874614,2874615,22.0,1162805,1,1,0,3,1.0,15.0,6.0,16.0,4.0,611M1,13.0,22758.0,2127.0
2874615,2874616,22.0,1162806,1,1,0,3,1.0,15.0,6.0,16.0,4.0,611M1,13.0,22763.0,2129.0
2874616,2874617,22.0,1162807,1,1,0,3,1.0,15.0,6.0,16.0,4.0,611M1,13.0,22758.0,2127.0
2874617,2874618,22.0,1162808,1,1,0,3,1.0,15.0,6.0,16.0,4.0,611M1,13.0,22763.0,2129.0
2874618,2874619,23.0,1162809,1,1,0,1,1.0,40.0,1.0,-9.0,4.0,336M,3.0,22763.0,2129.0
2874619,2874620,26.0,1162809,2,1,12,1,1.0,40.0,1.0,15.0,4.0,722Z,16.0,22763.0,2129.0
2874620,2874621,23.0,1162809,3,1,12,1,1.0,40.0,1.0,16.0,4.0,325M,3.0,22763.0,2129.0
2874621,2874622,23.0,1162809,4,1,12,1,2.0,30.0,3.0,15.0,4.0,7211,16.0,22763.0,2129.0
2874622,2874623,24.0,1162810,1,1,0,1,1.0,50.0,1.0,16.0,4.0,611M1,13.0,22763.0,2129.0
2874623,2874624,25.0,1162810,2,1,12,4,1.0,50.0,1.0,16.0,4.0,611M1,13.0,22763.0,2129.0
2874624,2874625,24.0,1162811,1,1,0,1,1.0,50.0,1.0,16.0,4.0,611M1,13.0,22763.0,2129.0
2874625,2874626,25.0,1162811,2,1,12,4,1.0,50.0,1.0,16.0,4.0,611M1,13.0,22763.0,2129.0
2874626,2874627,24.0,1162812,1,1,0,1,1.0,50.0,1.0,16.0,4.0,611M1,13.0,22763.0,2129.0
2874627,2874628,25.0,1162812,2,1,12,4,1.0,50.0,1.0,16.0,4.0,611M1,13.0,22763.0,2129.0
2874628,2874629,24.0,1162813,1,1,0,1,1.0,50.0,1.0,16.0,4.0,611M1,13.0,22758.0,2127.0
2874629,2874630,25.0,1162813,2,1,12,4,1.0,50.0,1.0,16.0,4.0,611M1,13.0,22758.0,2127.0
2874630,2874631,24.0,1162814,1,1,0,1,1.0,50.0,1.0,16.0,4.0,611M1,13.0,22763.0,2129.0
2874631,2874632,25.0,1162814,2,1,12,4,1.0,50.0,1.0,16.0,4.0,611M1,13.0,22763.0,2129.0
2874632,2874633,24.0,1162815,1,1,0,1,1.0,50.0,1.0,16.0,4.0,611M1,13.0,22758.0,2127.0
2874633,2874634,25.0,1162815,2,1,12,4,1.0,50.0,1.0,16.0,4.0,611M1,13.0,22758.0,2127.0
2874634,2874635,24.0,1162816,1,1,0,1,1.0,50.0,1.0,16.0,4.0,611M1,13.0,22763.0,2129.0
2874635,2874636,25.0,1162816,2,1,12,4,1.0,50.0,1.0,16.0,4.0,611M1,13.0,22763.0,2129.0
2874636,2874637,24.0,1162817,1,1,0,1,1.0,50.0,1.0,16.0,4.0,611M1,13.0,22758.0,2127.0
2874637,2874638,25.0,1162817,2,1,12,4,1.0,50.0,1.0,16.0,4.0,611M1,13.0,22758.0,2127.0
2874638,2874639,24.0,1162818,1,1,0,1,1.0,50.0,1.0,16.0,4.0,611M1,13.0,22758.0,2127.0
2874639,2874640,25.0,1162818,2,1,12,4,1.0,50.0,1.0,16.0,4.0,611M1,13.0,22758.0,2127.0
2874640,2874641,24.0,1162819,1,1,0,1,1.0,50.0,1.0,16.0,4.0,611M1,13.0,22763.0,2129.0
2874641,2874642,25.0,1162819,2,1,12,4,1.0,50.0,1.0,16.0,4.0,611M1,13.0,22763.0,2129.0
2874642,2874643,24.0,1162820,1,1,0,1,1.0,50.0,1.0,16.0,4.0,611M1,13.0,22763.0,2129.0
2874643,2874644,25.0,1162820,2,1,12,4,1.0,50.0,1.0,16.0,4.0,611M1,13.0,22763.0,2129.0
2874644,2874645,24.0,1162821,1,1,0,1,1.0,50.0,1.0,16.0,4.0,611M1,13.0,22763.0,2129.0
2874645,2874646,25.0,1162821,2,1,12,4,1.0,50.0,1.0,16.0,4.0,611M1,13.0,22763.0,2129.0
2874646,2874647,24.0,1162822,1,1,0,1,1.0,50.0,1.0,16.0,4.0,611M1,13.0,22763.0,2129.0
2874647,2874648,25.0,1162822,2,1,12,4,1.0,50.0,1.0,16.0,4.0,611M1,13.0,22763.0,2129.0
2874648,2874649,24.0,1162823,1,1,0,1,1.0,50.0,1.0,16.0,4.0,611M1,13.0,22763.0,2129.0
2874649,2874650,25.0,1162823,2,1,12,4,1.0,50.0,1.0,16.0,4.0,611M1,13.0,22763.0,2129.0
2874650,2874651,24.0,1162824,1,1,0,1,1.0,50.0,1.0,16.0,4.0,611M1,13.0,22758.0,2127.0
2874651,2874652,25.0,1162824,2,1,12,4,1.0,50.0,1.0,16.0,4.0,611M1,13.0,22758.0,2127.0
2874652,2874653,24.0,1162825,1,1,0,1,1.0,50.0,1.0,16.0,4.0,611M1,13.0,22758.0,2127.0
2874653,2874654,25.0,1162825,2,1,12,4,1.0,50.0,1.0,16.0,4.0,611M1,13.0,22758.0,2127.0
2874654,2874655,24.0,1162826,1,1,0,1,1.0,50.0,1.0,16.0,4.0,611M1,13.0,22763.0,2129.0
2874655,2874656,25.0,1162826,2,1,12,4,1.0,50.0,1.0,16.0,4.0,611M1,13.0,22763.0,2129.0
2874656,2874657,24.0,1162827,1,1,0,1,1.0,50.0,1.0,16.0,4.0,611M1,13.0,22758.0,2127.0
2874657,2874658,25.0,1162827,2,1,12,4,1.0,50.0,1.0,16.0,4.0,611M1,13.0,22758.0,2127.0
2874658,2874659,24.0,1162828,1,1,0,1,1.0,50.0,1.0,16.0,4.0,611M1,13.0,22763.0,2129.0
2874659,2874660,25.0,1162828,2,1,12,4,1.0,50.0,1.0,16.0,4.0,611M1,13.0,22763.0,2129.0
2874660,2874661,24.0,1162829,1,1,0,1,1.0,50.0,1.0,16.0,4.0,611M1,13.0,22758.0,2127.0
2874661,2874662,25.0,1162829,2,1,12,4,1.0,50.0,1.0,16.0,4.0,611M1,13.0,22758.0,2127.0
2874662,2874663,24.0,1162830,1,1,0,1,1.0,50.0,1.0,16.0,4.0,611M1,13.0,22763.0,2129.0
2874663,2874664,25.0,1162830,2,1,12,4,1.0,50.0,1.0,16.0,4.0,611M1,13.0,22763.0,2129.0
2874664,2874665,24.0,1162831,1,1,0,1,1.0,50.0,1.0,16.0,4.0,611M1,13.0,22763.0,2129.0
2874665,2874666,25.0,1162831,2,1,12,4,1.0,50.0,1.0,16.0,4.0,611M1,13.0,22763.0,2129.0
2874666,2874667,24.0,1162832,1,1,0,1,1.0,50.0,1.0,16.0,4.0,611M1,13.0,22758.0,2127.0
2874667,2874668,25.0,1162832,2,1,12,4,1.0,50.0,1.0,16.0,4.0,611M1,13.0,22758.0,2127.0
2874668,2874669,24.0,1162833,1,1,0,1,1.0,50.0,1.0,16.0,4.0,611M1,13.0,22758.0,2127.0
2874669,2874670,25.0,1162833,2,1,12,4,1.0,50.0,1.0,16.0,4.0,611M1,13.0,22758.0,2127.0
2874670,2874671,24.0,1162834,1,1,0,1,1.0,50.0,1.0,16.0,4.0,611M1,13.0,22763.0,2129.0
2874671,2874672,25.0,1162834,2,1,12,4,1.0,50.0,1.0,16.0,4.0,611M1,13.0,22763.0,2129.0
2874672,2874673,24.0,1162835,1,1,0,1,1.0,50.0,1.0,16.0,4.0,611M1,13.0,22758.0,2127.0
2874673,2874674,25.0,1162835,2,1,12,4,1.0,50.0,1.0,16.0,4.0,611M1,13.0,22758.0,2127.0
2874674,2874675,24.0,1162836,1,1,0,1,1.0,50.0,1.0,16.0,4.0,611M1,13.0,22763.0,2129.0
2874675,2874676,25.0,1162836,2,1,12,4,1.0,50.0,1.0,16.0,4.0,611M1,13.0,22763.0,2129.0
2874676,2874677,24.0,1162837,1,1,0,1,1.0,50.0,1.0,16.0,4.0,611M1,13.0,22758.0,2127.0
2874677,2874678,25.0,1162837,2,1,12,4,1.0,50.0,1.0,16.0,4.0,611M1,13.0,22758.0,2127.0
2874678,2874679,24.0,1162838,1,1,0,1,1.0,50.0,1.0,16.0,4.0,611M1,13.0,22758.0,2127.0
2874679,2874680,25.0,1162838,2,1,12,4,1.0,50.0,1.0,16.0,4.0,611M1,13.0,22758.0,2127.0
2874680,2874681,24.0,1162839,1,1,0,1,1.0,50.0,1.0,16.0,4.0,611M1,13.0,22763.0,2129.0
2874681,2874682,25.0,1162839,2,1,12,4,1.0,50.0,1.0,16.0,4.0,611M1,13.0,22763.0,2129.0
2874682,2874683,24.0,1162840,1,1,0,1,1.0,50.0,1.0,16.0,4.0,611M1,13.0,22763.0,2129.0
2874683,2874684,25.0,1162840,2,1,12,4,1.0,50.0,1.0,16.0,4.0,611M1,13.0,22763.0,2129.0
2874684,2874685,24.0,1162841,1,1,0,1,1.0,50.0,1.0,16.0,4.0,611M1,13.0,22758.0,2127.0
2874685,2874686,25.0,1162841,2,1,12,4,1.0,50.0,1.0,16.0,4.0,611M1,13.0,22758.0,2127.0
2874686,2874687,24.0,1162842,1,1,0,1,1.0,50.0,1.0,16.0,4.0,611M1,13.0,22763.0,2129.0
2874687,2874688,25.0,1162842,2,1,12,4,1.0,50.0,1.0,16.0,4.0,611M1,13.0,22763.0,2129.0
2874688,2874689,24.0,1162843,1,1,0,1,1.0,50.0,1.0,16.0,4.0,611M1,13.0,22763.0,2129.0
2874689,2874690,25.0,1162843,2,1,12,4,1.0,50.0,1.0,16.0,4.0,611M1,13.0,22763.0,2129.0
2874690,2874691,24.0,1162844,1,1,0,1,1.0,50.0,1.0,16.0,4.0,611M1,13.0,22763.0,2129.0
2874691,2874692,25.0,1162844,2,1,12,4,1.0,50.0,1.0,16.0,4.0,611M1,13.0,22763.0,2129.0
2874692,2874693,24.0,1162845,1,1,0,1,1.0,50.0,1.0,16.0,4.0,611M1,13.0,22758.0,2127.0
2874693,2874694,25.0,1162845,2,1,12,4,1.0,50.0,1.0,16.0,4.0,611M1,13.0,22758.0,2127.0
2874694,2874695,24.0,1162846,1,1,0,1,1.0,50.0,1.0,16.0,4.0,611M1,13.0,22763.0,2129.0
2874695,2874696,25.0,1162846,2,1,12,4,1.0,50.0,1.0,16.0,4.0,611M1,13.0,22763.0,2129.0
2874696,2874697,24.0,1162847,1,1,0,1,1.0,50.0,1.0,16.0,4.0,611M1,13.0,22763.0,2129.0
2874697,2874698,25.0,1162847,2,1,12,4,1.0,50.0,1.0,16.0,4.0,611M1,13.0,22763.0,2129.0
2874698,2874699,24.0,1162848,1,1,0,1,1.0,50.0,1.0,16.0,4.0,611M1,13.0,22763.0,2129.0
2874699,2874700,25.0,1162848,2,1,12,4,1.0,50.0,1.0,16.0,4.0,611M1,13.0,22763.0,2129.0
2874700,2874701,24.0,1162849,1,1,0,1,1.0,50.0,1.0,16.0,4.0,611M1,13.0,22763.0,2129.0
2874701,2874702,25.0,1162849,2,1,12,4,1.0,50.0,1.0,16.0,4.0,611M1,13.0,22763.0,2129.0
2874702,2874703,24.0,1162850,1,1,0,1,1.0,50.0,1.0,16.0,4.0,611M1,13.0,22758.0,2127.0
2874703,2874704,25.0,1162850,2,1,12,4,1.0,50.0,1.0,16.0,4.0,611M1,13.0,22758.0,2127.0
2874704,2874705,24.0,1162851,1,1,0,1,1.0,50.0,1.0,16.0,4.0,611M1,13.0,22758.0,2127.0
2874705,2874706,25.0,1162851,2,1,12,4,1.0,50.0,1.0,16.0,4.0,611M1,13.0,22758.0,2127.0
2874706,2874707,24.0,1162852,1,1,0,1,1.0,50.0,1.0,16.0,4.0,611M1,13.0,22763.0,2129.0
2874707,2874708,25.0,1162852,2,1,12,4,1.0,50.0,1.0,16.0,4.0,611M1,13.0,22763.0,2129.0
2874708,2874709,24.0,1162853,1,1,0,1,1.0,50.0,1.0,16.0,4.0,611M1,13.0,22758.0,2127.0
2874709,2874710,25.0,1162853,2,1,12,4,1.0,50.0,1.0,16.0,4.0,611M1,13.0,22758.0,2127.0
2874710,2874711,24.0,1162854,1,1,0,1,1.0,50.0,1.0,16.0,4.0,611M1,13.0,22758.0,2127.0
2874711,2874712,25.0,1162854,2,1,12,4,1.0,50.0,1.0,16.0,4.0,611M1,13.0,22758.0,2127.0
2874712,2874713,24.0,1162855,1,1,0,1,1.0,50.0,1.0,16.0,4.0,611M1,13.0,22763.0,2129.0
2874713,2874714,25.0,1162855,2,1,12,4,1.0,50.0,1.0,16.0,4.0,611M1,13.0,22763.0,2129.0
2874714,2874715,24.0,1162856,1,1,0,1,1.0,50.0,1.0,16.0,4.0,611M1,13.0,22763.0,2129.0
2874715,2874716,25.0,1162856,2,1,12,4,1.0,50.0,1.0,16.0,4.0,611M1,13.0,22763.0,2129.0
2874716,2874717,24.0,1162857,1,1,0,1,1.0,50.0,1.0,16.0,4.0,611M1,13.0,22763.0,2129.0
2874717,2874718,25.0,1162857,2,1,12,4,1.0,50.0,1.0,16.0,4.0,611M1,13.0,22763.0,2129.0
2874718,2874719,24.0,1162858,1,1,0,1,1.0,50.0,1.0,16.0,4.0,611M1,13.0,22758.0,2127.0
2874719,2874720,25.0,1162858,2,1,12,4,1.0,50.0,1.0,16.0,4.0,611M1,13.0,22758.0,2127.0
2874720,2874721,24.0,1162859,1,1,0,1,1.0,50.0,1.0,16.0,4.0,611M1,13.0,22763.0,2129.0
2874721,2874722,25.0,1162859,2,1,12,4,1.0,50.0,1.0,16.0,4.0,611M1,13.0,22763.0,2129.0
2874722,2874723,24.0,1162860,1,1,0,1,1.0,50.0,1.0,16.0,4.0,611M1,13.0,22758.0,2127.0
2874723,2874724,25.0,1162860,2,1,12,4,1.0,50.0,1.0,16.0,4.0,611M1,13.0,22758.0,2127.0
2874724,2874725,24.0,1162861,1,1,0,1,1.0,50.0,1.0,16.0,4.0,611M1,13.0,22763.0,2129.0
2874725,2874726,25.0,1162861,2,1,12,4,1.0,50.0,1.0,16.0,4.0,611M1,13.0,22763.0,2129.0
2874726,2874727,24.0,1162862,1,1,0,1,1.0,50.0,1.0,16.0,4.0,611M1,13.0,22763.0,2129.0
2874727,2874728,25.0,1162862,2,1,12,4,1.0,50.0,1.0,16.0,4.0,611M1,13.0,22763.0,2129.0
2874728,2874729,24.0,1162863,1,1,0,1,1.0,50.0,1.0,16.0,4.0,611M1,13.0,22763.0,2129.0
2874729,2874730,25.0,1162863,2,1,12,4,1.0,50.0,1.0,16.0,4.0,611M1,13.0,22763.0,2129.0
2874730,2874731,24.0,1162864,1,1,0,1,1.0,50.0,1.0,16.0,4.0,611M1,13.0,22763.0,2129.0
2874731,2874732,25.0,1162864,2,1,12,4,1.0,50.0,1.0,16.0,4.0,611M1,13.0,22763.0,2129.0
2874732,2874733,24.0,1162865,1,1,0,1,1.0,50.0,1.0,16.0,4.0,611M1,13.0,22758.0,2127.0
2874733,2874734,25.0,1162865,2,1,12,4,1.0,50.0,1.0,16.0,4.0,611M1,13.0,22758.0,2127.0
2874734,2874735,24.0,1162866,1,1,0,1,1.0,50.0,1.0,16.0,4.0,611M1,13.0,22763.0,2129.0
2874735,2874736,25.0,1162866,2,1,12,4,1.0,50.0,1.0,16.0,4.0,611M1,13.0,22763.0,2129.0
2874736,2874737,24.0,1162867,1,1,0,1,1.0,50.0,1.0,16.0,4.0,611M1,13.0,22758.0,2127.0
2874737,2874738,25.0,1162867,2,1,12,4,1.0,50.0,1.0,16.0,4.0,611M1,13.0,22758.0,2127.0
2874738,2874739,24.0,1162868,1,1,0,1,1.0,50.0,1.0,16.0,4.0,611M1,13.0,22758.0,2127.0
2874739,2874740,25.0,1162868,2,1,12,4,1.0,50.0,1.0,16.0,4.0,611M1,13.0,22758.0,2127.0
2874740,2874741,24.0,1162869,1,1,0,1,1.0,50.0,1.0,16.0,4.0,611M1,13.0,22758.0,2127.0
2874741,2874742,25.0,1162869,2,1,12,4,1.0,50.0,1.0,16.0,4.0,611M1,13.0,22758.0,2127.0
2874742,2874743,24.0,1162870,1,1,0,1,1.0,50.0,1.0,16.0,4.0,611M1,13.0,22763.0,2129.0
2874743,2874744,25.0,1162870,2,1,12,4,1.0,50.0,1.0,16.0,4.0,611M1,13.0,22763.0,2129.0
2874744,2874745,24.0,1162871,1,1,0,1,1.0,50.0,1.0,16.0,4.0,611M1,13.0,22763.0,2129.0
2874745,2874746,25.0,1162871,2,1,12,4,1.0,50.0,1.0,16.0,4.0,611M1,13.0,22763.0,2129.0
2874746,2874747,24.0,1162872,1,1,0,1,1.0,50.0,1.0,16.0,4.0,611M1,13.0,22763.0,2129.0
2874747,2874748,25.0,1162872,2,1,12,4,1.0,50.0,1.0,16.0,4.0,611M1,13.0,22763.0,2129.0
2874748,2874749,23.0,1162873,1,2,0,1,1.0,35.0,1.0,15.0,4.0,2213M,7.0,22763.0,2129.0
2874749,2874750,26.0,1162873,2,1,13,1,1.0,40.0,1.0,15.0,4.0,4411,5.0,22763.0,2129.0
2874750,2874751,23.0,1162874,1,2,0,1,1.0,35.0,1.0,15.0,4.0,2213M,7.0,22758.0,2127.0
2874751,2874752,26.0,1162874,2,1,13,1,1.0,40.0,1.0,15.0,4.0,4411,5.0,22758.0,2127.0
2874752,2874753,23.0,1162875,1,2,0,1,1.0,35.0,1.0,15.0,4.0,2213M,7.0,22763.0,2129.0
2874753,2874754,26.0,1162875,2,1,13,1,1.0,40.0,1.0,15.0,4.0,4411,5.0,22763.0,2129.0
2874754,2874755,24.0,1162876,1,2,0,1,1.0,50.0,1.0,-9.0,4.0,5613,12.0,22758.0,2127.0
2874755,2874756,24.0,1162877,1,2,0,1,1.0,50.0,1.0,-9.0,4.0,5613,12.0,22763.0,2129.0
2874756,2874757,24.0,1162878,1,2,0,1,1.0,50.0,1.0,-9.0,4.0,5613,12.0,22763.0,2129.0
2874757,2874758,24.0,1162879,1,2,0,1,1.0,50.0,1.0,-9.0,4.0,5613,12.0,22758.0,2127.0
2874758,2874759,24.0,1162880,1,2,0,1,1.0,50.0,1.0,-9.0,4.0,5613,12.0,22758.0,2127.0
2874759,2874760,24.0,1162881,1,2,0,1,1.0,50.0,1.0,-9.0,4.0,5613,12.0,22758.0,2127.0
2874760,2874761,24.0,1162882,1,2,0,1,1.0,50.0,1.0,-9.0,4.0,5613,12.0,22763.0,2129.0
2874761,2874762,24.0,1162883,1,2,0,1,1.0,50.0,1.0,-9.0,4.0,5613,12.0,22763.0,2129.0
2874762,2874763,24.0,1162884,1,2,0,1,1.0,50.0,1.0,-9.0,4.0,5613,12.0,22758.0,2127.0
2874763,2874764,24.0,1162885,1,2,0,1,1.0,50.0,1.0,-9.0,4.0,5613,12.0,22763.0,2129.0
2874764,2874765,24.0,1162886,1,2,0,1,1.0,50.0,1.0,-9.0,4.0,5613,12.0,22763.0,2129.0
2874765,2874766,24.0,1162887,1,2,0,1,1.0,50.0,1.0,-9.0,4.0,5613,12.0,22763.0,2129.0
2874766,2874767,24.0,1162888,1,2,0,1,1.0,50.0,1.0,-9.0,4.0,5613,12.0,22763.0,2129.0
2874767,2874768,24.0,1162889,1,2,0,1,1.0,50.0,1.0,-9.0,4.0,5613,12.0,22763.0,2129.0
2874768,2874769,24.0,1162890,1,2,0,1,1.0,50.0,1.0,-9.0,4.0,5613,12.0,22763.0,2129.0
2874769,2874770,24.0,1162891,1,2,0,1,1.0,50.0,1.0,-9.0,4.0,5613,12.0,22758.0,2127.0
2874770,2874771,24.0,1162892,1,2,0,1,1.0,50.0,1.0,-9.0,4.0,5613,12.0,22763.0,2129.0
2874771,2874772,24.0,1162893,1,2,0,1,1.0,50.0,1.0,-9.0,4.0,5613,12.0,22758.0,2127.0
2874772,2874773,24.0,1162894,1,2,0,1,1.0,50.0,1.0,-9.0,4.0,5613,12.0,22763.0,2129.0
2874773,2874774,24.0,1162895,1,2,0,1,1.0,50.0,1.0,-9.0,4.0,5613,12.0,22763.0,2129.0
2874774,2874775,22.0,1162896,1,1,0,1,1.0,55.0,4.0,-9.0,4.0,5416,10.0,22758.0,2127.0
2874775,2874776,22.0,1162897,1,1,0,1,1.0,55.0,4.0,-9.0,4.0,5416,10.0,22758.0,2127.0
2874776,2874777,22.0,1162898,1,1,0,1,1.0,55.0,4.0,-9.0,4.0,5416,10.0,22763.0,2129.0
2874777,2874778,22.0,1162899,1,1,0,1,1.0,55.0,4.0,-9.0,4.0,5416,10.0,22763.0,2129.0
2874778,2874779,22.0,1162900,1,1,0,1,1.0,55.0,4.0,-9.0,4.0,5416,10.0,22763.0,2129.0
2874779,2874780,22.0,1162901,1,1,0,1,1.0,55.0,4.0,-9.0,4.0,5416,10.0,22758.0,2127.0
2874780,2874781,22.0,1162902,1,1,0,1,1.0,55.0,4.0,-9.0,4.0,5416,10.0,22763.0,2129.0
2874781,2874782,22.0,1162903,1,1,0,1,1.0,55.0,4.0,-9.0,4.0,5416,10.0,22758.0,2127.0
2874782,2874783,22.0,1162904,1,1,0,1,1.0,55.0,4.0,-9.0,4.0,5416,10.0,22763.0,2129.0
2874783,2874784,22.0,1162905,1,1,0,1,1.0,55.0,4.0,-9.0,4.0,5416,10.0,22758.0,2127.0
2874784,2874785,22.0,1162906,1,1,0,1,1.0,55.0,4.0,-9.0,4.0,5416,10.0,22758.0,2127.0
2874785,2874786,22.0,1162907,1,1,0,1,1.0,55.0,4.0,-9.0,4.0,5416,10.0,22763.0,2129.0
2874786,2874787,22.0,1162908,1,1,0,1,1.0,55.0,4.0,-9.0,4.0,5416,10.0,22763.0,2129.0
2874787,2874788,22.0,1162909,1,1,0,1,1.0,55.0,4.0,-9.0,4.0,5416,10.0,22758.0,2127.0
2874788,2874789,22.0,1162910,1,1,0,1,1.0,55.0,4.0,-9.0,4.0,5416,10.0,22758.0,2127.0
2874789,2874790,22.0,1162911,1,1,0,1,1.0,55.0,4.0,-9.0,4.0,5416,10.0,22763.0,2129.0
2874790,2874791,22.0,1162912,1,1,0,1,1.0,55.0,4.0,-9.0,4.0,5416,10.0,22758.0,2127.0
2874791,2874792,24.0,1162913,1,2,0,1,1.0,9.0,6.0,16.0,4.0,611M1,13.0,22763.0,2129.0
2874792,2874793,23.0,1162914,1,2,0,1,1.0,40.0,5.0,-9.0,4.0,611M1,13.0,22763.0,2129.0
2874793,2874794,21.0,1162915,1,2,0,1,1.0,20.0,1.0,15.0,4.0,611M1,13.0,22763.0,2129.0
2874794,2874795,22.0,1162916,1,2,0,1,1.0,6.0,4.0,16.0,4.0,611M1,13.0,22758.0,2127.0
2874795,2874796,21.0,1162917,1,2,0,1,1.0,6.0,1.0,15.0,4.0,611M3,13.0,22763.0,2129.0
2874796,2874797,24.0,1162918,1,2,0,1,1.0,9.0,6.0,16.0,4.0,611M1,13.0,22763.0,2129.0
2874797,2874798,21.0,1162919,1,2,0,1,1.0,20.0,1.0,15.0,4.0,611M1,13.0,22758.0,2127.0
2874798,2874799,21.0,1162920,1,2,0,1,1.0,6.0,1.0,15.0,4.0,611M3,13.0,22763.0,2129.0
2874799,2874800,22.0,1162921,1,2,0,1,1.0,15.0,2.0,16.0,4.0,611M1,13.0,22763.0,2129.0
2874800,2874801,22.0,1162922,1,2,0,1,1.0,15.0,2.0,16.0,4.0,611M1,13.0,22763.0,2129.0
2874801,2874802,24.0,1162923,1,2,0,1,1.0,9.0,6.0,16.0,4.0,611M1,13.0,22763.0,2129.0
2874802,2874803,21.0,1162924,1,2,0,1,1.0,6.0,1.0,15.0,4.0,611M3,13.0,22763.0,2129.0
2874803,2874804,22.0,1162925,1,2,0,1,1.0,15.0,2.0,16.0,4.0,611M1,13.0,22763.0,2129.0
2874804,2874805,21.0,1162926,1,2,0,1,1.0,20.0,1.0,15.0,4.0,611M1,13.0,22763.0,2129.0
2874805,2874806,21.0,1162927,1,2,0,1,1.0,20.0,1.0,15.0,4.0,611M1,13.0,22763.0,2129.0
2874806,2874807,23.0,1162928,1,2,0,1,1.0,40.0,5.0,-9.0,4.0,611M1,13.0,22763.0,2129.0
2874807,2874808,23.0,1162929,1,2,0,1,1.0,35.0,1.0,16.0,4.0,611M1,13.0,22758.0,2127.0
2874808,2874809,22.0,1162930,1,2,0,1,1.0,15.0,2.0,16.0,4.0,611M1,13.0,22763.0,2129.0
2874809,2874810,21.0,1162931,1,2,0,1,1.0,6.0,1.0,15.0,4.0,611M3,13.0,22758.0,2127.0
2874810,2874811,21.0,1162932,1,2,0,1,1.0,20.0,1.0,15.0,4.0,611M1,13.0,22763.0,2129.0
2874811,2874812,23.0,1162933,1,2,0,1,1.0,35.0,1.0,16.0,4.0,611M1,13.0,22763.0,2129.0
2874812,2874813,24.0,1162934,1,2,0,1,1.0,9.0,6.0,16.0,4.0,611M1,13.0,22763.0,2129.0
2874813,2874814,21.0,1162935,1,2,0,1,1.0,6.0,1.0,15.0,4.0,611M3,13.0,22763.0,2129.0
2874814,2874815,21.0,1162936,1,2,0,1,1.0,6.0,1.0,15.0,4.0,611M3,13.0,22763.0,2129.0
2874815,2874816,23.0,1162937,1,2,0,1,1.0,40.0,5.0,-9.0,4.0,611M1,13.0,22763.0,2129.0
2874816,2874817,23.0,1162938,1,2,0,1,1.0,40.0,5.0,-9.0,4.0,611M1,13.0,22758.0,2127.0
2874817,2874818,21.0,1162939,1,2,0,1,1.0,20.0,1.0,15.0,4.0,611M1,13.0,22763.0,2129.0
2874818,2874819,23.0,1162940,1,2,0,1,1.0,35.0,1.0,16.0,4.0,611M1,13.0,22763.0,2129.0
2874819,2874820,21.0,1162941,1,2,0,1,1.0,6.0,1.0,15.0,4.0,611M3,13.0,22758.0,2127.0
2874820,2874821,21.0,1162942,1,2,0,1,1.0,10.0,3.0,15.0,4.0,611M1,13.0,22763.0,2129.0
2874821,2874822,21.0,1162943,1,2,0,1,1.0,20.0,1.0,15.0,4.0,611M1,13.0,22763.0,2129.0
2874822,2874823,22.0,1162944,1,2,0,1,1.0,15.0,2.0,16.0,4.0,611M1,13.0,22758.0,2127.0
2874823,2874824,21.0,1162945,1,2,0,1,1.0,20.0,1.0,15.0,4.0,611M1,13.0,22758.0,2127.0
2874824,2874825,21.0,1162946,1,2,0,1,1.0,6.0,1.0,15.0,4.0,611M3,13.0,22763.0,2129.0
2874825,2874826,24.0,1162947,1,2,0,1,1.0,9.0,6.0,16.0,4.0,611M1,13.0,22763.0,2129.0
2874826,2874827,23.0,1162948,1,2,0,1,1.0,40.0,5.0,-9.0,4.0,611M1,13.0,22763.0,2129.0
2874827,2874828,23.0,1162949,1,2,0,1,1.0,40.0,5.0,-9.0,4.0,611M1,13.0,22758.0,2127.0
2874828,2874829,23.0,1162950,1,2,0,1,1.0,40.0,5.0,-9.0,4.0,611M1,13.0,22763.0,2129.0
2874829,2874830,23.0,1162951,1,2,0,1,1.0,40.0,5.0,-9.0,4.0,611M1,13.0,22763.0,2129.0
2874830,2874831,21.0,1162952,1,2,0,1,1.0,20.0,1.0,15.0,4.0,611M1,13.0,22763.0,2129.0
2874831,2874832,23.0,1162953,1,2,0,1,1.0,35.0,1.0,16.0,4.0,611M1,13.0,22763.0,2129.0
2874832,2874833,23.0,1162954,1,2,0,1,1.0,35.0,1.0,16.0,4.0,611M1,13.0,22758.0,2127.0
2874833,2874834,21.0,1162955,1,2,0,1,1.0,6.0,1.0,15.0,4.0,611M3,13.0,22763.0,2129.0
2874834,2874835,21.0,1162956,1,2,0,1,1.0,6.0,1.0,15.0,4.0,611M3,13.0,22758.0,2127.0
2874835,2874836,23.0,1162957,1,2,0,1,1.0,40.0,5.0,-9.0,4.0,611M1,13.0,22763.0,2129.0
2874836,2874837,23.0,1162958,1,2,0,1,1.0,35.0,1.0,16.0,4.0,611M1,13.0,22763.0,2129.0
2874837,2874838,21.0,1162959,1,2,0,1,1.0,6.0,1.0,15.0,4.0,611M3,13.0,22763.0,2129.0
2874838,2874839,22.0,1162960,1,2,0,1,1.0,6.0,4.0,16.0,4.0,611M1,13.0,22763.0,2129.0
2874839,2874840,21.0,1162961,1,2,0,1,1.0,20.0,1.0,15.0,4.0,611M1,13.0,22763.0,2129.0
2874840,2874841,21.0,1162962,1,2,0,1,1.0,6.0,1.0,15.0,4.0,611M3,13.0,22763.0,2129.0
2874841,2874842,21.0,1162963,1,2,0,1,1.0,20.0,1.0,15.0,4.0,611M1,13.0,22763.0,2129.0
2874842,2874843,23.0,1162964,1,1,0,1,1.0,50.0,1.0,16.0,4.0,611M1,13.0,22758.0,2127.0
2874843,2874844,24.0,1162965,1,1,0,1,1.0,8.0,4.0,15.0,4.0,611M1,13.0,22758.0,2127.0
2874844,2874845,20.0,1162966,1,1,0,1,1.0,6.0,4.0,15.0,4.0,6111,13.0,22763.0,2129.0
2874845,2874846,20.0,1162967,1,1,0,1,1.0,20.0,5.0,15.0,4.0,611M1,13.0,22758.0,2127.0
2874846,2874847,24.0,1162968,1,1,0,1,1.0,8.0,4.0,15.0,4.0,611M1,13.0,22758.0,2127.0
2874847,2874848,20.0,1162969,1,1,0,1,1.0,6.0,4.0,15.0,4.0,6111,13.0,22758.0,2127.0
2874848,2874849,20.0,1162970,1,1,0,1,1.0,20.0,5.0,15.0,4.0,611M1,13.0,22758.0,2127.0
2874849,2874850,24.0,1162971,1,1,0,1,1.0,8.0,4.0,15.0,4.0,611M1,13.0,22758.0,2127.0
2874850,2874851,20.0,1162972,1,1,0,1,1.0,6.0,4.0,15.0,4.0,6111,13.0,22763.0,2129.0
2874851,2874852,20.0,1162973,1,1,0,1,1.0,20.0,5.0,15.0,4.0,611M1,13.0,22763.0,2129.0
2874852,2874853,20.0,1162974,1,1,0,1,1.0,6.0,4.0,15.0,4.0,6111,13.0,22758.0,2127.0
2874853,2874854,20.0,1162975,1,1,0,1,1.0,20.0,5.0,15.0,4.0,611M1,13.0,22763.0,2129.0
2874854,2874855,23.0,1162976,1,1,0,1,1.0,50.0,1.0,16.0,4.0,611M1,13.0,22758.0,2127.0
2874855,2874856,24.0,1162977,1,1,0,1,1.0,50.0,4.0,15.0,4.0,336M,3.0,22758.0,2127.0
2874856,2874857,23.0,1162978,1,2,0,1,6.0,-9.0,-9.0,15.0,4.0,623M,14.0,22763.0,2129.0
2874857,2874858,23.0,1162979,1,2,0,1,6.0,-9.0,-9.0,15.0,4.0,623M,14.0,22763.0,2129.0
2874858,2874859,23.0,1162980,1,2,0,1,6.0,-9.0,-9.0,15.0,4.0,623M,14.0,22763.0,2129.0
2874859,2874860,23.0,1162981,1,2,0,1,6.0,-9.0,-9.0,15.0,4.0,623M,14.0,22763.0,2129.0
2874860,2874861,23.0,1162982,1,2,0,1,6.0,-9.0,-9.0,15.0,4.0,623M,14.0,22763.0,2129.0
2874861,2874862,23.0,1162983,1,2,0,1,6.0,-9.0,-9.0,15.0,4.0,623M,14.0,22763.0,2129.0
2874862,2874863,23.0,1162984,1,2,0,1,6.0,-9.0,-9.0,15.0,4.0,623M,14.0,22758.0,2127.0
2874863,2874864,23.0,1162985,1,2,0,1,6.0,-9.0,-9.0,15.0,4.0,623M,14.0,22763.0,2129.0
2874864,2874865,23.0,1162986,1,2,0,1,6.0,-9.0,-9.0,15.0,4.0,623M,14.0,22758.0,2127.0
2874865,2874866,23.0,1162987,1,2,0,1,6.0,-9.0,-9.0,15.0,4.0,623M,14.0,22763.0,2129.0
2874866,2874867,23.0,1162988,1,2,0,1,6.0,-9.0,-9.0,15.0,4.0,623M,14.0,22758.0,2127.0
2874867,2874868,23.0,1162989,1,2,0,1,6.0,-9.0,-9.0,15.0,4.0,623M,14.0,22758.0,2127.0
2874868,2874869,23.0,1162990,1,2,0,1,6.0,-9.0,-9.0,15.0,4.0,623M,14.0,22763.0,2129.0
2874869,2874870,23.0,1162991,1,2,0,1,6.0,-9.0,-9.0,15.0,4.0,623M,14.0,22758.0,2127.0
2874870,2874871,23.0,1162992,1,2,0,1,6.0,-9.0,-9.0,15.0,4.0,623M,14.0,22758.0,2127.0
2874871,2874872,23.0,1162993,1,2,0,1,6.0,-9.0,-9.0,15.0,4.0,623M,14.0,22763.0,2129.0
2874872,2874873,94.0,1162994,1,2,0,4,6.0,-9.0,-9.0,-9.0,2.0,-9,0.0,22759.0,2128.0
2874873,2874874,85.0,1162995,1,2,0,4,6.0,-9.0,-9.0,-9.0,4.0,-9,0.0,22760.0,2128.0
2874874,2874875,85.0,1162996,1,2,0,4,6.0,-9.0,-9.0,-9.0,4.0,-9,0.0,22761.0,2128.0
2874875,2874876,89.0,1162997,1,2,0,4,6.0,-9.0,-9.0,-9.0,4.0,-9,0.0,22760.0,2128.0
2874876,2874877,85.0,1162998,1,2,0,4,6.0,-9.0,-9.0,-9.0,4.0,-9,0.0,22758.0,2127.0
2874877,2874878,81.0,1162999,1,2,0,1,6.0,-9.0,-9.0,-9.0,4.0,-9,0.0,22759.0,2128.0
2874878,2874879,46.0,1163000,1,2,0,4,1.0,60.0,2.0,-9.0,4.0,812112,17.0,22759.0,2128.0
2874879,2874880,18.0,1163000,2,1,2,4,6.0,-9.0,-9.0,15.0,4.0,-9,0.0,22759.0,2128.0
2874880,2874881,46.0,1163001,1,2,0,4,1.0,60.0,2.0,-9.0,4.0,812112,17.0,22760.0,2128.0
2874881,2874882,18.0,1163001,2,1,2,4,6.0,-9.0,-9.0,15.0,4.0,-9,0.0,22760.0,2128.0
2874882,2874883,46.0,1163002,1,2,0,4,1.0,60.0,2.0,-9.0,4.0,812112,17.0,22760.0,2128.0
2874883,2874884,18.0,1163002,2,1,2,4,6.0,-9.0,-9.0,15.0,4.0,-9,0.0,22760.0,2128.0
2874884,2874885,46.0,1163003,1,2,0,4,1.0,60.0,2.0,-9.0,4.0,812112,17.0,22761.0,2128.0
2874885,2874886,18.0,1163003,2,1,2,4,6.0,-9.0,-9.0,15.0,4.0,-9,0.0,22761.0,2128.0
2874886,2874887,49.0,1163004,1,1,0,1,1.0,40.0,1.0,-9.0,4.0,5417,10.0,22761.0,2128.0
2874887,2874888,52.0,1163004,2,2,1,1,1.0,30.0,1.0,-9.0,4.0,6111,13.0,22761.0,2128.0
2874888,2874889,18.0,1163004,3,2,2,1,6.0,-9.0,-9.0,14.0,4.0,-9,0.0,22761.0,2128.0
2874889,2874890,18.0,1163004,4,2,2,1,6.0,-9.0,-9.0,14.0,4.0,-9,0.0,22761.0,2128.0
2874890,2874891,49.0,1163005,1,1,0,1,1.0,40.0,1.0,-9.0,4.0,5417,10.0,22760.0,2128.0
2874891,2874892,52.0,1163005,2,2,1,1,1.0,30.0,1.0,-9.0,4.0,6111,13.0,22760.0,2128.0
2874892,2874893,18.0,1163005,3,2,2,1,6.0,-9.0,-9.0,14.0,4.0,-9,0.0,22760.0,2128.0
2874893,2874894,18.0,1163005,4,2,2,1,6.0,-9.0,-9.0,14.0,4.0,-9,0.0,22760.0,2128.0
2874894,2874895,49.0,1163006,1,1,0,1,1.0,40.0,1.0,-9.0,4.0,5417,10.0,22760.0,2128.0
2874895,2874896,52.0,1163006,2,2,1,1,1.0,30.0,1.0,-9.0,4.0,6111,13.0,22760.0,2128.0
2874896,2874897,18.0,1163006,3,2,2,1,6.0,-9.0,-9.0,14.0,4.0,-9,0.0,22760.0,2128.0
2874897,2874898,18.0,1163006,4,2,2,1,6.0,-9.0,-9.0,14.0,4.0,-9,0.0,22760.0,2128.0
2874898,2874899,54.0,1163007,1,2,0,1,1.0,50.0,1.0,-9.0,4.0,611M1,13.0,22760.0,2128.0
2874899,2874900,54.0,1163007,2,1,1,1,1.0,60.0,1.0,-9.0,4.0,611M1,13.0,22760.0,2128.0
2874900,2874901,22.0,1163007,3,2,2,1,1.0,42.0,1.0,-9.0,4.0,5121,8.0,22760.0,2128.0
2874901,2874902,23.0,1163007,4,2,15,1,1.0,30.0,1.0,-9.0,4.0,611M1,13.0,22760.0,2128.0
2874902,2874903,54.0,1163008,1,2,0,1,1.0,50.0,1.0,-9.0,4.0,611M1,13.0,22761.0,2128.0
2874903,2874904,54.0,1163008,2,1,1,1,1.0,60.0,1.0,-9.0,4.0,611M1,13.0,22761.0,2128.0
2874904,2874905,22.0,1163008,3,2,2,1,1.0,42.0,1.0,-9.0,4.0,5121,8.0,22761.0,2128.0
2874905,2874906,23.0,1163008,4,2,15,1,1.0,30.0,1.0,-9.0,4.0,611M1,13.0,22761.0,2128.0
2874906,2874907,54.0,1163009,1,2,0,1,1.0,50.0,1.0,-9.0,4.0,611M1,13.0,22759.0,2128.0
2874907,2874908,54.0,1163009,2,1,1,1,1.0,60.0,1.0,-9.0,4.0,611M1,13.0,22759.0,2128.0
2874908,2874909,22.0,1163009,3,2,2,1,1.0,42.0,1.0,-9.0,4.0,5121,8.0,22759.0,2128.0
2874909,2874910,23.0,1163009,4,2,15,1,1.0,30.0,1.0,-9.0,4.0,611M1,13.0,22759.0,2128.0
2874910,2874911,54.0,1163010,1,2,0,1,1.0,50.0,1.0,-9.0,4.0,611M1,13.0,22759.0,2128.0
2874911,2874912,54.0,1163010,2,1,1,1,1.0,60.0,1.0,-9.0,4.0,611M1,13.0,22759.0,2128.0
2874912,2874913,22.0,1163010,3,2,2,1,1.0,42.0,1.0,-9.0,4.0,5121,8.0,22759.0,2128.0
2874913,2874914,23.0,1163010,4,2,15,1,1.0,30.0,1.0,-9.0,4.0,611M1,13.0,22759.0,2128.0
2874914,2874915,54.0,1163011,1,2,0,1,1.0,50.0,1.0,-9.0,4.0,611M1,13.0,22759.0,2128.0
2874915,2874916,54.0,1163011,2,1,1,1,1.0,60.0,1.0,-9.0,4.0,611M1,13.0,22759.0,2128.0
2874916,2874917,22.0,1163011,3,2,2,1,1.0,42.0,1.0,-9.0,4.0,5121,8.0,22759.0,2128.0
2874917,2874918,23.0,1163011,4,2,15,1,1.0,30.0,1.0,-9.0,4.0,611M1,13.0,22759.0,2128.0
2874918,2874919,49.0,1163012,1,2,0,1,1.0,40.0,1.0,-9.0,4.0,622M,15.0,22760.0,2128.0
2874919,2874920,50.0,1163012,2,1,1,1,1.0,40.0,1.0,-9.0,4.0,621M,14.0,22760.0,2128.0
2874920,2874921,23.0,1163012,3,1,2,1,1.0,30.0,4.0,-9.0,4.0,23,2.0,22760.0,2128.0
2874921,2874922,49.0,1163013,1,2,0,1,1.0,40.0,1.0,-9.0,4.0,622M,15.0,22760.0,2128.0
2874922,2874923,50.0,1163013,2,1,1,1,1.0,40.0,1.0,-9.0,4.0,621M,14.0,22760.0,2128.0
2874923,2874924,23.0,1163013,3,1,2,1,1.0,30.0,4.0,-9.0,4.0,23,2.0,22760.0,2128.0
2874924,2874925,49.0,1163014,1,2,0,1,1.0,40.0,1.0,-9.0,4.0,622M,15.0,22760.0,2128.0
2874925,2874926,50.0,1163014,2,1,1,1,1.0,40.0,1.0,-9.0,4.0,621M,14.0,22760.0,2128.0
2874926,2874927,23.0,1163014,3,1,2,1,1.0,30.0,4.0,-9.0,4.0,23,2.0,22760.0,2128.0
2874927,2874928,49.0,1163015,1,2,0,1,1.0,40.0,1.0,-9.0,4.0,622M,15.0,22760.0,2128.0
2874928,2874929,50.0,1163015,2,1,1,1,1.0,40.0,1.0,-9.0,4.0,621M,14.0,22760.0,2128.0
2874929,2874930,23.0,1163015,3,1,2,1,1.0,30.0,4.0,-9.0,4.0,23,2.0,22760.0,2128.0
2874930,2874931,26.0,1163016,1,2,0,4,1.0,40.0,3.0,16.0,4.0,611M1,13.0,22759.0,2128.0
2874931,2874932,24.0,1163016,2,2,12,4,6.0,-9.0,-9.0,16.0,4.0,-9,0.0,22759.0,2128.0
2874932,2874933,26.0,1163017,1,2,0,4,1.0,40.0,3.0,16.0,4.0,611M1,13.0,22761.0,2128.0
2874933,2874934,24.0,1163017,2,2,12,4,6.0,-9.0,-9.0,16.0,4.0,-9,0.0,22761.0,2128.0
2874934,2874935,40.0,1163018,1,1,0,4,1.0,20.0,1.0,16.0,4.0,611M1,13.0,22760.0,2128.0
2874935,2874936,23.0,1163018,2,1,12,1,6.0,-9.0,-9.0,16.0,4.0,-9,0.0,22760.0,2128.0
2874936,2874937,40.0,1163019,1,1,0,4,1.0,20.0,1.0,16.0,4.0,611M1,13.0,22760.0,2128.0
2874937,2874938,23.0,1163019,2,1,12,1,6.0,-9.0,-9.0,16.0,4.0,-9,0.0,22760.0,2128.0
2874938,2874939,40.0,1163020,1,1,0,4,1.0,20.0,1.0,16.0,4.0,611M1,13.0,22759.0,2128.0
2874939,2874940,23.0,1163020,2,1,12,1,6.0,-9.0,-9.0,16.0,4.0,-9,0.0,22759.0,2128.0
2874940,2874941,40.0,1163021,1,1,0,4,1.0,20.0,1.0,16.0,4.0,611M1,13.0,22759.0,2128.0
2874941,2874942,23.0,1163021,2,1,12,1,6.0,-9.0,-9.0,16.0,4.0,-9,0.0,22759.0,2128.0
2874942,2874943,40.0,1163022,1,1,0,4,1.0,20.0,1.0,16.0,4.0,611M1,13.0,22759.0,2128.0
2874943,2874944,23.0,1163022,2,1,12,1,6.0,-9.0,-9.0,16.0,4.0,-9,0.0,22759.0,2128.0
2874944,2874945,40.0,1163023,1,1,0,4,1.0,20.0,1.0,16.0,4.0,611M1,13.0,22759.0,2128.0
2874945,2874946,23.0,1163023,2,1,12,1,6.0,-9.0,-9.0,16.0,4.0,-9,0.0,22759.0,2128.0
2874946,2874947,40.0,1163024,1,1,0,4,1.0,20.0,1.0,16.0,4.0,611M1,13.0,22760.0,2128.0
2874947,2874948,23.0,1163024,2,1,12,1,6.0,-9.0,-9.0,16.0,4.0,-9,0.0,22760.0,2128.0
2874948,2874949,40.0,1163025,1,1,0,4,1.0,20.0,1.0,16.0,4.0,611M1,13.0,22760.0,2128.0
2874949,2874950,23.0,1163025,2,1,12,1,6.0,-9.0,-9.0,16.0,4.0,-9,0.0,22760.0,2128.0
2874950,2874951,40.0,1163026,1,1,0,4,1.0,20.0,1.0,16.0,4.0,611M1,13.0,22759.0,2128.0
2874951,2874952,23.0,1163026,2,1,12,1,6.0,-9.0,-9.0,16.0,4.0,-9,0.0,22759.0,2128.0
2874952,2874953,25.0,1163027,1,1,0,4,1.0,40.0,1.0,16.0,4.0,611M1,13.0,22759.0,2128.0
2874953,2874954,22.0,1163027,2,1,12,4,6.0,-9.0,-9.0,15.0,4.0,-9,0.0,22759.0,2128.0
2874954,2874955,25.0,1163028,1,1,0,4,2.0,15.0,5.0,16.0,4.0,611M1,13.0,22760.0,2128.0
2874955,2874956,24.0,1163028,2,1,12,4,6.0,20.0,5.0,16.0,4.0,611M1,13.0,22760.0,2128.0
2874956,2874957,25.0,1163029,1,1,0,4,2.0,15.0,5.0,16.0,4.0,611M1,13.0,22760.0,2128.0
2874957,2874958,24.0,1163029,2,1,12,4,6.0,20.0,5.0,16.0,4.0,611M1,13.0,22760.0,2128.0
2874958,2874959,26.0,1163030,1,1,0,4,1.0,40.0,2.0,-9.0,4.0,333MS,3.0,22760.0,2128.0
2874959,2874960,24.0,1163030,2,1,5,4,6.0,-9.0,-9.0,16.0,4.0,-9,0.0,22760.0,2128.0
2874960,2874961,26.0,1163031,1,1,0,4,1.0,40.0,2.0,-9.0,4.0,333MS,3.0,22760.0,2128.0
2874961,2874962,24.0,1163031,2,1,5,4,6.0,-9.0,-9.0,16.0,4.0,-9,0.0,22760.0,2128.0
2874962,2874963,26.0,1163032,1,1,0,4,1.0,40.0,2.0,-9.0,4.0,333MS,3.0,22760.0,2128.0
2874963,2874964,24.0,1163032,2,1,5,4,6.0,-9.0,-9.0,16.0,4.0,-9,0.0,22760.0,2128.0
2874964,2874965,26.0,1163033,1,1,0,4,1.0,40.0,2.0,-9.0,4.0,333MS,3.0,22760.0,2128.0
2874965,2874966,24.0,1163033,2,1,5,4,6.0,-9.0,-9.0,16.0,4.0,-9,0.0,22760.0,2128.0
2874966,2874967,26.0,1163034,1,1,0,4,1.0,40.0,2.0,-9.0,4.0,333MS,3.0,22760.0,2128.0
2874967,2874968,24.0,1163034,2,1,5,4,6.0,-9.0,-9.0,16.0,4.0,-9,0.0,22760.0,2128.0
2874968,2874969,26.0,1163035,1,1,0,4,1.0,40.0,2.0,-9.0,4.0,333MS,3.0,22759.0,2128.0
2874969,2874970,24.0,1163035,2,1,5,4,6.0,-9.0,-9.0,16.0,4.0,-9,0.0,22759.0,2128.0
2874970,2874971,26.0,1163036,1,1,0,4,1.0,40.0,2.0,-9.0,4.0,333MS,3.0,22760.0,2128.0
2874971,2874972,24.0,1163036,2,1,5,4,6.0,-9.0,-9.0,16.0,4.0,-9,0.0,22760.0,2128.0
2874972,2874973,26.0,1163037,1,1,0,4,1.0,40.0,2.0,-9.0,4.0,333MS,3.0,22760.0,2128.0
2874973,2874974,24.0,1163037,2,1,5,4,6.0,-9.0,-9.0,16.0,4.0,-9,0.0,22760.0,2128.0
2874974,2874975,26.0,1163038,1,1,0,4,1.0,40.0,2.0,-9.0,4.0,333MS,3.0,22761.0,2128.0
2874975,2874976,24.0,1163038,2,1,5,4,6.0,-9.0,-9.0,16.0,4.0,-9,0.0,22761.0,2128.0
2874976,2874977,26.0,1163039,1,1,0,4,1.0,40.0,2.0,-9.0,4.0,333MS,3.0,22760.0,2128.0
2874977,2874978,24.0,1163039,2,1,5,4,6.0,-9.0,-9.0,16.0,4.0,-9,0.0,22760.0,2128.0
2874978,2874979,26.0,1163040,1,1,0,4,1.0,40.0,2.0,-9.0,4.0,333MS,3.0,22759.0,2128.0
2874979,2874980,24.0,1163040,2,1,5,4,6.0,-9.0,-9.0,16.0,4.0,-9,0.0,22759.0,2128.0
2874980,2874981,26.0,1163041,1,1,0,4,1.0,40.0,2.0,-9.0,4.0,333MS,3.0,22761.0,2128.0
2874981,2874982,24.0,1163041,2,1,5,4,6.0,-9.0,-9.0,16.0,4.0,-9,0.0,22761.0,2128.0
2874982,2874983,26.0,1163042,1,1,0,4,1.0,40.0,2.0,-9.0,4.0,333MS,3.0,22760.0,2128.0
2874983,2874984,24.0,1163042,2,1,5,4,6.0,-9.0,-9.0,16.0,4.0,-9,0.0,22760.0,2128.0
2874984,2874985,26.0,1163043,1,1,0,4,1.0,40.0,2.0,-9.0,4.0,333MS,3.0,22759.0,2128.0
2874985,2874986,24.0,1163043,2,1,5,4,6.0,-9.0,-9.0,16.0,4.0,-9,0.0,22759.0,2128.0
2874986,2874987,26.0,1163044,1,1,0,4,1.0,40.0,2.0,-9.0,4.0,333MS,3.0,22759.0,2128.0
2874987,2874988,24.0,1163044,2,1,5,4,6.0,-9.0,-9.0,16.0,4.0,-9,0.0,22759.0,2128.0
2874988,2874989,26.0,1163045,1,1,0,4,1.0,40.0,2.0,-9.0,4.0,333MS,3.0,22760.0,2128.0
2874989,2874990,24.0,1163045,2,1,5,4,6.0,-9.0,-9.0,16.0,4.0,-9,0.0,22760.0,2128.0
2874990,2874991,26.0,1163046,1,1,0,4,1.0,40.0,2.0,-9.0,4.0,333MS,3.0,22760.0,2128.0
2874991,2874992,24.0,1163046,2,1,5,4,6.0,-9.0,-9.0,16.0,4.0,-9,0.0,22760.0,2128.0
2874992,2874993,26.0,1163047,1,1,0,4,1.0,40.0,2.0,-9.0,4.0,333MS,3.0,22760.0,2128.0
2874993,2874994,24.0,1163047,2,1,5,4,6.0,-9.0,-9.0,16.0,4.0,-9,0.0,22760.0,2128.0
2874994,2874995,26.0,1163048,1,1,0,4,1.0,40.0,2.0,-9.0,4.0,333MS,3.0,22760.0,2128.0
2874995,2874996,24.0,1163048,2,1,5,4,6.0,-9.0,-9.0,16.0,4.0,-9,0.0,22760.0,2128.0
2874996,2874997,26.0,1163049,1,1,0,4,1.0,40.0,2.0,-9.0,4.0,333MS,3.0,22760.0,2128.0
2874997,2874998,24.0,1163049,2,1,5,4,6.0,-9.0,-9.0,16.0,4.0,-9,0.0,22760.0,2128.0
2874998,2874999,26.0,1163050,1,1,0,4,1.0,40.0,2.0,-9.0,4.0,333MS,3.0,22760.0,2128.0
2874999,2875000,24.0,1163050,2,1,5,4,6.0,-9.0,-9.0,16.0,4.0,-9,0.0,22760.0,2128.0
2875000,2875001,26.0,1163051,1,1,0,4,1.0,40.0,2.0,-9.0,4.0,333MS,3.0,22760.0,2128.0
2875001,2875002,24.0,1163051,2,1,5,4,6.0,-9.0,-9.0,16.0,4.0,-9,0.0,22760.0,2128.0
2875002,2875003,26.0,1163052,1,1,0,4,1.0,40.0,2.0,-9.0,4.0,333MS,3.0,22760.0,2128.0
2875003,2875004,24.0,1163052,2,1,5,4,6.0,-9.0,-9.0,16.0,4.0,-9,0.0,22760.0,2128.0
2875004,2875005,26.0,1163053,1,1,0,4,1.0,40.0,2.0,-9.0,4.0,333MS,3.0,22760.0,2128.0
2875005,2875006,24.0,1163053,2,1,5,4,6.0,-9.0,-9.0,16.0,4.0,-9,0.0,22760.0,2128.0
2875006,2875007,26.0,1163054,1,1,0,4,1.0,40.0,2.0,-9.0,4.0,333MS,3.0,22761.0,2128.0
2875007,2875008,24.0,1163054,2,1,5,4,6.0,-9.0,-9.0,16.0,4.0,-9,0.0,22761.0,2128.0
2875008,2875009,26.0,1163055,1,1,0,4,1.0,40.0,2.0,-9.0,4.0,333MS,3.0,22761.0,2128.0
2875009,2875010,24.0,1163055,2,1,5,4,6.0,-9.0,-9.0,16.0,4.0,-9,0.0,22761.0,2128.0
2875010,2875011,26.0,1163056,1,1,0,4,1.0,40.0,2.0,-9.0,4.0,333MS,3.0,22760.0,2128.0
2875011,2875012,24.0,1163056,2,1,5,4,6.0,-9.0,-9.0,16.0,4.0,-9,0.0,22760.0,2128.0
2875012,2875013,26.0,1163057,1,1,0,4,1.0,40.0,2.0,-9.0,4.0,333MS,3.0,22761.0,2128.0
2875013,2875014,24.0,1163057,2,1,5,4,6.0,-9.0,-9.0,16.0,4.0,-9,0.0,22761.0,2128.0
2875014,2875015,26.0,1163058,1,1,0,4,1.0,40.0,2.0,-9.0,4.0,333MS,3.0,22759.0,2128.0
2875015,2875016,24.0,1163058,2,1,5,4,6.0,-9.0,-9.0,16.0,4.0,-9,0.0,22759.0,2128.0
2875016,2875017,26.0,1163059,1,1,0,4,1.0,40.0,2.0,-9.0,4.0,333MS,3.0,22759.0,2128.0
2875017,2875018,24.0,1163059,2,1,5,4,6.0,-9.0,-9.0,16.0,4.0,-9,0.0,22759.0,2128.0
2875018,2875019,26.0,1163060,1,1,0,4,1.0,40.0,2.0,-9.0,4.0,333MS,3.0,22759.0,2128.0
2875019,2875020,24.0,1163060,2,1,5,4,6.0,-9.0,-9.0,16.0,4.0,-9,0.0,22759.0,2128.0
2875020,2875021,26.0,1163061,1,1,0,4,1.0,40.0,2.0,-9.0,4.0,333MS,3.0,22760.0,2128.0
2875021,2875022,24.0,1163061,2,1,5,4,6.0,-9.0,-9.0,16.0,4.0,-9,0.0,22760.0,2128.0
2875022,2875023,26.0,1163062,1,1,0,4,1.0,40.0,2.0,-9.0,4.0,333MS,3.0,22761.0,2128.0
2875023,2875024,24.0,1163062,2,1,5,4,6.0,-9.0,-9.0,16.0,4.0,-9,0.0,22761.0,2128.0
2875024,2875025,26.0,1163063,1,1,0,4,1.0,40.0,2.0,-9.0,4.0,333MS,3.0,22760.0,2128.0
2875025,2875026,24.0,1163063,2,1,5,4,6.0,-9.0,-9.0,16.0,4.0,-9,0.0,22760.0,2128.0
2875026,2875027,26.0,1163064,1,1,0,4,1.0,40.0,2.0,-9.0,4.0,333MS,3.0,22759.0,2128.0
2875027,2875028,24.0,1163064,2,1,5,4,6.0,-9.0,-9.0,16.0,4.0,-9,0.0,22759.0,2128.0
2875028,2875029,26.0,1163065,1,1,0,4,1.0,40.0,2.0,-9.0,4.0,333MS,3.0,22760.0,2128.0
2875029,2875030,24.0,1163065,2,1,5,4,6.0,-9.0,-9.0,16.0,4.0,-9,0.0,22760.0,2128.0
2875030,2875031,26.0,1163066,1,1,0,4,1.0,40.0,2.0,-9.0,4.0,333MS,3.0,22761.0,2128.0
2875031,2875032,24.0,1163066,2,1,5,4,6.0,-9.0,-9.0,16.0,4.0,-9,0.0,22761.0,2128.0
2875032,2875033,26.0,1163067,1,1,0,4,1.0,40.0,2.0,-9.0,4.0,333MS,3.0,22758.0,2127.0
2875033,2875034,24.0,1163067,2,1,5,4,6.0,-9.0,-9.0,16.0,4.0,-9,0.0,22758.0,2127.0
2875034,2875035,26.0,1163068,1,1,0,4,1.0,40.0,2.0,-9.0,4.0,333MS,3.0,22760.0,2128.0
2875035,2875036,24.0,1163068,2,1,5,4,6.0,-9.0,-9.0,16.0,4.0,-9,0.0,22760.0,2128.0
2875036,2875037,26.0,1163069,1,2,0,1,1.0,60.0,1.0,16.0,4.0,611M1,13.0,22763.0,2129.0
2875037,2875038,28.0,1163069,2,2,12,1,1.0,30.0,6.0,16.0,4.0,611M1,13.0,22763.0,2129.0
2875038,2875039,28.0,1163069,3,1,12,2,1.0,40.0,1.0,-9.0,4.0,5617Z,12.0,22763.0,2129.0
2875039,2875040,24.0,1163069,4,2,12,1,1.0,70.0,1.0,16.0,4.0,611M1,13.0,22763.0,2129.0
2875040,2875041,26.0,1163070,1,2,0,1,1.0,60.0,1.0,16.0,4.0,611M1,13.0,22761.0,2128.0
2875041,2875042,28.0,1163070,2,2,12,1,1.0,30.0,6.0,16.0,4.0,611M1,13.0,22761.0,2128.0
2875042,2875043,28.0,1163070,3,1,12,2,1.0,40.0,1.0,-9.0,4.0,5617Z,12.0,22761.0,2128.0
2875043,2875044,24.0,1163070,4,2,12,1,1.0,70.0,1.0,16.0,4.0,611M1,13.0,22761.0,2128.0
2875044,2875045,26.0,1163071,1,2,0,1,1.0,60.0,1.0,16.0,4.0,611M1,13.0,22761.0,2128.0
2875045,2875046,28.0,1163071,2,2,12,1,1.0,30.0,6.0,16.0,4.0,611M1,13.0,22761.0,2128.0
2875046,2875047,28.0,1163071,3,1,12,2,1.0,40.0,1.0,-9.0,4.0,5617Z,12.0,22761.0,2128.0
2875047,2875048,24.0,1163071,4,2,12,1,1.0,70.0,1.0,16.0,4.0,611M1,13.0,22761.0,2128.0
2875048,2875049,26.0,1163072,1,2,0,1,1.0,60.0,1.0,16.0,4.0,611M1,13.0,22759.0,2128.0
2875049,2875050,28.0,1163072,2,2,12,1,1.0,30.0,6.0,16.0,4.0,611M1,13.0,22759.0,2128.0
2875050,2875051,28.0,1163072,3,1,12,2,1.0,40.0,1.0,-9.0,4.0,5617Z,12.0,22759.0,2128.0
2875051,2875052,24.0,1163072,4,2,12,1,1.0,70.0,1.0,16.0,4.0,611M1,13.0,22759.0,2128.0
2875052,2875053,26.0,1163073,1,2,0,1,1.0,60.0,1.0,16.0,4.0,611M1,13.0,22760.0,2128.0
2875053,2875054,28.0,1163073,2,2,12,1,1.0,30.0,6.0,16.0,4.0,611M1,13.0,22760.0,2128.0
2875054,2875055,28.0,1163073,3,1,12,2,1.0,40.0,1.0,-9.0,4.0,5617Z,12.0,22760.0,2128.0
2875055,2875056,24.0,1163073,4,2,12,1,1.0,70.0,1.0,16.0,4.0,611M1,13.0,22760.0,2128.0
2875056,2875057,26.0,1163074,1,2,0,1,1.0,60.0,1.0,16.0,4.0,611M1,13.0,22760.0,2128.0
2875057,2875058,28.0,1163074,2,2,12,1,1.0,30.0,6.0,16.0,4.0,611M1,13.0,22760.0,2128.0
2875058,2875059,28.0,1163074,3,1,12,2,1.0,40.0,1.0,-9.0,4.0,5617Z,12.0,22760.0,2128.0
2875059,2875060,24.0,1163074,4,2,12,1,1.0,70.0,1.0,16.0,4.0,611M1,13.0,22760.0,2128.0
2875060,2875061,26.0,1163075,1,2,0,1,1.0,60.0,1.0,16.0,4.0,611M1,13.0,22760.0,2128.0
2875061,2875062,28.0,1163075,2,2,12,1,1.0,30.0,6.0,16.0,4.0,611M1,13.0,22760.0,2128.0
2875062,2875063,28.0,1163075,3,1,12,2,1.0,40.0,1.0,-9.0,4.0,5617Z,12.0,22760.0,2128.0
2875063,2875064,24.0,1163075,4,2,12,1,1.0,70.0,1.0,16.0,4.0,611M1,13.0,22760.0,2128.0
2875064,2875065,26.0,1163076,1,2,0,1,1.0,60.0,1.0,16.0,4.0,611M1,13.0,22759.0,2128.0
2875065,2875066,28.0,1163076,2,2,12,1,1.0,30.0,6.0,16.0,4.0,611M1,13.0,22759.0,2128.0
2875066,2875067,28.0,1163076,3,1,12,2,1.0,40.0,1.0,-9.0,4.0,5617Z,12.0,22759.0,2128.0
2875067,2875068,24.0,1163076,4,2,12,1,1.0,70.0,1.0,16.0,4.0,611M1,13.0,22759.0,2128.0
2875068,2875069,26.0,1163077,1,2,0,1,1.0,60.0,1.0,16.0,4.0,611M1,13.0,22760.0,2128.0
2875069,2875070,28.0,1163077,2,2,12,1,1.0,30.0,6.0,16.0,4.0,611M1,13.0,22760.0,2128.0
2875070,2875071,28.0,1163077,3,1,12,2,1.0,40.0,1.0,-9.0,4.0,5617Z,12.0,22760.0,2128.0
2875071,2875072,24.0,1163077,4,2,12,1,1.0,70.0,1.0,16.0,4.0,611M1,13.0,22760.0,2128.0
2875072,2875073,26.0,1163078,1,2,0,1,1.0,60.0,1.0,16.0,4.0,611M1,13.0,22759.0,2128.0
2875073,2875074,28.0,1163078,2,2,12,1,1.0,30.0,6.0,16.0,4.0,611M1,13.0,22759.0,2128.0
2875074,2875075,28.0,1163078,3,1,12,2,1.0,40.0,1.0,-9.0,4.0,5617Z,12.0,22759.0,2128.0
2875075,2875076,24.0,1163078,4,2,12,1,1.0,70.0,1.0,16.0,4.0,611M1,13.0,22759.0,2128.0
2875076,2875077,26.0,1163079,1,2,0,1,1.0,60.0,1.0,16.0,4.0,611M1,13.0,22761.0,2128.0
2875077,2875078,28.0,1163079,2,2,12,1,1.0,30.0,6.0,16.0,4.0,611M1,13.0,22761.0,2128.0
2875078,2875079,28.0,1163079,3,1,12,2,1.0,40.0,1.0,-9.0,4.0,5617Z,12.0,22761.0,2128.0
2875079,2875080,24.0,1163079,4,2,12,1,1.0,70.0,1.0,16.0,4.0,611M1,13.0,22761.0,2128.0
2875080,2875081,31.0,1163080,1,1,0,1,1.0,45.0,1.0,16.0,4.0,622M,15.0,22760.0,2128.0
2875081,2875082,24.0,1163080,2,1,12,1,1.0,50.0,1.0,16.0,4.0,622M,15.0,22760.0,2128.0
2875082,2875083,31.0,1163081,1,1,0,1,1.0,45.0,1.0,16.0,4.0,622M,15.0,22759.0,2128.0
2875083,2875084,24.0,1163081,2,1,12,1,1.0,50.0,1.0,16.0,4.0,622M,15.0,22759.0,2128.0
2875084,2875085,31.0,1163082,1,1,0,1,1.0,45.0,1.0,16.0,4.0,622M,15.0,22761.0,2128.0
2875085,2875086,24.0,1163082,2,1,12,1,1.0,50.0,1.0,16.0,4.0,622M,15.0,22761.0,2128.0
2875086,2875087,31.0,1163083,1,1,0,1,1.0,45.0,1.0,16.0,4.0,622M,15.0,22761.0,2128.0
2875087,2875088,24.0,1163083,2,1,12,1,1.0,50.0,1.0,16.0,4.0,622M,15.0,22761.0,2128.0
2875088,2875089,31.0,1163084,1,1,0,1,1.0,45.0,1.0,16.0,4.0,622M,15.0,22759.0,2128.0
2875089,2875090,24.0,1163084,2,1,12,1,1.0,50.0,1.0,16.0,4.0,622M,15.0,22759.0,2128.0
2875090,2875091,31.0,1163085,1,1,0,1,1.0,45.0,1.0,16.0,4.0,622M,15.0,22760.0,2128.0
2875091,2875092,24.0,1163085,2,1,12,1,1.0,50.0,1.0,16.0,4.0,622M,15.0,22760.0,2128.0
2875092,2875093,31.0,1163086,1,1,0,1,1.0,45.0,1.0,16.0,4.0,622M,15.0,22759.0,2128.0
2875093,2875094,24.0,1163086,2,1,12,1,1.0,50.0,1.0,16.0,4.0,622M,15.0,22759.0,2128.0
2875094,2875095,31.0,1163087,1,1,0,1,1.0,45.0,1.0,16.0,4.0,622M,15.0,22759.0,2128.0
2875095,2875096,24.0,1163087,2,1,12,1,1.0,50.0,1.0,16.0,4.0,622M,15.0,22759.0,2128.0
2875096,2875097,31.0,1163088,1,1,0,1,1.0,45.0,1.0,16.0,4.0,622M,15.0,22760.0,2128.0
2875097,2875098,24.0,1163088,2,1,12,1,1.0,50.0,1.0,16.0,4.0,622M,15.0,22760.0,2128.0
2875098,2875099,31.0,1163089,1,1,0,1,1.0,45.0,1.0,16.0,4.0,622M,15.0,22759.0,2128.0
2875099,2875100,24.0,1163089,2,1,12,1,1.0,50.0,1.0,16.0,4.0,622M,15.0,22759.0,2128.0
2875100,2875101,31.0,1163090,1,1,0,1,1.0,45.0,1.0,16.0,4.0,622M,15.0,22760.0,2128.0
2875101,2875102,24.0,1163090,2,1,12,1,1.0,50.0,1.0,16.0,4.0,622M,15.0,22760.0,2128.0
2875102,2875103,31.0,1163091,1,1,0,1,1.0,45.0,1.0,16.0,4.0,622M,15.0,22760.0,2128.0
2875103,2875104,24.0,1163091,2,1,12,1,1.0,50.0,1.0,16.0,4.0,622M,15.0,22760.0,2128.0
2875104,2875105,31.0,1163092,1,1,0,1,1.0,45.0,1.0,16.0,4.0,622M,15.0,22760.0,2128.0
2875105,2875106,24.0,1163092,2,1,12,1,1.0,50.0,1.0,16.0,4.0,622M,15.0,22760.0,2128.0
2875106,2875107,31.0,1163093,1,1,0,1,1.0,45.0,1.0,16.0,4.0,622M,15.0,22761.0,2128.0
2875107,2875108,24.0,1163093,2,1,12,1,1.0,50.0,1.0,16.0,4.0,622M,15.0,22761.0,2128.0
2875108,2875109,31.0,1163094,1,1,0,1,1.0,45.0,1.0,16.0,4.0,622M,15.0,22761.0,2128.0
2875109,2875110,24.0,1163094,2,1,12,1,1.0,50.0,1.0,16.0,4.0,622M,15.0,22761.0,2128.0
2875110,2875111,31.0,1163095,1,1,0,1,1.0,45.0,1.0,16.0,4.0,622M,15.0,22760.0,2128.0
2875111,2875112,24.0,1163095,2,1,12,1,1.0,50.0,1.0,16.0,4.0,622M,15.0,22760.0,2128.0
2875112,2875113,31.0,1163096,1,1,0,1,1.0,45.0,1.0,16.0,4.0,622M,15.0,22761.0,2128.0
2875113,2875114,24.0,1163096,2,1,12,1,1.0,50.0,1.0,16.0,4.0,622M,15.0,22761.0,2128.0
2875114,2875115,31.0,1163097,1,1,0,1,1.0,45.0,1.0,16.0,4.0,622M,15.0,22761.0,2128.0
2875115,2875116,24.0,1163097,2,1,12,1,1.0,50.0,1.0,16.0,4.0,622M,15.0,22761.0,2128.0
2875116,2875117,31.0,1163098,1,1,0,1,1.0,45.0,1.0,16.0,4.0,622M,15.0,22760.0,2128.0
2875117,2875118,24.0,1163098,2,1,12,1,1.0,50.0,1.0,16.0,4.0,622M,15.0,22760.0,2128.0
2875118,2875119,31.0,1163099,1,1,0,1,1.0,45.0,1.0,16.0,4.0,622M,15.0,22759.0,2128.0
2875119,2875120,24.0,1163099,2,1,12,1,1.0,50.0,1.0,16.0,4.0,622M,15.0,22759.0,2128.0
2875120,2875121,31.0,1163100,1,1,0,1,1.0,45.0,1.0,16.0,4.0,622M,15.0,22760.0,2128.0
2875121,2875122,24.0,1163100,2,1,12,1,1.0,50.0,1.0,16.0,4.0,622M,15.0,22760.0,2128.0
2875122,2875123,31.0,1163101,1,1,0,1,1.0,45.0,1.0,16.0,4.0,622M,15.0,22760.0,2128.0
2875123,2875124,24.0,1163101,2,1,12,1,1.0,50.0,1.0,16.0,4.0,622M,15.0,22760.0,2128.0
2875124,2875125,31.0,1163102,1,1,0,1,1.0,45.0,1.0,16.0,4.0,622M,15.0,22760.0,2128.0
2875125,2875126,24.0,1163102,2,1,12,1,1.0,50.0,1.0,16.0,4.0,622M,15.0,22760.0,2128.0
2875126,2875127,31.0,1163103,1,1,0,1,1.0,45.0,1.0,16.0,4.0,622M,15.0,22761.0,2128.0
2875127,2875128,24.0,1163103,2,1,12,1,1.0,50.0,1.0,16.0,4.0,622M,15.0,22761.0,2128.0
2875128,2875129,31.0,1163104,1,1,0,1,1.0,45.0,1.0,16.0,4.0,622M,15.0,22760.0,2128.0
2875129,2875130,24.0,1163104,2,1,12,1,1.0,50.0,1.0,16.0,4.0,622M,15.0,22760.0,2128.0
2875130,2875131,31.0,1163105,1,1,0,1,1.0,45.0,1.0,16.0,4.0,622M,15.0,22760.0,2128.0
2875131,2875132,24.0,1163105,2,1,12,1,1.0,50.0,1.0,16.0,4.0,622M,15.0,22760.0,2128.0
2875132,2875133,31.0,1163106,1,1,0,1,1.0,45.0,1.0,16.0,4.0,622M,15.0,22759.0,2128.0
2875133,2875134,24.0,1163106,2,1,12,1,1.0,50.0,1.0,16.0,4.0,622M,15.0,22759.0,2128.0
2875134,2875135,31.0,1163107,1,1,0,1,1.0,45.0,1.0,16.0,4.0,622M,15.0,22760.0,2128.0
2875135,2875136,24.0,1163107,2,1,12,1,1.0,50.0,1.0,16.0,4.0,622M,15.0,22760.0,2128.0
2875136,2875137,31.0,1163108,1,1,0,1,1.0,45.0,1.0,16.0,4.0,622M,15.0,22759.0,2128.0
2875137,2875138,24.0,1163108,2,1,12,1,1.0,50.0,1.0,16.0,4.0,622M,15.0,22759.0,2128.0
2875138,2875139,31.0,1163109,1,1,0,1,1.0,45.0,1.0,16.0,4.0,622M,15.0,22759.0,2128.0
2875139,2875140,24.0,1163109,2,1,12,1,1.0,50.0,1.0,16.0,4.0,622M,15.0,22759.0,2128.0
2875140,2875141,31.0,1163110,1,1,0,1,1.0,45.0,1.0,16.0,4.0,622M,15.0,22759.0,2128.0
2875141,2875142,24.0,1163110,2,1,12,1,1.0,50.0,1.0,16.0,4.0,622M,15.0,22759.0,2128.0
2875142,2875143,31.0,1163111,1,1,0,1,1.0,45.0,1.0,16.0,4.0,622M,15.0,22760.0,2128.0
2875143,2875144,24.0,1163111,2,1,12,1,1.0,50.0,1.0,16.0,4.0,622M,15.0,22760.0,2128.0
2875144,2875145,31.0,1163112,1,1,0,1,1.0,45.0,1.0,16.0,4.0,622M,15.0,22761.0,2128.0
2875145,2875146,24.0,1163112,2,1,12,1,1.0,50.0,1.0,16.0,4.0,622M,15.0,22761.0,2128.0
2875146,2875147,31.0,1163113,1,1,0,1,1.0,45.0,1.0,16.0,4.0,622M,15.0,22761.0,2128.0
2875147,2875148,24.0,1163113,2,1,12,1,1.0,50.0,1.0,16.0,4.0,622M,15.0,22761.0,2128.0
2875148,2875149,31.0,1163114,1,1,0,1,1.0,45.0,1.0,16.0,4.0,622M,15.0,22760.0,2128.0
2875149,2875150,24.0,1163114,2,1,12,1,1.0,50.0,1.0,16.0,4.0,622M,15.0,22760.0,2128.0
2875150,2875151,31.0,1163115,1,1,0,1,1.0,45.0,1.0,16.0,4.0,622M,15.0,22760.0,2128.0
2875151,2875152,24.0,1163115,2,1,12,1,1.0,50.0,1.0,16.0,4.0,622M,15.0,22760.0,2128.0
2875152,2875153,31.0,1163116,1,1,0,1,1.0,45.0,1.0,16.0,4.0,622M,15.0,22761.0,2128.0
2875153,2875154,24.0,1163116,2,1,12,1,1.0,50.0,1.0,16.0,4.0,622M,15.0,22761.0,2128.0
2875154,2875155,31.0,1163117,1,1,0,1,1.0,45.0,1.0,16.0,4.0,622M,15.0,22759.0,2128.0
2875155,2875156,24.0,1163117,2,1,12,1,1.0,50.0,1.0,16.0,4.0,622M,15.0,22759.0,2128.0
2875156,2875157,31.0,1163118,1,1,0,1,1.0,45.0,1.0,16.0,4.0,622M,15.0,22760.0,2128.0
2875157,2875158,24.0,1163118,2,1,12,1,1.0,50.0,1.0,16.0,4.0,622M,15.0,22760.0,2128.0
2875158,2875159,31.0,1163119,1,1,0,1,1.0,45.0,1.0,16.0,4.0,622M,15.0,22761.0,2128.0
2875159,2875160,24.0,1163119,2,1,12,1,1.0,50.0,1.0,16.0,4.0,622M,15.0,22761.0,2128.0
2875160,2875161,31.0,1163120,1,1,0,1,1.0,45.0,1.0,16.0,4.0,622M,15.0,22760.0,2128.0
2875161,2875162,24.0,1163120,2,1,12,1,1.0,50.0,1.0,16.0,4.0,622M,15.0,22760.0,2128.0
2875162,2875163,31.0,1163121,1,1,0,1,1.0,45.0,1.0,16.0,4.0,622M,15.0,22760.0,2128.0
2875163,2875164,24.0,1163121,2,1,12,1,1.0,50.0,1.0,16.0,4.0,622M,15.0,22760.0,2128.0
2875164,2875165,27.0,1163122,1,2,0,1,1.0,40.0,1.0,-9.0,4.0,813M,17.0,22759.0,2128.0
2875165,2875166,23.0,1163122,2,2,12,2,1.0,40.0,4.0,15.0,4.0,337,3.0,22759.0,2128.0
2875166,2875167,27.0,1163123,1,2,0,1,1.0,40.0,1.0,-9.0,4.0,813M,17.0,22759.0,2128.0
2875167,2875168,23.0,1163123,2,2,12,2,1.0,40.0,4.0,15.0,4.0,337,3.0,22759.0,2128.0
2875168,2875169,27.0,1163124,1,2,0,1,1.0,40.0,1.0,-9.0,4.0,813M,17.0,22760.0,2128.0
2875169,2875170,23.0,1163124,2,2,12,2,1.0,40.0,4.0,15.0,4.0,337,3.0,22760.0,2128.0
2875170,2875171,27.0,1163125,1,2,0,1,1.0,40.0,1.0,-9.0,4.0,813M,17.0,22761.0,2128.0
2875171,2875172,23.0,1163125,2,2,12,2,1.0,40.0,4.0,15.0,4.0,337,3.0,22761.0,2128.0
2875172,2875173,27.0,1163126,1,2,0,1,1.0,40.0,1.0,-9.0,4.0,813M,17.0,22760.0,2128.0
2875173,2875174,23.0,1163126,2,2,12,2,1.0,40.0,4.0,15.0,4.0,337,3.0,22760.0,2128.0
2875174,2875175,27.0,1163127,1,2,0,1,1.0,40.0,1.0,-9.0,4.0,813M,17.0,22760.0,2128.0
2875175,2875176,23.0,1163127,2,2,12,2,1.0,40.0,4.0,15.0,4.0,337,3.0,22760.0,2128.0
2875176,2875177,27.0,1163128,1,2,0,1,1.0,40.0,1.0,-9.0,4.0,813M,17.0,22760.0,2128.0
2875177,2875178,23.0,1163128,2,2,12,2,1.0,40.0,4.0,15.0,4.0,337,3.0,22760.0,2128.0
2875178,2875179,27.0,1163129,1,2,0,1,1.0,40.0,1.0,-9.0,4.0,813M,17.0,22759.0,2128.0
2875179,2875180,23.0,1163129,2,2,12,2,1.0,40.0,4.0,15.0,4.0,337,3.0,22759.0,2128.0
2875180,2875181,27.0,1163130,1,2,0,1,1.0,40.0,1.0,-9.0,4.0,813M,17.0,22759.0,2128.0
2875181,2875182,23.0,1163130,2,2,12,2,1.0,40.0,4.0,15.0,4.0,337,3.0,22759.0,2128.0
2875182,2875183,27.0,1163131,1,2,0,1,1.0,40.0,1.0,-9.0,4.0,813M,17.0,22759.0,2128.0
2875183,2875184,23.0,1163131,2,2,12,2,1.0,40.0,4.0,15.0,4.0,337,3.0,22759.0,2128.0
2875184,2875185,27.0,1163132,1,2,0,1,1.0,40.0,1.0,-9.0,4.0,813M,17.0,22760.0,2128.0
2875185,2875186,23.0,1163132,2,2,12,2,1.0,40.0,4.0,15.0,4.0,337,3.0,22760.0,2128.0
2875186,2875187,27.0,1163133,1,2,0,1,1.0,40.0,1.0,-9.0,4.0,813M,17.0,22759.0,2128.0
2875187,2875188,23.0,1163133,2,2,12,2,1.0,40.0,4.0,15.0,4.0,337,3.0,22759.0,2128.0
2875188,2875189,27.0,1163134,1,2,0,1,1.0,40.0,1.0,-9.0,4.0,813M,17.0,22759.0,2128.0
2875189,2875190,23.0,1163134,2,2,12,2,1.0,40.0,4.0,15.0,4.0,337,3.0,22759.0,2128.0
2875190,2875191,27.0,1163135,1,2,0,1,1.0,40.0,1.0,-9.0,4.0,813M,17.0,22760.0,2128.0
2875191,2875192,23.0,1163135,2,2,12,2,1.0,40.0,4.0,15.0,4.0,337,3.0,22760.0,2128.0
2875192,2875193,27.0,1163136,1,2,0,1,1.0,40.0,1.0,-9.0,4.0,813M,17.0,22759.0,2128.0
2875193,2875194,23.0,1163136,2,2,12,2,1.0,40.0,4.0,15.0,4.0,337,3.0,22759.0,2128.0
2875194,2875195,27.0,1163137,1,2,0,1,1.0,40.0,1.0,-9.0,4.0,813M,17.0,22761.0,2128.0
2875195,2875196,23.0,1163137,2,2,12,2,1.0,40.0,4.0,15.0,4.0,337,3.0,22761.0,2128.0
2875196,2875197,27.0,1163138,1,2,0,1,1.0,40.0,1.0,-9.0,4.0,813M,17.0,22763.0,2129.0
2875197,2875198,23.0,1163138,2,2,12,2,1.0,40.0,4.0,15.0,4.0,337,3.0,22763.0,2129.0
2875198,2875199,27.0,1163139,1,2,0,1,1.0,40.0,1.0,-9.0,4.0,813M,17.0,22759.0,2128.0
2875199,2875200,23.0,1163139,2,2,12,2,1.0,40.0,4.0,15.0,4.0,337,3.0,22759.0,2128.0
2875200,2875201,27.0,1163140,1,2,0,1,1.0,40.0,1.0,-9.0,4.0,813M,17.0,22760.0,2128.0
2875201,2875202,23.0,1163140,2,2,12,2,1.0,40.0,4.0,15.0,4.0,337,3.0,22760.0,2128.0
2875202,2875203,27.0,1163141,1,2,0,1,1.0,40.0,1.0,-9.0,4.0,813M,17.0,22761.0,2128.0
2875203,2875204,23.0,1163141,2,2,12,2,1.0,40.0,4.0,15.0,4.0,337,3.0,22761.0,2128.0
2875204,2875205,27.0,1163142,1,2,0,1,1.0,40.0,1.0,-9.0,4.0,813M,17.0,22759.0,2128.0
2875205,2875206,23.0,1163142,2,2,12,2,1.0,40.0,4.0,15.0,4.0,337,3.0,22759.0,2128.0
2875206,2875207,27.0,1163143,1,2,0,1,1.0,40.0,1.0,-9.0,4.0,813M,17.0,22759.0,2128.0
2875207,2875208,23.0,1163143,2,2,12,2,1.0,40.0,4.0,15.0,4.0,337,3.0,22759.0,2128.0
2875208,2875209,27.0,1163144,1,2,0,1,1.0,40.0,1.0,-9.0,4.0,813M,17.0,22759.0,2128.0
2875209,2875210,23.0,1163144,2,2,12,2,1.0,40.0,4.0,15.0,4.0,337,3.0,22759.0,2128.0
2875210,2875211,27.0,1163145,1,2,0,1,1.0,40.0,1.0,-9.0,4.0,813M,17.0,22759.0,2128.0
2875211,2875212,23.0,1163145,2,2,12,2,1.0,40.0,4.0,15.0,4.0,337,3.0,22759.0,2128.0
2875212,2875213,27.0,1163146,1,2,0,1,1.0,40.0,1.0,-9.0,4.0,813M,17.0,22760.0,2128.0
2875213,2875214,23.0,1163146,2,2,12,2,1.0,40.0,4.0,15.0,4.0,337,3.0,22760.0,2128.0
2875214,2875215,27.0,1163147,1,2,0,1,1.0,40.0,1.0,-9.0,4.0,813M,17.0,22760.0,2128.0
2875215,2875216,23.0,1163147,2,2,12,2,1.0,40.0,4.0,15.0,4.0,337,3.0,22760.0,2128.0
2875216,2875217,27.0,1163148,1,2,0,1,1.0,40.0,1.0,-9.0,4.0,813M,17.0,22760.0,2128.0
2875217,2875218,23.0,1163148,2,2,12,2,1.0,40.0,4.0,15.0,4.0,337,3.0,22760.0,2128.0
2875218,2875219,27.0,1163149,1,2,0,1,1.0,40.0,1.0,-9.0,4.0,813M,17.0,22761.0,2128.0
2875219,2875220,23.0,1163149,2,2,12,2,1.0,40.0,4.0,15.0,4.0,337,3.0,22761.0,2128.0
2875220,2875221,27.0,1163150,1,2,0,1,1.0,40.0,1.0,-9.0,4.0,813M,17.0,22761.0,2128.0
2875221,2875222,23.0,1163150,2,2,12,2,1.0,40.0,4.0,15.0,4.0,337,3.0,22761.0,2128.0
2875222,2875223,27.0,1163151,1,2,0,1,1.0,40.0,1.0,-9.0,4.0,813M,17.0,22759.0,2128.0
2875223,2875224,23.0,1163151,2,2,12,2,1.0,40.0,4.0,15.0,4.0,337,3.0,22759.0,2128.0
2875224,2875225,27.0,1163152,1,2,0,1,1.0,40.0,1.0,-9.0,4.0,813M,17.0,22763.0,2129.0
2875225,2875226,23.0,1163152,2,2,12,2,1.0,40.0,4.0,15.0,4.0,337,3.0,22763.0,2129.0
2875226,2875227,27.0,1163153,1,2,0,1,1.0,40.0,1.0,-9.0,4.0,813M,17.0,22760.0,2128.0
2875227,2875228,23.0,1163153,2,2,12,2,1.0,40.0,4.0,15.0,4.0,337,3.0,22760.0,2128.0
2875228,2875229,27.0,1163154,1,2,0,1,1.0,40.0,1.0,-9.0,4.0,813M,17.0,22760.0,2128.0
2875229,2875230,23.0,1163154,2,2,12,2,1.0,40.0,4.0,15.0,4.0,337,3.0,22760.0,2128.0
2875230,2875231,27.0,1163155,1,2,0,1,1.0,40.0,1.0,-9.0,4.0,813M,17.0,22760.0,2128.0
2875231,2875232,23.0,1163155,2,2,12,2,1.0,40.0,4.0,15.0,4.0,337,3.0,22760.0,2128.0
2875232,2875233,27.0,1163156,1,2,0,1,1.0,40.0,1.0,-9.0,4.0,813M,17.0,22760.0,2128.0
2875233,2875234,23.0,1163156,2,2,12,2,1.0,40.0,4.0,15.0,4.0,337,3.0,22760.0,2128.0
2875234,2875235,27.0,1163157,1,2,0,1,1.0,40.0,1.0,-9.0,4.0,813M,17.0,22763.0,2129.0
2875235,2875236,23.0,1163157,2,2,12,2,1.0,40.0,4.0,15.0,4.0,337,3.0,22763.0,2129.0
2875236,2875237,25.0,1163158,1,1,0,1,6.0,-9.0,-9.0,15.0,4.0,-9,0.0,22760.0,2128.0
2875237,2875238,22.0,1163158,2,1,10,1,6.0,-9.0,-9.0,15.0,4.0,-9,0.0,22760.0,2128.0
2875238,2875239,21.0,1163158,3,1,10,1,6.0,-9.0,-9.0,15.0,4.0,-9,0.0,22760.0,2128.0
2875239,2875240,25.0,1163159,1,1,0,1,6.0,-9.0,-9.0,15.0,4.0,-9,0.0,22759.0,2128.0
2875240,2875241,22.0,1163159,2,1,10,1,6.0,-9.0,-9.0,15.0,4.0,-9,0.0,22759.0,2128.0
2875241,2875242,21.0,1163159,3,1,10,1,6.0,-9.0,-9.0,15.0,4.0,-9,0.0,22759.0,2128.0
2875242,2875243,25.0,1163160,1,1,0,1,6.0,-9.0,-9.0,15.0,4.0,-9,0.0,22760.0,2128.0
2875243,2875244,22.0,1163160,2,1,10,1,6.0,-9.0,-9.0,15.0,4.0,-9,0.0,22760.0,2128.0
2875244,2875245,21.0,1163160,3,1,10,1,6.0,-9.0,-9.0,15.0,4.0,-9,0.0,22760.0,2128.0
2875245,2875246,25.0,1163161,1,1,0,1,6.0,-9.0,-9.0,15.0,4.0,-9,0.0,22759.0,2128.0
2875246,2875247,22.0,1163161,2,1,10,1,6.0,-9.0,-9.0,15.0,4.0,-9,0.0,22759.0,2128.0
2875247,2875248,21.0,1163161,3,1,10,1,6.0,-9.0,-9.0,15.0,4.0,-9,0.0,22759.0,2128.0
2875248,2875249,25.0,1163162,1,1,0,1,6.0,-9.0,-9.0,15.0,4.0,-9,0.0,22761.0,2128.0
2875249,2875250,22.0,1163162,2,1,10,1,6.0,-9.0,-9.0,15.0,4.0,-9,0.0,22761.0,2128.0
2875250,2875251,21.0,1163162,3,1,10,1,6.0,-9.0,-9.0,15.0,4.0,-9,0.0,22761.0,2128.0
2875251,2875252,25.0,1163163,1,1,0,1,6.0,-9.0,-9.0,15.0,4.0,-9,0.0,22759.0,2128.0
2875252,2875253,22.0,1163163,2,1,10,1,6.0,-9.0,-9.0,15.0,4.0,-9,0.0,22759.0,2128.0
2875253,2875254,21.0,1163163,3,1,10,1,6.0,-9.0,-9.0,15.0,4.0,-9,0.0,22759.0,2128.0
2875254,2875255,25.0,1163164,1,1,0,1,6.0,-9.0,-9.0,15.0,4.0,-9,0.0,22761.0,2128.0
2875255,2875256,22.0,1163164,2,1,10,1,6.0,-9.0,-9.0,15.0,4.0,-9,0.0,22761.0,2128.0
2875256,2875257,21.0,1163164,3,1,10,1,6.0,-9.0,-9.0,15.0,4.0,-9,0.0,22761.0,2128.0
2875257,2875258,25.0,1163165,1,1,0,1,6.0,-9.0,-9.0,15.0,4.0,-9,0.0,22760.0,2128.0
2875258,2875259,22.0,1163165,2,1,10,1,6.0,-9.0,-9.0,15.0,4.0,-9,0.0,22760.0,2128.0
2875259,2875260,21.0,1163165,3,1,10,1,6.0,-9.0,-9.0,15.0,4.0,-9,0.0,22760.0,2128.0
2875260,2875261,25.0,1163166,1,1,0,1,6.0,-9.0,-9.0,15.0,4.0,-9,0.0,22759.0,2128.0
2875261,2875262,22.0,1163166,2,1,10,1,6.0,-9.0,-9.0,15.0,4.0,-9,0.0,22759.0,2128.0
2875262,2875263,21.0,1163166,3,1,10,1,6.0,-9.0,-9.0,15.0,4.0,-9,0.0,22759.0,2128.0
2875263,2875264,25.0,1163167,1,1,0,1,6.0,-9.0,-9.0,15.0,4.0,-9,0.0,22761.0,2128.0
2875264,2875265,22.0,1163167,2,1,10,1,6.0,-9.0,-9.0,15.0,4.0,-9,0.0,22761.0,2128.0
2875265,2875266,21.0,1163167,3,1,10,1,6.0,-9.0,-9.0,15.0,4.0,-9,0.0,22761.0,2128.0
2875266,2875267,25.0,1163168,1,1,0,1,6.0,-9.0,-9.0,15.0,4.0,-9,0.0,22760.0,2128.0
2875267,2875268,22.0,1163168,2,1,10,1,6.0,-9.0,-9.0,15.0,4.0,-9,0.0,22760.0,2128.0
2875268,2875269,21.0,1163168,3,1,10,1,6.0,-9.0,-9.0,15.0,4.0,-9,0.0,22760.0,2128.0
2875269,2875270,25.0,1163169,1,1,0,1,6.0,-9.0,-9.0,15.0,4.0,-9,0.0,22760.0,2128.0
2875270,2875271,22.0,1163169,2,1,10,1,6.0,-9.0,-9.0,15.0,4.0,-9,0.0,22760.0,2128.0
2875271,2875272,21.0,1163169,3,1,10,1,6.0,-9.0,-9.0,15.0,4.0,-9,0.0,22760.0,2128.0
2875272,2875273,25.0,1163170,1,1,0,1,6.0,-9.0,-9.0,15.0,4.0,-9,0.0,22759.0,2128.0
2875273,2875274,22.0,1163170,2,1,10,1,6.0,-9.0,-9.0,15.0,4.0,-9,0.0,22759.0,2128.0
2875274,2875275,21.0,1163170,3,1,10,1,6.0,-9.0,-9.0,15.0,4.0,-9,0.0,22759.0,2128.0
2875275,2875276,25.0,1163171,1,1,0,1,6.0,-9.0,-9.0,15.0,4.0,-9,0.0,22760.0,2128.0
2875276,2875277,22.0,1163171,2,1,10,1,6.0,-9.0,-9.0,15.0,4.0,-9,0.0,22760.0,2128.0
2875277,2875278,21.0,1163171,3,1,10,1,6.0,-9.0,-9.0,15.0,4.0,-9,0.0,22760.0,2128.0
2875278,2875279,25.0,1163172,1,1,0,1,6.0,-9.0,-9.0,15.0,4.0,-9,0.0,22761.0,2128.0
2875279,2875280,22.0,1163172,2,1,10,1,6.0,-9.0,-9.0,15.0,4.0,-9,0.0,22761.0,2128.0
2875280,2875281,21.0,1163172,3,1,10,1,6.0,-9.0,-9.0,15.0,4.0,-9,0.0,22761.0,2128.0
2875281,2875282,25.0,1163173,1,1,0,1,6.0,-9.0,-9.0,15.0,4.0,-9,0.0,22760.0,2128.0
2875282,2875283,22.0,1163173,2,1,10,1,6.0,-9.0,-9.0,15.0,4.0,-9,0.0,22760.0,2128.0
2875283,2875284,21.0,1163173,3,1,10,1,6.0,-9.0,-9.0,15.0,4.0,-9,0.0,22760.0,2128.0
2875284,2875285,25.0,1163174,1,1,0,1,6.0,-9.0,-9.0,15.0,4.0,-9,0.0,22759.0,2128.0
2875285,2875286,22.0,1163174,2,1,10,1,6.0,-9.0,-9.0,15.0,4.0,-9,0.0,22759.0,2128.0
2875286,2875287,21.0,1163174,3,1,10,1,6.0,-9.0,-9.0,15.0,4.0,-9,0.0,22759.0,2128.0
2875287,2875288,25.0,1163175,1,1,0,1,6.0,-9.0,-9.0,15.0,4.0,-9,0.0,22759.0,2128.0
2875288,2875289,22.0,1163175,2,1,10,1,6.0,-9.0,-9.0,15.0,4.0,-9,0.0,22759.0,2128.0
2875289,2875290,21.0,1163175,3,1,10,1,6.0,-9.0,-9.0,15.0,4.0,-9,0.0,22759.0,2128.0
2875290,2875291,25.0,1163176,1,1,0,1,6.0,-9.0,-9.0,15.0,4.0,-9,0.0,22759.0,2128.0
2875291,2875292,22.0,1163176,2,1,10,1,6.0,-9.0,-9.0,15.0,4.0,-9,0.0,22759.0,2128.0
2875292,2875293,21.0,1163176,3,1,10,1,6.0,-9.0,-9.0,15.0,4.0,-9,0.0,22759.0,2128.0
2875293,2875294,25.0,1163177,1,1,0,1,6.0,-9.0,-9.0,15.0,4.0,-9,0.0,22760.0,2128.0
2875294,2875295,22.0,1163177,2,1,10,1,6.0,-9.0,-9.0,15.0,4.0,-9,0.0,22760.0,2128.0
2875295,2875296,21.0,1163177,3,1,10,1,6.0,-9.0,-9.0,15.0,4.0,-9,0.0,22760.0,2128.0
2875296,2875297,25.0,1163178,1,1,0,1,6.0,-9.0,-9.0,15.0,4.0,-9,0.0,22760.0,2128.0
2875297,2875298,22.0,1163178,2,1,10,1,6.0,-9.0,-9.0,15.0,4.0,-9,0.0,22760.0,2128.0
2875298,2875299,21.0,1163178,3,1,10,1,6.0,-9.0,-9.0,15.0,4.0,-9,0.0,22760.0,2128.0
2875299,2875300,25.0,1163179,1,1,0,1,6.0,-9.0,-9.0,15.0,4.0,-9,0.0,22761.0,2128.0
2875300,2875301,22.0,1163179,2,1,10,1,6.0,-9.0,-9.0,15.0,4.0,-9,0.0,22761.0,2128.0
2875301,2875302,21.0,1163179,3,1,10,1,6.0,-9.0,-9.0,15.0,4.0,-9,0.0,22761.0,2128.0
2875302,2875303,25.0,1163180,1,1,0,1,6.0,-9.0,-9.0,15.0,4.0,-9,0.0,22759.0,2128.0
2875303,2875304,22.0,1163180,2,1,10,1,6.0,-9.0,-9.0,15.0,4.0,-9,0.0,22759.0,2128.0
2875304,2875305,21.0,1163180,3,1,10,1,6.0,-9.0,-9.0,15.0,4.0,-9,0.0,22759.0,2128.0
2875305,2875306,25.0,1163181,1,1,0,1,6.0,-9.0,-9.0,15.0,4.0,-9,0.0,22760.0,2128.0
2875306,2875307,22.0,1163181,2,1,10,1,6.0,-9.0,-9.0,15.0,4.0,-9,0.0,22760.0,2128.0
2875307,2875308,21.0,1163181,3,1,10,1,6.0,-9.0,-9.0,15.0,4.0,-9,0.0,22760.0,2128.0
2875308,2875309,25.0,1163182,1,1,0,1,6.0,-9.0,-9.0,15.0,4.0,-9,0.0,22760.0,2128.0
2875309,2875310,22.0,1163182,2,1,10,1,6.0,-9.0,-9.0,15.0,4.0,-9,0.0,22760.0,2128.0
2875310,2875311,21.0,1163182,3,1,10,1,6.0,-9.0,-9.0,15.0,4.0,-9,0.0,22760.0,2128.0
2875311,2875312,25.0,1163183,1,1,0,1,6.0,-9.0,-9.0,15.0,4.0,-9,0.0,22760.0,2128.0
2875312,2875313,22.0,1163183,2,1,10,1,6.0,-9.0,-9.0,15.0,4.0,-9,0.0,22760.0,2128.0
2875313,2875314,21.0,1163183,3,1,10,1,6.0,-9.0,-9.0,15.0,4.0,-9,0.0,22760.0,2128.0
2875314,2875315,25.0,1163184,1,1,0,1,6.0,-9.0,-9.0,15.0,4.0,-9,0.0,22760.0,2128.0
2875315,2875316,22.0,1163184,2,1,10,1,6.0,-9.0,-9.0,15.0,4.0,-9,0.0,22760.0,2128.0
2875316,2875317,21.0,1163184,3,1,10,1,6.0,-9.0,-9.0,15.0,4.0,-9,0.0,22760.0,2128.0
2875317,2875318,25.0,1163185,1,1,0,1,6.0,-9.0,-9.0,15.0,4.0,-9,0.0,22759.0,2128.0
2875318,2875319,22.0,1163185,2,1,10,1,6.0,-9.0,-9.0,15.0,4.0,-9,0.0,22759.0,2128.0
2875319,2875320,21.0,1163185,3,1,10,1,6.0,-9.0,-9.0,15.0,4.0,-9,0.0,22759.0,2128.0
2875320,2875321,25.0,1163186,1,1,0,1,6.0,-9.0,-9.0,15.0,4.0,-9,0.0,22759.0,2128.0
2875321,2875322,22.0,1163186,2,1,10,1,6.0,-9.0,-9.0,15.0,4.0,-9,0.0,22759.0,2128.0
2875322,2875323,21.0,1163186,3,1,10,1,6.0,-9.0,-9.0,15.0,4.0,-9,0.0,22759.0,2128.0
2875323,2875324,25.0,1163187,1,1,0,1,6.0,-9.0,-9.0,15.0,4.0,-9,0.0,22763.0,2129.0
2875324,2875325,22.0,1163187,2,1,10,1,6.0,-9.0,-9.0,15.0,4.0,-9,0.0,22763.0,2129.0
2875325,2875326,21.0,1163187,3,1,10,1,6.0,-9.0,-9.0,15.0,4.0,-9,0.0,22763.0,2129.0
2875326,2875327,25.0,1163188,1,1,0,1,6.0,-9.0,-9.0,15.0,4.0,-9,0.0,22759.0,2128.0
2875327,2875328,22.0,1163188,2,1,10,1,6.0,-9.0,-9.0,15.0,4.0,-9,0.0,22759.0,2128.0
2875328,2875329,21.0,1163188,3,1,10,1,6.0,-9.0,-9.0,15.0,4.0,-9,0.0,22759.0,2128.0
2875329,2875330,25.0,1163189,1,1,0,1,6.0,-9.0,-9.0,15.0,4.0,-9,0.0,22759.0,2128.0
2875330,2875331,22.0,1163189,2,1,10,1,6.0,-9.0,-9.0,15.0,4.0,-9,0.0,22759.0,2128.0
2875331,2875332,21.0,1163189,3,1,10,1,6.0,-9.0,-9.0,15.0,4.0,-9,0.0,22759.0,2128.0
2875332,2875333,25.0,1163190,1,1,0,1,6.0,-9.0,-9.0,15.0,4.0,-9,0.0,22760.0,2128.0
2875333,2875334,22.0,1163190,2,1,10,1,6.0,-9.0,-9.0,15.0,4.0,-9,0.0,22760.0,2128.0
2875334,2875335,21.0,1163190,3,1,10,1,6.0,-9.0,-9.0,15.0,4.0,-9,0.0,22760.0,2128.0
2875335,2875336,25.0,1163191,1,1,0,1,6.0,-9.0,-9.0,15.0,4.0,-9,0.0,22761.0,2128.0
2875336,2875337,22.0,1163191,2,1,10,1,6.0,-9.0,-9.0,15.0,4.0,-9,0.0,22761.0,2128.0
2875337,2875338,21.0,1163191,3,1,10,1,6.0,-9.0,-9.0,15.0,4.0,-9,0.0,22761.0,2128.0
2875338,2875339,25.0,1163192,1,1,0,1,6.0,-9.0,-9.0,15.0,4.0,-9,0.0,22760.0,2128.0
2875339,2875340,22.0,1163192,2,1,10,1,6.0,-9.0,-9.0,15.0,4.0,-9,0.0,22760.0,2128.0
2875340,2875341,21.0,1163192,3,1,10,1,6.0,-9.0,-9.0,15.0,4.0,-9,0.0,22760.0,2128.0
2875341,2875342,25.0,1163193,1,1,0,1,6.0,-9.0,-9.0,15.0,4.0,-9,0.0,22761.0,2128.0
2875342,2875343,22.0,1163193,2,1,10,1,6.0,-9.0,-9.0,15.0,4.0,-9,0.0,22761.0,2128.0
2875343,2875344,21.0,1163193,3,1,10,1,6.0,-9.0,-9.0,15.0,4.0,-9,0.0,22761.0,2128.0
2875344,2875345,25.0,1163194,1,1,0,1,6.0,-9.0,-9.0,15.0,4.0,-9,0.0,22760.0,2128.0
2875345,2875346,22.0,1163194,2,1,10,1,6.0,-9.0,-9.0,15.0,4.0,-9,0.0,22760.0,2128.0
2875346,2875347,21.0,1163194,3,1,10,1,6.0,-9.0,-9.0,15.0,4.0,-9,0.0,22760.0,2128.0
2875347,2875348,25.0,1163195,1,1,0,1,6.0,-9.0,-9.0,15.0,4.0,-9,0.0,22759.0,2128.0
2875348,2875349,22.0,1163195,2,1,10,1,6.0,-9.0,-9.0,15.0,4.0,-9,0.0,22759.0,2128.0
2875349,2875350,21.0,1163195,3,1,10,1,6.0,-9.0,-9.0,15.0,4.0,-9,0.0,22759.0,2128.0
2875350,2875351,25.0,1163196,1,1,0,1,6.0,-9.0,-9.0,15.0,4.0,-9,0.0,22760.0,2128.0
2875351,2875352,22.0,1163196,2,1,10,1,6.0,-9.0,-9.0,15.0,4.0,-9,0.0,22760.0,2128.0
2875352,2875353,21.0,1163196,3,1,10,1,6.0,-9.0,-9.0,15.0,4.0,-9,0.0,22760.0,2128.0
2875353,2875354,25.0,1163197,1,1,0,1,6.0,-9.0,-9.0,15.0,4.0,-9,0.0,22760.0,2128.0
2875354,2875355,22.0,1163197,2,1,10,1,6.0,-9.0,-9.0,15.0,4.0,-9,0.0,22760.0,2128.0
2875355,2875356,21.0,1163197,3,1,10,1,6.0,-9.0,-9.0,15.0,4.0,-9,0.0,22760.0,2128.0
2875356,2875357,25.0,1163198,1,1,0,1,6.0,-9.0,-9.0,15.0,4.0,-9,0.0,22760.0,2128.0
2875357,2875358,22.0,1163198,2,1,10,1,6.0,-9.0,-9.0,15.0,4.0,-9,0.0,22760.0,2128.0
2875358,2875359,21.0,1163198,3,1,10,1,6.0,-9.0,-9.0,15.0,4.0,-9,0.0,22760.0,2128.0
2875359,2875360,25.0,1163199,1,1,0,1,6.0,-9.0,-9.0,15.0,4.0,-9,0.0,22760.0,2128.0
2875360,2875361,22.0,1163199,2,1,10,1,6.0,-9.0,-9.0,15.0,4.0,-9,0.0,22760.0,2128.0
2875361,2875362,21.0,1163199,3,1,10,1,6.0,-9.0,-9.0,15.0,4.0,-9,0.0,22760.0,2128.0
2875362,2875363,25.0,1163200,1,1,0,1,6.0,-9.0,-9.0,15.0,4.0,-9,0.0,22761.0,2128.0
2875363,2875364,22.0,1163200,2,1,10,1,6.0,-9.0,-9.0,15.0,4.0,-9,0.0,22761.0,2128.0
2875364,2875365,21.0,1163200,3,1,10,1,6.0,-9.0,-9.0,15.0,4.0,-9,0.0,22761.0,2128.0
2875365,2875366,25.0,1163201,1,1,0,1,6.0,-9.0,-9.0,15.0,4.0,-9,0.0,22761.0,2128.0
2875366,2875367,22.0,1163201,2,1,10,1,6.0,-9.0,-9.0,15.0,4.0,-9,0.0,22761.0,2128.0
2875367,2875368,21.0,1163201,3,1,10,1,6.0,-9.0,-9.0,15.0,4.0,-9,0.0,22761.0,2128.0
2875368,2875369,25.0,1163202,1,1,0,1,6.0,-9.0,-9.0,15.0,4.0,-9,0.0,22759.0,2128.0
2875369,2875370,22.0,1163202,2,1,10,1,6.0,-9.0,-9.0,15.0,4.0,-9,0.0,22759.0,2128.0
2875370,2875371,21.0,1163202,3,1,10,1,6.0,-9.0,-9.0,15.0,4.0,-9,0.0,22759.0,2128.0
2875371,2875372,25.0,1163203,1,1,0,1,6.0,-9.0,-9.0,15.0,4.0,-9,0.0,22761.0,2128.0
2875372,2875373,22.0,1163203,2,1,10,1,6.0,-9.0,-9.0,15.0,4.0,-9,0.0,22761.0,2128.0
2875373,2875374,21.0,1163203,3,1,10,1,6.0,-9.0,-9.0,15.0,4.0,-9,0.0,22761.0,2128.0
2875374,2875375,25.0,1163204,1,1,0,1,6.0,-9.0,-9.0,15.0,4.0,-9,0.0,22760.0,2128.0
2875375,2875376,22.0,1163204,2,1,10,1,6.0,-9.0,-9.0,15.0,4.0,-9,0.0,22760.0,2128.0
2875376,2875377,21.0,1163204,3,1,10,1,6.0,-9.0,-9.0,15.0,4.0,-9,0.0,22760.0,2128.0
2875377,2875378,25.0,1163205,1,1,0,1,6.0,-9.0,-9.0,15.0,4.0,-9,0.0,22759.0,2128.0
2875378,2875379,22.0,1163205,2,1,10,1,6.0,-9.0,-9.0,15.0,4.0,-9,0.0,22759.0,2128.0
2875379,2875380,21.0,1163205,3,1,10,1,6.0,-9.0,-9.0,15.0,4.0,-9,0.0,22759.0,2128.0
2875380,2875381,25.0,1163206,1,1,0,1,6.0,-9.0,-9.0,15.0,4.0,-9,0.0,22759.0,2128.0
2875381,2875382,22.0,1163206,2,1,10,1,6.0,-9.0,-9.0,15.0,4.0,-9,0.0,22759.0,2128.0
2875382,2875383,21.0,1163206,3,1,10,1,6.0,-9.0,-9.0,15.0,4.0,-9,0.0,22759.0,2128.0
2875383,2875384,25.0,1163207,1,1,0,1,6.0,-9.0,-9.0,15.0,4.0,-9,0.0,22759.0,2128.0
2875384,2875385,22.0,1163207,2,1,10,1,6.0,-9.0,-9.0,15.0,4.0,-9,0.0,22759.0,2128.0
2875385,2875386,21.0,1163207,3,1,10,1,6.0,-9.0,-9.0,15.0,4.0,-9,0.0,22759.0,2128.0
2875386,2875387,25.0,1163208,1,1,0,1,6.0,-9.0,-9.0,15.0,4.0,-9,0.0,22760.0,2128.0
2875387,2875388,22.0,1163208,2,1,10,1,6.0,-9.0,-9.0,15.0,4.0,-9,0.0,22760.0,2128.0
2875388,2875389,21.0,1163208,3,1,10,1,6.0,-9.0,-9.0,15.0,4.0,-9,0.0,22760.0,2128.0
2875389,2875390,25.0,1163209,1,1,0,1,6.0,-9.0,-9.0,15.0,4.0,-9,0.0,22759.0,2128.0
2875390,2875391,22.0,1163209,2,1,10,1,6.0,-9.0,-9.0,15.0,4.0,-9,0.0,22759.0,2128.0
2875391,2875392,21.0,1163209,3,1,10,1,6.0,-9.0,-9.0,15.0,4.0,-9,0.0,22759.0,2128.0
2875392,2875393,25.0,1163210,1,1,0,1,6.0,-9.0,-9.0,15.0,4.0,-9,0.0,22760.0,2128.0
2875393,2875394,22.0,1163210,2,1,10,1,6.0,-9.0,-9.0,15.0,4.0,-9,0.0,22760.0,2128.0
2875394,2875395,21.0,1163210,3,1,10,1,6.0,-9.0,-9.0,15.0,4.0,-9,0.0,22760.0,2128.0
2875395,2875396,25.0,1163211,1,1,0,1,6.0,-9.0,-9.0,15.0,4.0,-9,0.0,22761.0,2128.0
2875396,2875397,22.0,1163211,2,1,10,1,6.0,-9.0,-9.0,15.0,4.0,-9,0.0,22761.0,2128.0
2875397,2875398,21.0,1163211,3,1,10,1,6.0,-9.0,-9.0,15.0,4.0,-9,0.0,22761.0,2128.0
2875398,2875399,20.0,1163212,1,2,0,4,3.0,-9.0,-9.0,15.0,4.0,999920,0.0,22760.0,2128.0
2875399,2875400,20.0,1163213,1,2,0,4,3.0,-9.0,-9.0,15.0,4.0,999920,0.0,22759.0,2128.0
2875400,2875401,20.0,1163214,1,2,0,4,3.0,-9.0,-9.0,15.0,4.0,999920,0.0,22760.0,2128.0
2875401,2875402,24.0,1163215,1,2,0,4,6.0,-9.0,-9.0,16.0,4.0,-9,0.0,22763.0,2129.0
2875402,2875403,20.0,1163216,1,2,0,4,3.0,-9.0,-9.0,15.0,4.0,999920,0.0,22759.0,2128.0
2875403,2875404,20.0,1163217,1,2,0,4,3.0,-9.0,-9.0,15.0,4.0,999920,0.0,22760.0,2128.0
2875404,2875405,20.0,1163218,1,2,0,4,3.0,-9.0,-9.0,15.0,4.0,999920,0.0,22763.0,2129.0
2875405,2875406,20.0,1163219,1,2,0,4,3.0,-9.0,-9.0,15.0,4.0,999920,0.0,22761.0,2128.0
2875406,2875407,24.0,1163220,1,2,0,4,6.0,-9.0,-9.0,16.0,4.0,-9,0.0,22760.0,2128.0
2875407,2875408,24.0,1163221,1,2,0,4,6.0,-9.0,-9.0,16.0,4.0,-9,0.0,22763.0,2129.0
2875408,2875409,24.0,1163222,1,2,0,4,6.0,-9.0,-9.0,16.0,4.0,-9,0.0,22761.0,2128.0
2875409,2875410,20.0,1163223,1,2,0,4,3.0,-9.0,-9.0,15.0,4.0,999920,0.0,22759.0,2128.0
2875410,2875411,20.0,1163224,1,2,0,4,3.0,-9.0,-9.0,15.0,4.0,999920,0.0,22760.0,2128.0
2875411,2875412,20.0,1163225,1,2,0,4,3.0,-9.0,-9.0,15.0,4.0,999920,0.0,22760.0,2128.0
2875412,2875413,20.0,1163226,1,2,0,4,3.0,-9.0,-9.0,15.0,4.0,999920,0.0,22761.0,2128.0
2875413,2875414,20.0,1163227,1,2,0,4,3.0,-9.0,-9.0,15.0,4.0,999920,0.0,22761.0,2128.0
2875414,2875415,20.0,1163228,1,2,0,4,3.0,-9.0,-9.0,15.0,4.0,999920,0.0,22760.0,2128.0
2875415,2875416,20.0,1163229,1,2,0,4,3.0,-9.0,-9.0,15.0,4.0,999920,0.0,22761.0,2128.0
2875416,2875417,20.0,1163230,1,2,0,4,3.0,-9.0,-9.0,15.0,4.0,999920,0.0,22763.0,2129.0
2875417,2875418,20.0,1163231,1,2,0,4,3.0,-9.0,-9.0,15.0,4.0,999920,0.0,22759.0,2128.0
2875418,2875419,24.0,1163232,1,2,0,4,6.0,-9.0,-9.0,16.0,4.0,-9,0.0,22760.0,2128.0
2875419,2875420,20.0,1163233,1,2,0,4,3.0,-9.0,-9.0,15.0,4.0,999920,0.0,22760.0,2128.0
2875420,2875421,24.0,1163234,1,2,0,4,6.0,-9.0,-9.0,16.0,4.0,-9,0.0,22760.0,2128.0
2875421,2875422,24.0,1163235,1,2,0,4,6.0,-9.0,-9.0,16.0,4.0,-9,0.0,22760.0,2128.0
2875422,2875423,24.0,1163236,1,2,0,4,6.0,-9.0,-9.0,16.0,4.0,-9,0.0,22760.0,2128.0
2875423,2875424,20.0,1163237,1,2,0,4,3.0,-9.0,-9.0,15.0,4.0,999920,0.0,22759.0,2128.0
2875424,2875425,24.0,1163238,1,2,0,4,6.0,-9.0,-9.0,16.0,4.0,-9,0.0,22760.0,2128.0
2875425,2875426,24.0,1163239,1,1,0,4,6.0,-9.0,-9.0,15.0,4.0,-9,0.0,22759.0,2128.0
2875426,2875427,24.0,1163240,1,1,0,4,6.0,-9.0,-9.0,15.0,4.0,-9,0.0,22760.0,2128.0
2875427,2875428,24.0,1163241,1,1,0,4,6.0,-9.0,-9.0,15.0,4.0,-9,0.0,22760.0,2128.0
2875428,2875429,24.0,1163242,1,1,0,4,6.0,-9.0,-9.0,15.0,4.0,-9,0.0,22760.0,2128.0
2875429,2875430,24.0,1163243,1,1,0,4,6.0,-9.0,-9.0,15.0,4.0,-9,0.0,22760.0,2128.0
2875430,2875431,24.0,1163244,1,1,0,4,6.0,-9.0,-9.0,15.0,4.0,-9,0.0,22759.0,2128.0
2875431,2875432,24.0,1163245,1,1,0,4,6.0,-9.0,-9.0,15.0,4.0,-9,0.0,22761.0,2128.0
2875432,2875433,24.0,1163246,1,1,0,4,6.0,-9.0,-9.0,15.0,4.0,-9,0.0,22763.0,2129.0
2875433,2875434,24.0,1163247,1,1,0,4,6.0,-9.0,-9.0,15.0,4.0,-9,0.0,22760.0,2128.0
2875434,2875435,24.0,1163248,1,1,0,4,6.0,-9.0,-9.0,15.0,4.0,-9,0.0,22760.0,2128.0
2875435,2875436,24.0,1163249,1,1,0,4,6.0,-9.0,-9.0,15.0,4.0,-9,0.0,22759.0,2128.0
2875436,2875437,24.0,1163250,1,1,0,4,6.0,-9.0,-9.0,15.0,4.0,-9,0.0,22761.0,2128.0
2875437,2875438,24.0,1163251,1,1,0,4,6.0,-9.0,-9.0,15.0,4.0,-9,0.0,22759.0,2128.0
2875438,2875439,24.0,1163252,1,1,0,4,6.0,-9.0,-9.0,15.0,4.0,-9,0.0,22759.0,2128.0
2875439,2875440,24.0,1163253,1,1,0,4,6.0,-9.0,-9.0,15.0,4.0,-9,0.0,22761.0,2128.0
2875440,2875441,24.0,1163254,1,1,0,4,6.0,-9.0,-9.0,15.0,4.0,-9,0.0,22760.0,2128.0
2875441,2875442,24.0,1163255,1,1,0,4,6.0,-9.0,-9.0,15.0,4.0,-9,0.0,22759.0,2128.0
2875442,2875443,24.0,1163256,1,1,0,4,6.0,-9.0,-9.0,15.0,4.0,-9,0.0,22760.0,2128.0
2875443,2875444,24.0,1163257,1,1,0,4,6.0,-9.0,-9.0,15.0,4.0,-9,0.0,22761.0,2128.0
2875444,2875445,24.0,1163258,1,1,0,4,6.0,-9.0,-9.0,15.0,4.0,-9,0.0,22760.0,2128.0
2875445,2875446,24.0,1163259,1,1,0,4,6.0,-9.0,-9.0,15.0,4.0,-9,0.0,22759.0,2128.0
2875446,2875447,24.0,1163260,1,1,0,4,6.0,-9.0,-9.0,15.0,4.0,-9,0.0,22760.0,2128.0
2875447,2875448,24.0,1163261,1,1,0,4,6.0,-9.0,-9.0,15.0,4.0,-9,0.0,22759.0,2128.0
2875448,2875449,22.0,1163262,1,1,0,3,1.0,15.0,6.0,16.0,4.0,611M1,13.0,22760.0,2128.0
2875449,2875450,22.0,1163263,1,1,0,3,1.0,15.0,6.0,16.0,4.0,611M1,13.0,22759.0,2128.0
2875450,2875451,22.0,1163264,1,1,0,3,1.0,15.0,6.0,16.0,4.0,611M1,13.0,22760.0,2128.0
2875451,2875452,22.0,1163265,1,1,0,3,1.0,15.0,6.0,16.0,4.0,611M1,13.0,22761.0,2128.0
2875452,2875453,22.0,1163266,1,1,0,3,1.0,15.0,6.0,16.0,4.0,611M1,13.0,22761.0,2128.0
2875453,2875454,22.0,1163267,1,1,0,3,1.0,15.0,6.0,16.0,4.0,611M1,13.0,22761.0,2128.0
2875454,2875455,22.0,1163268,1,1,0,3,1.0,15.0,6.0,16.0,4.0,611M1,13.0,22760.0,2128.0
2875455,2875456,22.0,1163269,1,1,0,3,1.0,15.0,6.0,16.0,4.0,611M1,13.0,22760.0,2128.0
2875456,2875457,22.0,1163270,1,1,0,3,1.0,15.0,6.0,16.0,4.0,611M1,13.0,22760.0,2128.0
2875457,2875458,22.0,1163271,1,1,0,3,1.0,15.0,6.0,16.0,4.0,611M1,13.0,22760.0,2128.0
2875458,2875459,22.0,1163272,1,1,0,3,1.0,15.0,6.0,16.0,4.0,611M1,13.0,22761.0,2128.0
2875459,2875460,22.0,1163273,1,1,0,3,1.0,15.0,6.0,16.0,4.0,611M1,13.0,22760.0,2128.0
2875460,2875461,22.0,1163274,1,1,0,3,1.0,15.0,6.0,16.0,4.0,611M1,13.0,22761.0,2128.0
2875461,2875462,22.0,1163275,1,1,0,3,1.0,15.0,6.0,16.0,4.0,611M1,13.0,22760.0,2128.0
2875462,2875463,22.0,1163276,1,1,0,3,1.0,15.0,6.0,16.0,4.0,611M1,13.0,22759.0,2128.0
2875463,2875464,22.0,1163277,1,1,0,3,1.0,15.0,6.0,16.0,4.0,611M1,13.0,22760.0,2128.0
2875464,2875465,23.0,1163278,1,1,0,1,1.0,40.0,1.0,-9.0,4.0,336M,3.0,22760.0,2128.0
2875465,2875466,26.0,1163278,2,1,12,1,1.0,40.0,1.0,15.0,4.0,722Z,16.0,22760.0,2128.0
2875466,2875467,23.0,1163278,3,1,12,1,1.0,40.0,1.0,16.0,4.0,325M,3.0,22760.0,2128.0
2875467,2875468,23.0,1163278,4,1,12,1,2.0,30.0,3.0,15.0,4.0,7211,16.0,22760.0,2128.0
2875468,2875469,23.0,1163279,1,1,0,1,1.0,40.0,1.0,-9.0,4.0,336M,3.0,22760.0,2128.0
2875469,2875470,26.0,1163279,2,1,12,1,1.0,40.0,1.0,15.0,4.0,722Z,16.0,22760.0,2128.0
2875470,2875471,23.0,1163279,3,1,12,1,1.0,40.0,1.0,16.0,4.0,325M,3.0,22760.0,2128.0
2875471,2875472,23.0,1163279,4,1,12,1,2.0,30.0,3.0,15.0,4.0,7211,16.0,22760.0,2128.0
2875472,2875473,23.0,1163280,1,1,0,1,3.0,-9.0,-9.0,15.0,4.0,999920,0.0,22761.0,2128.0
2875473,2875474,24.0,1163281,1,1,0,1,1.0,50.0,1.0,16.0,4.0,611M1,13.0,22760.0,2128.0
2875474,2875475,25.0,1163281,2,1,12,4,1.0,50.0,1.0,16.0,4.0,611M1,13.0,22760.0,2128.0
2875475,2875476,24.0,1163282,1,1,0,1,1.0,50.0,1.0,16.0,4.0,611M1,13.0,22760.0,2128.0
2875476,2875477,25.0,1163282,2,1,12,4,1.0,50.0,1.0,16.0,4.0,611M1,13.0,22760.0,2128.0
2875477,2875478,24.0,1163283,1,1,0,1,1.0,50.0,1.0,16.0,4.0,611M1,13.0,22761.0,2128.0
2875478,2875479,25.0,1163283,2,1,12,4,1.0,50.0,1.0,16.0,4.0,611M1,13.0,22761.0,2128.0
2875479,2875480,24.0,1163284,1,1,0,1,1.0,50.0,1.0,16.0,4.0,611M1,13.0,22761.0,2128.0
2875480,2875481,25.0,1163284,2,1,12,4,1.0,50.0,1.0,16.0,4.0,611M1,13.0,22761.0,2128.0
2875481,2875482,24.0,1163285,1,1,0,1,1.0,50.0,1.0,16.0,4.0,611M1,13.0,22759.0,2128.0
2875482,2875483,25.0,1163285,2,1,12,4,1.0,50.0,1.0,16.0,4.0,611M1,13.0,22759.0,2128.0
2875483,2875484,24.0,1163286,1,1,0,1,1.0,50.0,1.0,16.0,4.0,611M1,13.0,22760.0,2128.0
2875484,2875485,25.0,1163286,2,1,12,4,1.0,50.0,1.0,16.0,4.0,611M1,13.0,22760.0,2128.0
2875485,2875486,24.0,1163287,1,1,0,1,1.0,50.0,1.0,16.0,4.0,611M1,13.0,22760.0,2128.0
2875486,2875487,25.0,1163287,2,1,12,4,1.0,50.0,1.0,16.0,4.0,611M1,13.0,22760.0,2128.0
2875487,2875488,24.0,1163288,1,1,0,1,1.0,50.0,1.0,16.0,4.0,611M1,13.0,22763.0,2129.0
2875488,2875489,25.0,1163288,2,1,12,4,1.0,50.0,1.0,16.0,4.0,611M1,13.0,22763.0,2129.0
2875489,2875490,24.0,1163289,1,1,0,1,1.0,50.0,1.0,16.0,4.0,611M1,13.0,22759.0,2128.0
2875490,2875491,25.0,1163289,2,1,12,4,1.0,50.0,1.0,16.0,4.0,611M1,13.0,22759.0,2128.0
2875491,2875492,24.0,1163290,1,1,0,1,1.0,50.0,1.0,16.0,4.0,611M1,13.0,22763.0,2129.0
2875492,2875493,25.0,1163290,2,1,12,4,1.0,50.0,1.0,16.0,4.0,611M1,13.0,22763.0,2129.0
2875493,2875494,24.0,1163291,1,1,0,1,1.0,50.0,1.0,16.0,4.0,611M1,13.0,22759.0,2128.0
2875494,2875495,25.0,1163291,2,1,12,4,1.0,50.0,1.0,16.0,4.0,611M1,13.0,22759.0,2128.0
2875495,2875496,24.0,1163292,1,1,0,1,1.0,50.0,1.0,16.0,4.0,611M1,13.0,22760.0,2128.0
2875496,2875497,25.0,1163292,2,1,12,4,1.0,50.0,1.0,16.0,4.0,611M1,13.0,22760.0,2128.0
2875497,2875498,24.0,1163293,1,1,0,1,1.0,50.0,1.0,16.0,4.0,611M1,13.0,22761.0,2128.0
2875498,2875499,25.0,1163293,2,1,12,4,1.0,50.0,1.0,16.0,4.0,611M1,13.0,22761.0,2128.0
2875499,2875500,24.0,1163294,1,1,0,1,1.0,50.0,1.0,16.0,4.0,611M1,13.0,22761.0,2128.0
2875500,2875501,25.0,1163294,2,1,12,4,1.0,50.0,1.0,16.0,4.0,611M1,13.0,22761.0,2128.0
2875501,2875502,24.0,1163295,1,1,0,1,1.0,50.0,1.0,16.0,4.0,611M1,13.0,22759.0,2128.0
2875502,2875503,25.0,1163295,2,1,12,4,1.0,50.0,1.0,16.0,4.0,611M1,13.0,22759.0,2128.0
2875503,2875504,24.0,1163296,1,1,0,1,1.0,50.0,1.0,16.0,4.0,611M1,13.0,22761.0,2128.0
2875504,2875505,25.0,1163296,2,1,12,4,1.0,50.0,1.0,16.0,4.0,611M1,13.0,22761.0,2128.0
2875505,2875506,24.0,1163297,1,1,0,1,1.0,50.0,1.0,16.0,4.0,611M1,13.0,22759.0,2128.0
2875506,2875507,25.0,1163297,2,1,12,4,1.0,50.0,1.0,16.0,4.0,611M1,13.0,22759.0,2128.0
2875507,2875508,24.0,1163298,1,1,0,1,1.0,50.0,1.0,16.0,4.0,611M1,13.0,22759.0,2128.0
2875508,2875509,25.0,1163298,2,1,12,4,1.0,50.0,1.0,16.0,4.0,611M1,13.0,22759.0,2128.0
2875509,2875510,24.0,1163299,1,1,0,1,1.0,50.0,1.0,16.0,4.0,611M1,13.0,22760.0,2128.0
2875510,2875511,25.0,1163299,2,1,12,4,1.0,50.0,1.0,16.0,4.0,611M1,13.0,22760.0,2128.0
2875511,2875512,24.0,1163300,1,1,0,1,1.0,50.0,1.0,16.0,4.0,611M1,13.0,22759.0,2128.0
2875512,2875513,25.0,1163300,2,1,12,4,1.0,50.0,1.0,16.0,4.0,611M1,13.0,22759.0,2128.0
2875513,2875514,24.0,1163301,1,1,0,1,1.0,50.0,1.0,16.0,4.0,611M1,13.0,22759.0,2128.0
2875514,2875515,25.0,1163301,2,1,12,4,1.0,50.0,1.0,16.0,4.0,611M1,13.0,22759.0,2128.0
2875515,2875516,24.0,1163302,1,1,0,1,1.0,50.0,1.0,16.0,4.0,611M1,13.0,22759.0,2128.0
2875516,2875517,25.0,1163302,2,1,12,4,1.0,50.0,1.0,16.0,4.0,611M1,13.0,22759.0,2128.0
2875517,2875518,24.0,1163303,1,1,0,1,1.0,50.0,1.0,16.0,4.0,611M1,13.0,22760.0,2128.0
2875518,2875519,25.0,1163303,2,1,12,4,1.0,50.0,1.0,16.0,4.0,611M1,13.0,22760.0,2128.0
2875519,2875520,24.0,1163304,1,1,0,1,1.0,50.0,1.0,16.0,4.0,611M1,13.0,22759.0,2128.0
2875520,2875521,25.0,1163304,2,1,12,4,1.0,50.0,1.0,16.0,4.0,611M1,13.0,22759.0,2128.0
2875521,2875522,24.0,1163305,1,1,0,1,1.0,50.0,1.0,16.0,4.0,611M1,13.0,22761.0,2128.0
2875522,2875523,25.0,1163305,2,1,12,4,1.0,50.0,1.0,16.0,4.0,611M1,13.0,22761.0,2128.0
2875523,2875524,24.0,1163306,1,1,0,1,1.0,50.0,1.0,16.0,4.0,611M1,13.0,22760.0,2128.0
2875524,2875525,25.0,1163306,2,1,12,4,1.0,50.0,1.0,16.0,4.0,611M1,13.0,22760.0,2128.0
2875525,2875526,24.0,1163307,1,1,0,1,1.0,50.0,1.0,16.0,4.0,611M1,13.0,22759.0,2128.0
2875526,2875527,25.0,1163307,2,1,12,4,1.0,50.0,1.0,16.0,4.0,611M1,13.0,22759.0,2128.0
2875527,2875528,24.0,1163308,1,2,0,1,1.0,50.0,1.0,-9.0,4.0,5613,12.0,22760.0,2128.0
2875528,2875529,24.0,1163309,1,2,0,1,1.0,50.0,1.0,-9.0,4.0,5613,12.0,22760.0,2128.0
2875529,2875530,24.0,1163310,1,2,0,1,1.0,50.0,1.0,-9.0,4.0,5613,12.0,22759.0,2128.0
2875530,2875531,24.0,1163311,1,2,0,1,1.0,50.0,1.0,-9.0,4.0,5613,12.0,22763.0,2129.0
2875531,2875532,24.0,1163312,1,2,0,1,1.0,50.0,1.0,-9.0,4.0,5613,12.0,22761.0,2128.0
2875532,2875533,24.0,1163313,1,2,0,1,1.0,50.0,1.0,-9.0,4.0,5613,12.0,22760.0,2128.0
2875533,2875534,24.0,1163314,1,2,0,1,1.0,50.0,1.0,-9.0,4.0,5613,12.0,22761.0,2128.0
2875534,2875535,24.0,1163315,1,2,0,1,1.0,50.0,1.0,-9.0,4.0,5613,12.0,22760.0,2128.0
2875535,2875536,24.0,1163316,1,2,0,1,1.0,50.0,1.0,-9.0,4.0,5613,12.0,22760.0,2128.0
2875536,2875537,24.0,1163317,1,2,0,1,1.0,50.0,1.0,-9.0,4.0,5613,12.0,22760.0,2128.0
2875537,2875538,24.0,1163318,1,2,0,1,1.0,50.0,1.0,-9.0,4.0,5613,12.0,22759.0,2128.0
2875538,2875539,24.0,1163319,1,2,0,1,1.0,50.0,1.0,-9.0,4.0,5613,12.0,22759.0,2128.0
2875539,2875540,24.0,1163320,1,2,0,1,1.0,50.0,1.0,-9.0,4.0,5613,12.0,22759.0,2128.0
2875540,2875541,22.0,1163321,1,1,0,1,1.0,55.0,4.0,-9.0,4.0,5416,10.0,22759.0,2128.0
2875541,2875542,22.0,1163322,1,1,0,1,1.0,55.0,4.0,-9.0,4.0,5416,10.0,22761.0,2128.0
2875542,2875543,22.0,1163323,1,1,0,1,1.0,55.0,4.0,-9.0,4.0,5416,10.0,22760.0,2128.0
2875543,2875544,22.0,1163324,1,1,0,1,1.0,55.0,4.0,-9.0,4.0,5416,10.0,22760.0,2128.0
2875544,2875545,22.0,1163325,1,1,0,1,1.0,55.0,4.0,-9.0,4.0,5416,10.0,22763.0,2129.0
2875545,2875546,22.0,1163326,1,1,0,1,1.0,55.0,4.0,-9.0,4.0,5416,10.0,22758.0,2127.0
2875546,2875547,22.0,1163327,1,1,0,1,1.0,55.0,4.0,-9.0,4.0,5416,10.0,22760.0,2128.0
2875547,2875548,22.0,1163328,1,1,0,1,1.0,55.0,4.0,-9.0,4.0,5416,10.0,22759.0,2128.0
2875548,2875549,22.0,1163329,1,1,0,1,1.0,55.0,4.0,-9.0,4.0,5416,10.0,22760.0,2128.0
2875549,2875550,22.0,1163330,1,1,0,1,1.0,55.0,4.0,-9.0,4.0,5416,10.0,22759.0,2128.0
2875550,2875551,22.0,1163331,1,1,0,1,1.0,55.0,4.0,-9.0,4.0,5416,10.0,22761.0,2128.0
2875551,2875552,22.0,1163332,1,1,0,1,1.0,55.0,4.0,-9.0,4.0,5416,10.0,22759.0,2128.0
2875552,2875553,22.0,1163333,1,1,0,1,1.0,55.0,4.0,-9.0,4.0,5416,10.0,22761.0,2128.0
2875553,2875554,22.0,1163334,1,1,0,1,1.0,55.0,4.0,-9.0,4.0,5416,10.0,22761.0,2128.0
2875554,2875555,22.0,1163335,1,1,0,1,1.0,55.0,4.0,-9.0,4.0,5416,10.0,22760.0,2128.0
2875555,2875556,22.0,1163336,1,1,0,1,1.0,55.0,4.0,-9.0,4.0,5416,10.0,22759.0,2128.0
2875556,2875557,22.0,1163337,1,1,0,1,1.0,55.0,4.0,-9.0,4.0,5416,10.0,22761.0,2128.0
2875557,2875558,22.0,1163338,1,1,0,1,1.0,55.0,4.0,-9.0,4.0,5416,10.0,22760.0,2128.0
2875558,2875559,22.0,1163339,1,1,0,1,1.0,55.0,4.0,-9.0,4.0,5416,10.0,22759.0,2128.0
2875559,2875560,22.0,1163340,1,1,0,1,1.0,55.0,4.0,-9.0,4.0,5416,10.0,22760.0,2128.0
2875560,2875561,22.0,1163341,1,1,0,1,1.0,55.0,4.0,-9.0,4.0,5416,10.0,22760.0,2128.0
2875561,2875562,22.0,1163342,1,1,0,1,1.0,55.0,4.0,-9.0,4.0,5416,10.0,22759.0,2128.0
2875562,2875563,22.0,1163343,1,1,0,1,1.0,55.0,4.0,-9.0,4.0,5416,10.0,22760.0,2128.0
2875563,2875564,22.0,1163344,1,1,0,1,1.0,55.0,4.0,-9.0,4.0,5416,10.0,22759.0,2128.0
2875564,2875565,22.0,1163345,1,1,0,1,1.0,55.0,4.0,-9.0,4.0,5416,10.0,22759.0,2128.0
2875565,2875566,22.0,1163346,1,1,0,1,1.0,55.0,4.0,-9.0,4.0,5416,10.0,22759.0,2128.0
2875566,2875567,22.0,1163347,1,1,0,1,1.0,55.0,4.0,-9.0,4.0,5416,10.0,22760.0,2128.0
2875567,2875568,22.0,1163348,1,1,0,1,1.0,55.0,4.0,-9.0,4.0,5416,10.0,22761.0,2128.0
2875568,2875569,22.0,1163349,1,1,0,1,1.0,55.0,4.0,-9.0,4.0,5416,10.0,22761.0,2128.0
2875569,2875570,22.0,1163350,1,1,0,1,1.0,55.0,4.0,-9.0,4.0,5416,10.0,22759.0,2128.0
2875570,2875571,22.0,1163351,1,1,0,1,1.0,55.0,4.0,-9.0,4.0,5416,10.0,22759.0,2128.0
2875571,2875572,24.0,1163352,1,1,0,1,1.0,8.0,4.0,15.0,4.0,611M1,13.0,22761.0,2128.0
2875572,2875573,23.0,1163353,1,1,0,1,1.0,50.0,1.0,16.0,4.0,611M1,13.0,22760.0,2128.0
2875573,2875574,20.0,1163354,1,1,0,1,1.0,20.0,5.0,15.0,4.0,611M1,13.0,22760.0,2128.0
2875574,2875575,20.0,1163355,1,1,0,1,1.0,6.0,4.0,15.0,4.0,6111,13.0,22759.0,2128.0
2875575,2875576,20.0,1163356,1,1,0,1,1.0,6.0,4.0,15.0,4.0,6111,13.0,22761.0,2128.0
2875576,2875577,23.0,1163357,1,1,0,1,1.0,50.0,1.0,16.0,4.0,611M1,13.0,22760.0,2128.0
2875577,2875578,20.0,1163358,1,1,0,1,1.0,6.0,4.0,15.0,4.0,6111,13.0,22759.0,2128.0
2875578,2875579,20.0,1163359,1,1,0,1,1.0,6.0,4.0,15.0,4.0,6111,13.0,22761.0,2128.0
2875579,2875580,20.0,1163360,1,1,0,1,1.0,6.0,4.0,15.0,4.0,6111,13.0,22760.0,2128.0
2875580,2875581,20.0,1163361,1,1,0,1,1.0,20.0,5.0,15.0,4.0,611M1,13.0,22759.0,2128.0
2875581,2875582,20.0,1163362,1,1,0,1,1.0,20.0,5.0,15.0,4.0,611M1,13.0,22759.0,2128.0
2875582,2875583,23.0,1163363,1,1,0,1,1.0,50.0,1.0,16.0,4.0,611M1,13.0,22759.0,2128.0
2875583,2875584,20.0,1163364,1,1,0,1,1.0,20.0,5.0,15.0,4.0,611M1,13.0,22760.0,2128.0
2875584,2875585,20.0,1163365,1,1,0,1,1.0,6.0,4.0,15.0,4.0,6111,13.0,22760.0,2128.0
2875585,2875586,24.0,1163366,1,1,0,1,1.0,8.0,4.0,15.0,4.0,611M1,13.0,22760.0,2128.0
2875586,2875587,24.0,1163367,1,1,0,1,1.0,50.0,4.0,15.0,4.0,336M,3.0,22759.0,2128.0
2875587,2875588,23.0,1163368,1,2,0,1,6.0,-9.0,-9.0,15.0,4.0,623M,14.0,22759.0,2128.0
2875588,2875589,23.0,1163369,1,2,0,1,6.0,-9.0,-9.0,15.0,4.0,623M,14.0,22759.0,2128.0
2875589,2875590,23.0,1163370,1,2,0,1,6.0,-9.0,-9.0,15.0,4.0,623M,14.0,22760.0,2128.0
2875590,2875591,23.0,1163371,1,2,0,1,6.0,-9.0,-9.0,15.0,4.0,623M,14.0,22760.0,2128.0
2875591,2875592,23.0,1163372,1,2,0,1,6.0,-9.0,-9.0,15.0,4.0,623M,14.0,22760.0,2128.0
2875592,2875593,23.0,1163373,1,2,0,1,6.0,-9.0,-9.0,15.0,4.0,623M,14.0,22760.0,2128.0
2875593,2875594,23.0,1163374,1,2,0,1,6.0,-9.0,-9.0,15.0,4.0,623M,14.0,22760.0,2128.0
2875594,2875595,23.0,1163375,1,2,0,1,6.0,-9.0,-9.0,15.0,4.0,623M,14.0,22759.0,2128.0
2875595,2875596,23.0,1163376,1,2,0,1,6.0,-9.0,-9.0,15.0,4.0,623M,14.0,22759.0,2128.0
2875596,2875597,23.0,1163377,1,2,0,1,6.0,-9.0,-9.0,15.0,4.0,623M,14.0,22759.0,2128.0
4716694,4716695,17.0,1935434,1,2,17,1,6.0,15.0,4.0,15.0,4.0,44821,5.0,22808.0,2147.0
4716695,4716696,17.0,1935435,1,1,17,1,6.0,35.0,6.0,15.0,4.0,713Z,16.0,22808.0,2147.0
4716696,4716697,17.0,1935436,1,2,17,1,6.0,15.0,4.0,15.0,4.0,44821,5.0,22808.0,2147.0
4716697,4716698,17.0,1935437,1,2,17,1,1.0,9.0,4.0,15.0,-9.0,6214,14.0,22808.0,2147.0
4716698,4716699,17.0,1935438,1,2,17,1,1.0,20.0,4.0,15.0,4.0,722Z,16.0,22814.0,2150.0
4716699,4716700,17.0,1935439,1,2,17,1,1.0,9.0,4.0,15.0,-9.0,6214,14.0,22808.0,2147.0
4716703,4716704,17.0,1935443,1,1,17,1,6.0,-9.0,-9.0,-9.0,4.0,-9,-9.0,22808.0,2147.0
4716706,4716707,17.0,1935446,1,2,17,1,1.0,9.0,4.0,15.0,-9.0,6214,14.0,22808.0,2147.0
4716709,4716710,17.0,1935449,1,2,17,1,1.0,8.0,6.0,15.0,4.0,611M1,13.0,22808.0,2147.0
4716712,4716713,17.0,1935452,1,2,17,1,6.0,15.0,4.0,15.0,4.0,44821,5.0,22814.0,2150.0
4716714,4716715,17.0,1935454,1,2,17,1,6.0,5.0,6.0,15.0,4.0,6211,14.0,22808.0,2147.0
4716716,4716717,17.0,1935456,1,1,17,1,6.0,-9.0,-9.0,-9.0,4.0,-9,-9.0,22808.0,2147.0
4716722,4716723,17.0,1935462,1,2,17,3,6.0,18.0,6.0,15.0,4.0,6244,14.0,22808.0,2147.0
4716726,4716727,17.0,1935466,1,2,17,3,6.0,-9.0,-9.0,15.0,-9.0,-9,-9.0,22808.0,2147.0
4716727,4716728,17.0,1935467,1,2,17,3,6.0,-9.0,-9.0,-9.0,-9.0,611M1,13.0,22806.0,2146.0
4716731,4716732,17.0,1935471,1,2,17,3,6.0,18.0,6.0,15.0,4.0,6244,14.0,22808.0,2147.0
4716732,4716733,17.0,1935472,1,2,17,3,6.0,-9.0,-9.0,15.0,-9.0,-9,-9.0,22808.0,2147.0
4716737,4716738,17.0,1935477,1,2,17,3,6.0,-9.0,-9.0,-9.0,-9.0,611M1,13.0,22806.0,2146.0
4716740,4716741,17.0,1935480,1,2,17,3,6.0,-9.0,-9.0,-9.0,4.0,611M1,13.0,22808.0,2147.0
4716742,4716743,17.0,1935482,1,2,17,3,6.0,-9.0,-9.0,-9.0,4.0,611M1,13.0,22808.0,2147.0
4716746,4716747,17.0,1935486,1,2,17,3,6.0,-9.0,-9.0,-9.0,4.0,611M1,13.0,22810.0,2148.0
4716752,4716753,17.0,1935492,1,2,17,3,6.0,18.0,6.0,15.0,4.0,6244,14.0,22806.0,2146.0
4716753,4716754,17.0,1935493,1,2,17,3,6.0,-9.0,-9.0,-9.0,4.0,611M1,13.0,22765.0,2130.0
4716756,4716757,17.0,1935496,1,2,17,3,6.0,-9.0,-9.0,-9.0,4.0,611M1,13.0,22806.0,2146.0
4716757,4716758,17.0,1935497,1,2,17,3,6.0,-9.0,-9.0,15.0,-9.0,-9,-9.0,22758.0,2127.0
4716758,4716759,17.0,1935498,1,2,17,3,6.0,-9.0,-9.0,-9.0,4.0,611M1,13.0,22808.0,2147.0
4716763,4716764,17.0,1935503,1,2,17,3,6.0,-9.0,-9.0,-9.0,-9.0,611M1,13.0,22760.0,2128.0
4716769,4716770,17.0,1935509,1,2,17,3,6.0,18.0,6.0,15.0,4.0,6244,14.0,22806.0,2146.0
4716779,4716780,17.0,1935519,1,2,17,3,6.0,-9.0,-9.0,15.0,-9.0,-9,-9.0,22808.0,2147.0
4716783,4716784,17.0,1935523,1,2,17,3,6.0,18.0,6.0,15.0,4.0,6244,14.0,22814.0,2150.0
4716786,4716787,17.0,1935526,1,2,17,3,6.0,18.0,6.0,15.0,4.0,6244,14.0,22808.0,2147.0
4716789,4716790,17.0,1935529,1,1,17,1,6.0,35.0,6.0,15.0,4.0,713Z,16.0,22765.0,2130.0
4716795,4716796,17.0,1935535,1,2,17,3,6.0,-9.0,-9.0,-9.0,-9.0,611M1,13.0,22808.0,2147.0
4716796,4716797,17.0,1935536,1,2,17,3,6.0,-9.0,-9.0,15.0,4.0,45221,5.0,22808.0,2147.0
4716799,4716800,18.0,1935539,1,2,17,1,1.0,30.0,1.0,15.0,4.0,611M1,13.0,22808.0,2147.0
4716800,4716801,18.0,1935540,1,1,17,1,1.0,14.0,1.0,16.0,4.0,611M1,13.0,22808.0,2147.0
4716808,4716809,18.0,1935548,1,1,17,1,1.0,20.0,1.0,15.0,4.0,611M1,13.0,22806.0,2146.0
4716810,4716811,18.0,1935550,1,2,17,1,1.0,10.0,5.0,15.0,4.0,611M1,13.0,22806.0,2146.0
4716822,4716823,18.0,1935562,1,2,17,1,6.0,30.0,6.0,15.0,4.0,337,3.0,22808.0,2147.0
4716825,4716826,18.0,1935565,1,2,17,1,1.0,20.0,1.0,15.0,4.0,611M1,13.0,22765.0,2130.0
4716827,4716828,18.0,1935567,1,1,17,1,3.0,50.0,6.0,15.0,4.0,5617Z,12.0,22815.0,2150.0
4716830,4716831,18.0,1935570,1,2,17,1,6.0,35.0,6.0,15.0,4.0,713Z,16.0,22808.0,2147.0
4716832,4716833,18.0,1935572,1,2,17,1,1.0,30.0,1.0,-9.0,4.0,8131,17.0,22808.0,2147.0
4716833,4716834,18.0,1935573,1,1,17,1,6.0,4.0,6.0,15.0,4.0,611M1,13.0,22808.0,2147.0
4716835,4716836,18.0,1935575,1,2,17,1,1.0,10.0,3.0,15.0,4.0,611M1,13.0,22808.0,2147.0
4716838,4716839,18.0,1935578,1,2,17,1,1.0,50.0,6.0,15.0,4.0,5415,10.0,22808.0,2147.0
4716839,4716840,18.0,1935579,1,2,17,1,1.0,25.0,6.0,15.0,4.0,44611,5.0,22808.0,2147.0
4716842,4716843,18.0,1935582,1,2,17,1,1.0,10.0,6.0,15.0,4.0,44821,5.0,22765.0,2130.0
4716844,4716845,18.0,1935584,1,2,17,1,1.0,40.0,5.0,15.0,4.0,713Z,16.0,22806.0,2146.0
4716845,4716846,18.0,1935585,1,2,17,1,6.0,60.0,6.0,15.0,4.0,713Z,16.0,22808.0,2147.0
4716846,4716847,18.0,1935586,1,2,17,1,1.0,15.0,5.0,15.0,4.0,722Z,16.0,22806.0,2146.0
4716848,4716849,18.0,1935588,1,2,17,1,3.0,1.0,6.0,15.0,4.0,611M3,13.0,22808.0,2147.0
4716849,4716850,18.0,1935589,1,1,17,1,6.0,-9.0,-9.0,15.0,4.0,623M,14.0,22808.0,2147.0
4716855,4716856,18.0,1935595,1,2,17,1,6.0,99.0,6.0,15.0,4.0,721M,16.0,22808.0,2147.0
4716856,4716857,18.0,1935596,1,1,17,1,6.0,30.0,5.0,15.0,4.0,23,2.0,22806.0,2146.0
4716857,4716858,18.0,1935597,1,2,17,1,1.0,28.0,1.0,15.0,4.0,814,17.0,22806.0,2146.0
4716859,4716860,18.0,1935599,1,2,17,1,6.0,36.0,4.0,15.0,4.0,722Z,16.0,22808.0,2147.0
4716861,4716862,18.0,1935601,1,2,17,1,1.0,15.0,4.0,15.0,4.0,713Z,16.0,22808.0,2147.0
4716863,4716864,18.0,1935603,1,2,17,1,3.0,40.0,5.0,15.0,4.0,6241,14.0,22806.0,2146.0
4716872,4716873,18.0,1935612,1,2,17,1,1.0,30.0,4.0,15.0,4.0,722Z,16.0,22765.0,2130.0
4716873,4716874,18.0,1935613,1,1,17,1,1.0,40.0,3.0,15.0,4.0,5413,10.0,22808.0,2147.0
4716876,4716877,18.0,1935616,1,1,17,1,6.0,30.0,6.0,15.0,4.0,56173,12.0,22808.0,2147.0
4716878,4716879,18.0,1935618,1,1,17,1,6.0,35.0,6.0,15.0,4.0,722Z,16.0,22806.0,2146.0
4716880,4716881,18.0,1935620,1,2,17,1,1.0,20.0,4.0,15.0,4.0,721M,16.0,22806.0,2146.0
4716882,4716883,18.0,1935622,1,2,17,1,6.0,12.0,3.0,15.0,4.0,722Z,16.0,22808.0,2147.0
4716883,4716884,18.0,1935623,1,1,17,1,1.0,30.0,2.0,15.0,4.0,611M1,13.0,22806.0,2146.0
4716884,4716885,18.0,1935624,1,1,17,1,6.0,40.0,6.0,15.0,4.0,713Z,16.0,22806.0,2146.0
4716885,4716886,18.0,1935625,1,2,17,1,6.0,5.0,6.0,15.0,4.0,56173,12.0,22806.0,2146.0
4716892,4716893,18.0,1935632,1,2,17,1,3.0,12.0,3.0,15.0,4.0,9211MP,18.0,22806.0,2146.0
4716895,4716896,18.0,1935635,1,1,17,1,6.0,60.0,1.0,-9.0,4.0,56173,12.0,22765.0,2130.0
4716898,4716899,18.0,1935638,1,2,17,1,6.0,40.0,4.0,15.0,4.0,4233,4.0,22808.0,2147.0
4716905,4716906,18.0,1935645,1,2,17,1,6.0,10.0,4.0,15.0,4.0,722Z,16.0,22818.0,2150.0
4716911,4716912,18.0,1935651,1,1,17,1,6.0,40.0,5.0,15.0,4.0,23,2.0,22808.0,2147.0
4716918,4716919,18.0,1935658,1,2,17,1,1.0,15.0,4.0,15.0,4.0,611M1,13.0,22810.0,2148.0
4716921,4716922,18.0,1935661,1,2,17,1,6.0,40.0,5.0,15.0,4.0,713Z,16.0,22808.0,2147.0
4716923,4716924,18.0,1935663,1,1,17,1,6.0,-9.0,-9.0,15.0,4.0,-9,-9.0,22808.0,2147.0
4716924,4716925,18.0,1935664,1,1,17,1,6.0,40.0,6.0,15.0,4.0,713Z,16.0,22810.0,2148.0
4716926,4716927,18.0,1935666,1,1,17,1,6.0,50.0,6.0,15.0,4.0,51913,8.0,22808.0,2147.0
4716928,4716929,18.0,1935668,1,2,17,1,2.0,15.0,4.0,15.0,4.0,611M1,13.0,22810.0,2148.0
4716932,4716933,18.0,1935672,1,2,17,1,6.0,12.0,6.0,15.0,4.0,611M1,13.0,22765.0,2130.0
4716933,4716934,18.0,1935673,1,1,17,1,6.0,-9.0,-9.0,15.0,4.0,-9,-9.0,22765.0,2130.0
4716934,4716935,18.0,1935674,1,2,17,1,3.0,1.0,6.0,15.0,4.0,611M3,13.0,22815.0,2150.0
4716936,4716937,18.0,1935676,1,2,17,1,1.0,20.0,1.0,15.0,4.0,611M1,13.0,22808.0,2147.0
4716938,4716939,18.0,1935678,1,2,17,1,1.0,16.0,1.0,15.0,4.0,722Z,16.0,22808.0,2147.0
4716942,4716943,18.0,1935682,1,1,17,1,6.0,40.0,5.0,15.0,4.0,23,2.0,22806.0,2146.0
4716945,4716946,18.0,1935685,1,1,17,1,6.0,40.0,5.0,15.0,4.0,712,16.0,22808.0,2147.0
4716946,4716947,18.0,1935686,1,2,17,1,1.0,30.0,1.0,15.0,4.0,7112,16.0,22806.0,2146.0
4716948,4716949,18.0,1935688,1,2,17,1,1.0,10.0,5.0,15.0,4.0,722Z,16.0,22808.0,2147.0
4716954,4716955,18.0,1935694,1,1,17,1,6.0,-9.0,-9.0,15.0,4.0,23,2.0,22760.0,2128.0
4716956,4716957,18.0,1935696,1,2,17,1,1.0,15.0,6.0,15.0,4.0,5313,9.0,22806.0,2146.0
4716960,4716961,18.0,1935700,1,2,17,1,6.0,35.0,3.0,15.0,4.0,722Z,16.0,22814.0,2150.0
4716961,4716962,18.0,1935701,1,1,17,1,6.0,3.0,5.0,15.0,4.0,8129,17.0,22810.0,2148.0
4716966,4716967,18.0,1935706,1,1,17,1,6.0,20.0,4.0,15.0,4.0,4244,4.0,22765.0,2130.0
4716971,4716972,18.0,1935711,1,2,17,1,6.0,5.0,6.0,15.0,4.0,8114,17.0,22765.0,2130.0
4716972,4716973,18.0,1935712,1,2,17,1,6.0,-9.0,-9.0,15.0,4.0,4511M,5.0,22808.0,2147.0
4716974,4716975,18.0,1935714,1,1,17,1,6.0,30.0,5.0,15.0,4.0,23,2.0,22765.0,2130.0
4716986,4716987,18.0,1935726,1,2,17,1,6.0,30.0,6.0,15.0,4.0,45113,5.0,22808.0,2147.0
4716987,4716988,18.0,1935727,1,2,17,1,6.0,60.0,6.0,15.0,4.0,45221,5.0,22808.0,2147.0
4716988,4716989,18.0,1935728,1,1,17,1,6.0,-9.0,-9.0,15.0,4.0,-9,-9.0,22815.0,2150.0
4716991,4716992,18.0,1935731,1,2,17,1,6.0,20.0,6.0,15.0,4.0,611M3,13.0,22806.0,2146.0
4716995,4716996,18.0,1935735,1,1,17,1,6.0,40.0,5.0,15.0,4.0,713Z,16.0,22765.0,2130.0
4716998,4716999,18.0,1935738,1,1,17,1,6.0,-9.0,-9.0,15.0,4.0,813M,17.0,22808.0,2147.0
4716999,4717000,18.0,1935739,1,1,17,1,6.0,16.0,3.0,15.0,4.0,722Z,16.0,22808.0,2147.0
4717001,4717002,18.0,1935741,1,2,17,1,1.0,10.0,5.0,15.0,4.0,722Z,16.0,22808.0,2147.0
4717003,4717004,18.0,1935743,1,1,17,1,6.0,18.0,5.0,15.0,4.0,722Z,16.0,22808.0,2147.0
4717005,4717006,18.0,1935745,1,2,17,1,6.0,-9.0,-9.0,15.0,4.0,812112,17.0,22765.0,2130.0
4717006,4717007,18.0,1935746,1,1,17,1,1.0,40.0,4.0,-9.0,4.0,484,6.0,22806.0,2146.0
4717008,4717009,18.0,1935748,1,1,17,1,6.0,-9.0,-9.0,15.0,4.0,-9,-9.0,22806.0,2146.0
4717011,4717012,18.0,1935751,1,2,17,1,6.0,-9.0,-9.0,-9.0,4.0,722Z,16.0,22808.0,2147.0
4717014,4717015,18.0,1935754,1,1,17,1,6.0,40.0,3.0,-9.0,4.0,722Z,16.0,22765.0,2130.0
4717019,4717020,18.0,1935759,1,2,17,1,6.0,3.0,6.0,15.0,4.0,814,17.0,22808.0,2147.0
4717021,4717022,18.0,1935761,1,1,17,1,6.0,30.0,6.0,15.0,4.0,56173,12.0,22808.0,2147.0
4717022,4717023,18.0,1935762,1,2,17,1,1.0,16.0,5.0,15.0,4.0,611M1,13.0,22813.0,2150.0
4717023,4717024,18.0,1935763,1,2,17,1,1.0,40.0,1.0,15.0,4.0,722Z,16.0,22765.0,2130.0
4717026,4717027,18.0,1935766,1,2,17,1,1.0,18.0,1.0,15.0,4.0,611M1,13.0,22806.0,2146.0
4717028,4717029,18.0,1935768,1,1,17,1,2.0,40.0,1.0,-9.0,4.0,722Z,16.0,22760.0,2128.0
4717035,4717036,18.0,1935775,1,1,17,1,6.0,-9.0,-9.0,15.0,4.0,23,2.0,22808.0,2147.0
4717036,4717037,18.0,1935776,1,1,17,1,1.0,16.0,3.0,15.0,4.0,611M1,13.0,22813.0,2150.0
4717041,4717042,18.0,1935781,1,2,17,1,6.0,8.0,6.0,15.0,4.0,6244,14.0,22808.0,2147.0
4717043,4717044,18.0,1935783,1,2,17,1,1.0,10.0,4.0,15.0,4.0,611M1,13.0,22765.0,2130.0
4717044,4717045,18.0,1935784,1,2,17,1,1.0,40.0,2.0,-9.0,4.0,5412,10.0,22808.0,2147.0
4717048,4717049,18.0,1935788,1,2,17,1,6.0,12.0,4.0,15.0,4.0,611M3,13.0,22806.0,2146.0
4717050,4717051,18.0,1935790,1,2,17,1,6.0,15.0,5.0,15.0,4.0,4481,5.0,22806.0,2146.0
4717052,4717053,18.0,1935792,1,1,17,1,6.0,-9.0,-9.0,-9.0,4.0,443142,5.0,22808.0,2147.0
4717053,4717054,18.0,1935793,1,2,17,1,6.0,-9.0,-9.0,15.0,4.0,722Z,16.0,22806.0,2146.0
4717055,4717056,18.0,1935795,1,1,17,1,6.0,30.0,6.0,15.0,4.0,111,1.0,22808.0,2147.0
4717056,4717057,18.0,1935796,1,2,17,1,6.0,35.0,5.0,15.0,4.0,713Z,16.0,22813.0,2150.0
4717064,4717065,18.0,1935804,1,2,17,1,6.0,40.0,5.0,16.0,4.0,5411,10.0,22808.0,2147.0
4717065,4717066,18.0,1935805,1,2,17,1,1.0,3.0,6.0,15.0,4.0,611M1,13.0,22808.0,2147.0
4717067,4717068,18.0,1935807,1,1,17,1,2.0,20.0,3.0,15.0,4.0,5416,10.0,22808.0,2147.0
4717085,4717086,18.0,1935825,1,2,17,1,6.0,38.0,6.0,15.0,4.0,5418,10.0,22808.0,2147.0
4717086,4717087,18.0,1935826,1,1,17,1,3.0,-9.0,-9.0,15.0,4.0,999920,-9.0,22808.0,2147.0
4717088,4717089,18.0,1935828,1,1,17,1,6.0,30.0,4.0,15.0,4.0,713Z,16.0,22808.0,2147.0
4717089,4717090,18.0,1935829,1,2,17,1,6.0,-9.0,-9.0,15.0,4.0,-9,-9.0,22760.0,2128.0
4717092,4717093,18.0,1935832,1,1,17,1,3.0,28.0,6.0,15.0,4.0,5616,12.0,22808.0,2147.0
4717097,4717098,18.0,1935837,1,1,17,1,6.0,40.0,6.0,15.0,4.0,722Z,16.0,22808.0,2147.0
4717099,4717100,18.0,1935839,1,2,17,1,6.0,-9.0,-9.0,15.0,4.0,-9,-9.0,22806.0,2146.0
4717101,4717102,18.0,1935841,1,1,17,1,6.0,-9.0,-9.0,15.0,4.0,-9,-9.0,22808.0,2147.0
4717102,4717103,18.0,1935842,1,2,17,1,6.0,30.0,4.0,15.0,4.0,4412,5.0,22808.0,2147.0
4717104,4717105,18.0,1935844,1,2,17,1,6.0,6.0,3.0,15.0,4.0,611M3,13.0,22808.0,2147.0
4717109,4717110,18.0,1935849,1,2,17,1,6.0,20.0,6.0,15.0,4.0,492,6.0,22815.0,2150.0
4717110,4717111,18.0,1935850,1,2,17,1,1.0,10.0,5.0,15.0,4.0,611M1,13.0,22765.0,2130.0
4717115,4717116,18.0,1935855,1,2,17,1,6.0,-9.0,-9.0,15.0,4.0,-9,-9.0,22806.0,2146.0
4717118,4717119,18.0,1935858,1,2,17,1,1.0,3.0,4.0,15.0,4.0,611M1,13.0,22806.0,2146.0
4717121,4717122,18.0,1935861,1,2,17,1,1.0,20.0,4.0,15.0,4.0,721M,16.0,22808.0,2147.0
4717131,4717132,18.0,1935871,1,2,17,1,1.0,15.0,1.0,15.0,4.0,722Z,16.0,22808.0,2147.0
4717134,4717135,18.0,1935874,1,2,17,1,1.0,20.0,1.0,15.0,4.0,611M1,13.0,22765.0,2130.0
4717136,4717137,18.0,1935876,1,1,17,1,1.0,15.0,4.0,15.0,4.0,44511,5.0,22808.0,2147.0
4717137,4717138,18.0,1935877,1,2,17,1,1.0,6.0,2.0,15.0,4.0,6216,14.0,22808.0,2147.0
4717138,4717139,18.0,1935878,1,2,17,1,6.0,-9.0,-9.0,15.0,4.0,812112,17.0,22808.0,2147.0
4717139,4717140,18.0,1935879,1,1,17,1,1.0,13.0,3.0,15.0,4.0,722Z,16.0,22760.0,2128.0
4717141,4717142,18.0,1935881,1,2,17,1,1.0,30.0,1.0,15.0,4.0,7112,16.0,22808.0,2147.0
4717147,4717148,18.0,1935887,1,2,17,1,6.0,-9.0,-9.0,15.0,4.0,-9,-9.0,22806.0,2146.0
4717152,4717153,18.0,1935892,1,2,17,1,1.0,30.0,6.0,15.0,4.0,45121,5.0,22808.0,2147.0
4717153,4717154,18.0,1935893,1,1,17,1,1.0,24.0,3.0,15.0,4.0,5121,8.0,22815.0,2150.0
4717155,4717156,18.0,1935895,1,2,17,1,6.0,20.0,6.0,15.0,4.0,713Z,16.0,22808.0,2147.0
4717156,4717157,18.0,1935896,1,1,17,1,6.0,40.0,6.0,15.0,4.0,5417,10.0,22808.0,2147.0
4717158,4717159,18.0,1935898,1,2,17,1,1.0,15.0,1.0,15.0,4.0,611M1,13.0,22806.0,2146.0
4717160,4717161,18.0,1935900,1,2,17,1,6.0,-9.0,-9.0,-9.0,4.0,56173,12.0,22815.0,2150.0
4717161,4717162,18.0,1935901,1,2,17,1,6.0,-9.0,-9.0,15.0,4.0,-9,-9.0,22808.0,2147.0
4717162,4717163,18.0,1935902,1,2,17,1,1.0,3.0,6.0,15.0,4.0,611M1,13.0,22814.0,2150.0
4717163,4717164,18.0,1935903,1,2,17,1,6.0,32.0,6.0,15.0,4.0,52M2,9.0,22808.0,2147.0
4717165,4717166,18.0,1935905,1,1,17,1,1.0,24.0,3.0,15.0,4.0,5121,8.0,22808.0,2147.0
4717167,4717168,18.0,1935907,1,1,17,1,6.0,-9.0,-9.0,-9.0,4.0,-9,-9.0,22765.0,2130.0
4717168,4717169,18.0,1935908,1,1,17,1,1.0,25.0,4.0,15.0,4.0,611M1,13.0,22806.0,2146.0
4717171,4717172,18.0,1935911,1,1,17,1,6.0,12.0,5.0,15.0,4.0,8129,17.0,22808.0,2147.0
4717172,4717173,18.0,1935912,1,2,17,1,6.0,-9.0,-9.0,15.0,4.0,722Z,16.0,22758.0,2127.0
4717174,4717175,18.0,1935914,1,1,17,1,1.0,20.0,6.0,15.0,4.0,611M1,13.0,22808.0,2147.0
4717175,4717176,18.0,1935915,1,2,17,1,6.0,18.0,5.0,15.0,4.0,8131,17.0,22808.0,2147.0
4717180,4717181,18.0,1935920,1,2,17,1,3.0,12.0,3.0,15.0,4.0,9211MP,18.0,22758.0,2127.0
4717182,4717183,18.0,1935922,1,1,17,1,6.0,20.0,6.0,15.0,4.0,4511M,5.0,22758.0,2127.0
4717185,4717186,18.0,1935925,1,2,17,1,6.0,-9.0,-9.0,-9.0,4.0,-9,-9.0,22806.0,2146.0
4717189,4717190,18.0,1935929,1,2,17,1,1.0,30.0,1.0,-9.0,4.0,8131,17.0,22808.0,2147.0
4717191,4717192,18.0,1935931,1,1,17,1,6.0,20.0,6.0,15.0,4.0,713Z,16.0,22808.0,2147.0
4717192,4717193,18.0,1935932,1,1,17,1,1.0,4.0,5.0,15.0,4.0,611M3,13.0,22808.0,2147.0
4717197,4717198,18.0,1935937,1,1,17,1,2.0,40.0,1.0,-9.0,4.0,722Z,16.0,22808.0,2147.0
4717202,4717203,18.0,1935942,1,1,17,1,6.0,3.0,5.0,15.0,4.0,7112,16.0,22808.0,2147.0
4717206,4717207,18.0,1935946,1,1,17,1,6.0,50.0,5.0,15.0,4.0,336M,3.0,22758.0,2127.0
4717207,4717208,18.0,1935947,1,2,17,1,1.0,3.0,6.0,15.0,4.0,611M1,13.0,22810.0,2148.0
4717210,4717211,18.0,1935950,1,2,17,1,6.0,-9.0,-9.0,15.0,4.0,722Z,16.0,22808.0,2147.0
4717213,4717214,18.0,1935953,1,2,17,1,6.0,60.0,6.0,15.0,4.0,713Z,16.0,22808.0,2147.0
4717216,4717217,18.0,1935956,1,2,17,1,6.0,10.0,5.0,15.0,4.0,722Z,16.0,22808.0,2147.0
4717221,4717222,18.0,1935961,1,2,17,1,6.0,12.0,6.0,15.0,4.0,611M1,13.0,22808.0,2147.0
4717224,4717225,18.0,1935964,1,1,17,1,6.0,16.0,2.0,15.0,4.0,51913,8.0,22765.0,2130.0
4717226,4717227,18.0,1935966,1,1,17,1,6.0,-9.0,-9.0,15.0,4.0,-9,-9.0,22765.0,2130.0
4717227,4717228,18.0,1935967,1,1,17,1,6.0,6.0,3.0,15.0,4.0,531M,9.0,22808.0,2147.0
4717228,4717229,18.0,1935968,1,2,17,1,6.0,30.0,6.0,15.0,4.0,337,3.0,22808.0,2147.0
4717231,4717232,18.0,1935971,1,1,17,1,1.0,10.0,1.0,15.0,4.0,5617Z,12.0,22808.0,2147.0
4717234,4717235,18.0,1935974,1,2,17,1,6.0,20.0,6.0,15.0,4.0,492,6.0,22808.0,2147.0
4717237,4717238,18.0,1935977,1,2,17,1,1.0,30.0,6.0,15.0,4.0,45121,5.0,22808.0,2147.0
4717238,4717239,18.0,1935978,1,2,17,1,1.0,3.0,1.0,15.0,4.0,611M3,13.0,22806.0,2146.0
4717239,4717240,18.0,1935979,1,1,17,1,6.0,20.0,5.0,15.0,4.0,722Z,16.0,22808.0,2147.0
4717244,4717245,18.0,1935984,1,1,17,1,6.0,-9.0,-9.0,-9.0,4.0,-9,-9.0,22808.0,2147.0
4717245,4717246,18.0,1935985,1,2,17,1,3.0,20.0,1.0,15.0,4.0,814,17.0,22808.0,2147.0
4717251,4717252,18.0,1935991,1,2,17,1,6.0,99.0,6.0,15.0,4.0,721M,16.0,22808.0,2147.0
4717252,4717253,18.0,1935992,1,1,17,1,6.0,30.0,5.0,15.0,4.0,722Z,16.0,22765.0,2130.0
4717255,4717256,18.0,1935995,1,1,17,1,6.0,39.0,5.0,15.0,4.0,713Z,16.0,22808.0,2147.0
4717272,4717273,18.0,1936012,1,1,17,1,6.0,-9.0,-9.0,-9.0,4.0,-9,-9.0,22808.0,2147.0
4717273,4717274,18.0,1936013,1,2,17,1,6.0,30.0,6.0,15.0,4.0,45113,5.0,22808.0,2147.0
4717274,4717275,18.0,1936014,1,1,17,1,1.0,20.0,3.0,15.0,4.0,611M1,13.0,22808.0,2147.0
4717280,4717281,18.0,1936020,1,1,17,1,6.0,4.0,3.0,15.0,4.0,713Z,16.0,22808.0,2147.0
4717284,4717285,18.0,1936024,1,1,17,1,2.0,20.0,1.0,15.0,4.0,722Z,16.0,22758.0,2127.0
4717290,4717291,18.0,1936030,1,2,17,1,1.0,30.0,1.0,15.0,4.0,5415,10.0,22808.0,2147.0
4717291,4717292,18.0,1936031,1,2,17,1,1.0,12.0,4.0,15.0,4.0,4481,5.0,22808.0,2147.0
4717302,4717303,18.0,1936042,1,2,17,1,6.0,6.0,5.0,15.0,4.0,722Z,16.0,22806.0,2146.0
4717304,4717305,18.0,1936044,1,2,17,1,1.0,15.0,4.0,15.0,4.0,611M1,13.0,22765.0,2130.0
4717318,4717319,18.0,1936058,1,1,17,1,6.0,30.0,6.0,15.0,4.0,4452,5.0,22806.0,2146.0
4717320,4717321,18.0,1936060,1,2,17,1,1.0,40.0,1.0,15.0,4.0,722Z,16.0,22808.0,2147.0
4717321,4717322,18.0,1936061,1,1,17,1,6.0,-9.0,-9.0,-9.0,4.0,443142,5.0,22765.0,2130.0
4717322,4717323,18.0,1936062,1,2,17,1,6.0,40.0,5.0,15.0,4.0,713Z,16.0,22808.0,2147.0
4717323,4717324,18.0,1936063,1,1,17,1,6.0,30.0,6.0,15.0,4.0,713Z,16.0,22808.0,2147.0
4717326,4717327,18.0,1936066,1,1,17,1,6.0,45.0,6.0,15.0,4.0,611M3,13.0,22808.0,2147.0
4717327,4717328,18.0,1936067,1,1,17,1,6.0,-9.0,-9.0,16.0,4.0,813M,17.0,22806.0,2146.0
4717328,4717329,18.0,1936068,1,1,17,1,1.0,17.0,1.0,15.0,4.0,336M,3.0,22808.0,2147.0
4717330,4717331,18.0,1936070,1,1,17,1,1.0,20.0,5.0,15.0,4.0,611M1,13.0,22758.0,2127.0
4717335,4717336,18.0,1936075,1,1,17,1,6.0,35.0,6.0,15.0,4.0,813M,17.0,22808.0,2147.0
4717336,4717337,18.0,1936076,1,2,17,1,6.0,40.0,6.0,15.0,4.0,713Z,16.0,22806.0,2146.0
4717337,4717338,18.0,1936077,1,2,17,1,1.0,12.0,4.0,15.0,4.0,722Z,16.0,22806.0,2146.0
4717338,4717339,18.0,1936078,1,1,17,1,1.0,5.0,5.0,16.0,4.0,8121M,17.0,22808.0,2147.0
4717342,4717343,18.0,1936082,1,1,17,1,6.0,36.0,6.0,15.0,4.0,722Z,16.0,22808.0,2147.0
4717344,4717345,18.0,1936084,1,1,17,1,6.0,30.0,6.0,15.0,4.0,722Z,16.0,22765.0,2130.0
4717351,4717352,18.0,1936091,1,1,17,1,3.0,3.0,6.0,15.0,4.0,6244,14.0,22808.0,2147.0
4717352,4717353,18.0,1936092,1,1,17,1,6.0,40.0,5.0,15.0,4.0,23,2.0,22808.0,2147.0
4717353,4717354,18.0,1936093,1,2,17,1,6.0,-9.0,-9.0,15.0,4.0,-9,-9.0,22808.0,2147.0
4717362,4717363,18.0,1936102,1,1,17,1,6.0,-9.0,-9.0,15.0,4.0,-9,-9.0,22808.0,2147.0
4717363,4717364,18.0,1936103,1,1,17,1,6.0,30.0,6.0,15.0,4.0,4452,5.0,22765.0,2130.0
4717364,4717365,18.0,1936104,1,2,17,1,6.0,40.0,5.0,15.0,4.0,722Z,16.0,22808.0,2147.0
4717366,4717367,18.0,1936106,1,2,17,1,1.0,30.0,1.0,15.0,4.0,611M1,13.0,22808.0,2147.0
4717369,4717370,18.0,1936109,1,1,17,1,1.0,24.0,6.0,12.0,4.0,6243,14.0,22808.0,2147.0
4717370,4717371,18.0,1936110,1,2,17,1,1.0,20.0,1.0,15.0,4.0,611M1,13.0,22808.0,2147.0
4717371,4717372,18.0,1936111,1,2,17,1,1.0,15.0,6.0,15.0,4.0,4481,5.0,22810.0,2148.0
4717384,4717385,18.0,1936124,1,2,17,1,1.0,25.0,1.0,15.0,4.0,611M1,13.0,22808.0,2147.0
4717387,4717388,18.0,1936127,1,1,17,1,6.0,39.0,5.0,15.0,4.0,713Z,16.0,22758.0,2127.0
4717389,4717390,18.0,1936129,1,2,17,1,1.0,18.0,1.0,15.0,4.0,611M1,13.0,22808.0,2147.0
4717391,4717392,18.0,1936131,1,2,17,1,1.0,12.0,1.0,15.0,4.0,713Z,16.0,22814.0,2150.0
4717393,4717394,18.0,1936133,1,2,17,1,1.0,60.0,1.0,15.0,4.0,722Z,16.0,22765.0,2130.0
4717398,4717399,18.0,1936138,1,2,17,1,1.0,40.0,1.0,15.0,4.0,722Z,16.0,22808.0,2147.0
4717411,4717412,18.0,1936151,1,1,17,1,6.0,-9.0,-9.0,15.0,4.0,6111,13.0,22818.0,2150.0
4717416,4717417,18.0,1936156,1,1,17,1,6.0,-9.0,-9.0,15.0,4.0,713Z,16.0,22808.0,2147.0
4717417,4717418,18.0,1936157,1,1,17,1,6.0,-9.0,-9.0,-9.0,4.0,-9,-9.0,22814.0,2150.0
4717421,4717422,18.0,1936161,1,1,17,1,6.0,50.0,6.0,15.0,4.0,51913,8.0,22808.0,2147.0
4717424,4717425,18.0,1936164,1,1,17,1,6.0,-9.0,-9.0,15.0,4.0,713Z,16.0,22758.0,2127.0
4717425,4717426,18.0,1936165,1,2,17,1,6.0,30.0,6.0,15.0,4.0,9211MP,18.0,22808.0,2147.0
4717431,4717432,18.0,1936171,1,2,17,1,6.0,24.0,6.0,15.0,4.0,53M,9.0,22808.0,2147.0
4717433,4717434,18.0,1936173,1,1,17,1,6.0,45.0,6.0,15.0,4.0,611M3,13.0,22765.0,2130.0
4717437,4717438,18.0,1936177,1,2,17,1,6.0,-9.0,-9.0,15.0,4.0,-9,-9.0,22808.0,2147.0
4717442,4717443,18.0,1936182,1,1,17,1,1.0,40.0,4.0,-9.0,4.0,484,6.0,22814.0,2150.0
4717443,4717444,18.0,1936183,1,2,17,1,1.0,35.0,4.0,15.0,4.0,6244,14.0,22808.0,2147.0
4717444,4717445,18.0,1936184,1,2,17,1,1.0,15.0,4.0,15.0,4.0,611M1,13.0,22806.0,2146.0
4717446,4717447,18.0,1936186,1,2,17,1,6.0,12.0,6.0,15.0,4.0,611M1,13.0,22808.0,2147.0
4717448,4717449,18.0,1936188,1,1,17,1,6.0,35.0,6.0,15.0,4.0,813M,17.0,22808.0,2147.0
4717450,4717451,18.0,1936190,1,2,17,1,6.0,15.0,6.0,15.0,4.0,721M,16.0,22806.0,2146.0
4717453,4717454,18.0,1936193,1,2,17,1,6.0,35.0,6.0,15.0,4.0,6111,13.0,22808.0,2147.0
4717456,4717457,18.0,1936196,1,2,17,1,1.0,40.0,2.0,-9.0,4.0,5412,10.0,22808.0,2147.0
4717457,4717458,18.0,1936197,1,2,17,1,1.0,50.0,6.0,15.0,4.0,5415,10.0,22808.0,2147.0
4717460,4717461,18.0,1936200,1,2,17,1,6.0,38.0,6.0,15.0,4.0,5418,10.0,22808.0,2147.0
4717461,4717462,18.0,1936201,1,2,17,1,1.0,22.0,1.0,15.0,4.0,722Z,16.0,22765.0,2130.0
4717462,4717463,18.0,1936202,1,2,17,1,3.0,4.0,6.0,15.0,4.0,6244,14.0,22808.0,2147.0
4717465,4717466,18.0,1936205,1,2,17,1,6.0,6.0,6.0,15.0,4.0,6111,13.0,22808.0,2147.0
4717466,4717467,18.0,1936206,1,1,17,1,1.0,40.0,3.0,15.0,4.0,5413,10.0,22808.0,2147.0
4717470,4717471,18.0,1936210,1,2,17,1,1.0,23.0,2.0,15.0,4.0,611M1,13.0,22815.0,2150.0
4717471,4717472,18.0,1936211,1,2,17,1,6.0,99.0,6.0,15.0,4.0,721M,16.0,22765.0,2130.0
4717476,4717477,18.0,1936216,1,1,17,1,1.0,4.0,5.0,15.0,4.0,611M3,13.0,22808.0,2147.0
4717477,4717478,18.0,1936217,1,2,17,1,1.0,36.0,1.0,15.0,4.0,622M,15.0,22808.0,2147.0
4717479,4717480,18.0,1936219,1,1,17,1,3.0,-9.0,-9.0,15.0,4.0,722Z,16.0,22758.0,2127.0
4717481,4717482,18.0,1936221,1,1,17,1,6.0,25.0,5.0,-9.0,4.0,722Z,16.0,22815.0,2150.0
4717489,4717490,18.0,1936229,1,2,17,1,6.0,6.0,4.0,15.0,4.0,5411,10.0,22808.0,2147.0
4717491,4717492,18.0,1936231,1,2,17,1,1.0,28.0,1.0,15.0,4.0,814,17.0,22808.0,2147.0
4717496,4717497,18.0,1936236,1,1,17,1,6.0,50.0,5.0,16.0,4.0,9211MP,18.0,22808.0,2147.0
4717499,4717500,18.0,1936239,1,2,17,1,6.0,3.0,6.0,15.0,4.0,814,17.0,22808.0,2147.0
4717506,4717507,18.0,1936246,1,2,17,1,1.0,20.0,4.0,15.0,4.0,611M1,13.0,22808.0,2147.0
4717512,4717513,18.0,1936252,1,2,17,1,3.0,4.0,6.0,15.0,4.0,6244,14.0,22806.0,2146.0
4717517,4717518,18.0,1936257,1,1,17,1,6.0,40.0,5.0,15.0,4.0,23,2.0,22765.0,2130.0
4717524,4717525,18.0,1936264,1,2,17,1,1.0,6.0,2.0,15.0,4.0,6216,14.0,22765.0,2130.0
4717525,4717526,18.0,1936265,1,1,17,1,6.0,20.0,6.0,15.0,4.0,722Z,16.0,22808.0,2147.0
4717526,4717527,18.0,1936266,1,2,17,1,1.0,3.0,6.0,15.0,4.0,611M1,13.0,22808.0,2147.0
4717530,4717531,18.0,1936270,1,1,17,1,6.0,15.0,6.0,15.0,4.0,722Z,16.0,22808.0,2147.0
4717532,4717533,18.0,1936272,1,2,17,1,6.0,24.0,6.0,15.0,4.0,53M,9.0,22808.0,2147.0
4717534,4717535,18.0,1936274,1,2,17,1,6.0,40.0,6.0,15.0,4.0,712,16.0,22808.0,2147.0
4717535,4717536,18.0,1936275,1,2,17,1,1.0,25.0,1.0,16.0,4.0,611M1,13.0,22758.0,2127.0
4717538,4717539,18.0,1936278,1,1,17,1,1.0,20.0,3.0,15.0,4.0,611M1,13.0,22808.0,2147.0
4717541,4717542,18.0,1936281,1,1,17,1,6.0,60.0,1.0,-9.0,4.0,56173,12.0,22808.0,2147.0
4717543,4717544,18.0,1936283,1,1,17,1,6.0,24.0,6.0,15.0,4.0,44511,5.0,22813.0,2150.0
4717545,4717546,18.0,1936285,1,1,17,1,6.0,30.0,5.0,15.0,4.0,23,2.0,22808.0,2147.0
4717550,4717551,18.0,1936290,1,1,17,1,1.0,30.0,2.0,15.0,4.0,611M1,13.0,22808.0,2147.0
4717551,4717552,18.0,1936291,1,1,17,1,6.0,-9.0,-9.0,15.0,4.0,811192,17.0,22808.0,2147.0
4717555,4717556,18.0,1936295,1,1,17,1,6.0,-9.0,-9.0,15.0,4.0,-9,-9.0,22808.0,2147.0
4717562,4717563,18.0,1936302,1,2,17,1,6.0,8.0,6.0,15.0,4.0,611M3,13.0,22808.0,2147.0
4717563,4717564,18.0,1936303,1,2,17,1,6.0,4.0,5.0,15.0,4.0,712,16.0,22760.0,2128.0
4717567,4717568,18.0,1936307,1,1,17,1,6.0,32.0,6.0,15.0,4.0,336M,3.0,22808.0,2147.0
4717570,4717571,18.0,1936310,1,2,17,1,6.0,20.0,6.0,15.0,4.0,713Z,16.0,22814.0,2150.0
4717571,4717572,18.0,1936311,1,1,17,1,6.0,40.0,6.0,15.0,4.0,336M,3.0,22808.0,2147.0
4717572,4717573,18.0,1936312,1,1,17,1,6.0,-9.0,-9.0,-9.0,4.0,443142,5.0,22808.0,2147.0
4717577,4717578,18.0,1936317,1,2,17,1,6.0,40.0,5.0,15.0,4.0,623M,14.0,22765.0,2130.0
4717579,4717580,18.0,1936319,1,2,17,1,6.0,36.0,5.0,15.0,4.0,611M3,13.0,22806.0,2146.0
4717584,4717585,18.0,1936324,1,1,17,1,6.0,-9.0,-9.0,15.0,4.0,722Z,16.0,22806.0,2146.0
4717586,4717587,18.0,1936326,1,1,17,1,6.0,60.0,1.0,-9.0,4.0,56173,12.0,22808.0,2147.0
4717591,4717592,18.0,1936331,1,1,17,1,6.0,20.0,3.0,15.0,4.0,722Z,16.0,22814.0,2150.0
4717592,4717593,18.0,1936332,1,2,17,1,6.0,12.0,4.0,15.0,4.0,722Z,16.0,22808.0,2147.0
4717595,4717596,18.0,1936335,1,1,17,1,1.0,40.0,1.0,15.0,4.0,3219ZM,3.0,22808.0,2147.0
4717596,4717597,18.0,1936336,1,1,17,1,6.0,40.0,6.0,15.0,4.0,52M2,9.0,22806.0,2146.0
4717602,4717603,18.0,1936342,1,1,17,1,6.0,33.0,6.0,15.0,4.0,6241,14.0,22808.0,2147.0
4717604,4717605,18.0,1936344,1,1,17,1,6.0,-9.0,-9.0,15.0,4.0,-9,-9.0,22806.0,2146.0
4717608,4717609,18.0,1936348,1,1,17,1,1.0,10.0,6.0,15.0,4.0,622M,15.0,22765.0,2130.0
4717609,4717610,18.0,1936349,1,1,17,1,6.0,-9.0,-9.0,15.0,4.0,623M,14.0,22806.0,2146.0
4717611,4717612,18.0,1936351,1,2,17,1,1.0,11.0,5.0,15.0,4.0,611M1,13.0,22808.0,2147.0
4717614,4717615,18.0,1936354,1,2,17,1,1.0,35.0,4.0,15.0,4.0,6244,14.0,22810.0,2148.0
4717616,4717617,18.0,1936356,1,1,17,1,2.0,20.0,3.0,15.0,4.0,5416,10.0,22806.0,2146.0
4717617,4717618,18.0,1936357,1,2,17,1,6.0,40.0,6.0,15.0,4.0,713Z,16.0,22808.0,2147.0
4717619,4717620,18.0,1936359,1,2,17,1,1.0,20.0,1.0,15.0,4.0,611M1,13.0,22808.0,2147.0
4717623,4717624,18.0,1936363,1,2,17,1,6.0,-9.0,-9.0,15.0,4.0,4523,5.0,22806.0,2146.0
4717624,4717625,18.0,1936364,1,1,17,1,6.0,-9.0,-9.0,15.0,4.0,813M,17.0,22808.0,2147.0
4717626,4717627,18.0,1936366,1,1,17,1,6.0,-9.0,-9.0,-9.0,4.0,-9,-9.0,22815.0,2150.0
4717628,4717629,18.0,1936368,1,1,17,1,2.0,20.0,3.0,15.0,4.0,5416,10.0,22806.0,2146.0
4717638,4717639,18.0,1936378,1,1,17,1,6.0,20.0,6.0,15.0,4.0,713Z,16.0,22806.0,2146.0
4717640,4717641,18.0,1936380,1,1,17,1,1.0,15.0,1.0,15.0,4.0,713Z,16.0,22808.0,2147.0
4717641,4717642,18.0,1936381,1,2,17,1,1.0,15.0,1.0,15.0,4.0,611M1,13.0,22765.0,2130.0
4717643,4717644,18.0,1936383,1,2,17,1,6.0,-9.0,-9.0,15.0,4.0,-9,-9.0,22808.0,2147.0
4717646,4717647,18.0,1936386,1,1,17,1,3.0,10.0,5.0,15.0,4.0,23,2.0,22808.0,2147.0
4717647,4717648,18.0,1936387,1,1,17,1,6.0,-9.0,-9.0,15.0,4.0,-9,-9.0,22806.0,2146.0
4717651,4717652,18.0,1936391,1,2,17,1,6.0,5.0,6.0,15.0,4.0,8114,17.0,22808.0,2147.0
4717656,4717657,18.0,1936396,1,2,17,1,6.0,40.0,5.0,15.0,4.0,713Z,16.0,22808.0,2147.0
4717659,4717660,18.0,1936399,1,1,17,1,6.0,30.0,5.0,15.0,4.0,713Z,16.0,22813.0,2150.0
4717660,4717661,18.0,1936400,1,2,17,1,1.0,18.0,1.0,15.0,4.0,721M,16.0,22806.0,2146.0
4717662,4717663,18.0,1936402,1,2,17,1,1.0,18.0,1.0,15.0,4.0,611M1,13.0,22808.0,2147.0
4717663,4717664,18.0,1936403,1,1,17,1,6.0,-9.0,-9.0,-9.0,4.0,443142,5.0,22808.0,2147.0
4717664,4717665,18.0,1936404,1,2,17,1,6.0,-9.0,-9.0,15.0,4.0,-9,-9.0,22806.0,2146.0
4717665,4717666,18.0,1936405,1,2,17,1,6.0,25.0,4.0,15.0,4.0,4533,5.0,22765.0,2130.0
4717666,4717667,18.0,1936406,1,1,17,1,6.0,-9.0,-9.0,15.0,4.0,-9,-9.0,22808.0,2147.0
4717667,4717668,18.0,1936407,1,2,17,1,6.0,30.0,6.0,15.0,4.0,337,3.0,22808.0,2147.0
4717669,4717670,18.0,1936409,1,2,17,1,6.0,28.0,4.0,15.0,4.0,611M1,13.0,22806.0,2146.0
4717670,4717671,18.0,1936410,1,2,17,1,6.0,28.0,4.0,15.0,4.0,611M1,13.0,22808.0,2147.0
4717671,4717672,18.0,1936411,1,2,17,1,6.0,-9.0,-9.0,15.0,4.0,-9,-9.0,22806.0,2146.0
4717672,4717673,18.0,1936412,1,2,17,1,1.0,25.0,6.0,15.0,4.0,44611,5.0,22765.0,2130.0
4717676,4717677,18.0,1936416,1,2,17,1,3.0,25.0,5.0,15.0,4.0,44511,5.0,22808.0,2147.0
4717677,4717678,18.0,1936417,1,2,17,1,1.0,15.0,1.0,15.0,4.0,722Z,16.0,22806.0,2146.0
4717683,4717684,18.0,1936423,1,2,17,1,1.0,30.0,1.0,-9.0,4.0,8131,17.0,22808.0,2147.0
4717684,4717685,18.0,1936424,1,2,17,1,6.0,-9.0,-9.0,15.0,4.0,-9,-9.0,22808.0,2147.0
4717687,4717688,18.0,1936427,1,2,17,1,1.0,23.0,2.0,15.0,4.0,611M1,13.0,22808.0,2147.0
4717688,4717689,18.0,1936428,1,2,17,1,6.0,30.0,6.0,15.0,4.0,721M,16.0,22808.0,2147.0
4717695,4717696,18.0,1936435,1,2,17,1,6.0,44.0,5.0,15.0,4.0,722Z,16.0,22808.0,2147.0
4717707,4717708,18.0,1936447,1,1,17,1,6.0,8.0,6.0,15.0,4.0,722Z,16.0,22808.0,2147.0
4717710,4717711,18.0,1936450,1,2,17,1,6.0,49.0,4.0,15.0,4.0,721M,16.0,22765.0,2130.0
4717713,4717714,18.0,1936453,1,1,17,1,6.0,40.0,6.0,15.0,4.0,721M,16.0,22808.0,2147.0
4717715,4717716,18.0,1936455,1,2,17,1,1.0,12.0,4.0,15.0,4.0,4481,5.0,22765.0,2130.0
4717717,4717718,18.0,1936457,1,1,17,1,1.0,15.0,4.0,15.0,4.0,44511,5.0,22808.0,2147.0
4717719,4717720,18.0,1936459,1,1,17,1,6.0,45.0,6.0,15.0,4.0,611M3,13.0,22760.0,2128.0
4717721,4717722,18.0,1936461,1,2,17,1,1.0,50.0,6.0,15.0,4.0,5415,10.0,22765.0,2130.0
4717726,4717727,18.0,1936466,1,1,17,1,1.0,13.0,1.0,15.0,4.0,611M1,13.0,22808.0,2147.0
4717731,4717732,18.0,1936471,1,2,17,1,6.0,30.0,4.0,15.0,4.0,722Z,16.0,22814.0,2150.0
4717732,4717733,18.0,1936472,1,2,17,1,6.0,-9.0,-9.0,15.0,4.0,2211P,7.0,22806.0,2146.0
4717735,4717736,18.0,1936475,1,1,17,1,6.0,20.0,6.0,15.0,4.0,336M,3.0,22808.0,2147.0
4717738,4717739,18.0,1936478,1,2,17,1,6.0,-9.0,-9.0,15.0,4.0,-9,-9.0,22810.0,2148.0
4717740,4717741,18.0,1936480,1,2,17,1,6.0,15.0,4.0,15.0,4.0,5412,10.0,22808.0,2147.0
4717742,4717743,18.0,1936482,1,2,17,1,6.0,-9.0,-9.0,15.0,4.0,-9,-9.0,22808.0,2147.0
4717743,4717744,18.0,1936483,1,1,17,1,6.0,20.0,6.0,15.0,4.0,722Z,16.0,22808.0,2147.0
4717745,4717746,18.0,1936485,1,1,17,1,1.0,25.0,1.0,15.0,4.0,722Z,16.0,22808.0,2147.0
4717753,4717754,18.0,1936493,1,2,17,1,1.0,11.0,5.0,15.0,4.0,611M1,13.0,22808.0,2147.0
4717757,4717758,18.0,1936497,1,2,17,1,6.0,6.0,6.0,15.0,4.0,722Z,16.0,22808.0,2147.0
4717764,4717765,18.0,1936504,1,1,17,1,1.0,20.0,1.0,15.0,4.0,722Z,16.0,22808.0,2147.0
4717766,4717767,18.0,1936506,1,2,17,1,1.0,17.0,1.0,15.0,4.0,4539,5.0,22806.0,2146.0
4717770,4717771,18.0,1936510,1,1,17,1,6.0,-9.0,-9.0,-9.0,4.0,-9,-9.0,22808.0,2147.0
4717771,4717772,18.0,1936511,1,2,17,1,6.0,-9.0,-9.0,15.0,4.0,2211P,7.0,22810.0,2148.0
4717772,4717773,18.0,1936512,1,1,17,1,6.0,40.0,6.0,15.0,4.0,722Z,16.0,22808.0,2147.0
4717778,4717779,18.0,1936518,1,2,17,1,6.0,30.0,5.0,15.0,4.0,722Z,16.0,22808.0,2147.0
4717780,4717781,18.0,1936520,1,2,17,1,6.0,99.0,6.0,15.0,4.0,721M,16.0,22808.0,2147.0
4717782,4717783,18.0,1936522,1,1,17,1,6.0,25.0,5.0,-9.0,4.0,722Z,16.0,22765.0,2130.0
4717784,4717785,18.0,1936524,1,1,17,1,6.0,40.0,6.0,15.0,4.0,5419Z,10.0,22765.0,2130.0
4717788,4717789,18.0,1936528,1,1,17,1,3.0,-9.0,-9.0,15.0,4.0,722Z,16.0,22765.0,2130.0
4717789,4717790,18.0,1936529,1,1,17,1,1.0,35.0,5.0,15.0,4.0,611M1,13.0,22808.0,2147.0
4717790,4717791,18.0,1936530,1,2,17,1,1.0,12.0,4.0,15.0,4.0,611M1,13.0,22765.0,2130.0
4717791,4717792,18.0,1936531,1,1,17,1,6.0,40.0,5.0,15.0,4.0,722Z,16.0,22765.0,2130.0
4717793,4717794,18.0,1936533,1,2,17,1,6.0,40.0,5.0,15.0,4.0,713Z,16.0,22761.0,2128.0
4717798,4717799,18.0,1936538,1,2,17,1,6.0,6.0,5.0,15.0,4.0,722Z,16.0,22808.0,2147.0
4717804,4717805,18.0,1936544,1,2,17,1,1.0,10.0,6.0,15.0,4.0,713Z,16.0,22808.0,2147.0
4717806,4717807,18.0,1936546,1,1,17,1,1.0,35.0,5.0,15.0,4.0,611M1,13.0,22808.0,2147.0
4717808,4717809,18.0,1936548,1,1,17,1,1.0,20.0,5.0,15.0,4.0,713Z,16.0,22808.0,2147.0
4717811,4717812,18.0,1936551,1,2,17,1,6.0,-9.0,-9.0,-9.0,4.0,56173,12.0,22808.0,2147.0
4717814,4717815,18.0,1936554,1,2,17,1,1.0,15.0,5.0,15.0,4.0,722Z,16.0,22808.0,2147.0
4717817,4717818,18.0,1936557,1,2,17,1,6.0,35.0,6.0,15.0,4.0,713Z,16.0,22808.0,2147.0
4717818,4717819,18.0,1936558,1,1,17,1,3.0,18.0,5.0,16.0,4.0,722Z,16.0,22806.0,2146.0
4717819,4717820,18.0,1936559,1,2,17,1,1.0,15.0,5.0,15.0,4.0,6111,13.0,22808.0,2147.0
4717824,4717825,18.0,1936564,1,2,17,1,6.0,14.0,1.0,15.0,4.0,4481,5.0,22806.0,2146.0
4717825,4717826,18.0,1936565,1,1,17,1,1.0,16.0,4.0,15.0,4.0,722Z,16.0,22808.0,2147.0
4717835,4717836,18.0,1936575,1,1,17,1,6.0,8.0,5.0,15.0,4.0,722Z,16.0,22813.0,2150.0
4717836,4717837,18.0,1936576,1,1,17,1,6.0,35.0,5.0,15.0,4.0,23,2.0,22808.0,2147.0
4717838,4717839,18.0,1936578,1,2,17,1,1.0,6.0,5.0,15.0,4.0,611M1,13.0,22815.0,2150.0
4717842,4717843,18.0,1936582,1,2,17,1,6.0,20.0,6.0,15.0,4.0,722Z,16.0,22808.0,2147.0
4717843,4717844,18.0,1936583,1,2,17,1,1.0,28.0,1.0,15.0,4.0,44821,5.0,22808.0,2147.0
4717844,4717845,18.0,1936584,1,2,17,1,1.0,15.0,4.0,15.0,4.0,713Z,16.0,22808.0,2147.0
4717847,4717848,18.0,1936587,1,1,17,1,6.0,30.0,6.0,15.0,4.0,5617Z,12.0,22808.0,2147.0
4717862,4717863,18.0,1936602,1,2,17,1,6.0,10.0,3.0,15.0,4.0,722Z,16.0,22808.0,2147.0
4717864,4717865,18.0,1936604,1,1,17,1,1.0,40.0,4.0,-9.0,4.0,484,6.0,22808.0,2147.0
4717869,4717870,18.0,1936609,1,1,17,1,6.0,40.0,6.0,15.0,4.0,721M,16.0,22806.0,2146.0
4717871,4717872,18.0,1936611,1,1,17,1,6.0,-9.0,-9.0,15.0,4.0,6111,13.0,22810.0,2148.0
4717875,4717876,18.0,1936615,1,1,17,1,6.0,99.0,6.0,15.0,4.0,721M,16.0,22814.0,2150.0
4717876,4717877,18.0,1936616,1,2,17,1,6.0,6.0,6.0,15.0,4.0,722Z,16.0,22765.0,2130.0
4717877,4717878,18.0,1936617,1,1,17,1,1.0,30.0,2.0,15.0,4.0,611M1,13.0,22814.0,2150.0
4717880,4717881,18.0,1936620,1,1,17,1,1.0,25.0,3.0,15.0,4.0,336M,3.0,22808.0,2147.0
4717883,4717884,18.0,1936623,1,1,17,1,6.0,40.0,6.0,15.0,4.0,721M,16.0,22815.0,2150.0
4717888,4717889,18.0,1936628,1,2,17,1,1.0,12.0,4.0,15.0,4.0,611M1,13.0,22808.0,2147.0
4717889,4717890,18.0,1936629,1,1,17,1,6.0,7.0,6.0,15.0,4.0,5418,10.0,22806.0,2146.0
4717890,4717891,18.0,1936630,1,1,17,1,6.0,10.0,6.0,15.0,4.0,3256,3.0,22808.0,2147.0
4717894,4717895,18.0,1936634,1,1,17,1,6.0,2.0,6.0,16.0,4.0,5419Z,10.0,22806.0,2146.0
4717895,4717896,18.0,1936635,1,2,17,1,1.0,10.0,6.0,15.0,4.0,713Z,16.0,22765.0,2130.0
4717899,4717900,18.0,1936639,1,1,17,1,1.0,21.0,5.0,15.0,4.0,611M1,13.0,22815.0,2150.0
4717900,4717901,18.0,1936640,1,2,17,1,6.0,30.0,5.0,15.0,4.0,722Z,16.0,22808.0,2147.0
4717903,4717904,18.0,1936643,1,1,17,1,6.0,6.0,5.0,15.0,4.0,4442,5.0,22806.0,2146.0
4717904,4717905,18.0,1936644,1,2,17,1,2.0,6.0,5.0,15.0,4.0,611M1,13.0,22814.0,2150.0
4717907,4717908,18.0,1936647,1,1,17,1,1.0,4.0,5.0,15.0,4.0,611M3,13.0,22808.0,2147.0
4717912,4717913,18.0,1936652,1,1,17,1,1.0,25.0,1.0,15.0,4.0,611M1,13.0,22806.0,2146.0
4717913,4717914,18.0,1936653,1,1,17,1,1.0,20.0,4.0,15.0,4.0,4539,5.0,22808.0,2147.0
4717921,4717922,18.0,1936661,1,1,17,1,6.0,40.0,6.0,15.0,4.0,336M,3.0,22806.0,2146.0
4717922,4717923,18.0,1936662,1,2,17,1,6.0,40.0,5.0,15.0,4.0,722Z,16.0,22808.0,2147.0
4717925,4717926,18.0,1936665,1,2,17,1,6.0,36.0,4.0,15.0,4.0,722Z,16.0,22808.0,2147.0
4717940,4717941,18.0,1936680,1,2,17,1,1.0,25.0,4.0,15.0,4.0,623M,14.0,22808.0,2147.0
4717943,4717944,18.0,1936683,1,2,17,1,1.0,20.0,5.0,15.0,4.0,713Z,16.0,22808.0,2147.0
4717948,4717949,18.0,1936688,1,1,17,1,6.0,25.0,6.0,15.0,4.0,722Z,16.0,22808.0,2147.0
4717950,4717951,18.0,1936690,1,2,17,1,6.0,-9.0,-9.0,15.0,4.0,-9,-9.0,22808.0,2147.0
4717951,4717952,18.0,1936691,1,1,17,1,6.0,-9.0,-9.0,-9.0,4.0,-9,-9.0,22808.0,2147.0
4717954,4717955,18.0,1936694,1,2,17,1,6.0,37.0,6.0,15.0,4.0,713Z,16.0,22808.0,2147.0
4717957,4717958,18.0,1936697,1,2,17,1,6.0,30.0,5.0,15.0,4.0,713Z,16.0,22808.0,2147.0
4717970,4717971,18.0,1936710,1,1,17,1,6.0,-9.0,-9.0,15.0,4.0,-9,-9.0,22808.0,2147.0
4717974,4717975,18.0,1936714,1,2,17,1,6.0,5.0,5.0,15.0,4.0,6111,13.0,22808.0,2147.0
4717977,4717978,18.0,1936717,1,1,17,1,6.0,-9.0,-9.0,15.0,4.0,-9,-9.0,22808.0,2147.0
4717983,4717984,18.0,1936723,1,2,17,2,1.0,25.0,3.0,15.0,4.0,611M1,13.0,22765.0,2130.0
4717985,4717986,18.0,1936725,1,2,17,2,6.0,40.0,6.0,15.0,4.0,336M,3.0,22808.0,2147.0
4717989,4717990,18.0,1936729,1,1,17,2,6.0,5.0,6.0,15.0,4.0,45121,5.0,22808.0,2147.0
4717993,4717994,18.0,1936733,1,2,17,2,6.0,-9.0,-9.0,15.0,4.0,-9,-9.0,22808.0,2147.0
4717995,4717996,18.0,1936735,1,1,17,2,6.0,-9.0,-9.0,14.0,4.0,-9,-9.0,22808.0,2147.0
4718000,4718001,18.0,1936740,1,1,17,2,6.0,-9.0,-9.0,-9.0,4.0,442,5.0,22808.0,2147.0
4718004,4718005,18.0,1936744,1,1,17,2,6.0,44.0,6.0,15.0,4.0,336M,3.0,22815.0,2150.0
4718006,4718007,18.0,1936746,1,1,17,2,1.0,12.0,4.0,15.0,4.0,611M1,13.0,22814.0,2150.0
4718007,4718008,18.0,1936747,1,1,17,2,6.0,44.0,6.0,15.0,4.0,336M,3.0,22806.0,2146.0
4718008,4718009,18.0,1936748,1,2,17,2,6.0,16.0,6.0,13.0,4.0,813M,17.0,22808.0,2147.0
4718016,4718017,18.0,1936756,1,1,17,2,6.0,-9.0,-9.0,-9.0,4.0,442,5.0,22760.0,2128.0
4718017,4718018,18.0,1936757,1,1,17,2,6.0,-9.0,-9.0,-9.0,4.0,722Z,16.0,22765.0,2130.0
4718018,4718019,18.0,1936758,1,2,17,2,3.0,30.0,4.0,15.0,4.0,44512,5.0,22765.0,2130.0
4718024,4718025,18.0,1936764,1,1,17,2,6.0,30.0,1.0,15.0,4.0,722Z,16.0,22806.0,2146.0
4718029,4718030,18.0,1936769,1,2,17,2,1.0,25.0,3.0,15.0,4.0,611M1,13.0,22808.0,2147.0
4718037,4718038,18.0,1936777,1,1,17,2,6.0,30.0,1.0,15.0,4.0,722Z,16.0,22765.0,2130.0
4718041,4718042,18.0,1936781,1,2,17,2,3.0,-9.0,-9.0,-9.0,4.0,999920,-9.0,22808.0,2147.0
4718042,4718043,18.0,1936782,1,2,17,2,6.0,18.0,6.0,15.0,4.0,722Z,16.0,22808.0,2147.0
4718043,4718044,18.0,1936783,1,1,17,2,1.0,17.0,5.0,-9.0,4.0,311811,3.0,22808.0,2147.0
4718046,4718047,18.0,1936786,1,1,17,2,6.0,8.0,6.0,15.0,4.0,4511M,5.0,22806.0,2146.0
4718048,4718049,18.0,1936788,1,2,17,2,1.0,4.0,1.0,15.0,4.0,611M1,13.0,22808.0,2147.0
4718051,4718052,18.0,1936791,1,2,17,2,1.0,25.0,3.0,15.0,4.0,44511,5.0,22808.0,2147.0
4718054,4718055,18.0,1936794,1,1,17,2,1.0,20.0,1.0,15.0,4.0,611M1,13.0,22765.0,2130.0
4718055,4718056,18.0,1936795,1,2,17,2,6.0,4.0,6.0,15.0,4.0,814,17.0,22808.0,2147.0
4718058,4718059,18.0,1936798,1,1,17,2,3.0,25.0,6.0,15.0,4.0,722Z,16.0,22808.0,2147.0
4718061,4718062,18.0,1936801,1,2,17,2,3.0,-9.0,-9.0,15.0,4.0,722Z,16.0,22808.0,2147.0
4718064,4718065,18.0,1936804,1,2,17,2,1.0,30.0,1.0,15.0,4.0,5241,9.0,22818.0,2150.0
4718066,4718067,18.0,1936806,1,1,17,2,1.0,40.0,6.0,-9.0,4.0,5617Z,12.0,22808.0,2147.0
4718069,4718070,18.0,1936809,1,1,17,2,3.0,10.0,6.0,15.0,4.0,4523,5.0,22765.0,2130.0
4718072,4718073,18.0,1936812,1,2,17,2,6.0,-9.0,-9.0,-9.0,4.0,-9,-9.0,22808.0,2147.0
4718073,4718074,18.0,1936813,1,2,17,2,2.0,38.0,1.0,15.0,4.0,722Z,16.0,22814.0,2150.0
4718078,4718079,18.0,1936818,1,1,17,2,6.0,30.0,6.0,15.0,4.0,811192,17.0,22808.0,2147.0
4718080,4718081,18.0,1936820,1,2,17,2,6.0,40.0,5.0,-9.0,4.0,5616,12.0,22808.0,2147.0
4718085,4718086,18.0,1936825,1,1,17,2,6.0,-9.0,-9.0,15.0,4.0,-9,-9.0,22808.0,2147.0
4718086,4718087,18.0,1936826,1,1,17,2,6.0,-9.0,-9.0,-9.0,4.0,722Z,16.0,22808.0,2147.0
4718088,4718089,18.0,1936828,1,2,17,2,6.0,-9.0,-9.0,-9.0,4.0,-9,-9.0,22808.0,2147.0
4718089,4718090,18.0,1936829,1,1,17,2,1.0,30.0,1.0,15.0,4.0,722Z,16.0,22765.0,2130.0
4718092,4718093,18.0,1936832,1,1,17,2,1.0,30.0,1.0,15.0,4.0,722Z,16.0,22808.0,2147.0
4718093,4718094,18.0,1936833,1,2,17,2,1.0,20.0,6.0,-9.0,4.0,4523,5.0,22806.0,2146.0
4718095,4718096,18.0,1936835,1,1,17,2,6.0,-9.0,-9.0,14.0,4.0,-9,-9.0,22808.0,2147.0
4718097,4718098,18.0,1936837,1,2,17,2,3.0,-9.0,-9.0,-9.0,4.0,4244,4.0,22806.0,2146.0
4718102,4718103,18.0,1936842,1,2,17,2,6.0,25.0,5.0,15.0,4.0,5617Z,12.0,22808.0,2147.0
4718105,4718106,18.0,1936845,1,1,17,2,6.0,50.0,5.0,16.0,4.0,9211MP,18.0,22808.0,2147.0
4718111,4718112,18.0,1936851,1,1,17,2,6.0,20.0,6.0,15.0,4.0,56173,12.0,22806.0,2146.0
4718113,4718114,18.0,1936853,1,2,17,2,1.0,38.0,1.0,15.0,4.0,622M,15.0,22808.0,2147.0
4718116,4718117,18.0,1936856,1,1,17,2,6.0,-9.0,-9.0,13.0,4.0,722Z,16.0,22808.0,2147.0
4718121,4718122,18.0,1936861,1,2,17,2,6.0,-9.0,-9.0,-9.0,4.0,-9,-9.0,22808.0,2147.0
4718123,4718124,18.0,1936863,1,2,17,2,6.0,-9.0,-9.0,15.0,4.0,-9,-9.0,22808.0,2147.0
4718124,4718125,18.0,1936864,1,1,17,2,6.0,-9.0,-9.0,-9.0,4.0,-9,-9.0,22765.0,2130.0
4718127,4718128,18.0,1936867,1,1,17,2,1.0,17.0,5.0,-9.0,4.0,311811,3.0,22806.0,2146.0
4718128,4718129,18.0,1936868,1,1,17,2,6.0,-9.0,-9.0,15.0,4.0,-9,-9.0,22806.0,2146.0
4718134,4718135,18.0,1936874,1,1,17,2,3.0,10.0,6.0,15.0,4.0,4523,5.0,22813.0,2150.0
4718135,4718136,18.0,1936875,1,2,17,2,1.0,40.0,6.0,-9.0,4.0,5617Z,12.0,22806.0,2146.0
4718140,4718141,18.0,1936880,1,2,17,2,3.0,40.0,4.0,14.0,4.0,54194,10.0,22808.0,2147.0
4718142,4718143,18.0,1936882,1,2,17,4,3.0,27.0,4.0,16.0,4.0,611M1,13.0,22808.0,2147.0
4718144,4718145,18.0,1936884,1,1,17,4,1.0,7.0,5.0,15.0,4.0,722Z,16.0,22808.0,2147.0
4718145,4718146,18.0,1936885,1,2,17,4,6.0,-9.0,-9.0,15.0,4.0,-9,-9.0,22808.0,2147.0
4718147,4718148,18.0,1936887,1,2,17,4,6.0,-9.0,-9.0,15.0,4.0,-9,-9.0,22808.0,2147.0
4718151,4718152,18.0,1936891,1,1,17,4,1.0,4.0,6.0,15.0,4.0,611M1,13.0,22808.0,2147.0
4718154,4718155,18.0,1936894,1,1,17,4,6.0,-9.0,-9.0,15.0,4.0,334M2,3.0,22813.0,2150.0
4718157,4718158,18.0,1936897,1,1,17,4,6.0,8.0,6.0,15.0,4.0,9211MP,18.0,22758.0,2127.0
4718158,4718159,18.0,1936898,1,1,17,4,6.0,38.0,6.0,15.0,4.0,3116,3.0,22808.0,2147.0
4718161,4718162,18.0,1936901,1,2,17,4,1.0,40.0,1.0,16.0,4.0,611M1,13.0,22808.0,2147.0
4718171,4718172,18.0,1936911,1,1,17,4,6.0,-9.0,-9.0,15.0,4.0,-9,-9.0,22808.0,2147.0
4718176,4718177,18.0,1936916,1,2,17,4,6.0,-9.0,-9.0,15.0,4.0,6244,14.0,22808.0,2147.0
4718178,4718179,18.0,1936918,1,1,17,4,6.0,-9.0,-9.0,15.0,4.0,611M3,13.0,22813.0,2150.0
4718185,4718186,18.0,1936925,1,1,17,4,6.0,3.0,6.0,15.0,4.0,6111,13.0,22808.0,2147.0
4718188,4718189,18.0,1936928,1,2,17,4,6.0,-9.0,-9.0,15.0,4.0,-9,-9.0,22765.0,2130.0
4718189,4718190,18.0,1936929,1,1,17,4,6.0,10.0,4.0,15.0,4.0,722Z,16.0,22765.0,2130.0
4718190,4718191,18.0,1936930,1,2,17,4,1.0,12.0,1.0,15.0,4.0,812112,17.0,22765.0,2130.0
4718191,4718192,18.0,1936931,1,2,17,4,6.0,-9.0,-9.0,15.0,4.0,611M3,13.0,22758.0,2127.0
4718195,4718196,18.0,1936935,1,2,17,4,6.0,10.0,5.0,15.0,4.0,722Z,16.0,22815.0,2150.0
4718196,4718197,18.0,1936936,1,2,17,4,1.0,20.0,1.0,15.0,4.0,4523,5.0,22806.0,2146.0
4718198,4718199,18.0,1936938,1,2,17,4,1.0,16.0,3.0,15.0,4.0,611M1,13.0,22808.0,2147.0
4718202,4718203,18.0,1936942,1,1,17,4,6.0,-9.0,-9.0,15.0,4.0,-9,-9.0,22808.0,2147.0
4718205,4718206,18.0,1936945,1,2,17,4,1.0,20.0,1.0,15.0,4.0,45221,5.0,22765.0,2130.0
4718206,4718207,18.0,1936946,1,1,17,4,1.0,7.0,5.0,15.0,4.0,722Z,16.0,22808.0,2147.0
4718210,4718211,18.0,1936950,1,1,17,4,6.0,-9.0,-9.0,15.0,4.0,-9,-9.0,22808.0,2147.0
4718211,4718212,18.0,1936951,1,2,17,4,6.0,-9.0,-9.0,15.0,4.0,-9,-9.0,22806.0,2146.0
4718213,4718214,18.0,1936953,1,1,17,4,1.0,6.0,1.0,15.0,4.0,611M3,13.0,22808.0,2147.0
4718216,4718217,18.0,1936956,1,1,17,4,6.0,-9.0,-9.0,15.0,4.0,-9,-9.0,22808.0,2147.0
4718218,4718219,18.0,1936958,1,2,17,4,1.0,20.0,2.0,15.0,4.0,5413,10.0,22806.0,2146.0
4718221,4718222,18.0,1936961,1,2,17,4,6.0,-9.0,-9.0,15.0,4.0,-9,-9.0,22808.0,2147.0
4718232,4718233,18.0,1936972,1,2,17,4,6.0,-9.0,-9.0,16.0,4.0,814,17.0,22808.0,2147.0
4718233,4718234,18.0,1936973,1,2,17,4,6.0,-9.0,-9.0,15.0,4.0,-9,-9.0,22808.0,2147.0
4718241,4718242,18.0,1936981,1,2,17,4,6.0,10.0,4.0,15.0,4.0,623M,14.0,22808.0,2147.0
4718243,4718244,18.0,1936983,1,1,17,4,6.0,-9.0,-9.0,15.0,4.0,-9,-9.0,22758.0,2127.0
4718248,4718249,18.0,1936988,1,1,17,4,6.0,-9.0,-9.0,15.0,4.0,611M1,13.0,22808.0,2147.0
4718250,4718251,18.0,1936990,1,1,17,4,6.0,6.0,6.0,15.0,4.0,611M3,13.0,22808.0,2147.0
4718251,4718252,18.0,1936991,1,2,17,4,1.0,15.0,4.0,15.0,4.0,44611,5.0,22765.0,2130.0
4718252,4718253,18.0,1936992,1,2,17,4,6.0,20.0,5.0,15.0,4.0,722Z,16.0,22808.0,2147.0
4718256,4718257,18.0,1936996,1,2,17,4,1.0,10.0,6.0,16.0,4.0,722Z,16.0,22808.0,2147.0
4718257,4718258,18.0,1936997,1,1,17,4,6.0,-9.0,-9.0,15.0,4.0,-9,-9.0,22808.0,2147.0
4718261,4718262,18.0,1937001,1,2,17,4,6.0,14.0,5.0,15.0,4.0,722Z,16.0,22808.0,2147.0
4718263,4718264,18.0,1937003,1,2,17,4,6.0,7.0,5.0,15.0,4.0,722Z,16.0,22765.0,2130.0
4718264,4718265,18.0,1937004,1,2,17,4,6.0,49.0,4.0,15.0,4.0,721M,16.0,22806.0,2146.0
4718268,4718269,18.0,1937008,1,2,17,4,1.0,10.0,6.0,16.0,4.0,611M1,13.0,22808.0,2147.0
4718269,4718270,18.0,1937009,1,2,17,4,6.0,12.0,4.0,15.0,4.0,611M1,13.0,22808.0,2147.0
4718271,4718272,18.0,1937011,1,2,17,4,6.0,-9.0,-9.0,15.0,4.0,-9,-9.0,22808.0,2147.0
4718276,4718277,18.0,1937016,1,2,17,4,6.0,-9.0,-9.0,16.0,4.0,-9,-9.0,22808.0,2147.0
4718278,4718279,18.0,1937018,1,2,17,4,1.0,40.0,1.0,16.0,4.0,611M1,13.0,22808.0,2147.0
4718285,4718286,18.0,1937025,1,2,17,4,6.0,7.0,5.0,15.0,4.0,722Z,16.0,22765.0,2130.0
4718286,4718287,18.0,1937026,1,2,17,4,1.0,20.0,4.0,15.0,4.0,611M1,13.0,22808.0,2147.0
4718288,4718289,18.0,1937028,1,1,17,4,1.0,40.0,1.0,-9.0,4.0,45221,5.0,22806.0,2146.0
4718290,4718291,18.0,1937030,1,1,17,4,1.0,40.0,4.0,15.0,4.0,6211,14.0,22808.0,2147.0
4718296,4718297,18.0,1937036,1,1,17,4,1.0,20.0,6.0,15.0,4.0,722Z,16.0,22808.0,2147.0
4718297,4718298,18.0,1937037,1,1,17,4,1.0,14.0,2.0,15.0,4.0,713Z,16.0,22806.0,2146.0
4718302,4718303,18.0,1937042,1,1,17,4,6.0,4.0,6.0,15.0,4.0,611M3,13.0,22808.0,2147.0
4718306,4718307,18.0,1937046,1,2,17,4,6.0,-9.0,-9.0,15.0,4.0,-9,-9.0,22808.0,2147.0
4718309,4718310,18.0,1937049,1,2,17,4,6.0,30.0,6.0,15.0,4.0,722Z,16.0,22808.0,2147.0
4718310,4718311,18.0,1937050,1,2,17,4,2.0,12.0,6.0,15.0,4.0,611M1,13.0,22808.0,2147.0
4718316,4718317,18.0,1937056,1,1,17,4,6.0,-9.0,-9.0,15.0,4.0,611M3,13.0,22808.0,2147.0
4718325,4718326,18.0,1937065,1,2,17,4,1.0,20.0,4.0,15.0,4.0,611M1,13.0,22808.0,2147.0
4718326,4718327,18.0,1937066,1,1,17,4,6.0,40.0,6.0,15.0,4.0,336M,3.0,22806.0,2146.0
4718327,4718328,18.0,1937067,1,1,17,4,6.0,-9.0,-9.0,15.0,4.0,-9,-9.0,22808.0,2147.0
4718328,4718329,18.0,1937068,1,1,17,4,6.0,-9.0,-9.0,15.0,4.0,-9,-9.0,22808.0,2147.0
4718331,4718332,18.0,1937071,1,2,17,4,1.0,10.0,1.0,15.0,4.0,611M1,13.0,22808.0,2147.0
4718332,4718333,18.0,1937072,1,2,17,4,6.0,-9.0,-9.0,15.0,4.0,-9,-9.0,22808.0,2147.0
4718335,4718336,18.0,1937075,1,2,17,4,6.0,-9.0,-9.0,15.0,4.0,-9,-9.0,22808.0,2147.0
4718336,4718337,18.0,1937076,1,1,17,4,6.0,-9.0,-9.0,15.0,4.0,-9,-9.0,22760.0,2128.0
4718338,4718339,18.0,1937078,1,2,17,4,6.0,30.0,6.0,15.0,4.0,722Z,16.0,22808.0,2147.0
4718340,4718341,18.0,1937080,1,1,17,4,1.0,10.0,4.0,15.0,4.0,7111,16.0,22765.0,2130.0
4718342,4718343,18.0,1937082,1,2,17,4,6.0,-9.0,-9.0,15.0,4.0,531M,9.0,22806.0,2146.0
4718351,4718352,18.0,1937091,1,1,17,4,3.0,-9.0,-9.0,15.0,4.0,999920,-9.0,22758.0,2127.0
4718355,4718356,18.0,1937095,1,2,17,4,6.0,-9.0,-9.0,16.0,4.0,814,17.0,22808.0,2147.0
4718357,4718358,18.0,1937097,1,1,17,4,1.0,40.0,1.0,-9.0,4.0,4523,5.0,22808.0,2147.0
4718359,4718360,18.0,1937099,1,1,17,4,1.0,70.0,1.0,15.0,4.0,722Z,16.0,22808.0,2147.0
4718361,4718362,18.0,1937101,1,1,17,4,6.0,-9.0,-9.0,15.0,4.0,611M1,13.0,22808.0,2147.0
4718362,4718363,18.0,1937102,1,2,17,4,6.0,-9.0,-9.0,15.0,4.0,-9,-9.0,22808.0,2147.0
4718364,4718365,18.0,1937104,1,2,17,4,6.0,-9.0,-9.0,15.0,4.0,-9,-9.0,22808.0,2147.0
4718366,4718367,18.0,1937106,1,1,17,4,6.0,-9.0,-9.0,15.0,4.0,-9,-9.0,22808.0,2147.0
4718369,4718370,18.0,1937109,1,1,17,4,6.0,-9.0,-9.0,15.0,4.0,611M3,13.0,22808.0,2147.0
4718373,4718374,18.0,1937113,1,1,17,4,6.0,20.0,4.0,15.0,4.0,221MP,7.0,22806.0,2146.0
4718374,4718375,18.0,1937114,1,2,17,4,6.0,8.0,5.0,16.0,4.0,5413,10.0,22806.0,2146.0
4718378,4718379,18.0,1937118,1,2,17,4,1.0,9.0,4.0,15.0,4.0,611M1,13.0,22808.0,2147.0
4718379,4718380,18.0,1937119,1,1,17,4,6.0,5.0,5.0,15.0,4.0,611M1,13.0,22815.0,2150.0
4718382,4718383,18.0,1937122,1,1,17,4,1.0,6.0,1.0,15.0,4.0,611M3,13.0,22808.0,2147.0
4718383,4718384,18.0,1937123,1,2,17,4,6.0,-9.0,-9.0,16.0,4.0,-9,-9.0,22765.0,2130.0
4718387,4718388,18.0,1937127,1,2,17,4,1.0,20.0,4.0,15.0,4.0,611M1,13.0,22808.0,2147.0
4718388,4718389,18.0,1937128,1,2,17,3,1.0,30.0,1.0,15.0,4.0,44511,5.0,22806.0,2146.0
4718394,4718395,18.0,1937134,1,1,17,3,6.0,45.0,6.0,15.0,4.0,722Z,16.0,22815.0,2150.0
4718395,4718396,18.0,1937135,1,1,17,3,6.0,-9.0,-9.0,15.0,4.0,56173,12.0,22808.0,2147.0
4718396,4718397,18.0,1937136,1,2,17,3,6.0,-9.0,-9.0,14.0,4.0,-9,-9.0,22808.0,2147.0
4718401,4718402,18.0,1937141,1,1,17,3,6.0,-9.0,-9.0,-9.0,4.0,-9,-9.0,22808.0,2147.0
4718406,4718407,18.0,1937146,1,1,17,3,6.0,15.0,6.0,15.0,4.0,4411,5.0,22765.0,2130.0
4718407,4718408,18.0,1937147,1,1,17,3,1.0,20.0,1.0,15.0,4.0,5313,9.0,22818.0,2150.0
4718410,4718411,18.0,1937150,1,2,17,3,1.0,15.0,1.0,15.0,4.0,722Z,16.0,22808.0,2147.0
4718415,4718416,18.0,1937155,1,2,17,3,6.0,-9.0,-9.0,15.0,4.0,722Z,16.0,22808.0,2147.0
4718419,4718420,18.0,1937159,1,1,17,3,6.0,38.0,6.0,15.0,4.0,722Z,16.0,22808.0,2147.0
4718422,4718423,18.0,1937162,1,2,17,3,1.0,15.0,1.0,15.0,4.0,722Z,16.0,22808.0,2147.0
4718429,4718430,18.0,1937169,1,2,17,3,1.0,8.0,6.0,15.0,4.0,611M1,13.0,22814.0,2150.0
4718437,4718438,18.0,1937177,1,1,17,3,6.0,20.0,6.0,15.0,4.0,722Z,16.0,22765.0,2130.0
4718439,4718440,18.0,1937179,1,1,17,3,6.0,15.0,6.0,15.0,4.0,4411,5.0,22808.0,2147.0
4718444,4718445,18.0,1937184,1,1,17,3,1.0,20.0,3.0,15.0,4.0,611M1,13.0,22806.0,2146.0
4718445,4718446,18.0,1937185,1,1,17,1,6.0,60.0,1.0,-9.0,4.0,56173,12.0,22815.0,2150.0
4718447,4718448,18.0,1937187,1,2,17,1,1.0,60.0,5.0,16.0,4.0,611M1,13.0,22808.0,2147.0
4718448,4718449,18.0,1937188,1,1,17,1,6.0,3.0,6.0,15.0,4.0,6111,13.0,22818.0,2150.0
4718450,4718451,18.0,1937190,1,2,17,1,6.0,30.0,5.0,15.0,4.0,722Z,16.0,22808.0,2147.0
4718451,4718452,18.0,1937191,1,2,17,1,1.0,14.0,1.0,15.0,4.0,611M1,13.0,22808.0,2147.0
4718452,4718453,18.0,1937192,1,2,17,1,1.0,10.0,3.0,15.0,4.0,611M1,13.0,22814.0,2150.0
4718457,4718458,18.0,1937197,1,2,17,1,6.0,6.0,6.0,15.0,4.0,814,17.0,22808.0,2147.0
4718458,4718459,18.0,1937198,1,2,17,1,1.0,20.0,5.0,15.0,4.0,713Z,16.0,22765.0,2130.0
4718459,4718460,18.0,1937199,1,1,17,1,6.0,12.0,3.0,15.0,4.0,722Z,16.0,22765.0,2130.0
4718461,4718462,18.0,1937201,1,2,17,1,1.0,40.0,5.0,15.0,4.0,713Z,16.0,22808.0,2147.0
4718465,4718466,18.0,1937205,1,2,17,3,1.0,30.0,3.0,15.0,4.0,611M1,13.0,22808.0,2147.0
4718468,4718469,18.0,1937208,1,1,17,2,1.0,18.0,5.0,15.0,4.0,4511M,5.0,22806.0,2146.0
4718469,4718470,18.0,1937209,1,2,17,1,6.0,40.0,6.0,15.0,4.0,712,16.0,22765.0,2130.0
4718472,4718473,18.0,1937212,1,2,17,2,3.0,-9.0,-9.0,15.0,4.0,999920,-9.0,22815.0,2150.0
4718474,4718475,18.0,1937214,1,1,17,1,6.0,-9.0,-9.0,15.0,4.0,-9,-9.0,22808.0,2147.0
4718475,4718476,18.0,1937215,1,2,17,2,1.0,20.0,5.0,15.0,4.0,611M1,13.0,22806.0,2146.0
4718476,4718477,18.0,1937216,1,2,17,1,6.0,27.0,6.0,15.0,4.0,531M,9.0,22808.0,2147.0
4718477,4718478,18.0,1937217,1,1,17,4,3.0,-9.0,-9.0,15.0,4.0,443142,5.0,22808.0,2147.0
4718479,4718480,18.0,1937219,1,1,17,1,6.0,4.0,6.0,15.0,4.0,611M1,13.0,22808.0,2147.0
4718483,4718484,18.0,1937223,1,2,17,1,6.0,16.0,2.0,15.0,4.0,722Z,16.0,22806.0,2146.0
4718486,4718487,18.0,1937226,1,2,17,1,1.0,12.0,1.0,15.0,4.0,713Z,16.0,22765.0,2130.0
4718487,4718488,18.0,1937227,1,2,17,1,1.0,15.0,6.0,15.0,4.0,4481,5.0,22765.0,2130.0
4718491,4718492,18.0,1937231,1,2,17,1,6.0,49.0,4.0,15.0,4.0,721M,16.0,22808.0,2147.0
4718493,4718494,18.0,1937233,1,2,17,1,1.0,10.0,4.0,15.0,4.0,611M1,13.0,22808.0,2147.0
4718496,4718497,18.0,1937236,1,2,17,1,6.0,35.0,6.0,15.0,4.0,6111,13.0,22808.0,2147.0
4718501,4718502,18.0,1937241,1,1,17,1,6.0,-9.0,-9.0,15.0,4.0,-9,-9.0,22765.0,2130.0
4718503,4718504,18.0,1937243,1,1,17,2,6.0,25.0,5.0,15.0,4.0,722Z,16.0,22808.0,2147.0
4718508,4718509,18.0,1937248,1,1,17,4,1.0,20.0,1.0,15.0,4.0,722Z,16.0,22808.0,2147.0
4718519,4718520,18.0,1937259,1,1,17,1,1.0,24.0,3.0,15.0,4.0,5121,8.0,22758.0,2127.0
4718525,4718526,18.0,1937265,1,1,17,1,6.0,40.0,5.0,16.0,4.0,33641M1,3.0,22765.0,2130.0
4718528,4718529,18.0,1937268,1,2,17,1,6.0,-9.0,-9.0,-9.0,4.0,56173,12.0,22758.0,2127.0
4718530,4718531,18.0,1937270,1,1,17,1,6.0,-9.0,-9.0,15.0,4.0,813M,17.0,22808.0,2147.0
4718533,4718534,18.0,1937273,1,1,17,4,6.0,-9.0,-9.0,15.0,4.0,-9,-9.0,22806.0,2146.0
4718536,4718537,18.0,1937276,1,1,17,1,6.0,28.0,5.0,14.0,4.0,44512,5.0,22806.0,2146.0
4718537,4718538,18.0,1937277,1,1,17,1,1.0,20.0,5.0,15.0,4.0,515,8.0,22808.0,2147.0
4718539,4718540,18.0,1937279,1,2,17,1,1.0,18.0,1.0,15.0,4.0,611M1,13.0,22808.0,2147.0
4718542,4718543,18.0,1937282,1,1,17,2,1.0,17.0,4.0,15.0,4.0,611M1,13.0,22808.0,2147.0
4718546,4718547,18.0,1937286,1,2,17,4,1.0,12.0,4.0,15.0,4.0,4511M,5.0,22815.0,2150.0
4718550,4718551,18.0,1937290,1,2,17,1,2.0,15.0,4.0,15.0,4.0,611M1,13.0,22810.0,2148.0
4718556,4718557,18.0,1937296,1,1,17,2,6.0,25.0,6.0,15.0,4.0,713Z,16.0,22806.0,2146.0
4718558,4718559,18.0,1937298,1,1,17,1,6.0,-9.0,-9.0,-9.0,4.0,-9,-9.0,22815.0,2150.0
4718560,4718561,18.0,1937300,1,2,17,4,6.0,2.0,4.0,15.0,4.0,611M3,13.0,22808.0,2147.0
4718565,4718566,18.0,1937305,1,1,17,1,6.0,12.0,5.0,15.0,4.0,6111,13.0,22808.0,2147.0
4718567,4718568,18.0,1937307,1,1,17,1,6.0,6.0,6.0,15.0,4.0,515,8.0,22808.0,2147.0
4718571,4718572,18.0,1937311,1,1,17,2,6.0,-9.0,-9.0,15.0,4.0,-9,-9.0,22808.0,2147.0
4718572,4718573,18.0,1937312,1,2,17,4,6.0,-9.0,-9.0,15.0,4.0,4523,5.0,22806.0,2146.0
4718578,4718579,18.0,1937318,1,2,17,4,1.0,4.0,6.0,15.0,4.0,611M1,13.0,22808.0,2147.0
4718580,4718581,18.0,1937320,1,2,17,2,3.0,-9.0,-9.0,15.0,4.0,6111,13.0,22765.0,2130.0
4718582,4718583,18.0,1937322,1,1,17,1,6.0,-9.0,-9.0,15.0,4.0,336M,3.0,22808.0,2147.0
4718585,4718586,18.0,1937325,1,1,17,1,6.0,20.0,6.0,15.0,4.0,713Z,16.0,22808.0,2147.0
4718590,4718591,18.0,1937330,1,2,17,1,6.0,30.0,6.0,15.0,4.0,337,3.0,22810.0,2148.0
4718591,4718592,18.0,1937331,1,2,17,1,1.0,28.0,1.0,15.0,4.0,814,17.0,22808.0,2147.0
4718592,4718593,18.0,1937332,1,2,17,1,6.0,-9.0,-9.0,-9.0,4.0,722Z,16.0,22810.0,2148.0
4718595,4718596,18.0,1937335,1,2,17,1,3.0,-9.0,-9.0,15.0,4.0,999920,-9.0,22765.0,2130.0
4718596,4718597,18.0,1937336,1,2,17,4,1.0,15.0,1.0,15.0,4.0,713Z,16.0,22808.0,2147.0
4718597,4718598,18.0,1937337,1,2,17,2,6.0,25.0,5.0,15.0,4.0,5617Z,12.0,22806.0,2146.0
4718599,4718600,18.0,1937339,1,2,17,2,1.0,20.0,6.0,-9.0,4.0,4523,5.0,22806.0,2146.0
4718601,4718602,18.0,1937341,1,2,17,1,1.0,15.0,3.0,15.0,4.0,611M1,13.0,22806.0,2146.0
4718602,4718603,18.0,1937342,1,2,17,1,1.0,7.0,4.0,15.0,4.0,611M1,13.0,22765.0,2130.0
4718606,4718607,18.0,1937346,1,2,17,1,6.0,-9.0,-9.0,15.0,4.0,722Z,16.0,22808.0,2147.0
4718609,4718610,18.0,1937349,1,2,17,2,6.0,25.0,5.0,15.0,4.0,5617Z,12.0,22808.0,2147.0
4718610,4718611,18.0,1937350,1,2,17,2,6.0,25.0,5.0,15.0,4.0,5617Z,12.0,22808.0,2147.0
4718613,4718614,18.0,1937353,1,2,17,2,1.0,16.0,1.0,15.0,4.0,622M,15.0,22760.0,2128.0
4718614,4718615,18.0,1937354,1,1,17,1,6.0,-9.0,-9.0,15.0,4.0,722Z,16.0,22765.0,2130.0
4718615,4718616,18.0,1937355,1,1,17,4,6.0,8.0,6.0,15.0,4.0,2211P,7.0,22806.0,2146.0
4718616,4718617,18.0,1937356,1,2,17,2,1.0,14.0,4.0,15.0,4.0,611M1,13.0,22765.0,2130.0
4718623,4718624,18.0,1937363,1,2,17,1,6.0,-9.0,-9.0,14.0,4.0,-9,-9.0,22808.0,2147.0
4718624,4718625,18.0,1937364,1,2,17,4,6.0,-9.0,-9.0,15.0,4.0,-9,-9.0,22814.0,2150.0
4718626,4718627,18.0,1937366,1,2,17,1,1.0,25.0,1.0,15.0,4.0,611M1,13.0,22808.0,2147.0
4718628,4718629,18.0,1937368,1,2,17,1,6.0,-9.0,-9.0,-9.0,4.0,-9,-9.0,22808.0,2147.0
4718634,4718635,18.0,1937374,1,1,17,1,6.0,-9.0,-9.0,-9.0,4.0,-9,-9.0,22808.0,2147.0
4718638,4718639,18.0,1937378,1,2,17,4,6.0,-9.0,-9.0,13.0,4.0,-9,-9.0,22758.0,2127.0
4718639,4718640,18.0,1937379,1,2,17,1,1.0,16.0,5.0,15.0,4.0,611M1,13.0,22815.0,2150.0
4718641,4718642,18.0,1937381,1,1,17,1,6.0,-9.0,-9.0,-9.0,4.0,443142,5.0,22758.0,2127.0
4718642,4718643,18.0,1937382,1,1,17,1,1.0,10.0,1.0,15.0,4.0,611M1,13.0,22808.0,2147.0
4718646,4718647,18.0,1937386,1,1,17,1,1.0,15.0,1.0,15.0,4.0,611M1,13.0,22806.0,2146.0
4718648,4718649,18.0,1937388,1,2,17,1,1.0,12.0,6.0,15.0,4.0,611M1,13.0,22808.0,2147.0
4718650,4718651,18.0,1937390,1,1,17,1,6.0,40.0,6.0,15.0,4.0,336M,3.0,22808.0,2147.0
4718653,4718654,18.0,1937393,1,1,17,1,6.0,40.0,3.0,-9.0,4.0,722Z,16.0,22806.0,2146.0
4718655,4718656,18.0,1937395,1,1,17,1,6.0,40.0,5.0,15.0,4.0,23,2.0,22765.0,2130.0
4718657,4718658,18.0,1937397,1,1,17,1,1.0,40.0,1.0,15.0,4.0,3219ZM,3.0,22758.0,2127.0
4718658,4718659,18.0,1937398,1,1,17,1,2.0,30.0,6.0,15.0,4.0,23,2.0,22815.0,2150.0
4718662,4718663,18.0,1937402,1,1,17,1,2.0,25.0,2.0,15.0,3.0,44512,5.0,22808.0,2147.0
4718663,4718664,18.0,1937403,1,2,17,4,1.0,6.0,6.0,15.0,4.0,611M1,13.0,22808.0,2147.0
4718664,4718665,18.0,1937404,1,1,17,1,2.0,30.0,6.0,15.0,4.0,23,2.0,22765.0,2130.0
4718665,4718666,18.0,1937405,1,1,17,1,6.0,48.0,6.0,15.0,4.0,337,3.0,22808.0,2147.0
4718666,4718667,18.0,1937406,1,2,17,1,1.0,30.0,4.0,15.0,4.0,722Z,16.0,22814.0,2150.0
4718668,4718669,18.0,1937408,1,1,17,1,6.0,20.0,4.0,15.0,4.0,4244,4.0,22808.0,2147.0
4718670,4718671,18.0,1937410,1,2,17,1,6.0,6.0,6.0,15.0,4.0,6211,14.0,22806.0,2146.0
4718671,4718672,18.0,1937411,1,1,17,1,6.0,-9.0,-9.0,15.0,4.0,-9,-9.0,22808.0,2147.0
4718674,4718675,18.0,1937414,1,1,17,4,1.0,40.0,1.0,-9.0,4.0,4523,5.0,22806.0,2146.0
4718676,4718677,18.0,1937416,1,1,17,1,6.0,39.0,5.0,15.0,4.0,713Z,16.0,22765.0,2130.0
4718678,4718679,18.0,1937418,1,2,17,1,1.0,11.0,5.0,15.0,4.0,611M1,13.0,22808.0,2147.0
4718680,4718681,18.0,1937420,1,1,17,4,6.0,5.0,5.0,15.0,4.0,611M1,13.0,22808.0,2147.0
4718681,4718682,18.0,1937421,1,2,17,1,1.0,30.0,1.0,15.0,4.0,611M1,13.0,22814.0,2150.0
4718685,4718686,18.0,1937425,1,1,17,1,6.0,-9.0,-9.0,-9.0,4.0,-9,-9.0,22806.0,2146.0
4718687,4718688,18.0,1937427,1,2,17,1,3.0,20.0,1.0,15.0,4.0,814,17.0,22814.0,2150.0
4718688,4718689,18.0,1937428,1,1,17,1,1.0,13.0,1.0,15.0,4.0,611M1,13.0,22808.0,2147.0
4718693,4718694,18.0,1937433,1,2,17,4,6.0,-9.0,-9.0,15.0,4.0,-9,-9.0,22808.0,2147.0
4718696,4718697,18.0,1937436,1,2,17,1,6.0,40.0,5.0,15.0,4.0,713Z,16.0,22808.0,2147.0
4718698,4718699,18.0,1937438,1,2,17,1,1.0,30.0,1.0,15.0,4.0,611M1,13.0,22808.0,2147.0
4718700,4718701,18.0,1937440,1,1,17,1,6.0,-9.0,-9.0,15.0,4.0,-9,-9.0,22765.0,2130.0
4718702,4718703,18.0,1937442,1,1,17,1,1.0,20.0,4.0,15.0,4.0,4233,4.0,22808.0,2147.0
4718703,4718704,18.0,1937443,1,1,17,2,1.0,24.0,1.0,15.0,4.0,611M1,13.0,22808.0,2147.0
4718704,4718705,18.0,1937444,1,2,17,1,6.0,10.0,5.0,15.0,4.0,611M1,13.0,22808.0,2147.0
4718705,4718706,18.0,1937445,1,2,17,1,6.0,5.0,6.0,15.0,4.0,56173,12.0,22808.0,2147.0
4718708,4718709,18.0,1937448,1,1,17,1,6.0,28.0,5.0,14.0,4.0,44511,5.0,22808.0,2147.0
4718710,4718711,18.0,1937450,1,2,17,1,6.0,13.0,6.0,15.0,4.0,611M3,13.0,22808.0,2147.0
4718711,4718712,18.0,1937451,1,1,17,4,1.0,15.0,3.0,15.0,4.0,611M1,13.0,22808.0,2147.0
4718714,4718715,18.0,1937454,1,1,17,1,6.0,20.0,5.0,15.0,4.0,722Z,16.0,22808.0,2147.0
4718715,4718716,18.0,1937455,1,1,17,1,1.0,23.0,5.0,15.0,4.0,622M,15.0,22814.0,2150.0
4718716,4718717,18.0,1937456,1,1,17,1,2.0,30.0,6.0,15.0,4.0,23,2.0,22808.0,2147.0
4718718,4718719,18.0,1937458,1,1,17,1,1.0,30.0,2.0,15.0,4.0,611M1,13.0,22808.0,2147.0
4718720,4718721,18.0,1937460,1,1,17,1,6.0,25.0,6.0,15.0,4.0,722Z,16.0,22808.0,2147.0
4718721,4718722,18.0,1937461,1,1,17,1,6.0,32.0,6.0,15.0,4.0,336M,3.0,22808.0,2147.0
4718723,4718724,18.0,1937463,1,2,17,1,6.0,-9.0,-9.0,15.0,4.0,-9,-9.0,22806.0,2146.0
4718725,4718726,18.0,1937465,1,1,17,1,1.0,8.0,1.0,15.0,4.0,611M1,13.0,22808.0,2147.0
4718726,4718727,18.0,1937466,1,2,17,2,6.0,18.0,6.0,15.0,4.0,722Z,16.0,22808.0,2147.0
4718729,4718730,18.0,1937469,1,1,17,1,3.0,14.0,4.0,15.0,4.0,713Z,16.0,22808.0,2147.0
4718731,4718732,18.0,1937471,1,1,17,1,1.0,25.0,4.0,15.0,4.0,611M1,13.0,22758.0,2127.0
4718734,4718735,18.0,1937474,1,1,17,1,1.0,30.0,1.0,16.0,4.0,611M1,13.0,22808.0,2147.0
4718735,4718736,18.0,1937475,1,2,17,1,6.0,26.0,5.0,15.0,4.0,814,17.0,22765.0,2130.0
4718737,4718738,18.0,1937477,1,2,17,1,6.0,-9.0,-9.0,15.0,4.0,-9,-9.0,22808.0,2147.0
4718739,4718740,18.0,1937479,1,2,17,1,6.0,30.0,5.0,15.0,4.0,722Z,16.0,22765.0,2130.0
4718741,4718742,18.0,1937481,1,2,17,1,6.0,27.0,6.0,15.0,4.0,531M,9.0,22808.0,2147.0
4718745,4718746,18.0,1937485,1,1,17,3,3.0,40.0,6.0,15.0,4.0,334M1,3.0,22814.0,2150.0
4718746,4718747,18.0,1937486,1,2,17,4,6.0,-9.0,-9.0,15.0,4.0,-9,-9.0,22765.0,2130.0
4718747,4718748,18.0,1937487,1,1,17,1,3.0,14.0,4.0,15.0,4.0,713Z,16.0,22765.0,2130.0
4718749,4718750,18.0,1937489,1,2,17,1,6.0,-9.0,-9.0,-9.0,4.0,56173,12.0,22808.0,2147.0
4718752,4718753,18.0,1937492,1,1,17,1,6.0,32.0,6.0,15.0,4.0,712,16.0,22808.0,2147.0
4718758,4718759,18.0,1937498,1,2,17,4,6.0,-9.0,-9.0,13.0,4.0,-9,-9.0,22808.0,2147.0
4718761,4718762,18.0,1937501,1,1,17,4,1.0,40.0,4.0,15.0,4.0,6211,14.0,22808.0,2147.0
4718762,4718763,18.0,1937502,1,1,17,1,1.0,18.0,1.0,15.0,4.0,611M1,13.0,22808.0,2147.0
4718764,4718765,18.0,1937504,1,1,17,1,6.0,10.0,6.0,15.0,4.0,3256,3.0,22806.0,2146.0
4718765,4718766,18.0,1937505,1,2,17,2,1.0,20.0,4.0,15.0,4.0,611M1,13.0,22806.0,2146.0
4718772,4718773,18.0,1937512,1,2,17,1,3.0,15.0,6.0,15.0,4.0,722Z,16.0,22808.0,2147.0
4718773,4718774,18.0,1937513,1,2,17,1,1.0,3.0,6.0,15.0,4.0,611M1,13.0,22808.0,2147.0
4718782,4718783,18.0,1937522,1,1,17,3,6.0,14.0,4.0,15.0,4.0,4MS,5.0,22808.0,2147.0
4718784,4718785,18.0,1937524,1,2,17,1,6.0,10.0,6.0,15.0,4.0,44821,5.0,22808.0,2147.0
4718788,4718789,18.0,1937528,1,2,17,1,1.0,4.0,1.0,15.0,4.0,611M1,13.0,22808.0,2147.0
4718793,4718794,18.0,1937533,1,1,17,1,6.0,45.0,6.0,15.0,4.0,23,2.0,22815.0,2150.0
4718794,4718795,18.0,1937534,1,1,17,1,6.0,25.0,6.0,15.0,4.0,721M,16.0,22765.0,2130.0
4718795,4718796,18.0,1937535,1,1,17,4,6.0,35.0,6.0,15.0,4.0,811192,17.0,22808.0,2147.0
4718801,4718802,18.0,1937541,1,2,17,1,6.0,-9.0,-9.0,15.0,4.0,-9,-9.0,22808.0,2147.0
4718803,4718804,18.0,1937543,1,2,17,1,6.0,-9.0,-9.0,14.0,4.0,-9,-9.0,22765.0,2130.0
4718804,4718805,18.0,1937544,1,2,17,1,6.0,10.0,6.0,15.0,4.0,44821,5.0,22808.0,2147.0
4718806,4718807,18.0,1937546,1,1,17,1,6.0,38.0,5.0,15.0,4.0,33641M1,3.0,22808.0,2147.0
4718809,4718810,18.0,1937549,1,2,17,1,6.0,30.0,4.0,15.0,4.0,6231,14.0,22808.0,2147.0
4718812,4718813,18.0,1937552,1,2,17,1,1.0,5.0,5.0,15.0,4.0,611M1,13.0,22806.0,2146.0
4718815,4718816,18.0,1937555,1,1,17,1,6.0,-9.0,-9.0,15.0,4.0,23,2.0,22808.0,2147.0
4718816,4718817,18.0,1937556,1,2,17,1,6.0,20.0,5.0,15.0,4.0,722Z,16.0,22806.0,2146.0
4718817,4718818,18.0,1937557,1,2,17,4,6.0,-9.0,-9.0,15.0,4.0,-9,-9.0,22808.0,2147.0
4718818,4718819,18.0,1937558,1,2,17,1,6.0,40.0,5.0,15.0,4.0,5413,10.0,22808.0,2147.0
4718819,4718820,18.0,1937559,1,2,17,1,1.0,12.0,4.0,15.0,4.0,611M1,13.0,22808.0,2147.0
4718822,4718823,18.0,1937562,1,2,17,4,6.0,30.0,1.0,15.0,4.0,54194,10.0,22808.0,2147.0
4718824,4718825,18.0,1937564,1,1,17,1,6.0,48.0,6.0,15.0,4.0,337,3.0,22815.0,2150.0
4718828,4718829,18.0,1937568,1,1,17,1,3.0,20.0,6.0,15.0,4.0,6241,14.0,22758.0,2127.0
4718832,4718833,18.0,1937572,1,1,17,1,6.0,40.0,6.0,15.0,4.0,52M2,9.0,22806.0,2146.0
4718834,4718835,18.0,1937574,1,2,17,1,6.0,-9.0,-9.0,15.0,4.0,-9,-9.0,22758.0,2127.0
4718839,4718840,18.0,1937579,1,1,17,1,6.0,20.0,5.0,15.0,4.0,23,2.0,22808.0,2147.0
4718841,4718842,18.0,1937581,1,1,17,4,1.0,40.0,4.0,15.0,4.0,6211,14.0,22808.0,2147.0
4718845,4718846,18.0,1937585,1,2,17,4,1.0,15.0,4.0,15.0,4.0,44611,5.0,22808.0,2147.0
4718848,4718849,18.0,1937588,1,1,17,1,6.0,-9.0,-9.0,15.0,4.0,-9,-9.0,22765.0,2130.0
4718849,4718850,18.0,1937589,1,2,17,1,1.0,12.0,4.0,15.0,4.0,611M1,13.0,22758.0,2127.0
4718850,4718851,18.0,1937590,1,1,17,1,6.0,-9.0,-9.0,15.0,4.0,-9,-9.0,22808.0,2147.0
4718857,4718858,18.0,1937597,1,1,17,1,6.0,30.0,3.0,15.0,4.0,44511,5.0,22806.0,2146.0
4718858,4718859,18.0,1937598,1,2,17,1,1.0,25.0,6.0,15.0,4.0,44611,5.0,22765.0,2130.0
4718859,4718860,18.0,1937599,1,1,17,1,6.0,-9.0,-9.0,15.0,4.0,-9,-9.0,22808.0,2147.0
4718865,4718866,18.0,1937605,1,2,17,1,6.0,36.0,5.0,15.0,4.0,611M3,13.0,22808.0,2147.0
4718869,4718870,18.0,1937609,1,2,17,1,1.0,10.0,5.0,15.0,4.0,722Z,16.0,22758.0,2127.0
4718872,4718873,18.0,1937612,1,2,17,1,1.0,60.0,5.0,16.0,4.0,611M1,13.0,22808.0,2147.0
4718876,4718877,18.0,1937616,1,2,17,1,1.0,12.0,4.0,15.0,4.0,722Z,16.0,22806.0,2146.0
4718881,4718882,18.0,1937621,1,2,17,1,1.0,13.0,6.0,-9.0,4.0,713Z,16.0,22808.0,2147.0
4718886,4718887,18.0,1937626,1,2,17,1,6.0,3.0,6.0,15.0,4.0,814,17.0,22808.0,2147.0
4718889,4718890,18.0,1937629,1,2,17,4,1.0,15.0,4.0,15.0,4.0,44611,5.0,22808.0,2147.0
4718890,4718891,18.0,1937630,1,1,17,2,1.0,17.0,5.0,-9.0,4.0,311811,3.0,22808.0,2147.0
4718893,4718894,19.0,1937633,1,2,17,1,6.0,15.0,4.0,15.0,4.0,5412,10.0,22808.0,2147.0
4718894,4718895,19.0,1937634,1,2,17,1,3.0,-9.0,-9.0,15.0,4.0,999920,-9.0,22808.0,2147.0
4718895,4718896,19.0,1937635,1,2,17,1,1.0,10.0,5.0,15.0,4.0,611M1,13.0,22808.0,2147.0
4718898,4718899,19.0,1937638,1,2,17,1,6.0,6.0,6.0,15.0,4.0,6211,14.0,22808.0,2147.0
4718901,4718902,19.0,1937641,1,1,17,1,1.0,20.0,4.0,15.0,4.0,712,16.0,22814.0,2150.0
4718903,4718904,19.0,1937643,1,2,17,1,6.0,32.0,6.0,15.0,4.0,52M2,9.0,22808.0,2147.0
4718908,4718909,19.0,1937648,1,1,17,1,6.0,15.0,4.0,15.0,4.0,611M1,13.0,22808.0,2147.0
4718910,4718911,19.0,1937650,1,2,17,1,6.0,-9.0,-9.0,15.0,4.0,-9,-9.0,22808.0,2147.0
4718911,4718912,19.0,1937651,1,2,17,1,1.0,6.0,2.0,15.0,4.0,6216,14.0,22808.0,2147.0
4718914,4718915,19.0,1937654,1,1,17,1,6.0,39.0,5.0,15.0,4.0,713Z,16.0,22815.0,2150.0
4718918,4718919,19.0,1937658,1,1,17,1,6.0,-9.0,-9.0,15.0,4.0,23,2.0,22808.0,2147.0
4718926,4718927,19.0,1937666,1,2,17,1,6.0,25.0,4.0,15.0,4.0,4533,5.0,22808.0,2147.0
4718929,4718930,19.0,1937669,1,1,17,1,6.0,-9.0,-9.0,15.0,4.0,-9,-9.0,22808.0,2147.0
4718935,4718936,19.0,1937675,1,2,17,1,1.0,3.0,1.0,15.0,4.0,611M3,13.0,22814.0,2150.0
4718936,4718937,19.0,1937676,1,2,17,1,6.0,-9.0,-9.0,15.0,4.0,-9,-9.0,22808.0,2147.0
4718937,4718938,19.0,1937677,1,2,17,1,1.0,25.0,1.0,15.0,4.0,611M1,13.0,22808.0,2147.0
4718940,4718941,19.0,1937680,1,2,17,1,3.0,40.0,5.0,15.0,4.0,6241,14.0,22808.0,2147.0
4718948,4718949,19.0,1937688,1,2,17,1,1.0,16.0,5.0,15.0,4.0,611M1,13.0,22808.0,2147.0
4718949,4718950,19.0,1937689,1,2,17,1,1.0,30.0,1.0,15.0,4.0,722Z,16.0,22808.0,2147.0
4718951,4718952,19.0,1937691,1,2,17,1,6.0,4.0,6.0,15.0,4.0,6244,14.0,22758.0,2127.0
4718955,4718956,19.0,1937695,1,1,17,1,6.0,35.0,5.0,15.0,4.0,23,2.0,22765.0,2130.0
4718956,4718957,19.0,1937696,1,1,17,1,1.0,5.0,6.0,15.0,4.0,611M1,13.0,22808.0,2147.0
4718957,4718958,19.0,1937697,1,2,17,1,6.0,-9.0,-9.0,15.0,4.0,722Z,16.0,22765.0,2130.0
4718960,4718961,19.0,1937700,1,1,17,1,3.0,10.0,5.0,15.0,4.0,23,2.0,22808.0,2147.0
4718962,4718963,19.0,1937702,1,2,17,1,6.0,23.0,6.0,15.0,4.0,44511,5.0,22808.0,2147.0
4718965,4718966,19.0,1937705,1,1,17,1,6.0,6.0,5.0,15.0,4.0,4442,5.0,22808.0,2147.0
4718966,4718967,19.0,1937706,1,1,17,1,1.0,12.0,1.0,15.0,4.0,611M1,13.0,22808.0,2147.0
4718968,4718969,19.0,1937708,1,2,17,1,6.0,30.0,4.0,15.0,4.0,722Z,16.0,22808.0,2147.0
4718972,4718973,19.0,1937712,1,2,17,1,1.0,28.0,1.0,15.0,4.0,44821,5.0,22808.0,2147.0
4718975,4718976,19.0,1937715,1,2,17,1,6.0,6.0,6.0,15.0,4.0,6211,14.0,22808.0,2147.0
4718977,4718978,19.0,1937717,1,2,17,1,1.0,3.0,6.0,15.0,4.0,611M1,13.0,22758.0,2127.0
4718978,4718979,19.0,1937718,1,2,17,1,6.0,8.0,6.0,15.0,4.0,6244,14.0,22808.0,2147.0
4718979,4718980,19.0,1937719,1,1,17,1,6.0,-9.0,-9.0,15.0,4.0,-9,-9.0,22765.0,2130.0
4718986,4718987,19.0,1937726,1,2,17,1,1.0,9.0,4.0,15.0,4.0,6214,14.0,22806.0,2146.0
4718989,4718990,19.0,1937729,1,2,17,1,6.0,24.0,6.0,15.0,4.0,4523,5.0,22808.0,2147.0
4718992,4718993,19.0,1937732,1,2,17,1,6.0,60.0,6.0,15.0,4.0,713Z,16.0,22806.0,2146.0
4718993,4718994,19.0,1937733,1,2,17,1,6.0,-9.0,-9.0,15.0,4.0,4523,5.0,22808.0,2147.0
4718997,4718998,19.0,1937737,1,2,17,1,6.0,30.0,6.0,15.0,4.0,337,3.0,22758.0,2127.0
4718998,4718999,19.0,1937738,1,1,17,1,6.0,-9.0,-9.0,15.0,4.0,-9,-9.0,22808.0,2147.0
4718999,4719000,19.0,1937739,1,1,17,1,6.0,40.0,6.0,15.0,4.0,5417,10.0,22808.0,2147.0
4719001,4719002,19.0,1937741,1,1,17,1,6.0,12.0,5.0,15.0,4.0,6111,13.0,22808.0,2147.0
4719007,4719008,19.0,1937747,1,1,17,1,6.0,30.0,5.0,15.0,4.0,713Z,16.0,22808.0,2147.0
4719008,4719009,19.0,1937748,1,1,17,1,6.0,42.0,6.0,15.0,4.0,713Z,16.0,22815.0,2150.0
4719010,4719011,19.0,1937750,1,1,17,1,1.0,30.0,1.0,16.0,4.0,611M1,13.0,22814.0,2150.0
4719011,4719012,19.0,1937751,1,2,17,1,6.0,4.0,6.0,15.0,4.0,6244,14.0,22808.0,2147.0
4719012,4719013,19.0,1937752,1,2,17,1,6.0,40.0,6.0,15.0,4.0,712,16.0,22806.0,2146.0
4719013,4719014,19.0,1937753,1,2,17,1,1.0,30.0,6.0,15.0,4.0,45121,5.0,22806.0,2146.0
4719023,4719024,19.0,1937763,1,2,17,1,6.0,5.0,5.0,15.0,4.0,6111,13.0,22806.0,2146.0
4719029,4719030,19.0,1937769,1,2,17,1,1.0,10.0,5.0,15.0,4.0,722Z,16.0,22808.0,2147.0
4719030,4719031,19.0,1937770,1,2,17,1,1.0,15.0,1.0,15.0,4.0,611M1,13.0,22813.0,2150.0
4719032,4719033,19.0,1937772,1,1,17,1,6.0,40.0,3.0,-9.0,4.0,722Z,16.0,22765.0,2130.0
4719034,4719035,19.0,1937774,1,1,17,1,6.0,-9.0,-9.0,-9.0,4.0,-9,-9.0,22808.0,2147.0
4719035,4719036,19.0,1937775,1,1,17,1,6.0,-9.0,-9.0,15.0,4.0,-9,-9.0,22806.0,2146.0
4719036,4719037,19.0,1937776,1,1,17,1,3.0,50.0,6.0,15.0,4.0,5617Z,12.0,22806.0,2146.0
4719037,4719038,19.0,1937777,1,1,17,1,6.0,20.0,6.0,15.0,4.0,4511M,5.0,22806.0,2146.0
4719042,4719043,19.0,1937782,1,1,17,1,6.0,40.0,4.0,15.0,4.0,4413,5.0,22806.0,2146.0
4719043,4719044,19.0,1937783,1,2,17,1,6.0,-9.0,-9.0,15.0,4.0,-9,-9.0,22808.0,2147.0
4719044,4719045,19.0,1937784,1,1,17,1,2.0,40.0,1.0,-9.0,4.0,722Z,16.0,22806.0,2146.0
4719051,4719052,19.0,1937791,1,2,17,1,1.0,50.0,5.0,15.0,4.0,611M1,13.0,22808.0,2147.0
4719052,4719053,19.0,1937792,1,2,17,1,6.0,40.0,6.0,15.0,4.0,713Z,16.0,22808.0,2147.0
4719054,4719055,19.0,1937794,1,2,17,1,1.0,20.0,1.0,15.0,4.0,611M1,13.0,22808.0,2147.0
4719059,4719060,19.0,1937799,1,2,17,1,1.0,40.0,2.0,-9.0,4.0,5412,10.0,22806.0,2146.0
4719061,4719062,19.0,1937801,1,2,17,1,1.0,10.0,6.0,15.0,4.0,44821,5.0,22808.0,2147.0
4719062,4719063,19.0,1937802,1,1,17,1,1.0,40.0,3.0,15.0,4.0,5413,10.0,22806.0,2146.0
4719063,4719064,19.0,1937803,1,2,17,1,1.0,20.0,5.0,15.0,4.0,713Z,16.0,22808.0,2147.0
4719065,4719066,19.0,1937805,1,2,17,1,6.0,-9.0,-9.0,-9.0,4.0,56173,12.0,22808.0,2147.0
4719066,4719067,19.0,1937806,1,1,17,1,6.0,40.0,4.0,15.0,4.0,722Z,16.0,22815.0,2150.0
4719067,4719068,19.0,1937807,1,1,17,1,6.0,40.0,3.0,-9.0,4.0,722Z,16.0,22806.0,2146.0
4719070,4719071,19.0,1937810,1,1,17,1,6.0,-9.0,-9.0,15.0,4.0,623M,14.0,22808.0,2147.0
4719078,4719079,19.0,1937818,1,1,17,1,6.0,25.0,6.0,15.0,4.0,111,1.0,22808.0,2147.0
4719079,4719080,19.0,1937819,1,1,17,1,6.0,20.0,6.0,15.0,4.0,713Z,16.0,22814.0,2150.0
4719085,4719086,19.0,1937825,1,1,17,1,1.0,30.0,1.0,16.0,4.0,611M1,13.0,22806.0,2146.0
4719088,4719089,19.0,1937828,1,1,17,1,6.0,40.0,5.0,15.0,4.0,23,2.0,22808.0,2147.0
4719097,4719098,19.0,1937837,1,2,17,1,1.0,30.0,1.0,15.0,4.0,722Z,16.0,22808.0,2147.0
4719107,4719108,19.0,1937847,1,2,17,1,1.0,10.0,5.0,15.0,4.0,611M1,13.0,22806.0,2146.0
4719112,4719113,19.0,1937852,1,2,17,1,6.0,99.0,6.0,15.0,4.0,721M,16.0,22806.0,2146.0
4719113,4719114,19.0,1937853,1,1,17,1,3.0,30.0,6.0,15.0,4.0,23,2.0,22808.0,2147.0
4719117,4719118,19.0,1937857,1,2,17,1,1.0,15.0,1.0,15.0,4.0,6214,14.0,22808.0,2147.0
4719118,4719119,19.0,1937858,1,1,17,1,6.0,-9.0,-9.0,15.0,4.0,-9,-9.0,22808.0,2147.0
4719126,4719127,19.0,1937866,1,2,17,1,6.0,4.0,5.0,15.0,4.0,611M3,13.0,22808.0,2147.0
4719131,4719132,19.0,1937871,1,2,17,1,1.0,15.0,6.0,15.0,4.0,5313,9.0,22808.0,2147.0
4719133,4719134,19.0,1937873,1,2,17,1,1.0,14.0,1.0,15.0,4.0,611M1,13.0,22765.0,2130.0
4719134,4719135,19.0,1937874,1,2,17,1,6.0,30.0,4.0,15.0,4.0,722Z,16.0,22808.0,2147.0
4719137,4719138,19.0,1937877,1,1,17,1,6.0,12.0,5.0,15.0,4.0,6111,13.0,22806.0,2146.0
4719138,4719139,19.0,1937878,1,1,17,1,6.0,-9.0,-9.0,15.0,4.0,722Z,16.0,22806.0,2146.0
4719140,4719141,19.0,1937880,1,1,17,1,1.0,24.0,6.0,12.0,4.0,6243,14.0,22814.0,2150.0
4719145,4719146,19.0,1937885,1,1,17,1,6.0,48.0,6.0,15.0,4.0,337,3.0,22765.0,2130.0
4719147,4719148,19.0,1937887,1,1,17,1,6.0,-9.0,-9.0,16.0,4.0,722Z,16.0,22765.0,2130.0
4719148,4719149,19.0,1937888,1,2,17,1,6.0,25.0,5.0,15.0,4.0,722Z,16.0,22808.0,2147.0
4719149,4719150,19.0,1937889,1,2,17,1,1.0,15.0,2.0,15.0,4.0,611M1,13.0,22806.0,2146.0
4719150,4719151,19.0,1937890,1,1,17,1,6.0,-9.0,-9.0,16.0,4.0,722Z,16.0,22806.0,2146.0
4719151,4719152,19.0,1937891,1,1,17,1,6.0,-9.0,-9.0,15.0,4.0,-9,-9.0,22814.0,2150.0
4719152,4719153,19.0,1937892,1,1,17,1,6.0,15.0,6.0,15.0,4.0,722Z,16.0,22808.0,2147.0
4719156,4719157,19.0,1937896,1,2,17,1,6.0,15.0,5.0,15.0,4.0,4481,5.0,22760.0,2128.0
4719157,4719158,19.0,1937897,1,2,17,1,1.0,20.0,1.0,15.0,4.0,611M1,13.0,22808.0,2147.0
4719160,4719161,19.0,1937900,1,1,17,1,6.0,40.0,3.0,15.0,4.0,23,2.0,22806.0,2146.0
4719165,4719166,19.0,1937905,1,2,17,1,6.0,40.0,6.0,15.0,4.0,712,16.0,22806.0,2146.0
4719171,4719172,19.0,1937911,1,2,17,1,6.0,4.0,5.0,15.0,4.0,712,16.0,22806.0,2146.0
4719177,4719178,19.0,1937917,1,1,17,1,6.0,8.0,6.0,15.0,4.0,722Z,16.0,22808.0,2147.0
4719180,4719181,19.0,1937920,1,1,17,1,6.0,15.0,4.0,15.0,4.0,611M1,13.0,22806.0,2146.0
4719182,4719183,19.0,1937922,1,1,17,1,3.0,50.0,6.0,15.0,4.0,5617Z,12.0,22808.0,2147.0
4719196,4719197,19.0,1937936,1,1,17,1,6.0,40.0,6.0,15.0,4.0,336M,3.0,22808.0,2147.0
4719199,4719200,19.0,1937939,1,2,17,1,6.0,14.0,5.0,15.0,4.0,722Z,16.0,22808.0,2147.0
4719202,4719203,19.0,1937942,1,2,17,1,6.0,4.0,5.0,15.0,4.0,712,16.0,22808.0,2147.0
4719204,4719205,19.0,1937944,1,2,17,1,1.0,60.0,5.0,16.0,4.0,611M1,13.0,22808.0,2147.0
4719208,4719209,19.0,1937948,1,2,17,1,6.0,-9.0,-9.0,15.0,4.0,-9,-9.0,22808.0,2147.0
4719210,4719211,19.0,1937950,1,2,17,1,3.0,25.0,5.0,15.0,4.0,44511,5.0,22810.0,2148.0
4719213,4719214,19.0,1937953,1,2,17,1,1.0,15.0,1.0,15.0,4.0,611M1,13.0,22808.0,2147.0
4719215,4719216,19.0,1937955,1,2,17,1,6.0,-9.0,-9.0,15.0,4.0,-9,-9.0,22808.0,2147.0
4719217,4719218,19.0,1937957,1,1,17,1,6.0,30.0,5.0,15.0,4.0,722Z,16.0,22758.0,2127.0
4719218,4719219,19.0,1937958,1,1,17,1,6.0,25.0,6.0,15.0,4.0,9211MP,18.0,22808.0,2147.0
4719221,4719222,19.0,1937961,1,2,17,1,6.0,15.0,5.0,15.0,4.0,4481,5.0,22808.0,2147.0
4719225,4719226,19.0,1937965,1,1,17,1,1.0,24.0,3.0,15.0,4.0,5121,8.0,22808.0,2147.0
4719227,4719228,19.0,1937967,1,2,17,1,1.0,10.0,5.0,16.0,4.0,611M1,13.0,22808.0,2147.0
4719230,4719231,19.0,1937970,1,1,17,1,6.0,14.0,4.0,15.0,4.0,4MS,5.0,22808.0,2147.0
4719232,4719233,19.0,1937972,1,2,17,1,6.0,36.0,4.0,15.0,4.0,722Z,16.0,22808.0,2147.0
4719239,4719240,19.0,1937979,1,1,17,1,1.0,11.0,2.0,15.0,4.0,611M3,13.0,22808.0,2147.0
4719244,4719245,19.0,1937984,1,2,17,1,6.0,99.0,6.0,15.0,4.0,721M,16.0,22808.0,2147.0
4719247,4719248,19.0,1937987,1,1,17,1,6.0,30.0,6.0,15.0,4.0,56173,12.0,22765.0,2130.0
4719248,4719249,19.0,1937988,1,1,17,1,6.0,40.0,5.0,15.0,4.0,23,2.0,22808.0,2147.0
4719250,4719251,19.0,1937990,1,1,17,1,1.0,10.0,1.0,15.0,4.0,611M1,13.0,22761.0,2128.0
4719256,4719257,19.0,1937996,1,1,17,1,6.0,20.0,6.0,15.0,4.0,713Z,16.0,22806.0,2146.0
4719257,4719258,19.0,1937997,1,1,17,1,6.0,20.0,6.0,16.0,4.0,45321,5.0,22808.0,2147.0
4719266,4719267,19.0,1938006,1,2,17,1,6.0,30.0,4.0,15.0,4.0,4412,5.0,22808.0,2147.0
4719268,4719269,19.0,1938008,1,2,17,1,6.0,25.0,5.0,15.0,4.0,44511,5.0,22765.0,2130.0
4719274,4719275,19.0,1938014,1,2,17,1,6.0,16.0,6.0,15.0,4.0,722Z,16.0,22806.0,2146.0
4719275,4719276,19.0,1938015,1,1,17,1,6.0,30.0,6.0,15.0,4.0,4452,5.0,22815.0,2150.0
4719276,4719277,19.0,1938016,1,2,17,1,6.0,-9.0,-9.0,-9.0,4.0,-9,-9.0,22806.0,2146.0
4719283,4719284,19.0,1938023,1,1,17,1,6.0,8.0,6.0,15.0,4.0,722Z,16.0,22808.0,2147.0
4719284,4719285,19.0,1938024,1,2,17,1,1.0,10.0,5.0,15.0,4.0,611M1,13.0,22808.0,2147.0
4719286,4719287,19.0,1938026,1,2,17,1,6.0,26.0,5.0,15.0,4.0,814,17.0,22808.0,2147.0
4719287,4719288,19.0,1938027,1,2,17,1,6.0,25.0,6.0,15.0,4.0,814,17.0,22808.0,2147.0
4719296,4719297,19.0,1938036,1,1,17,1,1.0,15.0,1.0,15.0,4.0,611M1,13.0,22808.0,2147.0
4719300,4719301,19.0,1938040,1,2,17,1,1.0,40.0,5.0,15.0,4.0,713Z,16.0,22808.0,2147.0
4719302,4719303,19.0,1938042,1,1,17,1,6.0,-9.0,-9.0,16.0,4.0,722Z,16.0,22808.0,2147.0
4719304,4719305,19.0,1938044,1,2,17,1,1.0,30.0,1.0,15.0,4.0,44511,5.0,22808.0,2147.0
4719305,4719306,19.0,1938045,1,1,17,1,1.0,15.0,1.0,15.0,4.0,722Z,16.0,22806.0,2146.0
4719310,4719311,19.0,1938050,1,2,17,1,6.0,84.0,6.0,15.0,4.0,721M,16.0,22808.0,2147.0
4719311,4719312,19.0,1938051,1,2,17,1,6.0,-9.0,-9.0,-9.0,4.0,-9,-9.0,22765.0,2130.0
4719312,4719313,19.0,1938052,1,2,17,1,6.0,35.0,3.0,15.0,4.0,722Z,16.0,22765.0,2130.0
4719316,4719317,19.0,1938056,1,1,17,1,6.0,20.0,6.0,15.0,4.0,722Z,16.0,22808.0,2147.0
4719320,4719321,19.0,1938060,1,1,17,1,6.0,15.0,4.0,15.0,4.0,611M1,13.0,22808.0,2147.0
4719325,4719326,19.0,1938065,1,2,17,1,6.0,25.0,4.0,15.0,4.0,4533,5.0,22808.0,2147.0
4719326,4719327,19.0,1938066,1,2,17,1,6.0,25.0,6.0,15.0,4.0,45221,5.0,22808.0,2147.0
4719329,4719330,19.0,1938069,1,1,17,1,6.0,30.0,5.0,15.0,4.0,713Z,16.0,22808.0,2147.0
4719332,4719333,19.0,1938072,1,1,17,1,6.0,-9.0,-9.0,-9.0,4.0,-9,-9.0,22808.0,2147.0
4719333,4719334,19.0,1938073,1,1,17,1,6.0,20.0,3.0,15.0,4.0,722Z,16.0,22808.0,2147.0
4719336,4719337,19.0,1938076,1,1,17,1,6.0,-9.0,-9.0,15.0,4.0,-9,-9.0,22808.0,2147.0
4719337,4719338,19.0,1938077,1,1,17,1,6.0,-9.0,-9.0,15.0,4.0,623M,14.0,22808.0,2147.0
4719339,4719340,19.0,1938079,1,1,17,1,6.0,-9.0,-9.0,-9.0,4.0,-9,-9.0,22806.0,2146.0
4719343,4719344,19.0,1938083,1,1,17,1,6.0,-9.0,-9.0,-9.0,4.0,-9,-9.0,22808.0,2147.0
4719344,4719345,19.0,1938084,1,2,17,1,1.0,17.0,6.0,15.0,4.0,611M1,13.0,22808.0,2147.0
4719347,4719348,19.0,1938087,1,2,17,1,6.0,40.0,6.0,15.0,4.0,713Z,16.0,22808.0,2147.0
4719348,4719349,19.0,1938088,1,2,17,1,6.0,6.0,5.0,15.0,4.0,722Z,16.0,22808.0,2147.0
4719350,4719351,19.0,1938090,1,2,17,1,6.0,14.0,5.0,15.0,4.0,722Z,16.0,22808.0,2147.0
4719357,4719358,19.0,1938097,1,2,17,1,1.0,14.0,1.0,15.0,4.0,611M1,13.0,22808.0,2147.0
4719359,4719360,19.0,1938099,1,2,17,1,6.0,10.0,5.0,15.0,4.0,722Z,16.0,22808.0,2147.0
4719364,4719365,19.0,1938104,1,2,17,1,6.0,40.0,5.0,15.0,4.0,713Z,16.0,22808.0,2147.0
4719367,4719368,19.0,1938107,1,1,17,1,6.0,38.0,6.0,15.0,4.0,611M3,13.0,22808.0,2147.0
4719369,4719370,19.0,1938109,1,1,17,1,1.0,30.0,2.0,15.0,4.0,611M1,13.0,22808.0,2147.0
4719377,4719378,19.0,1938117,1,1,17,1,6.0,10.0,6.0,15.0,4.0,3256,3.0,22765.0,2130.0
4719378,4719379,19.0,1938118,1,1,17,1,6.0,35.0,5.0,15.0,4.0,56173,12.0,22806.0,2146.0
4719386,4719387,19.0,1938126,1,1,17,1,6.0,20.0,6.0,16.0,4.0,45321,5.0,22808.0,2147.0
4719387,4719388,19.0,1938127,1,2,17,1,1.0,10.0,6.0,15.0,4.0,44821,5.0,22814.0,2150.0
4719392,4719393,19.0,1938132,1,2,17,1,1.0,25.0,6.0,15.0,4.0,44611,5.0,22818.0,2150.0
4719396,4719397,19.0,1938136,1,1,17,1,6.0,45.0,6.0,15.0,4.0,23,2.0,22814.0,2150.0
4719398,4719399,19.0,1938138,1,2,17,1,6.0,99.0,6.0,15.0,4.0,721M,16.0,22808.0,2147.0
4719399,4719400,19.0,1938139,1,1,17,1,6.0,8.0,6.0,15.0,4.0,722Z,16.0,22808.0,2147.0
4719400,4719401,19.0,1938140,1,2,17,1,6.0,10.0,6.0,15.0,4.0,44821,5.0,22808.0,2147.0
4719402,4719403,19.0,1938142,1,2,17,1,6.0,-9.0,-9.0,-9.0,4.0,-9,-9.0,22765.0,2130.0
4719403,4719404,19.0,1938143,1,1,17,1,6.0,60.0,1.0,-9.0,4.0,56173,12.0,22808.0,2147.0
4719409,4719410,19.0,1938149,1,1,17,1,6.0,30.0,5.0,15.0,4.0,722Z,16.0,22808.0,2147.0
4719410,4719411,19.0,1938150,1,1,17,1,1.0,10.0,6.0,15.0,4.0,622M,15.0,22765.0,2130.0
4719413,4719414,19.0,1938153,1,2,17,1,6.0,-9.0,-9.0,15.0,4.0,-9,-9.0,22808.0,2147.0
4719414,4719415,19.0,1938154,1,1,17,1,6.0,99.0,6.0,15.0,4.0,721M,16.0,22808.0,2147.0
4719426,4719427,19.0,1938166,1,2,17,1,1.0,15.0,4.0,15.0,4.0,713Z,16.0,22806.0,2146.0
4719429,4719430,19.0,1938169,1,2,17,1,1.0,15.0,4.0,15.0,4.0,611M1,13.0,22808.0,2147.0
4719434,4719435,19.0,1938174,1,1,17,1,1.0,40.0,1.0,15.0,4.0,3219ZM,3.0,22808.0,2147.0
4719436,4719437,19.0,1938176,1,1,17,1,1.0,20.0,5.0,15.0,4.0,713Z,16.0,22808.0,2147.0
4719445,4719446,19.0,1938185,1,1,17,1,6.0,10.0,5.0,15.0,4.0,722Z,16.0,22808.0,2147.0
4719448,4719449,19.0,1938188,1,2,17,1,1.0,30.0,1.0,15.0,4.0,611M1,13.0,22806.0,2146.0
4719454,4719455,19.0,1938194,1,2,17,1,6.0,8.0,4.0,15.0,4.0,611M3,13.0,22808.0,2147.0
4719458,4719459,19.0,1938198,1,2,17,1,1.0,6.0,2.0,15.0,4.0,6216,14.0,22814.0,2150.0
4719459,4719460,19.0,1938199,1,1,17,1,6.0,20.0,3.0,15.0,4.0,722Z,16.0,22808.0,2147.0
4719462,4719463,19.0,1938202,1,2,17,1,6.0,-9.0,-9.0,15.0,4.0,-9,-9.0,22808.0,2147.0
4719467,4719468,19.0,1938207,1,1,17,1,1.0,13.0,1.0,15.0,4.0,611M1,13.0,22808.0,2147.0
4719471,4719472,19.0,1938211,1,2,17,1,6.0,20.0,6.0,15.0,4.0,4481,5.0,22808.0,2147.0
4719473,4719474,19.0,1938213,1,2,17,1,1.0,7.0,4.0,15.0,4.0,611M1,13.0,22808.0,2147.0
4719480,4719481,19.0,1938220,1,2,17,1,1.0,10.0,1.0,15.0,4.0,622M,15.0,22810.0,2148.0
4719482,4719483,19.0,1938222,1,2,17,1,1.0,13.0,6.0,-9.0,4.0,713Z,16.0,22806.0,2146.0
4719483,4719484,19.0,1938223,1,1,17,1,6.0,30.0,5.0,15.0,4.0,23,2.0,22808.0,2147.0
4719484,4719485,19.0,1938224,1,2,17,1,6.0,30.0,6.0,15.0,4.0,337,3.0,22806.0,2146.0
4719494,4719495,19.0,1938234,1,1,17,1,1.0,25.0,4.0,15.0,4.0,336M,3.0,22808.0,2147.0
4719504,4719505,19.0,1938244,1,1,17,1,2.0,20.0,1.0,15.0,4.0,722Z,16.0,22808.0,2147.0
4719510,4719511,19.0,1938250,1,1,17,1,6.0,-9.0,-9.0,15.0,4.0,-9,-9.0,22758.0,2127.0
4719512,4719513,19.0,1938252,1,1,17,1,1.0,15.0,4.0,15.0,4.0,44511,5.0,22808.0,2147.0
4719513,4719514,19.0,1938253,1,1,17,1,6.0,14.0,6.0,15.0,4.0,722Z,16.0,22765.0,2130.0
4719518,4719519,19.0,1938258,1,2,17,1,6.0,8.0,6.0,15.0,4.0,814,17.0,22808.0,2147.0
4719526,4719527,19.0,1938266,1,1,17,1,6.0,30.0,5.0,15.0,4.0,722Z,16.0,22808.0,2147.0
4719527,4719528,19.0,1938267,1,2,17,1,1.0,10.0,1.0,15.0,4.0,611M1,13.0,22808.0,2147.0
4719528,4719529,19.0,1938268,1,2,17,1,1.0,3.0,4.0,15.0,4.0,611M1,13.0,22808.0,2147.0
4719530,4719531,19.0,1938270,1,2,17,1,6.0,-9.0,-9.0,15.0,4.0,-9,-9.0,22765.0,2130.0
4719535,4719536,19.0,1938275,1,2,17,1,6.0,20.0,5.0,15.0,4.0,722Z,16.0,22808.0,2147.0
4719537,4719538,19.0,1938277,1,2,17,1,1.0,16.0,1.0,15.0,4.0,722Z,16.0,22765.0,2130.0
4719542,4719543,19.0,1938282,1,2,17,1,6.0,-9.0,-9.0,15.0,4.0,722Z,16.0,22765.0,2130.0
4719546,4719547,19.0,1938286,1,1,17,1,1.0,18.0,1.0,15.0,4.0,611M1,13.0,22808.0,2147.0
4719548,4719549,19.0,1938288,1,2,17,1,6.0,11.0,4.0,15.0,4.0,713Z,16.0,22765.0,2130.0
4719549,4719550,19.0,1938289,1,1,17,1,6.0,38.0,6.0,15.0,4.0,611M1,13.0,22765.0,2130.0
4719550,4719551,19.0,1938290,1,2,17,1,6.0,9.0,6.0,15.0,4.0,722Z,16.0,22808.0,2147.0
4719557,4719558,19.0,1938297,1,2,17,1,6.0,32.0,6.0,15.0,4.0,52M2,9.0,22808.0,2147.0
4719561,4719562,19.0,1938301,1,2,17,1,1.0,20.0,1.0,15.0,4.0,611M1,13.0,22806.0,2146.0
4719567,4719568,19.0,1938307,1,2,17,1,1.0,15.0,2.0,15.0,4.0,611M1,13.0,22758.0,2127.0
4719570,4719571,19.0,1938310,1,1,17,1,6.0,3.0,6.0,15.0,4.0,6111,13.0,22806.0,2146.0
4719577,4719578,19.0,1938317,1,1,17,1,6.0,10.0,6.0,15.0,4.0,56173,12.0,22765.0,2130.0
4719581,4719582,19.0,1938321,1,1,17,1,6.0,14.0,4.0,15.0,4.0,4MS,5.0,22808.0,2147.0
4719582,4719583,19.0,1938322,1,1,17,1,1.0,14.0,1.0,16.0,4.0,611M1,13.0,22765.0,2130.0
4719585,4719586,19.0,1938325,1,1,17,1,6.0,15.0,6.0,15.0,4.0,722Z,16.0,22808.0,2147.0
4719587,4719588,19.0,1938327,1,2,17,1,6.0,25.0,6.0,15.0,4.0,6244,14.0,22808.0,2147.0
4719593,4719594,19.0,1938333,1,1,17,1,6.0,40.0,3.0,-9.0,4.0,722Z,16.0,22808.0,2147.0
4719600,4719601,19.0,1938340,1,1,17,1,6.0,40.0,6.0,15.0,4.0,721M,16.0,22758.0,2127.0
4719601,4719602,19.0,1938341,1,1,17,1,6.0,-9.0,-9.0,15.0,4.0,-9,-9.0,22765.0,2130.0
4719604,4719605,19.0,1938344,1,1,17,1,6.0,30.0,5.0,15.0,4.0,722Z,16.0,22814.0,2150.0
4719605,4719606,19.0,1938345,1,1,17,1,1.0,18.0,1.0,15.0,4.0,6241,14.0,22808.0,2147.0
4719609,4719610,19.0,1938349,1,1,17,1,1.0,17.0,1.0,15.0,4.0,336M,3.0,22808.0,2147.0
4719610,4719611,19.0,1938350,1,2,17,1,6.0,30.0,6.0,15.0,4.0,337,3.0,22808.0,2147.0
4719612,4719613,19.0,1938352,1,2,17,1,1.0,50.0,5.0,15.0,4.0,611M1,13.0,22808.0,2147.0
4719620,4719621,19.0,1938360,1,2,17,1,1.0,25.0,6.0,15.0,4.0,44611,5.0,22808.0,2147.0
4719631,4719632,19.0,1938371,1,1,17,1,2.0,20.0,3.0,15.0,4.0,5416,10.0,22765.0,2130.0
4719637,4719638,19.0,1938377,1,2,17,1,6.0,-9.0,-9.0,15.0,4.0,713Z,16.0,22808.0,2147.0
4719644,4719645,19.0,1938384,1,2,17,1,1.0,20.0,5.0,15.0,4.0,713Z,16.0,22808.0,2147.0
4719651,4719652,19.0,1938391,1,2,17,1,6.0,40.0,4.0,15.0,4.0,722Z,16.0,22814.0,2150.0
4719656,4719657,19.0,1938396,1,1,17,1,1.0,40.0,1.0,15.0,4.0,484,6.0,22808.0,2147.0
4719657,4719658,19.0,1938397,1,1,17,1,6.0,20.0,6.0,15.0,4.0,722Z,16.0,22765.0,2130.0
4719660,4719661,19.0,1938400,1,1,17,1,6.0,18.0,6.0,15.0,4.0,722Z,16.0,22765.0,2130.0
4719662,4719663,19.0,1938402,1,1,17,1,1.0,11.0,1.0,15.0,4.0,56173,12.0,22808.0,2147.0
4719664,4719665,19.0,1938404,1,2,17,1,6.0,-9.0,-9.0,15.0,4.0,4511M,5.0,22765.0,2130.0
4719666,4719667,19.0,1938406,1,2,17,1,6.0,10.0,5.0,15.0,4.0,722Z,16.0,22810.0,2148.0
4719670,4719671,19.0,1938410,1,2,17,1,1.0,10.0,5.0,15.0,4.0,722Z,16.0,22765.0,2130.0
4719672,4719673,19.0,1938412,1,2,17,1,1.0,18.0,1.0,15.0,4.0,611M1,13.0,22765.0,2130.0
4719673,4719674,19.0,1938413,1,1,17,1,3.0,30.0,6.0,15.0,4.0,23,2.0,22808.0,2147.0
4719680,4719681,19.0,1938420,1,2,17,1,1.0,20.0,5.0,15.0,4.0,713Z,16.0,22765.0,2130.0
4719681,4719682,19.0,1938421,1,2,17,1,6.0,25.0,5.0,15.0,4.0,722Z,16.0,22806.0,2146.0
4719687,4719688,19.0,1938427,1,1,17,1,6.0,60.0,1.0,-9.0,4.0,56173,12.0,22806.0,2146.0
4719689,4719690,19.0,1938429,1,1,17,1,6.0,30.0,3.0,15.0,4.0,44511,5.0,22808.0,2147.0
4719691,4719692,19.0,1938431,1,2,17,1,6.0,45.0,6.0,15.0,4.0,336M,3.0,22806.0,2146.0
4719692,4719693,19.0,1938432,1,1,17,1,6.0,35.0,6.0,15.0,4.0,813M,17.0,22813.0,2150.0
4719695,4719696,19.0,1938435,1,2,17,1,1.0,30.0,4.0,15.0,4.0,722Z,16.0,22765.0,2130.0
4719699,4719700,19.0,1938439,1,1,17,1,6.0,-9.0,-9.0,-9.0,4.0,-9,-9.0,22808.0,2147.0
4719702,4719703,19.0,1938442,1,1,17,1,6.0,-9.0,-9.0,15.0,4.0,-9,-9.0,22806.0,2146.0
4719703,4719704,19.0,1938443,1,2,17,1,1.0,25.0,6.0,15.0,4.0,44611,5.0,22808.0,2147.0
4719704,4719705,19.0,1938444,1,2,17,1,1.0,40.0,1.0,15.0,4.0,722Z,16.0,22808.0,2147.0
4719709,4719710,19.0,1938449,1,2,17,1,6.0,30.0,4.0,15.0,4.0,722Z,16.0,22814.0,2150.0
4719712,4719713,19.0,1938452,1,1,17,1,6.0,40.0,3.0,-9.0,4.0,722Z,16.0,22760.0,2128.0
4719717,4719718,19.0,1938457,1,2,17,1,6.0,-9.0,-9.0,15.0,4.0,722Z,16.0,22810.0,2148.0
4719722,4719723,19.0,1938462,1,2,17,1,6.0,-9.0,-9.0,15.0,4.0,-9,-9.0,22808.0,2147.0
4719725,4719726,19.0,1938465,1,2,17,1,6.0,-9.0,-9.0,15.0,4.0,-9,-9.0,22815.0,2150.0
4719730,4719731,19.0,1938470,1,1,17,1,6.0,35.0,5.0,15.0,4.0,5121,8.0,22765.0,2130.0
4719731,4719732,19.0,1938471,1,2,17,1,1.0,50.0,5.0,15.0,4.0,611M1,13.0,22808.0,2147.0
4719732,4719733,19.0,1938472,1,1,17,1,6.0,20.0,3.0,15.0,4.0,722Z,16.0,22808.0,2147.0
4719733,4719734,19.0,1938473,1,2,17,1,6.0,25.0,5.0,15.0,4.0,722Z,16.0,22815.0,2150.0
4719735,4719736,19.0,1938475,1,2,17,1,6.0,4.0,5.0,15.0,4.0,712,16.0,22806.0,2146.0
4719736,4719737,19.0,1938476,1,1,17,1,6.0,30.0,6.0,15.0,4.0,722Z,16.0,22808.0,2147.0
4719739,4719740,19.0,1938479,1,1,17,1,1.0,40.0,1.0,15.0,4.0,3219ZM,3.0,22808.0,2147.0
4719742,4719743,19.0,1938482,1,1,17,1,6.0,40.0,6.0,15.0,4.0,713Z,16.0,22808.0,2147.0
4719743,4719744,19.0,1938483,1,2,17,1,1.0,15.0,1.0,15.0,4.0,722Z,16.0,22808.0,2147.0
4719744,4719745,19.0,1938484,1,1,17,1,6.0,10.0,5.0,15.0,4.0,722Z,16.0,22815.0,2150.0
4719745,4719746,19.0,1938485,1,1,17,1,1.0,5.0,5.0,15.0,4.0,611M1,13.0,22808.0,2147.0
4719746,4719747,19.0,1938486,1,2,17,1,1.0,50.0,6.0,15.0,4.0,5415,10.0,22765.0,2130.0
4719747,4719748,19.0,1938487,1,1,17,1,1.0,10.0,1.0,15.0,4.0,611M1,13.0,22760.0,2128.0
4719753,4719754,19.0,1938493,1,2,17,1,6.0,15.0,6.0,15.0,4.0,6241,14.0,22808.0,2147.0
4719756,4719757,19.0,1938496,1,2,17,1,6.0,23.0,6.0,15.0,4.0,44511,5.0,22808.0,2147.0
4719758,4719759,19.0,1938498,1,1,17,1,1.0,16.0,4.0,15.0,4.0,722Z,16.0,22808.0,2147.0
4719760,4719761,19.0,1938500,1,2,17,1,1.0,10.0,5.0,15.0,4.0,611M1,13.0,22814.0,2150.0
4719766,4719767,19.0,1938506,1,2,17,1,1.0,6.0,2.0,15.0,4.0,6216,14.0,22806.0,2146.0
4719767,4719768,19.0,1938507,1,2,17,1,6.0,99.0,6.0,15.0,4.0,721M,16.0,22808.0,2147.0
4719771,4719772,19.0,1938511,1,2,17,2,6.0,-9.0,-9.0,15.0,4.0,-9,-9.0,22808.0,2147.0
4719772,4719773,19.0,1938512,1,1,17,2,6.0,-9.0,-9.0,15.0,4.0,-9,-9.0,22808.0,2147.0
4719773,4719774,19.0,1938513,1,2,17,2,1.0,20.0,1.0,15.0,4.0,4523,5.0,22808.0,2147.0
4719775,4719776,19.0,1938515,1,2,17,2,1.0,15.0,6.0,15.0,4.0,611M1,13.0,22808.0,2147.0
4719776,4719777,19.0,1938516,1,2,17,2,1.0,30.0,2.0,15.0,4.0,44511,5.0,22765.0,2130.0
4719781,4719782,19.0,1938521,1,1,17,2,1.0,12.0,4.0,15.0,4.0,611M1,13.0,22808.0,2147.0
4719784,4719785,19.0,1938524,1,2,17,2,6.0,-9.0,-9.0,-9.0,4.0,-9,-9.0,22808.0,2147.0
4719786,4719787,19.0,1938526,1,1,17,2,6.0,-9.0,-9.0,13.0,4.0,722Z,16.0,22765.0,2130.0
4719789,4719790,19.0,1938529,1,2,17,2,1.0,20.0,1.0,15.0,4.0,611M1,13.0,22806.0,2146.0
4719790,4719791,19.0,1938530,1,1,17,2,6.0,35.0,4.0,15.0,4.0,23,2.0,22808.0,2147.0
4719793,4719794,19.0,1938533,1,1,17,2,2.0,15.0,1.0,15.0,4.0,611M1,13.0,22808.0,2147.0
4719794,4719795,19.0,1938534,1,1,17,2,6.0,-9.0,-9.0,-9.0,4.0,722Z,16.0,22808.0,2147.0
4719801,4719802,19.0,1938541,1,2,17,2,3.0,-9.0,-9.0,15.0,4.0,999920,-9.0,22808.0,2147.0
4719804,4719805,19.0,1938544,1,2,17,2,1.0,15.0,6.0,15.0,4.0,611M1,13.0,22808.0,2147.0
4719807,4719808,19.0,1938547,1,1,17,2,6.0,44.0,6.0,15.0,4.0,336M,3.0,22808.0,2147.0
4719808,4719809,19.0,1938548,1,2,17,2,3.0,-9.0,-9.0,15.0,4.0,999920,-9.0,22808.0,2147.0
4719809,4719810,19.0,1938549,1,2,17,2,1.0,40.0,6.0,-9.0,4.0,5617Z,12.0,22808.0,2147.0
4719812,4719813,19.0,1938552,1,1,17,2,1.0,40.0,6.0,-9.0,4.0,5617Z,12.0,22808.0,2147.0
4719816,4719817,19.0,1938556,1,1,17,2,6.0,5.0,6.0,15.0,4.0,45121,5.0,22765.0,2130.0
4719820,4719821,19.0,1938560,1,1,17,2,6.0,-9.0,-9.0,15.0,4.0,-9,-9.0,22810.0,2148.0
4719822,4719823,19.0,1938562,1,1,17,2,1.0,12.0,4.0,15.0,4.0,611M1,13.0,22814.0,2150.0
4719823,4719824,19.0,1938563,1,2,17,2,6.0,15.0,1.0,15.0,4.0,4539,5.0,22808.0,2147.0
4719825,4719826,19.0,1938565,1,2,17,2,1.0,40.0,6.0,-9.0,4.0,5617Z,12.0,22808.0,2147.0
4719826,4719827,19.0,1938566,1,2,17,2,6.0,16.0,6.0,13.0,4.0,813M,17.0,22806.0,2146.0
4719828,4719829,19.0,1938568,1,2,17,2,6.0,-9.0,-9.0,15.0,4.0,-9,-9.0,22808.0,2147.0
4719831,4719832,19.0,1938571,1,2,17,2,1.0,20.0,6.0,-9.0,4.0,4523,5.0,22808.0,2147.0
4719832,4719833,19.0,1938572,1,2,17,4,6.0,-9.0,-9.0,16.0,4.0,814,17.0,22806.0,2146.0
4719835,4719836,19.0,1938575,1,2,17,4,1.0,40.0,1.0,16.0,4.0,611M1,13.0,22765.0,2130.0
4719836,4719837,19.0,1938576,1,1,17,4,1.0,15.0,4.0,16.0,4.0,611M1,13.0,22808.0,2147.0
4719837,4719838,19.0,1938577,1,2,17,4,6.0,2.0,4.0,15.0,4.0,611M3,13.0,22808.0,2147.0
4719842,4719843,19.0,1938582,1,1,17,4,6.0,3.0,6.0,15.0,4.0,6111,13.0,22808.0,2147.0
4719843,4719844,19.0,1938583,1,1,17,4,1.0,12.0,1.0,15.0,4.0,722Z,16.0,22758.0,2127.0
4719844,4719845,19.0,1938584,1,2,17,4,1.0,20.0,1.0,15.0,4.0,45221,5.0,22808.0,2147.0
4719846,4719847,19.0,1938586,1,1,17,4,6.0,-9.0,-9.0,15.0,4.0,-9,-9.0,22806.0,2146.0
4719847,4719848,19.0,1938587,1,1,17,4,6.0,-9.0,-9.0,16.0,4.0,611M1,13.0,22808.0,2147.0
4719848,4719849,19.0,1938588,1,1,17,4,6.0,-9.0,-9.0,15.0,4.0,-9,-9.0,22808.0,2147.0
4719849,4719850,19.0,1938589,1,1,17,4,6.0,-9.0,-9.0,16.0,4.0,336M,3.0,22765.0,2130.0
4719851,4719852,19.0,1938591,1,1,17,4,6.0,20.0,4.0,15.0,4.0,221MP,7.0,22765.0,2130.0
4719858,4719859,19.0,1938598,1,2,17,4,1.0,6.0,6.0,15.0,4.0,611M1,13.0,22808.0,2147.0
4719859,4719860,19.0,1938599,1,1,17,4,6.0,-9.0,-9.0,15.0,4.0,-9,-9.0,22808.0,2147.0
4719862,4719863,19.0,1938602,1,2,17,4,1.0,15.0,1.0,15.0,4.0,713Z,16.0,22808.0,2147.0
4719863,4719864,19.0,1938603,1,1,17,4,6.0,-9.0,-9.0,15.0,4.0,-9,-9.0,22815.0,2150.0
4719864,4719865,19.0,1938604,1,1,17,4,1.0,7.0,5.0,15.0,4.0,722Z,16.0,22765.0,2130.0
4719867,4719868,19.0,1938607,1,2,17,4,1.0,20.0,4.0,15.0,4.0,611M1,13.0,22761.0,2128.0
4719868,4719869,19.0,1938608,1,2,17,4,1.0,10.0,6.0,16.0,4.0,722Z,16.0,22808.0,2147.0
4719871,4719872,19.0,1938611,1,2,17,4,6.0,16.0,5.0,15.0,4.0,721M,16.0,22765.0,2130.0
4719875,4719876,19.0,1938615,1,1,17,4,1.0,15.0,3.0,15.0,4.0,611M1,13.0,22808.0,2147.0
4719882,4719883,19.0,1938622,1,2,17,4,6.0,30.0,1.0,15.0,4.0,54194,10.0,22808.0,2147.0
4719883,4719884,19.0,1938623,1,1,17,4,6.0,18.0,6.0,15.0,4.0,562,12.0,22818.0,2150.0
4719890,4719891,19.0,1938630,1,2,17,4,6.0,16.0,5.0,15.0,4.0,721M,16.0,22808.0,2147.0
4719892,4719893,19.0,1938632,1,2,17,4,6.0,-9.0,-9.0,15.0,4.0,-9,-9.0,22808.0,2147.0
4719893,4719894,19.0,1938633,1,1,17,4,1.0,40.0,4.0,15.0,4.0,611M3,13.0,22806.0,2146.0
4719896,4719897,19.0,1938636,1,2,17,4,6.0,-9.0,-9.0,15.0,4.0,-9,-9.0,22808.0,2147.0
4719906,4719907,19.0,1938646,1,1,17,4,1.0,4.0,6.0,15.0,4.0,611M1,13.0,22808.0,2147.0
4719909,4719910,19.0,1938649,1,1,17,4,6.0,20.0,4.0,15.0,4.0,44511,5.0,22808.0,2147.0
4719911,4719912,19.0,1938651,1,1,17,4,6.0,-9.0,-9.0,15.0,4.0,611M3,13.0,22806.0,2146.0
4719913,4719914,19.0,1938653,1,2,17,4,6.0,10.0,5.0,15.0,4.0,722Z,16.0,22808.0,2147.0
4719914,4719915,19.0,1938654,1,1,17,4,1.0,9.0,1.0,15.0,4.0,611M1,13.0,22808.0,2147.0
4719915,4719916,19.0,1938655,1,1,17,4,6.0,-9.0,-9.0,16.0,4.0,-9,-9.0,22808.0,2147.0
4719917,4719918,19.0,1938657,1,2,17,4,1.0,30.0,5.0,15.0,4.0,611M1,13.0,22806.0,2146.0
4719920,4719921,19.0,1938660,1,1,17,4,6.0,3.0,6.0,15.0,4.0,6111,13.0,22765.0,2130.0
4719922,4719923,19.0,1938662,1,2,17,4,6.0,10.0,5.0,15.0,4.0,722Z,16.0,22806.0,2146.0
4719925,4719926,19.0,1938665,1,1,17,4,1.0,12.0,1.0,15.0,4.0,722Z,16.0,22808.0,2147.0
4719926,4719927,19.0,1938666,1,2,17,4,3.0,27.0,4.0,16.0,4.0,611M1,13.0,22808.0,2147.0
4719929,4719930,19.0,1938669,1,1,17,4,3.0,15.0,5.0,15.0,4.0,713Z,16.0,22765.0,2130.0
4719931,4719932,19.0,1938671,1,1,17,4,6.0,-9.0,-9.0,15.0,4.0,-9,-9.0,22808.0,2147.0
4719935,4719936,19.0,1938675,1,2,17,4,6.0,30.0,1.0,15.0,4.0,54194,10.0,22760.0,2128.0
4719943,4719944,19.0,1938683,1,2,17,4,6.0,8.0,5.0,16.0,4.0,5413,10.0,22814.0,2150.0
4719945,4719946,19.0,1938685,1,2,17,4,6.0,-9.0,-9.0,15.0,4.0,531M,9.0,22808.0,2147.0
4719946,4719947,19.0,1938686,1,1,17,4,1.0,25.0,4.0,16.0,4.0,611M1,13.0,22808.0,2147.0
4719948,4719949,19.0,1938688,1,2,17,4,1.0,21.0,4.0,15.0,4.0,722Z,16.0,22765.0,2130.0
4719949,4719950,19.0,1938689,1,1,17,4,3.0,-9.0,-9.0,15.0,4.0,999920,-9.0,22808.0,2147.0
4719951,4719952,19.0,1938691,1,1,17,4,6.0,30.0,6.0,15.0,4.0,51913,8.0,22760.0,2128.0
4719952,4719953,19.0,1938692,1,1,17,4,6.0,6.0,6.0,15.0,4.0,3113,3.0,22808.0,2147.0
4719953,4719954,19.0,1938693,1,1,17,4,6.0,99.0,6.0,15.0,4.0,721M,16.0,22808.0,2147.0
4719955,4719956,19.0,1938695,1,1,17,4,1.0,30.0,1.0,16.0,4.0,611M1,13.0,22808.0,2147.0
4719956,4719957,19.0,1938696,1,1,17,4,3.0,25.0,4.0,15.0,4.0,44413,5.0,22760.0,2128.0
4719961,4719962,19.0,1938701,1,2,17,4,1.0,12.0,4.0,15.0,4.0,4511M,5.0,22808.0,2147.0
4719969,4719970,19.0,1938709,1,1,17,4,6.0,-9.0,-9.0,15.0,4.0,-9,-9.0,22808.0,2147.0
4719970,4719971,19.0,1938710,1,1,17,4,3.0,15.0,5.0,15.0,4.0,713Z,16.0,22765.0,2130.0
4719971,4719972,19.0,1938711,1,1,17,4,1.0,12.0,1.0,15.0,4.0,722Z,16.0,22806.0,2146.0
4719973,4719974,19.0,1938713,1,2,17,4,6.0,10.0,4.0,15.0,4.0,623M,14.0,22806.0,2146.0
4719974,4719975,19.0,1938714,1,1,17,4,6.0,-9.0,-9.0,15.0,4.0,-9,-9.0,22814.0,2150.0
4719975,4719976,19.0,1938715,1,1,17,4,6.0,99.0,6.0,15.0,4.0,721M,16.0,22765.0,2130.0
4719976,4719977,19.0,1938716,1,2,17,4,1.0,10.0,6.0,16.0,4.0,611M1,13.0,22808.0,2147.0
4719978,4719979,19.0,1938718,1,1,17,4,1.0,9.0,6.0,15.0,4.0,611M1,13.0,22806.0,2146.0
4719982,4719983,19.0,1938722,1,2,17,4,1.0,7.0,5.0,15.0,4.0,611M1,13.0,22808.0,2147.0
4719983,4719984,19.0,1938723,1,2,17,4,3.0,27.0,4.0,16.0,4.0,611M1,13.0,22808.0,2147.0
4719990,4719991,19.0,1938730,1,1,17,4,1.0,40.0,4.0,15.0,4.0,611M3,13.0,22808.0,2147.0
4719991,4719992,19.0,1938731,1,2,17,4,1.0,16.0,3.0,15.0,4.0,611M1,13.0,22765.0,2130.0
4719992,4719993,19.0,1938732,1,2,17,4,1.0,10.0,6.0,16.0,4.0,722Z,16.0,22808.0,2147.0
4719997,4719998,19.0,1938737,1,1,17,4,6.0,-9.0,-9.0,15.0,4.0,-9,-9.0,22810.0,2148.0
4719999,4720000,19.0,1938739,1,2,17,4,1.0,20.0,2.0,15.0,4.0,5413,10.0,22808.0,2147.0
4720001,4720002,19.0,1938741,1,1,17,4,1.0,30.0,1.0,16.0,4.0,611M1,13.0,22808.0,2147.0
4720009,4720010,19.0,1938749,1,2,17,4,6.0,40.0,6.0,15.0,4.0,611M1,13.0,22814.0,2150.0
4720010,4720011,19.0,1938750,1,1,17,4,1.0,6.0,1.0,15.0,4.0,611M3,13.0,22758.0,2127.0
4720025,4720026,19.0,1938765,1,1,17,4,6.0,-9.0,-9.0,15.0,4.0,611M1,13.0,22808.0,2147.0
4720026,4720027,19.0,1938766,1,2,17,4,6.0,-9.0,-9.0,15.0,4.0,-9,-9.0,22808.0,2147.0
4720029,4720030,19.0,1938769,1,2,17,4,1.0,20.0,1.0,15.0,4.0,622M,15.0,22808.0,2147.0
4720030,4720031,19.0,1938770,1,1,17,4,6.0,20.0,4.0,15.0,4.0,221MP,7.0,22808.0,2147.0
4720031,4720032,19.0,1938771,1,2,17,4,6.0,40.0,6.0,15.0,4.0,52M2,9.0,22814.0,2150.0
4720032,4720033,19.0,1938772,1,1,17,4,1.0,10.0,4.0,15.0,4.0,7115,16.0,22806.0,2146.0
4720033,4720034,19.0,1938773,1,2,17,4,6.0,12.0,4.0,15.0,4.0,611M1,13.0,22806.0,2146.0
4720045,4720046,19.0,1938785,1,1,17,4,6.0,-9.0,-9.0,15.0,4.0,-9,-9.0,22808.0,2147.0
4720047,4720048,19.0,1938787,1,1,17,4,6.0,20.0,4.0,15.0,4.0,221MP,7.0,22808.0,2147.0
4720053,4720054,19.0,1938793,1,2,17,4,6.0,-9.0,-9.0,15.0,4.0,531M,9.0,22808.0,2147.0
4720055,4720056,19.0,1938795,1,1,17,4,6.0,40.0,6.0,15.0,4.0,336M,3.0,22808.0,2147.0
4720063,4720064,19.0,1938803,1,1,17,4,6.0,-9.0,-9.0,16.0,4.0,-9,-9.0,22808.0,2147.0
4720067,4720068,19.0,1938807,1,1,17,4,6.0,35.0,6.0,15.0,4.0,811192,17.0,22808.0,2147.0
4720070,4720071,19.0,1938810,1,2,17,4,6.0,-9.0,-9.0,15.0,4.0,-9,-9.0,22806.0,2146.0
4720075,4720076,19.0,1938815,1,1,17,4,1.0,70.0,1.0,15.0,4.0,722Z,16.0,22758.0,2127.0
4720078,4720079,19.0,1938818,1,2,17,4,1.0,20.0,6.0,15.0,4.0,213,1.0,22765.0,2130.0
4720081,4720082,19.0,1938821,1,2,17,4,6.0,30.0,6.0,15.0,4.0,722Z,16.0,22808.0,2147.0
4720082,4720083,19.0,1938822,1,2,17,4,1.0,10.0,6.0,16.0,4.0,722Z,16.0,22810.0,2148.0
4720089,4720090,19.0,1938829,1,2,17,4,6.0,30.0,6.0,15.0,4.0,722Z,16.0,22808.0,2147.0
4720091,4720092,19.0,1938831,1,2,17,4,6.0,10.0,5.0,15.0,4.0,722Z,16.0,22814.0,2150.0
4720093,4720094,19.0,1938833,1,1,17,4,6.0,25.0,4.0,15.0,4.0,5414,10.0,22765.0,2130.0
4720100,4720101,19.0,1938840,1,1,17,4,6.0,40.0,6.0,15.0,4.0,44512,5.0,22808.0,2147.0
4720104,4720105,19.0,1938844,1,2,17,4,1.0,21.0,4.0,15.0,4.0,722Z,16.0,22808.0,2147.0
4720105,4720106,19.0,1938845,1,2,17,4,1.0,20.0,2.0,15.0,4.0,5413,10.0,22808.0,2147.0
4720107,4720108,19.0,1938847,1,1,17,4,6.0,30.0,6.0,15.0,4.0,51913,8.0,22806.0,2146.0
4720108,4720109,19.0,1938848,1,2,17,4,6.0,-9.0,-9.0,15.0,4.0,-9,-9.0,22806.0,2146.0
4720109,4720110,19.0,1938849,1,1,17,4,3.0,15.0,4.0,15.0,4.0,722Z,16.0,22806.0,2146.0
4720110,4720111,19.0,1938850,1,1,17,4,1.0,12.0,3.0,15.0,4.0,622M,15.0,22808.0,2147.0
4720112,4720113,19.0,1938852,1,1,17,4,1.0,9.0,1.0,15.0,4.0,611M1,13.0,22758.0,2127.0
4720113,4720114,19.0,1938853,1,1,17,4,1.0,30.0,1.0,16.0,4.0,611M1,13.0,22808.0,2147.0
4720114,4720115,19.0,1938854,1,1,17,4,1.0,10.0,4.0,15.0,4.0,7111,16.0,22808.0,2147.0
4720115,4720116,19.0,1938855,1,2,17,4,6.0,30.0,6.0,15.0,4.0,722Z,16.0,22808.0,2147.0
4720116,4720117,19.0,1938856,1,1,17,4,1.0,10.0,4.0,15.0,4.0,7115,16.0,22808.0,2147.0
4720118,4720119,19.0,1938858,1,2,17,4,1.0,7.0,5.0,15.0,4.0,611M1,13.0,22806.0,2146.0
4720123,4720124,19.0,1938863,1,2,17,4,1.0,7.0,5.0,15.0,4.0,611M1,13.0,22813.0,2150.0
4720124,4720125,19.0,1938864,1,2,17,4,1.0,7.0,5.0,15.0,4.0,611M1,13.0,22808.0,2147.0
4720127,4720128,19.0,1938867,1,2,17,4,1.0,15.0,4.0,15.0,4.0,44611,5.0,22808.0,2147.0
4720131,4720132,19.0,1938871,1,1,17,4,1.0,12.0,4.0,15.0,4.0,611M1,13.0,22806.0,2146.0
4720135,4720136,19.0,1938875,1,2,17,4,6.0,-9.0,-9.0,15.0,4.0,-9,-9.0,22808.0,2147.0
4720137,4720138,19.0,1938877,1,2,17,4,6.0,-9.0,-9.0,16.0,4.0,814,17.0,22765.0,2130.0
4720138,4720139,19.0,1938878,1,2,17,4,1.0,7.0,5.0,15.0,4.0,611M1,13.0,22765.0,2130.0
4720140,4720141,19.0,1938880,1,1,17,4,6.0,-9.0,-9.0,15.0,4.0,611M1,13.0,22808.0,2147.0
4720142,4720143,19.0,1938882,1,1,17,4,3.0,-9.0,-9.0,15.0,4.0,999920,-9.0,22814.0,2150.0
4720144,4720145,19.0,1938884,1,1,17,4,6.0,-9.0,-9.0,13.0,4.0,-9,-9.0,22806.0,2146.0
4720147,4720148,19.0,1938887,1,2,17,4,6.0,-9.0,-9.0,15.0,4.0,-9,-9.0,22808.0,2147.0
4720148,4720149,19.0,1938888,1,1,17,4,1.0,14.0,2.0,15.0,4.0,713Z,16.0,22808.0,2147.0
4720149,4720150,19.0,1938889,1,2,17,4,6.0,-9.0,-9.0,15.0,4.0,-9,-9.0,22814.0,2150.0
4720150,4720151,19.0,1938890,1,1,17,4,6.0,-9.0,-9.0,15.0,4.0,-9,-9.0,22808.0,2147.0
4720151,4720152,19.0,1938891,1,2,17,4,6.0,-9.0,-9.0,15.0,4.0,-9,-9.0,22808.0,2147.0
4720157,4720158,19.0,1938897,1,2,17,4,1.0,12.0,4.0,15.0,4.0,4511M,5.0,22808.0,2147.0
4720160,4720161,19.0,1938900,1,2,17,4,6.0,-9.0,-9.0,15.0,4.0,-9,-9.0,22808.0,2147.0
4720163,4720164,19.0,1938903,1,2,17,4,6.0,10.0,5.0,15.0,4.0,722Z,16.0,22761.0,2128.0
4720164,4720165,19.0,1938904,1,2,17,4,1.0,10.0,6.0,16.0,4.0,611M1,13.0,22765.0,2130.0
4720165,4720166,19.0,1938905,1,2,17,4,1.0,4.0,6.0,15.0,4.0,611M1,13.0,22815.0,2150.0
4720167,4720168,19.0,1938907,1,2,17,4,6.0,10.0,5.0,15.0,4.0,722Z,16.0,22806.0,2146.0
4720175,4720176,19.0,1938915,1,2,17,4,6.0,-9.0,-9.0,15.0,4.0,-9,-9.0,22808.0,2147.0
4720181,4720182,19.0,1938921,1,2,17,4,6.0,10.0,4.0,15.0,4.0,623M,14.0,22808.0,2147.0
4720182,4720183,19.0,1938922,1,2,17,4,1.0,30.0,5.0,15.0,4.0,611M1,13.0,22806.0,2146.0
4720183,4720184,19.0,1938923,1,1,17,4,1.0,10.0,4.0,15.0,4.0,7111,16.0,22808.0,2147.0
4720190,4720191,19.0,1938930,1,1,17,4,1.0,9.0,6.0,15.0,4.0,611M1,13.0,22758.0,2127.0
4720191,4720192,19.0,1938931,1,2,17,4,6.0,7.0,5.0,15.0,4.0,722Z,16.0,22808.0,2147.0
4720194,4720195,19.0,1938934,1,2,17,4,6.0,10.0,5.0,15.0,4.0,722Z,16.0,22806.0,2146.0
4720197,4720198,19.0,1938937,1,2,17,4,1.0,20.0,2.0,15.0,4.0,5413,10.0,22765.0,2130.0
4720201,4720202,19.0,1938941,1,2,17,4,6.0,-9.0,-9.0,15.0,4.0,-9,-9.0,22806.0,2146.0
4720202,4720203,19.0,1938942,1,2,17,4,3.0,27.0,4.0,16.0,4.0,611M1,13.0,22818.0,2150.0
4720210,4720211,19.0,1938950,1,1,17,4,1.0,9.0,6.0,15.0,4.0,611M1,13.0,22806.0,2146.0
4720221,4720222,19.0,1938961,1,1,17,4,6.0,-9.0,-9.0,15.0,4.0,-9,-9.0,22808.0,2147.0
4720223,4720224,19.0,1938963,1,1,17,4,6.0,-9.0,-9.0,15.0,4.0,-9,-9.0,22808.0,2147.0
4720225,4720226,19.0,1938965,1,2,17,4,6.0,20.0,6.0,15.0,4.0,713Z,16.0,22815.0,2150.0
4720226,4720227,19.0,1938966,1,2,17,3,6.0,18.0,3.0,15.0,4.0,611M1,13.0,22808.0,2147.0
4720233,4720234,19.0,1938973,1,2,17,3,6.0,10.0,6.0,15.0,4.0,722Z,16.0,22806.0,2146.0
4720237,4720238,19.0,1938977,1,1,17,3,6.0,-9.0,-9.0,15.0,4.0,56173,12.0,22808.0,2147.0
4720239,4720240,19.0,1938979,1,2,17,3,6.0,20.0,6.0,15.0,4.0,722Z,16.0,22806.0,2146.0
4720247,4720248,19.0,1938987,1,1,17,3,6.0,-9.0,-9.0,15.0,4.0,-9,-9.0,22808.0,2147.0
4720249,4720250,19.0,1938989,1,2,17,3,6.0,-9.0,-9.0,-9.0,4.0,-9,-9.0,22808.0,2147.0
4720251,4720252,19.0,1938991,1,1,17,3,1.0,20.0,1.0,15.0,4.0,336M,3.0,22808.0,2147.0
4720253,4720254,19.0,1938993,1,2,17,3,1.0,5.0,5.0,15.0,4.0,813M,17.0,22765.0,2130.0
4720254,4720255,19.0,1938994,1,1,17,3,1.0,40.0,4.0,-9.0,4.0,111,1.0,22808.0,2147.0
4720257,4720258,19.0,1938997,1,2,17,3,1.0,30.0,3.0,15.0,4.0,611M1,13.0,22808.0,2147.0
4720258,4720259,19.0,1938998,1,1,17,3,1.0,10.0,1.0,15.0,4.0,611M1,13.0,22808.0,2147.0
4720262,4720263,19.0,1939002,1,1,17,3,1.0,10.0,1.0,15.0,4.0,611M1,13.0,22808.0,2147.0
4720264,4720265,19.0,1939004,1,2,17,3,1.0,30.0,3.0,15.0,4.0,611M1,13.0,22806.0,2146.0
4720266,4720267,19.0,1939006,1,2,17,3,6.0,-9.0,-9.0,-9.0,4.0,-9,-9.0,22765.0,2130.0
4720268,4720269,19.0,1939008,1,1,17,3,6.0,-9.0,-9.0,-9.0,4.0,115,1.0,22808.0,2147.0
4720273,4720274,19.0,1939013,1,2,17,3,1.0,20.0,1.0,15.0,4.0,4539,5.0,22806.0,2146.0
4720276,4720277,19.0,1939016,1,1,17,3,6.0,15.0,6.0,15.0,4.0,4411,5.0,22806.0,2146.0
4720277,4720278,19.0,1939017,1,2,17,3,1.0,20.0,1.0,15.0,4.0,4539,5.0,22806.0,2146.0
4720281,4720282,19.0,1939021,1,1,17,3,1.0,40.0,4.0,-9.0,4.0,111,1.0,22808.0,2147.0
4720282,4720283,19.0,1939022,1,1,17,3,6.0,14.0,4.0,15.0,4.0,4MS,5.0,22808.0,2147.0
4720285,4720286,19.0,1939025,1,1,17,3,6.0,20.0,6.0,15.0,4.0,722Z,16.0,22808.0,2147.0
4720287,4720288,19.0,1939027,1,1,17,3,6.0,-9.0,-9.0,15.0,4.0,-9,-9.0,22808.0,2147.0
4720294,4720295,19.0,1939034,1,1,17,3,1.0,20.0,1.0,15.0,4.0,336M,3.0,22808.0,2147.0
4720300,4720301,19.0,1939040,1,1,17,1,6.0,40.0,6.0,15.0,4.0,5419Z,10.0,22806.0,2146.0
4720301,4720302,19.0,1939041,1,1,17,4,6.0,4.0,6.0,15.0,4.0,611M3,13.0,22814.0,2150.0
4720302,4720303,19.0,1939042,1,1,17,2,6.0,44.0,6.0,15.0,4.0,336M,3.0,22808.0,2147.0
4720305,4720306,19.0,1939045,1,2,17,4,1.0,12.0,1.0,15.0,4.0,812112,17.0,22808.0,2147.0
4720307,4720308,19.0,1939047,1,1,17,4,6.0,40.0,6.0,15.0,4.0,721M,16.0,22765.0,2130.0
4720310,4720311,19.0,1939050,1,1,17,3,1.0,20.0,1.0,15.0,4.0,336M,3.0,22808.0,2147.0
4720314,4720315,19.0,1939054,1,1,17,1,6.0,30.0,6.0,15.0,4.0,713Z,16.0,22765.0,2130.0
4720317,4720318,19.0,1939057,1,1,17,4,1.0,9.0,1.0,15.0,4.0,611M1,13.0,22808.0,2147.0
4720319,4720320,19.0,1939059,1,2,17,1,1.0,40.0,6.0,15.0,4.0,611M1,13.0,22808.0,2147.0
4720322,4720323,19.0,1939062,1,2,17,1,6.0,-9.0,-9.0,15.0,4.0,722Z,16.0,22808.0,2147.0
4720327,4720328,19.0,1939067,1,2,17,1,1.0,13.0,6.0,-9.0,4.0,713Z,16.0,22808.0,2147.0
4720330,4720331,19.0,1939070,1,1,17,4,1.0,40.0,4.0,15.0,4.0,6211,14.0,22808.0,2147.0
4720331,4720332,19.0,1939071,1,2,17,1,6.0,25.0,5.0,15.0,4.0,44511,5.0,22758.0,2127.0
4720335,4720336,19.0,1939075,1,2,17,4,1.0,7.0,5.0,15.0,4.0,611M1,13.0,22808.0,2147.0
4720338,4720339,19.0,1939078,1,1,17,4,6.0,-9.0,-9.0,15.0,4.0,-9,-9.0,22806.0,2146.0
4720342,4720343,19.0,1939082,1,1,17,4,1.0,14.0,2.0,15.0,4.0,713Z,16.0,22808.0,2147.0
4720344,4720345,19.0,1939084,1,1,17,1,6.0,-9.0,-9.0,-9.0,4.0,-9,-9.0,22806.0,2146.0
4720345,4720346,19.0,1939085,1,2,17,1,6.0,40.0,4.0,15.0,4.0,722Z,16.0,22765.0,2130.0
4720346,4720347,19.0,1939086,1,2,17,1,6.0,16.0,2.0,15.0,4.0,722Z,16.0,22808.0,2147.0
4720351,4720352,19.0,1939091,1,2,17,1,6.0,10.0,6.0,15.0,4.0,45321,5.0,22765.0,2130.0
4720352,4720353,19.0,1939092,1,2,17,1,6.0,-9.0,-9.0,15.0,4.0,-9,-9.0,22808.0,2147.0
4720357,4720358,19.0,1939097,1,2,17,1,1.0,10.0,5.0,16.0,4.0,611M1,13.0,22808.0,2147.0
4720358,4720359,19.0,1939098,1,2,17,1,1.0,15.0,1.0,15.0,4.0,6214,14.0,22808.0,2147.0
4720359,4720360,19.0,1939099,1,2,17,1,6.0,6.0,6.0,15.0,4.0,814,17.0,22808.0,2147.0
4720362,4720363,19.0,1939102,1,1,17,4,1.0,20.0,1.0,15.0,4.0,722Z,16.0,22765.0,2130.0
4720363,4720364,19.0,1939103,1,2,17,1,6.0,-9.0,-9.0,-9.0,4.0,-9,-9.0,22806.0,2146.0
4720364,4720365,19.0,1939104,1,2,17,4,6.0,-9.0,-9.0,15.0,4.0,54194,10.0,22808.0,2147.0
4720366,4720367,19.0,1939106,1,2,17,1,6.0,40.0,5.0,15.0,4.0,713Z,16.0,22818.0,2150.0
4720367,4720368,19.0,1939107,1,1,17,1,3.0,30.0,6.0,15.0,4.0,23,2.0,22808.0,2147.0
4720368,4720369,19.0,1939108,1,1,17,2,6.0,-9.0,-9.0,13.0,4.0,722Z,16.0,22810.0,2148.0
4720370,4720371,19.0,1939110,1,2,17,1,1.0,20.0,1.0,15.0,4.0,4481,5.0,22808.0,2147.0
4720371,4720372,19.0,1939111,1,1,17,1,6.0,40.0,6.0,15.0,4.0,722Z,16.0,22808.0,2147.0
4720372,4720373,19.0,1939112,1,1,17,1,2.0,40.0,1.0,-9.0,4.0,722Z,16.0,22806.0,2146.0
4720374,4720375,19.0,1939114,1,2,17,1,6.0,6.0,5.0,15.0,4.0,722Z,16.0,22808.0,2147.0
4720378,4720379,19.0,1939118,1,1,17,1,1.0,15.0,1.0,15.0,4.0,611M1,13.0,22806.0,2146.0
4720379,4720380,19.0,1939119,1,2,17,1,1.0,5.0,5.0,15.0,4.0,611M1,13.0,22815.0,2150.0
4720381,4720382,19.0,1939121,1,1,17,1,6.0,6.0,6.0,15.0,4.0,3113,3.0,22808.0,2147.0
4720382,4720383,19.0,1939122,1,1,17,1,2.0,20.0,3.0,15.0,4.0,5416,10.0,22806.0,2146.0
4720383,4720384,19.0,1939123,1,1,17,1,6.0,30.0,5.0,15.0,4.0,722Z,16.0,22814.0,2150.0
4720388,4720389,19.0,1939128,1,2,17,1,6.0,-9.0,-9.0,-9.0,4.0,56173,12.0,22808.0,2147.0
4720390,4720391,19.0,1939130,1,1,17,1,6.0,30.0,5.0,15.0,4.0,713Z,16.0,22808.0,2147.0
4720391,4720392,19.0,1939131,1,2,17,1,6.0,6.0,6.0,15.0,4.0,814,17.0,22815.0,2150.0
4720393,4720394,19.0,1939133,1,1,17,1,6.0,40.0,6.0,15.0,4.0,336M,3.0,22808.0,2147.0
4720401,4720402,19.0,1939141,1,2,17,1,1.0,20.0,1.0,15.0,4.0,611M1,13.0,22808.0,2147.0
4720406,4720407,19.0,1939146,1,2,17,1,6.0,40.0,6.0,15.0,4.0,713Z,16.0,22815.0,2150.0
4720407,4720408,19.0,1939147,1,1,17,1,6.0,-9.0,-9.0,-9.0,4.0,443142,5.0,22808.0,2147.0
4720409,4720410,19.0,1939149,1,2,17,4,1.0,6.0,6.0,15.0,4.0,611M1,13.0,22806.0,2146.0
4720415,4720416,19.0,1939155,1,2,17,1,6.0,99.0,6.0,15.0,4.0,721M,16.0,22808.0,2147.0
4720417,4720418,19.0,1939157,1,1,17,1,3.0,-9.0,-9.0,15.0,4.0,722Z,16.0,22808.0,2147.0
4720421,4720422,19.0,1939161,1,2,17,4,1.0,30.0,5.0,15.0,4.0,611M1,13.0,22808.0,2147.0
4720422,4720423,19.0,1939162,1,2,17,1,3.0,30.0,5.0,15.0,4.0,712,16.0,22808.0,2147.0
4720424,4720425,19.0,1939164,1,2,17,1,1.0,11.0,5.0,15.0,4.0,611M1,13.0,22808.0,2147.0
4720425,4720426,19.0,1939165,1,1,17,4,6.0,-9.0,-9.0,15.0,4.0,-9,-9.0,22808.0,2147.0
4720428,4720429,19.0,1939168,1,2,17,4,1.0,10.0,1.0,15.0,4.0,611M1,13.0,22808.0,2147.0
4720436,4720437,19.0,1939176,1,2,17,1,1.0,30.0,1.0,15.0,4.0,611M1,13.0,22808.0,2147.0
4720452,4720453,19.0,1939192,1,1,17,1,6.0,99.0,6.0,15.0,4.0,721M,16.0,22808.0,2147.0
4720453,4720454,19.0,1939193,1,1,17,1,6.0,40.0,6.0,15.0,4.0,522M,9.0,22808.0,2147.0
4720455,4720456,19.0,1939195,1,2,17,1,1.0,25.0,1.0,15.0,4.0,611M1,13.0,22808.0,2147.0
4720463,4720464,19.0,1939203,1,2,17,1,1.0,50.0,6.0,15.0,4.0,5415,10.0,22806.0,2146.0
4720464,4720465,19.0,1939204,1,1,17,2,1.0,17.0,4.0,15.0,4.0,611M1,13.0,22806.0,2146.0
4720466,4720467,19.0,1939206,1,2,17,1,6.0,-9.0,-9.0,15.0,4.0,-9,-9.0,22806.0,2146.0
4720468,4720469,19.0,1939208,1,1,17,1,6.0,30.0,6.0,15.0,4.0,4452,5.0,22765.0,2130.0
4720469,4720470,19.0,1939209,1,1,17,2,6.0,35.0,4.0,15.0,4.0,23,2.0,22808.0,2147.0
4720472,4720473,19.0,1939212,1,1,17,1,6.0,30.0,5.0,15.0,4.0,4452,5.0,22808.0,2147.0
4720473,4720474,19.0,1939213,1,2,17,4,6.0,2.0,4.0,15.0,4.0,611M3,13.0,22808.0,2147.0
4720474,4720475,19.0,1939214,1,1,17,4,6.0,20.0,4.0,15.0,4.0,44511,5.0,22808.0,2147.0
4720475,4720476,19.0,1939215,1,1,17,4,6.0,-9.0,-9.0,15.0,4.0,-9,-9.0,22808.0,2147.0
4720476,4720477,19.0,1939216,1,1,17,1,6.0,99.0,6.0,15.0,4.0,721M,16.0,22808.0,2147.0
4720478,4720479,19.0,1939218,1,1,17,4,6.0,-9.0,-9.0,15.0,4.0,-9,-9.0,22808.0,2147.0
4720481,4720482,19.0,1939221,1,2,17,1,2.0,15.0,4.0,15.0,4.0,611M1,13.0,22808.0,2147.0
4720483,4720484,19.0,1939223,1,1,17,4,6.0,-9.0,-9.0,15.0,4.0,-9,-9.0,22814.0,2150.0
4720485,4720486,19.0,1939225,1,1,17,3,1.0,20.0,1.0,15.0,4.0,336M,3.0,22806.0,2146.0
4720488,4720489,19.0,1939228,1,1,17,4,6.0,15.0,4.0,15.0,4.0,722Z,16.0,22808.0,2147.0
4720491,4720492,19.0,1939231,1,2,17,1,6.0,30.0,4.0,15.0,4.0,722Z,16.0,22765.0,2130.0
4720492,4720493,19.0,1939232,1,1,17,1,1.0,10.0,6.0,15.0,4.0,622M,15.0,22808.0,2147.0
4720494,4720495,19.0,1939234,1,2,17,1,1.0,32.0,4.0,-9.0,4.0,611M1,13.0,22808.0,2147.0
4720496,4720497,19.0,1939236,1,2,17,4,1.0,15.0,4.0,15.0,4.0,44611,5.0,22808.0,2147.0
4720497,4720498,19.0,1939237,1,1,17,1,6.0,-9.0,-9.0,16.0,4.0,611M1,13.0,22806.0,2146.0
4720498,4720499,19.0,1939238,1,1,17,4,6.0,-9.0,-9.0,15.0,4.0,611M3,13.0,22806.0,2146.0
4720499,4720500,19.0,1939239,1,2,17,4,1.0,12.0,4.0,15.0,4.0,4511M,5.0,22808.0,2147.0
4720503,4720504,19.0,1939243,1,1,17,1,1.0,18.0,6.0,15.0,4.0,813M,17.0,22808.0,2147.0
4720507,4720508,19.0,1939247,1,1,17,4,6.0,10.0,4.0,15.0,4.0,722Z,16.0,22758.0,2127.0
4720514,4720515,19.0,1939254,1,1,17,4,6.0,15.0,4.0,15.0,4.0,722Z,16.0,22808.0,2147.0
4720515,4720516,19.0,1939255,1,1,17,4,6.0,-9.0,-9.0,15.0,4.0,-9,-9.0,22806.0,2146.0
4720517,4720518,19.0,1939257,1,2,17,1,1.0,10.0,4.0,15.0,4.0,611M1,13.0,22808.0,2147.0
4720522,4720523,19.0,1939262,1,1,17,1,1.0,13.0,3.0,15.0,4.0,722Z,16.0,22808.0,2147.0
4720523,4720524,19.0,1939263,1,1,17,1,6.0,-9.0,-9.0,15.0,4.0,-9,-9.0,22808.0,2147.0
4720524,4720525,19.0,1939264,1,1,17,2,6.0,50.0,5.0,16.0,4.0,9211MP,18.0,22808.0,2147.0
4720525,4720526,19.0,1939265,1,2,17,4,6.0,10.0,5.0,15.0,4.0,722Z,16.0,22808.0,2147.0
4720526,4720527,19.0,1939266,1,1,17,1,2.0,40.0,1.0,-9.0,4.0,722Z,16.0,22808.0,2147.0
4720528,4720529,19.0,1939268,1,2,17,1,1.0,20.0,1.0,15.0,4.0,611M1,13.0,22808.0,2147.0
4720531,4720532,19.0,1939271,1,2,17,4,6.0,30.0,6.0,15.0,4.0,722Z,16.0,22808.0,2147.0
4720532,4720533,19.0,1939272,1,2,17,1,6.0,25.0,6.0,15.0,4.0,6244,14.0,22806.0,2146.0
4720534,4720535,19.0,1939274,1,1,17,4,6.0,-9.0,-9.0,15.0,4.0,-9,-9.0,22808.0,2147.0
4720536,4720537,19.0,1939276,1,1,17,1,6.0,-9.0,-9.0,15.0,4.0,7211,16.0,22810.0,2148.0
4720540,4720541,19.0,1939280,1,1,17,1,3.0,12.0,6.0,15.0,4.0,336M,3.0,22765.0,2130.0
4720543,4720544,19.0,1939283,1,1,17,4,1.0,40.0,1.0,-9.0,4.0,4523,5.0,22808.0,2147.0
4720545,4720546,19.0,1939285,1,2,17,1,1.0,30.0,1.0,-9.0,4.0,8131,17.0,22808.0,2147.0
4720546,4720547,19.0,1939286,1,2,17,2,3.0,-9.0,-9.0,15.0,4.0,999920,-9.0,22765.0,2130.0
4720547,4720548,19.0,1939287,1,1,17,4,1.0,20.0,1.0,15.0,4.0,722Z,16.0,22806.0,2146.0
4720550,4720551,19.0,1939290,1,1,17,1,6.0,8.0,6.0,15.0,4.0,5412,10.0,22808.0,2147.0
4720551,4720552,19.0,1939291,1,1,17,1,6.0,-9.0,-9.0,15.0,4.0,811192,17.0,22808.0,2147.0
4720557,4720558,19.0,1939297,1,2,17,1,6.0,12.0,6.0,15.0,4.0,722Z,16.0,22808.0,2147.0
4720558,4720559,19.0,1939298,1,2,17,1,6.0,-9.0,-9.0,15.0,4.0,4523,5.0,22806.0,2146.0
4720559,4720560,19.0,1939299,1,1,17,4,6.0,6.0,6.0,15.0,4.0,611M3,13.0,22808.0,2147.0
4720564,4720565,19.0,1939304,1,1,17,1,6.0,36.0,6.0,15.0,4.0,722Z,16.0,22808.0,2147.0
4720571,4720572,19.0,1939311,1,1,17,1,1.0,20.0,4.0,15.0,4.0,712,16.0,22808.0,2147.0
4720573,4720574,19.0,1939313,1,1,17,1,6.0,-9.0,-9.0,-9.0,4.0,443142,5.0,22765.0,2130.0
4720577,4720578,19.0,1939317,1,2,17,1,1.0,15.0,4.0,15.0,4.0,44511,5.0,22808.0,2147.0
4720578,4720579,19.0,1939318,1,2,17,1,1.0,20.0,1.0,15.0,4.0,611M1,13.0,22815.0,2150.0
4720589,4720590,19.0,1939329,1,2,17,1,6.0,10.0,5.0,15.0,4.0,611M1,13.0,22806.0,2146.0
4720592,4720593,19.0,1939332,1,2,17,1,6.0,4.0,5.0,15.0,4.0,712,16.0,22808.0,2147.0
4720594,4720595,19.0,1939334,1,2,17,3,1.0,5.0,5.0,15.0,4.0,813M,17.0,22808.0,2147.0
4720601,4720602,19.0,1939341,1,1,17,1,6.0,12.0,5.0,15.0,4.0,6111,13.0,22810.0,2148.0
4720603,4720604,19.0,1939343,1,1,17,1,6.0,48.0,6.0,15.0,4.0,337,3.0,22808.0,2147.0
4720605,4720606,19.0,1939345,1,1,17,1,6.0,25.0,6.0,15.0,4.0,722Z,16.0,22815.0,2150.0
4720612,4720613,19.0,1939352,1,1,17,4,6.0,-9.0,-9.0,15.0,4.0,-9,-9.0,22808.0,2147.0
4720613,4720614,19.0,1939353,1,2,17,4,6.0,-9.0,-9.0,15.0,4.0,611M3,13.0,22765.0,2130.0
4720615,4720616,19.0,1939355,1,1,17,2,6.0,30.0,6.0,15.0,4.0,811192,17.0,22806.0,2146.0
4720616,4720617,19.0,1939356,1,2,17,1,6.0,-9.0,-9.0,15.0,4.0,-9,-9.0,22808.0,2147.0
4720620,4720621,19.0,1939360,1,2,17,1,3.0,40.0,5.0,15.0,4.0,6241,14.0,22808.0,2147.0
4720627,4720628,19.0,1939367,1,1,17,1,6.0,6.0,6.0,15.0,4.0,515,8.0,22808.0,2147.0
4720629,4720630,19.0,1939369,1,2,17,4,6.0,20.0,5.0,15.0,4.0,722Z,16.0,22808.0,2147.0
4720630,4720631,19.0,1939370,1,2,17,1,3.0,25.0,5.0,15.0,4.0,44511,5.0,22808.0,2147.0
4720631,4720632,19.0,1939371,1,1,17,3,6.0,-9.0,-9.0,-9.0,4.0,115,1.0,22808.0,2147.0
4720632,4720633,19.0,1939372,1,1,17,1,6.0,24.0,6.0,15.0,4.0,44512,5.0,22808.0,2147.0
4720633,4720634,19.0,1939373,1,2,17,4,1.0,20.0,6.0,15.0,4.0,213,1.0,22808.0,2147.0
4720637,4720638,19.0,1939377,1,2,17,3,6.0,-9.0,-9.0,14.0,4.0,-9,-9.0,22808.0,2147.0
4720642,4720643,19.0,1939382,1,2,17,1,1.0,18.0,1.0,15.0,4.0,611M1,13.0,22808.0,2147.0
4720649,4720650,19.0,1939389,1,1,17,4,6.0,40.0,6.0,16.0,4.0,5413,10.0,22808.0,2147.0
4720650,4720651,19.0,1939390,1,2,17,4,6.0,49.0,4.0,15.0,4.0,721M,16.0,22814.0,2150.0
4720653,4720654,19.0,1939393,1,1,17,4,1.0,14.0,2.0,15.0,4.0,713Z,16.0,22760.0,2128.0
4720658,4720659,19.0,1939398,1,1,17,1,6.0,18.0,5.0,15.0,4.0,722Z,16.0,22810.0,2148.0
4720666,4720667,19.0,1939406,1,1,17,3,6.0,35.0,4.0,15.0,4.0,722Z,16.0,22808.0,2147.0
4720682,4720683,19.0,1939422,1,2,17,1,1.0,40.0,1.0,15.0,4.0,722Z,16.0,22808.0,2147.0
4720683,4720684,19.0,1939423,1,2,17,1,6.0,40.0,5.0,15.0,4.0,722Z,16.0,22808.0,2147.0
4720685,4720686,20.0,1939425,1,2,17,1,1.0,32.0,5.0,15.0,4.0,611M1,13.0,22806.0,2146.0
4720687,4720688,20.0,1939427,1,2,17,1,6.0,35.0,6.0,15.0,4.0,713Z,16.0,22810.0,2148.0
4720691,4720692,20.0,1939431,1,1,17,1,6.0,40.0,6.0,15.0,4.0,5413,10.0,22808.0,2147.0
4720692,4720693,20.0,1939432,1,1,17,1,6.0,6.0,5.0,15.0,4.0,4442,5.0,22806.0,2146.0
4720698,4720699,20.0,1939438,1,1,17,1,6.0,30.0,6.0,15.0,4.0,5617Z,12.0,22808.0,2147.0
4720703,4720704,20.0,1939443,1,2,17,1,1.0,20.0,1.0,15.0,4.0,611M1,13.0,22808.0,2147.0
4720706,4720707,20.0,1939446,1,2,17,1,1.0,25.0,1.0,15.0,4.0,611M1,13.0,22765.0,2130.0
4720708,4720709,20.0,1939448,1,1,17,1,6.0,35.0,5.0,15.0,4.0,23,2.0,22808.0,2147.0
4720713,4720714,20.0,1939453,1,2,17,1,6.0,10.0,4.0,15.0,4.0,722Z,16.0,22806.0,2146.0
4720716,4720717,20.0,1939456,1,2,17,1,6.0,10.0,6.0,15.0,4.0,5419Z,10.0,22765.0,2130.0
4720718,4720719,20.0,1939458,1,1,17,1,6.0,28.0,6.0,15.0,4.0,6111,13.0,22808.0,2147.0
4720721,4720722,20.0,1939461,1,1,17,1,6.0,4.0,6.0,15.0,4.0,611M1,13.0,22808.0,2147.0
4720724,4720725,20.0,1939464,1,2,17,1,6.0,14.0,5.0,15.0,4.0,722Z,16.0,22808.0,2147.0
4720726,4720727,20.0,1939466,1,2,17,1,1.0,30.0,1.0,15.0,4.0,722Z,16.0,22806.0,2146.0
4720727,4720728,20.0,1939467,1,2,17,1,1.0,15.0,6.0,15.0,4.0,4481,5.0,22765.0,2130.0
4720732,4720733,20.0,1939472,1,1,17,1,6.0,8.0,6.0,15.0,4.0,5412,10.0,22808.0,2147.0
4720736,4720737,20.0,1939476,1,1,17,1,6.0,36.0,6.0,15.0,4.0,722Z,16.0,22808.0,2147.0
4720741,4720742,20.0,1939481,1,1,17,1,6.0,-9.0,-9.0,15.0,4.0,-9,-9.0,22808.0,2147.0
4720742,4720743,20.0,1939482,1,1,17,1,3.0,50.0,6.0,15.0,4.0,5617Z,12.0,22808.0,2147.0
4720745,4720746,20.0,1939485,1,2,17,1,6.0,-9.0,-9.0,15.0,4.0,722Z,16.0,22806.0,2146.0
4720746,4720747,20.0,1939486,1,1,17,1,6.0,40.0,5.0,15.0,4.0,23,2.0,22808.0,2147.0
4720747,4720748,20.0,1939487,1,2,17,1,6.0,40.0,5.0,15.0,4.0,722Z,16.0,22808.0,2147.0
4720751,4720752,20.0,1939491,1,1,17,1,6.0,25.0,6.0,15.0,4.0,111,1.0,22808.0,2147.0
4720756,4720757,20.0,1939496,1,1,17,1,6.0,-9.0,-9.0,-9.0,4.0,443142,5.0,22808.0,2147.0
4720763,4720764,20.0,1939503,1,2,17,1,1.0,6.0,5.0,15.0,4.0,611M1,13.0,22808.0,2147.0
4720764,4720765,20.0,1939504,1,2,17,1,1.0,12.0,4.0,15.0,4.0,722Z,16.0,22808.0,2147.0
4720773,4720774,20.0,1939513,1,1,17,1,1.0,5.0,6.0,15.0,4.0,611M1,13.0,22765.0,2130.0
4720775,4720776,20.0,1939515,1,1,17,1,6.0,3.0,5.0,15.0,4.0,7112,16.0,22806.0,2146.0
4720777,4720778,20.0,1939517,1,1,17,1,1.0,25.0,1.0,15.0,4.0,611M1,13.0,22808.0,2147.0
4720778,4720779,20.0,1939518,1,1,17,1,6.0,28.0,5.0,14.0,4.0,44511,5.0,22806.0,2146.0
4720779,4720780,20.0,1939519,1,1,17,1,6.0,-9.0,-9.0,15.0,4.0,23,2.0,22818.0,2150.0
4720782,4720783,20.0,1939522,1,1,17,1,6.0,24.0,6.0,15.0,4.0,44511,5.0,22808.0,2147.0
4720786,4720787,20.0,1939526,1,2,17,1,1.0,3.0,1.0,15.0,4.0,611M3,13.0,22808.0,2147.0
4720789,4720790,20.0,1939529,1,2,17,1,1.0,18.0,4.0,15.0,4.0,611M1,13.0,22808.0,2147.0
4720790,4720791,20.0,1939530,1,2,17,1,6.0,-9.0,-9.0,-9.0,4.0,56173,12.0,22813.0,2150.0
4720793,4720794,20.0,1939533,1,2,17,1,1.0,15.0,4.0,15.0,4.0,713Z,16.0,22808.0,2147.0
4720794,4720795,20.0,1939534,1,2,17,1,6.0,-9.0,-9.0,15.0,4.0,2211P,7.0,22806.0,2146.0
4720795,4720796,20.0,1939535,1,1,17,1,3.0,10.0,5.0,15.0,4.0,23,2.0,22808.0,2147.0
4720797,4720798,20.0,1939537,1,2,17,1,6.0,18.0,3.0,15.0,4.0,6244,14.0,22806.0,2146.0
4720799,4720800,20.0,1939539,1,2,17,1,1.0,40.0,2.0,-9.0,4.0,5412,10.0,22808.0,2147.0
4720804,4720805,20.0,1939544,1,1,17,1,6.0,40.0,6.0,15.0,4.0,713Z,16.0,22806.0,2146.0
4720805,4720806,20.0,1939545,1,1,17,1,1.0,23.0,5.0,15.0,4.0,622M,15.0,22808.0,2147.0
4720806,4720807,20.0,1939546,1,1,17,1,1.0,15.0,1.0,15.0,4.0,611M1,13.0,22808.0,2147.0
4720809,4720810,20.0,1939549,1,2,17,1,1.0,25.0,6.0,15.0,4.0,44611,5.0,22814.0,2150.0
4720810,4720811,20.0,1939550,1,1,17,1,6.0,15.0,4.0,15.0,4.0,611M1,13.0,22808.0,2147.0
4720814,4720815,20.0,1939554,1,2,17,1,6.0,15.0,4.0,15.0,4.0,45121,5.0,22808.0,2147.0
4720815,4720816,20.0,1939555,1,1,17,1,6.0,45.0,6.0,15.0,4.0,23,2.0,22808.0,2147.0
4720817,4720818,20.0,1939557,1,1,17,1,6.0,25.0,5.0,-9.0,4.0,722Z,16.0,22765.0,2130.0
4720820,4720821,20.0,1939560,1,1,17,1,6.0,20.0,6.0,15.0,4.0,713Z,16.0,22808.0,2147.0
4720821,4720822,20.0,1939561,1,1,17,1,6.0,4.0,6.0,15.0,4.0,611M1,13.0,22808.0,2147.0
4720823,4720824,20.0,1939563,1,2,17,1,1.0,20.0,5.0,15.0,4.0,713Z,16.0,22808.0,2147.0
4720825,4720826,20.0,1939565,1,1,17,1,6.0,40.0,6.0,15.0,4.0,5417,10.0,22806.0,2146.0
4720827,4720828,20.0,1939567,1,1,17,1,1.0,11.0,1.0,15.0,4.0,56173,12.0,22808.0,2147.0
4720830,4720831,20.0,1939570,1,2,17,1,6.0,-9.0,-9.0,-9.0,4.0,-9,-9.0,22806.0,2146.0
4720831,4720832,20.0,1939571,1,2,17,1,6.0,15.0,5.0,15.0,4.0,4481,5.0,22808.0,2147.0
4720833,4720834,20.0,1939573,1,2,17,1,6.0,37.0,6.0,15.0,4.0,713Z,16.0,22765.0,2130.0
4720834,4720835,20.0,1939574,1,2,17,1,6.0,20.0,5.0,15.0,4.0,722Z,16.0,22808.0,2147.0
4720840,4720841,20.0,1939580,1,2,17,1,6.0,16.0,6.0,15.0,4.0,622M,15.0,22808.0,2147.0
4720844,4720845,20.0,1939584,1,2,17,1,6.0,-9.0,-9.0,14.0,4.0,-9,-9.0,22806.0,2146.0
4720848,4720849,20.0,1939588,1,2,17,1,6.0,11.0,4.0,15.0,4.0,713Z,16.0,22808.0,2147.0
4720850,4720851,20.0,1939590,1,1,17,1,6.0,40.0,6.0,15.0,4.0,23,2.0,22808.0,2147.0
4720851,4720852,20.0,1939591,1,1,17,1,6.0,25.0,6.0,15.0,4.0,9211MP,18.0,22808.0,2147.0
4720857,4720858,20.0,1939597,1,2,17,1,6.0,99.0,6.0,15.0,4.0,721M,16.0,22808.0,2147.0
4720860,4720861,20.0,1939600,1,1,17,1,3.0,20.0,1.0,16.0,4.0,611M1,13.0,22808.0,2147.0
4720865,4720866,20.0,1939605,1,2,17,1,3.0,4.0,6.0,15.0,4.0,6244,14.0,22808.0,2147.0
4720871,4720872,20.0,1939611,1,1,17,2,1.0,16.0,3.0,15.0,4.0,611M1,13.0,22765.0,2130.0
4720875,4720876,20.0,1939615,1,1,17,2,6.0,-9.0,-9.0,14.0,4.0,-9,-9.0,22806.0,2146.0
4720877,4720878,20.0,1939617,1,2,17,2,3.0,-9.0,-9.0,15.0,4.0,999920,-9.0,22808.0,2147.0
4720880,4720881,20.0,1939620,1,2,17,2,6.0,40.0,6.0,15.0,4.0,336M,3.0,22808.0,2147.0
4720882,4720883,20.0,1939622,1,2,17,2,1.0,20.0,1.0,15.0,4.0,611M1,13.0,22758.0,2127.0
4720883,4720884,20.0,1939623,1,2,17,2,6.0,-9.0,-9.0,15.0,4.0,-9,-9.0,22806.0,2146.0
4720887,4720888,20.0,1939627,1,2,17,2,1.0,14.0,4.0,15.0,4.0,611M1,13.0,22808.0,2147.0
4720891,4720892,20.0,1939631,1,2,17,2,1.0,20.0,4.0,15.0,4.0,611M1,13.0,22808.0,2147.0
4720894,4720895,20.0,1939634,1,2,17,2,3.0,40.0,5.0,-9.0,4.0,5613,12.0,22765.0,2130.0
4720901,4720902,20.0,1939641,1,2,17,2,3.0,-9.0,-9.0,15.0,4.0,999920,-9.0,22808.0,2147.0
4720905,4720906,20.0,1939645,1,2,17,2,3.0,8.0,4.0,15.0,4.0,611M1,13.0,22808.0,2147.0
4720906,4720907,20.0,1939646,1,1,17,2,6.0,-9.0,-9.0,15.0,4.0,6241,14.0,22808.0,2147.0
4720911,4720912,20.0,1939651,1,1,17,2,6.0,-9.0,-9.0,13.0,4.0,722Z,16.0,22765.0,2130.0
4720913,4720914,20.0,1939653,1,1,17,2,1.0,40.0,6.0,-9.0,4.0,5617Z,12.0,22808.0,2147.0
4720914,4720915,20.0,1939654,1,1,17,2,1.0,17.0,4.0,15.0,4.0,611M1,13.0,22808.0,2147.0
4720915,4720916,20.0,1939655,1,2,17,2,6.0,18.0,6.0,15.0,4.0,722Z,16.0,22806.0,2146.0
4720916,4720917,20.0,1939656,1,1,17,2,6.0,5.0,6.0,15.0,4.0,45121,5.0,22765.0,2130.0
4720919,4720920,20.0,1939659,1,2,17,2,1.0,20.0,1.0,15.0,4.0,532M2,9.0,22806.0,2146.0
4720923,4720924,20.0,1939663,1,1,17,2,6.0,16.0,5.0,15.0,4.0,44511,5.0,22814.0,2150.0
4720928,4720929,20.0,1939668,1,1,17,4,6.0,-9.0,-9.0,15.0,4.0,-9,-9.0,22814.0,2150.0
4720931,4720932,20.0,1939671,1,2,17,4,1.0,15.0,1.0,15.0,4.0,713Z,16.0,22808.0,2147.0
4720933,4720934,20.0,1939673,1,1,17,4,1.0,40.0,4.0,15.0,4.0,611M3,13.0,22808.0,2147.0
4720935,4720936,20.0,1939675,1,1,17,4,6.0,20.0,4.0,15.0,4.0,44511,5.0,22808.0,2147.0
4720937,4720938,20.0,1939677,1,1,17,4,6.0,35.0,6.0,15.0,4.0,611M1,13.0,22808.0,2147.0
4720940,4720941,20.0,1939680,1,2,17,4,6.0,-9.0,-9.0,15.0,4.0,-9,-9.0,22808.0,2147.0
4720942,4720943,20.0,1939682,1,1,17,4,1.0,10.0,4.0,15.0,4.0,7115,16.0,22806.0,2146.0
4720944,4720945,20.0,1939684,1,1,17,4,1.0,20.0,4.0,16.0,4.0,611M1,13.0,22815.0,2150.0
4720946,4720947,20.0,1939686,1,1,17,4,1.0,20.0,6.0,15.0,4.0,722Z,16.0,22808.0,2147.0
4720948,4720949,20.0,1939688,1,1,17,4,6.0,20.0,4.0,15.0,4.0,221MP,7.0,22808.0,2147.0
4720952,4720953,20.0,1939692,1,2,17,4,6.0,10.0,5.0,15.0,4.0,722Z,16.0,22806.0,2146.0
4720957,4720958,20.0,1939697,1,2,17,4,1.0,7.0,5.0,15.0,4.0,611M1,13.0,22765.0,2130.0
4720964,4720965,20.0,1939704,1,1,17,4,6.0,30.0,6.0,15.0,4.0,51913,8.0,22808.0,2147.0
4720966,4720967,20.0,1939706,1,2,17,4,1.0,10.0,1.0,15.0,4.0,611M1,13.0,22808.0,2147.0
4720970,4720971,20.0,1939710,1,2,17,4,1.0,15.0,4.0,15.0,4.0,44611,5.0,22818.0,2150.0
4720971,4720972,20.0,1939711,1,1,17,4,6.0,-9.0,-9.0,15.0,4.0,-9,-9.0,22808.0,2147.0
4720973,4720974,20.0,1939713,1,1,17,4,6.0,-9.0,-9.0,15.0,4.0,-9,-9.0,22808.0,2147.0
4720974,4720975,20.0,1939714,1,1,17,4,6.0,-9.0,-9.0,15.0,4.0,-9,-9.0,22808.0,2147.0
4720976,4720977,20.0,1939716,1,2,17,4,6.0,7.0,5.0,15.0,4.0,722Z,16.0,22808.0,2147.0
4720977,4720978,20.0,1939717,1,2,17,4,6.0,10.0,5.0,15.0,4.0,722Z,16.0,22806.0,2146.0
4720978,4720979,20.0,1939718,1,2,17,4,6.0,8.0,5.0,16.0,4.0,5413,10.0,22808.0,2147.0
4720981,4720982,20.0,1939721,1,2,17,4,1.0,9.0,4.0,15.0,4.0,611M1,13.0,22810.0,2148.0
4720982,4720983,20.0,1939722,1,2,17,4,6.0,-9.0,-9.0,15.0,4.0,-9,-9.0,22808.0,2147.0
4720984,4720985,20.0,1939724,1,1,17,4,3.0,25.0,4.0,15.0,4.0,44413,5.0,22765.0,2130.0
4720985,4720986,20.0,1939725,1,1,17,4,1.0,20.0,1.0,15.0,4.0,722Z,16.0,22814.0,2150.0
4720987,4720988,20.0,1939727,1,2,17,4,2.0,6.0,6.0,15.0,4.0,722Z,16.0,22806.0,2146.0
4721001,4721002,20.0,1939741,1,2,17,4,6.0,2.0,4.0,15.0,4.0,611M3,13.0,22808.0,2147.0
4721005,4721006,20.0,1939745,1,2,17,4,6.0,40.0,6.0,15.0,4.0,5111Z,8.0,22818.0,2150.0
4721006,4721007,20.0,1939746,1,2,17,4,1.0,20.0,2.0,15.0,4.0,5413,10.0,22808.0,2147.0
4721010,4721011,20.0,1939750,1,2,17,4,6.0,-9.0,-9.0,15.0,4.0,-9,-9.0,22808.0,2147.0
4721011,4721012,20.0,1939751,1,2,17,4,1.0,15.0,4.0,15.0,4.0,44611,5.0,22808.0,2147.0
4721015,4721016,20.0,1939755,1,1,17,4,1.0,15.0,4.0,16.0,4.0,611M1,13.0,22765.0,2130.0
4721017,4721018,20.0,1939757,1,2,17,4,1.0,6.0,6.0,15.0,4.0,611M1,13.0,22808.0,2147.0
4721022,4721023,20.0,1939762,1,2,17,4,6.0,7.0,5.0,15.0,4.0,722Z,16.0,22808.0,2147.0
4721024,4721025,20.0,1939764,1,1,17,4,1.0,20.0,6.0,15.0,4.0,722Z,16.0,22814.0,2150.0
4721028,4721029,20.0,1939768,1,1,17,4,1.0,40.0,1.0,-9.0,4.0,4523,5.0,22808.0,2147.0
4721029,4721030,20.0,1939769,1,1,17,4,6.0,-9.0,-9.0,16.0,4.0,-9,-9.0,22808.0,2147.0
4721035,4721036,20.0,1939775,1,1,17,4,1.0,15.0,4.0,16.0,4.0,611M1,13.0,22806.0,2146.0
4721037,4721038,20.0,1939777,1,2,17,4,6.0,10.0,5.0,15.0,4.0,4481,5.0,22808.0,2147.0
4721039,4721040,20.0,1939779,1,1,17,4,6.0,-9.0,-9.0,15.0,4.0,-9,-9.0,22808.0,2147.0
4721044,4721045,20.0,1939784,1,2,17,4,6.0,-9.0,-9.0,15.0,4.0,54194,10.0,22808.0,2147.0
4721047,4721048,20.0,1939787,1,2,17,4,1.0,12.0,1.0,15.0,4.0,812112,17.0,22765.0,2130.0
4721050,4721051,20.0,1939790,1,1,17,4,6.0,-9.0,-9.0,16.0,4.0,336M,3.0,22813.0,2150.0
4721052,4721053,20.0,1939792,1,1,17,4,1.0,70.0,1.0,15.0,4.0,722Z,16.0,22808.0,2147.0
4721053,4721054,20.0,1939793,1,1,17,4,1.0,20.0,6.0,15.0,4.0,722Z,16.0,22808.0,2147.0
4721058,4721059,20.0,1939798,1,2,17,4,6.0,-9.0,-9.0,15.0,4.0,-9,-9.0,22806.0,2146.0
4721059,4721060,20.0,1939799,1,1,17,4,6.0,20.0,4.0,15.0,4.0,221MP,7.0,22808.0,2147.0
4721062,4721063,20.0,1939802,1,2,17,4,1.0,3.0,6.0,15.0,4.0,611M1,13.0,22808.0,2147.0
4721063,4721064,20.0,1939803,1,1,17,4,6.0,-9.0,-9.0,15.0,4.0,611M3,13.0,22808.0,2147.0
4721065,4721066,20.0,1939805,1,1,17,4,6.0,-9.0,-9.0,15.0,4.0,-9,-9.0,22806.0,2146.0
4721067,4721068,20.0,1939807,1,2,17,4,6.0,-9.0,-9.0,15.0,4.0,-9,-9.0,22808.0,2147.0
4721071,4721072,20.0,1939811,1,2,17,4,6.0,30.0,6.0,15.0,4.0,722Z,16.0,22806.0,2146.0
4721072,4721073,20.0,1939812,1,1,17,4,6.0,-9.0,-9.0,15.0,4.0,-9,-9.0,22808.0,2147.0
4721076,4721077,20.0,1939816,1,2,17,4,6.0,-9.0,-9.0,15.0,4.0,-9,-9.0,22808.0,2147.0
4721077,4721078,20.0,1939817,1,1,17,1,1.0,15.0,6.0,15.0,4.0,611M1,13.0,22808.0,2147.0
4721080,4721081,20.0,1939820,1,1,17,4,3.0,-9.0,-9.0,15.0,4.0,999920,-9.0,22808.0,2147.0
4721081,4721082,20.0,1939821,1,2,17,1,1.0,10.0,1.0,15.0,4.0,611M1,13.0,22806.0,2146.0
4721084,4721085,20.0,1939824,1,1,17,4,3.0,15.0,5.0,15.0,4.0,713Z,16.0,22808.0,2147.0
4721086,4721087,20.0,1939826,1,2,17,1,1.0,25.0,1.0,15.0,4.0,611M1,13.0,22808.0,2147.0
4721087,4721088,20.0,1939827,1,2,17,1,1.0,10.0,6.0,15.0,4.0,44821,5.0,22808.0,2147.0
4721088,4721089,20.0,1939828,1,1,17,1,6.0,20.0,3.0,15.0,4.0,722Z,16.0,22765.0,2130.0
4721089,4721090,20.0,1939829,1,2,17,4,1.0,15.0,4.0,15.0,4.0,44611,5.0,22815.0,2150.0
4721092,4721093,20.0,1939832,1,2,17,2,1.0,10.0,3.0,15.0,4.0,51912,8.0,22808.0,2147.0
4721095,4721096,20.0,1939835,1,2,17,4,3.0,27.0,4.0,16.0,4.0,611M1,13.0,22808.0,2147.0
4721098,4721099,20.0,1939838,1,2,17,4,6.0,-9.0,-9.0,15.0,4.0,-9,-9.0,22808.0,2147.0
4721099,4721100,20.0,1939839,1,2,17,2,6.0,30.0,5.0,15.0,4.0,336M,3.0,22808.0,2147.0
4721101,4721102,20.0,1939841,1,2,17,2,6.0,-9.0,-9.0,15.0,4.0,-9,-9.0,22806.0,2146.0
4721105,4721106,20.0,1939845,1,2,17,4,6.0,10.0,4.0,15.0,4.0,623M,14.0,22806.0,2146.0
4721107,4721108,20.0,1939847,1,1,17,4,1.0,40.0,4.0,15.0,4.0,6211,14.0,22808.0,2147.0
4721110,4721111,20.0,1939850,1,1,17,4,1.0,6.0,1.0,15.0,4.0,611M3,13.0,22808.0,2147.0
4721111,4721112,20.0,1939851,1,2,17,4,1.0,12.0,1.0,15.0,4.0,812112,17.0,22808.0,2147.0
4721112,4721113,20.0,1939852,1,1,17,1,6.0,40.0,3.0,-9.0,4.0,722Z,16.0,22808.0,2147.0
4721114,4721115,20.0,1939854,1,1,17,4,1.0,10.0,4.0,15.0,4.0,7115,16.0,22758.0,2127.0
4721116,4721117,20.0,1939856,1,1,17,1,1.0,6.0,1.0,15.0,4.0,611M1,13.0,22810.0,2148.0
4721118,4721119,20.0,1939858,1,2,17,2,6.0,32.0,1.0,15.0,4.0,6231,14.0,22808.0,2147.0
4721120,4721121,20.0,1939860,1,2,17,4,6.0,-9.0,-9.0,15.0,4.0,-9,-9.0,22808.0,2147.0
4721121,4721122,20.0,1939861,1,1,17,1,6.0,30.0,5.0,15.0,4.0,722Z,16.0,22808.0,2147.0
4721122,4721123,20.0,1939862,1,2,17,2,3.0,40.0,5.0,-9.0,4.0,5613,12.0,22765.0,2130.0
4721135,4721136,20.0,1939875,1,1,17,4,3.0,-9.0,-9.0,15.0,4.0,999920,-9.0,22808.0,2147.0
4721144,4721145,20.0,1939884,1,2,17,4,6.0,8.0,5.0,16.0,4.0,5413,10.0,22808.0,2147.0
4721147,4721148,20.0,1939887,1,1,17,4,6.0,-9.0,-9.0,15.0,4.0,-9,-9.0,22806.0,2146.0
4721149,4721150,20.0,1939889,1,2,17,1,6.0,-9.0,-9.0,15.0,4.0,-9,-9.0,22806.0,2146.0
4721160,4721161,20.0,1939900,1,2,17,1,6.0,36.0,4.0,15.0,4.0,722Z,16.0,22808.0,2147.0
4721161,4721162,20.0,1939901,1,2,17,4,3.0,27.0,4.0,16.0,4.0,611M1,13.0,22810.0,2148.0
4721163,4721164,20.0,1939903,1,2,17,1,6.0,14.0,5.0,15.0,4.0,722Z,16.0,22808.0,2147.0
4721165,4721166,20.0,1939905,1,1,17,4,1.0,20.0,6.0,15.0,4.0,722Z,16.0,22806.0,2146.0
4721168,4721169,20.0,1939908,1,1,17,2,1.0,30.0,1.0,15.0,4.0,722Z,16.0,22814.0,2150.0
4721174,4721175,20.0,1939914,1,2,17,1,6.0,-9.0,-9.0,15.0,4.0,-9,-9.0,22808.0,2147.0
4721175,4721176,20.0,1939915,1,2,17,1,6.0,30.0,6.0,15.0,4.0,337,3.0,22808.0,2147.0
4721178,4721179,20.0,1939918,1,2,17,2,1.0,8.0,6.0,15.0,4.0,611M1,13.0,22808.0,2147.0
4721179,4721180,20.0,1939919,1,1,17,4,6.0,-9.0,-9.0,15.0,4.0,-9,-9.0,22808.0,2147.0
4721183,4721184,20.0,1939923,1,1,17,4,6.0,3.0,6.0,15.0,4.0,6111,13.0,22806.0,2146.0
4721186,4721187,20.0,1939926,1,1,17,4,1.0,6.0,1.0,15.0,4.0,611M3,13.0,22808.0,2147.0
4721188,4721189,20.0,1939928,1,2,17,4,1.0,20.0,6.0,15.0,4.0,213,1.0,22814.0,2150.0
4721190,4721191,20.0,1939930,1,1,17,4,6.0,4.0,6.0,15.0,4.0,611M3,13.0,22806.0,2146.0
4721191,4721192,20.0,1939931,1,2,17,1,1.0,15.0,6.0,15.0,4.0,4481,5.0,22808.0,2147.0
4721194,4721195,21.0,1939934,1,2,17,1,1.0,20.0,5.0,15.0,4.0,713Z,16.0,22760.0,2128.0
4721198,4721199,21.0,1939938,1,2,17,1,6.0,-9.0,-9.0,15.0,4.0,-9,-9.0,22808.0,2147.0
4721199,4721200,21.0,1939939,1,1,17,1,6.0,14.0,6.0,15.0,4.0,722Z,16.0,22808.0,2147.0
4721204,4721205,21.0,1939944,1,2,17,1,6.0,30.0,6.0,15.0,4.0,337,3.0,22765.0,2130.0
4721205,4721206,21.0,1939945,1,2,17,1,6.0,25.0,6.0,15.0,4.0,722Z,16.0,22808.0,2147.0
4721209,4721210,21.0,1939949,1,1,17,1,6.0,42.0,6.0,15.0,4.0,713Z,16.0,22808.0,2147.0
4721210,4721211,21.0,1939950,1,1,17,1,6.0,30.0,6.0,15.0,4.0,111,1.0,22808.0,2147.0
4721215,4721216,21.0,1939955,1,2,17,1,6.0,4.0,5.0,15.0,4.0,712,16.0,22808.0,2147.0
4721219,4721220,21.0,1939959,1,2,17,1,1.0,12.0,1.0,15.0,4.0,722Z,16.0,22808.0,2147.0
4721224,4721225,21.0,1939964,1,2,17,1,6.0,36.0,5.0,15.0,4.0,611M3,13.0,22806.0,2146.0
4721228,4721229,21.0,1939968,1,1,17,1,6.0,12.0,5.0,15.0,4.0,6111,13.0,22815.0,2150.0
4721229,4721230,21.0,1939969,1,2,17,1,1.0,20.0,1.0,15.0,4.0,4481,5.0,22765.0,2130.0
4721232,4721233,21.0,1939972,1,1,17,1,1.0,8.0,4.0,15.0,4.0,45121,5.0,22808.0,2147.0
4721233,4721234,21.0,1939973,1,2,17,1,1.0,3.0,4.0,15.0,4.0,611M1,13.0,22760.0,2128.0
4721235,4721236,21.0,1939975,1,1,17,1,1.0,20.0,6.0,15.0,4.0,611M1,13.0,22765.0,2130.0
4721238,4721239,21.0,1939978,1,2,17,1,6.0,20.0,5.0,15.0,4.0,722Z,16.0,22765.0,2130.0
4721240,4721241,21.0,1939980,1,1,17,1,6.0,30.0,5.0,15.0,4.0,4452,5.0,22808.0,2147.0
4721241,4721242,21.0,1939981,1,1,17,1,1.0,15.0,1.0,15.0,4.0,813M,17.0,22810.0,2148.0
4721242,4721243,21.0,1939982,1,1,17,1,6.0,6.0,5.0,15.0,4.0,4442,5.0,22806.0,2146.0
4721248,4721249,21.0,1939988,1,1,17,1,6.0,40.0,3.0,15.0,4.0,23,2.0,22808.0,2147.0
4721250,4721251,21.0,1939990,1,2,17,3,6.0,-9.0,-9.0,14.0,4.0,-9,-9.0,22808.0,2147.0
4721251,4721252,21.0,1939991,1,1,17,3,6.0,-9.0,-9.0,15.0,4.0,-9,-9.0,22808.0,2147.0
4721253,4721254,21.0,1939993,1,2,17,3,6.0,-9.0,-9.0,-9.0,4.0,-9,-9.0,22808.0,2147.0
4721254,4721255,21.0,1939994,1,1,17,3,1.0,20.0,3.0,15.0,4.0,611M1,13.0,22818.0,2150.0
4721256,4721257,21.0,1939996,1,2,17,1,6.0,40.0,6.0,15.0,4.0,6244,14.0,22815.0,2150.0
4721257,4721258,21.0,1939997,1,2,17,1,6.0,30.0,6.0,15.0,4.0,337,3.0,22808.0,2147.0
4721258,4721259,21.0,1939998,1,1,17,1,1.0,14.0,4.0,15.0,4.0,4511M,5.0,22808.0,2147.0
4721260,4721261,21.0,1940000,1,1,17,1,6.0,14.0,4.0,15.0,4.0,4MS,5.0,22765.0,2130.0
4721262,4721263,21.0,1940002,1,2,17,1,6.0,-9.0,-9.0,15.0,4.0,713Z,16.0,22808.0,2147.0
4721265,4721266,21.0,1940005,1,2,17,1,1.0,30.0,1.0,15.0,4.0,7112,16.0,22818.0,2150.0
4721267,4721268,22.0,1940007,1,2,17,1,6.0,35.0,6.0,15.0,4.0,6111,13.0,22808.0,2147.0
4721270,4721271,22.0,1940010,1,2,17,1,6.0,32.0,6.0,15.0,4.0,52M2,9.0,22808.0,2147.0
4721271,4721272,22.0,1940011,1,1,17,1,6.0,42.0,6.0,15.0,4.0,713Z,16.0,22808.0,2147.0
4721276,4721277,22.0,1940016,1,1,17,1,1.0,5.0,6.0,15.0,4.0,611M1,13.0,22808.0,2147.0
4721279,4721280,22.0,1940019,1,1,17,1,6.0,-9.0,-9.0,15.0,4.0,713Z,16.0,22760.0,2128.0
4721280,4721281,22.0,1940020,1,2,17,1,1.0,10.0,5.0,15.0,4.0,611M1,13.0,22815.0,2150.0
4721281,4721282,22.0,1940021,1,1,17,1,1.0,18.0,1.0,15.0,4.0,6241,14.0,22808.0,2147.0
4721286,4721287,22.0,1940026,1,1,17,1,6.0,3.0,5.0,15.0,4.0,7112,16.0,22808.0,2147.0
4721287,4721288,22.0,1940027,1,2,17,1,1.0,15.0,5.0,15.0,4.0,722Z,16.0,22808.0,2147.0
4721290,4721291,22.0,1940030,1,2,17,1,6.0,99.0,6.0,15.0,4.0,721M,16.0,22808.0,2147.0
4721292,4721293,22.0,1940032,1,2,17,1,1.0,15.0,1.0,15.0,4.0,722Z,16.0,22808.0,2147.0
4721295,4721296,22.0,1940035,1,2,17,1,6.0,3.0,6.0,15.0,4.0,713Z,16.0,22806.0,2146.0
4721296,4721297,22.0,1940036,1,2,17,1,3.0,15.0,4.0,15.0,4.0,814,17.0,22808.0,2147.0
4721297,4721298,22.0,1940037,1,1,17,1,6.0,-9.0,-9.0,-9.0,4.0,-9,-9.0,22808.0,2147.0
4721309,4721310,22.0,1940049,1,2,17,1,6.0,12.0,6.0,15.0,4.0,722Z,16.0,22808.0,2147.0
4721318,4721319,22.0,1940058,1,1,17,1,6.0,20.0,4.0,15.0,4.0,44413,5.0,22806.0,2146.0
4721320,4721321,22.0,1940060,1,1,17,1,6.0,10.0,6.0,15.0,4.0,56173,12.0,22808.0,2147.0
4721321,4721322,22.0,1940061,1,2,17,1,1.0,17.0,1.0,15.0,4.0,4539,5.0,22806.0,2146.0
4721326,4721327,22.0,1940066,1,2,17,1,1.0,14.0,1.0,15.0,4.0,611M1,13.0,22808.0,2147.0
4721332,4721333,22.0,1940072,1,1,17,1,6.0,-9.0,-9.0,15.0,4.0,713Z,16.0,22808.0,2147.0
4721338,4721339,22.0,1940078,1,2,17,1,1.0,12.0,1.0,15.0,4.0,722Z,16.0,22808.0,2147.0
4721340,4721341,23.0,1940080,1,2,17,1,6.0,-9.0,-9.0,15.0,4.0,713Z,16.0,22808.0,2147.0
4721342,4721343,23.0,1940082,1,2,17,1,1.0,30.0,1.0,15.0,4.0,611M1,13.0,22808.0,2147.0
4721345,4721346,23.0,1940085,1,1,17,1,6.0,30.0,6.0,15.0,4.0,722Z,16.0,22806.0,2146.0
4721346,4721347,23.0,1940086,1,2,17,1,6.0,20.0,6.0,15.0,4.0,713Z,16.0,22806.0,2146.0
4721352,4721353,23.0,1940092,1,2,17,1,1.0,20.0,5.0,15.0,4.0,611M1,13.0,22765.0,2130.0
4721356,4721357,23.0,1940096,1,2,17,1,6.0,25.0,5.0,15.0,4.0,6214,14.0,22808.0,2147.0
4721365,4721366,23.0,1940105,1,2,17,1,1.0,10.0,5.0,15.0,4.0,611M1,13.0,22808.0,2147.0
4721370,4721371,23.0,1940110,1,2,17,1,1.0,15.0,6.0,15.0,4.0,722Z,16.0,22765.0,2130.0
4721379,4721380,24.0,1940119,1,2,17,4,6.0,20.0,6.0,15.0,4.0,713Z,16.0,22808.0,2147.0
4721381,4721382,24.0,1940121,1,2,17,4,1.0,20.0,2.0,15.0,4.0,5413,10.0,22815.0,2150.0
4721382,4721383,24.0,1940122,1,1,17,4,6.0,-9.0,-9.0,15.0,4.0,-9,-9.0,22806.0,2146.0
4721387,4721388,24.0,1940127,1,1,17,4,6.0,30.0,6.0,15.0,4.0,51913,8.0,22808.0,2147.0
4721389,4721390,24.0,1940129,1,1,17,4,6.0,-9.0,-9.0,15.0,4.0,-9,-9.0,22808.0,2147.0
4721390,4721391,24.0,1940130,1,1,17,4,1.0,40.0,1.0,-9.0,4.0,4523,5.0,22808.0,2147.0
4721391,4721392,24.0,1940131,1,2,17,4,1.0,7.0,5.0,15.0,4.0,611M1,13.0,22813.0,2150.0
4721397,4721398,24.0,1940137,1,2,17,4,6.0,16.0,5.0,15.0,4.0,721M,16.0,22815.0,2150.0
4721406,4721407,24.0,1940146,1,2,17,4,1.0,12.0,4.0,15.0,4.0,4511M,5.0,22808.0,2147.0
4721407,4721408,24.0,1940147,1,2,17,4,6.0,40.0,6.0,15.0,4.0,52M2,9.0,22808.0,2147.0
4721409,4721410,24.0,1940149,1,2,17,4,6.0,-9.0,-9.0,15.0,4.0,-9,-9.0,22815.0,2150.0
4721410,4721411,24.0,1940150,1,1,17,4,6.0,20.0,4.0,15.0,4.0,221MP,7.0,22814.0,2150.0
4721412,4721413,24.0,1940152,1,2,17,4,1.0,12.0,1.0,15.0,4.0,812112,17.0,22808.0,2147.0
4721414,4721415,24.0,1940154,1,2,17,4,6.0,-9.0,-9.0,15.0,4.0,-9,-9.0,22808.0,2147.0
4721424,4721425,24.0,1940164,1,2,17,4,6.0,20.0,4.0,15.0,4.0,4481,5.0,22808.0,2147.0
4721434,4721435,24.0,1940174,1,1,17,4,6.0,40.0,6.0,16.0,4.0,5413,10.0,22808.0,2147.0
4721435,4721436,24.0,1940175,1,1,17,4,6.0,-9.0,-9.0,15.0,4.0,-9,-9.0,22815.0,2150.0
4721436,4721437,24.0,1940176,1,1,17,4,3.0,40.0,5.0,15.0,4.0,56173,12.0,22808.0,2147.0
4721438,4721439,24.0,1940178,1,1,17,4,3.0,40.0,5.0,15.0,4.0,56173,12.0,22808.0,2147.0
4721439,4721440,24.0,1940179,1,2,17,4,6.0,49.0,4.0,15.0,4.0,721M,16.0,22808.0,2147.0
4721445,4721446,24.0,1940185,1,2,17,4,1.0,20.0,1.0,15.0,4.0,622M,15.0,22806.0,2146.0
4721451,4721452,24.0,1940191,1,1,17,4,6.0,-9.0,-9.0,15.0,4.0,611M3,13.0,22808.0,2147.0
4721452,4721453,24.0,1940192,1,1,17,4,6.0,-9.0,-9.0,15.0,4.0,-9,-9.0,22815.0,2150.0
4721453,4721454,24.0,1940193,1,2,17,4,6.0,7.0,5.0,15.0,4.0,722Z,16.0,22806.0,2146.0
4721454,4721455,24.0,1940194,1,2,17,4,6.0,10.0,5.0,15.0,4.0,722Z,16.0,22810.0,2148.0
4721455,4721456,24.0,1940195,1,1,17,4,6.0,15.0,4.0,15.0,4.0,722Z,16.0,22808.0,2147.0
4721460,4721461,24.0,1940200,1,2,17,4,6.0,-9.0,-9.0,15.0,4.0,6244,14.0,22808.0,2147.0
4721462,4721463,24.0,1940202,1,2,17,4,6.0,-9.0,-9.0,15.0,4.0,-9,-9.0,22808.0,2147.0
4721463,4721464,24.0,1940203,1,2,17,4,1.0,21.0,4.0,15.0,4.0,722Z,16.0,22806.0,2146.0
4721464,4721465,24.0,1940204,1,2,17,4,1.0,15.0,4.0,15.0,4.0,44611,5.0,22808.0,2147.0
4721466,4721467,24.0,1940206,1,2,17,4,1.0,99.0,6.0,15.0,4.0,611M3,13.0,22810.0,2148.0
4721469,4721470,24.0,1940209,1,2,17,4,6.0,-9.0,-9.0,15.0,4.0,-9,-9.0,22808.0,2147.0
4721474,4721475,24.0,1940214,1,1,17,4,6.0,6.0,6.0,15.0,4.0,3113,3.0,22808.0,2147.0
4721478,4721479,24.0,1940218,1,1,17,4,6.0,-9.0,-9.0,15.0,4.0,-9,-9.0,22808.0,2147.0
4721481,4721482,25.0,1940221,1,1,17,1,6.0,-9.0,-9.0,16.0,4.0,-9,-9.0,22806.0,2146.0
4721482,4721483,25.0,1940222,1,2,17,1,6.0,36.0,5.0,-9.0,4.0,713Z,16.0,22815.0,2150.0
4721488,4721489,25.0,1940228,1,1,17,2,6.0,-9.0,-9.0,15.0,4.0,722Z,16.0,22760.0,2128.0
4721489,4721490,25.0,1940229,1,2,17,2,1.0,40.0,1.0,-9.0,4.0,622M,15.0,22814.0,2150.0
4721492,4721493,25.0,1940232,1,2,17,2,6.0,-9.0,-9.0,-9.0,4.0,-9,-9.0,22808.0,2147.0
4721493,4721494,25.0,1940233,1,1,17,2,6.0,-9.0,-9.0,-9.0,4.0,-9,-9.0,22765.0,2130.0
4721498,4721499,25.0,1940238,1,1,17,2,1.0,40.0,5.0,-9.0,4.0,5613,12.0,22765.0,2130.0
4721501,4721502,25.0,1940241,1,1,17,2,2.0,50.0,3.0,-9.0,4.0,336M,3.0,22808.0,2147.0
4721504,4721505,25.0,1940244,1,2,17,2,6.0,-9.0,-9.0,-9.0,4.0,-9,-9.0,22808.0,2147.0
4721508,4721509,25.0,1940248,1,2,17,2,6.0,-9.0,-9.0,-9.0,4.0,-9,-9.0,22808.0,2147.0
4721509,4721510,25.0,1940249,1,1,17,2,1.0,40.0,1.0,-9.0,4.0,6241,14.0,22806.0,2146.0
4721510,4721511,25.0,1940250,1,1,17,2,6.0,-9.0,-9.0,-9.0,4.0,-9,-9.0,22758.0,2127.0
4721512,4721513,25.0,1940252,1,2,17,2,6.0,40.0,6.0,15.0,4.0,5613,12.0,22806.0,2146.0
4721520,4721521,25.0,1940260,1,2,17,2,6.0,-9.0,-9.0,15.0,4.0,-9,-9.0,22808.0,2147.0
4721521,4721522,25.0,1940261,1,2,17,2,6.0,-9.0,-9.0,-9.0,4.0,-9,-9.0,22808.0,2147.0
4721524,4721525,25.0,1940264,1,1,17,2,6.0,-9.0,-9.0,-9.0,4.0,-9,-9.0,22765.0,2130.0
4721525,4721526,25.0,1940265,1,1,17,2,6.0,-9.0,-9.0,-9.0,4.0,-9,-9.0,22814.0,2150.0
4721528,4721529,25.0,1940268,1,2,17,2,6.0,40.0,6.0,15.0,4.0,5613,12.0,22765.0,2130.0
4721538,4721539,25.0,1940278,1,1,17,2,1.0,40.0,1.0,-9.0,4.0,6241,14.0,22814.0,2150.0
4721539,4721540,25.0,1940279,1,2,17,2,6.0,-9.0,-9.0,-9.0,4.0,-9,-9.0,22808.0,2147.0
4721541,4721542,25.0,1940281,1,1,17,2,3.0,-9.0,-9.0,-9.0,4.0,999920,-9.0,22808.0,2147.0
4721542,4721543,25.0,1940282,1,1,17,2,3.0,-9.0,-9.0,-9.0,4.0,999920,-9.0,22808.0,2147.0
4721543,4721544,25.0,1940283,1,1,17,2,6.0,-9.0,-9.0,-9.0,4.0,-9,-9.0,22808.0,2147.0
4721545,4721546,25.0,1940285,1,2,17,2,6.0,-9.0,-9.0,15.0,4.0,-9,-9.0,22808.0,2147.0
4721561,4721562,25.0,1940301,1,1,17,4,1.0,40.0,1.0,16.0,4.0,611M1,13.0,22758.0,2127.0
4721562,4721563,25.0,1940302,1,2,17,4,6.0,-9.0,-9.0,16.0,4.0,-9,-9.0,22806.0,2146.0
4721566,4721567,25.0,1940306,1,2,17,4,1.0,40.0,1.0,-9.0,4.0,8131,17.0,22808.0,2147.0
4721568,4721569,25.0,1940308,1,1,17,4,6.0,40.0,6.0,16.0,4.0,336M,3.0,22808.0,2147.0
4721569,4721570,25.0,1940309,1,2,17,4,6.0,40.0,5.0,16.0,4.0,5416,10.0,22808.0,2147.0
4721570,4721571,25.0,1940310,1,2,17,2,6.0,-9.0,-9.0,-9.0,4.0,-9,-9.0,22765.0,2130.0
4721571,4721572,25.0,1940311,1,2,17,2,6.0,-9.0,-9.0,15.0,4.0,-9,-9.0,22814.0,2150.0
4721577,4721578,25.0,1940317,1,2,17,2,6.0,-9.0,-9.0,15.0,4.0,-9,-9.0,22808.0,2147.0
4721578,4721579,25.0,1940318,1,1,17,4,6.0,-9.0,-9.0,-9.0,4.0,-9,-9.0,22808.0,2147.0
4721581,4721582,25.0,1940321,1,2,17,2,6.0,-9.0,-9.0,15.0,4.0,-9,-9.0,22808.0,2147.0
4721582,4721583,25.0,1940322,1,1,17,2,2.0,50.0,3.0,-9.0,4.0,336M,3.0,22806.0,2146.0
4721583,4721584,25.0,1940323,1,1,17,2,1.0,40.0,1.0,-9.0,4.0,6241,14.0,22808.0,2147.0
4721586,4721587,25.0,1940326,1,2,17,2,6.0,40.0,6.0,16.0,4.0,611M3,13.0,22808.0,2147.0
4721590,4721591,25.0,1940330,1,2,17,2,6.0,-9.0,-9.0,-9.0,4.0,-9,-9.0,22808.0,2147.0
4721595,4721596,17.0,1941302,1,1,17,1,6.0,-9.0,-9.0,-9.0,4.0,-9,-9.0,22808.0,2147.0
4721596,4721597,17.0,1941303,1,1,17,1,6.0,-9.0,-9.0,-9.0,4.0,-9,-9.0,22808.0,2147.0
4721599,4721600,17.0,1941306,1,2,17,1,1.0,9.0,4.0,15.0,-9.0,6214,14.0,22808.0,2147.0
4721607,4721608,17.0,1941314,1,2,17,1,6.0,15.0,4.0,15.0,4.0,44821,5.0,22808.0,2147.0
4721609,4721610,17.0,1941316,1,2,17,1,1.0,9.0,4.0,15.0,-9.0,6214,14.0,22808.0,2147.0
4721616,4721617,17.0,1941323,1,2,17,1,6.0,15.0,4.0,15.0,4.0,44821,5.0,22806.0,2146.0
4721618,4721619,17.0,1941325,1,2,17,1,1.0,9.0,4.0,15.0,-9.0,6214,14.0,22808.0,2147.0
4721621,4721622,17.0,1941328,1,2,17,1,6.0,-9.0,-9.0,15.0,4.0,-9,-9.0,22808.0,2147.0
4721624,4721625,17.0,1941331,1,1,17,1,6.0,35.0,6.0,15.0,4.0,713Z,16.0,22808.0,2147.0
4721633,4721634,17.0,1941340,1,2,17,3,6.0,-9.0,-9.0,-9.0,4.0,611M1,13.0,22765.0,2130.0
4721635,4721636,17.0,1941342,1,2,17,3,6.0,-9.0,-9.0,-9.0,4.0,611M1,13.0,22765.0,2130.0
4721636,4721637,17.0,1941343,1,2,17,3,6.0,-9.0,-9.0,-9.0,4.0,611M1,13.0,22808.0,2147.0
4721637,4721638,17.0,1941344,1,2,17,3,6.0,-9.0,-9.0,-9.0,4.0,611M1,13.0,22808.0,2147.0
4721641,4721642,17.0,1941348,1,2,17,3,6.0,-9.0,-9.0,15.0,4.0,45221,5.0,22808.0,2147.0
4721646,4721647,17.0,1941353,1,2,17,3,6.0,18.0,6.0,15.0,4.0,6244,14.0,22808.0,2147.0
4721647,4721648,17.0,1941354,1,2,17,3,6.0,-9.0,-9.0,15.0,4.0,45221,5.0,22815.0,2150.0
4721649,4721650,17.0,1941356,1,2,17,3,6.0,-9.0,-9.0,15.0,-9.0,-9,-9.0,22806.0,2146.0
4721650,4721651,17.0,1941357,1,2,17,3,6.0,-9.0,-9.0,15.0,-9.0,-9,-9.0,22765.0,2130.0
4721651,4721652,17.0,1941358,1,2,17,3,6.0,-9.0,-9.0,15.0,4.0,45221,5.0,22808.0,2147.0
4721654,4721655,17.0,1941361,1,2,17,3,6.0,-9.0,-9.0,15.0,-9.0,-9,-9.0,22758.0,2127.0
4721658,4721659,17.0,1941365,1,2,17,3,6.0,-9.0,-9.0,15.0,-9.0,-9,-9.0,22808.0,2147.0
4721659,4721660,17.0,1941366,1,2,17,3,6.0,-9.0,-9.0,-9.0,4.0,611M1,13.0,22815.0,2150.0
4721663,4721664,17.0,1941370,1,2,17,3,6.0,-9.0,-9.0,-9.0,4.0,611M1,13.0,22808.0,2147.0
4721667,4721668,17.0,1941374,1,2,17,3,6.0,18.0,6.0,15.0,4.0,6244,14.0,22808.0,2147.0
4721669,4721670,17.0,1941376,1,2,17,3,6.0,18.0,6.0,15.0,4.0,6244,14.0,22808.0,2147.0
4721676,4721677,17.0,1941383,1,2,17,3,6.0,-9.0,-9.0,-9.0,4.0,611M1,13.0,22758.0,2127.0
4721678,4721679,17.0,1941385,1,2,17,3,6.0,-9.0,-9.0,15.0,-9.0,-9,-9.0,22808.0,2147.0
4721681,4721682,17.0,1941388,1,2,17,3,6.0,-9.0,-9.0,-9.0,4.0,611M1,13.0,22808.0,2147.0
4721682,4721683,17.0,1941389,1,2,17,3,6.0,18.0,6.0,15.0,4.0,6244,14.0,22808.0,2147.0
4721684,4721685,17.0,1941391,1,2,17,3,6.0,-9.0,-9.0,-9.0,-9.0,611M1,13.0,22806.0,2146.0
4721685,4721686,17.0,1941392,1,2,17,3,6.0,-9.0,-9.0,-9.0,4.0,611M1,13.0,22808.0,2147.0
4721693,4721694,17.0,1941400,1,2,17,3,6.0,18.0,6.0,15.0,4.0,6244,14.0,22808.0,2147.0
4721695,4721696,17.0,1941402,1,2,17,3,6.0,-9.0,-9.0,15.0,-9.0,-9,-9.0,22765.0,2130.0
4721696,4721697,17.0,1941403,1,2,17,3,6.0,18.0,6.0,15.0,4.0,6244,14.0,22808.0,2147.0
4721697,4721698,17.0,1941404,1,2,17,3,6.0,-9.0,-9.0,-9.0,-9.0,611M1,13.0,22806.0,2146.0
4721698,4721699,17.0,1941405,1,2,17,3,6.0,18.0,6.0,15.0,4.0,6244,14.0,22808.0,2147.0
4721699,4721700,17.0,1941406,1,2,17,3,6.0,18.0,6.0,15.0,4.0,6244,14.0,22808.0,2147.0
4721703,4721704,17.0,1941410,1,2,17,3,6.0,18.0,6.0,15.0,4.0,6244,14.0,22808.0,2147.0
4721705,4721706,17.0,1941412,1,2,17,3,6.0,-9.0,-9.0,-9.0,4.0,611M1,13.0,22808.0,2147.0
4721706,4721707,17.0,1941413,1,2,17,3,6.0,-9.0,-9.0,15.0,-9.0,-9,-9.0,22808.0,2147.0
4721708,4721709,17.0,1941415,1,2,17,3,6.0,18.0,6.0,15.0,4.0,6244,14.0,22808.0,2147.0
4721712,4721713,17.0,1941419,1,2,17,3,6.0,-9.0,-9.0,-9.0,-9.0,611M1,13.0,22808.0,2147.0
4721713,4721714,17.0,1941420,1,2,17,3,6.0,18.0,6.0,15.0,4.0,6244,14.0,22808.0,2147.0
4721717,4721718,17.0,1941424,1,2,17,3,6.0,-9.0,-9.0,15.0,-9.0,-9,-9.0,22808.0,2147.0
4721719,4721720,17.0,1941426,1,2,17,3,6.0,18.0,6.0,15.0,4.0,6244,14.0,22806.0,2146.0
4721721,4721722,17.0,1941428,1,2,17,3,6.0,-9.0,-9.0,-9.0,-9.0,611M1,13.0,22808.0,2147.0
4721723,4721724,17.0,1941430,1,2,17,3,6.0,-9.0,-9.0,15.0,4.0,45221,5.0,22815.0,2150.0
4721727,4721728,17.0,1941434,1,2,17,3,6.0,18.0,6.0,15.0,4.0,6244,14.0,22765.0,2130.0
4721729,4721730,17.0,1941436,1,2,17,3,6.0,-9.0,-9.0,15.0,-9.0,-9,-9.0,22806.0,2146.0
4721730,4721731,17.0,1941437,1,2,17,3,6.0,-9.0,-9.0,15.0,4.0,45221,5.0,22808.0,2147.0
4721731,4721732,17.0,1941438,1,2,17,3,6.0,-9.0,-9.0,-9.0,4.0,611M1,13.0,22806.0,2146.0
4721739,4721740,17.0,1941446,1,2,17,1,1.0,20.0,4.0,15.0,4.0,722Z,16.0,22765.0,2130.0
4721740,4721741,17.0,1941447,1,1,17,1,6.0,-9.0,-9.0,-9.0,4.0,-9,-9.0,22808.0,2147.0
4721741,4721742,17.0,1941448,1,1,17,1,6.0,-9.0,-9.0,-9.0,4.0,-9,-9.0,22808.0,2147.0
4721746,4721747,17.0,1941453,1,2,17,3,6.0,-9.0,-9.0,15.0,-9.0,-9,-9.0,22808.0,2147.0
4721747,4721748,17.0,1941454,1,1,17,1,3.0,10.0,6.0,15.0,4.0,56173,12.0,22808.0,2147.0
4721752,4721753,17.0,1941459,1,2,17,3,6.0,18.0,6.0,15.0,4.0,6244,14.0,22808.0,2147.0
4721753,4721754,17.0,1941460,1,2,17,3,6.0,-9.0,-9.0,15.0,-9.0,-9,-9.0,22765.0,2130.0
4721754,4721755,17.0,1941461,1,2,17,3,6.0,-9.0,-9.0,-9.0,4.0,611M1,13.0,22815.0,2150.0
4721755,4721756,17.0,1941462,1,2,17,1,6.0,5.0,6.0,15.0,4.0,6211,14.0,22806.0,2146.0
4721756,4721757,17.0,1941463,1,2,17,3,6.0,-9.0,-9.0,15.0,4.0,45221,5.0,22765.0,2130.0
4721760,4721761,18.0,1941467,1,2,17,1,3.0,-9.0,-9.0,15.0,4.0,999920,-9.0,22808.0,2147.0
4721761,4721762,18.0,1941468,1,1,17,1,6.0,39.0,5.0,15.0,4.0,713Z,16.0,22810.0,2148.0
4721763,4721764,18.0,1941470,1,2,17,1,1.0,22.0,1.0,15.0,4.0,611M1,13.0,22814.0,2150.0
4721774,4721775,18.0,1941481,1,2,17,1,1.0,10.0,6.0,15.0,4.0,611M1,13.0,22815.0,2150.0
4721777,4721778,18.0,1941484,1,2,17,1,6.0,40.0,6.0,15.0,4.0,6244,14.0,22808.0,2147.0
4721782,4721783,18.0,1941489,1,1,17,1,6.0,38.0,6.0,15.0,4.0,611M1,13.0,22808.0,2147.0
4721787,4721788,18.0,1941494,1,1,17,1,1.0,14.0,6.0,15.0,4.0,611M1,13.0,22758.0,2127.0
4721789,4721790,18.0,1941496,1,2,17,1,6.0,30.0,4.0,15.0,4.0,722Z,16.0,22808.0,2147.0
4721795,4721796,18.0,1941502,1,1,17,1,1.0,20.0,3.0,15.0,4.0,611M1,13.0,22808.0,2147.0
4721796,4721797,18.0,1941503,1,2,17,1,6.0,12.0,4.0,15.0,4.0,611M3,13.0,22808.0,2147.0
4721804,4721805,18.0,1941511,1,1,17,1,6.0,30.0,6.0,15.0,4.0,722Z,16.0,22808.0,2147.0
4721805,4721806,18.0,1941512,1,2,17,1,1.0,3.0,1.0,15.0,4.0,611M3,13.0,22808.0,2147.0
4721806,4721807,18.0,1941513,1,2,17,1,6.0,40.0,6.0,15.0,4.0,6244,14.0,22808.0,2147.0
4721808,4721809,18.0,1941515,1,2,17,1,6.0,35.0,6.0,15.0,4.0,712,16.0,22814.0,2150.0
4721810,4721811,18.0,1941517,1,2,17,1,1.0,20.0,1.0,15.0,4.0,611M1,13.0,22808.0,2147.0
4721819,4721820,18.0,1941526,1,1,17,1,6.0,30.0,5.0,15.0,4.0,4452,5.0,22765.0,2130.0
4721822,4721823,18.0,1941529,1,2,17,1,6.0,6.0,6.0,15.0,4.0,814,17.0,22806.0,2146.0
4721823,4721824,18.0,1941530,1,1,17,1,6.0,-9.0,-9.0,15.0,4.0,-9,-9.0,22808.0,2147.0
4721825,4721826,18.0,1941532,1,2,17,1,6.0,40.0,5.0,16.0,4.0,5411,10.0,22815.0,2150.0
4721827,4721828,18.0,1941534,1,1,17,1,1.0,14.0,1.0,16.0,4.0,611M1,13.0,22806.0,2146.0
4721831,4721832,18.0,1941538,1,2,17,1,1.0,15.0,1.0,15.0,4.0,722Z,16.0,22765.0,2130.0
4721833,4721834,18.0,1941540,1,2,17,1,6.0,23.0,6.0,15.0,3.0,45322,5.0,22808.0,2147.0
4721835,4721836,18.0,1941542,1,2,17,1,6.0,16.0,6.0,15.0,4.0,622M,15.0,22808.0,2147.0
4721837,4721838,18.0,1941544,1,2,17,1,1.0,15.0,3.0,15.0,4.0,611M1,13.0,22806.0,2146.0
4721843,4721844,18.0,1941550,1,2,17,1,6.0,55.0,5.0,15.0,4.0,4412,5.0,22808.0,2147.0
4721859,4721860,18.0,1941566,1,2,17,1,1.0,30.0,1.0,15.0,4.0,722Z,16.0,22808.0,2147.0
4721868,4721869,18.0,1941575,1,2,17,1,6.0,99.0,6.0,15.0,4.0,721M,16.0,22758.0,2127.0
4721874,4721875,18.0,1941581,1,2,17,1,6.0,-9.0,-9.0,15.0,4.0,722Z,16.0,22765.0,2130.0
4721875,4721876,18.0,1941582,1,1,17,1,1.0,40.0,1.0,-9.0,4.0,5613,12.0,22808.0,2147.0
4721877,4721878,18.0,1941584,1,1,17,1,1.0,20.0,2.0,15.0,4.0,611M1,13.0,22808.0,2147.0
4721878,4721879,18.0,1941585,1,2,17,1,1.0,30.0,1.0,-9.0,4.0,8131,17.0,22808.0,2147.0
4721882,4721883,18.0,1941589,1,1,17,1,6.0,8.0,6.0,15.0,4.0,5412,10.0,22806.0,2146.0
4721884,4721885,18.0,1941591,1,2,17,1,6.0,20.0,5.0,15.0,4.0,6211,14.0,22808.0,2147.0
4721885,4721886,18.0,1941592,1,2,17,1,2.0,6.0,5.0,15.0,4.0,611M1,13.0,22814.0,2150.0
4721892,4721893,18.0,1941599,1,2,17,1,1.0,30.0,1.0,15.0,4.0,722Z,16.0,22810.0,2148.0
4721893,4721894,18.0,1941600,1,1,17,1,6.0,30.0,3.0,15.0,4.0,44511,5.0,22808.0,2147.0
4721894,4721895,18.0,1941601,1,1,17,1,1.0,9.0,1.0,15.0,4.0,611M1,13.0,22808.0,2147.0
4721895,4721896,18.0,1941602,1,1,17,1,1.0,15.0,6.0,15.0,4.0,611M1,13.0,22808.0,2147.0
4721896,4721897,18.0,1941603,1,2,17,1,1.0,3.0,4.0,15.0,4.0,611M1,13.0,22808.0,2147.0
4721897,4721898,18.0,1941604,1,1,17,1,6.0,40.0,6.0,15.0,4.0,336M,3.0,22808.0,2147.0
4721898,4721899,18.0,1941605,1,1,17,1,1.0,20.0,4.0,15.0,4.0,712,16.0,22808.0,2147.0
4721901,4721902,18.0,1941608,1,2,17,1,6.0,9.0,6.0,15.0,4.0,721M,16.0,22765.0,2130.0
4721902,4721903,18.0,1941609,1,2,17,1,6.0,30.0,5.0,15.0,4.0,44511,5.0,22808.0,2147.0
4721905,4721906,18.0,1941612,1,1,17,1,6.0,14.0,4.0,15.0,4.0,4MS,5.0,22806.0,2146.0
4721908,4721909,18.0,1941615,1,2,17,1,6.0,6.0,6.0,15.0,4.0,722Z,16.0,22808.0,2147.0
4721914,4721915,18.0,1941621,1,1,17,1,1.0,10.0,1.0,15.0,4.0,5617Z,12.0,22765.0,2130.0
4721915,4721916,18.0,1941622,1,1,17,1,6.0,40.0,4.0,15.0,4.0,4413,5.0,22765.0,2130.0
4721918,4721919,18.0,1941625,1,2,17,1,1.0,30.0,5.0,15.0,4.0,55,11.0,22808.0,2147.0
4721920,4721921,18.0,1941627,1,1,17,1,3.0,40.0,6.0,15.0,4.0,3261,3.0,22808.0,2147.0
4721922,4721923,18.0,1941629,1,1,17,1,1.0,35.0,5.0,15.0,4.0,611M1,13.0,22808.0,2147.0
4721926,4721927,18.0,1941633,1,2,17,1,1.0,25.0,6.0,15.0,4.0,44611,5.0,22808.0,2147.0
4721932,4721933,18.0,1941639,1,1,17,1,3.0,30.0,4.0,15.0,4.0,722Z,16.0,22808.0,2147.0
4721933,4721934,18.0,1941640,1,2,17,1,1.0,10.0,1.0,15.0,4.0,611M1,13.0,22808.0,2147.0
4721941,4721942,18.0,1941648,1,2,17,1,6.0,10.0,6.0,15.0,4.0,44821,5.0,22808.0,2147.0
4721942,4721943,18.0,1941649,1,2,17,1,1.0,30.0,1.0,15.0,4.0,611M1,13.0,22808.0,2147.0
4721947,4721948,18.0,1941654,1,1,17,1,1.0,25.0,1.0,15.0,4.0,722Z,16.0,22808.0,2147.0
4721956,4721957,18.0,1941663,1,2,17,1,6.0,40.0,6.0,15.0,4.0,713Z,16.0,22808.0,2147.0
4721957,4721958,18.0,1941664,1,1,17,1,1.0,23.0,5.0,15.0,4.0,622M,15.0,22808.0,2147.0
4721958,4721959,18.0,1941665,1,2,17,1,6.0,10.0,4.0,15.0,4.0,722Z,16.0,22808.0,2147.0
4721959,4721960,18.0,1941666,1,1,17,1,6.0,10.0,6.0,15.0,4.0,3256,3.0,22806.0,2146.0
4721967,4721968,18.0,1941674,1,1,17,1,1.0,21.0,5.0,15.0,4.0,611M1,13.0,22765.0,2130.0
4721968,4721969,18.0,1941675,1,1,17,1,6.0,30.0,3.0,15.0,4.0,44511,5.0,22808.0,2147.0
4721978,4721979,18.0,1941685,1,1,17,1,3.0,3.0,6.0,15.0,4.0,6244,14.0,22765.0,2130.0
4721981,4721982,18.0,1941688,1,1,17,1,6.0,10.0,6.0,15.0,4.0,3256,3.0,22808.0,2147.0
4721986,4721987,18.0,1941693,1,1,17,1,6.0,38.0,6.0,15.0,4.0,611M1,13.0,22814.0,2150.0
4721990,4721991,18.0,1941697,1,1,17,1,6.0,-9.0,-9.0,-9.0,4.0,-9,-9.0,22808.0,2147.0
4721994,4721995,18.0,1941701,1,1,17,1,6.0,4.0,6.0,15.0,4.0,611M1,13.0,22806.0,2146.0
4722001,4722002,18.0,1941708,1,1,17,1,6.0,20.0,6.0,15.0,4.0,722Z,16.0,22808.0,2147.0
4722003,4722004,18.0,1941710,1,1,17,1,6.0,40.0,5.0,15.0,4.0,3327,3.0,22808.0,2147.0
4722007,4722008,18.0,1941714,1,1,17,1,3.0,30.0,4.0,15.0,4.0,722Z,16.0,22808.0,2147.0
4722009,4722010,18.0,1941716,1,2,17,1,1.0,15.0,5.0,15.0,4.0,6111,13.0,22808.0,2147.0
4722011,4722012,18.0,1941718,1,1,17,1,1.0,5.0,5.0,16.0,4.0,8121M,17.0,22808.0,2147.0
4722012,4722013,18.0,1941719,1,2,17,1,3.0,30.0,5.0,15.0,4.0,712,16.0,22808.0,2147.0
4722013,4722014,18.0,1941720,1,1,17,1,1.0,5.0,5.0,15.0,4.0,611M1,13.0,22808.0,2147.0
4722015,4722016,18.0,1941722,1,2,17,1,1.0,3.0,4.0,15.0,4.0,611M1,13.0,22808.0,2147.0
4722017,4722018,18.0,1941724,1,1,17,1,3.0,-9.0,-9.0,15.0,4.0,999920,-9.0,22808.0,2147.0
4722023,4722024,18.0,1941730,1,1,17,1,6.0,40.0,5.0,15.0,4.0,712,16.0,22808.0,2147.0
4722028,4722029,18.0,1941735,1,2,17,1,1.0,30.0,1.0,15.0,4.0,611M1,13.0,22808.0,2147.0
4722032,4722033,18.0,1941739,1,2,17,1,6.0,-9.0,-9.0,-9.0,4.0,722Z,16.0,22808.0,2147.0
4722034,4722035,18.0,1941741,1,1,17,1,6.0,40.0,6.0,15.0,4.0,4411,5.0,22808.0,2147.0
4722036,4722037,18.0,1941743,1,2,17,1,6.0,8.0,4.0,15.0,4.0,611M3,13.0,22808.0,2147.0
4722038,4722039,18.0,1941745,1,2,17,1,1.0,10.0,4.0,15.0,4.0,611M1,13.0,22808.0,2147.0
4722043,4722044,18.0,1941750,1,1,17,1,6.0,20.0,6.0,15.0,4.0,713Z,16.0,22765.0,2130.0
4722051,4722052,18.0,1941758,1,2,17,1,1.0,30.0,1.0,15.0,4.0,722Z,16.0,22808.0,2147.0
4722052,4722053,18.0,1941759,1,1,17,1,6.0,40.0,3.0,15.0,4.0,23,2.0,22808.0,2147.0
4722062,4722063,18.0,1941769,1,1,17,1,3.0,-9.0,-9.0,15.0,4.0,999920,-9.0,22808.0,2147.0
4722064,4722065,18.0,1941771,1,2,17,1,6.0,-9.0,-9.0,-9.0,4.0,722Z,16.0,22808.0,2147.0
4722065,4722066,18.0,1941772,1,2,17,1,6.0,-9.0,-9.0,15.0,4.0,-9,-9.0,22808.0,2147.0
4722068,4722069,18.0,1941775,1,2,17,1,6.0,4.0,6.0,15.0,4.0,6244,14.0,22808.0,2147.0
4722069,4722070,18.0,1941776,1,2,17,1,6.0,15.0,5.0,15.0,4.0,712,16.0,22808.0,2147.0
4722071,4722072,18.0,1941778,1,2,17,1,6.0,12.0,4.0,15.0,4.0,722Z,16.0,22806.0,2146.0
4722076,4722077,18.0,1941783,1,1,17,1,3.0,20.0,1.0,16.0,4.0,611M1,13.0,22808.0,2147.0
4722077,4722078,18.0,1941784,1,1,17,1,6.0,14.0,4.0,15.0,4.0,4MS,5.0,22814.0,2150.0
4722081,4722082,18.0,1941788,1,2,17,1,6.0,30.0,6.0,15.0,4.0,721M,16.0,22806.0,2146.0
4722086,4722087,18.0,1941793,1,2,17,1,6.0,-9.0,-9.0,15.0,4.0,-9,-9.0,22808.0,2147.0
4722087,4722088,18.0,1941794,1,2,17,1,3.0,20.0,6.0,15.0,4.0,713Z,16.0,22808.0,2147.0
4722091,4722092,18.0,1941798,1,2,17,1,1.0,15.0,6.0,15.0,4.0,611M1,13.0,22815.0,2150.0
4722093,4722094,18.0,1941800,1,1,17,1,6.0,2.0,6.0,16.0,4.0,5419Z,10.0,22808.0,2147.0
4722095,4722096,18.0,1941802,1,2,17,1,6.0,14.0,4.0,15.0,4.0,6211,14.0,22808.0,2147.0
4722097,4722098,18.0,1941804,1,2,17,1,6.0,45.0,6.0,15.0,4.0,336M,3.0,22808.0,2147.0
4722098,4722099,18.0,1941805,1,1,17,1,6.0,40.0,3.0,-9.0,4.0,722Z,16.0,22808.0,2147.0
4722114,4722115,18.0,1941821,1,1,17,1,6.0,40.0,5.0,15.0,4.0,712,16.0,22765.0,2130.0
4722120,4722121,18.0,1941827,1,1,17,1,6.0,3.0,6.0,15.0,4.0,611M3,13.0,22808.0,2147.0
4722122,4722123,18.0,1941829,1,2,17,1,6.0,40.0,4.0,15.0,4.0,4233,4.0,22808.0,2147.0
4722124,4722125,18.0,1941831,1,2,17,1,6.0,40.0,6.0,15.0,4.0,713Z,16.0,22765.0,2130.0
4722125,4722126,18.0,1941832,1,1,17,1,6.0,2.0,6.0,16.0,4.0,5419Z,10.0,22806.0,2146.0
4722127,4722128,18.0,1941834,1,2,17,1,1.0,18.0,4.0,15.0,4.0,611M1,13.0,22808.0,2147.0
4722131,4722132,18.0,1941838,1,2,17,1,6.0,20.0,6.0,15.0,4.0,722Z,16.0,22808.0,2147.0
4722132,4722133,18.0,1941839,1,1,17,1,6.0,30.0,5.0,15.0,4.0,4452,5.0,22808.0,2147.0
4722139,4722140,18.0,1941846,1,1,17,1,6.0,28.0,5.0,14.0,4.0,44512,5.0,22808.0,2147.0
4722141,4722142,18.0,1941848,1,2,17,1,6.0,30.0,6.0,15.0,4.0,337,3.0,22806.0,2146.0
4722142,4722143,18.0,1941849,1,2,17,1,6.0,-9.0,-9.0,15.0,4.0,-9,-9.0,22806.0,2146.0
4722150,4722151,18.0,1941857,1,1,17,1,6.0,3.0,5.0,15.0,4.0,7112,16.0,22758.0,2127.0
4722151,4722152,18.0,1941858,1,2,17,1,1.0,18.0,1.0,15.0,4.0,611M1,13.0,22808.0,2147.0
4722154,4722155,18.0,1941861,1,2,17,1,6.0,35.0,5.0,15.0,4.0,713Z,16.0,22808.0,2147.0
4722159,4722160,18.0,1941866,1,2,17,1,6.0,99.0,6.0,15.0,4.0,721M,16.0,22808.0,2147.0
4722161,4722162,18.0,1941868,1,2,17,1,6.0,7.0,4.0,15.0,4.0,712,16.0,22808.0,2147.0
4722162,4722163,18.0,1941869,1,2,17,1,1.0,15.0,6.0,15.0,4.0,611M1,13.0,22808.0,2147.0
4722163,4722164,18.0,1941870,1,2,17,1,6.0,30.0,5.0,15.0,4.0,722Z,16.0,22808.0,2147.0
4722164,4722165,18.0,1941871,1,1,17,1,6.0,30.0,5.0,15.0,4.0,722Z,16.0,22808.0,2147.0
4722165,4722166,18.0,1941872,1,2,17,1,1.0,30.0,1.0,-9.0,4.0,8131,17.0,22808.0,2147.0
4722166,4722167,18.0,1941873,1,2,17,1,3.0,4.0,6.0,15.0,4.0,6244,14.0,22806.0,2146.0
4722172,4722173,18.0,1941879,1,1,17,1,1.0,40.0,4.0,-9.0,4.0,484,6.0,22806.0,2146.0
4722173,4722174,18.0,1941880,1,2,17,1,6.0,-9.0,-9.0,15.0,4.0,-9,-9.0,22808.0,2147.0
4722175,4722176,18.0,1941882,1,2,17,1,1.0,3.0,6.0,15.0,4.0,611M1,13.0,22806.0,2146.0
4722176,4722177,18.0,1941883,1,2,17,1,1.0,10.0,5.0,16.0,4.0,611M1,13.0,22765.0,2130.0
4722177,4722178,18.0,1941884,1,2,17,1,3.0,20.0,6.0,15.0,4.0,713Z,16.0,22806.0,2146.0
4722183,4722184,18.0,1941890,1,1,17,1,6.0,33.0,6.0,15.0,4.0,6241,14.0,22758.0,2127.0
4722184,4722185,18.0,1941891,1,1,17,1,6.0,14.0,6.0,15.0,4.0,722Z,16.0,22808.0,2147.0
4722186,4722187,18.0,1941893,1,1,17,1,6.0,-9.0,-9.0,-9.0,4.0,443142,5.0,22814.0,2150.0
4722189,4722190,18.0,1941896,1,2,17,1,6.0,12.0,6.0,15.0,4.0,722Z,16.0,22758.0,2127.0
4722190,4722191,18.0,1941897,1,2,17,1,6.0,40.0,5.0,16.0,4.0,5411,10.0,22808.0,2147.0
4722192,4722193,18.0,1941899,1,2,17,1,6.0,-9.0,-9.0,15.0,4.0,722Z,16.0,22808.0,2147.0
4722193,4722194,18.0,1941900,1,1,17,1,3.0,40.0,6.0,15.0,4.0,3261,3.0,22808.0,2147.0
4722196,4722197,18.0,1941903,1,1,17,1,6.0,-9.0,-9.0,-9.0,4.0,443142,5.0,22808.0,2147.0
4722201,4722202,18.0,1941908,1,1,17,1,1.0,15.0,1.0,15.0,4.0,611M1,13.0,22765.0,2130.0
4722205,4722206,18.0,1941912,1,1,17,1,6.0,4.0,3.0,15.0,4.0,713Z,16.0,22808.0,2147.0
4722207,4722208,18.0,1941914,1,2,17,1,6.0,40.0,6.0,15.0,4.0,712,16.0,22765.0,2130.0
4722208,4722209,18.0,1941915,1,1,17,1,1.0,21.0,5.0,15.0,4.0,611M1,13.0,22765.0,2130.0
4722209,4722210,18.0,1941916,1,1,17,1,1.0,17.0,5.0,15.0,4.0,611M1,13.0,22806.0,2146.0
4722213,4722214,18.0,1941920,1,2,17,1,6.0,30.0,5.0,15.0,4.0,4511M,5.0,22808.0,2147.0
4722214,4722215,18.0,1941921,1,1,17,1,3.0,20.0,6.0,15.0,4.0,6241,14.0,22806.0,2146.0
4722215,4722216,18.0,1941922,1,1,17,1,6.0,25.0,6.0,15.0,4.0,9211MP,18.0,22806.0,2146.0
4722219,4722220,18.0,1941926,1,1,17,1,6.0,6.0,5.0,15.0,4.0,4442,5.0,22808.0,2147.0
4722220,4722221,18.0,1941927,1,1,17,1,6.0,40.0,6.0,15.0,4.0,5419Z,10.0,22765.0,2130.0
4722224,4722225,18.0,1941931,1,1,17,1,6.0,-9.0,-9.0,16.0,4.0,813M,17.0,22808.0,2147.0
4722227,4722228,18.0,1941934,1,2,17,1,6.0,30.0,4.0,15.0,4.0,722Z,16.0,22808.0,2147.0
4722228,4722229,18.0,1941935,1,1,17,1,6.0,30.0,6.0,15.0,4.0,713Z,16.0,22806.0,2146.0
4722230,4722231,18.0,1941937,1,1,17,1,6.0,50.0,5.0,16.0,4.0,9211MP,18.0,22808.0,2147.0
4722231,4722232,18.0,1941938,1,1,17,1,1.0,20.0,6.0,15.0,4.0,611M1,13.0,22808.0,2147.0
4722232,4722233,18.0,1941939,1,1,17,1,3.0,20.0,6.0,15.0,4.0,6241,14.0,22808.0,2147.0
4722238,4722239,18.0,1941945,1,2,17,1,6.0,10.0,6.0,15.0,4.0,5419Z,10.0,22808.0,2147.0
4722244,4722245,18.0,1941951,1,2,17,1,1.0,18.0,1.0,15.0,4.0,611M1,13.0,22808.0,2147.0
4722245,4722246,18.0,1941952,1,2,17,1,6.0,40.0,6.0,15.0,4.0,712,16.0,22808.0,2147.0
4722246,4722247,18.0,1941953,1,1,17,1,6.0,-9.0,-9.0,15.0,4.0,336M,3.0,22808.0,2147.0
4722249,4722250,18.0,1941956,1,1,17,1,6.0,30.0,6.0,15.0,4.0,722Z,16.0,22808.0,2147.0
4722250,4722251,18.0,1941957,1,1,17,1,6.0,35.0,6.0,15.0,4.0,722Z,16.0,22806.0,2146.0
4722253,4722254,18.0,1941960,1,1,17,1,1.0,20.0,5.0,15.0,4.0,611M1,13.0,22808.0,2147.0
4722254,4722255,18.0,1941961,1,1,17,1,1.0,25.0,1.0,15.0,4.0,611M1,13.0,22808.0,2147.0
4722256,4722257,18.0,1941963,1,2,17,1,3.0,1.0,6.0,15.0,4.0,611M3,13.0,22808.0,2147.0
4722257,4722258,18.0,1941964,1,2,17,1,1.0,20.0,5.0,15.0,4.0,611M1,13.0,22814.0,2150.0
4722259,4722260,18.0,1941966,1,2,17,1,6.0,6.0,4.0,15.0,4.0,5411,10.0,22758.0,2127.0
4722260,4722261,18.0,1941967,1,1,17,1,6.0,40.0,3.0,-9.0,4.0,722Z,16.0,22815.0,2150.0
4722262,4722263,18.0,1941969,1,2,17,1,6.0,6.0,6.0,15.0,4.0,814,17.0,22808.0,2147.0
4722273,4722274,18.0,1941980,1,2,17,1,6.0,6.0,3.0,15.0,4.0,611M3,13.0,22808.0,2147.0
4722274,4722275,18.0,1941981,1,1,17,1,6.0,-9.0,-9.0,15.0,4.0,-9,-9.0,22808.0,2147.0
4722278,4722279,18.0,1941985,1,2,17,1,6.0,4.0,6.0,15.0,4.0,6244,14.0,22808.0,2147.0
4722280,4722281,18.0,1941987,1,2,17,1,1.0,15.0,5.0,15.0,4.0,722Z,16.0,22765.0,2130.0
4722282,4722283,18.0,1941989,1,1,17,1,6.0,3.0,6.0,15.0,4.0,6111,13.0,22806.0,2146.0
4722283,4722284,18.0,1941990,1,2,17,1,1.0,10.0,1.0,15.0,4.0,611M1,13.0,22808.0,2147.0
4722284,4722285,18.0,1941991,1,1,17,1,6.0,8.0,5.0,15.0,4.0,722Z,16.0,22765.0,2130.0
4722286,4722287,18.0,1941993,1,1,17,1,6.0,40.0,6.0,15.0,4.0,722Z,16.0,22808.0,2147.0
4722287,4722288,18.0,1941994,1,1,17,1,3.0,40.0,6.0,15.0,4.0,5413,10.0,22808.0,2147.0
4722288,4722289,18.0,1941995,1,2,17,1,6.0,25.0,6.0,15.0,4.0,45221,5.0,22814.0,2150.0
4722292,4722293,18.0,1941999,1,2,17,1,6.0,30.0,6.0,15.0,4.0,721M,16.0,22808.0,2147.0
4722295,4722296,18.0,1942002,1,1,17,1,1.0,40.0,4.0,-9.0,4.0,484,6.0,22806.0,2146.0
4722296,4722297,18.0,1942003,1,1,17,1,6.0,35.0,6.0,15.0,4.0,722Z,16.0,22810.0,2148.0
4722297,4722298,18.0,1942004,1,1,17,1,6.0,40.0,3.0,-9.0,4.0,722Z,16.0,22808.0,2147.0
4722300,4722301,18.0,1942007,1,2,17,1,6.0,10.0,6.0,15.0,4.0,44821,5.0,22808.0,2147.0
4722302,4722303,18.0,1942009,1,1,17,1,6.0,-9.0,-9.0,-9.0,4.0,-9,-9.0,22808.0,2147.0
4722309,4722310,18.0,1942016,1,2,17,1,1.0,10.0,5.0,15.0,4.0,611M1,13.0,22765.0,2130.0
4722310,4722311,18.0,1942017,1,1,17,1,1.0,20.0,6.0,15.0,4.0,611M1,13.0,22808.0,2147.0
4722311,4722312,18.0,1942018,1,2,17,1,6.0,8.0,6.0,15.0,4.0,6244,14.0,22815.0,2150.0
4722314,4722315,18.0,1942021,1,2,17,1,1.0,30.0,3.0,15.0,4.0,611M1,13.0,22808.0,2147.0
4722317,4722318,18.0,1942024,1,2,17,1,6.0,58.0,5.0,15.0,4.0,713Z,16.0,22808.0,2147.0
4722319,4722320,18.0,1942026,1,2,17,1,6.0,-9.0,-9.0,15.0,4.0,-9,-9.0,22806.0,2146.0
4722322,4722323,18.0,1942029,1,1,17,1,1.0,30.0,2.0,15.0,4.0,611M1,13.0,22765.0,2130.0
4722329,4722330,18.0,1942036,1,2,17,1,6.0,14.0,5.0,15.0,4.0,722Z,16.0,22808.0,2147.0
4722330,4722331,18.0,1942037,1,2,17,1,6.0,10.0,5.0,15.0,4.0,611M1,13.0,22806.0,2146.0
4722331,4722332,18.0,1942038,1,1,17,1,3.0,-9.0,-9.0,15.0,4.0,722Z,16.0,22808.0,2147.0
4722332,4722333,18.0,1942039,1,2,17,1,3.0,1.0,6.0,15.0,4.0,611M3,13.0,22808.0,2147.0
4722333,4722334,18.0,1942040,1,1,17,1,6.0,15.0,4.0,15.0,4.0,611M1,13.0,22808.0,2147.0
4722334,4722335,18.0,1942041,1,2,17,1,6.0,4.0,5.0,15.0,4.0,712,16.0,22808.0,2147.0
4722337,4722338,18.0,1942044,1,2,17,1,1.0,20.0,1.0,15.0,4.0,6214,14.0,22765.0,2130.0
4722338,4722339,18.0,1942045,1,1,17,1,6.0,-9.0,-9.0,-9.0,4.0,-9,-9.0,22808.0,2147.0
4722343,4722344,18.0,1942050,1,1,17,1,2.0,40.0,1.0,-9.0,4.0,722Z,16.0,22806.0,2146.0
4722344,4722345,18.0,1942051,1,1,17,1,6.0,40.0,3.0,-9.0,4.0,722Z,16.0,22808.0,2147.0
4722346,4722347,18.0,1942053,1,2,17,1,6.0,25.0,6.0,15.0,4.0,814,17.0,22808.0,2147.0
4722348,4722349,18.0,1942055,1,1,17,1,6.0,20.0,4.0,15.0,4.0,4244,4.0,22808.0,2147.0
4722351,4722352,18.0,1942058,1,2,17,1,1.0,15.0,6.0,15.0,4.0,722Z,16.0,22765.0,2130.0
4722352,4722353,18.0,1942059,1,2,17,1,6.0,35.0,6.0,15.0,4.0,713Z,16.0,22808.0,2147.0
4722353,4722354,18.0,1942060,1,1,17,1,6.0,35.0,5.0,15.0,4.0,56173,12.0,22765.0,2130.0
4722361,4722362,18.0,1942068,1,2,17,1,1.0,25.0,4.0,15.0,4.0,623M,14.0,22806.0,2146.0
4722366,4722367,18.0,1942073,1,1,17,1,6.0,33.0,6.0,15.0,4.0,6241,14.0,22818.0,2150.0
4722374,4722375,18.0,1942081,1,1,17,1,6.0,25.0,5.0,15.0,4.0,44413,5.0,22810.0,2148.0
4722375,4722376,18.0,1942082,1,1,17,1,6.0,40.0,6.0,15.0,4.0,336M,3.0,22808.0,2147.0
4722376,4722377,18.0,1942083,1,2,17,1,1.0,50.0,6.0,15.0,4.0,5415,10.0,22758.0,2127.0
4722379,4722380,18.0,1942086,1,2,17,1,6.0,-9.0,-9.0,15.0,4.0,-9,-9.0,22806.0,2146.0
4722383,4722384,18.0,1942090,1,2,17,1,6.0,14.0,5.0,15.0,4.0,722Z,16.0,22806.0,2146.0
4722384,4722385,18.0,1942091,1,1,17,1,6.0,12.0,3.0,15.0,4.0,722Z,16.0,22806.0,2146.0
4722386,4722387,18.0,1942093,1,1,17,1,3.0,10.0,5.0,15.0,4.0,23,2.0,22808.0,2147.0
4722388,4722389,18.0,1942095,1,2,17,1,6.0,8.0,6.0,15.0,4.0,6244,14.0,22808.0,2147.0
4722390,4722391,18.0,1942097,1,1,17,1,6.0,38.0,5.0,15.0,4.0,33641M1,3.0,22808.0,2147.0
4722391,4722392,18.0,1942098,1,1,17,1,1.0,8.0,4.0,15.0,4.0,45121,5.0,22808.0,2147.0
4722395,4722396,18.0,1942102,1,1,17,1,1.0,14.0,6.0,15.0,4.0,611M1,13.0,22808.0,2147.0
4722400,4722401,18.0,1942107,1,2,17,1,1.0,20.0,5.0,15.0,4.0,713Z,16.0,22808.0,2147.0
4722403,4722404,18.0,1942110,1,1,17,1,1.0,40.0,1.0,15.0,4.0,484,6.0,22808.0,2147.0
4722413,4722414,18.0,1942120,1,2,17,1,6.0,10.0,6.0,15.0,4.0,5419Z,10.0,22808.0,2147.0
4722414,4722415,18.0,1942121,1,1,17,1,6.0,10.0,6.0,15.0,4.0,3256,3.0,22808.0,2147.0
4722415,4722416,18.0,1942122,1,2,17,1,1.0,12.0,1.0,15.0,4.0,611M1,13.0,22808.0,2147.0
4722417,4722418,18.0,1942124,1,2,17,1,6.0,8.0,6.0,15.0,4.0,611M3,13.0,22765.0,2130.0
4722423,4722424,18.0,1942130,1,2,17,1,6.0,35.0,5.0,15.0,4.0,713Z,16.0,22765.0,2130.0
4722425,4722426,18.0,1942132,1,2,17,1,6.0,5.0,5.0,15.0,4.0,6111,13.0,22808.0,2147.0
4722433,4722434,18.0,1942140,1,1,17,1,1.0,40.0,1.0,-9.0,4.0,5613,12.0,22765.0,2130.0
4722441,4722442,18.0,1942148,1,1,17,1,6.0,20.0,6.0,16.0,4.0,45321,5.0,22808.0,2147.0
4722442,4722443,18.0,1942149,1,2,17,1,1.0,50.0,5.0,15.0,4.0,611M1,13.0,22808.0,2147.0
4722444,4722445,18.0,1942151,1,2,17,1,1.0,15.0,1.0,15.0,4.0,611M1,13.0,22808.0,2147.0
4722446,4722447,18.0,1942153,1,1,17,1,1.0,15.0,4.0,15.0,4.0,44511,5.0,22808.0,2147.0
4722448,4722449,18.0,1942155,1,2,17,1,1.0,10.0,5.0,16.0,4.0,611M1,13.0,22808.0,2147.0
4722449,4722450,18.0,1942156,1,2,17,1,1.0,15.0,4.0,15.0,4.0,713Z,16.0,22808.0,2147.0
4722450,4722451,18.0,1942157,1,1,17,1,6.0,-9.0,-9.0,15.0,4.0,813M,17.0,22814.0,2150.0
4722451,4722452,18.0,1942158,1,2,17,1,1.0,12.0,4.0,15.0,4.0,4481,5.0,22808.0,2147.0
4722453,4722454,18.0,1942160,1,2,17,1,6.0,30.0,6.0,15.0,4.0,337,3.0,22808.0,2147.0
4722454,4722455,18.0,1942161,1,2,17,1,6.0,35.0,6.0,15.0,4.0,712,16.0,22808.0,2147.0
4722457,4722458,18.0,1942164,1,2,17,1,6.0,24.0,2.0,15.0,4.0,713Z,16.0,22808.0,2147.0
4722458,4722459,18.0,1942165,1,1,17,1,6.0,20.0,6.0,15.0,4.0,722Z,16.0,22765.0,2130.0
4722460,4722461,18.0,1942167,1,2,17,1,1.0,12.0,4.0,15.0,4.0,722Z,16.0,22806.0,2146.0
4722469,4722470,18.0,1942176,1,1,17,1,6.0,35.0,5.0,15.0,4.0,23,2.0,22808.0,2147.0
4722471,4722472,18.0,1942178,1,1,17,1,6.0,30.0,5.0,15.0,4.0,722Z,16.0,22815.0,2150.0
4722472,4722473,18.0,1942179,1,1,17,1,6.0,30.0,5.0,15.0,4.0,4452,5.0,22808.0,2147.0
4722474,4722475,18.0,1942181,1,2,17,1,6.0,-9.0,-9.0,15.0,4.0,-9,-9.0,22765.0,2130.0
4722476,4722477,18.0,1942183,1,1,17,1,1.0,17.0,5.0,15.0,4.0,611M1,13.0,22808.0,2147.0
4722477,4722478,18.0,1942184,1,1,17,1,6.0,25.0,5.0,-9.0,4.0,722Z,16.0,22808.0,2147.0
4722478,4722479,18.0,1942185,1,1,17,1,6.0,-9.0,-9.0,15.0,4.0,-9,-9.0,22765.0,2130.0
4722482,4722483,18.0,1942189,1,2,17,1,6.0,20.0,6.0,15.0,4.0,4481,5.0,22765.0,2130.0
4722483,4722484,18.0,1942190,1,2,17,1,6.0,12.0,6.0,15.0,4.0,814,17.0,22808.0,2147.0
4722487,4722488,18.0,1942194,1,1,17,1,6.0,6.0,3.0,15.0,4.0,531M,9.0,22765.0,2130.0
4722494,4722495,18.0,1942201,1,1,17,1,1.0,11.0,2.0,15.0,4.0,611M3,13.0,22808.0,2147.0
4722497,4722498,18.0,1942204,1,2,17,1,1.0,10.0,5.0,15.0,4.0,611M1,13.0,22808.0,2147.0
4722499,4722500,18.0,1942206,1,1,17,1,6.0,40.0,6.0,15.0,4.0,722Z,16.0,22808.0,2147.0
4722503,4722504,18.0,1942210,1,1,17,1,1.0,15.0,4.0,15.0,4.0,611M1,13.0,22808.0,2147.0
4722504,4722505,18.0,1942211,1,2,17,1,1.0,10.0,6.0,15.0,4.0,713Z,16.0,22765.0,2130.0
4722505,4722506,18.0,1942212,1,2,17,1,1.0,30.0,1.0,15.0,4.0,5415,10.0,22808.0,2147.0
4722510,4722511,18.0,1942217,1,1,17,1,1.0,10.0,1.0,15.0,4.0,611M1,13.0,22808.0,2147.0
4722511,4722512,18.0,1942218,1,1,17,1,3.0,20.0,3.0,15.0,4.0,611M1,13.0,22808.0,2147.0
4722518,4722519,18.0,1942225,1,1,17,1,6.0,-9.0,-9.0,-9.0,4.0,-9,-9.0,22808.0,2147.0
4722525,4722526,18.0,1942232,1,1,17,1,6.0,-9.0,-9.0,15.0,4.0,-9,-9.0,22808.0,2147.0
4722526,4722527,18.0,1942233,1,2,17,1,6.0,-9.0,-9.0,15.0,4.0,-9,-9.0,22808.0,2147.0
4722530,4722531,18.0,1942237,1,2,17,1,1.0,30.0,1.0,15.0,4.0,7112,16.0,22808.0,2147.0
4722533,4722534,18.0,1942240,1,2,17,1,1.0,20.0,5.0,15.0,4.0,713Z,16.0,22808.0,2147.0
4722536,4722537,18.0,1942243,1,1,17,1,1.0,40.0,3.0,15.0,4.0,5413,10.0,22808.0,2147.0
4722541,4722542,18.0,1942248,1,2,17,1,6.0,10.0,4.0,15.0,4.0,722Z,16.0,22808.0,2147.0
4722544,4722545,18.0,1942251,1,1,17,1,6.0,12.0,5.0,15.0,4.0,6111,13.0,22808.0,2147.0
4722547,4722548,18.0,1942254,1,1,17,1,6.0,40.0,5.0,15.0,4.0,23,2.0,22808.0,2147.0
4722549,4722550,18.0,1942256,1,2,17,1,6.0,18.0,5.0,15.0,4.0,8131,17.0,22808.0,2147.0
4722555,4722556,18.0,1942262,1,2,17,1,6.0,25.0,5.0,15.0,4.0,713Z,16.0,22806.0,2146.0
4722556,4722557,18.0,1942263,1,2,17,1,6.0,-9.0,-9.0,15.0,4.0,722Z,16.0,22808.0,2147.0
4722557,4722558,18.0,1942264,1,2,17,1,6.0,40.0,6.0,15.0,4.0,6111,13.0,22808.0,2147.0
4722565,4722566,18.0,1942272,1,2,17,1,1.0,10.0,5.0,15.0,4.0,611M1,13.0,22808.0,2147.0
4722566,4722567,18.0,1942273,1,1,17,1,1.0,25.0,3.0,15.0,4.0,336M,3.0,22806.0,2146.0
4722572,4722573,18.0,1942279,1,2,17,1,6.0,10.0,6.0,15.0,4.0,5419Z,10.0,22808.0,2147.0
4722579,4722580,18.0,1942286,1,1,17,1,1.0,5.0,5.0,16.0,4.0,8121M,17.0,22808.0,2147.0
4722585,4722586,18.0,1942292,1,1,17,1,6.0,20.0,3.0,15.0,4.0,722Z,16.0,22806.0,2146.0
4722598,4722599,18.0,1942305,1,2,17,1,1.0,35.0,1.0,15.0,4.0,55,11.0,22758.0,2127.0
4722599,4722600,18.0,1942306,1,2,17,1,6.0,25.0,6.0,15.0,4.0,722Z,16.0,22818.0,2150.0
4722604,4722605,18.0,1942311,1,1,17,1,6.0,25.0,5.0,-9.0,4.0,722Z,16.0,22765.0,2130.0
4722607,4722608,18.0,1942314,1,2,17,1,6.0,35.0,6.0,15.0,4.0,9211MP,18.0,22808.0,2147.0
4722610,4722611,18.0,1942317,1,2,17,1,6.0,10.0,4.0,15.0,4.0,611M1,13.0,22808.0,2147.0
4722613,4722614,18.0,1942320,1,1,17,1,6.0,36.0,6.0,15.0,4.0,722Z,16.0,22806.0,2146.0
4722617,4722618,18.0,1942324,1,2,17,1,1.0,30.0,5.0,15.0,4.0,55,11.0,22808.0,2147.0
4722618,4722619,18.0,1942325,1,2,17,1,1.0,19.0,4.0,15.0,4.0,611M1,13.0,22806.0,2146.0
4722619,4722620,18.0,1942326,1,1,17,1,2.0,20.0,4.0,15.0,4.0,6111,13.0,22815.0,2150.0
4722620,4722621,18.0,1942327,1,2,17,1,6.0,30.0,2.0,15.0,4.0,8129,17.0,22808.0,2147.0
4722622,4722623,18.0,1942329,1,1,17,1,2.0,20.0,3.0,15.0,4.0,5416,10.0,22808.0,2147.0
4722624,4722625,18.0,1942331,1,2,17,1,1.0,15.0,4.0,15.0,4.0,713Z,16.0,22806.0,2146.0
4722625,4722626,18.0,1942332,1,2,17,1,6.0,40.0,6.0,15.0,4.0,336M,3.0,22808.0,2147.0
4722627,4722628,18.0,1942334,1,2,17,1,1.0,10.0,6.0,15.0,4.0,611M1,13.0,22808.0,2147.0
4722629,4722630,18.0,1942336,1,2,17,1,1.0,8.0,2.0,15.0,4.0,722Z,16.0,22808.0,2147.0
4722632,4722633,18.0,1942339,1,1,17,1,6.0,30.0,5.0,15.0,4.0,713Z,16.0,22808.0,2147.0
4722635,4722636,18.0,1942342,1,1,17,1,6.0,35.0,6.0,15.0,4.0,722Z,16.0,22806.0,2146.0
4722637,4722638,18.0,1942344,1,2,17,1,3.0,-9.0,-9.0,15.0,4.0,999920,-9.0,22806.0,2146.0
4722638,4722639,18.0,1942345,1,2,17,1,6.0,40.0,6.0,15.0,4.0,6244,14.0,22808.0,2147.0
4722639,4722640,18.0,1942346,1,2,17,1,1.0,20.0,4.0,15.0,4.0,721M,16.0,22808.0,2147.0
4722648,4722649,18.0,1942355,1,1,17,1,1.0,14.0,4.0,15.0,4.0,4511M,5.0,22808.0,2147.0
4722650,4722651,18.0,1942357,1,2,17,1,2.0,15.0,4.0,15.0,4.0,611M1,13.0,22760.0,2128.0
4722653,4722654,18.0,1942360,1,1,17,1,1.0,13.0,3.0,15.0,4.0,722Z,16.0,22808.0,2147.0
4722661,4722662,18.0,1942368,1,1,17,1,2.0,40.0,1.0,-9.0,4.0,722Z,16.0,22808.0,2147.0
4722662,4722663,18.0,1942369,1,2,17,1,1.0,3.0,6.0,15.0,4.0,611M1,13.0,22808.0,2147.0
4722663,4722664,18.0,1942370,1,1,17,1,6.0,99.0,6.0,15.0,4.0,721M,16.0,22806.0,2146.0
4722664,4722665,18.0,1942371,1,1,17,1,6.0,6.0,3.0,15.0,4.0,531M,9.0,22808.0,2147.0
4722666,4722667,18.0,1942373,1,1,17,1,6.0,-9.0,-9.0,15.0,4.0,-9,-9.0,22808.0,2147.0
4722670,4722671,18.0,1942377,1,2,17,1,6.0,99.0,6.0,15.0,4.0,721M,16.0,22808.0,2147.0
4722673,4722674,18.0,1942380,1,1,17,1,6.0,3.0,6.0,15.0,4.0,6111,13.0,22808.0,2147.0
4722680,4722681,18.0,1942387,1,2,17,1,6.0,-9.0,-9.0,-9.0,4.0,-9,-9.0,22758.0,2127.0
4722682,4722683,18.0,1942389,1,1,17,1,6.0,-9.0,-9.0,16.0,4.0,611M1,13.0,22808.0,2147.0
4722685,4722686,18.0,1942392,1,2,17,1,3.0,1.0,6.0,15.0,4.0,611M3,13.0,22806.0,2146.0
4722688,4722689,18.0,1942395,1,2,17,1,1.0,10.0,6.0,15.0,4.0,713Z,16.0,22808.0,2147.0
4722692,4722693,18.0,1942399,1,1,17,1,3.0,38.0,5.0,15.0,4.0,447,5.0,22808.0,2147.0
4722693,4722694,18.0,1942400,1,2,17,1,1.0,15.0,5.0,15.0,4.0,722Z,16.0,22808.0,2147.0
4722696,4722697,18.0,1942403,1,1,17,1,6.0,20.0,6.0,15.0,4.0,611M1,13.0,22808.0,2147.0
4722703,4722704,18.0,1942410,1,2,17,1,1.0,20.0,1.0,15.0,4.0,611M1,13.0,22808.0,2147.0
4722704,4722705,18.0,1942411,1,1,17,1,1.0,20.0,5.0,15.0,4.0,611M1,13.0,22758.0,2127.0
4722706,4722707,18.0,1942413,1,1,17,1,6.0,39.0,5.0,15.0,4.0,713Z,16.0,22806.0,2146.0
4722707,4722708,18.0,1942414,1,1,17,1,1.0,20.0,5.0,15.0,4.0,611M1,13.0,22765.0,2130.0
4722711,4722712,18.0,1942418,1,2,17,1,1.0,12.0,4.0,15.0,4.0,722Z,16.0,22808.0,2147.0
4722714,4722715,18.0,1942421,1,1,17,1,6.0,60.0,1.0,-9.0,4.0,56173,12.0,22808.0,2147.0
4722716,4722717,18.0,1942423,1,1,17,1,6.0,-9.0,-9.0,-9.0,4.0,443142,5.0,22808.0,2147.0
4722718,4722719,18.0,1942425,1,1,17,1,6.0,40.0,6.0,15.0,4.0,713Z,16.0,22808.0,2147.0
4722724,4722725,18.0,1942431,1,2,17,1,1.0,12.0,4.0,15.0,4.0,611M1,13.0,22808.0,2147.0
4722728,4722729,18.0,1942435,1,1,17,1,6.0,20.0,6.0,15.0,4.0,722Z,16.0,22808.0,2147.0
4722729,4722730,18.0,1942436,1,1,17,1,1.0,20.0,6.0,15.0,4.0,611M1,13.0,22765.0,2130.0
4722730,4722731,18.0,1942437,1,2,17,1,6.0,45.0,6.0,15.0,4.0,336M,3.0,22760.0,2128.0
4722733,4722734,18.0,1942440,1,1,17,1,1.0,16.0,4.0,15.0,4.0,722Z,16.0,22808.0,2147.0
4722735,4722736,18.0,1942442,1,1,17,1,2.0,20.0,1.0,15.0,4.0,722Z,16.0,22808.0,2147.0
4722740,4722741,18.0,1942447,1,2,17,1,1.0,40.0,6.0,15.0,4.0,611M1,13.0,22808.0,2147.0
4722748,4722749,18.0,1942455,1,1,17,1,6.0,30.0,6.0,15.0,4.0,56173,12.0,22808.0,2147.0
4722751,4722752,18.0,1942458,1,2,17,1,1.0,25.0,1.0,15.0,4.0,722Z,16.0,22765.0,2130.0
4722753,4722754,18.0,1942460,1,1,17,1,6.0,8.0,6.0,15.0,4.0,722Z,16.0,22808.0,2147.0
4722756,4722757,18.0,1942463,1,1,17,1,6.0,40.0,6.0,15.0,4.0,5417,10.0,22808.0,2147.0
4722761,4722762,18.0,1942468,1,2,17,1,6.0,20.0,6.0,15.0,4.0,492,6.0,22808.0,2147.0
4722762,4722763,18.0,1942469,1,2,17,1,1.0,35.0,1.0,15.0,4.0,55,11.0,22808.0,2147.0
4722763,4722764,18.0,1942470,1,2,17,1,6.0,20.0,4.0,15.0,4.0,722Z,16.0,22765.0,2130.0
4722764,4722765,18.0,1942471,1,1,17,1,1.0,4.0,5.0,15.0,4.0,611M3,13.0,22808.0,2147.0
4722767,4722768,18.0,1942474,1,1,17,1,1.0,16.0,3.0,15.0,4.0,611M1,13.0,22806.0,2146.0
4722768,4722769,18.0,1942475,1,1,17,1,6.0,3.0,5.0,15.0,4.0,721M,16.0,22806.0,2146.0
4722772,4722773,18.0,1942479,1,2,17,1,6.0,-9.0,-9.0,15.0,4.0,-9,-9.0,22808.0,2147.0
4722778,4722779,18.0,1942485,1,2,17,1,6.0,15.0,6.0,15.0,4.0,6241,14.0,22808.0,2147.0
4722779,4722780,18.0,1942486,1,2,17,1,1.0,9.0,4.0,15.0,4.0,6214,14.0,22808.0,2147.0
4722780,4722781,18.0,1942487,1,2,17,1,1.0,30.0,3.0,15.0,4.0,611M1,13.0,22808.0,2147.0
4722784,4722785,18.0,1942491,1,1,17,1,6.0,25.0,5.0,-9.0,4.0,722Z,16.0,22760.0,2128.0
4722785,4722786,18.0,1942492,1,1,17,1,6.0,2.0,6.0,16.0,4.0,5419Z,10.0,22765.0,2130.0
4722787,4722788,18.0,1942494,1,2,17,1,6.0,-9.0,-9.0,15.0,4.0,23,2.0,22814.0,2150.0
4722792,4722793,18.0,1942499,1,1,17,1,6.0,48.0,6.0,15.0,4.0,337,3.0,22765.0,2130.0
4722797,4722798,18.0,1942504,1,2,17,1,1.0,18.0,1.0,15.0,4.0,611M1,13.0,22808.0,2147.0
4722799,4722800,18.0,1942506,1,1,17,1,6.0,28.0,5.0,14.0,4.0,44511,5.0,22808.0,2147.0
4722800,4722801,18.0,1942507,1,2,17,1,6.0,16.0,6.0,15.0,4.0,622M,15.0,22806.0,2146.0
4722808,4722809,18.0,1942515,1,1,17,1,6.0,25.0,5.0,-9.0,4.0,722Z,16.0,22765.0,2130.0
4722809,4722810,18.0,1942516,1,2,17,1,6.0,40.0,6.0,15.0,4.0,713Z,16.0,22765.0,2130.0
4722812,4722813,18.0,1942519,1,2,17,1,6.0,-9.0,-9.0,15.0,4.0,4511M,5.0,22806.0,2146.0
4722813,4722814,18.0,1942520,1,1,17,1,6.0,8.0,5.0,15.0,4.0,722Z,16.0,22806.0,2146.0
4722814,4722815,18.0,1942521,1,1,17,1,6.0,40.0,6.0,15.0,4.0,336M,3.0,22810.0,2148.0
4722820,4722821,18.0,1942527,1,1,17,1,1.0,15.0,1.0,15.0,4.0,813M,17.0,22808.0,2147.0
4722821,4722822,18.0,1942528,1,2,17,1,6.0,11.0,4.0,15.0,4.0,713Z,16.0,22808.0,2147.0
4722824,4722825,18.0,1942531,1,2,17,1,6.0,5.0,6.0,15.0,4.0,8114,17.0,22808.0,2147.0
4722827,4722828,18.0,1942534,1,2,17,1,6.0,30.0,5.0,15.0,4.0,44511,5.0,22814.0,2150.0
4722829,4722830,18.0,1942536,1,2,17,1,6.0,30.0,5.0,15.0,4.0,713Z,16.0,22808.0,2147.0
4722833,4722834,18.0,1942540,1,2,17,1,1.0,20.0,1.0,15.0,4.0,611M1,13.0,22808.0,2147.0
4722835,4722836,18.0,1942542,1,2,17,1,6.0,-9.0,-9.0,15.0,4.0,2211P,7.0,22808.0,2147.0
4722839,4722840,18.0,1942546,1,2,17,1,6.0,12.0,6.0,15.0,4.0,722Z,16.0,22808.0,2147.0
4722840,4722841,18.0,1942547,1,1,17,1,6.0,3.0,5.0,15.0,4.0,7112,16.0,22808.0,2147.0
4722842,4722843,18.0,1942549,1,1,17,1,2.0,20.0,4.0,15.0,4.0,6111,13.0,22808.0,2147.0
4722844,4722845,18.0,1942551,1,2,17,1,6.0,-9.0,-9.0,15.0,4.0,-9,-9.0,22808.0,2147.0
4722846,4722847,18.0,1942553,1,1,17,1,6.0,40.0,5.0,15.0,4.0,23,2.0,22808.0,2147.0
4722847,4722848,18.0,1942554,1,1,17,1,6.0,30.0,5.0,15.0,4.0,4452,5.0,22765.0,2130.0
4722850,4722851,18.0,1942557,1,1,17,1,6.0,20.0,6.0,15.0,4.0,813M,17.0,22808.0,2147.0
4722854,4722855,18.0,1942561,1,1,17,1,1.0,5.0,1.0,15.0,4.0,611M1,13.0,22808.0,2147.0
4722856,4722857,18.0,1942563,1,1,17,1,6.0,30.0,3.0,15.0,4.0,51111,8.0,22808.0,2147.0
4722860,4722861,18.0,1942567,1,2,17,1,6.0,-9.0,-9.0,14.0,4.0,-9,-9.0,22806.0,2146.0
4722865,4722866,18.0,1942572,1,1,17,1,6.0,20.0,6.0,15.0,4.0,722Z,16.0,22808.0,2147.0
4722866,4722867,18.0,1942573,1,1,17,1,1.0,40.0,4.0,-9.0,4.0,484,6.0,22806.0,2146.0
4722873,4722874,18.0,1942580,1,2,17,1,1.0,17.0,6.0,15.0,4.0,611M1,13.0,22808.0,2147.0
4722881,4722882,18.0,1942588,1,2,17,1,1.0,10.0,4.0,15.0,4.0,611M1,13.0,22808.0,2147.0
4722884,4722885,18.0,1942591,1,1,17,1,1.0,25.0,5.0,15.0,4.0,722Z,16.0,22808.0,2147.0
4722888,4722889,18.0,1942595,1,1,17,1,1.0,40.0,1.0,15.0,4.0,3219ZM,3.0,22808.0,2147.0
4722889,4722890,18.0,1942596,1,2,17,1,1.0,8.0,6.0,15.0,4.0,6243,14.0,22806.0,2146.0
4722892,4722893,18.0,1942599,1,2,17,1,1.0,40.0,5.0,15.0,4.0,713Z,16.0,22808.0,2147.0
4722895,4722896,18.0,1942602,1,2,17,1,1.0,20.0,1.0,15.0,4.0,611M1,13.0,22758.0,2127.0
4722897,4722898,18.0,1942604,1,1,17,1,6.0,-9.0,-9.0,15.0,4.0,623M,14.0,22808.0,2147.0
4722898,4722899,18.0,1942605,1,1,17,1,6.0,20.0,6.0,16.0,4.0,45321,5.0,22808.0,2147.0
4722900,4722901,18.0,1942607,1,1,17,1,6.0,20.0,5.0,15.0,4.0,722Z,16.0,22765.0,2130.0
4722903,4722904,18.0,1942610,1,2,17,1,6.0,99.0,6.0,15.0,4.0,721M,16.0,22808.0,2147.0
4722910,4722911,18.0,1942617,1,2,17,1,6.0,24.0,6.0,15.0,4.0,4523,5.0,22806.0,2146.0
4722911,4722912,18.0,1942618,1,2,17,1,3.0,40.0,5.0,15.0,4.0,6241,14.0,22808.0,2147.0
4722917,4722918,18.0,1942624,1,2,17,1,6.0,10.0,4.0,15.0,4.0,722Z,16.0,22808.0,2147.0
4722918,4722919,18.0,1942625,1,1,17,1,1.0,40.0,1.0,15.0,4.0,3219ZM,3.0,22808.0,2147.0
4722919,4722920,18.0,1942626,1,2,17,1,1.0,10.0,5.0,15.0,4.0,611M1,13.0,22808.0,2147.0
4722922,4722923,18.0,1942629,1,1,17,1,6.0,40.0,6.0,15.0,4.0,5417,10.0,22808.0,2147.0
4722923,4722924,18.0,1942630,1,1,17,1,2.0,25.0,2.0,15.0,3.0,44512,5.0,22808.0,2147.0
4722924,4722925,18.0,1942631,1,1,17,1,6.0,30.0,6.0,15.0,4.0,56173,12.0,22806.0,2146.0
4722927,4722928,18.0,1942634,1,2,17,1,6.0,35.0,6.0,15.0,4.0,713Z,16.0,22806.0,2146.0
4722928,4722929,18.0,1942635,1,2,17,1,1.0,20.0,4.0,15.0,4.0,721M,16.0,22765.0,2130.0
4722929,4722930,18.0,1942636,1,2,17,1,6.0,24.0,6.0,15.0,4.0,4523,5.0,22808.0,2147.0
4722935,4722936,18.0,1942642,1,2,17,1,1.0,20.0,4.0,15.0,4.0,721M,16.0,22808.0,2147.0
4722936,4722937,18.0,1942643,1,2,17,1,1.0,18.0,1.0,15.0,4.0,721M,16.0,22808.0,2147.0
4722937,4722938,18.0,1942644,1,2,17,1,6.0,4.0,5.0,15.0,4.0,712,16.0,22808.0,2147.0
4722938,4722939,18.0,1942645,1,1,17,1,1.0,40.0,1.0,15.0,4.0,3219ZM,3.0,22808.0,2147.0
4722940,4722941,18.0,1942647,1,2,17,1,3.0,12.0,3.0,15.0,4.0,9211MP,18.0,22813.0,2150.0
4722944,4722945,18.0,1942651,1,2,17,1,6.0,16.0,6.0,15.0,4.0,722Z,16.0,22808.0,2147.0
4722947,4722948,18.0,1942654,1,1,17,1,6.0,20.0,3.0,15.0,4.0,722Z,16.0,22806.0,2146.0
4722950,4722951,18.0,1942657,1,2,17,1,6.0,3.0,6.0,15.0,4.0,814,17.0,22806.0,2146.0
4722951,4722952,18.0,1942658,1,2,17,1,6.0,16.0,6.0,15.0,4.0,722Z,16.0,22813.0,2150.0
4722953,4722954,18.0,1942660,1,2,17,1,6.0,10.0,4.0,15.0,4.0,722Z,16.0,22806.0,2146.0
4722954,4722955,18.0,1942661,1,2,17,1,6.0,30.0,4.0,15.0,4.0,722Z,16.0,22808.0,2147.0
4722957,4722958,18.0,1942664,1,1,17,1,6.0,25.0,4.0,15.0,4.0,23,2.0,22808.0,2147.0
4722960,4722961,18.0,1942667,1,1,17,1,6.0,10.0,5.0,15.0,4.0,722Z,16.0,22808.0,2147.0
4722961,4722962,18.0,1942668,1,1,17,1,6.0,20.0,5.0,15.0,4.0,722Z,16.0,22765.0,2130.0
4722966,4722967,18.0,1942673,1,2,17,1,1.0,15.0,4.0,15.0,4.0,611M1,13.0,22765.0,2130.0
4722968,4722969,18.0,1942675,1,2,17,1,1.0,9.0,4.0,15.0,4.0,6214,14.0,22808.0,2147.0
4722971,4722972,18.0,1942678,1,1,17,1,6.0,-9.0,-9.0,15.0,4.0,-9,-9.0,22806.0,2146.0
4722972,4722973,18.0,1942679,1,1,17,1,6.0,40.0,6.0,15.0,4.0,713Z,16.0,22808.0,2147.0
4722977,4722978,18.0,1942684,1,2,17,1,6.0,58.0,5.0,15.0,4.0,713Z,16.0,22808.0,2147.0
4722985,4722986,18.0,1942692,1,2,17,1,6.0,10.0,6.0,15.0,4.0,44821,5.0,22808.0,2147.0
4722990,4722991,18.0,1942697,1,1,17,1,6.0,40.0,5.0,15.0,4.0,23,2.0,22810.0,2148.0
4722991,4722992,18.0,1942698,1,1,17,1,1.0,30.0,1.0,15.0,4.0,722Z,16.0,22806.0,2146.0
4722992,4722993,18.0,1942699,1,2,17,1,6.0,99.0,6.0,15.0,4.0,721M,16.0,22808.0,2147.0
4722993,4722994,18.0,1942700,1,1,17,1,6.0,40.0,5.0,15.0,4.0,712,16.0,22810.0,2148.0
4722994,4722995,18.0,1942701,1,2,17,1,1.0,30.0,1.0,15.0,4.0,7112,16.0,22808.0,2147.0
4722995,4722996,18.0,1942702,1,1,17,1,6.0,35.0,6.0,15.0,4.0,813M,17.0,22808.0,2147.0
4722998,4722999,18.0,1942705,1,2,17,1,6.0,3.0,6.0,15.0,4.0,814,17.0,22808.0,2147.0
4723004,4723005,18.0,1942711,1,2,17,1,1.0,15.0,6.0,15.0,4.0,5313,9.0,22808.0,2147.0
4723006,4723007,18.0,1942713,1,2,17,1,6.0,-9.0,-9.0,-9.0,4.0,722Z,16.0,22765.0,2130.0
4723008,4723009,18.0,1942715,1,2,17,1,6.0,35.0,3.0,15.0,4.0,722Z,16.0,22765.0,2130.0
4723017,4723018,18.0,1942724,1,1,17,1,6.0,60.0,1.0,-9.0,4.0,56173,12.0,22808.0,2147.0
4723024,4723025,18.0,1942731,1,1,17,1,6.0,38.0,6.0,15.0,4.0,611M3,13.0,22765.0,2130.0
4723026,4723027,18.0,1942733,1,1,17,1,6.0,35.0,6.0,15.0,4.0,721M,16.0,22765.0,2130.0
4723031,4723032,18.0,1942738,1,1,17,1,3.0,50.0,6.0,15.0,4.0,5617Z,12.0,22765.0,2130.0
4723032,4723033,18.0,1942739,1,2,17,1,6.0,40.0,6.0,15.0,4.0,336M,3.0,22808.0,2147.0
4723034,4723035,18.0,1942741,1,2,17,1,6.0,30.0,6.0,15.0,4.0,45113,5.0,22808.0,2147.0
4723039,4723040,18.0,1942746,1,2,17,1,6.0,20.0,6.0,15.0,4.0,611M3,13.0,22806.0,2146.0
4723040,4723041,18.0,1942747,1,2,17,1,1.0,30.0,1.0,15.0,4.0,611M1,13.0,22808.0,2147.0
4723041,4723042,18.0,1942748,1,2,17,1,6.0,40.0,6.0,15.0,4.0,6111,13.0,22808.0,2147.0
4723044,4723045,18.0,1942751,1,2,17,1,1.0,25.0,6.0,15.0,4.0,44611,5.0,22806.0,2146.0
4723045,4723046,18.0,1942752,1,1,17,1,1.0,25.0,3.0,15.0,4.0,336M,3.0,22808.0,2147.0
4723046,4723047,18.0,1942753,1,1,17,1,6.0,-9.0,-9.0,15.0,4.0,813M,17.0,22808.0,2147.0
4723047,4723048,18.0,1942754,1,1,17,1,6.0,16.0,3.0,15.0,4.0,722Z,16.0,22808.0,2147.0
4723056,4723057,18.0,1942763,1,1,17,1,6.0,-9.0,-9.0,15.0,4.0,-9,-9.0,22814.0,2150.0
4723058,4723059,18.0,1942765,1,1,17,1,6.0,4.0,6.0,15.0,4.0,52M2,9.0,22808.0,2147.0
4723060,4723061,18.0,1942767,1,2,17,1,6.0,44.0,5.0,15.0,4.0,722Z,16.0,22808.0,2147.0
4723061,4723062,18.0,1942768,1,1,17,1,6.0,25.0,5.0,-9.0,4.0,722Z,16.0,22806.0,2146.0
4723062,4723063,18.0,1942769,1,1,17,1,6.0,40.0,3.0,-9.0,4.0,722Z,16.0,22808.0,2147.0
4723066,4723067,18.0,1942773,1,2,17,1,6.0,30.0,4.0,15.0,4.0,4412,5.0,22808.0,2147.0
4723073,4723074,18.0,1942780,1,1,17,1,1.0,35.0,5.0,15.0,4.0,611M1,13.0,22765.0,2130.0
4723078,4723079,18.0,1942785,1,2,17,1,6.0,15.0,6.0,15.0,4.0,721M,16.0,22765.0,2130.0
4723083,4723084,18.0,1942790,1,1,17,1,6.0,-9.0,-9.0,15.0,4.0,23,2.0,22806.0,2146.0
4723088,4723089,18.0,1942795,1,2,17,1,1.0,35.0,4.0,15.0,4.0,6244,14.0,22765.0,2130.0
4723089,4723090,18.0,1942796,1,2,17,1,6.0,8.0,6.0,15.0,4.0,6244,14.0,22808.0,2147.0
4723092,4723093,18.0,1942799,1,2,17,1,1.0,40.0,2.0,-9.0,4.0,5412,10.0,22813.0,2150.0
4723098,4723099,18.0,1942805,1,2,17,1,6.0,15.0,5.0,15.0,4.0,4481,5.0,22808.0,2147.0
4723099,4723100,18.0,1942806,1,1,17,1,6.0,-9.0,-9.0,-9.0,4.0,-9,-9.0,22808.0,2147.0
4723103,4723104,18.0,1942810,1,1,17,1,6.0,30.0,6.0,15.0,4.0,111,1.0,22758.0,2127.0
4723108,4723109,18.0,1942815,1,1,17,1,6.0,30.0,5.0,15.0,4.0,722Z,16.0,22808.0,2147.0
4723112,4723113,18.0,1942819,1,2,17,1,6.0,40.0,5.0,16.0,4.0,5411,10.0,22808.0,2147.0
4723116,4723117,18.0,1942823,1,2,17,1,6.0,-9.0,-9.0,15.0,4.0,-9,-9.0,22808.0,2147.0
4723119,4723120,18.0,1942826,1,2,17,1,6.0,60.0,6.0,15.0,4.0,45221,5.0,22808.0,2147.0
4723123,4723124,18.0,1942830,1,2,17,1,6.0,-9.0,-9.0,14.0,4.0,-9,-9.0,22808.0,2147.0
4723124,4723125,18.0,1942831,1,1,17,1,1.0,40.0,1.0,15.0,4.0,3219ZM,3.0,22808.0,2147.0
4723130,4723131,18.0,1942837,1,2,17,1,6.0,-9.0,-9.0,15.0,4.0,722Z,16.0,22814.0,2150.0
4723133,4723134,18.0,1942840,1,2,17,1,6.0,38.0,6.0,15.0,4.0,5418,10.0,22808.0,2147.0
4723138,4723139,18.0,1942845,1,2,17,1,6.0,35.0,6.0,15.0,4.0,712,16.0,22808.0,2147.0
4723141,4723142,18.0,1942848,1,1,17,1,6.0,-9.0,-9.0,15.0,4.0,23,2.0,22808.0,2147.0
4723142,4723143,18.0,1942849,1,1,17,1,6.0,60.0,1.0,-9.0,4.0,56173,12.0,22806.0,2146.0
4723143,4723144,18.0,1942850,1,1,17,1,6.0,6.0,3.0,15.0,4.0,531M,9.0,22808.0,2147.0
4723145,4723146,18.0,1942852,1,1,17,1,6.0,40.0,6.0,15.0,4.0,722Z,16.0,22806.0,2146.0
4723146,4723147,18.0,1942853,1,2,17,1,6.0,-9.0,-9.0,15.0,4.0,-9,-9.0,22808.0,2147.0
4723153,4723154,18.0,1942860,1,1,17,1,1.0,40.0,4.0,-9.0,4.0,484,6.0,22808.0,2147.0
4723158,4723159,18.0,1942865,1,2,17,1,1.0,10.0,5.0,15.0,4.0,611M1,13.0,22808.0,2147.0
4723160,4723161,18.0,1942867,1,2,17,1,1.0,15.0,4.0,15.0,4.0,713Z,16.0,22806.0,2146.0
4723171,4723172,18.0,1942878,1,2,17,1,1.0,15.0,2.0,15.0,4.0,611M1,13.0,22808.0,2147.0
4723176,4723177,18.0,1942883,1,1,17,1,6.0,40.0,5.0,15.0,4.0,23,2.0,22765.0,2130.0
4723179,4723180,18.0,1942886,1,2,17,1,1.0,15.0,1.0,15.0,4.0,722Z,16.0,22808.0,2147.0
4723181,4723182,18.0,1942888,1,2,17,1,6.0,-9.0,-9.0,15.0,4.0,722Z,16.0,22815.0,2150.0
4723182,4723183,18.0,1942889,1,2,17,1,1.0,20.0,1.0,15.0,4.0,611M1,13.0,22806.0,2146.0
4723183,4723184,18.0,1942890,1,1,17,1,6.0,32.0,6.0,15.0,4.0,336M,3.0,22808.0,2147.0
4723184,4723185,18.0,1942891,1,1,17,1,1.0,15.0,4.0,15.0,4.0,44511,5.0,22808.0,2147.0
4723188,4723189,18.0,1942895,1,1,17,1,6.0,25.0,6.0,15.0,4.0,722Z,16.0,22806.0,2146.0
4723189,4723190,18.0,1942896,1,2,17,1,1.0,30.0,1.0,15.0,4.0,7112,16.0,22765.0,2130.0
4723190,4723191,18.0,1942897,1,2,17,1,6.0,26.0,5.0,15.0,4.0,814,17.0,22808.0,2147.0
4723191,4723192,18.0,1942898,1,1,17,1,6.0,12.0,5.0,15.0,4.0,8129,17.0,22810.0,2148.0
4723196,4723197,18.0,1942903,1,2,17,1,1.0,20.0,1.0,15.0,4.0,6214,14.0,22808.0,2147.0
4723200,4723201,18.0,1942907,1,2,17,1,1.0,30.0,6.0,15.0,4.0,45121,5.0,22808.0,2147.0
4723202,4723203,18.0,1942909,1,1,17,1,1.0,16.0,4.0,15.0,4.0,722Z,16.0,22815.0,2150.0
4723205,4723206,18.0,1942912,1,2,17,1,6.0,30.0,5.0,15.0,4.0,713Z,16.0,22808.0,2147.0
4723207,4723208,18.0,1942914,1,1,17,1,3.0,40.0,6.0,15.0,4.0,3261,3.0,22814.0,2150.0
4723208,4723209,18.0,1942915,1,2,17,1,6.0,-9.0,-9.0,-9.0,4.0,56173,12.0,22765.0,2130.0
4723209,4723210,18.0,1942916,1,2,17,1,6.0,-9.0,-9.0,15.0,4.0,-9,-9.0,22806.0,2146.0
4723214,4723215,18.0,1942921,1,2,17,1,1.0,14.0,1.0,15.0,4.0,611M1,13.0,22765.0,2130.0
4723215,4723216,18.0,1942922,1,1,17,1,6.0,-9.0,-9.0,-9.0,4.0,-9,-9.0,22808.0,2147.0
4723216,4723217,18.0,1942923,1,1,17,1,1.0,25.0,4.0,15.0,4.0,611M1,13.0,22808.0,2147.0
4723219,4723220,18.0,1942926,1,1,17,1,6.0,12.0,5.0,15.0,4.0,8129,17.0,22806.0,2146.0
4723221,4723222,18.0,1942928,1,1,17,1,6.0,40.0,6.0,15.0,4.0,5417,10.0,22808.0,2147.0
4723222,4723223,18.0,1942929,1,1,17,1,1.0,20.0,6.0,15.0,4.0,611M1,13.0,22815.0,2150.0
4723223,4723224,18.0,1942930,1,2,17,1,6.0,18.0,5.0,15.0,4.0,8131,17.0,22808.0,2147.0
4723224,4723225,18.0,1942931,1,2,17,1,6.0,-9.0,-9.0,-9.0,4.0,56173,12.0,22815.0,2150.0
4723228,4723229,18.0,1942935,1,2,17,1,3.0,12.0,3.0,15.0,4.0,9211MP,18.0,22808.0,2147.0
4723230,4723231,18.0,1942937,1,1,17,1,6.0,20.0,6.0,15.0,4.0,4511M,5.0,22808.0,2147.0
4723232,4723233,18.0,1942939,1,1,17,1,1.0,20.0,5.0,15.0,4.0,611M1,13.0,22808.0,2147.0
4723234,4723235,18.0,1942941,1,1,17,1,6.0,8.0,6.0,15.0,4.0,5412,10.0,22814.0,2150.0
4723235,4723236,18.0,1942942,1,1,17,1,6.0,20.0,6.0,15.0,4.0,722Z,16.0,22765.0,2130.0
4723236,4723237,18.0,1942943,1,2,17,1,1.0,30.0,1.0,15.0,4.0,5415,10.0,22808.0,2147.0
4723238,4723239,18.0,1942945,1,1,17,1,6.0,16.0,3.0,15.0,4.0,722Z,16.0,22808.0,2147.0
4723239,4723240,18.0,1942946,1,1,17,1,6.0,20.0,6.0,15.0,4.0,713Z,16.0,22806.0,2146.0
4723240,4723241,18.0,1942947,1,1,17,1,1.0,4.0,5.0,15.0,4.0,611M3,13.0,22765.0,2130.0
4723246,4723247,18.0,1942953,1,2,17,1,1.0,7.0,4.0,15.0,4.0,611M1,13.0,22808.0,2147.0
4723247,4723248,18.0,1942954,1,2,17,1,1.0,10.0,5.0,15.0,4.0,611M1,13.0,22808.0,2147.0
4723252,4723253,18.0,1942959,1,1,17,1,6.0,-9.0,-9.0,-9.0,4.0,-9,-9.0,22808.0,2147.0
4723255,4723256,18.0,1942962,1,2,17,1,1.0,3.0,6.0,15.0,4.0,611M1,13.0,22808.0,2147.0
4723256,4723257,18.0,1942963,1,2,17,1,6.0,9.0,6.0,15.0,4.0,722Z,16.0,22808.0,2147.0
4723277,4723278,18.0,1942984,1,1,17,1,6.0,8.0,6.0,15.0,4.0,5412,10.0,22808.0,2147.0
4723281,4723282,18.0,1942988,1,2,17,1,1.0,20.0,4.0,15.0,4.0,7111,16.0,22808.0,2147.0
4723283,4723284,18.0,1942990,1,2,17,1,1.0,8.0,2.0,15.0,4.0,722Z,16.0,22808.0,2147.0
4723287,4723288,18.0,1942994,1,1,17,1,6.0,20.0,5.0,15.0,4.0,722Z,16.0,22808.0,2147.0
4723292,4723293,18.0,1942999,1,1,17,1,6.0,-9.0,-9.0,-9.0,4.0,-9,-9.0,22806.0,2146.0
4723296,4723297,18.0,1943003,1,1,17,1,6.0,30.0,6.0,15.0,4.0,713Z,16.0,22808.0,2147.0
4723300,4723301,18.0,1943007,1,1,17,1,6.0,30.0,5.0,15.0,4.0,722Z,16.0,22808.0,2147.0
4723310,4723311,18.0,1943017,1,1,17,1,6.0,28.0,6.0,15.0,4.0,52M2,9.0,22814.0,2150.0
4723312,4723313,18.0,1943019,1,2,17,1,1.0,9.0,4.0,15.0,4.0,6214,14.0,22765.0,2130.0
4723313,4723314,18.0,1943020,1,1,17,1,6.0,30.0,5.0,15.0,4.0,713Z,16.0,22815.0,2150.0
4723316,4723317,18.0,1943023,1,2,17,1,1.0,25.0,6.0,15.0,4.0,44611,5.0,22806.0,2146.0
4723318,4723319,18.0,1943025,1,1,17,1,6.0,-9.0,-9.0,15.0,4.0,811192,17.0,22808.0,2147.0
4723320,4723321,18.0,1943027,1,1,17,1,6.0,-9.0,-9.0,-9.0,4.0,-9,-9.0,22808.0,2147.0
4723323,4723324,18.0,1943030,1,2,17,1,1.0,10.0,5.0,15.0,4.0,611M1,13.0,22806.0,2146.0
4723324,4723325,18.0,1943031,1,1,17,1,6.0,48.0,6.0,15.0,4.0,337,3.0,22806.0,2146.0
4723328,4723329,18.0,1943035,1,1,17,1,6.0,4.0,3.0,15.0,4.0,713Z,16.0,22808.0,2147.0
4723335,4723336,18.0,1943042,1,2,17,1,1.0,50.0,6.0,15.0,4.0,5415,10.0,22808.0,2147.0
4723336,4723337,18.0,1943043,1,2,17,1,6.0,6.0,6.0,15.0,4.0,722Z,16.0,22806.0,2146.0
4723338,4723339,18.0,1943045,1,2,17,1,1.0,30.0,1.0,15.0,4.0,5415,10.0,22808.0,2147.0
4723339,4723340,18.0,1943046,1,2,17,1,1.0,12.0,4.0,15.0,4.0,4481,5.0,22808.0,2147.0
4723340,4723341,18.0,1943047,1,1,17,1,1.0,17.0,1.0,15.0,4.0,336M,3.0,22808.0,2147.0
4723341,4723342,18.0,1943048,1,1,17,1,6.0,40.0,4.0,15.0,4.0,4413,5.0,22806.0,2146.0
4723348,4723349,18.0,1943055,1,2,17,1,6.0,24.0,6.0,15.0,4.0,53M,9.0,22806.0,2146.0
4723351,4723352,18.0,1943058,1,1,17,1,1.0,20.0,6.0,15.0,4.0,611M1,13.0,22765.0,2130.0
4723354,4723355,18.0,1943061,1,1,17,1,1.0,9.0,1.0,15.0,4.0,611M1,13.0,22808.0,2147.0
4723356,4723357,18.0,1943063,1,2,17,1,1.0,30.0,6.0,15.0,4.0,45121,5.0,22808.0,2147.0
4723357,4723358,18.0,1943064,1,1,17,1,6.0,40.0,6.0,15.0,4.0,713Z,16.0,22765.0,2130.0
4723358,4723359,18.0,1943065,1,1,17,1,6.0,40.0,5.0,15.0,4.0,712,16.0,22808.0,2147.0
4723363,4723364,18.0,1943070,1,2,17,1,6.0,15.0,6.0,15.0,4.0,6241,14.0,22765.0,2130.0
4723367,4723368,18.0,1943074,1,2,17,1,1.0,30.0,1.0,15.0,4.0,5415,10.0,22808.0,2147.0
4723369,4723370,18.0,1943076,1,1,17,1,6.0,-9.0,-9.0,-9.0,4.0,443142,5.0,22808.0,2147.0
4723370,4723371,18.0,1943077,1,2,17,1,6.0,40.0,5.0,15.0,4.0,713Z,16.0,22806.0,2146.0
4723372,4723373,18.0,1943079,1,1,17,1,6.0,-9.0,-9.0,15.0,4.0,713Z,16.0,22808.0,2147.0
4723374,4723375,18.0,1943081,1,1,17,1,6.0,45.0,6.0,15.0,4.0,611M3,13.0,22808.0,2147.0
4723375,4723376,18.0,1943082,1,1,17,1,6.0,-9.0,-9.0,16.0,4.0,813M,17.0,22808.0,2147.0
4723380,4723381,18.0,1943087,1,1,17,1,6.0,20.0,6.0,15.0,4.0,488,6.0,22808.0,2147.0
4723382,4723383,18.0,1943089,1,1,17,1,6.0,40.0,5.0,16.0,4.0,33641M1,3.0,22808.0,2147.0
4723385,4723386,18.0,1943092,1,2,17,1,1.0,12.0,4.0,15.0,4.0,722Z,16.0,22765.0,2130.0
4723390,4723391,18.0,1943097,1,1,17,1,6.0,36.0,6.0,15.0,4.0,722Z,16.0,22808.0,2147.0
4723394,4723395,18.0,1943101,1,2,17,1,6.0,-9.0,-9.0,-9.0,4.0,722Z,16.0,22808.0,2147.0
4723397,4723398,18.0,1943104,1,2,17,1,6.0,8.0,6.0,15.0,4.0,6244,14.0,22808.0,2147.0
4723399,4723400,18.0,1943106,1,1,17,1,3.0,3.0,6.0,15.0,4.0,6244,14.0,22808.0,2147.0
4723401,4723402,18.0,1943108,1,2,17,1,6.0,-9.0,-9.0,15.0,4.0,-9,-9.0,22808.0,2147.0
4723402,4723403,18.0,1943109,1,2,17,1,1.0,3.0,1.0,15.0,4.0,611M3,13.0,22808.0,2147.0
4723406,4723407,18.0,1943113,1,1,17,1,6.0,40.0,5.0,15.0,4.0,712,16.0,22765.0,2130.0
4723409,4723410,18.0,1943116,1,1,17,1,6.0,35.0,5.0,15.0,4.0,23,2.0,22808.0,2147.0
4723418,4723419,18.0,1943125,1,2,17,1,1.0,20.0,1.0,15.0,4.0,611M1,13.0,22808.0,2147.0
4723419,4723420,18.0,1943126,1,2,17,1,1.0,15.0,6.0,15.0,4.0,4481,5.0,22808.0,2147.0
4723423,4723424,18.0,1943130,1,1,17,1,6.0,25.0,6.0,15.0,4.0,721M,16.0,22808.0,2147.0
4723425,4723426,18.0,1943132,1,2,17,1,6.0,40.0,6.0,15.0,4.0,3321,3.0,22808.0,2147.0
4723428,4723429,18.0,1943135,1,2,17,1,6.0,15.0,6.0,15.0,4.0,814,17.0,22808.0,2147.0
4723436,4723437,18.0,1943143,1,2,17,1,6.0,30.0,5.0,15.0,4.0,722Z,16.0,22815.0,2150.0
4723441,4723442,18.0,1943148,1,2,17,1,1.0,60.0,1.0,15.0,4.0,722Z,16.0,22808.0,2147.0
4723442,4723443,18.0,1943149,1,1,17,1,6.0,-9.0,-9.0,15.0,4.0,623M,14.0,22808.0,2147.0
4723443,4723444,18.0,1943150,1,2,17,1,1.0,3.0,6.0,15.0,4.0,611M1,13.0,22808.0,2147.0
4723444,4723445,18.0,1943151,1,2,17,1,6.0,-9.0,-9.0,15.0,4.0,-9,-9.0,22808.0,2147.0
4723445,4723446,18.0,1943152,1,1,17,1,1.0,25.0,5.0,15.0,4.0,722Z,16.0,22814.0,2150.0
4723447,4723448,18.0,1943154,1,1,17,1,2.0,40.0,1.0,-9.0,4.0,722Z,16.0,22808.0,2147.0
4723449,4723450,18.0,1943156,1,2,17,1,1.0,10.0,1.0,15.0,4.0,622M,15.0,22808.0,2147.0
4723457,4723458,18.0,1943164,1,2,17,1,1.0,15.0,4.0,15.0,4.0,713Z,16.0,22808.0,2147.0
4723458,4723459,18.0,1943165,1,2,17,1,1.0,18.0,4.0,15.0,4.0,611M1,13.0,22765.0,2130.0
4723463,4723464,18.0,1943170,1,1,17,1,1.0,15.0,1.0,15.0,4.0,611M1,13.0,22806.0,2146.0
4723466,4723467,18.0,1943173,1,2,17,1,6.0,4.0,5.0,15.0,4.0,712,16.0,22808.0,2147.0
4723468,4723469,18.0,1943175,1,1,17,1,6.0,20.0,5.0,15.0,4.0,722Z,16.0,22808.0,2147.0
4723472,4723473,18.0,1943179,1,1,17,1,6.0,-9.0,-9.0,15.0,4.0,713Z,16.0,22808.0,2147.0
4723474,4723475,18.0,1943181,1,1,17,1,6.0,30.0,6.0,15.0,4.0,5617Z,12.0,22808.0,2147.0
4723476,4723477,18.0,1943183,1,1,17,1,6.0,28.0,6.0,15.0,4.0,6111,13.0,22808.0,2147.0
4723484,4723485,18.0,1943191,1,2,17,1,6.0,40.0,5.0,15.0,4.0,713Z,16.0,22808.0,2147.0
4723485,4723486,18.0,1943192,1,2,17,1,6.0,-9.0,-9.0,15.0,4.0,-9,-9.0,22806.0,2146.0
4723487,4723488,18.0,1943194,1,1,17,1,1.0,15.0,4.0,15.0,4.0,611M1,13.0,22808.0,2147.0
4723490,4723491,18.0,1943197,1,1,17,1,1.0,40.0,4.0,-9.0,4.0,484,6.0,22806.0,2146.0
4723493,4723494,18.0,1943200,1,1,17,1,6.0,30.0,3.0,15.0,4.0,51111,8.0,22758.0,2127.0
4723498,4723499,18.0,1943205,1,2,17,1,6.0,15.0,6.0,15.0,4.0,721M,16.0,22808.0,2147.0
4723500,4723501,18.0,1943207,1,2,17,1,6.0,-9.0,-9.0,15.0,4.0,4523,5.0,22808.0,2147.0
4723504,4723505,18.0,1943211,1,2,17,1,1.0,40.0,2.0,-9.0,4.0,5412,10.0,22808.0,2147.0
4723514,4723515,18.0,1943221,1,1,17,1,1.0,40.0,3.0,15.0,4.0,5413,10.0,22808.0,2147.0
4723517,4723518,18.0,1943224,1,2,17,1,6.0,-9.0,-9.0,15.0,4.0,-9,-9.0,22765.0,2130.0
4723519,4723520,18.0,1943226,1,2,17,1,6.0,99.0,6.0,15.0,4.0,721M,16.0,22765.0,2130.0
4723522,4723523,18.0,1943229,1,2,17,1,6.0,60.0,6.0,15.0,4.0,713Z,16.0,22808.0,2147.0
4723524,4723525,18.0,1943231,1,1,17,1,1.0,4.0,5.0,15.0,4.0,611M3,13.0,22808.0,2147.0
4723526,4723527,18.0,1943233,1,2,17,1,1.0,40.0,1.0,15.0,4.0,722Z,16.0,22808.0,2147.0
4723527,4723528,18.0,1943234,1,1,17,1,3.0,-9.0,-9.0,15.0,4.0,722Z,16.0,22806.0,2146.0
4723529,4723530,18.0,1943236,1,1,17,1,6.0,25.0,5.0,-9.0,4.0,722Z,16.0,22806.0,2146.0
4723531,4723532,18.0,1943238,1,2,17,1,6.0,35.0,6.0,15.0,4.0,713Z,16.0,22808.0,2147.0
4723535,4723536,18.0,1943242,1,1,17,1,6.0,39.0,5.0,15.0,4.0,713Z,16.0,22808.0,2147.0
4723548,4723549,18.0,1943255,1,1,17,1,6.0,40.0,5.0,15.0,4.0,23,2.0,22806.0,2146.0
4723551,4723552,18.0,1943258,1,2,17,1,6.0,-9.0,-9.0,-9.0,4.0,56173,12.0,22808.0,2147.0
4723552,4723553,18.0,1943259,1,1,17,1,1.0,4.0,5.0,15.0,4.0,611M3,13.0,22808.0,2147.0
4723556,4723557,18.0,1943263,1,2,17,1,6.0,30.0,6.0,15.0,4.0,45113,5.0,22810.0,2148.0
4723559,4723560,18.0,1943266,1,1,17,1,1.0,40.0,4.0,-9.0,4.0,484,6.0,22808.0,2147.0
4723565,4723566,18.0,1943272,1,1,17,1,6.0,40.0,5.0,15.0,4.0,23,2.0,22808.0,2147.0
4723566,4723567,18.0,1943273,1,1,17,1,1.0,9.0,1.0,15.0,4.0,611M1,13.0,22808.0,2147.0
4723571,4723572,18.0,1943278,1,2,17,1,1.0,10.0,5.0,15.0,4.0,611M1,13.0,22808.0,2147.0
4723573,4723574,18.0,1943280,1,1,17,1,6.0,20.0,6.0,15.0,4.0,722Z,16.0,22808.0,2147.0
4723580,4723581,18.0,1943287,1,2,17,1,6.0,24.0,6.0,15.0,4.0,53M,9.0,22808.0,2147.0
4723584,4723585,18.0,1943291,1,2,17,1,3.0,25.0,6.0,15.0,4.0,722Z,16.0,22808.0,2147.0
4723588,4723589,18.0,1943295,1,1,17,1,6.0,18.0,5.0,15.0,4.0,722Z,16.0,22808.0,2147.0
4723592,4723593,18.0,1943299,1,2,17,1,6.0,30.0,5.0,15.0,4.0,713Z,16.0,22808.0,2147.0
4723597,4723598,18.0,1943304,1,1,17,1,1.0,14.0,4.0,15.0,4.0,4511M,5.0,22808.0,2147.0
4723601,4723602,18.0,1943308,1,1,17,1,6.0,18.0,5.0,15.0,4.0,722Z,16.0,22808.0,2147.0
4723607,4723608,18.0,1943314,1,1,17,1,6.0,60.0,1.0,-9.0,4.0,56173,12.0,22808.0,2147.0
4723611,4723612,18.0,1943318,1,2,17,1,6.0,4.0,5.0,15.0,4.0,712,16.0,22806.0,2146.0
4723612,4723613,18.0,1943319,1,2,17,1,6.0,14.0,1.0,15.0,4.0,4481,5.0,22806.0,2146.0
4723615,4723616,18.0,1943322,1,1,17,1,6.0,32.0,6.0,15.0,4.0,336M,3.0,22808.0,2147.0
4723616,4723617,18.0,1943323,1,1,17,1,6.0,10.0,4.0,15.0,4.0,44413,5.0,22765.0,2130.0
4723617,4723618,18.0,1943324,1,2,17,1,6.0,35.0,6.0,15.0,4.0,713Z,16.0,22808.0,2147.0
4723618,4723619,18.0,1943325,1,2,17,1,6.0,20.0,6.0,15.0,4.0,713Z,16.0,22808.0,2147.0
4723620,4723621,18.0,1943327,1,1,17,1,6.0,-9.0,-9.0,-9.0,4.0,443142,5.0,22808.0,2147.0
4723621,4723622,18.0,1943328,1,1,17,1,6.0,-9.0,-9.0,15.0,4.0,-9,-9.0,22765.0,2130.0
4723622,4723623,18.0,1943329,1,2,17,1,6.0,14.0,5.0,15.0,4.0,722Z,16.0,22808.0,2147.0
4723623,4723624,18.0,1943330,1,1,17,1,6.0,45.0,6.0,15.0,4.0,52M2,9.0,22808.0,2147.0
4723624,4723625,18.0,1943331,1,1,17,1,1.0,40.0,4.0,-9.0,4.0,484,6.0,22808.0,2147.0
4723626,4723627,18.0,1943333,1,1,17,1,1.0,12.0,1.0,15.0,4.0,611M1,13.0,22765.0,2130.0
4723627,4723628,18.0,1943334,1,2,17,1,6.0,36.0,5.0,15.0,4.0,611M3,13.0,22808.0,2147.0
4723629,4723630,18.0,1943336,1,1,17,1,6.0,36.0,6.0,15.0,4.0,722Z,16.0,22808.0,2147.0
4723632,4723633,18.0,1943339,1,1,17,1,6.0,-9.0,-9.0,15.0,4.0,722Z,16.0,22808.0,2147.0
4723638,4723639,18.0,1943345,1,1,17,1,1.0,4.0,5.0,15.0,4.0,611M3,13.0,22808.0,2147.0
4723640,4723641,18.0,1943347,1,2,17,1,6.0,12.0,4.0,15.0,4.0,722Z,16.0,22808.0,2147.0
4723643,4723644,18.0,1943350,1,1,17,1,1.0,40.0,1.0,15.0,4.0,3219ZM,3.0,22808.0,2147.0
4723651,4723652,18.0,1943358,1,1,17,2,6.0,25.0,5.0,15.0,4.0,722Z,16.0,22765.0,2130.0
4723657,4723658,18.0,1943364,1,2,17,2,1.0,4.0,1.0,15.0,4.0,611M1,13.0,22810.0,2148.0
4723658,4723659,18.0,1943365,1,2,17,2,6.0,30.0,5.0,15.0,4.0,336M,3.0,22765.0,2130.0
4723659,4723660,18.0,1943366,1,1,17,2,1.0,20.0,4.0,15.0,4.0,442,5.0,22808.0,2147.0
4723664,4723665,18.0,1943371,1,1,17,2,6.0,-9.0,-9.0,-9.0,4.0,-9,-9.0,22808.0,2147.0
4723681,4723682,18.0,1943388,1,1,17,2,6.0,-9.0,-9.0,-9.0,4.0,722Z,16.0,22813.0,2150.0
4723685,4723686,18.0,1943392,1,2,17,2,1.0,20.0,1.0,15.0,4.0,4523,5.0,22806.0,2146.0
4723686,4723687,18.0,1943393,1,1,17,2,6.0,-9.0,-9.0,15.0,4.0,-9,-9.0,22808.0,2147.0
4723692,4723693,18.0,1943399,1,1,17,2,6.0,5.0,6.0,15.0,4.0,45121,5.0,22810.0,2148.0
4723693,4723694,18.0,1943400,1,1,17,2,1.0,40.0,6.0,-9.0,4.0,5617Z,12.0,22808.0,2147.0
4723698,4723699,18.0,1943405,1,1,17,2,6.0,-9.0,-9.0,-9.0,4.0,442,5.0,22808.0,2147.0
4723699,4723700,18.0,1943406,1,2,17,2,1.0,25.0,3.0,15.0,4.0,611M1,13.0,22806.0,2146.0
4723700,4723701,18.0,1943407,1,1,17,2,1.0,12.0,4.0,15.0,4.0,611M1,13.0,22808.0,2147.0
4723701,4723702,18.0,1943408,1,1,17,2,6.0,-9.0,-9.0,-9.0,4.0,722Z,16.0,22758.0,2127.0
4723711,4723712,18.0,1943418,1,2,17,2,3.0,40.0,5.0,-9.0,4.0,5613,12.0,22808.0,2147.0
4723714,4723715,18.0,1943421,1,2,17,2,6.0,-9.0,-9.0,15.0,4.0,-9,-9.0,22806.0,2146.0
4723720,4723721,18.0,1943427,1,1,17,2,3.0,25.0,6.0,15.0,4.0,722Z,16.0,22808.0,2147.0
4723721,4723722,18.0,1943428,1,1,17,2,1.0,40.0,6.0,-9.0,4.0,5617Z,12.0,22808.0,2147.0
4723723,4723724,18.0,1943430,1,2,17,2,6.0,-9.0,-9.0,-9.0,4.0,-9,-9.0,22806.0,2146.0
4723724,4723725,18.0,1943431,1,1,17,2,6.0,-9.0,-9.0,-9.0,4.0,-9,-9.0,22765.0,2130.0
4723725,4723726,18.0,1943432,1,2,17,2,1.0,35.0,4.0,15.0,3.0,722Z,16.0,22808.0,2147.0
4723726,4723727,18.0,1943433,1,1,17,2,6.0,-9.0,-9.0,-9.0,4.0,-9,-9.0,22808.0,2147.0
4723727,4723728,18.0,1943434,1,2,17,2,6.0,-9.0,-9.0,-9.0,4.0,-9,-9.0,22808.0,2147.0
4723728,4723729,18.0,1943435,1,1,17,2,6.0,-9.0,-9.0,-9.0,4.0,-9,-9.0,22808.0,2147.0
4723736,4723737,18.0,1943443,1,1,17,2,1.0,20.0,1.0,15.0,4.0,611M1,13.0,22815.0,2150.0
4723738,4723739,18.0,1943445,1,2,17,2,6.0,16.0,6.0,13.0,4.0,813M,17.0,22808.0,2147.0
4723741,4723742,18.0,1943448,1,1,17,2,1.0,16.0,3.0,15.0,4.0,611M1,13.0,22808.0,2147.0
4723743,4723744,18.0,1943450,1,2,17,2,3.0,40.0,5.0,-9.0,4.0,5613,12.0,22808.0,2147.0
4723745,4723746,18.0,1943452,1,2,17,2,6.0,32.0,1.0,15.0,4.0,6231,14.0,22808.0,2147.0
4723747,4723748,18.0,1943454,1,2,17,2,1.0,30.0,1.0,15.0,4.0,6244,14.0,22806.0,2146.0
4723748,4723749,18.0,1943455,1,1,17,2,3.0,20.0,6.0,15.0,4.0,5617Z,12.0,22808.0,2147.0
4723750,4723751,18.0,1943457,1,1,17,2,1.0,10.0,5.0,15.0,4.0,611M1,13.0,22806.0,2146.0
4723751,4723752,18.0,1943458,1,2,17,2,3.0,-9.0,-9.0,-9.0,4.0,999920,-9.0,22808.0,2147.0
4723752,4723753,18.0,1943459,1,1,17,2,1.0,12.0,4.0,15.0,4.0,611M1,13.0,22808.0,2147.0
4723757,4723758,18.0,1943464,1,2,17,2,1.0,20.0,5.0,15.0,4.0,611M1,13.0,22808.0,2147.0
4723760,4723761,18.0,1943467,1,1,17,2,6.0,-9.0,-9.0,13.0,4.0,722Z,16.0,22806.0,2146.0
4723761,4723762,18.0,1943468,1,2,17,2,1.0,15.0,5.0,15.0,4.0,6111,13.0,22806.0,2146.0
4723762,4723763,18.0,1943469,1,1,17,2,1.0,9.0,5.0,15.0,4.0,611M1,13.0,22765.0,2130.0
4723766,4723767,18.0,1943473,1,2,17,2,1.0,20.0,6.0,-9.0,4.0,4523,5.0,22765.0,2130.0
4723769,4723770,18.0,1943476,1,1,17,2,6.0,-9.0,-9.0,15.0,4.0,-9,-9.0,22765.0,2130.0
4723772,4723773,18.0,1943479,1,2,17,2,6.0,30.0,5.0,15.0,4.0,336M,3.0,22806.0,2146.0
4723777,4723778,18.0,1943484,1,2,17,2,1.0,14.0,1.0,15.0,4.0,611M1,13.0,22806.0,2146.0
4723787,4723788,18.0,1943494,1,1,17,2,1.0,18.0,6.0,15.0,4.0,813M,17.0,22808.0,2147.0
4723790,4723791,18.0,1943497,1,1,17,2,6.0,-9.0,-9.0,-9.0,4.0,-9,-9.0,22808.0,2147.0
4723796,4723797,18.0,1943503,1,1,17,2,6.0,-9.0,-9.0,-9.0,4.0,722Z,16.0,22808.0,2147.0
4723798,4723799,18.0,1943505,1,2,17,2,1.0,20.0,5.0,15.0,4.0,611M1,13.0,22808.0,2147.0
4723799,4723800,18.0,1943506,1,1,17,2,1.0,35.0,3.0,15.0,4.0,713Z,16.0,22808.0,2147.0
4723803,4723804,18.0,1943510,1,2,17,2,6.0,25.0,6.0,15.0,4.0,722Z,16.0,22808.0,2147.0
4723805,4723806,18.0,1943512,1,1,17,2,6.0,-9.0,-9.0,-9.0,4.0,-9,-9.0,22808.0,2147.0
4723808,4723809,18.0,1943515,1,1,17,2,2.0,18.0,1.0,15.0,4.0,611M1,13.0,22758.0,2127.0
4723809,4723810,18.0,1943516,1,1,17,2,6.0,-9.0,-9.0,-9.0,4.0,-9,-9.0,22808.0,2147.0
4723812,4723813,18.0,1943519,1,2,17,2,1.0,30.0,1.0,15.0,4.0,5241,9.0,22765.0,2130.0
4723814,4723815,18.0,1943521,1,2,17,2,1.0,35.0,4.0,15.0,3.0,722Z,16.0,22808.0,2147.0
4723815,4723816,18.0,1943522,1,1,17,2,6.0,50.0,5.0,16.0,4.0,9211MP,18.0,22814.0,2150.0
4723820,4723821,18.0,1943527,1,1,17,2,1.0,10.0,5.0,15.0,4.0,611M1,13.0,22808.0,2147.0
4723821,4723822,18.0,1943528,1,2,17,2,1.0,4.0,1.0,15.0,4.0,611M1,13.0,22808.0,2147.0
4723824,4723825,18.0,1943531,1,1,17,2,2.0,15.0,1.0,15.0,4.0,611M1,13.0,22808.0,2147.0
4723825,4723826,18.0,1943532,1,1,17,2,3.0,11.0,1.0,15.0,4.0,42393,4.0,22814.0,2150.0
4723827,4723828,18.0,1943534,1,2,17,2,3.0,40.0,5.0,-9.0,4.0,5613,12.0,22808.0,2147.0
4723830,4723831,18.0,1943537,1,1,17,2,6.0,8.0,6.0,15.0,4.0,4511M,5.0,22808.0,2147.0
4723831,4723832,18.0,1943538,1,1,17,2,1.0,16.0,3.0,15.0,4.0,611M1,13.0,22808.0,2147.0
4723835,4723836,18.0,1943542,1,2,17,2,1.0,15.0,6.0,15.0,4.0,611M1,13.0,22808.0,2147.0
4723841,4723842,18.0,1943548,1,2,17,2,1.0,20.0,4.0,15.0,4.0,611M1,13.0,22808.0,2147.0
4723843,4723844,18.0,1943550,1,1,17,2,6.0,-9.0,-9.0,-9.0,4.0,722Z,16.0,22808.0,2147.0
4723844,4723845,18.0,1943551,1,2,17,2,1.0,20.0,1.0,15.0,4.0,611M1,13.0,22808.0,2147.0
4723848,4723849,18.0,1943555,1,1,17,2,1.0,10.0,4.0,15.0,4.0,722Z,16.0,22808.0,2147.0
4723849,4723850,18.0,1943556,1,1,17,2,6.0,25.0,5.0,15.0,4.0,722Z,16.0,22806.0,2146.0
4723851,4723852,18.0,1943558,1,2,17,2,1.0,15.0,6.0,15.0,4.0,611M1,13.0,22808.0,2147.0
4723859,4723860,18.0,1943566,1,1,17,2,3.0,40.0,4.0,15.0,4.0,4523,5.0,22808.0,2147.0
4723860,4723861,18.0,1943567,1,1,17,2,1.0,24.0,1.0,15.0,4.0,611M1,13.0,22806.0,2146.0
4723866,4723867,18.0,1943573,1,2,17,2,6.0,18.0,6.0,15.0,4.0,722Z,16.0,22806.0,2146.0
4723867,4723868,18.0,1943574,1,2,17,2,6.0,-9.0,-9.0,15.0,4.0,-9,-9.0,22808.0,2147.0
4723868,4723869,18.0,1943575,1,1,17,2,6.0,16.0,5.0,15.0,4.0,44511,5.0,22808.0,2147.0
4723870,4723871,18.0,1943577,1,2,17,2,6.0,25.0,5.0,15.0,4.0,5617Z,12.0,22808.0,2147.0
4723872,4723873,18.0,1943579,1,2,17,2,1.0,15.0,5.0,15.0,4.0,6111,13.0,22806.0,2146.0
4723875,4723876,18.0,1943582,1,1,17,2,6.0,-9.0,-9.0,14.0,4.0,-9,-9.0,22808.0,2147.0
4723878,4723879,18.0,1943585,1,2,17,2,3.0,40.0,5.0,-9.0,4.0,5613,12.0,22806.0,2146.0
4723879,4723880,18.0,1943586,1,2,17,2,1.0,14.0,1.0,15.0,4.0,611M1,13.0,22765.0,2130.0
4723883,4723884,18.0,1943590,1,2,17,2,1.0,14.0,4.0,15.0,4.0,611M1,13.0,22815.0,2150.0
4723885,4723886,18.0,1943592,1,1,17,2,1.0,20.0,5.0,15.0,4.0,4523,5.0,22808.0,2147.0
4723888,4723889,18.0,1943595,1,2,17,2,3.0,40.0,5.0,-9.0,4.0,5613,12.0,22765.0,2130.0
4723889,4723890,18.0,1943596,1,1,17,2,6.0,-9.0,-9.0,-9.0,4.0,-9,-9.0,22814.0,2150.0
4723895,4723896,18.0,1943602,1,2,17,2,1.0,25.0,3.0,15.0,4.0,44511,5.0,22765.0,2130.0
4723906,4723907,18.0,1943613,1,1,17,4,3.0,25.0,4.0,15.0,4.0,44413,5.0,22808.0,2147.0
4723908,4723909,18.0,1943615,1,1,17,4,6.0,-9.0,-9.0,15.0,4.0,-9,-9.0,22758.0,2127.0
4723910,4723911,18.0,1943617,1,2,17,4,1.0,3.0,6.0,15.0,4.0,611M1,13.0,22808.0,2147.0
4723913,4723914,18.0,1943620,1,1,17,4,1.0,30.0,1.0,16.0,4.0,611M1,13.0,22806.0,2146.0
4723916,4723917,18.0,1943623,1,1,17,4,1.0,4.0,4.0,15.0,4.0,722Z,16.0,22758.0,2127.0
4723917,4723918,18.0,1943624,1,1,17,4,1.0,10.0,4.0,15.0,4.0,7111,16.0,22808.0,2147.0
4723937,4723938,18.0,1943644,1,1,17,4,6.0,30.0,6.0,15.0,4.0,51913,8.0,22808.0,2147.0
4723938,4723939,18.0,1943645,1,2,17,4,1.0,21.0,4.0,15.0,4.0,722Z,16.0,22808.0,2147.0
4723944,4723945,18.0,1943651,1,1,17,4,6.0,-9.0,-9.0,15.0,4.0,-9,-9.0,22806.0,2146.0
4723947,4723948,18.0,1943654,1,1,17,4,1.0,30.0,1.0,16.0,4.0,611M1,13.0,22806.0,2146.0
4723948,4723949,18.0,1943655,1,2,17,4,1.0,12.0,4.0,15.0,4.0,4511M,5.0,22808.0,2147.0
4723949,4723950,18.0,1943656,1,2,17,4,6.0,7.0,5.0,15.0,4.0,722Z,16.0,22765.0,2130.0
4723951,4723952,18.0,1943658,1,1,17,4,6.0,18.0,6.0,15.0,4.0,562,12.0,22808.0,2147.0
4723955,4723956,18.0,1943662,1,2,17,4,6.0,8.0,5.0,16.0,4.0,5413,10.0,22808.0,2147.0
4723956,4723957,18.0,1943663,1,1,17,4,6.0,30.0,6.0,15.0,4.0,51913,8.0,22808.0,2147.0
4723961,4723962,18.0,1943668,1,2,17,4,6.0,-9.0,-9.0,15.0,4.0,-9,-9.0,22806.0,2146.0
4723968,4723969,18.0,1943675,1,1,17,4,1.0,20.0,4.0,16.0,4.0,611M1,13.0,22765.0,2130.0
4723969,4723970,18.0,1943676,1,1,17,4,1.0,70.0,1.0,15.0,4.0,722Z,16.0,22808.0,2147.0
4723971,4723972,18.0,1943678,1,1,17,4,6.0,5.0,5.0,15.0,4.0,611M1,13.0,22806.0,2146.0
4723975,4723976,18.0,1943682,1,1,17,4,6.0,99.0,6.0,15.0,4.0,721M,16.0,22808.0,2147.0
4723976,4723977,18.0,1943683,1,2,17,4,6.0,40.0,6.0,15.0,4.0,611M1,13.0,22806.0,2146.0
4723981,4723982,18.0,1943688,1,1,17,4,6.0,40.0,6.0,15.0,4.0,23,2.0,22808.0,2147.0
4723982,4723983,18.0,1943689,1,1,17,4,3.0,25.0,4.0,15.0,4.0,44413,5.0,22806.0,2146.0
4723984,4723985,18.0,1943691,1,2,17,4,1.0,12.0,1.0,15.0,4.0,812112,17.0,22808.0,2147.0
4723987,4723988,18.0,1943694,1,1,17,4,6.0,-9.0,-9.0,15.0,4.0,-9,-9.0,22806.0,2146.0
4723992,4723993,18.0,1943699,1,1,17,4,6.0,-9.0,-9.0,15.0,4.0,611M3,13.0,22813.0,2150.0
4723997,4723998,18.0,1943704,1,1,17,4,1.0,20.0,1.0,15.0,4.0,722Z,16.0,22765.0,2130.0
4723999,4724000,18.0,1943706,1,2,17,4,6.0,49.0,4.0,15.0,4.0,721M,16.0,22808.0,2147.0
4724003,4724004,18.0,1943710,1,1,17,4,1.0,4.0,4.0,15.0,4.0,722Z,16.0,22765.0,2130.0
4724005,4724006,18.0,1943712,1,1,17,4,3.0,40.0,5.0,15.0,4.0,56173,12.0,22808.0,2147.0
4724006,4724007,18.0,1943713,1,1,17,4,6.0,-9.0,-9.0,15.0,4.0,611M1,13.0,22808.0,2147.0
4724008,4724009,18.0,1943715,1,1,17,4,6.0,-9.0,-9.0,13.0,4.0,-9,-9.0,22808.0,2147.0
4724013,4724014,18.0,1943720,1,2,17,4,6.0,-9.0,-9.0,15.0,4.0,-9,-9.0,22806.0,2146.0
4724014,4724015,18.0,1943721,1,2,17,4,1.0,4.0,6.0,15.0,4.0,611M1,13.0,22808.0,2147.0
4724018,4724019,18.0,1943725,1,2,17,4,6.0,10.0,4.0,15.0,4.0,623M,14.0,22808.0,2147.0
4724023,4724024,18.0,1943730,1,1,17,4,6.0,40.0,6.0,15.0,4.0,23,2.0,22808.0,2147.0
4724029,4724030,18.0,1943736,1,1,17,4,3.0,25.0,4.0,15.0,4.0,44413,5.0,22806.0,2146.0
4724037,4724038,18.0,1943744,1,2,17,4,6.0,-9.0,-9.0,15.0,4.0,611M3,13.0,22815.0,2150.0
4724042,4724043,18.0,1943749,1,1,17,4,6.0,10.0,4.0,15.0,4.0,722Z,16.0,22760.0,2128.0
4724045,4724046,18.0,1943752,1,2,17,4,6.0,49.0,4.0,15.0,4.0,721M,16.0,22808.0,2147.0
4724046,4724047,18.0,1943753,1,1,17,4,6.0,-9.0,-9.0,15.0,4.0,611M3,13.0,22808.0,2147.0
4724047,4724048,18.0,1943754,1,1,17,4,6.0,99.0,6.0,15.0,4.0,721M,16.0,22806.0,2146.0
4724050,4724051,18.0,1943757,1,1,17,4,6.0,40.0,6.0,15.0,4.0,721M,16.0,22765.0,2130.0
4724051,4724052,18.0,1943758,1,1,17,4,6.0,-9.0,-9.0,15.0,4.0,611M3,13.0,22808.0,2147.0
4724052,4724053,18.0,1943759,1,2,17,4,6.0,40.0,6.0,15.0,4.0,611M1,13.0,22760.0,2128.0
4724056,4724057,18.0,1943763,1,2,17,4,1.0,7.0,5.0,15.0,4.0,611M1,13.0,22808.0,2147.0
4724058,4724059,18.0,1943765,1,2,17,4,6.0,-9.0,-9.0,15.0,4.0,-9,-9.0,22806.0,2146.0
4724060,4724061,18.0,1943767,1,2,17,4,1.0,20.0,2.0,15.0,4.0,5413,10.0,22808.0,2147.0
4724061,4724062,18.0,1943768,1,2,17,4,6.0,-9.0,-9.0,15.0,4.0,-9,-9.0,22808.0,2147.0
4724065,4724066,18.0,1943772,1,2,17,4,6.0,10.0,4.0,15.0,4.0,623M,14.0,22808.0,2147.0
4724067,4724068,18.0,1943774,1,2,17,4,6.0,-9.0,-9.0,15.0,4.0,-9,-9.0,22808.0,2147.0
4724081,4724082,18.0,1943788,1,1,17,4,6.0,20.0,4.0,15.0,4.0,44511,5.0,22806.0,2146.0
4724083,4724084,18.0,1943790,1,1,17,4,1.0,15.0,3.0,15.0,4.0,611M1,13.0,22808.0,2147.0
4724085,4724086,18.0,1943792,1,1,17,4,1.0,4.0,4.0,15.0,4.0,722Z,16.0,22808.0,2147.0
4724087,4724088,18.0,1943794,1,1,17,4,6.0,-9.0,-9.0,15.0,4.0,-9,-9.0,22808.0,2147.0
4724095,4724096,18.0,1943802,1,1,17,4,6.0,-9.0,-9.0,15.0,4.0,334M2,3.0,22808.0,2147.0
4724099,4724100,18.0,1943806,1,1,17,4,6.0,35.0,6.0,15.0,4.0,611M1,13.0,22808.0,2147.0
4724102,4724103,18.0,1943809,1,2,17,4,2.0,12.0,6.0,15.0,4.0,611M1,13.0,22806.0,2146.0
4724105,4724106,18.0,1943812,1,2,17,4,1.0,15.0,1.0,15.0,4.0,713Z,16.0,22810.0,2148.0
4724108,4724109,18.0,1943815,1,2,17,4,6.0,20.0,6.0,15.0,4.0,713Z,16.0,22814.0,2150.0
4724109,4724110,18.0,1943816,1,2,17,4,6.0,-9.0,-9.0,15.0,4.0,-9,-9.0,22758.0,2127.0
4724113,4724114,18.0,1943820,1,1,17,4,6.0,-9.0,-9.0,15.0,4.0,-9,-9.0,22808.0,2147.0
4724114,4724115,18.0,1943821,1,1,17,4,6.0,-9.0,-9.0,15.0,4.0,611M3,13.0,22808.0,2147.0
4724119,4724120,18.0,1943826,1,2,17,4,1.0,10.0,1.0,15.0,4.0,611M1,13.0,22808.0,2147.0
4724120,4724121,18.0,1943827,1,1,17,4,6.0,40.0,6.0,15.0,4.0,23,2.0,22808.0,2147.0
4724124,4724125,18.0,1943831,1,2,17,4,6.0,-9.0,-9.0,15.0,4.0,-9,-9.0,22808.0,2147.0
4724128,4724129,18.0,1943835,1,1,17,4,6.0,-9.0,-9.0,15.0,4.0,611M3,13.0,22808.0,2147.0
4724131,4724132,18.0,1943838,1,2,17,4,6.0,10.0,5.0,15.0,4.0,722Z,16.0,22810.0,2148.0
4724133,4724134,18.0,1943840,1,1,17,4,1.0,25.0,4.0,16.0,4.0,611M1,13.0,22758.0,2127.0
4724136,4724137,18.0,1943843,1,2,17,4,1.0,4.0,6.0,15.0,4.0,611M1,13.0,22808.0,2147.0
4724137,4724138,18.0,1943844,1,2,17,4,6.0,-9.0,-9.0,15.0,4.0,-9,-9.0,22808.0,2147.0
4724140,4724141,18.0,1943847,1,2,17,4,6.0,-9.0,-9.0,15.0,4.0,4523,5.0,22808.0,2147.0
4724146,4724147,18.0,1943853,1,1,17,4,6.0,-9.0,-9.0,15.0,4.0,-9,-9.0,22808.0,2147.0
4724148,4724149,18.0,1943855,1,1,17,4,3.0,-9.0,-9.0,15.0,4.0,443142,5.0,22765.0,2130.0
4724152,4724153,18.0,1943859,1,2,17,4,6.0,-9.0,-9.0,15.0,4.0,6244,14.0,22808.0,2147.0
4724158,4724159,18.0,1943865,1,2,17,4,6.0,5.0,6.0,15.0,4.0,4481,5.0,22808.0,2147.0
4724162,4724163,18.0,1943869,1,2,17,4,6.0,20.0,5.0,15.0,4.0,722Z,16.0,22808.0,2147.0
4724164,4724165,18.0,1943871,1,1,17,4,6.0,7.0,6.0,15.0,4.0,8131,17.0,22765.0,2130.0
4724168,4724169,18.0,1943875,1,1,17,4,1.0,10.0,4.0,15.0,4.0,7115,16.0,22760.0,2128.0
4724176,4724177,18.0,1943883,1,2,17,4,1.0,15.0,4.0,15.0,4.0,44611,5.0,22806.0,2146.0
4724177,4724178,18.0,1943884,1,1,17,4,1.0,40.0,4.0,15.0,4.0,611M3,13.0,22808.0,2147.0
4724185,4724186,18.0,1943892,1,2,17,4,6.0,-9.0,-9.0,15.0,4.0,-9,-9.0,22808.0,2147.0
4724186,4724187,18.0,1943893,1,1,17,4,6.0,-9.0,-9.0,15.0,4.0,334M2,3.0,22765.0,2130.0
4724188,4724189,18.0,1943895,1,1,17,4,1.0,40.0,1.0,-9.0,4.0,4523,5.0,22815.0,2150.0
4724191,4724192,18.0,1943898,1,1,17,4,1.0,20.0,4.0,16.0,4.0,611M1,13.0,22808.0,2147.0
4724196,4724197,18.0,1943903,1,1,17,4,6.0,20.0,5.0,15.0,4.0,4232,4.0,22815.0,2150.0
4724201,4724202,18.0,1943908,1,2,17,4,6.0,-9.0,-9.0,15.0,4.0,-9,-9.0,22808.0,2147.0
4724205,4724206,18.0,1943912,1,2,17,4,6.0,-9.0,-9.0,15.0,4.0,-9,-9.0,22808.0,2147.0
4724206,4724207,18.0,1943913,1,1,17,4,1.0,70.0,1.0,15.0,4.0,722Z,16.0,22808.0,2147.0
4724207,4724208,18.0,1943914,1,2,17,4,6.0,10.0,5.0,15.0,4.0,722Z,16.0,22808.0,2147.0
4724208,4724209,18.0,1943915,1,2,17,4,6.0,-9.0,-9.0,15.0,4.0,-9,-9.0,22808.0,2147.0
4724211,4724212,18.0,1943918,1,1,17,4,1.0,6.0,1.0,15.0,4.0,611M3,13.0,22765.0,2130.0
4724213,4724214,18.0,1943920,1,2,17,4,6.0,-9.0,-9.0,15.0,4.0,4523,5.0,22808.0,2147.0
4724215,4724216,18.0,1943922,1,2,17,4,1.0,15.0,4.0,15.0,4.0,44611,5.0,22765.0,2130.0
4724217,4724218,18.0,1943924,1,2,17,4,1.0,12.0,4.0,15.0,4.0,4511M,5.0,22808.0,2147.0
4724222,4724223,18.0,1943929,1,2,17,4,6.0,-9.0,-9.0,15.0,4.0,-9,-9.0,22808.0,2147.0
4724223,4724224,18.0,1943930,1,1,17,4,6.0,-9.0,-9.0,15.0,4.0,-9,-9.0,22808.0,2147.0
4724224,4724225,18.0,1943931,1,1,17,4,6.0,-9.0,-9.0,15.0,4.0,611M1,13.0,22808.0,2147.0
4724225,4724226,18.0,1943932,1,2,17,4,1.0,10.0,6.0,16.0,4.0,722Z,16.0,22808.0,2147.0
4724229,4724230,18.0,1943936,1,2,17,4,1.0,15.0,1.0,15.0,4.0,713Z,16.0,22808.0,2147.0
4724230,4724231,18.0,1943937,1,2,17,4,1.0,40.0,1.0,16.0,4.0,611M1,13.0,22810.0,2148.0
4724233,4724234,18.0,1943940,1,2,17,4,6.0,-9.0,-9.0,15.0,4.0,-9,-9.0,22808.0,2147.0
4724236,4724237,18.0,1943943,1,1,17,4,1.0,4.0,4.0,15.0,4.0,722Z,16.0,22808.0,2147.0
4724239,4724240,18.0,1943946,1,1,17,4,1.0,10.0,4.0,15.0,4.0,7111,16.0,22765.0,2130.0
4724241,4724242,18.0,1943948,1,1,17,4,1.0,6.0,1.0,15.0,4.0,611M3,13.0,22808.0,2147.0
4724242,4724243,18.0,1943949,1,2,17,4,6.0,13.0,4.0,15.0,4.0,611M1,13.0,22810.0,2148.0
4724253,4724254,18.0,1943960,1,2,17,4,6.0,-9.0,-9.0,15.0,4.0,-9,-9.0,22808.0,2147.0
4724254,4724255,18.0,1943961,1,1,17,4,6.0,25.0,4.0,15.0,4.0,5414,10.0,22808.0,2147.0
4724264,4724265,18.0,1943971,1,2,17,4,6.0,-9.0,-9.0,15.0,4.0,722Z,16.0,22808.0,2147.0
4724265,4724266,18.0,1943972,1,1,17,4,6.0,5.0,5.0,15.0,4.0,611M1,13.0,22808.0,2147.0
4724269,4724270,18.0,1943976,1,2,17,4,6.0,-9.0,-9.0,16.0,4.0,814,17.0,22808.0,2147.0
4724272,4724273,18.0,1943979,1,1,17,4,6.0,-9.0,-9.0,16.0,4.0,336M,3.0,22813.0,2150.0
4724276,4724277,18.0,1943983,1,2,17,4,1.0,20.0,4.0,15.0,4.0,611M1,13.0,22808.0,2147.0
4724281,4724282,18.0,1943988,1,1,17,4,3.0,-9.0,-9.0,15.0,4.0,999920,-9.0,22808.0,2147.0
4724284,4724285,18.0,1943991,1,2,17,4,1.0,15.0,1.0,15.0,4.0,713Z,16.0,22806.0,2146.0
4724287,4724288,18.0,1943994,1,2,17,4,6.0,-9.0,-9.0,15.0,4.0,-9,-9.0,22808.0,2147.0
4724289,4724290,18.0,1943996,1,1,17,4,6.0,40.0,6.0,15.0,4.0,23,2.0,22808.0,2147.0
4724291,4724292,18.0,1943998,1,1,17,4,6.0,8.0,6.0,15.0,4.0,9211MP,18.0,22808.0,2147.0
4724294,4724295,18.0,1944001,1,2,17,4,6.0,10.0,4.0,15.0,4.0,623M,14.0,22765.0,2130.0
4724296,4724297,18.0,1944003,1,2,17,4,1.0,20.0,2.0,15.0,4.0,5413,10.0,22808.0,2147.0
4724297,4724298,18.0,1944004,1,2,17,4,6.0,-9.0,-9.0,16.0,4.0,814,17.0,22810.0,2148.0
4724301,4724302,18.0,1944008,1,2,17,4,6.0,-9.0,-9.0,15.0,4.0,-9,-9.0,22808.0,2147.0
4724309,4724310,18.0,1944016,1,1,17,4,6.0,35.0,6.0,15.0,4.0,611M1,13.0,22806.0,2146.0
4724312,4724313,18.0,1944019,1,1,17,4,6.0,40.0,1.0,14.0,4.0,811192,17.0,22808.0,2147.0
4724314,4724315,18.0,1944021,1,2,17,4,6.0,10.0,4.0,15.0,4.0,623M,14.0,22813.0,2150.0
4724315,4724316,18.0,1944022,1,1,17,4,6.0,8.0,6.0,15.0,4.0,2211P,7.0,22765.0,2130.0
4724318,4724319,18.0,1944025,1,1,17,4,6.0,40.0,6.0,15.0,4.0,23,2.0,22808.0,2147.0
4724320,4724321,18.0,1944027,1,1,17,4,6.0,25.0,4.0,15.0,4.0,5414,10.0,22808.0,2147.0
4724323,4724324,18.0,1944030,1,1,17,4,6.0,-9.0,-9.0,15.0,4.0,-9,-9.0,22765.0,2130.0
4724326,4724327,18.0,1944033,1,1,17,4,6.0,-9.0,-9.0,16.0,4.0,-9,-9.0,22806.0,2146.0
4724327,4724328,18.0,1944034,1,2,17,4,6.0,20.0,6.0,15.0,4.0,713Z,16.0,22808.0,2147.0
4724330,4724331,18.0,1944037,1,2,17,4,6.0,8.0,5.0,16.0,4.0,5413,10.0,22808.0,2147.0
4724332,4724333,18.0,1944039,1,1,17,4,6.0,-9.0,-9.0,15.0,4.0,-9,-9.0,22808.0,2147.0
4724333,4724334,18.0,1944040,1,1,17,4,6.0,-9.0,-9.0,15.0,4.0,-9,-9.0,22808.0,2147.0
4724334,4724335,18.0,1944041,1,2,17,4,6.0,-9.0,-9.0,15.0,4.0,722Z,16.0,22808.0,2147.0
4724335,4724336,18.0,1944042,1,2,17,4,1.0,10.0,6.0,16.0,4.0,722Z,16.0,22808.0,2147.0
4724341,4724342,18.0,1944048,1,2,17,3,6.0,-9.0,-9.0,15.0,4.0,722Z,16.0,22808.0,2147.0
4724342,4724343,18.0,1944049,1,2,17,3,6.0,-9.0,-9.0,14.0,4.0,-9,-9.0,22808.0,2147.0
4724344,4724345,18.0,1944051,1,1,17,3,6.0,35.0,4.0,15.0,4.0,722Z,16.0,22808.0,2147.0
4724345,4724346,18.0,1944052,1,1,17,3,6.0,-9.0,-9.0,15.0,4.0,-9,-9.0,22758.0,2127.0
4724347,4724348,18.0,1944054,1,2,17,3,6.0,50.0,6.0,15.0,4.0,713Z,16.0,22808.0,2147.0
4724349,4724350,18.0,1944056,1,2,17,3,6.0,40.0,6.0,15.0,4.0,713Z,16.0,22806.0,2146.0
4724354,4724355,18.0,1944061,1,1,17,3,6.0,35.0,4.0,15.0,4.0,722Z,16.0,22808.0,2147.0
4724355,4724356,18.0,1944062,1,2,17,3,1.0,30.0,3.0,15.0,4.0,611M1,13.0,22758.0,2127.0
4724360,4724361,18.0,1944067,1,1,17,3,6.0,15.0,6.0,15.0,4.0,4411,5.0,22814.0,2150.0
4724361,4724362,18.0,1944068,1,2,17,3,1.0,5.0,5.0,15.0,4.0,813M,17.0,22808.0,2147.0
4724362,4724363,18.0,1944069,1,2,17,3,1.0,20.0,1.0,15.0,4.0,4539,5.0,22760.0,2128.0
4724363,4724364,18.0,1944070,1,2,17,3,6.0,40.0,6.0,15.0,4.0,336M,3.0,22808.0,2147.0
4724365,4724366,18.0,1944072,1,2,17,3,1.0,50.0,1.0,15.0,4.0,6244,14.0,22806.0,2146.0
4724370,4724371,18.0,1944077,1,1,17,3,1.0,15.0,4.0,15.0,4.0,722Z,16.0,22808.0,2147.0
4724372,4724373,18.0,1944079,1,1,17,3,6.0,-9.0,-9.0,15.0,4.0,-9,-9.0,22808.0,2147.0
4724377,4724378,18.0,1944084,1,2,17,3,6.0,6.0,3.0,15.0,4.0,611M3,13.0,22765.0,2130.0
4724382,4724383,18.0,1944089,1,1,17,3,3.0,40.0,6.0,15.0,4.0,334M1,3.0,22808.0,2147.0
4724383,4724384,18.0,1944090,1,2,17,3,1.0,8.0,6.0,15.0,4.0,611M1,13.0,22808.0,2147.0
4724384,4724385,18.0,1944091,1,1,17,3,6.0,20.0,6.0,15.0,4.0,722Z,16.0,22808.0,2147.0
4724386,4724387,18.0,1944093,1,2,17,3,6.0,24.0,6.0,15.0,4.0,713Z,16.0,22806.0,2146.0
4724387,4724388,18.0,1944094,1,2,17,3,6.0,40.0,6.0,15.0,4.0,336M,3.0,22808.0,2147.0
4724388,4724389,18.0,1944095,1,1,17,3,3.0,40.0,6.0,15.0,4.0,334M1,3.0,22808.0,2147.0
4724389,4724390,18.0,1944096,1,2,17,3,6.0,28.0,6.0,15.0,4.0,713Z,16.0,22806.0,2146.0
4724390,4724391,18.0,1944097,1,1,17,3,3.0,40.0,6.0,15.0,4.0,334M1,3.0,22808.0,2147.0
4724393,4724394,18.0,1944100,1,2,17,3,6.0,18.0,3.0,15.0,4.0,611M1,13.0,22810.0,2148.0
4724395,4724396,18.0,1944102,1,2,17,3,1.0,15.0,1.0,15.0,4.0,722Z,16.0,22808.0,2147.0
4724397,4724398,18.0,1944104,1,1,17,3,6.0,45.0,6.0,15.0,4.0,722Z,16.0,22808.0,2147.0
4724402,4724403,18.0,1944109,1,2,17,3,1.0,50.0,1.0,15.0,4.0,6244,14.0,22808.0,2147.0
4724404,4724405,18.0,1944111,1,1,17,3,6.0,40.0,6.0,15.0,4.0,721M,16.0,22808.0,2147.0
4724406,4724407,18.0,1944113,1,1,17,3,6.0,-9.0,-9.0,15.0,4.0,-9,-9.0,22808.0,2147.0
4724407,4724408,18.0,1944114,1,1,17,3,6.0,-9.0,-9.0,-9.0,4.0,-9,-9.0,22808.0,2147.0
4724408,4724409,18.0,1944115,1,1,17,3,6.0,15.0,6.0,15.0,4.0,4411,5.0,22808.0,2147.0
4724410,4724411,18.0,1944117,1,2,17,3,1.0,15.0,1.0,15.0,4.0,722Z,16.0,22808.0,2147.0
4724411,4724412,18.0,1944118,1,1,17,3,1.0,40.0,5.0,15.0,4.0,611M1,13.0,22808.0,2147.0
4724425,4724426,18.0,1944132,1,2,17,3,6.0,-9.0,-9.0,-9.0,4.0,-9,-9.0,22808.0,2147.0
4724427,4724428,18.0,1944134,1,1,17,3,3.0,-9.0,-9.0,13.0,4.0,999920,-9.0,22806.0,2146.0
4724429,4724430,18.0,1944136,1,2,17,3,6.0,24.0,6.0,15.0,4.0,713Z,16.0,22808.0,2147.0
4724431,4724432,18.0,1944138,1,1,17,3,6.0,14.0,4.0,15.0,4.0,4MS,5.0,22806.0,2146.0
4724432,4724433,18.0,1944139,1,1,17,3,3.0,-9.0,-9.0,13.0,4.0,999920,-9.0,22808.0,2147.0
4724436,4724437,18.0,1944143,1,2,17,1,6.0,-9.0,-9.0,15.0,4.0,-9,-9.0,22808.0,2147.0
4724440,4724441,18.0,1944147,1,1,17,1,6.0,99.0,6.0,15.0,4.0,721M,16.0,22810.0,2148.0
4724450,4724451,18.0,1944157,1,2,17,3,6.0,-9.0,-9.0,15.0,4.0,611M1,13.0,22818.0,2150.0
4724451,4724452,18.0,1944158,1,1,17,2,1.0,15.0,4.0,15.0,4.0,611M1,13.0,22818.0,2150.0
4724453,4724454,18.0,1944160,1,1,17,1,6.0,3.0,6.0,15.0,4.0,6111,13.0,22808.0,2147.0
4724454,4724455,18.0,1944161,1,2,17,4,1.0,20.0,2.0,15.0,4.0,5413,10.0,22808.0,2147.0
4724455,4724456,18.0,1944162,1,2,17,1,6.0,40.0,6.0,15.0,4.0,712,16.0,22808.0,2147.0
4724456,4724457,18.0,1944163,1,2,17,1,1.0,15.0,4.0,15.0,4.0,713Z,16.0,22808.0,2147.0
4724460,4724461,18.0,1944167,1,1,17,1,1.0,25.0,4.0,15.0,4.0,336M,3.0,22808.0,2147.0
4724463,4724464,18.0,1944170,1,2,17,1,6.0,5.0,5.0,15.0,4.0,6111,13.0,22806.0,2146.0
4724464,4724465,18.0,1944171,1,1,17,1,6.0,-9.0,-9.0,15.0,4.0,623M,14.0,22765.0,2130.0
4724465,4724466,18.0,1944172,1,1,17,1,6.0,3.0,6.0,15.0,4.0,611M3,13.0,22815.0,2150.0
4724466,4724467,18.0,1944173,1,1,17,4,3.0,25.0,4.0,15.0,4.0,44413,5.0,22765.0,2130.0
4724470,4724471,18.0,1944177,1,1,17,1,1.0,16.0,3.0,15.0,4.0,611M1,13.0,22806.0,2146.0
4724471,4724472,18.0,1944178,1,2,17,1,1.0,20.0,4.0,15.0,4.0,7111,16.0,22765.0,2130.0
4724474,4724475,18.0,1944181,1,2,17,1,6.0,10.0,6.0,15.0,4.0,44821,5.0,22808.0,2147.0
4724475,4724476,18.0,1944182,1,2,17,1,6.0,-9.0,-9.0,15.0,4.0,-9,-9.0,22806.0,2146.0
4724479,4724480,18.0,1944186,1,2,17,1,6.0,40.0,6.0,15.0,4.0,611M1,13.0,22806.0,2146.0
4724481,4724482,18.0,1944188,1,1,17,1,6.0,25.0,6.0,15.0,4.0,722Z,16.0,22808.0,2147.0
4724482,4724483,18.0,1944189,1,1,17,1,6.0,40.0,6.0,15.0,4.0,611M3,13.0,22808.0,2147.0
4724487,4724488,18.0,1944194,1,1,17,1,2.0,25.0,2.0,15.0,3.0,44512,5.0,22813.0,2150.0
4724492,4724493,18.0,1944199,1,1,17,1,6.0,25.0,4.0,15.0,4.0,23,2.0,22808.0,2147.0
4724494,4724495,18.0,1944201,1,2,17,4,6.0,30.0,6.0,15.0,4.0,722Z,16.0,22765.0,2130.0
4724495,4724496,18.0,1944202,1,1,17,1,6.0,15.0,6.0,15.0,4.0,722Z,16.0,22808.0,2147.0
4724496,4724497,18.0,1944203,1,1,17,1,6.0,35.0,6.0,15.0,4.0,721M,16.0,22806.0,2146.0
4724497,4724498,18.0,1944204,1,1,17,4,6.0,20.0,5.0,15.0,4.0,4232,4.0,22808.0,2147.0
4724505,4724506,18.0,1944212,1,1,17,1,1.0,45.0,1.0,15.0,4.0,2212P,7.0,22765.0,2130.0
4724506,4724507,18.0,1944213,1,2,17,1,6.0,-9.0,-9.0,-9.0,4.0,-9,-9.0,22808.0,2147.0
4724511,4724512,18.0,1944218,1,2,17,1,6.0,6.0,3.0,15.0,4.0,611M3,13.0,22808.0,2147.0
4724515,4724516,18.0,1944222,1,1,17,1,6.0,4.0,6.0,15.0,4.0,611M1,13.0,22806.0,2146.0
4724519,4724520,18.0,1944226,1,2,17,1,1.0,28.0,1.0,15.0,4.0,44821,5.0,22808.0,2147.0
4724521,4724522,18.0,1944228,1,1,17,2,2.0,18.0,1.0,15.0,4.0,611M1,13.0,22765.0,2130.0
4724522,4724523,18.0,1944229,1,1,17,1,6.0,99.0,6.0,15.0,4.0,721M,16.0,22765.0,2130.0
4724523,4724524,18.0,1944230,1,1,17,1,6.0,30.0,3.0,15.0,4.0,51111,8.0,22808.0,2147.0
4724526,4724527,18.0,1944233,1,1,17,1,1.0,16.0,1.0,15.0,4.0,722Z,16.0,22761.0,2128.0
4724528,4724529,18.0,1944235,1,1,17,1,6.0,28.0,5.0,14.0,4.0,44511,5.0,22808.0,2147.0
4724530,4724531,18.0,1944237,1,2,17,1,6.0,20.0,6.0,15.0,4.0,4481,5.0,22808.0,2147.0
4724533,4724534,18.0,1944240,1,2,17,1,6.0,30.0,4.0,15.0,4.0,722Z,16.0,22806.0,2146.0
4724545,4724546,18.0,1944252,1,1,17,1,6.0,30.0,5.0,15.0,4.0,713Z,16.0,22808.0,2147.0
4724546,4724547,18.0,1944253,1,2,17,4,2.0,12.0,6.0,15.0,4.0,611M1,13.0,22808.0,2147.0
4724550,4724551,18.0,1944257,1,1,17,4,6.0,-9.0,-9.0,15.0,4.0,611M3,13.0,22808.0,2147.0
4724551,4724552,18.0,1944258,1,1,17,1,6.0,45.0,6.0,15.0,4.0,52M2,9.0,22806.0,2146.0
4724558,4724559,18.0,1944265,1,2,17,4,1.0,10.0,6.0,16.0,4.0,722Z,16.0,22808.0,2147.0
4724568,4724569,18.0,1944275,1,2,17,1,1.0,11.0,5.0,15.0,4.0,611M1,13.0,22808.0,2147.0
4724569,4724570,18.0,1944276,1,2,17,1,1.0,10.0,6.0,15.0,4.0,44821,5.0,22808.0,2147.0
4724570,4724571,18.0,1944277,1,1,17,1,1.0,10.0,4.0,15.0,4.0,722Z,16.0,22765.0,2130.0
4724571,4724572,18.0,1944278,1,2,17,4,1.0,20.0,6.0,15.0,4.0,722Z,16.0,22808.0,2147.0
4724575,4724576,18.0,1944282,1,2,17,1,6.0,8.0,6.0,15.0,4.0,6244,14.0,22808.0,2147.0
4724578,4724579,18.0,1944285,1,1,17,1,6.0,-9.0,-9.0,15.0,4.0,-9,-9.0,22808.0,2147.0
4724582,4724583,18.0,1944289,1,1,17,1,6.0,40.0,6.0,15.0,4.0,336M,3.0,22808.0,2147.0
4724587,4724588,18.0,1944294,1,2,17,1,6.0,40.0,5.0,15.0,4.0,5413,10.0,22808.0,2147.0
4724590,4724591,18.0,1944297,1,1,17,1,2.0,40.0,1.0,-9.0,4.0,722Z,16.0,22806.0,2146.0
4724591,4724592,18.0,1944298,1,1,17,1,6.0,40.0,6.0,15.0,4.0,336M,3.0,22808.0,2147.0
4724592,4724593,18.0,1944299,1,2,17,1,6.0,8.0,6.0,15.0,4.0,6244,14.0,22806.0,2146.0
4724597,4724598,18.0,1944304,1,1,17,3,1.0,65.0,4.0,15.0,4.0,611M1,13.0,22760.0,2128.0
4724600,4724601,18.0,1944307,1,1,17,1,2.0,20.0,3.0,15.0,4.0,5416,10.0,22814.0,2150.0
4724601,4724602,18.0,1944308,1,2,17,1,6.0,40.0,4.0,15.0,4.0,722Z,16.0,22806.0,2146.0
4724605,4724606,18.0,1944312,1,2,17,1,6.0,40.0,5.0,15.0,4.0,722Z,16.0,22808.0,2147.0
4724607,4724608,18.0,1944314,1,1,17,2,1.0,24.0,1.0,15.0,4.0,611M1,13.0,22808.0,2147.0
4724609,4724610,18.0,1944316,1,2,17,2,3.0,-9.0,-9.0,-9.0,4.0,4244,4.0,22765.0,2130.0
4724611,4724612,18.0,1944318,1,1,17,4,6.0,30.0,6.0,15.0,4.0,51913,8.0,22808.0,2147.0
4724616,4724617,18.0,1944323,1,2,17,1,6.0,15.0,6.0,15.0,4.0,712,16.0,22808.0,2147.0
4724620,4724621,18.0,1944327,1,1,17,4,6.0,8.0,6.0,15.0,4.0,2211P,7.0,22808.0,2147.0
4724628,4724629,18.0,1944335,1,1,17,1,6.0,10.0,6.0,15.0,4.0,3256,3.0,22813.0,2150.0
4724631,4724632,18.0,1944338,1,2,17,1,6.0,30.0,5.0,15.0,4.0,4511M,5.0,22808.0,2147.0
4724635,4724636,18.0,1944342,1,2,17,1,6.0,-9.0,-9.0,15.0,4.0,4511M,5.0,22758.0,2127.0
4724637,4724638,18.0,1944344,1,2,17,1,6.0,25.0,5.0,15.0,4.0,44511,5.0,22808.0,2147.0
4724641,4724642,18.0,1944348,1,1,17,3,6.0,-9.0,-9.0,15.0,4.0,56173,12.0,22808.0,2147.0
4724643,4724644,18.0,1944350,1,2,17,2,6.0,37.0,5.0,15.0,4.0,4481,5.0,22765.0,2130.0
4724645,4724646,18.0,1944352,1,2,17,2,3.0,-9.0,-9.0,-9.0,4.0,999920,-9.0,22765.0,2130.0
4724653,4724654,18.0,1944360,1,1,17,4,6.0,3.0,6.0,15.0,4.0,6111,13.0,22808.0,2147.0
4724654,4724655,18.0,1944361,1,2,17,1,6.0,35.0,6.0,15.0,4.0,713Z,16.0,22765.0,2130.0
4724656,4724657,18.0,1944363,1,1,17,4,1.0,20.0,6.0,15.0,4.0,722Z,16.0,22808.0,2147.0
4724657,4724658,18.0,1944364,1,2,17,4,1.0,20.0,1.0,15.0,4.0,45221,5.0,22765.0,2130.0
4724664,4724665,18.0,1944371,1,2,17,2,6.0,15.0,6.0,15.0,4.0,722Z,16.0,22808.0,2147.0
4724669,4724670,18.0,1944376,1,2,17,4,6.0,7.0,5.0,15.0,4.0,722Z,16.0,22808.0,2147.0
4724673,4724674,18.0,1944380,1,2,17,1,6.0,12.0,4.0,15.0,4.0,722Z,16.0,22808.0,2147.0
4724675,4724676,18.0,1944382,1,2,17,2,6.0,15.0,6.0,15.0,4.0,722Z,16.0,22760.0,2128.0
4724677,4724678,18.0,1944384,1,1,17,1,6.0,20.0,5.0,15.0,4.0,531M,9.0,22808.0,2147.0
4724682,4724683,18.0,1944389,1,2,17,1,6.0,10.0,4.0,15.0,4.0,722Z,16.0,22808.0,2147.0
4724691,4724692,18.0,1944398,1,1,17,4,6.0,-9.0,-9.0,15.0,4.0,-9,-9.0,22808.0,2147.0
4724700,4724701,18.0,1944407,1,2,17,4,6.0,5.0,6.0,15.0,4.0,4481,5.0,22808.0,2147.0
4724708,4724709,18.0,1944415,1,2,17,1,6.0,25.0,6.0,15.0,4.0,814,17.0,22808.0,2147.0
4724709,4724710,18.0,1944416,1,1,17,1,6.0,36.0,6.0,15.0,4.0,722Z,16.0,22808.0,2147.0
4724715,4724716,18.0,1944422,1,1,17,3,6.0,30.0,6.0,15.0,4.0,722Z,16.0,22765.0,2130.0
4724716,4724717,18.0,1944423,1,2,17,1,1.0,18.0,1.0,15.0,4.0,611M1,13.0,22808.0,2147.0
4724717,4724718,18.0,1944424,1,2,17,1,6.0,40.0,5.0,16.0,4.0,5411,10.0,22808.0,2147.0
4724719,4724720,18.0,1944426,1,1,17,1,1.0,25.0,3.0,15.0,4.0,336M,3.0,22806.0,2146.0
4724723,4724724,18.0,1944430,1,2,17,4,6.0,30.0,6.0,15.0,4.0,722Z,16.0,22806.0,2146.0
4724728,4724729,18.0,1944435,1,2,17,1,6.0,20.0,6.0,15.0,4.0,492,6.0,22808.0,2147.0
4724734,4724735,18.0,1944441,1,2,17,4,6.0,-9.0,-9.0,15.0,4.0,-9,-9.0,22808.0,2147.0
4724735,4724736,18.0,1944442,1,1,17,1,6.0,-9.0,-9.0,-9.0,4.0,-9,-9.0,22806.0,2146.0
4724736,4724737,18.0,1944443,1,1,17,1,6.0,20.0,5.0,15.0,4.0,722Z,16.0,22808.0,2147.0
4724739,4724740,18.0,1944446,1,2,17,1,6.0,4.0,5.0,15.0,4.0,712,16.0,22808.0,2147.0
4724743,4724744,18.0,1944450,1,1,17,1,6.0,10.0,6.0,15.0,4.0,3256,3.0,22765.0,2130.0
4724747,4724748,18.0,1944454,1,1,17,1,1.0,5.0,1.0,15.0,4.0,611M1,13.0,22808.0,2147.0
4724748,4724749,18.0,1944455,1,1,17,1,6.0,-9.0,-9.0,15.0,4.0,-9,-9.0,22808.0,2147.0
4724751,4724752,18.0,1944458,1,2,17,1,1.0,30.0,4.0,15.0,4.0,722Z,16.0,22808.0,2147.0
4724755,4724756,18.0,1944462,1,1,17,1,6.0,25.0,6.0,15.0,4.0,4441Z,5.0,22815.0,2150.0
4724757,4724758,18.0,1944464,1,2,17,1,6.0,38.0,5.0,15.0,4.0,713Z,16.0,22808.0,2147.0
4724763,4724764,18.0,1944470,1,1,17,1,6.0,40.0,6.0,15.0,4.0,5419Z,10.0,22808.0,2147.0
4724766,4724767,18.0,1944473,1,2,17,4,6.0,-9.0,-9.0,15.0,4.0,54194,10.0,22808.0,2147.0
4724767,4724768,18.0,1944474,1,1,17,1,3.0,28.0,6.0,15.0,4.0,5616,12.0,22808.0,2147.0
4724768,4724769,18.0,1944475,1,2,17,1,1.0,50.0,5.0,15.0,4.0,611M1,13.0,22806.0,2146.0
4724775,4724776,18.0,1944482,1,2,17,2,1.0,40.0,6.0,-9.0,4.0,5617Z,12.0,22808.0,2147.0
4724777,4724778,18.0,1944484,1,1,17,1,6.0,28.0,6.0,15.0,4.0,6111,13.0,22808.0,2147.0
4724781,4724782,18.0,1944488,1,2,17,1,3.0,1.0,6.0,15.0,4.0,611M3,13.0,22806.0,2146.0
4724782,4724783,18.0,1944489,1,2,17,1,1.0,10.0,5.0,15.0,4.0,611M1,13.0,22808.0,2147.0
4724785,4724786,18.0,1944492,1,1,17,1,6.0,40.0,6.0,15.0,4.0,5419Z,10.0,22808.0,2147.0
4724786,4724787,18.0,1944493,1,2,17,2,6.0,18.0,6.0,15.0,4.0,722Z,16.0,22808.0,2147.0
4724796,4724797,18.0,1944503,1,1,17,1,6.0,16.0,2.0,15.0,4.0,51913,8.0,22808.0,2147.0
4724801,4724802,18.0,1944508,1,2,17,1,1.0,50.0,5.0,15.0,4.0,611M1,13.0,22808.0,2147.0
4724802,4724803,18.0,1944509,1,2,17,1,1.0,30.0,1.0,15.0,4.0,611M1,13.0,22808.0,2147.0
4724803,4724804,18.0,1944510,1,2,17,4,1.0,10.0,6.0,16.0,4.0,722Z,16.0,22806.0,2146.0
4724807,4724808,18.0,1944514,1,1,17,1,3.0,38.0,5.0,15.0,4.0,447,5.0,22808.0,2147.0
4724812,4724813,18.0,1944519,1,2,17,1,1.0,3.0,4.0,15.0,4.0,611M1,13.0,22808.0,2147.0
4724814,4724815,18.0,1944521,1,2,17,1,1.0,25.0,1.0,15.0,4.0,611M1,13.0,22808.0,2147.0
4724817,4724818,18.0,1944524,1,1,17,1,6.0,30.0,5.0,15.0,4.0,23,2.0,22808.0,2147.0
4724819,4724820,18.0,1944526,1,2,17,1,6.0,10.0,5.0,15.0,4.0,722Z,16.0,22808.0,2147.0
4724824,4724825,18.0,1944531,1,2,17,4,6.0,-9.0,-9.0,15.0,4.0,-9,-9.0,22808.0,2147.0
4724827,4724828,18.0,1944534,1,2,17,1,6.0,24.0,6.0,15.0,4.0,53M,9.0,22808.0,2147.0
4724828,4724829,18.0,1944535,1,1,17,1,6.0,40.0,3.0,-9.0,4.0,722Z,16.0,22808.0,2147.0
4724830,4724831,18.0,1944537,1,2,17,2,1.0,4.0,1.0,15.0,4.0,611M1,13.0,22808.0,2147.0
4724835,4724836,18.0,1944542,1,2,17,1,6.0,13.0,6.0,15.0,4.0,611M3,13.0,22808.0,2147.0
4724839,4724840,18.0,1944546,1,1,17,1,6.0,-9.0,-9.0,15.0,4.0,713Z,16.0,22810.0,2148.0
4724840,4724841,18.0,1944547,1,1,17,1,6.0,4.0,3.0,15.0,4.0,713Z,16.0,22808.0,2147.0
4724841,4724842,18.0,1944548,1,2,17,1,1.0,18.0,4.0,15.0,4.0,611M1,13.0,22808.0,2147.0
4724843,4724844,18.0,1944550,1,2,17,1,1.0,40.0,1.0,15.0,4.0,722Z,16.0,22758.0,2127.0
4724844,4724845,18.0,1944551,1,2,17,2,6.0,-9.0,-9.0,-9.0,4.0,-9,-9.0,22808.0,2147.0
4724848,4724849,18.0,1944555,1,2,17,1,1.0,10.0,1.0,15.0,4.0,622M,15.0,22815.0,2150.0
4724853,4724854,18.0,1944560,1,2,17,1,6.0,60.0,6.0,15.0,4.0,45221,5.0,22813.0,2150.0
4724855,4724856,18.0,1944562,1,1,17,1,6.0,20.0,6.0,15.0,4.0,336M,3.0,22808.0,2147.0
4724856,4724857,18.0,1944563,1,2,17,1,6.0,40.0,6.0,15.0,4.0,6244,14.0,22808.0,2147.0
4724862,4724863,18.0,1944569,1,2,17,1,6.0,6.0,6.0,15.0,4.0,6111,13.0,22808.0,2147.0
4724863,4724864,18.0,1944570,1,2,17,2,2.0,25.0,3.0,15.0,4.0,722Z,16.0,22808.0,2147.0
4724864,4724865,18.0,1944571,1,1,17,1,6.0,40.0,3.0,15.0,4.0,23,2.0,22765.0,2130.0
4724868,4724869,18.0,1944575,1,1,17,1,6.0,40.0,5.0,16.0,4.0,33641M1,3.0,22808.0,2147.0
4724870,4724871,18.0,1944577,1,1,17,2,2.0,15.0,1.0,15.0,4.0,611M1,13.0,22815.0,2150.0
4724876,4724877,18.0,1944583,1,2,17,2,3.0,40.0,5.0,-9.0,4.0,5613,12.0,22808.0,2147.0
4724878,4724879,18.0,1944585,1,2,17,1,6.0,40.0,5.0,15.0,4.0,5413,10.0,22808.0,2147.0
4724883,4724884,18.0,1944590,1,1,17,1,1.0,25.0,1.0,15.0,4.0,722Z,16.0,22808.0,2147.0
4724889,4724890,18.0,1944596,1,1,17,1,1.0,18.0,6.0,15.0,4.0,813M,17.0,22765.0,2130.0
4724890,4724891,18.0,1944597,1,2,17,1,6.0,-9.0,-9.0,15.0,4.0,-9,-9.0,22808.0,2147.0
4724891,4724892,18.0,1944598,1,1,17,1,1.0,18.0,1.0,15.0,4.0,611M1,13.0,22808.0,2147.0
4724894,4724895,18.0,1944601,1,2,17,1,1.0,12.0,4.0,15.0,4.0,722Z,16.0,22808.0,2147.0
4724903,4724904,18.0,1944610,1,2,17,1,1.0,25.0,6.0,15.0,4.0,44611,5.0,22808.0,2147.0
4724904,4724905,18.0,1944611,1,1,17,1,6.0,-9.0,-9.0,15.0,4.0,623M,14.0,22765.0,2130.0
4724905,4724906,18.0,1944612,1,2,17,4,6.0,-9.0,-9.0,15.0,4.0,-9,-9.0,22808.0,2147.0
4724907,4724908,18.0,1944614,1,2,17,1,6.0,-9.0,-9.0,15.0,4.0,722Z,16.0,22808.0,2147.0
4724909,4724910,18.0,1944616,1,2,17,1,6.0,6.0,3.0,15.0,4.0,611M3,13.0,22806.0,2146.0
4724911,4724912,18.0,1944618,1,1,17,1,6.0,24.0,6.0,15.0,4.0,44512,5.0,22806.0,2146.0
4724912,4724913,18.0,1944619,1,1,17,1,6.0,40.0,5.0,15.0,4.0,23,2.0,22808.0,2147.0
4724913,4724914,18.0,1944620,1,2,17,4,6.0,-9.0,-9.0,15.0,4.0,-9,-9.0,22765.0,2130.0
4724914,4724915,18.0,1944621,1,1,17,4,6.0,-9.0,-9.0,15.0,4.0,611M3,13.0,22808.0,2147.0
4724915,4724916,18.0,1944622,1,2,17,4,1.0,15.0,4.0,15.0,4.0,44611,5.0,22808.0,2147.0
4724917,4724918,18.0,1944624,1,2,17,1,6.0,8.0,6.0,15.0,4.0,611M3,13.0,22808.0,2147.0
4724920,4724921,18.0,1944627,1,1,17,1,6.0,60.0,1.0,-9.0,4.0,56173,12.0,22808.0,2147.0
4724928,4724929,18.0,1944635,1,2,17,4,1.0,20.0,4.0,15.0,4.0,611M1,13.0,22813.0,2150.0
4724933,4724934,18.0,1944640,1,1,17,4,1.0,6.0,1.0,15.0,4.0,611M3,13.0,22814.0,2150.0
4724936,4724937,18.0,1944643,1,2,17,1,6.0,-9.0,-9.0,15.0,4.0,722Z,16.0,22808.0,2147.0
4724941,4724942,18.0,1944648,1,2,17,1,1.0,10.0,5.0,15.0,4.0,611M1,13.0,22808.0,2147.0
4724943,4724944,18.0,1944650,1,1,17,1,1.0,14.0,6.0,15.0,4.0,611M1,13.0,22808.0,2147.0
4724946,4724947,18.0,1944653,1,2,17,1,6.0,25.0,5.0,15.0,4.0,713Z,16.0,22765.0,2130.0
4724947,4724948,18.0,1944654,1,2,17,3,6.0,-9.0,-9.0,15.0,4.0,722Z,16.0,22806.0,2146.0
4724950,4724951,18.0,1944657,1,1,17,1,2.0,40.0,1.0,-9.0,4.0,722Z,16.0,22815.0,2150.0
4724954,4724955,18.0,1944661,1,1,17,2,3.0,24.0,5.0,15.0,4.0,611M1,13.0,22808.0,2147.0
4724955,4724956,18.0,1944662,1,1,17,1,6.0,20.0,6.0,15.0,4.0,713Z,16.0,22808.0,2147.0
4724956,4724957,18.0,1944663,1,1,17,1,6.0,40.0,6.0,15.0,4.0,5413,10.0,22808.0,2147.0
4724963,4724964,18.0,1944670,1,1,17,1,6.0,40.0,6.0,15.0,4.0,721M,16.0,22806.0,2146.0
4724964,4724965,18.0,1944671,1,2,17,1,6.0,15.0,6.0,15.0,4.0,6241,14.0,22808.0,2147.0
4724966,4724967,18.0,1944673,1,2,17,1,1.0,30.0,6.0,15.0,4.0,45121,5.0,22813.0,2150.0
4724968,4724969,18.0,1944675,1,1,17,1,6.0,32.0,6.0,15.0,4.0,336M,3.0,22808.0,2147.0
4724970,4724971,18.0,1944677,1,1,17,2,6.0,25.0,6.0,15.0,4.0,713Z,16.0,22760.0,2128.0
4724971,4724972,18.0,1944678,1,1,17,2,6.0,25.0,5.0,15.0,4.0,722Z,16.0,22808.0,2147.0
4724976,4724977,18.0,1944683,1,2,17,4,1.0,3.0,6.0,15.0,4.0,611M1,13.0,22808.0,2147.0
4724981,4724982,18.0,1944688,1,1,17,4,6.0,-9.0,-9.0,15.0,4.0,611M3,13.0,22806.0,2146.0
4724983,4724984,18.0,1944690,1,2,17,1,6.0,37.0,6.0,15.0,4.0,713Z,16.0,22808.0,2147.0
4724985,4724986,18.0,1944692,1,2,17,2,6.0,16.0,6.0,13.0,4.0,813M,17.0,22808.0,2147.0
4724986,4724987,18.0,1944693,1,1,17,1,1.0,9.0,1.0,15.0,4.0,611M1,13.0,22808.0,2147.0
4724993,4724994,18.0,1944700,1,1,17,1,3.0,40.0,6.0,15.0,4.0,5413,10.0,22814.0,2150.0
4724994,4724995,18.0,1944701,1,2,17,1,6.0,99.0,6.0,15.0,4.0,721M,16.0,22806.0,2146.0
4724996,4724997,18.0,1944703,1,2,17,1,6.0,-9.0,-9.0,-9.0,4.0,56173,12.0,22814.0,2150.0
4725006,4725007,18.0,1944713,1,1,17,1,6.0,50.0,6.0,15.0,4.0,51913,8.0,22808.0,2147.0
4725008,4725009,18.0,1944715,1,2,17,2,6.0,4.0,6.0,15.0,4.0,814,17.0,22814.0,2150.0
4725009,4725010,18.0,1944716,1,2,17,2,6.0,40.0,5.0,-9.0,4.0,5616,12.0,22808.0,2147.0
4725010,4725011,18.0,1944717,1,2,17,1,6.0,30.0,4.0,15.0,4.0,722Z,16.0,22808.0,2147.0
4725015,4725016,18.0,1944722,1,2,17,1,1.0,19.0,4.0,15.0,4.0,611M1,13.0,22814.0,2150.0
4725016,4725017,18.0,1944723,1,2,17,4,2.0,6.0,6.0,15.0,4.0,722Z,16.0,22808.0,2147.0
4725017,4725018,18.0,1944724,1,1,17,1,1.0,40.0,1.0,-9.0,4.0,5613,12.0,22808.0,2147.0
4725027,4725028,18.0,1944734,1,2,17,1,6.0,10.0,5.0,15.0,4.0,722Z,16.0,22808.0,2147.0
4725036,4725037,18.0,1944743,1,1,17,1,6.0,-9.0,-9.0,15.0,2.0,928P,18.0,22808.0,2147.0
4725039,4725040,18.0,1944746,1,1,17,1,6.0,30.0,5.0,15.0,4.0,722Z,16.0,22808.0,2147.0
4725040,4725041,18.0,1944747,1,1,17,2,6.0,-9.0,-9.0,15.0,4.0,-9,-9.0,22810.0,2148.0
4725045,4725046,18.0,1944752,1,2,17,1,6.0,15.0,6.0,15.0,4.0,6241,14.0,22808.0,2147.0
4725047,4725048,18.0,1944754,1,2,17,3,1.0,5.0,5.0,15.0,4.0,813M,17.0,22806.0,2146.0
4725048,4725049,18.0,1944755,1,2,17,1,1.0,15.0,6.0,15.0,4.0,722Z,16.0,22806.0,2146.0
4725049,4725050,18.0,1944756,1,2,17,1,1.0,12.0,1.0,15.0,4.0,611M1,13.0,22814.0,2150.0
4725050,4725051,18.0,1944757,1,1,17,2,6.0,-9.0,-9.0,15.0,4.0,-9,-9.0,22815.0,2150.0
4725051,4725052,18.0,1944758,1,2,17,4,6.0,30.0,1.0,15.0,4.0,54194,10.0,22806.0,2146.0
4725055,4725056,18.0,1944762,1,2,17,4,6.0,-9.0,-9.0,15.0,4.0,-9,-9.0,22806.0,2146.0
4725057,4725058,18.0,1944764,1,1,17,1,1.0,24.0,3.0,15.0,4.0,5121,8.0,22808.0,2147.0
4725062,4725063,18.0,1944769,1,2,17,1,6.0,60.0,6.0,15.0,4.0,713Z,16.0,22808.0,2147.0
4725065,4725066,18.0,1944772,1,2,17,1,1.0,9.0,4.0,15.0,4.0,6214,14.0,22806.0,2146.0
4725066,4725067,18.0,1944773,1,2,17,1,6.0,20.0,6.0,15.0,4.0,713Z,16.0,22808.0,2147.0
4725068,4725069,18.0,1944775,1,2,17,1,1.0,20.0,4.0,15.0,4.0,7111,16.0,22808.0,2147.0
4725072,4725073,18.0,1944779,1,1,17,1,6.0,12.0,5.0,15.0,4.0,6111,13.0,22806.0,2146.0
4725074,4725075,18.0,1944781,1,1,17,4,6.0,-9.0,-9.0,13.0,4.0,-9,-9.0,22810.0,2148.0
4725075,4725076,18.0,1944782,1,1,17,1,6.0,40.0,4.0,15.0,4.0,4413,5.0,22808.0,2147.0
4725076,4725077,18.0,1944783,1,1,17,1,1.0,30.0,1.0,16.0,4.0,611M1,13.0,22808.0,2147.0
4725077,4725078,18.0,1944784,1,1,17,1,6.0,-9.0,-9.0,15.0,2.0,928P,18.0,22808.0,2147.0
4725079,4725080,18.0,1944786,1,1,17,1,6.0,36.0,6.0,15.0,4.0,722Z,16.0,22808.0,2147.0
4725080,4725081,18.0,1944787,1,1,17,1,6.0,30.0,3.0,15.0,4.0,51111,8.0,22808.0,2147.0
4725082,4725083,18.0,1944789,1,1,17,4,6.0,-9.0,-9.0,16.0,4.0,611M1,13.0,22765.0,2130.0
4725083,4725084,18.0,1944790,1,1,17,4,6.0,-9.0,-9.0,15.0,4.0,-9,-9.0,22806.0,2146.0
4725086,4725087,18.0,1944793,1,1,17,1,6.0,32.0,6.0,15.0,4.0,712,16.0,22808.0,2147.0
4725088,4725089,18.0,1944795,1,2,17,1,6.0,10.0,6.0,15.0,4.0,44821,5.0,22808.0,2147.0
4725089,4725090,18.0,1944796,1,1,17,1,6.0,-9.0,-9.0,15.0,4.0,722Z,16.0,22806.0,2146.0
4725090,4725091,18.0,1944797,1,2,17,1,6.0,40.0,4.0,15.0,4.0,722Z,16.0,22808.0,2147.0
4725091,4725092,18.0,1944798,1,1,17,3,6.0,45.0,6.0,15.0,4.0,722Z,16.0,22808.0,2147.0
4725093,4725094,18.0,1944800,1,2,17,1,6.0,20.0,6.0,15.0,4.0,5617Z,12.0,22808.0,2147.0
4725110,4725111,18.0,1944817,1,1,17,1,6.0,50.0,6.0,15.0,4.0,51913,8.0,22808.0,2147.0
4725111,4725112,18.0,1944818,1,2,17,1,6.0,-9.0,-9.0,15.0,4.0,-9,-9.0,22806.0,2146.0
4725118,4725119,18.0,1944825,1,1,17,1,3.0,50.0,6.0,15.0,4.0,5617Z,12.0,22808.0,2147.0
4725125,4725126,18.0,1944832,1,2,17,2,3.0,40.0,5.0,-9.0,4.0,5613,12.0,22806.0,2146.0
4725127,4725128,18.0,1944834,1,1,17,1,6.0,-9.0,-9.0,15.0,4.0,-9,-9.0,22808.0,2147.0
4725128,4725129,18.0,1944835,1,2,17,1,6.0,30.0,6.0,15.0,4.0,337,3.0,22808.0,2147.0
4725129,4725130,18.0,1944836,1,1,17,1,1.0,45.0,1.0,15.0,4.0,2212P,7.0,22808.0,2147.0
4725130,4725131,18.0,1944837,1,2,17,4,6.0,-9.0,-9.0,15.0,4.0,-9,-9.0,22765.0,2130.0
4725135,4725136,18.0,1944842,1,1,17,3,1.0,20.0,3.0,15.0,4.0,611M1,13.0,22808.0,2147.0
4725136,4725137,18.0,1944843,1,1,17,1,6.0,45.0,6.0,15.0,4.0,23,2.0,22808.0,2147.0
4725137,4725138,19.0,1944844,1,2,17,1,6.0,26.0,5.0,15.0,4.0,814,17.0,22808.0,2147.0
4725140,4725141,19.0,1944847,1,2,17,1,6.0,5.0,5.0,15.0,4.0,6111,13.0,22808.0,2147.0
4725141,4725142,19.0,1944848,1,2,17,1,1.0,9.0,4.0,15.0,4.0,6214,14.0,22761.0,2128.0
4725143,4725144,19.0,1944850,1,1,17,1,6.0,40.0,6.0,15.0,4.0,611M3,13.0,22765.0,2130.0
4725146,4725147,19.0,1944853,1,2,17,1,1.0,15.0,6.0,15.0,4.0,4481,5.0,22808.0,2147.0
4725150,4725151,19.0,1944857,1,2,17,1,6.0,-9.0,-9.0,15.0,4.0,2211P,7.0,22765.0,2130.0
4725155,4725156,19.0,1944862,1,1,17,1,6.0,40.0,6.0,15.0,4.0,5417,10.0,22806.0,2146.0
4725156,4725157,19.0,1944863,1,1,17,1,6.0,-9.0,-9.0,15.0,4.0,-9,-9.0,22808.0,2147.0
4725160,4725161,19.0,1944867,1,2,17,1,6.0,-9.0,-9.0,15.0,4.0,-9,-9.0,22808.0,2147.0
4725161,4725162,19.0,1944868,1,1,17,1,6.0,23.0,5.0,15.0,4.0,713Z,16.0,22806.0,2146.0
4725162,4725163,19.0,1944869,1,1,17,1,6.0,50.0,5.0,15.0,4.0,336M,3.0,22808.0,2147.0
4725163,4725164,19.0,1944870,1,1,17,1,1.0,4.0,5.0,15.0,4.0,611M3,13.0,22808.0,2147.0
4725165,4725166,19.0,1944872,1,2,17,1,6.0,-9.0,-9.0,15.0,4.0,-9,-9.0,22808.0,2147.0
4725170,4725171,19.0,1944877,1,1,17,1,6.0,-9.0,-9.0,-9.0,4.0,443142,5.0,22765.0,2130.0
4725172,4725173,19.0,1944879,1,2,17,1,6.0,15.0,6.0,15.0,4.0,722Z,16.0,22808.0,2147.0
4725173,4725174,19.0,1944880,1,2,17,1,6.0,24.0,4.0,15.0,4.0,713Z,16.0,22813.0,2150.0
4725178,4725179,19.0,1944885,1,2,17,1,1.0,10.0,5.0,15.0,4.0,611M1,13.0,22808.0,2147.0
4725180,4725181,19.0,1944887,1,2,17,1,3.0,25.0,6.0,15.0,4.0,722Z,16.0,22758.0,2127.0
4725182,4725183,19.0,1944889,1,2,17,1,1.0,30.0,1.0,15.0,4.0,5415,10.0,22808.0,2147.0
4725183,4725184,19.0,1944890,1,2,17,1,6.0,36.0,5.0,15.0,4.0,611M3,13.0,22808.0,2147.0
4725185,4725186,19.0,1944892,1,1,17,1,6.0,25.0,5.0,-9.0,4.0,722Z,16.0,22808.0,2147.0
4725186,4725187,19.0,1944893,1,1,17,1,6.0,-9.0,-9.0,15.0,4.0,-9,-9.0,22765.0,2130.0
4725187,4725188,19.0,1944894,1,1,17,1,6.0,-9.0,-9.0,-9.0,4.0,443142,5.0,22808.0,2147.0
4725189,4725190,19.0,1944896,1,2,17,1,6.0,9.0,6.0,15.0,4.0,721M,16.0,22808.0,2147.0
4725191,4725192,19.0,1944898,1,2,17,1,6.0,-9.0,-9.0,15.0,4.0,-9,-9.0,22814.0,2150.0
4725193,4725194,19.0,1944900,1,1,17,1,6.0,20.0,6.0,15.0,4.0,336M,3.0,22810.0,2148.0
4725206,4725207,19.0,1944913,1,2,17,1,6.0,-9.0,-9.0,15.0,4.0,-9,-9.0,22808.0,2147.0
4725208,4725209,19.0,1944915,1,1,17,1,1.0,24.0,3.0,15.0,4.0,5121,8.0,22765.0,2130.0
4725210,4725211,19.0,1944917,1,2,17,1,1.0,15.0,4.0,15.0,4.0,44611,5.0,22765.0,2130.0
4725211,4725212,19.0,1944918,1,2,17,1,6.0,35.0,6.0,15.0,4.0,713Z,16.0,22806.0,2146.0
4725219,4725220,19.0,1944926,1,2,17,1,1.0,36.0,1.0,15.0,4.0,622M,15.0,22808.0,2147.0
4725223,4725224,19.0,1944930,1,2,17,1,1.0,50.0,6.0,15.0,4.0,5415,10.0,22808.0,2147.0
4725228,4725229,19.0,1944935,1,2,17,1,1.0,10.0,5.0,16.0,4.0,611M1,13.0,22765.0,2130.0
4725230,4725231,19.0,1944937,1,1,17,1,6.0,10.0,6.0,15.0,4.0,56173,12.0,22806.0,2146.0
4725233,4725234,19.0,1944940,1,2,17,1,1.0,30.0,5.0,15.0,4.0,55,11.0,22806.0,2146.0
4725235,4725236,19.0,1944942,1,2,17,1,6.0,-9.0,-9.0,15.0,4.0,722Z,16.0,22808.0,2147.0
4725237,4725238,19.0,1944944,1,1,17,1,1.0,4.0,5.0,15.0,4.0,611M3,13.0,22765.0,2130.0
4725240,4725241,19.0,1944947,1,2,17,1,6.0,40.0,5.0,15.0,4.0,5413,10.0,22808.0,2147.0
4725241,4725242,19.0,1944948,1,1,17,1,6.0,-9.0,-9.0,-9.0,4.0,-9,-9.0,22808.0,2147.0
4725242,4725243,19.0,1944949,1,1,17,1,6.0,25.0,6.0,15.0,4.0,9211MP,18.0,22808.0,2147.0
4725246,4725247,19.0,1944953,1,2,17,1,1.0,18.0,4.0,15.0,4.0,611M1,13.0,22808.0,2147.0
4725249,4725250,19.0,1944956,1,2,17,1,6.0,4.0,5.0,15.0,4.0,611M3,13.0,22808.0,2147.0
4725254,4725255,19.0,1944961,1,1,17,1,6.0,39.0,5.0,15.0,4.0,713Z,16.0,22808.0,2147.0
4725256,4725257,19.0,1944963,1,2,17,1,6.0,28.0,4.0,15.0,4.0,611M1,13.0,22806.0,2146.0
4725259,4725260,19.0,1944966,1,2,17,1,1.0,40.0,2.0,-9.0,4.0,5412,10.0,22808.0,2147.0
4725260,4725261,19.0,1944967,1,2,17,1,1.0,18.0,1.0,15.0,4.0,721M,16.0,22808.0,2147.0
4725266,4725267,19.0,1944973,1,2,17,1,6.0,40.0,6.0,15.0,4.0,713Z,16.0,22808.0,2147.0
4725267,4725268,19.0,1944974,1,1,17,1,1.0,20.0,3.0,15.0,4.0,611M1,13.0,22765.0,2130.0
4725268,4725269,19.0,1944975,1,2,17,1,6.0,40.0,5.0,15.0,4.0,713Z,16.0,22765.0,2130.0
4725270,4725271,19.0,1944977,1,2,17,1,1.0,50.0,5.0,15.0,4.0,611M1,13.0,22806.0,2146.0
4725277,4725278,19.0,1944984,1,2,17,1,6.0,6.0,6.0,15.0,4.0,722Z,16.0,22808.0,2147.0
4725278,4725279,19.0,1944985,1,1,17,1,6.0,40.0,5.0,15.0,4.0,722Z,16.0,22808.0,2147.0
4725282,4725283,19.0,1944989,1,1,17,1,1.0,25.0,3.0,15.0,4.0,336M,3.0,22814.0,2150.0
4725284,4725285,19.0,1944991,1,1,17,1,6.0,20.0,4.0,15.0,4.0,4244,4.0,22808.0,2147.0
4725286,4725287,19.0,1944993,1,1,17,1,1.0,23.0,5.0,15.0,4.0,622M,15.0,22808.0,2147.0
4725289,4725290,19.0,1944996,1,1,17,1,6.0,40.0,6.0,15.0,4.0,5413,10.0,22806.0,2146.0
4725292,4725293,19.0,1944999,1,2,17,1,6.0,-9.0,-9.0,15.0,4.0,-9,-9.0,22808.0,2147.0
4725293,4725294,19.0,1945000,1,2,17,1,6.0,10.0,4.0,15.0,4.0,722Z,16.0,22808.0,2147.0
4725295,4725296,19.0,1945002,1,1,17,1,2.0,20.0,4.0,15.0,4.0,6111,13.0,22806.0,2146.0
4725303,4725304,19.0,1945010,1,1,17,1,6.0,20.0,5.0,15.0,4.0,722Z,16.0,22815.0,2150.0
4725306,4725307,19.0,1945013,1,2,17,1,6.0,-9.0,-9.0,15.0,4.0,-9,-9.0,22808.0,2147.0
4725308,4725309,19.0,1945015,1,2,17,1,6.0,16.0,2.0,15.0,4.0,722Z,16.0,22808.0,2147.0
4725311,4725312,19.0,1945018,1,2,17,1,6.0,40.0,6.0,15.0,4.0,6244,14.0,22808.0,2147.0
4725315,4725316,19.0,1945022,1,1,17,1,6.0,38.0,6.0,15.0,4.0,611M1,13.0,22806.0,2146.0
4725319,4725320,19.0,1945026,1,2,17,1,6.0,23.0,5.0,15.0,4.0,722Z,16.0,22806.0,2146.0
4725322,4725323,19.0,1945029,1,1,17,1,6.0,-9.0,-9.0,-9.0,4.0,-9,-9.0,22808.0,2147.0
4725326,4725327,19.0,1945033,1,2,17,1,6.0,-9.0,-9.0,-9.0,4.0,722Z,16.0,22806.0,2146.0
4725333,4725334,19.0,1945040,1,2,17,1,6.0,23.0,5.0,15.0,4.0,722Z,16.0,22806.0,2146.0
4725334,4725335,19.0,1945041,1,2,17,1,6.0,20.0,4.0,15.0,4.0,722Z,16.0,22815.0,2150.0
4725336,4725337,19.0,1945043,1,2,17,1,6.0,-9.0,-9.0,15.0,4.0,-9,-9.0,22808.0,2147.0
4725340,4725341,19.0,1945047,1,2,17,1,1.0,25.0,1.0,15.0,4.0,611M1,13.0,22808.0,2147.0
4725343,4725344,19.0,1945050,1,2,17,1,1.0,7.0,4.0,15.0,4.0,611M1,13.0,22808.0,2147.0
4725349,4725350,19.0,1945056,1,2,17,1,6.0,6.0,6.0,15.0,4.0,6211,14.0,22808.0,2147.0
4725350,4725351,19.0,1945057,1,1,17,1,1.0,20.0,5.0,15.0,4.0,611M1,13.0,22808.0,2147.0
4725354,4725355,19.0,1945061,1,2,17,1,6.0,25.0,5.0,15.0,4.0,44511,5.0,22806.0,2146.0
4725366,4725367,19.0,1945073,1,2,17,1,1.0,12.0,4.0,15.0,4.0,611M1,13.0,22808.0,2147.0
4725373,4725374,19.0,1945080,1,1,17,1,6.0,-9.0,-9.0,15.0,4.0,623M,14.0,22808.0,2147.0
4725374,4725375,19.0,1945081,1,1,17,1,6.0,60.0,1.0,-9.0,4.0,56173,12.0,22808.0,2147.0
4725376,4725377,19.0,1945083,1,1,17,1,6.0,40.0,6.0,15.0,4.0,23,2.0,22808.0,2147.0
4725377,4725378,19.0,1945084,1,2,17,1,6.0,26.0,5.0,15.0,4.0,814,17.0,22808.0,2147.0
4725378,4725379,19.0,1945085,1,2,17,1,6.0,9.0,6.0,15.0,4.0,721M,16.0,22808.0,2147.0
4725382,4725383,19.0,1945089,1,1,17,1,6.0,40.0,6.0,15.0,4.0,336M,3.0,22808.0,2147.0
4725390,4725391,19.0,1945097,1,2,17,1,1.0,15.0,4.0,15.0,4.0,713Z,16.0,22808.0,2147.0
4725395,4725396,19.0,1945102,1,2,17,1,6.0,20.0,6.0,15.0,4.0,713Z,16.0,22806.0,2146.0
4725396,4725397,19.0,1945103,1,2,17,1,6.0,-9.0,-9.0,15.0,4.0,-9,-9.0,22818.0,2150.0
4725397,4725398,19.0,1945104,1,2,17,1,6.0,25.0,5.0,15.0,4.0,722Z,16.0,22808.0,2147.0
4725400,4725401,19.0,1945107,1,1,17,1,6.0,-9.0,-9.0,15.0,4.0,-9,-9.0,22808.0,2147.0
4725402,4725403,19.0,1945109,1,1,17,1,1.0,24.0,3.0,15.0,4.0,5121,8.0,22806.0,2146.0
4725410,4725411,19.0,1945117,1,2,17,1,1.0,30.0,1.0,15.0,4.0,611M1,13.0,22808.0,2147.0
4725414,4725415,19.0,1945121,1,2,17,1,1.0,20.0,1.0,15.0,4.0,611M1,13.0,22808.0,2147.0
4725416,4725417,19.0,1945123,1,2,17,1,1.0,12.0,4.0,15.0,4.0,611M1,13.0,22808.0,2147.0
4725418,4725419,19.0,1945125,1,2,17,1,1.0,25.0,1.0,15.0,4.0,611M1,13.0,22765.0,2130.0
4725419,4725420,19.0,1945126,1,2,17,1,6.0,25.0,5.0,15.0,4.0,44511,5.0,22808.0,2147.0
4725422,4725423,19.0,1945129,1,1,17,1,6.0,4.0,3.0,15.0,4.0,713Z,16.0,22815.0,2150.0
4725428,4725429,19.0,1945135,1,2,17,1,6.0,-9.0,-9.0,15.0,4.0,-9,-9.0,22765.0,2130.0
4725429,4725430,19.0,1945136,1,1,17,1,1.0,35.0,5.0,15.0,4.0,611M1,13.0,22806.0,2146.0
4725434,4725435,19.0,1945141,1,2,17,1,1.0,25.0,6.0,15.0,4.0,44611,5.0,22808.0,2147.0
4725436,4725437,19.0,1945143,1,1,17,1,6.0,-9.0,-9.0,16.0,4.0,813M,17.0,22758.0,2127.0
4725439,4725440,19.0,1945146,1,2,17,1,1.0,30.0,1.0,15.0,4.0,611M1,13.0,22806.0,2146.0
4725440,4725441,19.0,1945147,1,2,17,1,6.0,-9.0,-9.0,-9.0,4.0,56173,12.0,22765.0,2130.0
4725442,4725443,19.0,1945149,1,2,17,1,1.0,18.0,1.0,15.0,4.0,721M,16.0,22815.0,2150.0
4725452,4725453,19.0,1945159,1,1,17,1,6.0,20.0,6.0,15.0,4.0,722Z,16.0,22808.0,2147.0
4725457,4725458,19.0,1945164,1,1,17,1,1.0,5.0,5.0,15.0,4.0,611M1,13.0,22808.0,2147.0
4725459,4725460,19.0,1945166,1,1,17,1,6.0,40.0,3.0,-9.0,4.0,722Z,16.0,22761.0,2128.0
4725462,4725463,19.0,1945169,1,2,17,1,1.0,5.0,5.0,15.0,4.0,611M1,13.0,22806.0,2146.0
4725464,4725465,19.0,1945171,1,1,17,1,3.0,40.0,6.0,15.0,4.0,5617Z,12.0,22806.0,2146.0
4725468,4725469,19.0,1945175,1,1,17,1,6.0,22.0,6.0,15.0,4.0,4523,5.0,22808.0,2147.0
4725469,4725470,19.0,1945176,1,2,17,1,1.0,15.0,5.0,15.0,4.0,722Z,16.0,22808.0,2147.0
4725472,4725473,19.0,1945179,1,1,17,1,6.0,4.0,3.0,15.0,4.0,713Z,16.0,22808.0,2147.0
4725476,4725477,19.0,1945183,1,2,17,1,6.0,-9.0,-9.0,15.0,4.0,-9,-9.0,22765.0,2130.0
4725482,4725483,19.0,1945189,1,1,17,1,6.0,14.0,3.0,15.0,4.0,722Z,16.0,22806.0,2146.0
4725488,4725489,19.0,1945195,1,1,17,1,1.0,14.0,1.0,16.0,4.0,611M1,13.0,22808.0,2147.0
4725492,4725493,19.0,1945199,1,2,17,1,3.0,25.0,5.0,15.0,4.0,44511,5.0,22808.0,2147.0
4725493,4725494,19.0,1945200,1,1,17,1,6.0,42.0,6.0,15.0,4.0,713Z,16.0,22806.0,2146.0
4725495,4725496,19.0,1945202,1,2,17,1,6.0,30.0,6.0,15.0,4.0,9211MP,18.0,22808.0,2147.0
4725497,4725498,19.0,1945204,1,2,17,1,1.0,12.0,4.0,15.0,4.0,722Z,16.0,22808.0,2147.0
4725501,4725502,19.0,1945208,1,1,17,1,6.0,50.0,5.0,16.0,4.0,9211MP,18.0,22765.0,2130.0
4725502,4725503,19.0,1945209,1,1,17,1,6.0,40.0,5.0,15.0,4.0,23,2.0,22808.0,2147.0
4725503,4725504,19.0,1945210,1,1,17,1,6.0,6.0,5.0,15.0,4.0,4442,5.0,22765.0,2130.0
4725504,4725505,19.0,1945211,1,2,17,1,6.0,-9.0,-9.0,15.0,4.0,-9,-9.0,22808.0,2147.0
4725505,4725506,19.0,1945212,1,2,17,1,6.0,40.0,5.0,15.0,4.0,713Z,16.0,22808.0,2147.0
4725506,4725507,19.0,1945213,1,1,17,1,1.0,15.0,1.0,15.0,4.0,611M1,13.0,22808.0,2147.0
4725509,4725510,19.0,1945216,1,2,17,1,6.0,-9.0,-9.0,15.0,4.0,722Z,16.0,22806.0,2146.0
4725514,4725515,19.0,1945221,1,1,17,1,6.0,40.0,6.0,15.0,4.0,5419Z,10.0,22808.0,2147.0
4725519,4725520,19.0,1945226,1,1,17,1,3.0,20.0,6.0,15.0,4.0,6241,14.0,22808.0,2147.0
4725525,4725526,19.0,1945232,1,2,17,1,3.0,15.0,4.0,15.0,4.0,814,17.0,22808.0,2147.0
4725526,4725527,19.0,1945233,1,2,17,1,1.0,15.0,4.0,15.0,4.0,611M1,13.0,22765.0,2130.0
4725533,4725534,19.0,1945240,1,1,17,1,6.0,40.0,5.0,15.0,4.0,712,16.0,22808.0,2147.0
4725534,4725535,19.0,1945241,1,1,17,1,6.0,-9.0,-9.0,-9.0,4.0,-9,-9.0,22806.0,2146.0
4725536,4725537,19.0,1945243,1,2,17,1,6.0,38.0,5.0,15.0,4.0,713Z,16.0,22808.0,2147.0
4725537,4725538,19.0,1945244,1,2,17,1,1.0,11.0,5.0,15.0,4.0,611M1,13.0,22814.0,2150.0
4725539,4725540,19.0,1945246,1,1,17,1,1.0,25.0,4.0,15.0,4.0,336M,3.0,22806.0,2146.0
4725543,4725544,19.0,1945250,1,1,17,1,6.0,6.0,5.0,15.0,4.0,4442,5.0,22765.0,2130.0
4725544,4725545,19.0,1945251,1,1,17,1,6.0,8.0,6.0,15.0,4.0,5412,10.0,22808.0,2147.0
4725545,4725546,19.0,1945252,1,1,17,1,6.0,10.0,4.0,15.0,4.0,44413,5.0,22806.0,2146.0
4725546,4725547,19.0,1945253,1,2,17,1,6.0,14.0,5.0,15.0,4.0,722Z,16.0,22806.0,2146.0
4725548,4725549,19.0,1945255,1,1,17,1,1.0,10.0,1.0,15.0,4.0,5617Z,12.0,22806.0,2146.0
4725549,4725550,19.0,1945256,1,2,17,1,6.0,40.0,6.0,15.0,4.0,6244,14.0,22808.0,2147.0
4725551,4725552,19.0,1945258,1,1,17,1,1.0,6.0,1.0,15.0,4.0,611M1,13.0,22808.0,2147.0
4725552,4725553,19.0,1945259,1,2,17,1,1.0,30.0,1.0,15.0,4.0,44511,5.0,22808.0,2147.0
4725553,4725554,19.0,1945260,1,2,17,1,3.0,1.0,6.0,15.0,4.0,611M3,13.0,22765.0,2130.0
4725554,4725555,19.0,1945261,1,2,17,1,1.0,15.0,4.0,15.0,4.0,713Z,16.0,22808.0,2147.0
4725564,4725565,19.0,1945271,1,2,17,1,6.0,32.0,6.0,15.0,4.0,52M2,9.0,22758.0,2127.0
4725565,4725566,19.0,1945272,1,1,17,1,6.0,-9.0,-9.0,-9.0,4.0,443142,5.0,22808.0,2147.0
4725567,4725568,19.0,1945274,1,1,17,1,6.0,60.0,1.0,-9.0,4.0,56173,12.0,22765.0,2130.0
4725579,4725580,19.0,1945286,1,1,17,1,1.0,5.0,5.0,15.0,4.0,611M1,13.0,22765.0,2130.0
4725580,4725581,19.0,1945287,1,1,17,1,1.0,5.0,6.0,15.0,4.0,611M1,13.0,22808.0,2147.0
4725583,4725584,19.0,1945290,1,1,17,1,6.0,12.0,6.0,15.0,4.0,5121,8.0,22808.0,2147.0
4725585,4725586,19.0,1945292,1,1,17,1,6.0,20.0,4.0,15.0,4.0,4244,4.0,22765.0,2130.0
4725586,4725587,19.0,1945293,1,2,17,1,6.0,10.0,4.0,15.0,4.0,611M1,13.0,22808.0,2147.0
4725587,4725588,19.0,1945294,1,2,17,1,6.0,16.0,2.0,15.0,4.0,722Z,16.0,22813.0,2150.0
4725589,4725590,19.0,1945296,1,1,17,1,6.0,40.0,5.0,15.0,4.0,443142,5.0,22808.0,2147.0
4725590,4725591,19.0,1945297,1,1,17,1,2.0,20.0,3.0,15.0,4.0,5416,10.0,22808.0,2147.0
4725594,4725595,19.0,1945301,1,2,17,1,1.0,10.0,1.0,15.0,4.0,611M1,13.0,22810.0,2148.0
4725604,4725605,19.0,1945311,1,1,17,1,6.0,-9.0,-9.0,15.0,4.0,23,2.0,22808.0,2147.0
4725608,4725609,19.0,1945315,1,1,17,1,3.0,20.0,3.0,15.0,4.0,611M1,13.0,22808.0,2147.0
4725611,4725612,19.0,1945318,1,2,17,1,1.0,8.0,4.0,15.0,4.0,611M1,13.0,22808.0,2147.0
4725612,4725613,19.0,1945319,1,1,17,1,6.0,-9.0,-9.0,16.0,4.0,722Z,16.0,22808.0,2147.0
4725619,4725620,19.0,1945326,1,1,17,1,6.0,30.0,5.0,15.0,4.0,5614,12.0,22808.0,2147.0
4725620,4725621,19.0,1945327,1,1,17,1,6.0,-9.0,-9.0,15.0,4.0,-9,-9.0,22806.0,2146.0
4725621,4725622,19.0,1945328,1,1,17,1,6.0,-9.0,-9.0,15.0,4.0,-9,-9.0,22808.0,2147.0
4725622,4725623,19.0,1945329,1,2,17,1,6.0,20.0,6.0,15.0,4.0,492,6.0,22815.0,2150.0
4725625,4725626,19.0,1945332,1,1,17,1,6.0,20.0,6.0,15.0,4.0,722Z,16.0,22808.0,2147.0
4725626,4725627,19.0,1945333,1,1,17,1,1.0,17.0,5.0,15.0,4.0,611M1,13.0,22806.0,2146.0
4725628,4725629,19.0,1945335,1,1,17,1,6.0,30.0,6.0,15.0,4.0,111,1.0,22806.0,2146.0
4725629,4725630,19.0,1945336,1,2,17,1,3.0,15.0,4.0,15.0,4.0,814,17.0,22808.0,2147.0
4725632,4725633,19.0,1945339,1,2,17,1,6.0,-9.0,-9.0,15.0,4.0,-9,-9.0,22808.0,2147.0
4725635,4725636,19.0,1945342,1,2,17,1,6.0,20.0,5.0,15.0,4.0,5112,8.0,22808.0,2147.0
4725636,4725637,19.0,1945343,1,1,17,1,1.0,18.0,6.0,15.0,4.0,813M,17.0,22806.0,2146.0
4725644,4725645,19.0,1945351,1,1,17,1,1.0,17.0,5.0,15.0,4.0,611M1,13.0,22808.0,2147.0
4725652,4725653,19.0,1945359,1,2,17,1,1.0,16.0,5.0,15.0,4.0,611M1,13.0,22760.0,2128.0
4725655,4725656,19.0,1945362,1,2,17,1,6.0,99.0,6.0,15.0,4.0,721M,16.0,22808.0,2147.0
4725660,4725661,19.0,1945367,1,2,17,1,1.0,30.0,1.0,15.0,4.0,44511,5.0,22808.0,2147.0
4725663,4725664,19.0,1945370,1,1,17,1,1.0,20.0,5.0,15.0,4.0,515,8.0,22808.0,2147.0
4725666,4725667,19.0,1945373,1,2,17,1,6.0,84.0,6.0,15.0,4.0,721M,16.0,22808.0,2147.0
4725667,4725668,19.0,1945374,1,2,17,1,6.0,-9.0,-9.0,-9.0,4.0,-9,-9.0,22815.0,2150.0
4725671,4725672,19.0,1945378,1,1,17,1,6.0,40.0,5.0,15.0,4.0,23,2.0,22808.0,2147.0
4725676,4725677,19.0,1945383,1,1,17,1,6.0,15.0,4.0,15.0,4.0,611M1,13.0,22808.0,2147.0
4725677,4725678,19.0,1945384,1,1,17,1,6.0,25.0,6.0,15.0,4.0,722Z,16.0,22814.0,2150.0
4725678,4725679,19.0,1945385,1,2,17,1,6.0,20.0,6.0,15.0,4.0,492,6.0,22808.0,2147.0
4725680,4725681,19.0,1945387,1,2,17,1,6.0,40.0,5.0,16.0,4.0,5411,10.0,22808.0,2147.0
4725683,4725684,19.0,1945390,1,2,17,1,6.0,-9.0,-9.0,15.0,4.0,-9,-9.0,22806.0,2146.0
4725690,4725691,19.0,1945397,1,2,17,1,6.0,8.0,6.0,15.0,4.0,814,17.0,22765.0,2130.0
4725696,4725697,19.0,1945403,1,2,17,1,3.0,4.0,6.0,15.0,4.0,6244,14.0,22765.0,2130.0
4725699,4725700,19.0,1945406,1,1,17,1,6.0,-9.0,-9.0,-9.0,4.0,-9,-9.0,22808.0,2147.0
4725701,4725702,19.0,1945408,1,2,17,1,6.0,-9.0,-9.0,-9.0,4.0,722Z,16.0,22808.0,2147.0
4725705,4725706,19.0,1945412,1,2,17,1,1.0,60.0,1.0,15.0,4.0,722Z,16.0,22814.0,2150.0
4725709,4725710,19.0,1945416,1,2,17,1,1.0,30.0,1.0,15.0,4.0,44511,5.0,22808.0,2147.0
4725710,4725711,19.0,1945417,1,1,17,1,6.0,-9.0,-9.0,15.0,4.0,623M,14.0,22765.0,2130.0
4725714,4725715,19.0,1945421,1,2,17,1,1.0,15.0,6.0,15.0,4.0,4481,5.0,22808.0,2147.0
4725716,4725717,19.0,1945423,1,2,17,1,1.0,30.0,1.0,15.0,4.0,5415,10.0,22765.0,2130.0
4725719,4725720,19.0,1945426,1,2,17,1,6.0,10.0,6.0,15.0,4.0,45321,5.0,22808.0,2147.0
4725720,4725721,19.0,1945427,1,2,17,1,6.0,40.0,5.0,15.0,4.0,713Z,16.0,22808.0,2147.0
4725722,4725723,19.0,1945429,1,2,17,1,6.0,-9.0,-9.0,15.0,4.0,2211P,7.0,22765.0,2130.0
4725723,4725724,19.0,1945430,1,1,17,1,6.0,38.0,6.0,15.0,4.0,611M3,13.0,22808.0,2147.0
4725727,4725728,19.0,1945434,1,2,17,1,6.0,72.0,6.0,15.0,4.0,721M,16.0,22765.0,2130.0
4725732,4725733,19.0,1945439,1,2,17,1,6.0,-9.0,-9.0,15.0,4.0,-9,-9.0,22808.0,2147.0
4725737,4725738,19.0,1945444,1,2,17,1,6.0,-9.0,-9.0,15.0,4.0,-9,-9.0,22808.0,2147.0
4725740,4725741,19.0,1945447,1,2,17,1,6.0,-9.0,-9.0,15.0,4.0,-9,-9.0,22806.0,2146.0
4725743,4725744,19.0,1945450,1,2,17,1,1.0,10.0,6.0,15.0,4.0,44821,5.0,22808.0,2147.0
4725746,4725747,19.0,1945453,1,2,17,1,6.0,-9.0,-9.0,-9.0,4.0,56173,12.0,22808.0,2147.0
4725748,4725749,19.0,1945455,1,2,17,1,1.0,25.0,6.0,15.0,4.0,44611,5.0,22808.0,2147.0
4725749,4725750,19.0,1945456,1,1,17,1,6.0,40.0,5.0,15.0,4.0,23,2.0,22808.0,2147.0
4725752,4725753,19.0,1945459,1,1,17,1,6.0,45.0,6.0,15.0,4.0,23,2.0,22808.0,2147.0
4725754,4725755,19.0,1945461,1,2,17,1,6.0,99.0,6.0,15.0,4.0,721M,16.0,22765.0,2130.0
4725755,4725756,19.0,1945462,1,1,17,1,6.0,8.0,6.0,15.0,4.0,722Z,16.0,22765.0,2130.0
4725756,4725757,19.0,1945463,1,2,17,1,6.0,10.0,6.0,15.0,4.0,44821,5.0,22808.0,2147.0
4725757,4725758,19.0,1945464,1,2,17,1,6.0,-9.0,-9.0,15.0,4.0,-9,-9.0,22758.0,2127.0
4725764,4725765,19.0,1945471,1,1,17,1,1.0,25.0,4.0,15.0,4.0,336M,3.0,22808.0,2147.0
4725767,4725768,19.0,1945474,1,2,17,1,1.0,14.0,1.0,15.0,4.0,611M1,13.0,22808.0,2147.0
4725769,4725770,19.0,1945476,1,2,17,1,6.0,-9.0,-9.0,15.0,4.0,-9,-9.0,22808.0,2147.0
4725771,4725772,19.0,1945478,1,1,17,1,1.0,10.0,4.0,15.0,4.0,722Z,16.0,22806.0,2146.0
4725772,4725773,19.0,1945479,1,1,17,1,6.0,20.0,6.0,15.0,4.0,4511M,5.0,22808.0,2147.0
4725777,4725778,19.0,1945484,1,2,17,1,1.0,30.0,4.0,15.0,4.0,722Z,16.0,22808.0,2147.0
4725778,4725779,19.0,1945485,1,2,17,1,6.0,20.0,6.0,15.0,4.0,4481,5.0,22808.0,2147.0
4725784,4725785,19.0,1945491,1,2,17,1,1.0,16.0,5.0,15.0,4.0,611M1,13.0,22808.0,2147.0
4725786,4725787,19.0,1945493,1,2,17,1,6.0,30.0,2.0,15.0,4.0,8129,17.0,22815.0,2150.0
4725794,4725795,19.0,1945501,1,1,17,1,2.0,40.0,1.0,-9.0,4.0,722Z,16.0,22808.0,2147.0
4725799,4725800,19.0,1945506,1,2,17,1,1.0,30.0,6.0,15.0,4.0,45121,5.0,22808.0,2147.0
4725802,4725803,19.0,1945509,1,2,17,1,6.0,35.0,5.0,15.0,4.0,713Z,16.0,22808.0,2147.0
4725803,4725804,19.0,1945510,1,1,17,1,1.0,20.0,4.0,15.0,4.0,712,16.0,22808.0,2147.0
4725804,4725805,19.0,1945511,1,2,17,1,1.0,30.0,1.0,15.0,4.0,611M1,13.0,22765.0,2130.0
4725806,4725807,19.0,1945513,1,1,17,1,6.0,20.0,6.0,15.0,4.0,722Z,16.0,22808.0,2147.0
4725807,4725808,19.0,1945514,1,1,17,1,6.0,30.0,5.0,15.0,4.0,713Z,16.0,22808.0,2147.0
4725808,4725809,19.0,1945515,1,2,17,1,1.0,15.0,6.0,15.0,4.0,5313,9.0,22808.0,2147.0
4725812,4725813,19.0,1945519,1,2,17,1,1.0,20.0,5.0,15.0,4.0,611M1,13.0,22765.0,2130.0
4725813,4725814,19.0,1945520,1,2,17,1,1.0,25.0,1.0,15.0,4.0,611M1,13.0,22808.0,2147.0
4725815,4725816,19.0,1945522,1,1,17,1,6.0,20.0,3.0,15.0,4.0,722Z,16.0,22808.0,2147.0
4725817,4725818,19.0,1945524,1,2,17,1,6.0,40.0,5.0,15.0,4.0,713Z,16.0,22808.0,2147.0
4725818,4725819,19.0,1945525,1,2,17,1,6.0,-9.0,-9.0,15.0,4.0,-9,-9.0,22808.0,2147.0
4725820,4725821,19.0,1945527,1,2,17,1,1.0,25.0,1.0,15.0,4.0,611M1,13.0,22808.0,2147.0
4725823,4725824,19.0,1945530,1,1,17,1,1.0,13.0,1.0,15.0,4.0,611M1,13.0,22810.0,2148.0
4725824,4725825,19.0,1945531,1,2,17,1,1.0,30.0,4.0,15.0,4.0,722Z,16.0,22808.0,2147.0
4725829,4725830,19.0,1945536,1,2,17,1,1.0,7.0,4.0,15.0,4.0,611M1,13.0,22808.0,2147.0
4725835,4725836,19.0,1945542,1,2,17,1,6.0,5.0,6.0,15.0,4.0,56173,12.0,22808.0,2147.0
4725839,4725840,19.0,1945546,1,1,17,1,6.0,30.0,5.0,15.0,4.0,23,2.0,22808.0,2147.0
4725841,4725842,19.0,1945548,1,2,17,1,6.0,20.0,6.0,15.0,4.0,611M3,13.0,22808.0,2147.0
4725843,4725844,19.0,1945550,1,1,17,1,6.0,40.0,6.0,15.0,4.0,611M3,13.0,22760.0,2128.0
4725847,4725848,19.0,1945554,1,1,17,1,1.0,25.0,1.0,15.0,4.0,611M1,13.0,22808.0,2147.0
4725851,4725852,19.0,1945558,1,1,17,1,3.0,20.0,6.0,15.0,4.0,6241,14.0,22808.0,2147.0
4725856,4725857,19.0,1945563,1,2,17,1,1.0,8.0,4.0,15.0,4.0,611M1,13.0,22806.0,2146.0
4725860,4725861,19.0,1945567,1,1,17,1,2.0,20.0,1.0,15.0,4.0,722Z,16.0,22808.0,2147.0
4725861,4725862,19.0,1945568,1,2,17,1,1.0,25.0,1.0,16.0,4.0,611M1,13.0,22810.0,2148.0
4725864,4725865,19.0,1945571,1,2,17,1,1.0,24.0,1.0,15.0,4.0,611M1,13.0,22808.0,2147.0
4725868,4725869,19.0,1945575,1,1,17,1,1.0,15.0,4.0,15.0,4.0,44511,5.0,22808.0,2147.0
4725872,4725873,19.0,1945579,1,2,17,1,6.0,49.0,4.0,15.0,4.0,721M,16.0,22808.0,2147.0
4725889,4725890,19.0,1945596,1,2,17,1,6.0,6.0,6.0,15.0,4.0,6111,13.0,22806.0,2146.0
4725893,4725894,19.0,1945600,1,2,17,1,1.0,16.0,1.0,15.0,4.0,722Z,16.0,22806.0,2146.0
4725895,4725896,19.0,1945602,1,1,17,1,6.0,40.0,6.0,15.0,4.0,336M,3.0,22813.0,2150.0
4725896,4725897,19.0,1945603,1,2,17,1,6.0,30.0,4.0,15.0,4.0,722Z,16.0,22808.0,2147.0
4725898,4725899,19.0,1945605,1,2,17,1,6.0,-9.0,-9.0,15.0,4.0,722Z,16.0,22806.0,2146.0
4725901,4725902,19.0,1945608,1,2,17,1,6.0,-9.0,-9.0,-9.0,4.0,-9,-9.0,22808.0,2147.0
4725910,4725911,19.0,1945617,1,1,17,1,6.0,4.0,3.0,15.0,4.0,713Z,16.0,22808.0,2147.0
4725914,4725915,19.0,1945621,1,2,17,1,1.0,11.0,5.0,15.0,4.0,611M1,13.0,22808.0,2147.0
4725917,4725918,19.0,1945624,1,2,17,1,1.0,20.0,1.0,15.0,4.0,611M1,13.0,22806.0,2146.0
4725918,4725919,19.0,1945625,1,1,17,1,2.0,40.0,1.0,-9.0,4.0,722Z,16.0,22808.0,2147.0
4725920,4725921,19.0,1945627,1,2,17,1,6.0,-9.0,-9.0,15.0,4.0,-9,-9.0,22765.0,2130.0
4725926,4725927,19.0,1945633,1,1,17,1,6.0,3.0,6.0,15.0,4.0,6111,13.0,22818.0,2150.0
4725929,4725930,19.0,1945636,1,1,17,1,6.0,30.0,5.0,15.0,4.0,4452,5.0,22806.0,2146.0
4725930,4725931,19.0,1945637,1,1,17,1,6.0,-9.0,-9.0,15.0,4.0,611M1,13.0,22808.0,2147.0
4725931,4725932,19.0,1945638,1,2,17,1,1.0,9.0,4.0,15.0,4.0,6214,14.0,22806.0,2146.0
4725932,4725933,19.0,1945639,1,2,17,1,6.0,-9.0,-9.0,-9.0,4.0,-9,-9.0,22760.0,2128.0
4725936,4725937,19.0,1945643,1,2,17,1,1.0,7.0,4.0,15.0,4.0,611M1,13.0,22808.0,2147.0
4725937,4725938,19.0,1945644,1,1,17,1,6.0,14.0,4.0,15.0,4.0,4MS,5.0,22815.0,2150.0
4725947,4725948,19.0,1945654,1,2,17,1,1.0,15.0,2.0,15.0,4.0,611M1,13.0,22808.0,2147.0
4725949,4725950,19.0,1945656,1,1,17,1,6.0,40.0,3.0,-9.0,4.0,722Z,16.0,22758.0,2127.0
4725950,4725951,19.0,1945657,1,1,17,1,6.0,-9.0,-9.0,-9.0,4.0,-9,-9.0,22808.0,2147.0
4725953,4725954,19.0,1945660,1,1,17,1,3.0,20.0,1.0,16.0,4.0,611M1,13.0,22808.0,2147.0
4725967,4725968,19.0,1945674,1,1,17,1,6.0,25.0,6.0,15.0,4.0,4441Z,5.0,22806.0,2146.0
4725971,4725972,19.0,1945678,1,1,17,1,1.0,15.0,4.0,15.0,4.0,44511,5.0,22808.0,2147.0
4725976,4725977,19.0,1945683,1,2,17,1,1.0,25.0,6.0,15.0,4.0,44611,5.0,22808.0,2147.0
4725977,4725978,19.0,1945684,1,2,17,1,6.0,35.0,6.0,15.0,4.0,9211MP,18.0,22808.0,2147.0
4725979,4725980,19.0,1945686,1,1,17,1,3.0,50.0,6.0,15.0,4.0,5617Z,12.0,22808.0,2147.0
4725990,4725991,19.0,1945697,1,2,17,1,1.0,8.0,6.0,15.0,4.0,6243,14.0,22808.0,2147.0
4725995,4725996,19.0,1945702,1,2,17,1,1.0,15.0,3.0,15.0,4.0,611M1,13.0,22806.0,2146.0
4725999,4726000,19.0,1945706,1,2,17,1,6.0,12.0,3.0,15.0,4.0,722Z,16.0,22808.0,2147.0
4726001,4726002,19.0,1945708,1,1,17,1,6.0,3.0,5.0,15.0,4.0,721M,16.0,22806.0,2146.0
4726002,4726003,19.0,1945709,1,2,17,1,6.0,99.0,6.0,15.0,4.0,721M,16.0,22808.0,2147.0
4726005,4726006,19.0,1945712,1,2,17,1,1.0,30.0,1.0,-9.0,4.0,8131,17.0,22808.0,2147.0
4726012,4726013,19.0,1945719,1,1,17,1,1.0,40.0,1.0,15.0,4.0,484,6.0,22808.0,2147.0
4726013,4726014,19.0,1945720,1,1,17,1,6.0,20.0,6.0,15.0,4.0,722Z,16.0,22814.0,2150.0
4726018,4726019,19.0,1945725,1,1,17,1,1.0,11.0,1.0,15.0,4.0,56173,12.0,22808.0,2147.0
4726021,4726022,19.0,1945728,1,1,17,1,1.0,18.0,1.0,15.0,4.0,611M1,13.0,22806.0,2146.0
4726025,4726026,19.0,1945732,1,2,17,1,1.0,23.0,2.0,15.0,4.0,611M1,13.0,22814.0,2150.0
4726026,4726027,19.0,1945733,1,2,17,1,1.0,10.0,5.0,15.0,4.0,722Z,16.0,22808.0,2147.0
4726031,4726032,19.0,1945738,1,1,17,1,6.0,30.0,3.0,15.0,4.0,44511,5.0,22806.0,2146.0
4726044,4726045,19.0,1945751,1,2,17,1,6.0,-9.0,-9.0,15.0,4.0,-9,-9.0,22806.0,2146.0
4726045,4726046,19.0,1945752,1,1,17,1,6.0,30.0,3.0,15.0,4.0,44511,5.0,22808.0,2147.0
4726046,4726047,19.0,1945753,1,1,17,1,1.0,20.0,2.0,15.0,4.0,611M1,13.0,22758.0,2127.0
4726048,4726049,19.0,1945755,1,1,17,1,6.0,35.0,6.0,15.0,4.0,813M,17.0,22808.0,2147.0
4726049,4726050,19.0,1945756,1,2,17,1,6.0,20.0,6.0,15.0,4.0,492,6.0,22808.0,2147.0
4726050,4726051,19.0,1945757,1,1,17,1,6.0,20.0,6.0,15.0,4.0,5121,8.0,22808.0,2147.0
4726055,4726056,19.0,1945762,1,1,17,1,6.0,-9.0,-9.0,-9.0,4.0,-9,-9.0,22808.0,2147.0
4726057,4726058,19.0,1945764,1,1,17,1,6.0,-9.0,-9.0,15.0,4.0,-9,-9.0,22765.0,2130.0
4726059,4726060,19.0,1945766,1,2,17,1,1.0,25.0,6.0,15.0,4.0,44611,5.0,22806.0,2146.0
4726063,4726064,19.0,1945770,1,1,17,1,6.0,-9.0,-9.0,15.0,4.0,-9,-9.0,22808.0,2147.0
4726069,4726070,19.0,1945776,1,2,17,1,1.0,15.0,6.0,15.0,4.0,722Z,16.0,22818.0,2150.0
4726081,4726082,19.0,1945788,1,2,17,1,6.0,-9.0,-9.0,15.0,4.0,-9,-9.0,22806.0,2146.0
4726082,4726083,19.0,1945789,1,1,17,1,1.0,20.0,4.0,15.0,4.0,4233,4.0,22808.0,2147.0
4726084,4726085,19.0,1945791,1,1,17,1,6.0,40.0,6.0,15.0,4.0,5413,10.0,22808.0,2147.0
4726085,4726086,19.0,1945792,1,2,17,1,1.0,10.0,6.0,15.0,4.0,44821,5.0,22808.0,2147.0
4726089,4726090,19.0,1945796,1,2,17,1,6.0,25.0,5.0,15.0,4.0,722Z,16.0,22808.0,2147.0
4726092,4726093,19.0,1945799,1,1,17,1,6.0,30.0,6.0,15.0,4.0,722Z,16.0,22806.0,2146.0
4726093,4726094,19.0,1945800,1,2,17,1,1.0,20.0,5.0,15.0,4.0,611M1,13.0,22808.0,2147.0
4726094,4726095,19.0,1945801,1,2,17,1,6.0,4.0,6.0,15.0,4.0,6244,14.0,22806.0,2146.0
4726101,4726102,19.0,1945808,1,1,17,1,1.0,5.0,5.0,15.0,4.0,611M1,13.0,22765.0,2130.0
4726103,4726104,19.0,1945810,1,1,17,1,1.0,10.0,1.0,15.0,4.0,611M1,13.0,22765.0,2130.0
4726106,4726107,19.0,1945813,1,2,17,1,1.0,30.0,1.0,-9.0,4.0,8131,17.0,22814.0,2150.0
4726113,4726114,19.0,1945820,1,1,17,1,6.0,40.0,5.0,15.0,4.0,713Z,16.0,22808.0,2147.0
4726118,4726119,19.0,1945825,1,1,17,1,1.0,8.0,4.0,15.0,4.0,45121,5.0,22765.0,2130.0
4726120,4726121,19.0,1945827,1,2,17,1,6.0,40.0,6.0,15.0,4.0,713Z,16.0,22806.0,2146.0
4726127,4726128,19.0,1945834,1,2,17,1,6.0,35.0,5.0,15.0,4.0,713Z,16.0,22808.0,2147.0
4726128,4726129,19.0,1945835,1,2,17,1,6.0,24.0,6.0,15.0,4.0,4523,5.0,22765.0,2130.0
4726129,4726130,19.0,1945836,1,1,17,1,6.0,12.0,5.0,15.0,4.0,6111,13.0,22808.0,2147.0
4726130,4726131,19.0,1945837,1,1,17,1,1.0,30.0,1.0,16.0,4.0,611M1,13.0,22808.0,2147.0
4726131,4726132,19.0,1945838,1,1,17,1,6.0,32.0,6.0,15.0,4.0,336M,3.0,22808.0,2147.0
4726133,4726134,19.0,1945840,1,1,17,1,1.0,33.0,5.0,15.0,4.0,611M1,13.0,22815.0,2150.0
4726146,4726147,19.0,1945853,1,2,17,1,1.0,5.0,6.0,15.0,4.0,611M1,13.0,22808.0,2147.0
4726149,4726150,19.0,1945856,1,1,17,1,6.0,4.0,3.0,15.0,4.0,713Z,16.0,22808.0,2147.0
4726150,4726151,19.0,1945857,1,2,17,1,6.0,40.0,6.0,15.0,4.0,712,16.0,22808.0,2147.0
4726152,4726153,19.0,1945859,1,1,17,1,6.0,30.0,5.0,15.0,4.0,5614,12.0,22806.0,2146.0
4726156,4726157,19.0,1945863,1,1,17,1,6.0,-9.0,-9.0,15.0,4.0,611M1,13.0,22808.0,2147.0
4726159,4726160,19.0,1945866,1,1,17,1,6.0,24.0,6.0,15.0,4.0,44511,5.0,22806.0,2146.0
4726161,4726162,19.0,1945868,1,1,17,1,6.0,-9.0,-9.0,15.0,4.0,-9,-9.0,22808.0,2147.0
4726164,4726165,19.0,1945871,1,1,17,1,1.0,8.0,1.0,15.0,4.0,611M1,13.0,22815.0,2150.0
4726168,4726169,19.0,1945875,1,2,17,1,6.0,99.0,6.0,15.0,4.0,721M,16.0,22808.0,2147.0
4726170,4726171,19.0,1945877,1,2,17,1,1.0,20.0,4.0,15.0,4.0,611M1,13.0,22808.0,2147.0
4726171,4726172,19.0,1945878,1,1,17,1,6.0,-9.0,-9.0,-9.0,4.0,443142,5.0,22806.0,2146.0
4726172,4726173,19.0,1945879,1,1,17,1,6.0,20.0,3.0,15.0,4.0,722Z,16.0,22808.0,2147.0
4726179,4726180,19.0,1945886,1,2,17,1,3.0,4.0,6.0,15.0,4.0,6244,14.0,22806.0,2146.0
4726183,4726184,19.0,1945890,1,2,17,1,1.0,30.0,1.0,15.0,4.0,722Z,16.0,22813.0,2150.0
4726187,4726188,19.0,1945894,1,1,17,1,6.0,30.0,5.0,15.0,4.0,713Z,16.0,22808.0,2147.0
4726190,4726191,19.0,1945897,1,2,17,1,6.0,40.0,6.0,15.0,4.0,713Z,16.0,22808.0,2147.0
4726191,4726192,19.0,1945898,1,1,17,1,6.0,20.0,3.0,15.0,4.0,722Z,16.0,22808.0,2147.0
4726194,4726195,19.0,1945901,1,1,17,1,6.0,28.0,5.0,14.0,4.0,44511,5.0,22808.0,2147.0
4726195,4726196,19.0,1945902,1,2,17,1,6.0,30.0,4.0,15.0,4.0,722Z,16.0,22808.0,2147.0
4726197,4726198,19.0,1945904,1,1,17,1,6.0,-9.0,-9.0,15.0,4.0,813M,17.0,22808.0,2147.0
4726198,4726199,19.0,1945905,1,2,17,1,1.0,40.0,2.0,-9.0,4.0,5412,10.0,22806.0,2146.0
4726202,4726203,19.0,1945909,1,1,17,1,6.0,-9.0,-9.0,15.0,4.0,-9,-9.0,22808.0,2147.0
4726205,4726206,19.0,1945912,1,1,17,1,6.0,38.0,5.0,15.0,4.0,33641M1,3.0,22808.0,2147.0
4726206,4726207,19.0,1945913,1,2,17,1,6.0,26.0,5.0,15.0,4.0,814,17.0,22765.0,2130.0
4726210,4726211,19.0,1945917,1,1,17,1,1.0,20.0,4.0,15.0,4.0,4233,4.0,22765.0,2130.0
4726212,4726213,19.0,1945919,1,1,17,1,6.0,-9.0,-9.0,-9.0,4.0,-9,-9.0,22808.0,2147.0
4726218,4726219,19.0,1945925,1,1,17,1,1.0,11.0,1.0,15.0,4.0,56173,12.0,22808.0,2147.0
4726222,4726223,19.0,1945929,1,2,17,1,1.0,3.0,6.0,15.0,4.0,611M1,13.0,22808.0,2147.0
4726227,4726228,19.0,1945934,1,2,17,1,6.0,20.0,6.0,15.0,4.0,713Z,16.0,22765.0,2130.0
4726233,4726234,19.0,1945940,1,2,17,1,6.0,6.0,6.0,15.0,4.0,6244,14.0,22808.0,2147.0
4726234,4726235,19.0,1945941,1,1,17,1,6.0,-9.0,-9.0,15.0,4.0,722Z,16.0,22808.0,2147.0
4726236,4726237,19.0,1945943,1,1,17,1,6.0,12.0,5.0,15.0,4.0,8129,17.0,22808.0,2147.0
4726242,4726243,19.0,1945949,1,1,17,1,1.0,13.0,1.0,15.0,4.0,611M1,13.0,22808.0,2147.0
4726244,4726245,19.0,1945951,1,2,17,1,6.0,5.0,6.0,15.0,4.0,56173,12.0,22808.0,2147.0
4726248,4726249,19.0,1945955,1,1,17,1,6.0,-9.0,-9.0,15.0,4.0,6111,13.0,22808.0,2147.0
4726251,4726252,19.0,1945958,1,2,17,1,1.0,20.0,4.0,15.0,4.0,611M1,13.0,22808.0,2147.0
4726253,4726254,19.0,1945960,1,2,17,1,1.0,32.0,5.0,15.0,4.0,611M1,13.0,22808.0,2147.0
4726255,4726256,19.0,1945962,1,1,17,1,6.0,6.0,5.0,15.0,4.0,4442,5.0,22808.0,2147.0
4726260,4726261,19.0,1945967,1,2,17,1,1.0,10.0,4.0,15.0,4.0,611M1,13.0,22806.0,2146.0
4726262,4726263,19.0,1945969,1,2,17,1,6.0,30.0,5.0,15.0,4.0,4511M,5.0,22808.0,2147.0
4726263,4726264,19.0,1945970,1,1,17,1,6.0,20.0,6.0,15.0,4.0,336M,3.0,22810.0,2148.0
4726265,4726266,19.0,1945972,1,1,17,1,6.0,60.0,1.0,-9.0,4.0,56173,12.0,22808.0,2147.0
4726272,4726273,19.0,1945979,1,2,17,1,6.0,-9.0,-9.0,-9.0,4.0,722Z,16.0,22808.0,2147.0
4726286,4726287,19.0,1945993,1,1,17,1,6.0,20.0,6.0,15.0,4.0,5121,8.0,22808.0,2147.0
4726291,4726292,19.0,1945998,1,1,17,1,3.0,50.0,6.0,15.0,4.0,5617Z,12.0,22808.0,2147.0
4726293,4726294,19.0,1946000,1,2,17,1,1.0,9.0,5.0,15.0,4.0,722Z,16.0,22808.0,2147.0
4726297,4726298,19.0,1946004,1,2,17,1,1.0,15.0,4.0,15.0,4.0,611M1,13.0,22808.0,2147.0
4726298,4726299,19.0,1946005,1,1,17,1,6.0,60.0,1.0,-9.0,4.0,56173,12.0,22808.0,2147.0
4726301,4726302,19.0,1946008,1,1,17,1,6.0,2.0,6.0,16.0,4.0,5419Z,10.0,22808.0,2147.0
4726306,4726307,19.0,1946013,1,1,17,1,2.0,20.0,3.0,15.0,4.0,5416,10.0,22808.0,2147.0
4726309,4726310,19.0,1946016,1,2,17,1,3.0,25.0,6.0,15.0,4.0,722Z,16.0,22808.0,2147.0
4726310,4726311,19.0,1946017,1,1,17,1,6.0,-9.0,-9.0,15.0,4.0,813M,17.0,22808.0,2147.0
4726315,4726316,19.0,1946022,1,2,17,1,6.0,30.0,6.0,15.0,4.0,721M,16.0,22765.0,2130.0
4726316,4726317,19.0,1946023,1,2,17,1,1.0,15.0,5.0,15.0,4.0,722Z,16.0,22808.0,2147.0
4726317,4726318,19.0,1946024,1,2,17,1,1.0,10.0,3.0,15.0,4.0,611M1,13.0,22808.0,2147.0
4726321,4726322,19.0,1946028,1,2,17,1,1.0,8.0,4.0,15.0,4.0,611M1,13.0,22808.0,2147.0
4726323,4726324,19.0,1946030,1,2,17,1,6.0,25.0,6.0,15.0,4.0,814,17.0,22808.0,2147.0
4726331,4726332,19.0,1946038,1,1,17,1,6.0,28.0,5.0,14.0,4.0,44511,5.0,22810.0,2148.0
4726333,4726334,19.0,1946040,1,1,17,1,6.0,40.0,5.0,15.0,4.0,23,2.0,22808.0,2147.0
4726334,4726335,19.0,1946041,1,1,17,1,6.0,-9.0,-9.0,15.0,4.0,7211,16.0,22808.0,2147.0
4726338,4726339,19.0,1946045,1,2,17,1,6.0,-9.0,-9.0,15.0,4.0,-9,-9.0,22806.0,2146.0
4726339,4726340,19.0,1946046,1,2,17,1,1.0,20.0,5.0,15.0,4.0,713Z,16.0,22806.0,2146.0
4726341,4726342,19.0,1946048,1,1,17,1,6.0,-9.0,-9.0,15.0,4.0,-9,-9.0,22765.0,2130.0
4726343,4726344,19.0,1946050,1,2,17,1,1.0,3.0,4.0,15.0,4.0,611M1,13.0,22808.0,2147.0
4726344,4726345,19.0,1946051,1,1,17,1,6.0,38.0,6.0,15.0,4.0,611M1,13.0,22808.0,2147.0
4726346,4726347,19.0,1946053,1,2,17,1,6.0,4.0,5.0,15.0,4.0,712,16.0,22808.0,2147.0
4726347,4726348,19.0,1946054,1,2,17,1,6.0,23.0,6.0,15.0,3.0,45322,5.0,22808.0,2147.0
4726349,4726350,19.0,1946056,1,2,17,1,6.0,-9.0,-9.0,-9.0,4.0,-9,-9.0,22808.0,2147.0
4726355,4726356,19.0,1946062,1,2,17,1,1.0,5.0,5.0,15.0,4.0,611M1,13.0,22808.0,2147.0
4726356,4726357,19.0,1946063,1,1,17,1,3.0,3.0,6.0,15.0,4.0,6244,14.0,22806.0,2146.0
4726357,4726358,19.0,1946064,1,2,17,1,6.0,3.0,6.0,15.0,4.0,713Z,16.0,22808.0,2147.0
4726358,4726359,19.0,1946065,1,2,17,1,6.0,-9.0,-9.0,15.0,4.0,-9,-9.0,22814.0,2150.0
4726360,4726361,19.0,1946067,1,1,17,1,6.0,40.0,5.0,15.0,4.0,23,2.0,22808.0,2147.0
4726372,4726373,19.0,1946079,1,2,17,1,6.0,-9.0,-9.0,15.0,4.0,-9,-9.0,22808.0,2147.0
4726375,4726376,19.0,1946082,1,1,17,1,6.0,3.0,6.0,15.0,4.0,611M3,13.0,22808.0,2147.0
4726380,4726381,19.0,1946087,1,2,17,1,6.0,23.0,6.0,15.0,3.0,45322,5.0,22808.0,2147.0
4726384,4726385,19.0,1946091,1,2,17,1,1.0,14.0,1.0,15.0,4.0,611M1,13.0,22808.0,2147.0
4726385,4726386,19.0,1946092,1,2,17,1,6.0,-9.0,-9.0,15.0,4.0,722Z,16.0,22808.0,2147.0
4726403,4726404,19.0,1946110,1,2,17,1,1.0,3.0,6.0,15.0,4.0,611M1,13.0,22808.0,2147.0
4726404,4726405,19.0,1946111,1,1,17,1,6.0,40.0,6.0,15.0,4.0,611M3,13.0,22808.0,2147.0
4726409,4726410,19.0,1946116,1,2,17,1,6.0,55.0,5.0,15.0,4.0,4412,5.0,22808.0,2147.0
4726410,4726411,19.0,1946117,1,2,17,1,1.0,4.0,1.0,15.0,4.0,611M1,13.0,22808.0,2147.0
4726414,4726415,19.0,1946121,1,1,17,1,6.0,20.0,6.0,15.0,4.0,336M,3.0,22808.0,2147.0
4726415,4726416,19.0,1946122,1,1,17,1,1.0,40.0,1.0,15.0,4.0,3219ZM,3.0,22806.0,2146.0
4726416,4726417,19.0,1946123,1,1,17,1,6.0,-9.0,-9.0,-9.0,4.0,-9,-9.0,22808.0,2147.0
4726422,4726423,19.0,1946129,1,1,17,1,1.0,25.0,3.0,15.0,4.0,336M,3.0,22765.0,2130.0
4726426,4726427,19.0,1946133,1,2,17,1,1.0,20.0,1.0,15.0,4.0,611M1,13.0,22808.0,2147.0
4726427,4726428,19.0,1946134,1,2,17,1,6.0,32.0,6.0,15.0,4.0,52M2,9.0,22815.0,2150.0
4726428,4726429,19.0,1946135,1,2,17,1,6.0,30.0,2.0,15.0,4.0,8129,17.0,22808.0,2147.0
4726429,4726430,19.0,1946136,1,2,17,1,6.0,15.0,6.0,15.0,4.0,814,17.0,22808.0,2147.0
4726431,4726432,19.0,1946138,1,2,17,1,1.0,20.0,1.0,15.0,4.0,6214,14.0,22806.0,2146.0
4726436,4726437,19.0,1946143,1,2,17,1,6.0,10.0,4.0,15.0,4.0,722Z,16.0,22808.0,2147.0
4726440,4726441,19.0,1946147,1,1,17,1,6.0,50.0,6.0,15.0,4.0,51913,8.0,22808.0,2147.0
4726445,4726446,19.0,1946152,1,2,17,1,1.0,30.0,1.0,15.0,4.0,722Z,16.0,22808.0,2147.0
4726449,4726450,19.0,1946156,1,1,17,1,6.0,40.0,6.0,15.0,4.0,23,2.0,22808.0,2147.0
4726451,4726452,19.0,1946158,1,2,17,1,6.0,-9.0,-9.0,15.0,4.0,4511M,5.0,22806.0,2146.0
4726452,4726453,19.0,1946159,1,2,17,1,6.0,6.0,6.0,15.0,4.0,6211,14.0,22808.0,2147.0
4726453,4726454,19.0,1946160,1,2,17,1,1.0,12.0,4.0,15.0,4.0,611M1,13.0,22808.0,2147.0
4726454,4726455,19.0,1946161,1,1,17,1,6.0,15.0,6.0,15.0,4.0,722Z,16.0,22808.0,2147.0
4726456,4726457,19.0,1946163,1,2,17,1,1.0,15.0,6.0,15.0,4.0,722Z,16.0,22810.0,2148.0
4726457,4726458,19.0,1946164,1,1,17,1,6.0,40.0,6.0,15.0,4.0,5419Z,10.0,22808.0,2147.0
4726458,4726459,19.0,1946165,1,1,17,2,6.0,-9.0,-9.0,-9.0,4.0,-9,-9.0,22808.0,2147.0
4726459,4726460,19.0,1946166,1,1,17,2,3.0,25.0,2.0,15.0,4.0,4481,5.0,22815.0,2150.0
4726467,4726468,19.0,1946174,1,1,17,2,1.0,35.0,3.0,15.0,4.0,713Z,16.0,22808.0,2147.0
4726468,4726469,19.0,1946175,1,2,17,2,6.0,16.0,6.0,13.0,4.0,813M,17.0,22815.0,2150.0
4726472,4726473,19.0,1946179,1,1,17,2,6.0,-9.0,-9.0,15.0,4.0,-9,-9.0,22815.0,2150.0
4726478,4726479,19.0,1946185,1,2,17,2,1.0,8.0,6.0,15.0,4.0,611M1,13.0,22808.0,2147.0
4726491,4726492,19.0,1946198,1,2,17,2,3.0,-9.0,-9.0,13.0,4.0,999920,-9.0,22808.0,2147.0
4726493,4726494,19.0,1946200,1,1,17,2,6.0,50.0,5.0,16.0,4.0,9211MP,18.0,22808.0,2147.0
4726494,4726495,19.0,1946201,1,1,17,2,1.0,40.0,6.0,-9.0,4.0,5617Z,12.0,22806.0,2146.0
4726499,4726500,19.0,1946206,1,1,17,2,1.0,10.0,4.0,15.0,4.0,722Z,16.0,22765.0,2130.0
4726500,4726501,19.0,1946207,1,2,17,2,6.0,18.0,6.0,15.0,4.0,722Z,16.0,22758.0,2127.0
4726504,4726505,19.0,1946211,1,1,17,2,3.0,20.0,4.0,15.0,4.0,4481,5.0,22810.0,2148.0
4726505,4726506,19.0,1946212,1,2,17,2,6.0,40.0,6.0,15.0,4.0,713Z,16.0,22815.0,2150.0
4726508,4726509,19.0,1946215,1,2,17,2,6.0,25.0,5.0,15.0,4.0,5617Z,12.0,22814.0,2150.0
4726511,4726512,19.0,1946218,1,2,17,2,3.0,40.0,5.0,-9.0,4.0,5613,12.0,22806.0,2146.0
4726521,4726522,19.0,1946228,1,1,17,2,3.0,40.0,4.0,15.0,4.0,4523,5.0,22758.0,2127.0
4726524,4726525,19.0,1946231,1,2,17,2,3.0,-9.0,-9.0,15.0,4.0,722Z,16.0,22808.0,2147.0
4726531,4726532,19.0,1946238,1,2,17,2,6.0,-9.0,-9.0,15.0,4.0,-9,-9.0,22808.0,2147.0
4726532,4726533,19.0,1946239,1,2,17,2,3.0,-9.0,-9.0,15.0,4.0,999920,-9.0,22815.0,2150.0
4726533,4726534,19.0,1946240,1,2,17,2,6.0,-9.0,-9.0,15.0,4.0,-9,-9.0,22758.0,2127.0
4726534,4726535,19.0,1946241,1,2,17,2,3.0,-9.0,-9.0,15.0,4.0,999920,-9.0,22806.0,2146.0
4726536,4726537,19.0,1946243,1,2,17,2,1.0,20.0,5.0,15.0,4.0,611M1,13.0,22808.0,2147.0
4726537,4726538,19.0,1946244,1,1,17,2,6.0,-9.0,-9.0,-9.0,4.0,722Z,16.0,22808.0,2147.0
4726540,4726541,19.0,1946247,1,2,17,2,6.0,30.0,5.0,15.0,4.0,336M,3.0,22758.0,2127.0
4726544,4726545,19.0,1946251,1,1,17,2,3.0,25.0,2.0,15.0,4.0,4481,5.0,22808.0,2147.0
4726548,4726549,19.0,1946255,1,1,17,2,2.0,18.0,1.0,15.0,4.0,611M1,13.0,22765.0,2130.0
4726555,4726556,19.0,1946262,1,2,17,2,6.0,40.0,6.0,15.0,4.0,6241,14.0,22808.0,2147.0
4726559,4726560,19.0,1946266,1,1,17,4,6.0,-9.0,-9.0,15.0,4.0,-9,-9.0,22806.0,2146.0
4726560,4726561,19.0,1946267,1,1,17,4,3.0,25.0,4.0,15.0,4.0,44413,5.0,22808.0,2147.0
4726564,4726565,19.0,1946271,1,1,17,4,1.0,12.0,1.0,15.0,4.0,722Z,16.0,22814.0,2150.0
4726565,4726566,19.0,1946272,1,2,17,4,1.0,99.0,6.0,15.0,4.0,611M3,13.0,22806.0,2146.0
4726567,4726568,19.0,1946274,1,2,17,4,1.0,7.0,5.0,15.0,4.0,611M1,13.0,22808.0,2147.0
4726568,4726569,19.0,1946275,1,2,17,4,6.0,-9.0,-9.0,15.0,4.0,-9,-9.0,22806.0,2146.0
4726573,4726574,19.0,1946280,1,1,17,4,1.0,4.0,4.0,15.0,4.0,722Z,16.0,22808.0,2147.0
4726575,4726576,19.0,1946282,1,2,17,4,6.0,20.0,6.0,15.0,4.0,713Z,16.0,22808.0,2147.0
4726576,4726577,19.0,1946283,1,2,17,4,1.0,16.0,3.0,15.0,4.0,611M1,13.0,22808.0,2147.0
4726578,4726579,19.0,1946285,1,1,17,4,1.0,20.0,1.0,15.0,4.0,722Z,16.0,22806.0,2146.0
4726579,4726580,19.0,1946286,1,2,17,4,1.0,20.0,2.0,15.0,4.0,5413,10.0,22808.0,2147.0
4726582,4726583,19.0,1946289,1,2,17,4,1.0,7.0,5.0,15.0,4.0,611M1,13.0,22814.0,2150.0
4726583,4726584,19.0,1946290,1,2,17,4,1.0,20.0,1.0,15.0,4.0,622M,15.0,22765.0,2130.0
4726586,4726587,19.0,1946293,1,1,17,4,6.0,40.0,6.0,15.0,4.0,23,2.0,22808.0,2147.0
4726587,4726588,19.0,1946294,1,2,17,4,6.0,10.0,5.0,15.0,4.0,4481,5.0,22808.0,2147.0
4726589,4726590,19.0,1946296,1,2,17,4,1.0,9.0,4.0,15.0,4.0,611M1,13.0,22808.0,2147.0
4726597,4726598,19.0,1946304,1,1,17,4,1.0,40.0,1.0,-9.0,4.0,4523,5.0,22808.0,2147.0
4726598,4726599,19.0,1946305,1,1,17,4,6.0,-9.0,-9.0,15.0,4.0,-9,-9.0,22808.0,2147.0
4726602,4726603,19.0,1946309,1,1,17,4,6.0,40.0,1.0,14.0,4.0,811192,17.0,22808.0,2147.0
4726606,4726607,19.0,1946313,1,1,17,4,1.0,10.0,4.0,15.0,4.0,7111,16.0,22808.0,2147.0
4726607,4726608,19.0,1946314,1,2,17,4,6.0,7.0,5.0,15.0,4.0,722Z,16.0,22808.0,2147.0
4726610,4726611,19.0,1946317,1,2,17,4,6.0,-9.0,-9.0,16.0,4.0,814,17.0,22808.0,2147.0
4726611,4726612,19.0,1946318,1,2,17,4,1.0,6.0,6.0,15.0,4.0,611M1,13.0,22808.0,2147.0
4726612,4726613,19.0,1946319,1,1,17,4,6.0,-9.0,-9.0,15.0,4.0,-9,-9.0,22765.0,2130.0
4726619,4726620,19.0,1946326,1,1,17,4,1.0,7.0,5.0,15.0,4.0,722Z,16.0,22765.0,2130.0
4726621,4726622,19.0,1946328,1,2,17,4,6.0,49.0,4.0,15.0,4.0,721M,16.0,22808.0,2147.0
4726622,4726623,19.0,1946329,1,1,17,4,6.0,3.0,6.0,15.0,4.0,6111,13.0,22808.0,2147.0
4726624,4726625,19.0,1946331,1,1,17,4,1.0,14.0,2.0,15.0,4.0,713Z,16.0,22808.0,2147.0
4726635,4726636,19.0,1946342,1,2,17,4,1.0,20.0,6.0,15.0,4.0,213,1.0,22808.0,2147.0
4726640,4726641,19.0,1946347,1,1,17,4,6.0,-9.0,-9.0,15.0,4.0,-9,-9.0,22808.0,2147.0
4726641,4726642,19.0,1946348,1,1,17,4,6.0,25.0,4.0,15.0,4.0,5414,10.0,22806.0,2146.0
4726644,4726645,19.0,1946351,1,2,17,4,1.0,6.0,6.0,15.0,4.0,611M1,13.0,22806.0,2146.0
4726657,4726658,19.0,1946364,1,2,17,4,1.0,10.0,6.0,16.0,4.0,722Z,16.0,22815.0,2150.0
4726660,4726661,19.0,1946367,1,2,17,4,1.0,20.0,6.0,15.0,4.0,213,1.0,22808.0,2147.0
4726664,4726665,19.0,1946371,1,1,17,4,6.0,8.0,6.0,15.0,4.0,9211MP,18.0,22765.0,2130.0
4726670,4726671,19.0,1946377,1,2,17,4,6.0,12.0,4.0,15.0,4.0,611M1,13.0,22806.0,2146.0
4726671,4726672,19.0,1946378,1,2,17,4,3.0,27.0,4.0,16.0,4.0,611M1,13.0,22815.0,2150.0
4726674,4726675,19.0,1946381,1,1,17,4,6.0,20.0,4.0,15.0,4.0,221MP,7.0,22758.0,2127.0
4726682,4726683,19.0,1946389,1,1,17,4,6.0,20.0,6.0,15.0,4.0,6111,13.0,22808.0,2147.0
4726683,4726684,19.0,1946390,1,2,17,4,1.0,20.0,1.0,15.0,4.0,45221,5.0,22808.0,2147.0
4726684,4726685,19.0,1946391,1,2,17,4,1.0,15.0,4.0,15.0,4.0,44611,5.0,22808.0,2147.0
4726685,4726686,19.0,1946392,1,1,17,4,6.0,20.0,4.0,15.0,4.0,221MP,7.0,22765.0,2130.0
4726686,4726687,19.0,1946393,1,1,17,4,6.0,30.0,6.0,15.0,4.0,51913,8.0,22806.0,2146.0
4726688,4726689,19.0,1946395,1,1,17,4,6.0,-9.0,-9.0,15.0,4.0,-9,-9.0,22808.0,2147.0
4726689,4726690,19.0,1946396,1,1,17,4,1.0,6.0,1.0,15.0,4.0,611M3,13.0,22808.0,2147.0
4726691,4726692,19.0,1946398,1,2,17,4,1.0,20.0,4.0,15.0,4.0,611M1,13.0,22806.0,2146.0
4726693,4726694,19.0,1946400,1,1,17,4,6.0,35.0,6.0,15.0,4.0,811192,17.0,22808.0,2147.0
4726696,4726697,19.0,1946403,1,2,17,4,1.0,15.0,1.0,15.0,4.0,713Z,16.0,22808.0,2147.0
4726699,4726700,19.0,1946406,1,2,17,4,6.0,-9.0,-9.0,15.0,4.0,-9,-9.0,22808.0,2147.0
4726703,4726704,19.0,1946410,1,1,17,4,6.0,35.0,6.0,15.0,4.0,811192,17.0,22808.0,2147.0
4726704,4726705,19.0,1946411,1,1,17,4,6.0,-9.0,-9.0,15.0,4.0,611M3,13.0,22806.0,2146.0
4726707,4726708,19.0,1946414,1,1,17,4,1.0,6.0,1.0,15.0,4.0,611M3,13.0,22810.0,2148.0
4726709,4726710,19.0,1946416,1,2,17,4,6.0,7.0,5.0,15.0,4.0,722Z,16.0,22765.0,2130.0
4726710,4726711,19.0,1946417,1,1,17,4,1.0,20.0,4.0,16.0,4.0,611M1,13.0,22758.0,2127.0
4726719,4726720,19.0,1946426,1,1,17,4,6.0,40.0,6.0,15.0,4.0,23,2.0,22814.0,2150.0
4726720,4726721,19.0,1946427,1,1,17,4,6.0,40.0,6.0,15.0,4.0,23,2.0,22765.0,2130.0
4726722,4726723,19.0,1946429,1,2,17,4,6.0,-9.0,-9.0,15.0,4.0,-9,-9.0,22808.0,2147.0
4726742,4726743,19.0,1946449,1,2,17,4,6.0,-9.0,-9.0,15.0,4.0,-9,-9.0,22808.0,2147.0
4726746,4726747,19.0,1946453,1,2,17,4,1.0,20.0,4.0,15.0,4.0,611M1,13.0,22808.0,2147.0
4726763,4726764,19.0,1946470,1,1,17,4,6.0,20.0,4.0,15.0,4.0,44511,5.0,22808.0,2147.0
4726767,4726768,19.0,1946474,1,2,17,4,6.0,10.0,5.0,15.0,4.0,722Z,16.0,22808.0,2147.0
4726769,4726770,19.0,1946476,1,1,17,4,1.0,15.0,4.0,16.0,4.0,611M1,13.0,22808.0,2147.0
4726771,4726772,19.0,1946478,1,1,17,4,6.0,3.0,6.0,15.0,4.0,6111,13.0,22813.0,2150.0
4726773,4726774,19.0,1946480,1,1,17,4,6.0,-9.0,-9.0,15.0,4.0,611M1,13.0,22806.0,2146.0
4726775,4726776,19.0,1946482,1,1,17,4,3.0,25.0,4.0,15.0,4.0,44413,5.0,22808.0,2147.0
4726781,4726782,19.0,1946488,1,2,17,4,1.0,45.0,5.0,-9.0,4.0,7211,16.0,22808.0,2147.0
4726789,4726790,19.0,1946496,1,1,17,4,6.0,18.0,6.0,15.0,4.0,562,12.0,22808.0,2147.0
4726793,4726794,19.0,1946500,1,1,17,4,1.0,25.0,4.0,16.0,4.0,611M1,13.0,22765.0,2130.0
4726795,4726796,19.0,1946502,1,1,17,4,6.0,40.0,6.0,16.0,4.0,5413,10.0,22808.0,2147.0
4726796,4726797,19.0,1946503,1,2,17,4,6.0,-9.0,-9.0,15.0,4.0,-9,-9.0,22808.0,2147.0
4726798,4726799,19.0,1946505,1,1,17,4,6.0,20.0,4.0,15.0,4.0,221MP,7.0,22808.0,2147.0
4726800,4726801,19.0,1946507,1,2,17,4,1.0,16.0,3.0,15.0,4.0,611M1,13.0,22808.0,2147.0
4726803,4726804,19.0,1946510,1,2,17,4,6.0,20.0,5.0,15.0,4.0,722Z,16.0,22765.0,2130.0
4726805,4726806,19.0,1946512,1,1,17,4,6.0,40.0,6.0,15.0,4.0,44512,5.0,22808.0,2147.0
4726809,4726810,19.0,1946516,1,1,17,4,1.0,12.0,1.0,15.0,4.0,722Z,16.0,22808.0,2147.0
4726811,4726812,19.0,1946518,1,1,17,4,1.0,6.0,1.0,15.0,4.0,611M3,13.0,22808.0,2147.0
4726816,4726817,19.0,1946523,1,2,17,4,1.0,15.0,1.0,15.0,4.0,713Z,16.0,22765.0,2130.0
4726820,4726821,19.0,1946527,1,2,17,4,1.0,20.0,4.0,15.0,4.0,611M1,13.0,22765.0,2130.0
4726822,4726823,19.0,1946529,1,1,17,4,6.0,20.0,4.0,15.0,4.0,221MP,7.0,22808.0,2147.0
4726824,4726825,19.0,1946531,1,2,17,4,1.0,15.0,1.0,15.0,4.0,713Z,16.0,22806.0,2146.0
4726825,4726826,19.0,1946532,1,2,17,4,1.0,20.0,6.0,15.0,4.0,213,1.0,22808.0,2147.0
4726831,4726832,19.0,1946538,1,1,17,4,6.0,-9.0,-9.0,15.0,4.0,-9,-9.0,22808.0,2147.0
4726833,4726834,19.0,1946540,1,2,17,4,6.0,-9.0,-9.0,15.0,4.0,-9,-9.0,22806.0,2146.0
4726834,4726835,19.0,1946541,1,1,17,4,6.0,-9.0,-9.0,15.0,4.0,-9,-9.0,22808.0,2147.0
4726837,4726838,19.0,1946544,1,2,17,4,1.0,10.0,6.0,16.0,4.0,722Z,16.0,22808.0,2147.0
4726839,4726840,19.0,1946546,1,1,17,4,6.0,18.0,6.0,15.0,4.0,562,12.0,22808.0,2147.0
4726840,4726841,19.0,1946547,1,2,17,4,1.0,4.0,6.0,15.0,4.0,611M1,13.0,22808.0,2147.0
4726841,4726842,19.0,1946548,1,1,17,4,1.0,10.0,4.0,15.0,4.0,7115,16.0,22806.0,2146.0
4726842,4726843,19.0,1946549,1,2,17,4,1.0,16.0,3.0,15.0,4.0,611M1,13.0,22765.0,2130.0
4726844,4726845,19.0,1946551,1,1,17,4,3.0,25.0,4.0,15.0,4.0,44413,5.0,22808.0,2147.0
4726846,4726847,19.0,1946553,1,2,17,4,1.0,3.0,6.0,15.0,4.0,611M1,13.0,22808.0,2147.0
4726848,4726849,19.0,1946555,1,2,17,4,6.0,14.0,5.0,15.0,4.0,722Z,16.0,22813.0,2150.0
4726850,4726851,19.0,1946557,1,2,17,4,6.0,-9.0,-9.0,15.0,4.0,-9,-9.0,22808.0,2147.0
4726861,4726862,19.0,1946568,1,1,17,4,1.0,40.0,4.0,15.0,4.0,6211,14.0,22808.0,2147.0
4726866,4726867,19.0,1946573,1,2,17,4,6.0,40.0,6.0,15.0,4.0,5111Z,8.0,22808.0,2147.0
4726869,4726870,19.0,1946576,1,2,17,4,1.0,7.0,5.0,15.0,4.0,611M1,13.0,22808.0,2147.0
4726874,4726875,19.0,1946581,1,1,17,4,6.0,20.0,6.0,15.0,4.0,6111,13.0,22808.0,2147.0
4726876,4726877,19.0,1946583,1,1,17,4,6.0,15.0,4.0,15.0,4.0,722Z,16.0,22808.0,2147.0
4726880,4726881,19.0,1946587,1,2,17,4,1.0,16.0,3.0,15.0,4.0,611M1,13.0,22808.0,2147.0
4726882,4726883,19.0,1946589,1,1,17,4,1.0,40.0,1.0,-9.0,4.0,4523,5.0,22808.0,2147.0
4726888,4726889,19.0,1946595,1,2,17,4,6.0,12.0,4.0,15.0,4.0,611M1,13.0,22808.0,2147.0
4726894,4726895,19.0,1946601,1,1,17,4,1.0,4.0,4.0,15.0,4.0,722Z,16.0,22765.0,2130.0
4726897,4726898,19.0,1946604,1,1,17,4,6.0,8.0,6.0,15.0,4.0,9211MP,18.0,22808.0,2147.0
4726898,4726899,19.0,1946605,1,1,17,4,3.0,-9.0,-9.0,15.0,4.0,443142,5.0,22808.0,2147.0
4726903,4726904,19.0,1946610,1,2,17,4,1.0,6.0,6.0,15.0,4.0,611M1,13.0,22808.0,2147.0
4726904,4726905,19.0,1946611,1,1,17,4,6.0,25.0,4.0,15.0,4.0,5414,10.0,22808.0,2147.0
4726906,4726907,19.0,1946613,1,1,17,4,6.0,-9.0,-9.0,16.0,4.0,336M,3.0,22808.0,2147.0
4726911,4726912,19.0,1946618,1,1,17,4,6.0,40.0,6.0,16.0,4.0,5413,10.0,22808.0,2147.0
4726912,4726913,19.0,1946619,1,2,17,4,1.0,15.0,1.0,15.0,4.0,713Z,16.0,22808.0,2147.0
4726914,4726915,19.0,1946621,1,1,17,4,6.0,8.0,6.0,15.0,4.0,9211MP,18.0,22808.0,2147.0
4726916,4726917,19.0,1946623,1,1,17,4,6.0,20.0,4.0,15.0,4.0,221MP,7.0,22810.0,2148.0
4726924,4726925,19.0,1946631,1,1,17,4,6.0,-9.0,-9.0,15.0,4.0,-9,-9.0,22808.0,2147.0
4726929,4726930,19.0,1946636,1,2,17,4,1.0,15.0,4.0,15.0,4.0,44611,5.0,22806.0,2146.0
4726930,4726931,19.0,1946637,1,1,17,4,1.0,40.0,4.0,15.0,4.0,6211,14.0,22806.0,2146.0
4726936,4726937,19.0,1946643,1,1,17,4,6.0,-9.0,-9.0,15.0,4.0,-9,-9.0,22808.0,2147.0
4726937,4726938,19.0,1946644,1,2,17,4,1.0,20.0,2.0,15.0,4.0,5413,10.0,22765.0,2130.0
4726939,4726940,19.0,1946646,1,2,17,4,2.0,6.0,6.0,15.0,4.0,722Z,16.0,22808.0,2147.0
4726942,4726943,19.0,1946649,1,1,17,4,6.0,21.0,5.0,15.0,4.0,722Z,16.0,22808.0,2147.0
4726943,4726944,19.0,1946650,1,1,17,4,6.0,-9.0,-9.0,15.0,4.0,-9,-9.0,22815.0,2150.0
4726945,4726946,19.0,1946652,1,1,17,4,6.0,-9.0,-9.0,15.0,4.0,334M2,3.0,22808.0,2147.0
4726948,4726949,19.0,1946655,1,1,17,4,1.0,70.0,1.0,15.0,4.0,722Z,16.0,22808.0,2147.0
4726952,4726953,19.0,1946659,1,2,17,4,6.0,49.0,4.0,15.0,4.0,721M,16.0,22808.0,2147.0
4726960,4726961,19.0,1946667,1,2,17,4,1.0,45.0,5.0,-9.0,4.0,7211,16.0,22808.0,2147.0
4726961,4726962,19.0,1946668,1,1,17,4,6.0,5.0,5.0,15.0,4.0,611M1,13.0,22808.0,2147.0
4726964,4726965,19.0,1946671,1,1,17,4,6.0,20.0,5.0,15.0,4.0,4232,4.0,22808.0,2147.0
4726965,4726966,19.0,1946672,1,2,17,4,1.0,10.0,6.0,16.0,4.0,722Z,16.0,22808.0,2147.0
4726966,4726967,19.0,1946673,1,1,17,4,1.0,6.0,1.0,15.0,4.0,611M3,13.0,22808.0,2147.0
4726968,4726969,19.0,1946675,1,2,17,4,6.0,-9.0,-9.0,15.0,4.0,611M3,13.0,22806.0,2146.0
4726970,4726971,19.0,1946677,1,2,17,4,1.0,40.0,1.0,16.0,4.0,611M1,13.0,22808.0,2147.0
4726975,4726976,19.0,1946682,1,2,17,4,6.0,-9.0,-9.0,15.0,4.0,-9,-9.0,22808.0,2147.0
4726984,4726985,19.0,1946691,1,2,17,4,6.0,30.0,1.0,15.0,4.0,54194,10.0,22765.0,2130.0
4726987,4726988,19.0,1946694,1,2,17,4,6.0,-9.0,-9.0,15.0,4.0,722Z,16.0,22758.0,2127.0
4726988,4726989,19.0,1946695,1,2,17,4,6.0,49.0,4.0,15.0,4.0,721M,16.0,22808.0,2147.0
4726989,4726990,19.0,1946696,1,1,17,4,6.0,-9.0,-9.0,16.0,4.0,336M,3.0,22765.0,2130.0
4726997,4726998,19.0,1946704,1,2,17,4,1.0,15.0,4.0,15.0,4.0,44611,5.0,22806.0,2146.0
4727000,4727001,19.0,1946707,1,1,17,4,6.0,-9.0,-9.0,15.0,4.0,-9,-9.0,22808.0,2147.0
4727001,4727002,19.0,1946708,1,1,17,4,6.0,-9.0,-9.0,15.0,4.0,334M2,3.0,22806.0,2146.0
4727005,4727006,19.0,1946712,1,1,17,4,1.0,12.0,3.0,15.0,4.0,622M,15.0,22758.0,2127.0
4727007,4727008,19.0,1946714,1,2,17,4,1.0,20.0,4.0,15.0,4.0,611M1,13.0,22808.0,2147.0
4727009,4727010,19.0,1946716,1,1,17,4,6.0,-9.0,-9.0,16.0,4.0,336M,3.0,22808.0,2147.0
4727010,4727011,19.0,1946717,1,1,17,4,1.0,12.0,4.0,15.0,4.0,611M1,13.0,22808.0,2147.0
4727011,4727012,19.0,1946718,1,1,17,4,6.0,40.0,6.0,15.0,4.0,23,2.0,22808.0,2147.0
4727014,4727015,19.0,1946721,1,1,17,4,6.0,-9.0,-9.0,15.0,4.0,-9,-9.0,22808.0,2147.0
4727017,4727018,19.0,1946724,1,2,17,4,1.0,16.0,3.0,15.0,4.0,611M1,13.0,22808.0,2147.0
4727021,4727022,19.0,1946728,1,2,17,4,1.0,10.0,6.0,16.0,4.0,722Z,16.0,22808.0,2147.0
4727022,4727023,19.0,1946729,1,2,17,4,1.0,99.0,6.0,15.0,4.0,611M3,13.0,22806.0,2146.0
4727023,4727024,19.0,1946730,1,1,17,4,6.0,30.0,6.0,15.0,4.0,51913,8.0,22808.0,2147.0
4727025,4727026,19.0,1946732,1,1,17,4,6.0,-9.0,-9.0,15.0,4.0,611M1,13.0,22808.0,2147.0
4727030,4727031,19.0,1946737,1,1,17,4,6.0,-9.0,-9.0,16.0,4.0,-9,-9.0,22808.0,2147.0
4727031,4727032,19.0,1946738,1,2,17,4,6.0,14.0,5.0,15.0,4.0,722Z,16.0,22806.0,2146.0
4727033,4727034,19.0,1946740,1,1,17,4,6.0,-9.0,-9.0,13.0,4.0,-9,-9.0,22808.0,2147.0
4727034,4727035,19.0,1946741,1,1,17,4,1.0,10.0,4.0,15.0,4.0,7115,16.0,22765.0,2130.0
4727037,4727038,19.0,1946744,1,1,17,4,6.0,-9.0,-9.0,15.0,4.0,-9,-9.0,22810.0,2148.0
4727040,4727041,19.0,1946747,1,2,17,4,2.0,6.0,6.0,15.0,4.0,722Z,16.0,22806.0,2146.0
4727045,4727046,19.0,1946752,1,2,17,4,6.0,-9.0,-9.0,15.0,4.0,-9,-9.0,22814.0,2150.0
4727048,4727049,19.0,1946755,1,1,17,4,6.0,-9.0,-9.0,15.0,4.0,611M1,13.0,22806.0,2146.0
4727049,4727050,19.0,1946756,1,1,17,4,6.0,-9.0,-9.0,15.0,4.0,-9,-9.0,22808.0,2147.0
4727053,4727054,19.0,1946760,1,1,17,4,3.0,-9.0,-9.0,15.0,4.0,443142,5.0,22808.0,2147.0
4727056,4727057,19.0,1946763,1,2,17,4,6.0,30.0,1.0,15.0,4.0,54194,10.0,22765.0,2130.0
4727061,4727062,19.0,1946768,1,2,17,4,6.0,-9.0,-9.0,15.0,4.0,54194,10.0,22813.0,2150.0
4727063,4727064,19.0,1946770,1,1,17,4,6.0,-9.0,-9.0,15.0,4.0,-9,-9.0,22758.0,2127.0
4727064,4727065,19.0,1946771,1,1,17,4,6.0,35.0,6.0,15.0,4.0,811192,17.0,22808.0,2147.0
4727077,4727078,19.0,1946784,1,1,17,4,6.0,-9.0,-9.0,15.0,4.0,-9,-9.0,22808.0,2147.0
4727078,4727079,19.0,1946785,1,1,17,4,6.0,5.0,5.0,15.0,4.0,611M1,13.0,22808.0,2147.0
4727085,4727086,19.0,1946792,1,2,17,4,1.0,4.0,6.0,15.0,4.0,611M1,13.0,22808.0,2147.0
4727087,4727088,19.0,1946794,1,1,17,4,6.0,3.0,6.0,15.0,4.0,6111,13.0,22815.0,2150.0
4727091,4727092,19.0,1946798,1,2,17,4,6.0,-9.0,-9.0,15.0,4.0,-9,-9.0,22808.0,2147.0
4727093,4727094,19.0,1946800,1,1,17,4,1.0,9.0,6.0,15.0,4.0,611M1,13.0,22808.0,2147.0
4727100,4727101,19.0,1946807,1,2,17,4,1.0,10.0,6.0,16.0,4.0,722Z,16.0,22808.0,2147.0
4727104,4727105,19.0,1946811,1,2,17,4,6.0,10.0,4.0,15.0,4.0,623M,14.0,22806.0,2146.0
4727107,4727108,19.0,1946814,1,2,17,4,6.0,16.0,5.0,15.0,4.0,721M,16.0,22808.0,2147.0
4727113,4727114,19.0,1946820,1,1,17,4,6.0,-9.0,-9.0,15.0,4.0,-9,-9.0,22808.0,2147.0
4727114,4727115,19.0,1946821,1,1,17,4,6.0,20.0,6.0,15.0,4.0,6111,13.0,22806.0,2146.0
4727118,4727119,19.0,1946825,1,1,17,3,1.0,20.0,1.0,15.0,4.0,336M,3.0,22806.0,2146.0
4727119,4727120,19.0,1946826,1,1,17,3,6.0,15.0,6.0,15.0,4.0,4411,5.0,22808.0,2147.0
4727124,4727125,19.0,1946831,1,1,17,3,6.0,35.0,4.0,15.0,4.0,722Z,16.0,22808.0,2147.0
4727125,4727126,19.0,1946832,1,2,17,3,1.0,8.0,6.0,15.0,4.0,611M1,13.0,22815.0,2150.0
4727126,4727127,19.0,1946833,1,2,17,3,6.0,6.0,3.0,15.0,4.0,611M3,13.0,22808.0,2147.0
4727137,4727138,19.0,1946844,1,1,17,3,6.0,-9.0,-9.0,-9.0,4.0,115,1.0,22808.0,2147.0
4727141,4727142,19.0,1946848,1,1,17,3,6.0,-9.0,-9.0,-9.0,4.0,-9,-9.0,22765.0,2130.0
4727143,4727144,19.0,1946850,1,1,17,3,6.0,35.0,4.0,15.0,4.0,722Z,16.0,22808.0,2147.0
4727147,4727148,19.0,1946854,1,2,17,3,6.0,-9.0,-9.0,-9.0,4.0,-9,-9.0,22808.0,2147.0
4727154,4727155,19.0,1946861,1,2,17,3,1.0,15.0,1.0,15.0,4.0,722Z,16.0,22808.0,2147.0
4727155,4727156,19.0,1946862,1,2,17,3,6.0,-9.0,-9.0,14.0,4.0,-9,-9.0,22808.0,2147.0
4727156,4727157,19.0,1946863,1,1,17,3,1.0,20.0,1.0,15.0,4.0,5313,9.0,22808.0,2147.0
4727160,4727161,19.0,1946867,1,1,17,3,6.0,35.0,4.0,15.0,4.0,722Z,16.0,22808.0,2147.0
4727161,4727162,19.0,1946868,1,2,17,3,6.0,-9.0,-9.0,14.0,4.0,-9,-9.0,22806.0,2146.0
4727162,4727163,19.0,1946869,1,1,17,3,6.0,45.0,6.0,15.0,4.0,722Z,16.0,22808.0,2147.0
4727163,4727164,19.0,1946870,1,2,17,3,6.0,40.0,6.0,15.0,4.0,336M,3.0,22810.0,2148.0
4727168,4727169,19.0,1946875,1,2,17,3,6.0,18.0,3.0,15.0,4.0,611M1,13.0,22813.0,2150.0
4727170,4727171,19.0,1946877,1,1,17,3,1.0,20.0,1.0,15.0,4.0,5313,9.0,22806.0,2146.0
4727171,4727172,19.0,1946878,1,1,17,3,6.0,-9.0,-9.0,-9.0,4.0,115,1.0,22806.0,2146.0
4727177,4727178,19.0,1946884,1,2,17,3,6.0,-9.0,-9.0,14.0,4.0,-9,-9.0,22808.0,2147.0
4727181,4727182,19.0,1946888,1,1,17,3,6.0,-9.0,-9.0,-9.0,4.0,115,1.0,22765.0,2130.0
4727186,4727187,19.0,1946893,1,2,17,3,1.0,30.0,3.0,15.0,4.0,611M1,13.0,22808.0,2147.0
4727191,4727192,19.0,1946898,1,1,17,3,6.0,-9.0,-9.0,-9.0,4.0,115,1.0,22806.0,2146.0
4727194,4727195,19.0,1946901,1,1,17,3,1.0,10.0,1.0,15.0,4.0,611M1,13.0,22808.0,2147.0
4727195,4727196,19.0,1946902,1,2,17,3,6.0,40.0,6.0,15.0,4.0,336M,3.0,22808.0,2147.0
4727206,4727207,19.0,1946913,1,2,17,3,1.0,15.0,1.0,15.0,4.0,722Z,16.0,22808.0,2147.0
4727209,4727210,19.0,1946916,1,2,17,3,1.0,16.0,1.0,15.0,4.0,611M1,13.0,22806.0,2146.0
4727215,4727216,19.0,1946922,1,2,17,3,6.0,-9.0,-9.0,-9.0,4.0,-9,-9.0,22808.0,2147.0
4727216,4727217,19.0,1946923,1,1,17,3,6.0,20.0,6.0,15.0,4.0,722Z,16.0,22806.0,2146.0
4727223,4727224,19.0,1946930,1,1,17,3,6.0,-9.0,-9.0,15.0,4.0,-9,-9.0,22808.0,2147.0
4727226,4727227,19.0,1946933,1,1,17,3,6.0,40.0,6.0,15.0,4.0,721M,16.0,22806.0,2146.0
4727227,4727228,19.0,1946934,1,2,17,3,6.0,4.0,6.0,15.0,4.0,611M1,13.0,22808.0,2147.0
4727231,4727232,19.0,1946938,1,1,17,3,1.0,65.0,4.0,15.0,4.0,611M1,13.0,22808.0,2147.0
4727233,4727234,19.0,1946940,1,2,17,4,6.0,-9.0,-9.0,15.0,4.0,-9,-9.0,22808.0,2147.0
4727236,4727237,19.0,1946943,1,1,17,1,6.0,40.0,3.0,-9.0,4.0,722Z,16.0,22808.0,2147.0
4727237,4727238,19.0,1946944,1,2,17,2,6.0,30.0,5.0,15.0,4.0,336M,3.0,22808.0,2147.0
4727238,4727239,19.0,1946945,1,1,17,4,3.0,40.0,5.0,15.0,4.0,56173,12.0,22808.0,2147.0
4727239,4727240,19.0,1946946,1,1,17,1,3.0,12.0,6.0,15.0,4.0,336M,3.0,22808.0,2147.0
4727243,4727244,19.0,1946950,1,2,17,1,6.0,11.0,4.0,15.0,4.0,713Z,16.0,22765.0,2130.0
4727244,4727245,19.0,1946951,1,2,17,4,6.0,10.0,5.0,15.0,4.0,4481,5.0,22808.0,2147.0
4727248,4727249,19.0,1946955,1,2,17,4,1.0,20.0,2.0,15.0,4.0,5413,10.0,22808.0,2147.0
4727258,4727259,19.0,1946965,1,2,17,2,3.0,42.0,6.0,15.0,4.0,6244,14.0,22808.0,2147.0
4727261,4727262,19.0,1946968,1,1,17,3,6.0,-9.0,-9.0,15.0,4.0,-9,-9.0,22808.0,2147.0
4727262,4727263,19.0,1946969,1,2,17,4,6.0,-9.0,-9.0,15.0,4.0,-9,-9.0,22806.0,2146.0
4727266,4727267,19.0,1946973,1,1,17,4,6.0,-9.0,-9.0,15.0,4.0,-9,-9.0,22808.0,2147.0
4727268,4727269,19.0,1946975,1,1,17,1,6.0,30.0,6.0,15.0,4.0,4452,5.0,22808.0,2147.0
4727270,4727271,19.0,1946977,1,1,17,4,6.0,99.0,6.0,15.0,4.0,721M,16.0,22808.0,2147.0
4727272,4727273,19.0,1946979,1,2,17,4,6.0,8.0,5.0,16.0,4.0,5413,10.0,22765.0,2130.0
4727275,4727276,19.0,1946982,1,2,17,3,6.0,40.0,6.0,15.0,4.0,336M,3.0,22808.0,2147.0
4727276,4727277,19.0,1946983,1,1,17,4,6.0,6.0,6.0,15.0,4.0,3113,3.0,22760.0,2128.0
4727278,4727279,19.0,1946985,1,2,17,3,1.0,20.0,1.0,15.0,4.0,4539,5.0,22808.0,2147.0
4727279,4727280,19.0,1946986,1,2,17,1,1.0,25.0,1.0,15.0,4.0,722Z,16.0,22806.0,2146.0
4727281,4727282,19.0,1946988,1,1,17,1,6.0,48.0,6.0,15.0,4.0,337,3.0,22806.0,2146.0
4727283,4727284,19.0,1946990,1,2,17,1,6.0,6.0,5.0,15.0,4.0,722Z,16.0,22815.0,2150.0
4727291,4727292,19.0,1946998,1,2,17,1,6.0,23.0,6.0,15.0,3.0,45322,5.0,22808.0,2147.0
4727296,4727297,19.0,1947003,1,2,17,1,1.0,15.0,3.0,15.0,4.0,611M1,13.0,22808.0,2147.0
4727303,4727304,19.0,1947010,1,2,17,3,6.0,-9.0,-9.0,14.0,4.0,-9,-9.0,22808.0,2147.0
4727304,4727305,19.0,1947011,1,2,17,1,6.0,-9.0,-9.0,15.0,4.0,4523,5.0,22808.0,2147.0
4727305,4727306,19.0,1947012,1,1,17,4,6.0,-9.0,-9.0,15.0,4.0,611M1,13.0,22808.0,2147.0
4727309,4727310,19.0,1947016,1,2,17,1,1.0,8.0,4.0,15.0,4.0,611M1,13.0,22808.0,2147.0
4727311,4727312,19.0,1947018,1,2,17,1,1.0,12.0,3.0,15.0,4.0,611M1,13.0,22808.0,2147.0
4727313,4727314,19.0,1947020,1,1,17,4,6.0,3.0,6.0,15.0,4.0,6111,13.0,22758.0,2127.0
4727316,4727317,19.0,1947023,1,2,17,1,1.0,15.0,3.0,15.0,4.0,611M1,13.0,22808.0,2147.0
4727318,4727319,19.0,1947025,1,2,17,4,6.0,-9.0,-9.0,15.0,4.0,-9,-9.0,22815.0,2150.0
4727319,4727320,19.0,1947026,1,1,17,4,3.0,25.0,4.0,15.0,4.0,44413,5.0,22808.0,2147.0
4727320,4727321,19.0,1947027,1,2,17,4,1.0,21.0,4.0,15.0,4.0,722Z,16.0,22765.0,2130.0
4727324,4727325,19.0,1947031,1,1,17,1,6.0,-9.0,-9.0,15.0,4.0,-9,-9.0,22808.0,2147.0
4727328,4727329,19.0,1947035,1,2,17,1,1.0,32.0,4.0,-9.0,4.0,611M1,13.0,22808.0,2147.0
4727331,4727332,19.0,1947038,1,1,17,2,6.0,-9.0,-9.0,-9.0,4.0,722Z,16.0,22765.0,2130.0
4727332,4727333,19.0,1947039,1,1,17,1,6.0,-9.0,-9.0,16.0,4.0,722Z,16.0,22808.0,2147.0
4727339,4727340,19.0,1947046,1,1,17,1,1.0,24.0,3.0,15.0,4.0,5121,8.0,22760.0,2128.0
4727342,4727343,19.0,1947049,1,2,17,1,1.0,15.0,1.0,15.0,4.0,611M1,13.0,22808.0,2147.0
4727343,4727344,19.0,1947050,1,1,17,1,6.0,-9.0,-9.0,15.0,4.0,-9,-9.0,22808.0,2147.0
4727345,4727346,19.0,1947052,1,2,17,2,1.0,17.0,1.0,15.0,4.0,722Z,16.0,22808.0,2147.0
4727348,4727349,19.0,1947055,1,2,17,1,6.0,35.0,5.0,15.0,4.0,722Z,16.0,22808.0,2147.0
4727349,4727350,19.0,1947056,1,2,17,3,6.0,-9.0,-9.0,14.0,4.0,-9,-9.0,22808.0,2147.0
4727353,4727354,19.0,1947060,1,2,17,1,1.0,36.0,1.0,15.0,4.0,622M,15.0,22808.0,2147.0
4727354,4727355,19.0,1947061,1,1,17,1,6.0,-9.0,-9.0,15.0,4.0,611M1,13.0,22808.0,2147.0
4727355,4727356,19.0,1947062,1,1,17,4,1.0,4.0,4.0,15.0,4.0,722Z,16.0,22808.0,2147.0
4727360,4727361,19.0,1947067,1,2,17,1,6.0,44.0,5.0,15.0,4.0,722Z,16.0,22810.0,2148.0
4727362,4727363,19.0,1947069,1,1,17,1,6.0,30.0,5.0,15.0,4.0,713Z,16.0,22765.0,2130.0
4727363,4727364,19.0,1947070,1,2,17,1,6.0,15.0,5.0,15.0,4.0,712,16.0,22765.0,2130.0
4727384,4727385,19.0,1947091,1,2,17,4,6.0,-9.0,-9.0,15.0,4.0,-9,-9.0,22806.0,2146.0
4727386,4727387,19.0,1947093,1,2,17,1,6.0,-9.0,-9.0,15.0,4.0,-9,-9.0,22808.0,2147.0
4727388,4727389,19.0,1947095,1,1,17,1,6.0,8.0,6.0,15.0,4.0,722Z,16.0,22808.0,2147.0
4727389,4727390,19.0,1947096,1,1,17,3,6.0,-9.0,-9.0,15.0,4.0,56173,12.0,22806.0,2146.0
4727397,4727398,19.0,1947104,1,1,17,3,6.0,15.0,6.0,15.0,4.0,4411,5.0,22806.0,2146.0
4727402,4727403,19.0,1947109,1,2,17,1,3.0,20.0,6.0,15.0,4.0,713Z,16.0,22765.0,2130.0
4727404,4727405,19.0,1947111,1,2,17,1,1.0,20.0,1.0,15.0,4.0,611M1,13.0,22808.0,2147.0
4727410,4727411,19.0,1947117,1,1,17,1,6.0,30.0,5.0,15.0,4.0,5614,12.0,22806.0,2146.0
4727413,4727414,19.0,1947120,1,2,17,1,1.0,12.0,4.0,15.0,4.0,4481,5.0,22808.0,2147.0
4727421,4727422,19.0,1947128,1,2,17,1,1.0,18.0,1.0,15.0,4.0,721M,16.0,22808.0,2147.0
4727424,4727425,19.0,1947131,1,2,17,4,6.0,-9.0,-9.0,15.0,4.0,-9,-9.0,22808.0,2147.0
4727425,4727426,19.0,1947132,1,2,17,1,6.0,25.0,5.0,15.0,4.0,6214,14.0,22765.0,2130.0
4727427,4727428,19.0,1947134,1,1,17,3,1.0,20.0,1.0,15.0,4.0,336M,3.0,22808.0,2147.0
4727428,4727429,19.0,1947135,1,2,17,1,2.0,6.0,5.0,15.0,4.0,611M1,13.0,22808.0,2147.0
4727429,4727430,19.0,1947136,1,1,17,3,6.0,-9.0,-9.0,-9.0,4.0,-9,-9.0,22765.0,2130.0
4727437,4727438,19.0,1947144,1,2,17,1,3.0,15.0,4.0,15.0,4.0,814,17.0,22806.0,2146.0
4727438,4727439,19.0,1947145,1,2,17,4,1.0,12.0,4.0,15.0,4.0,4511M,5.0,22808.0,2147.0
4727443,4727444,19.0,1947150,1,1,17,1,6.0,20.0,5.0,15.0,4.0,531M,9.0,22808.0,2147.0
4727444,4727445,19.0,1947151,1,2,17,1,6.0,30.0,4.0,15.0,4.0,722Z,16.0,22806.0,2146.0
4727446,4727447,19.0,1947153,1,1,17,1,6.0,30.0,6.0,15.0,4.0,111,1.0,22765.0,2130.0
4727447,4727448,19.0,1947154,1,1,17,1,6.0,-9.0,-9.0,-9.0,4.0,443142,5.0,22806.0,2146.0
4727450,4727451,19.0,1947157,1,2,17,1,6.0,-9.0,-9.0,15.0,4.0,-9,-9.0,22815.0,2150.0
4727451,4727452,19.0,1947158,1,1,17,1,1.0,18.0,1.0,15.0,4.0,611M1,13.0,22808.0,2147.0
4727456,4727457,19.0,1947163,1,2,17,1,6.0,-9.0,-9.0,15.0,4.0,2211P,7.0,22806.0,2146.0
4727457,4727458,19.0,1947164,1,1,17,1,6.0,99.0,6.0,15.0,4.0,721M,16.0,22808.0,2147.0
4727463,4727464,19.0,1947170,1,2,17,1,6.0,20.0,5.0,15.0,4.0,722Z,16.0,22758.0,2127.0
4727467,4727468,19.0,1947174,1,2,17,2,6.0,40.0,6.0,15.0,4.0,336M,3.0,22808.0,2147.0
4727469,4727470,19.0,1947176,1,2,17,1,1.0,24.0,1.0,15.0,4.0,611M1,13.0,22806.0,2146.0
4727470,4727471,19.0,1947177,1,1,17,1,1.0,11.0,2.0,15.0,4.0,611M3,13.0,22806.0,2146.0
4727473,4727474,19.0,1947180,1,1,17,1,6.0,40.0,6.0,15.0,4.0,721M,16.0,22808.0,2147.0
4727474,4727475,19.0,1947181,1,2,17,4,1.0,3.0,6.0,15.0,4.0,611M1,13.0,22808.0,2147.0
4727476,4727477,19.0,1947183,1,1,17,1,6.0,38.0,6.0,15.0,4.0,611M3,13.0,22808.0,2147.0
4727477,4727478,19.0,1947184,1,1,17,4,6.0,-9.0,-9.0,15.0,4.0,-9,-9.0,22806.0,2146.0
4727479,4727480,19.0,1947186,1,1,17,4,6.0,10.0,4.0,15.0,4.0,722Z,16.0,22808.0,2147.0
4727480,4727481,19.0,1947187,1,2,17,1,1.0,8.0,2.0,15.0,4.0,722Z,16.0,22808.0,2147.0
4727486,4727487,19.0,1947193,1,1,17,4,3.0,15.0,5.0,15.0,4.0,713Z,16.0,22808.0,2147.0
4727489,4727490,19.0,1947196,1,2,17,4,6.0,-9.0,-9.0,15.0,4.0,-9,-9.0,22808.0,2147.0
4727490,4727491,19.0,1947197,1,1,17,4,6.0,40.0,6.0,16.0,4.0,5413,10.0,22808.0,2147.0
4727491,4727492,19.0,1947198,1,2,17,1,1.0,20.0,1.0,15.0,4.0,611M1,13.0,22760.0,2128.0
4727492,4727493,19.0,1947199,1,1,17,1,1.0,25.0,4.0,15.0,4.0,611M1,13.0,22808.0,2147.0
4727493,4727494,19.0,1947200,1,2,17,4,6.0,-9.0,-9.0,15.0,4.0,-9,-9.0,22810.0,2148.0
4727495,4727496,19.0,1947202,1,2,17,2,1.0,38.0,1.0,15.0,4.0,622M,15.0,22808.0,2147.0
4727497,4727498,19.0,1947204,1,2,17,1,1.0,40.0,5.0,15.0,4.0,713Z,16.0,22808.0,2147.0
4727500,4727501,19.0,1947207,1,2,17,1,1.0,12.0,1.0,15.0,4.0,611M1,13.0,22808.0,2147.0
4727502,4727503,19.0,1947209,1,1,17,1,6.0,40.0,5.0,16.0,4.0,33641M1,3.0,22806.0,2146.0
4727503,4727504,19.0,1947210,1,1,17,1,6.0,-9.0,-9.0,15.0,4.0,-9,-9.0,22808.0,2147.0
4727504,4727505,19.0,1947211,1,1,17,1,1.0,30.0,2.0,15.0,4.0,611M1,13.0,22806.0,2146.0
4727508,4727509,19.0,1947215,1,1,17,1,6.0,30.0,5.0,15.0,4.0,722Z,16.0,22806.0,2146.0
4727511,4727512,19.0,1947218,1,2,17,4,1.0,20.0,6.0,15.0,4.0,213,1.0,22806.0,2146.0
4727516,4727517,19.0,1947223,1,2,17,1,6.0,-9.0,-9.0,15.0,4.0,4511M,5.0,22808.0,2147.0
4727517,4727518,19.0,1947224,1,2,17,1,1.0,8.0,2.0,15.0,4.0,722Z,16.0,22806.0,2146.0
4727518,4727519,19.0,1947225,1,1,17,4,6.0,-9.0,-9.0,16.0,4.0,611M1,13.0,22808.0,2147.0
4727526,4727527,19.0,1947233,1,1,17,1,1.0,16.0,3.0,15.0,4.0,611M1,13.0,22813.0,2150.0
4727532,4727533,19.0,1947239,1,1,17,4,6.0,40.0,6.0,15.0,4.0,336M,3.0,22808.0,2147.0
4727533,4727534,19.0,1947240,1,1,17,1,6.0,8.0,6.0,15.0,4.0,722Z,16.0,22810.0,2148.0
4727534,4727535,19.0,1947241,1,1,17,1,6.0,20.0,6.0,15.0,4.0,713Z,16.0,22806.0,2146.0
4727537,4727538,19.0,1947244,1,1,17,1,1.0,16.0,4.0,15.0,4.0,722Z,16.0,22808.0,2147.0
4727538,4727539,19.0,1947245,1,1,17,3,1.0,10.0,1.0,15.0,4.0,611M1,13.0,22760.0,2128.0
4727542,4727543,19.0,1947249,1,2,17,3,1.0,35.0,1.0,15.0,4.0,611M1,13.0,22808.0,2147.0
4727549,4727550,19.0,1947256,1,1,17,1,6.0,42.0,6.0,15.0,4.0,713Z,16.0,22806.0,2146.0
4727558,4727559,19.0,1947265,1,2,17,1,6.0,3.0,6.0,15.0,4.0,814,17.0,22808.0,2147.0
4727559,4727560,19.0,1947266,1,1,17,1,3.0,28.0,6.0,15.0,4.0,5616,12.0,22806.0,2146.0
4727560,4727561,19.0,1947267,1,1,17,1,6.0,20.0,4.0,15.0,4.0,44413,5.0,22765.0,2130.0
4727561,4727562,19.0,1947268,1,2,17,1,6.0,40.0,5.0,15.0,4.0,722Z,16.0,22808.0,2147.0
4727562,4727563,19.0,1947269,1,1,17,1,1.0,9.0,1.0,15.0,4.0,611M1,13.0,22808.0,2147.0
4727566,4727567,19.0,1947273,1,1,17,1,1.0,13.0,1.0,15.0,4.0,611M1,13.0,22808.0,2147.0
4727573,4727574,19.0,1947280,1,2,17,1,6.0,6.0,6.0,15.0,4.0,6111,13.0,22808.0,2147.0
4727574,4727575,19.0,1947281,1,2,17,1,1.0,25.0,6.0,15.0,4.0,44611,5.0,22765.0,2130.0
4727577,4727578,19.0,1947284,1,1,17,1,6.0,25.0,6.0,15.0,4.0,9211MP,18.0,22765.0,2130.0
4727580,4727581,19.0,1947287,1,1,17,1,6.0,50.0,6.0,15.0,4.0,51913,8.0,22808.0,2147.0
4727582,4727583,19.0,1947289,1,2,17,4,6.0,-9.0,-9.0,15.0,4.0,-9,-9.0,22808.0,2147.0
4727583,4727584,19.0,1947290,1,2,17,4,6.0,49.0,4.0,15.0,4.0,721M,16.0,22808.0,2147.0
4727589,4727590,19.0,1947296,1,2,17,1,6.0,6.0,6.0,15.0,4.0,6111,13.0,22808.0,2147.0
4727590,4727591,19.0,1947297,1,2,17,3,6.0,28.0,6.0,15.0,4.0,713Z,16.0,22808.0,2147.0
4727594,4727595,19.0,1947301,1,2,17,1,1.0,20.0,4.0,15.0,4.0,7111,16.0,22808.0,2147.0
4727596,4727597,19.0,1947303,1,2,17,4,1.0,40.0,1.0,16.0,4.0,611M1,13.0,22765.0,2130.0
4727597,4727598,19.0,1947304,1,1,17,1,6.0,-9.0,-9.0,15.0,4.0,-9,-9.0,22758.0,2127.0
4727601,4727602,19.0,1947308,1,2,17,1,1.0,30.0,1.0,15.0,4.0,611M1,13.0,22808.0,2147.0
4727602,4727603,19.0,1947309,1,2,17,1,1.0,15.0,2.0,15.0,4.0,611M1,13.0,22808.0,2147.0
4727604,4727605,19.0,1947311,1,2,17,1,6.0,20.0,6.0,15.0,4.0,713Z,16.0,22806.0,2146.0
4727605,4727606,19.0,1947312,1,2,17,4,1.0,9.0,4.0,15.0,4.0,611M1,13.0,22806.0,2146.0
4727611,4727612,19.0,1947318,1,1,17,4,3.0,25.0,4.0,15.0,4.0,44413,5.0,22808.0,2147.0
4727612,4727613,19.0,1947319,1,1,17,4,6.0,-9.0,-9.0,15.0,4.0,-9,-9.0,22808.0,2147.0
4727614,4727615,19.0,1947321,1,1,17,1,1.0,20.0,3.0,15.0,4.0,611M1,13.0,22808.0,2147.0
4727615,4727616,19.0,1947322,1,1,17,1,6.0,30.0,6.0,15.0,4.0,56173,12.0,22808.0,2147.0
4727621,4727622,19.0,1947328,1,1,17,4,3.0,40.0,5.0,15.0,4.0,56173,12.0,22765.0,2130.0
4727622,4727623,19.0,1947329,1,1,17,3,1.0,5.0,5.0,15.0,4.0,722Z,16.0,22808.0,2147.0
4727630,4727631,19.0,1947337,1,2,17,1,6.0,10.0,5.0,15.0,4.0,722Z,16.0,22808.0,2147.0
4727631,4727632,19.0,1947338,1,1,17,1,6.0,10.0,6.0,15.0,4.0,3256,3.0,22808.0,2147.0
4727636,4727637,19.0,1947343,1,2,17,2,1.0,30.0,1.0,15.0,4.0,5241,9.0,22806.0,2146.0
4727657,4727658,19.0,1947364,1,2,17,1,6.0,35.0,6.0,15.0,4.0,713Z,16.0,22808.0,2147.0
4727658,4727659,19.0,1947365,1,2,17,4,6.0,20.0,4.0,15.0,4.0,4481,5.0,22808.0,2147.0
4727665,4727666,19.0,1947372,1,1,17,2,6.0,-9.0,-9.0,15.0,3.0,722Z,16.0,22808.0,2147.0
4727666,4727667,19.0,1947373,1,1,17,4,3.0,-9.0,-9.0,15.0,4.0,999920,-9.0,22808.0,2147.0
4727669,4727670,19.0,1947376,1,1,17,4,6.0,-9.0,-9.0,15.0,4.0,611M3,13.0,22808.0,2147.0
4727672,4727673,19.0,1947379,1,2,17,1,6.0,24.0,4.0,15.0,4.0,713Z,16.0,22808.0,2147.0
4727673,4727674,19.0,1947380,1,1,17,1,6.0,30.0,6.0,15.0,4.0,5617Z,12.0,22765.0,2130.0
4727674,4727675,19.0,1947381,1,2,17,1,1.0,40.0,6.0,15.0,4.0,6244,14.0,22806.0,2146.0
4727678,4727679,19.0,1947385,1,2,17,4,6.0,12.0,4.0,15.0,4.0,611M1,13.0,22765.0,2130.0
4727694,4727695,19.0,1947401,1,2,17,1,6.0,30.0,6.0,15.0,4.0,337,3.0,22808.0,2147.0
4727699,4727700,19.0,1947406,1,1,17,1,6.0,-9.0,-9.0,-9.0,4.0,-9,-9.0,22808.0,2147.0
4727703,4727704,19.0,1947410,1,1,17,1,6.0,30.0,5.0,15.0,4.0,23,2.0,22815.0,2150.0
4727708,4727709,19.0,1947415,1,1,17,4,6.0,-9.0,-9.0,15.0,4.0,611M1,13.0,22806.0,2146.0
4727712,4727713,19.0,1947419,1,2,17,4,6.0,49.0,4.0,15.0,4.0,721M,16.0,22815.0,2150.0
4727713,4727714,19.0,1947420,1,1,17,1,6.0,33.0,6.0,15.0,4.0,6241,14.0,22806.0,2146.0
4727726,4727727,19.0,1947433,1,1,17,1,2.0,40.0,1.0,-9.0,4.0,722Z,16.0,22813.0,2150.0
4727733,4727734,19.0,1947440,1,1,17,2,6.0,50.0,5.0,16.0,4.0,9211MP,18.0,22814.0,2150.0
4727745,4727746,19.0,1947452,1,2,17,1,6.0,-9.0,-9.0,15.0,4.0,-9,-9.0,22808.0,2147.0
4727747,4727748,19.0,1947454,1,1,17,1,2.0,20.0,3.0,15.0,4.0,5416,10.0,22808.0,2147.0
4727748,4727749,19.0,1947455,1,2,17,4,6.0,20.0,4.0,15.0,4.0,4481,5.0,22808.0,2147.0
4727751,4727752,19.0,1947458,1,2,17,4,6.0,-9.0,-9.0,15.0,4.0,-9,-9.0,22758.0,2127.0
4727754,4727755,19.0,1947461,1,1,17,1,3.0,30.0,6.0,15.0,4.0,23,2.0,22765.0,2130.0
4727756,4727757,19.0,1947463,1,2,17,1,1.0,40.0,1.0,15.0,4.0,722Z,16.0,22815.0,2150.0
4727759,4727760,19.0,1947466,1,2,17,1,6.0,8.0,5.0,15.0,4.0,722Z,16.0,22808.0,2147.0
4727761,4727762,19.0,1947468,1,1,17,1,6.0,-9.0,-9.0,-9.0,4.0,443142,5.0,22808.0,2147.0
4727763,4727764,19.0,1947470,1,1,17,1,6.0,30.0,3.0,15.0,4.0,44511,5.0,22808.0,2147.0
4727766,4727767,19.0,1947473,1,1,17,1,1.0,14.0,4.0,15.0,4.0,4511M,5.0,22806.0,2146.0
4727771,4727772,19.0,1947478,1,1,17,1,6.0,40.0,6.0,15.0,4.0,5417,10.0,22808.0,2147.0
4727775,4727776,19.0,1947482,1,2,17,2,6.0,37.0,5.0,15.0,4.0,4481,5.0,22765.0,2130.0
4727778,4727779,19.0,1947485,1,1,17,4,6.0,35.0,6.0,15.0,4.0,811192,17.0,22818.0,2150.0
4727780,4727781,19.0,1947487,1,2,17,4,6.0,-9.0,-9.0,15.0,4.0,-9,-9.0,22808.0,2147.0
4727784,4727785,19.0,1947491,1,1,17,1,6.0,99.0,6.0,15.0,4.0,721M,16.0,22808.0,2147.0
4727786,4727787,19.0,1947493,1,2,17,1,1.0,15.0,5.0,15.0,4.0,722Z,16.0,22808.0,2147.0
4727788,4727789,19.0,1947495,1,2,17,1,1.0,20.0,1.0,15.0,4.0,611M1,13.0,22808.0,2147.0
4727792,4727793,19.0,1947499,1,2,17,1,1.0,16.0,1.0,15.0,4.0,722Z,16.0,22765.0,2130.0
4727794,4727795,19.0,1947501,1,1,17,1,6.0,20.0,6.0,15.0,4.0,713Z,16.0,22808.0,2147.0
4727796,4727797,19.0,1947503,1,2,17,1,1.0,14.0,1.0,15.0,4.0,611M1,13.0,22765.0,2130.0
4727801,4727802,19.0,1947508,1,1,17,3,3.0,-9.0,-9.0,13.0,4.0,999920,-9.0,22808.0,2147.0
4727803,4727804,19.0,1947510,1,2,17,1,6.0,60.0,6.0,15.0,4.0,713Z,16.0,22808.0,2147.0
4727808,4727809,19.0,1947515,1,2,17,1,1.0,24.0,1.0,15.0,4.0,611M1,13.0,22808.0,2147.0
4727809,4727810,19.0,1947516,1,1,17,4,6.0,-9.0,-9.0,15.0,4.0,-9,-9.0,22808.0,2147.0
4727814,4727815,19.0,1947521,1,1,17,1,1.0,40.0,4.0,-9.0,4.0,484,6.0,22808.0,2147.0
4727820,4727821,19.0,1947527,1,2,17,3,1.0,9.0,5.0,15.0,4.0,611M1,13.0,22808.0,2147.0
4727821,4727822,19.0,1947528,1,1,17,1,6.0,4.0,6.0,15.0,4.0,611M1,13.0,22808.0,2147.0
4727824,4727825,19.0,1947531,1,2,17,4,6.0,20.0,4.0,15.0,4.0,4481,5.0,22808.0,2147.0
4727829,4727830,19.0,1947536,1,2,17,1,1.0,30.0,1.0,15.0,4.0,722Z,16.0,22808.0,2147.0
4727835,4727836,19.0,1947542,1,1,17,1,1.0,14.0,6.0,15.0,4.0,611M1,13.0,22808.0,2147.0
4727836,4727837,19.0,1947543,1,1,17,4,1.0,10.0,4.0,15.0,4.0,7115,16.0,22765.0,2130.0
4727840,4727841,19.0,1947547,1,1,17,4,6.0,-9.0,-9.0,15.0,4.0,611M3,13.0,22808.0,2147.0
4727842,4727843,19.0,1947549,1,2,17,2,6.0,16.0,6.0,13.0,4.0,813M,17.0,22808.0,2147.0
4727843,4727844,19.0,1947550,1,2,17,1,1.0,15.0,4.0,15.0,4.0,44611,5.0,22808.0,2147.0
4727846,4727847,19.0,1947553,1,2,17,1,1.0,9.0,4.0,15.0,4.0,6214,14.0,22808.0,2147.0
4727847,4727848,19.0,1947554,1,2,17,1,6.0,-9.0,-9.0,15.0,4.0,722Z,16.0,22808.0,2147.0
4727851,4727852,20.0,1947558,1,1,17,1,6.0,25.0,6.0,15.0,4.0,722Z,16.0,22808.0,2147.0
4727852,4727853,20.0,1947559,1,2,17,1,6.0,12.0,4.0,15.0,4.0,611M3,13.0,22808.0,2147.0
4727862,4727863,20.0,1947569,1,2,17,1,1.0,40.0,1.0,15.0,4.0,722Z,16.0,22808.0,2147.0
4727866,4727867,20.0,1947573,1,2,17,1,1.0,12.0,1.0,15.0,4.0,722Z,16.0,22813.0,2150.0
4727867,4727868,20.0,1947574,1,1,17,1,2.0,20.0,3.0,15.0,4.0,5416,10.0,22765.0,2130.0
4727872,4727873,20.0,1947579,1,1,17,1,3.0,38.0,5.0,15.0,4.0,447,5.0,22808.0,2147.0
4727875,4727876,20.0,1947582,1,1,17,1,1.0,40.0,4.0,-9.0,4.0,484,6.0,22806.0,2146.0
4727879,4727880,20.0,1947586,1,1,17,1,6.0,2.0,6.0,16.0,4.0,5419Z,10.0,22815.0,2150.0
4727882,4727883,20.0,1947589,1,2,17,1,6.0,20.0,6.0,15.0,4.0,611M3,13.0,22765.0,2130.0
4727883,4727884,20.0,1947590,1,2,17,1,6.0,60.0,6.0,15.0,4.0,45221,5.0,22808.0,2147.0
4727884,4727885,20.0,1947591,1,1,17,1,6.0,35.0,5.0,15.0,4.0,5121,8.0,22808.0,2147.0
4727885,4727886,20.0,1947592,1,1,17,1,6.0,18.0,5.0,15.0,4.0,722Z,16.0,22808.0,2147.0
4727886,4727887,20.0,1947593,1,2,17,1,1.0,20.0,1.0,15.0,4.0,611M1,13.0,22808.0,2147.0
4727887,4727888,20.0,1947594,1,2,17,1,6.0,-9.0,-9.0,-9.0,4.0,-9,-9.0,22765.0,2130.0
4727888,4727889,20.0,1947595,1,2,17,1,6.0,-9.0,-9.0,-9.0,4.0,722Z,16.0,22806.0,2146.0
4727889,4727890,20.0,1947596,1,1,17,1,6.0,-9.0,-9.0,-9.0,4.0,-9,-9.0,22806.0,2146.0
4727893,4727894,20.0,1947600,1,2,17,1,1.0,20.0,1.0,15.0,4.0,611M1,13.0,22806.0,2146.0
4727896,4727897,20.0,1947603,1,2,17,1,1.0,10.0,1.0,15.0,4.0,611M1,13.0,22808.0,2147.0
4727898,4727899,20.0,1947605,1,1,17,1,1.0,10.0,1.0,15.0,4.0,611M1,13.0,22808.0,2147.0
4727899,4727900,20.0,1947606,1,2,17,1,1.0,40.0,5.0,15.0,4.0,713Z,16.0,22813.0,2150.0
4727901,4727902,20.0,1947608,1,2,17,1,6.0,35.0,6.0,15.0,4.0,6111,13.0,22808.0,2147.0
4727902,4727903,20.0,1947609,1,1,17,1,6.0,15.0,4.0,16.0,4.0,611M1,13.0,22808.0,2147.0
4727907,4727908,20.0,1947614,1,2,17,1,1.0,11.0,5.0,15.0,4.0,611M1,13.0,22765.0,2130.0
4727910,4727911,20.0,1947617,1,1,17,1,1.0,15.0,1.0,15.0,4.0,611M1,13.0,22806.0,2146.0
4727911,4727912,20.0,1947618,1,2,17,1,1.0,15.0,1.0,15.0,4.0,611M1,13.0,22808.0,2147.0
4727913,4727914,20.0,1947620,1,2,17,1,6.0,4.0,5.0,15.0,4.0,712,16.0,22808.0,2147.0
4727915,4727916,20.0,1947622,1,2,17,1,6.0,8.0,6.0,15.0,4.0,6244,14.0,22758.0,2127.0
4727919,4727920,20.0,1947626,1,2,17,1,6.0,99.0,6.0,15.0,4.0,721M,16.0,22806.0,2146.0
4727924,4727925,20.0,1947631,1,2,17,1,6.0,40.0,6.0,15.0,4.0,4441Z,5.0,22808.0,2147.0
4727927,4727928,20.0,1947634,1,2,17,1,1.0,3.0,6.0,15.0,4.0,611M1,13.0,22806.0,2146.0
4727928,4727929,20.0,1947635,1,1,17,1,1.0,10.0,6.0,15.0,4.0,622M,15.0,22808.0,2147.0
4727930,4727931,20.0,1947637,1,1,17,1,6.0,30.0,3.0,15.0,4.0,51111,8.0,22806.0,2146.0
4727934,4727935,20.0,1947641,1,2,17,1,6.0,-9.0,-9.0,-9.0,4.0,-9,-9.0,22808.0,2147.0
4727937,4727938,20.0,1947644,1,2,17,1,1.0,20.0,5.0,15.0,4.0,713Z,16.0,22808.0,2147.0
4727938,4727939,20.0,1947645,1,2,17,1,6.0,-9.0,-9.0,14.0,4.0,-9,-9.0,22808.0,2147.0
4727940,4727941,20.0,1947647,1,1,17,1,1.0,8.0,1.0,15.0,4.0,611M1,13.0,22765.0,2130.0
4727942,4727943,20.0,1947649,1,1,17,1,6.0,4.0,3.0,15.0,4.0,713Z,16.0,22765.0,2130.0
4727946,4727947,20.0,1947653,1,1,17,1,1.0,5.0,1.0,15.0,4.0,611M1,13.0,22765.0,2130.0
4727947,4727948,20.0,1947654,1,2,17,1,6.0,-9.0,-9.0,15.0,4.0,4523,5.0,22765.0,2130.0
4727948,4727949,20.0,1947655,1,2,17,1,1.0,12.0,6.0,15.0,4.0,611M1,13.0,22814.0,2150.0
4727949,4727950,20.0,1947656,1,1,17,1,6.0,20.0,5.0,15.0,4.0,722Z,16.0,22808.0,2147.0
4727950,4727951,20.0,1947657,1,1,17,1,6.0,10.0,6.0,15.0,4.0,56173,12.0,22806.0,2146.0
4727952,4727953,20.0,1947659,1,1,17,1,6.0,6.0,5.0,15.0,4.0,4442,5.0,22808.0,2147.0
4727954,4727955,20.0,1947661,1,2,17,1,1.0,20.0,1.0,15.0,4.0,611M1,13.0,22810.0,2148.0
4727956,4727957,20.0,1947663,1,1,17,1,6.0,-9.0,-9.0,15.0,4.0,623M,14.0,22765.0,2130.0
4727958,4727959,20.0,1947665,1,1,17,1,3.0,20.0,3.0,15.0,4.0,611M1,13.0,22808.0,2147.0
4727959,4727960,20.0,1947666,1,2,17,1,6.0,30.0,6.0,15.0,4.0,45113,5.0,22765.0,2130.0
4727964,4727965,20.0,1947671,1,2,17,1,6.0,30.0,6.0,15.0,4.0,337,3.0,22808.0,2147.0
4727968,4727969,20.0,1947675,1,1,17,1,1.0,10.0,6.0,15.0,4.0,622M,15.0,22808.0,2147.0
4727972,4727973,20.0,1947679,1,1,17,1,1.0,40.0,1.0,15.0,4.0,484,6.0,22808.0,2147.0
4727974,4727975,20.0,1947681,1,1,17,1,1.0,25.0,5.0,15.0,4.0,722Z,16.0,22806.0,2146.0
4727977,4727978,20.0,1947684,1,2,17,1,6.0,35.0,3.0,15.0,4.0,722Z,16.0,22765.0,2130.0
4727978,4727979,20.0,1947685,1,2,17,1,1.0,15.0,6.0,15.0,4.0,611M1,13.0,22808.0,2147.0
4727981,4727982,20.0,1947688,1,1,17,1,6.0,30.0,5.0,15.0,4.0,713Z,16.0,22806.0,2146.0
4727989,4727990,20.0,1947696,1,2,17,1,6.0,40.0,4.0,15.0,4.0,722Z,16.0,22765.0,2130.0
4727991,4727992,20.0,1947698,1,2,17,1,6.0,24.0,6.0,15.0,4.0,53M,9.0,22808.0,2147.0
4727993,4727994,20.0,1947700,1,1,17,1,6.0,35.0,6.0,15.0,4.0,722Z,16.0,22808.0,2147.0
4727997,4727998,20.0,1947704,1,2,17,1,1.0,15.0,2.0,15.0,4.0,611M1,13.0,22808.0,2147.0
4727998,4727999,20.0,1947705,1,2,17,1,6.0,-9.0,-9.0,15.0,4.0,-9,-9.0,22806.0,2146.0
4728005,4728006,20.0,1947712,1,2,17,1,6.0,8.0,5.0,15.0,4.0,722Z,16.0,22806.0,2146.0
4728006,4728007,20.0,1947713,1,1,17,1,6.0,-9.0,-9.0,15.0,4.0,722Z,16.0,22808.0,2147.0
4728007,4728008,20.0,1947714,1,2,17,1,6.0,30.0,5.0,15.0,4.0,722Z,16.0,22808.0,2147.0
4728012,4728013,20.0,1947719,1,2,17,1,6.0,16.0,6.0,15.0,4.0,622M,15.0,22808.0,2147.0
4728018,4728019,20.0,1947725,1,1,17,1,6.0,20.0,3.0,15.0,4.0,722Z,16.0,22808.0,2147.0
4728021,4728022,20.0,1947728,1,1,17,1,6.0,30.0,6.0,15.0,4.0,722Z,16.0,22806.0,2146.0
4728026,4728027,20.0,1947733,1,1,17,1,6.0,40.0,6.0,15.0,4.0,722Z,16.0,22806.0,2146.0
4728034,4728035,20.0,1947741,1,2,17,1,1.0,15.0,1.0,15.0,4.0,722Z,16.0,22808.0,2147.0
4728035,4728036,20.0,1947742,1,2,17,1,6.0,12.0,3.0,15.0,4.0,722Z,16.0,22806.0,2146.0
4728040,4728041,20.0,1947747,1,1,17,1,1.0,16.0,1.0,15.0,4.0,722Z,16.0,22815.0,2150.0
4728045,4728046,20.0,1947752,1,1,17,1,6.0,-9.0,-9.0,15.0,4.0,811192,17.0,22808.0,2147.0
4728046,4728047,20.0,1947753,1,2,17,1,6.0,35.0,6.0,15.0,4.0,713Z,16.0,22806.0,2146.0
4728047,4728048,20.0,1947754,1,2,17,1,6.0,45.0,6.0,15.0,4.0,336M,3.0,22806.0,2146.0
4728048,4728049,20.0,1947755,1,2,17,1,6.0,15.0,6.0,15.0,4.0,814,17.0,22808.0,2147.0
4728058,4728059,20.0,1947765,1,1,17,1,6.0,25.0,5.0,-9.0,4.0,722Z,16.0,22808.0,2147.0
4728070,4728071,20.0,1947777,1,1,17,1,1.0,23.0,5.0,15.0,4.0,622M,15.0,22765.0,2130.0
4728073,4728074,20.0,1947780,1,1,17,1,6.0,40.0,5.0,16.0,4.0,33641M1,3.0,22808.0,2147.0
4728074,4728075,20.0,1947781,1,2,17,1,6.0,6.0,3.0,15.0,4.0,611M3,13.0,22808.0,2147.0
4728075,4728076,20.0,1947782,1,1,17,1,3.0,12.0,6.0,15.0,4.0,336M,3.0,22808.0,2147.0
4728077,4728078,20.0,1947784,1,1,17,1,1.0,40.0,3.0,15.0,4.0,5413,10.0,22808.0,2147.0
4728081,4728082,20.0,1947788,1,1,17,1,6.0,40.0,6.0,15.0,4.0,611M3,13.0,22806.0,2146.0
4728092,4728093,20.0,1947799,1,1,17,1,6.0,24.0,6.0,15.0,4.0,44511,5.0,22808.0,2147.0
4728094,4728095,20.0,1947801,1,2,17,1,6.0,10.0,6.0,15.0,4.0,45321,5.0,22806.0,2146.0
4728095,4728096,20.0,1947802,1,1,17,1,1.0,10.0,1.0,15.0,4.0,611M1,13.0,22808.0,2147.0
4728103,4728104,20.0,1947810,1,1,17,1,6.0,25.0,6.0,15.0,4.0,722Z,16.0,22808.0,2147.0
4728111,4728112,20.0,1947818,1,2,17,1,1.0,17.0,1.0,15.0,4.0,4539,5.0,22813.0,2150.0
4728112,4728113,20.0,1947819,1,1,17,1,6.0,35.0,5.0,15.0,4.0,5121,8.0,22808.0,2147.0
4728113,4728114,20.0,1947820,1,1,17,1,6.0,-9.0,-9.0,15.0,4.0,-9,-9.0,22808.0,2147.0
4728114,4728115,20.0,1947821,1,2,17,1,6.0,15.0,4.0,15.0,4.0,5412,10.0,22765.0,2130.0
4728115,4728116,20.0,1947822,1,2,17,1,6.0,-9.0,-9.0,15.0,4.0,-9,-9.0,22808.0,2147.0
4728117,4728118,20.0,1947824,1,2,17,1,6.0,5.0,6.0,15.0,4.0,56173,12.0,22808.0,2147.0
4728122,4728123,20.0,1947829,1,1,17,1,6.0,32.0,6.0,15.0,4.0,336M,3.0,22808.0,2147.0
4728126,4728127,20.0,1947833,1,2,17,1,6.0,24.0,6.0,15.0,4.0,53M,9.0,22765.0,2130.0
4728127,4728128,20.0,1947834,1,2,17,1,6.0,15.0,6.0,15.0,4.0,721M,16.0,22808.0,2147.0
4728129,4728130,20.0,1947836,1,2,17,1,6.0,-9.0,-9.0,15.0,4.0,-9,-9.0,22808.0,2147.0
4728130,4728131,20.0,1947837,1,1,17,1,6.0,45.0,6.0,15.0,4.0,23,2.0,22810.0,2148.0
4728134,4728135,20.0,1947841,1,1,17,1,6.0,2.0,6.0,16.0,4.0,5419Z,10.0,22808.0,2147.0
4728135,4728136,20.0,1947842,1,2,17,1,1.0,25.0,4.0,15.0,4.0,623M,14.0,22806.0,2146.0
4728136,4728137,20.0,1947843,1,2,17,1,6.0,6.0,6.0,15.0,4.0,6211,14.0,22808.0,2147.0
4728138,4728139,20.0,1947845,1,2,17,1,1.0,15.0,4.0,15.0,4.0,44611,5.0,22765.0,2130.0
4728139,4728140,20.0,1947846,1,2,17,1,1.0,10.0,5.0,15.0,4.0,611M1,13.0,22808.0,2147.0
4728142,4728143,20.0,1947849,1,1,17,1,6.0,-9.0,-9.0,15.0,4.0,-9,-9.0,22808.0,2147.0
4728144,4728145,20.0,1947851,1,2,17,1,1.0,20.0,1.0,15.0,4.0,611M1,13.0,22808.0,2147.0
4728145,4728146,20.0,1947852,1,2,17,1,6.0,20.0,5.0,15.0,4.0,6211,14.0,22808.0,2147.0
4728147,4728148,20.0,1947854,1,1,17,1,6.0,20.0,5.0,15.0,4.0,722Z,16.0,22758.0,2127.0
4728150,4728151,20.0,1947857,1,1,17,1,3.0,28.0,6.0,15.0,4.0,5616,12.0,22808.0,2147.0
4728155,4728156,20.0,1947862,1,2,17,1,1.0,5.0,6.0,15.0,4.0,611M1,13.0,22808.0,2147.0
4728158,4728159,20.0,1947865,1,2,17,1,1.0,20.0,5.0,15.0,4.0,713Z,16.0,22808.0,2147.0
4728162,4728163,20.0,1947869,1,2,17,1,6.0,-9.0,-9.0,15.0,4.0,-9,-9.0,22814.0,2150.0
4728163,4728164,20.0,1947870,1,1,17,1,6.0,30.0,6.0,15.0,4.0,713Z,16.0,22808.0,2147.0
4728165,4728166,20.0,1947872,1,2,17,1,1.0,20.0,4.0,15.0,4.0,611M1,13.0,22806.0,2146.0
4728166,4728167,20.0,1947873,1,2,17,1,1.0,12.0,4.0,15.0,4.0,722Z,16.0,22765.0,2130.0
4728172,4728173,20.0,1947879,1,2,17,2,1.0,15.0,5.0,15.0,4.0,6111,13.0,22814.0,2150.0
4728174,4728175,20.0,1947881,1,1,17,2,6.0,44.0,6.0,15.0,4.0,336M,3.0,22808.0,2147.0
4728178,4728179,20.0,1947885,1,1,17,2,6.0,8.0,6.0,15.0,4.0,4511M,5.0,22808.0,2147.0
4728183,4728184,20.0,1947890,1,2,17,2,6.0,40.0,6.0,15.0,4.0,6241,14.0,22808.0,2147.0
4728185,4728186,20.0,1947892,1,2,17,2,6.0,-9.0,-9.0,15.0,4.0,-9,-9.0,22808.0,2147.0
4728186,4728187,20.0,1947893,1,2,17,2,6.0,30.0,5.0,15.0,4.0,336M,3.0,22806.0,2146.0
4728187,4728188,20.0,1947894,1,2,17,2,6.0,25.0,5.0,15.0,4.0,5617Z,12.0,22808.0,2147.0
4728188,4728189,20.0,1947895,1,2,17,2,3.0,40.0,5.0,-9.0,4.0,5613,12.0,22808.0,2147.0
4728189,4728190,20.0,1947896,1,2,17,2,1.0,40.0,6.0,-9.0,4.0,5617Z,12.0,22765.0,2130.0
4728190,4728191,20.0,1947897,1,2,17,2,3.0,40.0,5.0,-9.0,4.0,5613,12.0,22808.0,2147.0
4728195,4728196,20.0,1947902,1,1,17,2,1.0,9.0,5.0,15.0,4.0,611M1,13.0,22808.0,2147.0
4728211,4728212,20.0,1947918,1,2,17,2,1.0,20.0,1.0,15.0,4.0,4441Z,5.0,22806.0,2146.0
4728212,4728213,20.0,1947919,1,1,17,2,3.0,20.0,4.0,15.0,4.0,4481,5.0,22758.0,2127.0
4728215,4728216,20.0,1947922,1,1,17,2,1.0,17.0,4.0,15.0,4.0,611M1,13.0,22808.0,2147.0
4728220,4728221,20.0,1947927,1,2,17,2,1.0,15.0,5.0,15.0,4.0,6111,13.0,22808.0,2147.0
4728222,4728223,20.0,1947929,1,2,17,2,1.0,20.0,1.0,15.0,4.0,611M1,13.0,22808.0,2147.0
4728223,4728224,20.0,1947930,1,2,17,2,1.0,8.0,6.0,15.0,4.0,611M1,13.0,22808.0,2147.0
4728224,4728225,20.0,1947931,1,2,17,2,1.0,16.0,1.0,-9.0,4.0,813M,17.0,22808.0,2147.0
4728225,4728226,20.0,1947932,1,2,17,2,2.0,38.0,1.0,15.0,4.0,722Z,16.0,22808.0,2147.0
4728232,4728233,20.0,1947939,1,2,17,2,6.0,15.0,1.0,15.0,4.0,4539,5.0,22808.0,2147.0
4728234,4728235,20.0,1947941,1,2,17,2,6.0,18.0,6.0,15.0,4.0,722Z,16.0,22814.0,2150.0
4728237,4728238,20.0,1947944,1,2,17,2,1.0,40.0,6.0,-9.0,4.0,5617Z,12.0,22808.0,2147.0
4728238,4728239,20.0,1947945,1,2,17,2,1.0,20.0,5.0,15.0,4.0,611M1,13.0,22815.0,2150.0
4728241,4728242,20.0,1947948,1,2,17,2,6.0,10.0,6.0,15.0,4.0,722Z,16.0,22808.0,2147.0
4728252,4728253,20.0,1947959,1,2,17,2,6.0,40.0,6.0,15.0,4.0,611M1,13.0,22765.0,2130.0
4728254,4728255,20.0,1947961,1,1,17,2,3.0,20.0,6.0,15.0,4.0,5617Z,12.0,22808.0,2147.0
4728255,4728256,20.0,1947962,1,1,17,2,2.0,15.0,1.0,15.0,4.0,611M1,13.0,22808.0,2147.0
4728264,4728265,20.0,1947971,1,1,17,2,6.0,44.0,6.0,15.0,4.0,336M,3.0,22806.0,2146.0
4728265,4728266,20.0,1947972,1,1,17,2,1.0,18.0,5.0,15.0,4.0,4511M,5.0,22808.0,2147.0
4728266,4728267,20.0,1947973,1,2,17,2,6.0,-9.0,-9.0,-9.0,4.0,-9,-9.0,22808.0,2147.0
4728267,4728268,20.0,1947974,1,2,17,2,1.0,30.0,1.0,15.0,4.0,6244,14.0,22808.0,2147.0
4728275,4728276,20.0,1947982,1,1,17,2,6.0,-9.0,-9.0,-9.0,4.0,-9,-9.0,22808.0,2147.0
4728281,4728282,20.0,1947988,1,1,17,2,1.0,15.0,3.0,15.0,4.0,611M1,13.0,22808.0,2147.0
4728282,4728283,20.0,1947989,1,2,17,2,1.0,35.0,4.0,15.0,3.0,722Z,16.0,22758.0,2127.0
4728283,4728284,20.0,1947990,1,1,17,2,6.0,-9.0,-9.0,-9.0,4.0,722Z,16.0,22765.0,2130.0
4728293,4728294,20.0,1948000,1,2,17,4,1.0,12.0,4.0,15.0,4.0,4511M,5.0,22765.0,2130.0
4728295,4728296,20.0,1948002,1,1,17,4,6.0,6.0,6.0,15.0,4.0,611M3,13.0,22814.0,2150.0
4728296,4728297,20.0,1948003,1,2,17,4,1.0,20.0,1.0,15.0,4.0,4523,5.0,22808.0,2147.0
4728300,4728301,20.0,1948007,1,2,17,4,6.0,-9.0,-9.0,15.0,4.0,-9,-9.0,22808.0,2147.0
4728302,4728303,20.0,1948009,1,2,17,4,6.0,-9.0,-9.0,16.0,4.0,-9,-9.0,22808.0,2147.0
4728303,4728304,20.0,1948010,1,2,17,4,6.0,-9.0,-9.0,15.0,4.0,-9,-9.0,22808.0,2147.0
4728305,4728306,20.0,1948012,1,1,17,4,6.0,-9.0,-9.0,15.0,4.0,611M3,13.0,22808.0,2147.0
4728308,4728309,20.0,1948015,1,1,17,4,6.0,18.0,6.0,15.0,4.0,562,12.0,22808.0,2147.0
4728310,4728311,20.0,1948017,1,2,17,4,6.0,8.0,5.0,16.0,4.0,5413,10.0,22808.0,2147.0
4728313,4728314,20.0,1948020,1,1,17,4,6.0,35.0,6.0,15.0,4.0,611M1,13.0,22806.0,2146.0
4728322,4728323,20.0,1948029,1,2,17,4,1.0,20.0,4.0,15.0,4.0,611M1,13.0,22808.0,2147.0
4728324,4728325,20.0,1948031,1,1,17,4,6.0,-9.0,-9.0,15.0,4.0,-9,-9.0,22813.0,2150.0
4728328,4728329,20.0,1948035,1,2,17,4,1.0,20.0,2.0,15.0,4.0,5413,10.0,22808.0,2147.0
4728330,4728331,20.0,1948037,1,2,17,4,6.0,-9.0,-9.0,16.0,4.0,-9,-9.0,22765.0,2130.0
4728336,4728337,20.0,1948043,1,2,17,4,1.0,3.0,6.0,15.0,4.0,611M1,13.0,22808.0,2147.0
4728338,4728339,20.0,1948045,1,1,17,4,6.0,-9.0,-9.0,15.0,4.0,-9,-9.0,22808.0,2147.0
4728339,4728340,20.0,1948046,1,1,17,4,6.0,-9.0,-9.0,15.0,4.0,-9,-9.0,22808.0,2147.0
4728340,4728341,20.0,1948047,1,2,17,4,6.0,12.0,4.0,15.0,4.0,611M1,13.0,22808.0,2147.0
4728341,4728342,20.0,1948048,1,1,17,4,6.0,-9.0,-9.0,15.0,4.0,-9,-9.0,22808.0,2147.0
4728343,4728344,20.0,1948050,1,1,17,4,6.0,-9.0,-9.0,16.0,4.0,-9,-9.0,22808.0,2147.0
4728345,4728346,20.0,1948052,1,2,17,4,6.0,10.0,5.0,15.0,4.0,722Z,16.0,22808.0,2147.0
4728352,4728353,20.0,1948059,1,1,17,4,1.0,20.0,1.0,15.0,4.0,722Z,16.0,22815.0,2150.0
4728356,4728357,20.0,1948063,1,2,17,4,6.0,7.0,5.0,15.0,4.0,722Z,16.0,22808.0,2147.0
4728357,4728358,20.0,1948064,1,2,17,4,1.0,45.0,5.0,-9.0,4.0,7211,16.0,22814.0,2150.0
4728358,4728359,20.0,1948065,1,1,17,4,1.0,30.0,1.0,16.0,4.0,611M1,13.0,22806.0,2146.0
4728361,4728362,20.0,1948068,1,2,17,4,6.0,20.0,5.0,15.0,4.0,722Z,16.0,22808.0,2147.0
4728363,4728364,20.0,1948070,1,1,17,4,6.0,-9.0,-9.0,15.0,4.0,611M1,13.0,22765.0,2130.0
4728364,4728365,20.0,1948071,1,2,17,4,6.0,-9.0,-9.0,15.0,4.0,531M,9.0,22765.0,2130.0
4728365,4728366,20.0,1948072,1,2,17,4,6.0,-9.0,-9.0,15.0,4.0,-9,-9.0,22808.0,2147.0
4728366,4728367,20.0,1948073,1,1,17,4,6.0,25.0,4.0,15.0,4.0,5414,10.0,22808.0,2147.0
4728372,4728373,20.0,1948079,1,1,17,4,6.0,-9.0,-9.0,15.0,4.0,-9,-9.0,22810.0,2148.0
4728373,4728374,20.0,1948080,1,1,17,4,6.0,40.0,6.0,15.0,4.0,721M,16.0,22808.0,2147.0
4728381,4728382,20.0,1948088,1,2,17,4,6.0,30.0,6.0,15.0,4.0,722Z,16.0,22806.0,2146.0
4728383,4728384,20.0,1948090,1,2,17,4,1.0,4.0,6.0,15.0,4.0,611M1,13.0,22806.0,2146.0
4728384,4728385,20.0,1948091,1,1,17,4,6.0,-9.0,-9.0,15.0,4.0,-9,-9.0,22806.0,2146.0
4728393,4728394,20.0,1948100,1,2,17,4,1.0,7.0,5.0,15.0,4.0,611M1,13.0,22808.0,2147.0
4728395,4728396,20.0,1948102,1,2,17,4,1.0,20.0,6.0,15.0,4.0,213,1.0,22808.0,2147.0
4728396,4728397,20.0,1948103,1,1,17,4,6.0,-9.0,-9.0,15.0,4.0,-9,-9.0,22815.0,2150.0
4728398,4728399,20.0,1948105,1,1,17,4,6.0,-9.0,-9.0,15.0,4.0,-9,-9.0,22810.0,2148.0
4728399,4728400,20.0,1948106,1,1,17,4,6.0,-9.0,-9.0,15.0,4.0,-9,-9.0,22761.0,2128.0
4728400,4728401,20.0,1948107,1,2,17,4,1.0,20.0,1.0,15.0,4.0,45221,5.0,22806.0,2146.0
4728406,4728407,20.0,1948113,1,1,17,4,1.0,10.0,4.0,15.0,4.0,7115,16.0,22765.0,2130.0
4728407,4728408,20.0,1948114,1,2,17,4,6.0,10.0,4.0,15.0,4.0,623M,14.0,22808.0,2147.0
4728412,4728413,20.0,1948119,1,1,17,4,6.0,35.0,6.0,15.0,4.0,811192,17.0,22806.0,2146.0
4728414,4728415,20.0,1948121,1,1,17,4,6.0,-9.0,-9.0,15.0,4.0,-9,-9.0,22808.0,2147.0
4728421,4728422,20.0,1948128,1,2,17,4,1.0,3.0,6.0,15.0,4.0,611M1,13.0,22806.0,2146.0
4728424,4728425,20.0,1948131,1,2,17,4,1.0,10.0,6.0,16.0,4.0,611M1,13.0,22808.0,2147.0
4728425,4728426,20.0,1948132,1,1,17,4,6.0,8.0,6.0,15.0,4.0,2211P,7.0,22808.0,2147.0
4728429,4728430,20.0,1948136,1,2,17,4,6.0,-9.0,-9.0,15.0,4.0,5411,10.0,22808.0,2147.0
4728433,4728434,20.0,1948140,1,1,17,4,6.0,40.0,6.0,15.0,4.0,336M,3.0,22808.0,2147.0
4728435,4728436,20.0,1948142,1,1,17,4,1.0,4.0,6.0,15.0,4.0,611M1,13.0,22808.0,2147.0
4728438,4728439,20.0,1948145,1,2,17,4,1.0,20.0,4.0,15.0,4.0,611M1,13.0,22808.0,2147.0
4728446,4728447,20.0,1948153,1,2,17,4,6.0,-9.0,-9.0,15.0,4.0,-9,-9.0,22806.0,2146.0
4728447,4728448,20.0,1948154,1,2,17,4,6.0,30.0,6.0,15.0,4.0,722Z,16.0,22808.0,2147.0
4728448,4728449,20.0,1948155,1,1,17,4,1.0,9.0,6.0,15.0,4.0,611M1,13.0,22765.0,2130.0
4728450,4728451,20.0,1948157,1,1,17,4,1.0,6.0,1.0,15.0,4.0,611M3,13.0,22808.0,2147.0
4728455,4728456,20.0,1948162,1,1,17,4,6.0,-9.0,-9.0,15.0,4.0,-9,-9.0,22808.0,2147.0
4728456,4728457,20.0,1948163,1,2,17,4,6.0,-9.0,-9.0,15.0,4.0,-9,-9.0,22814.0,2150.0
4728457,4728458,20.0,1948164,1,1,17,4,6.0,6.0,6.0,15.0,4.0,3113,3.0,22806.0,2146.0
4728458,4728459,20.0,1948165,1,2,17,4,1.0,7.0,5.0,15.0,4.0,611M1,13.0,22808.0,2147.0
4728467,4728468,20.0,1948174,1,1,17,4,6.0,20.0,4.0,15.0,4.0,44511,5.0,22808.0,2147.0
4728468,4728469,20.0,1948175,1,2,17,4,1.0,10.0,1.0,15.0,4.0,611M1,13.0,22808.0,2147.0
4728470,4728471,20.0,1948177,1,1,17,4,6.0,-9.0,-9.0,15.0,4.0,-9,-9.0,22806.0,2146.0
4728471,4728472,20.0,1948178,1,2,17,4,6.0,30.0,6.0,15.0,4.0,722Z,16.0,22808.0,2147.0
4728478,4728479,20.0,1948185,1,1,17,4,6.0,-9.0,-9.0,15.0,4.0,611M3,13.0,22815.0,2150.0
4728481,4728482,20.0,1948188,1,1,17,4,1.0,7.0,5.0,15.0,4.0,722Z,16.0,22806.0,2146.0
4728486,4728487,20.0,1948193,1,2,17,4,6.0,10.0,5.0,15.0,4.0,722Z,16.0,22808.0,2147.0
4728490,4728491,20.0,1948197,1,2,17,4,1.0,20.0,1.0,15.0,4.0,45221,5.0,22808.0,2147.0
4728491,4728492,20.0,1948198,1,2,17,4,6.0,14.0,5.0,15.0,4.0,722Z,16.0,22814.0,2150.0
4728493,4728494,20.0,1948200,1,1,17,4,6.0,-9.0,-9.0,15.0,4.0,611M3,13.0,22808.0,2147.0
4728494,4728495,20.0,1948201,1,1,17,4,6.0,20.0,4.0,15.0,4.0,221MP,7.0,22808.0,2147.0
4728495,4728496,20.0,1948202,1,2,17,4,6.0,-9.0,-9.0,15.0,4.0,-9,-9.0,22808.0,2147.0
4728496,4728497,20.0,1948203,1,1,17,4,3.0,-9.0,-9.0,15.0,4.0,999920,-9.0,22808.0,2147.0
4728498,4728499,20.0,1948205,1,1,17,4,1.0,4.0,4.0,15.0,4.0,722Z,16.0,22808.0,2147.0
4728501,4728502,20.0,1948208,1,1,17,4,3.0,-9.0,-9.0,15.0,4.0,443142,5.0,22808.0,2147.0
4728506,4728507,20.0,1948213,1,1,17,4,6.0,-9.0,-9.0,15.0,4.0,611M3,13.0,22808.0,2147.0
4728519,4728520,20.0,1948226,1,2,17,4,6.0,-9.0,-9.0,15.0,4.0,-9,-9.0,22808.0,2147.0
4728524,4728525,20.0,1948231,1,1,17,4,6.0,-9.0,-9.0,16.0,4.0,336M,3.0,22808.0,2147.0
4728528,4728529,20.0,1948235,1,1,17,4,1.0,25.0,4.0,16.0,4.0,611M1,13.0,22815.0,2150.0
4728530,4728531,20.0,1948237,1,1,17,4,6.0,-9.0,-9.0,15.0,4.0,611M3,13.0,22765.0,2130.0
4728531,4728532,20.0,1948238,1,1,17,4,6.0,-9.0,-9.0,15.0,4.0,-9,-9.0,22808.0,2147.0
4728532,4728533,20.0,1948239,1,2,17,4,1.0,20.0,1.0,15.0,4.0,4523,5.0,22765.0,2130.0
4728533,4728534,20.0,1948240,1,2,17,4,1.0,15.0,1.0,15.0,4.0,713Z,16.0,22808.0,2147.0
4728539,4728540,20.0,1948246,1,1,17,4,1.0,4.0,6.0,15.0,4.0,611M1,13.0,22765.0,2130.0
4728547,4728548,20.0,1948254,1,2,17,4,1.0,30.0,5.0,15.0,4.0,611M1,13.0,22808.0,2147.0
4728549,4728550,20.0,1948256,1,1,17,4,6.0,30.0,6.0,15.0,4.0,51913,8.0,22814.0,2150.0
4728550,4728551,20.0,1948257,1,2,17,4,1.0,45.0,5.0,-9.0,4.0,7211,16.0,22808.0,2147.0
4728551,4728552,20.0,1948258,1,2,17,4,6.0,-9.0,-9.0,15.0,4.0,54194,10.0,22765.0,2130.0
4728553,4728554,20.0,1948260,1,1,17,4,1.0,4.0,4.0,15.0,4.0,722Z,16.0,22808.0,2147.0
4728556,4728557,20.0,1948263,1,1,17,4,1.0,40.0,1.0,-9.0,4.0,4523,5.0,22765.0,2130.0
4728557,4728558,20.0,1948264,1,1,17,4,1.0,4.0,6.0,15.0,4.0,611M1,13.0,22808.0,2147.0
4728559,4728560,20.0,1948266,1,2,17,1,6.0,35.0,6.0,15.0,4.0,712,16.0,22808.0,2147.0
4728566,4728567,20.0,1948273,1,1,17,4,6.0,15.0,4.0,15.0,4.0,722Z,16.0,22808.0,2147.0
4728569,4728570,20.0,1948276,1,1,17,4,1.0,25.0,4.0,16.0,4.0,611M1,13.0,22758.0,2127.0
4728570,4728571,20.0,1948277,1,1,17,4,6.0,6.0,6.0,15.0,4.0,3113,3.0,22808.0,2147.0
4728571,4728572,20.0,1948278,1,2,17,1,6.0,25.0,5.0,15.0,4.0,722Z,16.0,22808.0,2147.0
4728574,4728575,20.0,1948281,1,2,17,1,6.0,30.0,5.0,15.0,4.0,722Z,16.0,22808.0,2147.0
4728576,4728577,20.0,1948283,1,1,17,1,6.0,60.0,1.0,-9.0,4.0,56173,12.0,22806.0,2146.0
4728581,4728582,20.0,1948288,1,2,17,1,1.0,12.0,6.0,15.0,4.0,611M1,13.0,22815.0,2150.0
4728582,4728583,20.0,1948289,1,2,17,4,6.0,10.0,5.0,15.0,4.0,4481,5.0,22760.0,2128.0
4728588,4728589,20.0,1948295,1,1,17,1,1.0,40.0,1.0,-9.0,4.0,5613,12.0,22806.0,2146.0
4728589,4728590,20.0,1948296,1,2,17,2,1.0,15.0,6.0,15.0,4.0,722Z,16.0,22806.0,2146.0
4728590,4728591,20.0,1948297,1,2,17,1,6.0,30.0,6.0,15.0,4.0,337,3.0,22815.0,2150.0
4728591,4728592,20.0,1948298,1,2,17,4,1.0,12.0,1.0,15.0,4.0,812112,17.0,22808.0,2147.0
4728596,4728597,20.0,1948303,1,2,17,1,6.0,99.0,6.0,15.0,4.0,721M,16.0,22808.0,2147.0
4728600,4728601,20.0,1948307,1,2,17,4,6.0,-9.0,-9.0,15.0,4.0,-9,-9.0,22808.0,2147.0
4728602,4728603,20.0,1948309,1,2,17,2,6.0,-9.0,-9.0,15.0,4.0,-9,-9.0,22806.0,2146.0
4728603,4728604,20.0,1948310,1,1,17,1,2.0,30.0,6.0,15.0,4.0,23,2.0,22808.0,2147.0
4728605,4728606,20.0,1948312,1,2,17,1,6.0,10.0,6.0,15.0,4.0,44821,5.0,22808.0,2147.0
4728608,4728609,20.0,1948315,1,2,17,4,6.0,30.0,6.0,15.0,4.0,722Z,16.0,22813.0,2150.0
4728611,4728612,20.0,1948318,1,1,17,4,6.0,25.0,4.0,15.0,4.0,5414,10.0,22808.0,2147.0
4728612,4728613,20.0,1948319,1,2,17,4,6.0,-9.0,-9.0,15.0,4.0,-9,-9.0,22808.0,2147.0
4728615,4728616,20.0,1948322,1,1,17,4,1.0,25.0,4.0,16.0,4.0,611M1,13.0,22765.0,2130.0
4728616,4728617,20.0,1948323,1,1,17,1,6.0,25.0,6.0,15.0,4.0,9211MP,18.0,22808.0,2147.0
4728620,4728621,20.0,1948327,1,1,17,4,6.0,30.0,6.0,15.0,4.0,51913,8.0,22808.0,2147.0
4728621,4728622,20.0,1948328,1,2,17,1,6.0,25.0,5.0,15.0,4.0,44511,5.0,22808.0,2147.0
4728629,4728630,20.0,1948336,1,2,17,2,3.0,-9.0,-9.0,15.0,4.0,999920,-9.0,22806.0,2146.0
4728632,4728633,20.0,1948339,1,1,17,1,1.0,20.0,5.0,15.0,4.0,611M1,13.0,22808.0,2147.0
4728635,4728636,20.0,1948342,1,2,17,1,6.0,30.0,5.0,15.0,4.0,713Z,16.0,22808.0,2147.0
4728636,4728637,20.0,1948343,1,2,17,4,6.0,-9.0,-9.0,15.0,4.0,-9,-9.0,22808.0,2147.0
4728638,4728639,20.0,1948345,1,2,17,4,1.0,45.0,5.0,-9.0,4.0,7211,16.0,22808.0,2147.0
4728646,4728647,20.0,1948353,1,2,17,4,1.0,10.0,6.0,16.0,4.0,722Z,16.0,22758.0,2127.0
4728649,4728650,20.0,1948356,1,2,17,2,3.0,30.0,4.0,15.0,4.0,44512,5.0,22806.0,2146.0
4728650,4728651,20.0,1948357,1,2,17,1,6.0,40.0,5.0,15.0,4.0,5413,10.0,22808.0,2147.0
4728653,4728654,20.0,1948360,1,1,17,1,1.0,40.0,4.0,-9.0,4.0,484,6.0,22808.0,2147.0
4728656,4728657,20.0,1948363,1,2,17,4,1.0,10.0,1.0,15.0,4.0,611M1,13.0,22808.0,2147.0
4728661,4728662,20.0,1948368,1,1,17,2,1.0,17.0,4.0,15.0,4.0,611M1,13.0,22808.0,2147.0
4728663,4728664,20.0,1948370,1,2,17,1,6.0,-9.0,-9.0,15.0,4.0,722Z,16.0,22758.0,2127.0
4728667,4728668,20.0,1948374,1,1,17,4,6.0,-9.0,-9.0,16.0,4.0,-9,-9.0,22810.0,2148.0
4728668,4728669,20.0,1948375,1,2,17,4,6.0,16.0,5.0,15.0,4.0,721M,16.0,22808.0,2147.0
4728669,4728670,20.0,1948376,1,2,17,4,6.0,-9.0,-9.0,15.0,4.0,-9,-9.0,22806.0,2146.0
4728671,4728672,20.0,1948378,1,2,17,2,6.0,40.0,5.0,-9.0,4.0,5616,12.0,22806.0,2146.0
4728672,4728673,20.0,1948379,1,1,17,1,6.0,20.0,4.0,15.0,4.0,4244,4.0,22808.0,2147.0
4728674,4728675,20.0,1948381,1,2,17,2,1.0,20.0,5.0,15.0,4.0,611M1,13.0,22765.0,2130.0
4728675,4728676,20.0,1948382,1,2,17,4,1.0,16.0,3.0,15.0,4.0,611M1,13.0,22814.0,2150.0
4728677,4728678,20.0,1948384,1,2,17,1,6.0,7.0,5.0,15.0,4.0,713Z,16.0,22806.0,2146.0
4728678,4728679,20.0,1948385,1,1,17,4,6.0,-9.0,-9.0,15.0,4.0,611M1,13.0,22806.0,2146.0
4728682,4728683,20.0,1948389,1,2,17,2,1.0,15.0,6.0,15.0,4.0,722Z,16.0,22808.0,2147.0
4728683,4728684,20.0,1948390,1,2,17,1,6.0,-9.0,-9.0,15.0,4.0,-9,-9.0,22808.0,2147.0
4728684,4728685,20.0,1948391,1,2,17,1,6.0,16.0,2.0,15.0,4.0,722Z,16.0,22808.0,2147.0
4728686,4728687,20.0,1948393,1,1,17,4,6.0,-9.0,-9.0,15.0,4.0,-9,-9.0,22808.0,2147.0
4728693,4728694,20.0,1948400,1,2,17,1,1.0,3.0,6.0,15.0,4.0,611M1,13.0,22765.0,2130.0
4728695,4728696,20.0,1948402,1,1,17,2,6.0,-9.0,-9.0,15.0,4.0,-9,-9.0,22808.0,2147.0
4728696,4728697,20.0,1948403,1,2,17,4,6.0,8.0,5.0,16.0,4.0,5413,10.0,22806.0,2146.0
4728699,4728700,20.0,1948406,1,2,17,4,6.0,7.0,5.0,15.0,4.0,722Z,16.0,22814.0,2150.0
4728701,4728702,20.0,1948408,1,2,17,1,6.0,55.0,5.0,15.0,4.0,4412,5.0,22808.0,2147.0
4728707,4728708,20.0,1948414,1,2,17,1,1.0,20.0,1.0,15.0,4.0,611M1,13.0,22808.0,2147.0
4728714,4728715,20.0,1948421,1,1,17,4,6.0,5.0,5.0,15.0,4.0,611M1,13.0,22808.0,2147.0
4728717,4728718,20.0,1948424,1,2,17,1,6.0,6.0,3.0,15.0,4.0,611M3,13.0,22808.0,2147.0
4728719,4728720,20.0,1948426,1,2,17,1,6.0,20.0,4.0,15.0,4.0,722Z,16.0,22808.0,2147.0
4728720,4728721,20.0,1948427,1,2,17,1,6.0,12.0,3.0,15.0,4.0,722Z,16.0,22765.0,2130.0
4728721,4728722,20.0,1948428,1,1,17,4,6.0,-9.0,-9.0,15.0,4.0,-9,-9.0,22808.0,2147.0
4728722,4728723,20.0,1948429,1,2,17,4,6.0,14.0,5.0,15.0,4.0,722Z,16.0,22808.0,2147.0
4728724,4728725,20.0,1948431,1,2,17,2,1.0,15.0,6.0,15.0,4.0,611M1,13.0,22765.0,2130.0
4728725,4728726,20.0,1948432,1,2,17,2,1.0,20.0,6.0,-9.0,4.0,4523,5.0,22808.0,2147.0
4728726,4728727,20.0,1948433,1,1,17,1,1.0,20.0,5.0,15.0,4.0,713Z,16.0,22765.0,2130.0
4728728,4728729,20.0,1948435,1,2,17,4,1.0,15.0,1.0,15.0,4.0,713Z,16.0,22760.0,2128.0
4728732,4728733,21.0,1948439,1,2,17,1,1.0,15.0,4.0,15.0,4.0,44611,5.0,22808.0,2147.0
4728733,4728734,21.0,1948440,1,2,17,1,6.0,9.0,6.0,15.0,4.0,721M,16.0,22808.0,2147.0
4728739,4728740,21.0,1948446,1,2,17,1,1.0,30.0,6.0,15.0,4.0,45121,5.0,22808.0,2147.0
4728742,4728743,21.0,1948449,1,1,17,1,1.0,20.0,5.0,15.0,4.0,713Z,16.0,22808.0,2147.0
4728744,4728745,21.0,1948451,1,2,17,1,6.0,-9.0,-9.0,15.0,4.0,-9,-9.0,22808.0,2147.0
4728750,4728751,21.0,1948457,1,1,17,1,2.0,30.0,6.0,15.0,4.0,23,2.0,22806.0,2146.0
4728757,4728758,21.0,1948464,1,1,17,1,6.0,-9.0,-9.0,16.0,4.0,813M,17.0,22765.0,2130.0
4728761,4728762,21.0,1948468,1,1,17,1,6.0,-9.0,-9.0,15.0,4.0,611M1,13.0,22808.0,2147.0
4728767,4728768,21.0,1948474,1,1,17,1,6.0,-9.0,-9.0,15.0,4.0,-9,-9.0,22814.0,2150.0
4728768,4728769,21.0,1948475,1,1,17,1,6.0,40.0,6.0,15.0,4.0,5415,10.0,22808.0,2147.0
4728770,4728771,21.0,1948477,1,1,17,1,2.0,40.0,1.0,-9.0,4.0,722Z,16.0,22806.0,2146.0
4728771,4728772,21.0,1948478,1,2,17,1,1.0,20.0,5.0,15.0,4.0,713Z,16.0,22806.0,2146.0
4728772,4728773,21.0,1948479,1,1,17,1,1.0,30.0,2.0,15.0,4.0,611M1,13.0,22808.0,2147.0
4728777,4728778,21.0,1948484,1,1,17,1,1.0,8.0,4.0,15.0,4.0,45121,5.0,22806.0,2146.0
4728781,4728782,21.0,1948488,1,2,17,1,6.0,-9.0,-9.0,14.0,4.0,-9,-9.0,22806.0,2146.0
4728797,4728798,21.0,1948504,1,1,17,1,6.0,-9.0,-9.0,15.0,4.0,-9,-9.0,22806.0,2146.0
4728803,4728804,21.0,1948510,1,1,17,1,1.0,15.0,4.0,15.0,4.0,611M1,13.0,22808.0,2147.0
4728806,4728807,21.0,1948513,1,2,17,1,6.0,99.0,6.0,15.0,4.0,721M,16.0,22808.0,2147.0
4728809,4728810,21.0,1948516,1,2,17,1,6.0,-9.0,-9.0,15.0,4.0,-9,-9.0,22808.0,2147.0
4728811,4728812,21.0,1948518,1,2,17,1,6.0,15.0,6.0,15.0,4.0,721M,16.0,22808.0,2147.0
4728815,4728816,21.0,1948522,1,2,17,1,6.0,6.0,6.0,15.0,4.0,6111,13.0,22808.0,2147.0
4728818,4728819,21.0,1948525,1,1,17,1,6.0,40.0,6.0,15.0,4.0,522M,9.0,22808.0,2147.0
4728819,4728820,21.0,1948526,1,1,17,1,6.0,39.0,5.0,15.0,4.0,713Z,16.0,22765.0,2130.0
4728820,4728821,21.0,1948527,1,2,17,1,6.0,16.0,6.0,15.0,4.0,722Z,16.0,22808.0,2147.0
4728821,4728822,21.0,1948528,1,2,17,1,1.0,3.0,6.0,15.0,4.0,611M1,13.0,22760.0,2128.0
4728822,4728823,21.0,1948529,1,1,17,1,6.0,4.0,3.0,15.0,4.0,713Z,16.0,22806.0,2146.0
4728823,4728824,21.0,1948530,1,1,17,1,2.0,20.0,3.0,15.0,4.0,5416,10.0,22765.0,2130.0
4728827,4728828,21.0,1948534,1,2,17,1,1.0,22.0,1.0,15.0,4.0,611M1,13.0,22806.0,2146.0
4728828,4728829,21.0,1948535,1,2,17,1,6.0,-9.0,-9.0,-9.0,4.0,722Z,16.0,22808.0,2147.0
4728830,4728831,21.0,1948537,1,1,17,1,6.0,-9.0,-9.0,16.0,4.0,611M1,13.0,22808.0,2147.0
4728832,4728833,21.0,1948539,1,2,17,1,6.0,30.0,6.0,15.0,4.0,337,3.0,22808.0,2147.0
4728838,4728839,21.0,1948545,1,2,17,3,6.0,-9.0,-9.0,14.0,4.0,-9,-9.0,22808.0,2147.0
4728839,4728840,21.0,1948546,1,2,17,3,1.0,8.0,6.0,15.0,4.0,611M1,13.0,22806.0,2146.0
4728844,4728845,21.0,1948551,1,1,17,1,1.0,40.0,4.0,-9.0,4.0,484,6.0,22813.0,2150.0
4728846,4728847,21.0,1948553,1,1,17,1,6.0,20.0,5.0,15.0,4.0,722Z,16.0,22814.0,2150.0
4728849,4728850,21.0,1948556,1,2,17,1,6.0,30.0,5.0,15.0,4.0,4511M,5.0,22808.0,2147.0
4728852,4728853,21.0,1948559,1,1,17,1,6.0,20.0,6.0,15.0,4.0,722Z,16.0,22765.0,2130.0
4728859,4728860,21.0,1948566,1,1,17,1,1.0,17.0,1.0,15.0,4.0,336M,3.0,22808.0,2147.0
4728865,4728866,21.0,1948572,1,1,17,3,1.0,40.0,5.0,15.0,4.0,611M1,13.0,22808.0,2147.0
4728869,4728870,22.0,1948576,1,2,17,1,6.0,-9.0,-9.0,15.0,4.0,-9,-9.0,22808.0,2147.0
4728874,4728875,22.0,1948581,1,2,17,1,6.0,35.0,6.0,15.0,4.0,713Z,16.0,22814.0,2150.0
4728880,4728881,22.0,1948587,1,1,17,1,6.0,30.0,6.0,15.0,4.0,713Z,16.0,22806.0,2146.0
4728881,4728882,22.0,1948588,1,2,17,1,1.0,32.0,5.0,15.0,4.0,611M1,13.0,22808.0,2147.0
4728883,4728884,22.0,1948590,1,2,17,1,1.0,20.0,5.0,15.0,4.0,611M1,13.0,22808.0,2147.0
4728885,4728886,22.0,1948592,1,2,17,1,1.0,6.0,5.0,15.0,4.0,611M1,13.0,22806.0,2146.0
4728886,4728887,22.0,1948593,1,1,17,1,1.0,23.0,5.0,15.0,4.0,622M,15.0,22808.0,2147.0
4728889,4728890,22.0,1948596,1,2,17,1,1.0,8.0,6.0,15.0,4.0,6243,14.0,22808.0,2147.0
4728896,4728897,22.0,1948603,1,1,17,1,6.0,-9.0,-9.0,16.0,4.0,813M,17.0,22815.0,2150.0
4728897,4728898,22.0,1948604,1,2,17,1,6.0,32.0,6.0,15.0,4.0,52M2,9.0,22808.0,2147.0
4728898,4728899,22.0,1948605,1,1,17,1,1.0,40.0,4.0,-9.0,4.0,484,6.0,22806.0,2146.0
4728900,4728901,22.0,1948607,1,2,17,1,6.0,-9.0,-9.0,15.0,4.0,722Z,16.0,22806.0,2146.0
4728902,4728903,22.0,1948609,1,2,17,1,6.0,20.0,6.0,15.0,4.0,713Z,16.0,22808.0,2147.0
4728905,4728906,22.0,1948612,1,1,17,1,3.0,40.0,6.0,15.0,4.0,5617Z,12.0,22808.0,2147.0
4728906,4728907,22.0,1948613,1,2,17,1,1.0,25.0,4.0,15.0,4.0,623M,14.0,22806.0,2146.0
4728911,4728912,22.0,1948618,1,2,17,1,1.0,16.0,1.0,15.0,4.0,611M1,13.0,22808.0,2147.0
4728914,4728915,22.0,1948621,1,2,17,1,1.0,12.0,6.0,15.0,4.0,611M1,13.0,22808.0,2147.0
4728915,4728916,22.0,1948622,1,1,17,1,6.0,30.0,6.0,15.0,4.0,722Z,16.0,22806.0,2146.0
4728916,4728917,22.0,1948623,1,2,17,1,6.0,-9.0,-9.0,15.0,4.0,-9,-9.0,22808.0,2147.0
4728918,4728919,22.0,1948625,1,1,17,1,1.0,10.0,6.0,15.0,4.0,622M,15.0,22808.0,2147.0
4728921,4728922,22.0,1948628,1,2,17,1,1.0,4.0,4.0,15.0,4.0,814,17.0,22808.0,2147.0
4728924,4728925,22.0,1948631,1,1,17,1,6.0,3.0,5.0,15.0,4.0,8129,17.0,22808.0,2147.0
4728927,4728928,22.0,1948634,1,2,17,1,6.0,10.0,5.0,15.0,4.0,611M1,13.0,22810.0,2148.0
4728928,4728929,22.0,1948635,1,2,17,1,6.0,-9.0,-9.0,-9.0,4.0,56173,12.0,22765.0,2130.0
4728929,4728930,22.0,1948636,1,1,17,1,6.0,3.0,5.0,15.0,4.0,721M,16.0,22808.0,2147.0
4728932,4728933,22.0,1948639,1,2,17,1,6.0,18.0,3.0,15.0,4.0,6244,14.0,22806.0,2146.0
4728934,4728935,22.0,1948641,1,2,17,1,6.0,24.0,4.0,15.0,4.0,713Z,16.0,22808.0,2147.0
4728935,4728936,22.0,1948642,1,2,17,1,6.0,30.0,6.0,15.0,4.0,45113,5.0,22808.0,2147.0
4728936,4728937,22.0,1948643,1,2,17,1,1.0,15.0,4.0,15.0,4.0,44511,5.0,22808.0,2147.0
4728937,4728938,22.0,1948644,1,1,17,1,6.0,40.0,5.0,15.0,4.0,443142,5.0,22808.0,2147.0
4728938,4728939,22.0,1948645,1,2,17,1,1.0,10.0,5.0,15.0,4.0,611M1,13.0,22808.0,2147.0
4728939,4728940,22.0,1948646,1,2,17,1,6.0,6.0,6.0,15.0,4.0,6211,14.0,22808.0,2147.0
4728943,4728944,22.0,1948650,1,2,17,1,6.0,30.0,4.0,15.0,4.0,722Z,16.0,22808.0,2147.0
4728946,4728947,22.0,1948653,1,1,17,1,6.0,15.0,4.0,15.0,4.0,611M1,13.0,22808.0,2147.0
4728950,4728951,22.0,1948657,1,2,17,1,1.0,15.0,4.0,15.0,4.0,713Z,16.0,22806.0,2146.0
4728952,4728953,22.0,1948659,1,2,17,1,1.0,30.0,5.0,15.0,4.0,55,11.0,22808.0,2147.0
4728954,4728955,22.0,1948661,1,1,17,1,6.0,-9.0,-9.0,15.0,4.0,-9,-9.0,22808.0,2147.0
4728956,4728957,22.0,1948663,1,1,17,1,1.0,9.0,1.0,15.0,4.0,611M1,13.0,22808.0,2147.0
4728957,4728958,22.0,1948664,1,1,17,1,1.0,25.0,3.0,15.0,4.0,336M,3.0,22808.0,2147.0
4728959,4728960,22.0,1948666,1,1,17,1,6.0,40.0,6.0,15.0,4.0,721M,16.0,22808.0,2147.0
4728960,4728961,22.0,1948667,1,1,17,1,1.0,25.0,4.0,15.0,4.0,336M,3.0,22765.0,2130.0
4728962,4728963,22.0,1948669,1,1,17,1,3.0,40.0,6.0,15.0,4.0,3261,3.0,22808.0,2147.0
4728963,4728964,22.0,1948670,1,2,17,1,6.0,15.0,4.0,15.0,4.0,45121,5.0,22808.0,2147.0
4728965,4728966,22.0,1948672,1,2,17,1,6.0,-9.0,-9.0,15.0,4.0,-9,-9.0,22806.0,2146.0
4728966,4728967,22.0,1948673,1,1,17,1,6.0,-9.0,-9.0,-9.0,4.0,-9,-9.0,22806.0,2146.0
4728972,4728973,22.0,1948679,1,1,17,1,6.0,9.0,4.0,15.0,4.0,531M,9.0,22808.0,2147.0
4728974,4728975,22.0,1948681,1,2,17,1,6.0,7.0,5.0,15.0,4.0,713Z,16.0,22808.0,2147.0
4728977,4728978,22.0,1948684,1,2,17,1,1.0,32.0,4.0,-9.0,4.0,611M1,13.0,22808.0,2147.0
4728979,4728980,22.0,1948686,1,1,17,1,1.0,15.0,6.0,15.0,4.0,611M1,13.0,22808.0,2147.0
4728980,4728981,22.0,1948687,1,2,17,1,6.0,10.0,6.0,15.0,4.0,44821,5.0,22808.0,2147.0
4728984,4728985,22.0,1948691,1,1,17,1,1.0,30.0,2.0,15.0,4.0,611M1,13.0,22808.0,2147.0
4728986,4728987,22.0,1948693,1,2,17,1,6.0,24.0,6.0,15.0,4.0,4523,5.0,22808.0,2147.0
4728992,4728993,22.0,1948699,1,1,17,1,6.0,-9.0,-9.0,-9.0,4.0,-9,-9.0,22815.0,2150.0
4728995,4728996,22.0,1948702,1,1,17,1,2.0,40.0,1.0,-9.0,4.0,722Z,16.0,22808.0,2147.0
4728997,4728998,22.0,1948704,1,2,17,1,6.0,12.0,3.0,15.0,4.0,722Z,16.0,22808.0,2147.0
4728999,4729000,22.0,1948706,1,1,17,1,3.0,20.0,6.0,15.0,4.0,6241,14.0,22818.0,2150.0
4729001,4729002,22.0,1948708,1,2,17,1,6.0,40.0,6.0,15.0,4.0,713Z,16.0,22808.0,2147.0
4729004,4729005,22.0,1948711,1,2,17,1,6.0,15.0,6.0,15.0,4.0,721M,16.0,22808.0,2147.0
4729013,4729014,22.0,1948720,1,1,17,1,2.0,40.0,1.0,-9.0,4.0,722Z,16.0,22806.0,2146.0
4729018,4729019,23.0,1948725,1,2,17,1,6.0,-9.0,-9.0,15.0,4.0,4511M,5.0,22758.0,2127.0
4729021,4729022,23.0,1948728,1,1,17,1,2.0,20.0,3.0,15.0,4.0,5416,10.0,22806.0,2146.0
4729022,4729023,23.0,1948729,1,2,17,1,1.0,12.0,6.0,15.0,4.0,611M1,13.0,22808.0,2147.0
4729023,4729024,23.0,1948730,1,2,17,1,1.0,9.0,4.0,15.0,4.0,6214,14.0,22758.0,2127.0
4729025,4729026,23.0,1948732,1,2,17,1,1.0,15.0,6.0,15.0,4.0,722Z,16.0,22815.0,2150.0
4729027,4729028,23.0,1948734,1,1,17,1,6.0,30.0,6.0,15.0,4.0,4452,5.0,22806.0,2146.0
4729032,4729033,23.0,1948739,1,1,17,1,6.0,30.0,3.0,15.0,4.0,51111,8.0,22808.0,2147.0
4729034,4729035,23.0,1948741,1,2,17,1,1.0,30.0,3.0,15.0,4.0,611M1,13.0,22808.0,2147.0
4729040,4729041,23.0,1948747,1,2,17,1,1.0,20.0,1.0,15.0,4.0,611M1,13.0,22808.0,2147.0
4729045,4729046,23.0,1948752,1,2,17,1,1.0,35.0,1.0,15.0,4.0,55,11.0,22806.0,2146.0
4729050,4729051,23.0,1948757,1,2,17,1,1.0,25.0,1.0,15.0,4.0,611M1,13.0,22806.0,2146.0
4729053,4729054,23.0,1948760,1,2,17,1,1.0,3.0,1.0,15.0,4.0,611M3,13.0,22808.0,2147.0
4729055,4729056,23.0,1948762,1,1,17,1,6.0,30.0,5.0,15.0,4.0,23,2.0,22808.0,2147.0
4729056,4729057,23.0,1948763,1,1,17,1,6.0,30.0,5.0,15.0,4.0,713Z,16.0,22815.0,2150.0
4729057,4729058,23.0,1948764,1,2,17,1,6.0,6.0,6.0,15.0,4.0,814,17.0,22765.0,2130.0
4729059,4729060,24.0,1948766,1,1,17,1,6.0,15.0,4.0,15.0,4.0,611M1,13.0,22765.0,2130.0
4729060,4729061,24.0,1948767,1,2,17,1,6.0,-9.0,-9.0,-9.0,4.0,722Z,16.0,22815.0,2150.0
4729062,4729063,24.0,1948769,1,1,17,4,1.0,40.0,1.0,-9.0,4.0,4523,5.0,22808.0,2147.0
4729064,4729065,24.0,1948771,1,2,17,4,6.0,14.0,5.0,15.0,4.0,722Z,16.0,22808.0,2147.0
4729065,4729066,24.0,1948772,1,1,17,4,6.0,-9.0,-9.0,15.0,4.0,-9,-9.0,22806.0,2146.0
4729067,4729068,24.0,1948774,1,2,17,4,1.0,20.0,2.0,15.0,4.0,5413,10.0,22806.0,2146.0
4729070,4729071,24.0,1948777,1,1,17,4,6.0,15.0,4.0,15.0,4.0,722Z,16.0,22808.0,2147.0
4729076,4729077,24.0,1948783,1,2,17,4,6.0,10.0,5.0,15.0,4.0,4481,5.0,22808.0,2147.0
4729077,4729078,24.0,1948784,1,2,17,4,1.0,15.0,1.0,15.0,4.0,713Z,16.0,22808.0,2147.0
4729078,4729079,24.0,1948785,1,1,17,4,6.0,30.0,6.0,15.0,4.0,51913,8.0,22815.0,2150.0
4729084,4729085,24.0,1948791,1,2,17,4,1.0,45.0,5.0,-9.0,4.0,7211,16.0,22806.0,2146.0
4729085,4729086,24.0,1948792,1,2,17,4,6.0,-9.0,-9.0,15.0,4.0,-9,-9.0,22808.0,2147.0
4729092,4729093,24.0,1948799,1,1,17,4,1.0,10.0,4.0,15.0,4.0,7111,16.0,22808.0,2147.0
4729095,4729096,24.0,1948802,1,1,17,4,6.0,-9.0,-9.0,15.0,4.0,611M1,13.0,22808.0,2147.0
4729096,4729097,24.0,1948803,1,1,17,4,6.0,-9.0,-9.0,15.0,4.0,-9,-9.0,22808.0,2147.0
4729100,4729101,24.0,1948807,1,1,17,4,6.0,15.0,4.0,15.0,4.0,722Z,16.0,22808.0,2147.0
4729111,4729112,24.0,1948818,1,2,17,4,1.0,4.0,6.0,15.0,4.0,611M1,13.0,22806.0,2146.0
4729112,4729113,24.0,1948819,1,2,17,4,2.0,12.0,6.0,15.0,4.0,611M1,13.0,22808.0,2147.0
4729114,4729115,24.0,1948821,1,2,17,4,6.0,14.0,5.0,15.0,4.0,722Z,16.0,22806.0,2146.0
4729117,4729118,24.0,1948824,1,2,17,4,6.0,-9.0,-9.0,15.0,4.0,6244,14.0,22808.0,2147.0
4729118,4729119,24.0,1948825,1,2,17,4,6.0,13.0,4.0,15.0,4.0,611M1,13.0,22808.0,2147.0
4729119,4729120,24.0,1948826,1,2,17,4,1.0,15.0,1.0,15.0,4.0,713Z,16.0,22808.0,2147.0
4729121,4729122,24.0,1948828,1,1,17,4,6.0,-9.0,-9.0,16.0,4.0,-9,-9.0,22808.0,2147.0
4729122,4729123,24.0,1948829,1,1,17,4,1.0,4.0,6.0,15.0,4.0,611M1,13.0,22808.0,2147.0
4729123,4729124,24.0,1948830,1,1,17,4,6.0,40.0,6.0,15.0,4.0,336M,3.0,22765.0,2130.0
4729126,4729127,24.0,1948833,1,1,17,4,1.0,6.0,1.0,15.0,4.0,611M3,13.0,22806.0,2146.0
4729127,4729128,24.0,1948834,1,1,17,4,1.0,15.0,4.0,16.0,4.0,611M1,13.0,22808.0,2147.0
4729130,4729131,24.0,1948837,1,1,17,4,1.0,12.0,4.0,15.0,4.0,611M1,13.0,22808.0,2147.0
4729133,4729134,24.0,1948840,1,2,17,4,1.0,20.0,1.0,15.0,4.0,4523,5.0,22808.0,2147.0
4729134,4729135,24.0,1948841,1,2,17,4,1.0,7.0,5.0,15.0,4.0,611M1,13.0,22808.0,2147.0
4729136,4729137,24.0,1948843,1,2,17,4,1.0,30.0,5.0,15.0,4.0,611M1,13.0,22808.0,2147.0
4729139,4729140,24.0,1948846,1,2,17,4,1.0,10.0,1.0,15.0,4.0,611M1,13.0,22808.0,2147.0
4729144,4729145,24.0,1948851,1,1,17,4,1.0,40.0,1.0,-9.0,4.0,4523,5.0,22808.0,2147.0
4729145,4729146,24.0,1948852,1,1,17,4,6.0,38.0,6.0,15.0,4.0,3116,3.0,22808.0,2147.0
4729147,4729148,24.0,1948854,1,1,17,4,6.0,20.0,6.0,15.0,4.0,6111,13.0,22806.0,2146.0
4729149,4729150,24.0,1948856,1,1,17,4,1.0,14.0,2.0,15.0,4.0,713Z,16.0,22810.0,2148.0
4729152,4729153,24.0,1948859,1,1,17,4,6.0,-9.0,-9.0,16.0,4.0,-9,-9.0,22814.0,2150.0
4729153,4729154,24.0,1948860,1,2,17,4,6.0,-9.0,-9.0,13.0,4.0,-9,-9.0,22808.0,2147.0
4729155,4729156,24.0,1948862,1,2,17,4,6.0,-9.0,-9.0,15.0,4.0,4523,5.0,22808.0,2147.0
4729156,4729157,24.0,1948863,1,1,17,4,6.0,40.0,6.0,15.0,4.0,44512,5.0,22806.0,2146.0
4729157,4729158,24.0,1948864,1,1,17,4,6.0,-9.0,-9.0,15.0,4.0,611M1,13.0,22808.0,2147.0
4729160,4729161,24.0,1948867,1,1,17,4,1.0,9.0,6.0,15.0,4.0,611M1,13.0,22808.0,2147.0
4729162,4729163,24.0,1948869,1,2,17,4,6.0,-9.0,-9.0,15.0,4.0,-9,-9.0,22808.0,2147.0
4729167,4729168,24.0,1948874,1,1,17,4,6.0,-9.0,-9.0,15.0,4.0,-9,-9.0,22808.0,2147.0
4729174,4729175,24.0,1948881,1,1,17,4,6.0,35.0,6.0,15.0,4.0,811192,17.0,22758.0,2127.0
4729182,4729183,24.0,1948889,1,2,17,4,6.0,-9.0,-9.0,15.0,4.0,-9,-9.0,22808.0,2147.0
4729186,4729187,24.0,1948893,1,1,17,4,3.0,-9.0,-9.0,15.0,4.0,999920,-9.0,22808.0,2147.0
4729187,4729188,24.0,1948894,1,1,17,4,1.0,40.0,4.0,15.0,4.0,6211,14.0,22815.0,2150.0
4729189,4729190,24.0,1948896,1,1,17,4,6.0,-9.0,-9.0,15.0,4.0,-9,-9.0,22808.0,2147.0
4729195,4729196,24.0,1948902,1,1,17,4,3.0,-9.0,-9.0,15.0,4.0,999920,-9.0,22808.0,2147.0
4729200,4729201,24.0,1948907,1,2,17,4,6.0,10.0,5.0,15.0,4.0,722Z,16.0,22806.0,2146.0
4729203,4729204,24.0,1948910,1,2,17,4,6.0,40.0,6.0,15.0,4.0,5111Z,8.0,22765.0,2130.0
4729204,4729205,24.0,1948911,1,1,17,4,1.0,12.0,1.0,15.0,4.0,722Z,16.0,22808.0,2147.0
4729206,4729207,24.0,1948913,1,2,17,4,6.0,-9.0,-9.0,16.0,4.0,-9,-9.0,22765.0,2130.0
4729209,4729210,24.0,1948916,1,2,17,4,1.0,10.0,1.0,15.0,4.0,611M1,13.0,22806.0,2146.0
4729214,4729215,24.0,1948921,1,1,17,4,1.0,9.0,6.0,15.0,4.0,611M1,13.0,22806.0,2146.0
4729219,4729220,24.0,1948926,1,2,17,4,1.0,15.0,1.0,15.0,4.0,713Z,16.0,22808.0,2147.0
4729221,4729222,24.0,1948928,1,2,17,4,6.0,-9.0,-9.0,15.0,4.0,-9,-9.0,22808.0,2147.0
4729223,4729224,24.0,1948930,1,1,17,4,3.0,15.0,5.0,15.0,4.0,713Z,16.0,22808.0,2147.0
4729228,4729229,24.0,1948935,1,2,17,4,1.0,40.0,1.0,16.0,4.0,611M1,13.0,22808.0,2147.0
4729230,4729231,24.0,1948937,1,1,17,4,1.0,6.0,1.0,15.0,4.0,611M3,13.0,22808.0,2147.0
4729234,4729235,24.0,1948941,1,1,17,4,6.0,3.0,6.0,15.0,4.0,6111,13.0,22808.0,2147.0
4729235,4729236,24.0,1948942,1,1,17,4,6.0,-9.0,-9.0,15.0,4.0,334M2,3.0,22808.0,2147.0
4729236,4729237,24.0,1948943,1,1,17,4,6.0,18.0,6.0,15.0,4.0,562,12.0,22808.0,2147.0
4729243,4729244,24.0,1948950,1,1,17,4,3.0,-9.0,-9.0,15.0,4.0,999920,-9.0,22808.0,2147.0
4729248,4729249,25.0,1948955,1,1,17,1,1.0,50.0,1.0,16.0,4.0,8131,17.0,22808.0,2147.0
4729252,4729253,25.0,1948959,1,1,17,2,6.0,-9.0,-9.0,-9.0,4.0,-9,-9.0,22761.0,2128.0
4729253,4729254,25.0,1948960,1,2,17,2,6.0,-9.0,-9.0,-9.0,4.0,-9,-9.0,22808.0,2147.0
4729255,4729256,25.0,1948962,1,1,17,2,2.0,30.0,1.0,-9.0,4.0,923,18.0,22806.0,2146.0
4729256,4729257,25.0,1948963,1,1,17,2,2.0,50.0,3.0,-9.0,4.0,336M,3.0,22814.0,2150.0
4729258,4729259,25.0,1948965,1,2,17,2,6.0,-9.0,-9.0,15.0,4.0,-9,-9.0,22808.0,2147.0
4729264,4729265,25.0,1948971,1,2,17,2,6.0,-9.0,-9.0,-9.0,4.0,-9,-9.0,22806.0,2146.0
4729265,4729266,25.0,1948972,1,1,17,2,6.0,-9.0,-9.0,-9.0,4.0,-9,-9.0,22806.0,2146.0
4729266,4729267,25.0,1948973,1,1,17,2,6.0,-9.0,-9.0,-9.0,4.0,-9,-9.0,22808.0,2147.0
4729270,4729271,25.0,1948977,1,1,17,2,1.0,40.0,1.0,-9.0,4.0,6241,14.0,22808.0,2147.0
4729281,4729282,25.0,1948988,1,2,17,2,3.0,40.0,2.0,-9.0,4.0,4452,5.0,22808.0,2147.0
4729284,4729285,25.0,1948991,1,1,17,2,6.0,-9.0,-9.0,-9.0,4.0,-9,-9.0,22815.0,2150.0
4729290,4729291,25.0,1948997,1,1,17,2,2.0,50.0,3.0,-9.0,4.0,336M,3.0,22808.0,2147.0
4729292,4729293,25.0,1948999,1,2,17,2,6.0,-9.0,-9.0,15.0,4.0,-9,-9.0,22806.0,2146.0
4729295,4729296,25.0,1949002,1,2,17,2,6.0,-9.0,-9.0,-9.0,4.0,-9,-9.0,22808.0,2147.0
4729296,4729297,25.0,1949003,1,2,17,2,6.0,-9.0,-9.0,-9.0,4.0,-9,-9.0,22808.0,2147.0
4729297,4729298,25.0,1949004,1,1,17,2,2.0,30.0,1.0,-9.0,4.0,923,18.0,22765.0,2130.0
4729298,4729299,25.0,1949005,1,1,17,2,2.0,50.0,3.0,-9.0,4.0,336M,3.0,22808.0,2147.0
4729302,4729303,25.0,1949009,1,2,17,2,6.0,-9.0,-9.0,-9.0,4.0,-9,-9.0,22808.0,2147.0
4729305,4729306,25.0,1949012,1,2,17,2,6.0,-9.0,-9.0,-9.0,4.0,-9,-9.0,22808.0,2147.0
4729312,4729313,25.0,1949019,1,1,17,2,1.0,20.0,1.0,16.0,4.0,611M1,13.0,22758.0,2127.0
4729313,4729314,25.0,1949020,1,1,17,2,6.0,-9.0,-9.0,-9.0,4.0,-9,-9.0,22765.0,2130.0
4729320,4729321,25.0,1949027,1,1,17,2,6.0,-9.0,-9.0,-9.0,4.0,-9,-9.0,22806.0,2146.0
4729323,4729324,25.0,1949030,1,1,17,2,3.0,-9.0,-9.0,-9.0,4.0,999920,-9.0,22808.0,2147.0
4729324,4729325,25.0,1949031,1,1,17,4,1.0,20.0,1.0,16.0,4.0,611M1,13.0,22808.0,2147.0
4729327,4729328,25.0,1949034,1,1,17,4,6.0,20.0,6.0,16.0,4.0,611M1,13.0,22760.0,2128.0
4729328,4729329,25.0,1949035,1,2,17,4,1.0,20.0,6.0,-9.0,4.0,722Z,16.0,22808.0,2147.0
4729338,4729339,25.0,1949045,1,2,17,4,1.0,40.0,3.0,16.0,4.0,611M1,13.0,22808.0,2147.0
4729341,4729342,25.0,1949048,1,1,17,4,6.0,-9.0,-9.0,-9.0,4.0,-9,-9.0,22808.0,2147.0
4729342,4729343,25.0,1949049,1,1,17,4,1.0,20.0,1.0,16.0,4.0,611M1,13.0,22808.0,2147.0
4729349,4729350,25.0,1949056,1,2,17,4,1.0,40.0,3.0,16.0,4.0,611M1,13.0,22808.0,2147.0
4729351,4729352,25.0,1949058,1,2,17,4,1.0,40.0,1.0,-9.0,4.0,8131,17.0,22760.0,2128.0
4729356,4729357,25.0,1949063,1,1,17,4,1.0,20.0,3.0,16.0,4.0,611M1,13.0,22808.0,2147.0
4729360,4729361,25.0,1949067,1,1,17,2,2.0,50.0,3.0,-9.0,4.0,336M,3.0,22760.0,2128.0
4729361,4729362,25.0,1949068,1,2,17,4,1.0,20.0,1.0,16.0,4.0,611M1,13.0,22765.0,2130.0
4729367,4729368,25.0,1949074,1,1,17,2,6.0,-9.0,-9.0,15.0,4.0,722Z,16.0,22815.0,2150.0
4729369,4729370,25.0,1949076,1,1,17,2,6.0,-9.0,-9.0,15.0,4.0,722Z,16.0,22806.0,2146.0
4729370,4729371,25.0,1949077,1,1,17,4,6.0,-9.0,-9.0,16.0,4.0,213,1.0,22806.0,2146.0
4729373,4729374,25.0,1949080,1,1,17,2,3.0,-9.0,-9.0,-9.0,4.0,999920,-9.0,22814.0,2150.0
4729376,4729377,25.0,1949083,1,1,17,2,1.0,20.0,1.0,16.0,4.0,611M1,13.0,22808.0,2147.0
4729378,4729379,25.0,1949085,1,2,17,2,1.0,40.0,1.0,-9.0,4.0,622M,15.0,22808.0,2147.0
4729383,4729384,25.0,1949090,1,2,17,4,1.0,50.0,1.0,16.0,4.0,611M1,13.0,22813.0,2150.0
4729384,4729385,25.0,1949091,1,1,17,4,6.0,-9.0,-9.0,-9.0,4.0,-9,-9.0,22815.0,2150.0
4729387,4729388,25.0,1949094,1,2,17,2,6.0,-9.0,-9.0,-9.0,4.0,-9,-9.0,22808.0,2147.0
4729389,4729390,17.0,1949096,1,2,17,3,6.0,-9.0,-9.0,-9.0,4.0,611M1,13.0,22745.0,2121.0
4729390,4729391,17.0,1949097,1,2,17,1,1.0,9.0,4.0,15.0,-9.0,6214,14.0,22745.0,2121.0
4729391,4729392,17.0,1949098,1,2,17,3,6.0,-9.0,-9.0,15.0,-9.0,-9,-9.0,22745.0,2121.0
4729392,4729393,17.0,1949099,1,2,17,3,6.0,-9.0,-9.0,-9.0,-9.0,611M1,13.0,22745.0,2121.0
4729393,4729394,17.0,1949100,1,2,17,3,6.0,-9.0,-9.0,-9.0,4.0,611M1,13.0,22745.0,2121.0
4729394,4729395,17.0,1949101,1,2,17,3,6.0,-9.0,-9.0,-9.0,4.0,611M1,13.0,22745.0,2121.0
4729395,4729396,18.0,1949102,1,2,17,1,1.0,20.0,1.0,15.0,4.0,611M1,13.0,22745.0,2121.0
4729396,4729397,18.0,1949103,1,2,17,1,1.0,20.0,3.0,16.0,4.0,611M1,13.0,22745.0,2121.0
4729397,4729398,18.0,1949104,1,1,17,1,6.0,20.0,6.0,15.0,4.0,713Z,16.0,22745.0,2121.0
4729398,4729399,18.0,1949105,1,2,17,4,6.0,-9.0,-9.0,16.0,4.0,-9,-9.0,22745.0,2121.0
4729399,4729400,18.0,1949106,1,2,17,1,1.0,20.0,1.0,15.0,4.0,611M1,13.0,22745.0,2121.0
4729400,4729401,18.0,1949107,1,2,17,1,6.0,23.0,6.0,15.0,4.0,44511,5.0,22745.0,2121.0
4729401,4729402,18.0,1949108,1,2,17,4,1.0,15.0,4.0,15.0,4.0,44611,5.0,22745.0,2121.0
4729402,4729403,18.0,1949109,1,1,17,1,1.0,11.0,1.0,15.0,4.0,56173,12.0,22745.0,2121.0
4729403,4729404,18.0,1949110,1,1,17,4,6.0,40.0,6.0,15.0,4.0,336M,3.0,22745.0,2121.0
4729404,4729405,18.0,1949111,1,2,17,1,1.0,30.0,5.0,15.0,4.0,55,11.0,22745.0,2121.0
4729405,4729406,18.0,1949112,1,2,17,1,6.0,-9.0,-9.0,15.0,4.0,-9,-9.0,22745.0,2121.0
4729406,4729407,18.0,1949113,1,1,17,4,6.0,-9.0,-9.0,15.0,4.0,-9,-9.0,22745.0,2121.0
4729407,4729408,18.0,1949114,1,2,17,2,6.0,40.0,6.0,15.0,4.0,336M,3.0,22745.0,2121.0
4729408,4729409,18.0,1949115,1,2,17,2,6.0,40.0,5.0,-9.0,4.0,5616,12.0,22745.0,2121.0
4729409,4729410,18.0,1949116,1,2,17,1,6.0,5.0,6.0,15.0,4.0,56173,12.0,22745.0,2121.0
4729410,4729411,18.0,1949117,1,1,17,1,6.0,-9.0,-9.0,16.0,4.0,813M,17.0,22745.0,2121.0
4729411,4729412,18.0,1949118,1,1,17,4,3.0,25.0,4.0,15.0,4.0,44413,5.0,22745.0,2121.0
4729412,4729413,18.0,1949119,1,1,17,1,6.0,4.0,3.0,15.0,4.0,713Z,16.0,22745.0,2121.0
4729413,4729414,18.0,1949120,1,2,17,1,6.0,60.0,6.0,15.0,4.0,45221,5.0,22745.0,2121.0
4729414,4729415,18.0,1949121,1,1,17,1,6.0,30.0,6.0,15.0,4.0,713Z,16.0,22745.0,2121.0
4729415,4729416,18.0,1949122,1,1,17,1,6.0,6.0,6.0,15.0,4.0,3113,3.0,22745.0,2121.0
4729416,4729417,18.0,1949123,1,1,17,1,6.0,-9.0,-9.0,-9.0,4.0,-9,-9.0,22745.0,2121.0
4729417,4729418,18.0,1949124,1,1,17,1,1.0,10.0,4.0,15.0,4.0,722Z,16.0,22745.0,2121.0
4729418,4729419,18.0,1949125,1,2,17,2,3.0,40.0,5.0,-9.0,4.0,5613,12.0,22745.0,2121.0
4729419,4729420,18.0,1949126,1,2,17,1,1.0,12.0,1.0,15.0,4.0,722Z,16.0,22745.0,2121.0
4729420,4729421,18.0,1949127,1,2,17,4,6.0,10.0,5.0,15.0,4.0,4481,5.0,22745.0,2121.0
4729421,4729422,18.0,1949128,1,1,17,1,6.0,35.0,6.0,15.0,4.0,813M,17.0,22745.0,2121.0
4729422,4729423,18.0,1949129,1,1,17,4,6.0,18.0,6.0,15.0,4.0,562,12.0,22745.0,2121.0
4729423,4729424,18.0,1949130,1,1,17,2,6.0,8.0,6.0,15.0,4.0,4511M,5.0,22745.0,2121.0
4729424,4729425,18.0,1949131,1,2,17,1,1.0,32.0,5.0,15.0,4.0,611M1,13.0,22745.0,2121.0
4729425,4729426,18.0,1949132,1,1,17,1,6.0,30.0,5.0,15.0,4.0,713Z,16.0,22745.0,2121.0
4729426,4729427,18.0,1949133,1,1,17,1,3.0,40.0,6.0,15.0,4.0,3261,3.0,22745.0,2121.0
4729427,4729428,18.0,1949134,1,1,17,4,1.0,12.0,1.0,15.0,4.0,722Z,16.0,22745.0,2121.0
4729428,4729429,18.0,1949135,1,1,17,1,1.0,5.0,5.0,15.0,4.0,611M1,13.0,22745.0,2121.0
4729429,4729430,18.0,1949136,1,2,17,4,6.0,-9.0,-9.0,15.0,4.0,-9,-9.0,22745.0,2121.0
4729430,4729431,18.0,1949137,1,1,17,1,6.0,30.0,5.0,15.0,4.0,4452,5.0,22745.0,2121.0
4729431,4729432,18.0,1949138,1,1,17,4,3.0,15.0,4.0,15.0,4.0,722Z,16.0,22745.0,2121.0
4729432,4729433,18.0,1949139,1,2,17,1,1.0,30.0,1.0,15.0,4.0,5415,10.0,22745.0,2121.0
4729433,4729434,18.0,1949140,1,2,17,1,6.0,30.0,6.0,15.0,4.0,721M,16.0,22745.0,2121.0
4729434,4729435,18.0,1949141,1,2,17,1,1.0,15.0,1.0,15.0,4.0,611M1,13.0,22745.0,2121.0
4729435,4729436,18.0,1949142,1,2,17,1,6.0,13.0,6.0,15.0,4.0,611M3,13.0,22745.0,2121.0
4729436,4729437,18.0,1949143,1,1,17,4,1.0,20.0,4.0,16.0,4.0,611M1,13.0,22745.0,2121.0
4729437,4729438,18.0,1949144,1,1,17,1,6.0,40.0,6.0,15.0,4.0,5419Z,10.0,22745.0,2121.0
4729438,4729439,18.0,1949145,1,2,17,3,6.0,-9.0,-9.0,14.0,4.0,-9,-9.0,22745.0,2121.0
4729439,4729440,18.0,1949146,1,2,17,1,1.0,15.0,1.0,15.0,4.0,722Z,16.0,22745.0,2121.0
4729440,4729441,18.0,1949147,1,2,17,4,6.0,5.0,6.0,15.0,4.0,4481,5.0,22745.0,2121.0
4729441,4729442,18.0,1949148,1,2,17,4,6.0,49.0,4.0,15.0,4.0,721M,16.0,22745.0,2121.0
4729442,4729443,18.0,1949149,1,1,17,1,6.0,20.0,3.0,15.0,4.0,722Z,16.0,22745.0,2121.0
4729443,4729444,18.0,1949150,1,2,17,2,6.0,30.0,5.0,15.0,4.0,336M,3.0,22745.0,2121.0
4729444,4729445,18.0,1949151,1,2,17,1,1.0,20.0,5.0,15.0,4.0,713Z,16.0,22745.0,2121.0
4729445,4729446,18.0,1949152,1,2,17,1,6.0,40.0,6.0,15.0,4.0,336M,3.0,22745.0,2121.0
4729446,4729447,18.0,1949153,1,2,17,1,6.0,12.0,4.0,15.0,4.0,722Z,16.0,22745.0,2121.0
4729447,4729448,18.0,1949154,1,2,17,2,6.0,40.0,6.0,15.0,4.0,611M1,13.0,22745.0,2121.0
4729448,4729449,18.0,1949155,1,2,17,1,6.0,6.0,6.0,15.0,4.0,814,17.0,22745.0,2121.0
4729449,4729450,18.0,1949156,1,2,17,1,6.0,-9.0,-9.0,15.0,4.0,-9,-9.0,22745.0,2121.0
4729450,4729451,18.0,1949157,1,2,17,4,6.0,20.0,4.0,15.0,4.0,4481,5.0,22745.0,2121.0
4729451,4729452,18.0,1949158,1,1,17,1,6.0,28.0,6.0,15.0,4.0,52M2,9.0,22745.0,2121.0
4729452,4729453,18.0,1949159,1,1,17,1,6.0,14.0,6.0,15.0,4.0,722Z,16.0,22745.0,2121.0
4729453,4729454,18.0,1949160,1,2,17,4,6.0,10.0,4.0,15.0,4.0,623M,14.0,22745.0,2121.0
4729454,4729455,18.0,1949161,1,1,17,4,6.0,-9.0,-9.0,15.0,4.0,-9,-9.0,22745.0,2121.0
4729455,4729456,18.0,1949162,1,2,17,2,6.0,16.0,6.0,13.0,4.0,813M,17.0,22745.0,2121.0
4729456,4729457,18.0,1949163,1,1,17,1,1.0,30.0,2.0,15.0,4.0,611M1,13.0,22745.0,2121.0
4729457,4729458,18.0,1949164,1,2,17,1,3.0,4.0,6.0,15.0,4.0,6244,14.0,22745.0,2121.0
4729458,4729459,18.0,1949165,1,2,17,1,6.0,12.0,6.0,15.0,4.0,814,17.0,22745.0,2121.0
4729459,4729460,18.0,1949166,1,1,17,1,6.0,25.0,5.0,-9.0,4.0,722Z,16.0,22745.0,2121.0
4729460,4729461,18.0,1949167,1,1,17,1,6.0,38.0,6.0,15.0,4.0,611M1,13.0,22745.0,2121.0
4729461,4729462,18.0,1949168,1,1,17,1,6.0,20.0,5.0,15.0,4.0,722Z,16.0,22745.0,2121.0
4729462,4729463,18.0,1949169,1,1,17,4,6.0,3.0,6.0,15.0,4.0,6111,13.0,22745.0,2121.0
4729463,4729464,18.0,1949170,1,1,17,1,6.0,20.0,6.0,15.0,4.0,611M1,13.0,22745.0,2121.0
4729464,4729465,18.0,1949171,1,1,17,1,1.0,40.0,4.0,-9.0,4.0,484,6.0,22745.0,2121.0
4729465,4729466,18.0,1949172,1,1,17,1,6.0,-9.0,-9.0,15.0,4.0,-9,-9.0,22745.0,2121.0
4729466,4729467,18.0,1949173,1,2,17,4,6.0,-9.0,-9.0,15.0,4.0,-9,-9.0,22745.0,2121.0
4729467,4729468,18.0,1949174,1,1,17,2,6.0,-9.0,-9.0,15.0,4.0,-9,-9.0,22745.0,2121.0
4729468,4729469,18.0,1949175,1,2,17,1,1.0,18.0,1.0,15.0,4.0,611M1,13.0,22745.0,2121.0
4729469,4729470,18.0,1949176,1,1,17,2,6.0,30.0,1.0,15.0,4.0,722Z,16.0,22745.0,2121.0
4729470,4729471,18.0,1949177,1,1,17,1,6.0,16.0,2.0,15.0,4.0,51913,8.0,22745.0,2121.0
4729471,4729472,18.0,1949178,1,1,17,1,6.0,30.0,5.0,15.0,4.0,4452,5.0,22745.0,2121.0
4729472,4729473,18.0,1949179,1,1,17,4,6.0,-9.0,-9.0,16.0,4.0,-9,-9.0,22745.0,2121.0
4729473,4729474,18.0,1949180,1,1,17,1,3.0,40.0,6.0,15.0,4.0,3261,3.0,22745.0,2121.0
4729474,4729475,18.0,1949181,1,1,17,1,6.0,20.0,6.0,15.0,4.0,722Z,16.0,22745.0,2121.0
4729475,4729476,18.0,1949182,1,1,17,4,6.0,-9.0,-9.0,15.0,4.0,-9,-9.0,22745.0,2121.0
4729476,4729477,18.0,1949183,1,2,17,1,6.0,36.0,5.0,15.0,4.0,611M3,13.0,22745.0,2121.0
4729477,4729478,18.0,1949184,1,2,17,1,6.0,-9.0,-9.0,15.0,4.0,-9,-9.0,22745.0,2121.0
4729478,4729479,18.0,1949185,1,2,17,2,6.0,16.0,6.0,13.0,4.0,813M,17.0,22745.0,2121.0
4729479,4729480,18.0,1949186,1,1,17,4,6.0,-9.0,-9.0,15.0,4.0,-9,-9.0,22745.0,2121.0
4729480,4729481,18.0,1949187,1,1,17,2,1.0,16.0,3.0,15.0,4.0,611M1,13.0,22745.0,2121.0
4729481,4729482,18.0,1949188,1,2,17,1,1.0,10.0,3.0,15.0,4.0,611M1,13.0,22745.0,2121.0
4729482,4729483,18.0,1949189,1,1,17,1,1.0,15.0,6.0,15.0,4.0,611M1,13.0,22745.0,2121.0
4729483,4729484,18.0,1949190,1,1,17,1,1.0,17.0,1.0,15.0,4.0,336M,3.0,22745.0,2121.0
4729484,4729485,18.0,1949191,1,2,17,1,6.0,36.0,5.0,15.0,4.0,611M3,13.0,22745.0,2121.0
4729485,4729486,18.0,1949192,1,1,17,1,6.0,30.0,5.0,15.0,4.0,722Z,16.0,22745.0,2121.0
4729486,4729487,18.0,1949193,1,1,17,2,6.0,-9.0,-9.0,-9.0,4.0,-9,-9.0,22745.0,2121.0
4729487,4729488,18.0,1949194,1,1,17,1,6.0,-9.0,-9.0,16.0,4.0,813M,17.0,22745.0,2121.0
4729488,4729489,18.0,1949195,1,1,17,1,6.0,-9.0,-9.0,15.0,4.0,-9,-9.0,22745.0,2121.0
4729489,4729490,18.0,1949196,1,2,17,1,6.0,-9.0,-9.0,15.0,4.0,4511M,5.0,22745.0,2121.0
4729490,4729491,18.0,1949197,1,1,17,4,1.0,30.0,1.0,16.0,4.0,611M1,13.0,22745.0,2121.0
4729491,4729492,18.0,1949198,1,2,17,1,6.0,6.0,6.0,15.0,4.0,6111,13.0,22745.0,2121.0
4729492,4729493,18.0,1949199,1,1,17,1,6.0,30.0,6.0,15.0,4.0,713Z,16.0,22745.0,2121.0
4729493,4729494,18.0,1949200,1,2,17,1,6.0,40.0,5.0,15.0,4.0,623M,14.0,22745.0,2121.0
4729494,4729495,18.0,1949201,1,2,17,1,6.0,-9.0,-9.0,15.0,4.0,722Z,16.0,22745.0,2121.0
4729495,4729496,18.0,1949202,1,2,17,1,1.0,10.0,1.0,15.0,4.0,611M1,13.0,22745.0,2121.0
4729496,4729497,18.0,1949203,1,1,17,1,6.0,-9.0,-9.0,-9.0,4.0,443142,5.0,22745.0,2121.0
4729497,4729498,18.0,1949204,1,1,17,2,1.0,12.0,4.0,15.0,4.0,611M1,13.0,22745.0,2121.0
4729498,4729499,18.0,1949205,1,1,17,1,6.0,35.0,5.0,15.0,4.0,56173,12.0,22745.0,2121.0
4729499,4729500,18.0,1949206,1,2,17,1,6.0,40.0,6.0,15.0,4.0,713Z,16.0,22745.0,2121.0
4729500,4729501,18.0,1949207,1,2,17,1,6.0,40.0,6.0,15.0,4.0,712,16.0,22745.0,2121.0
4729501,4729502,18.0,1949208,1,1,17,1,6.0,-9.0,-9.0,15.0,4.0,713Z,16.0,22745.0,2121.0
4729502,4729503,18.0,1949209,1,1,17,4,1.0,40.0,4.0,15.0,4.0,611M3,13.0,22745.0,2121.0
4729503,4729504,18.0,1949210,1,1,17,2,6.0,-9.0,-9.0,-9.0,4.0,442,5.0,22745.0,2121.0
4729504,4729505,18.0,1949211,1,1,17,1,6.0,-9.0,-9.0,-9.0,4.0,443142,5.0,22745.0,2121.0
4729505,4729506,18.0,1949212,1,1,17,4,6.0,35.0,6.0,15.0,4.0,611M1,13.0,22745.0,2121.0
4729506,4729507,18.0,1949213,1,1,17,1,6.0,35.0,5.0,15.0,4.0,56173,12.0,22745.0,2121.0
4729507,4729508,18.0,1949214,1,2,17,2,1.0,6.0,1.0,15.0,4.0,814,17.0,22745.0,2121.0
4729508,4729509,18.0,1949215,1,2,17,1,6.0,-9.0,-9.0,-9.0,4.0,-9,-9.0,22745.0,2121.0
4729509,4729510,18.0,1949216,1,2,17,1,6.0,-9.0,-9.0,15.0,4.0,-9,-9.0,22745.0,2121.0
4729510,4729511,18.0,1949217,1,1,17,4,6.0,-9.0,-9.0,15.0,4.0,-9,-9.0,22745.0,2121.0
4729511,4729512,18.0,1949218,1,1,17,1,6.0,-9.0,-9.0,15.0,2.0,928P,18.0,22745.0,2121.0
4729512,4729513,18.0,1949219,1,1,17,1,1.0,20.0,1.0,15.0,4.0,611M1,13.0,22745.0,2121.0
4729513,4729514,18.0,1949220,1,2,17,1,6.0,30.0,5.0,15.0,4.0,722Z,16.0,22745.0,2121.0
4729514,4729515,18.0,1949221,1,2,17,1,1.0,12.0,4.0,15.0,4.0,611M1,13.0,22745.0,2121.0
4729515,4729516,18.0,1949222,1,2,17,1,6.0,14.0,5.0,15.0,4.0,722Z,16.0,22745.0,2121.0
4729516,4729517,18.0,1949223,1,2,17,4,6.0,14.0,5.0,15.0,4.0,722Z,16.0,22745.0,2121.0
4729517,4729518,18.0,1949224,1,2,17,1,6.0,5.0,6.0,15.0,4.0,56173,12.0,22745.0,2121.0
4729518,4729519,18.0,1949225,1,1,17,1,1.0,35.0,5.0,15.0,4.0,611M1,13.0,22745.0,2121.0
4729519,4729520,18.0,1949226,1,1,17,3,6.0,-9.0,-9.0,15.0,4.0,-9,-9.0,22745.0,2121.0
4729520,4729521,18.0,1949227,1,1,17,4,6.0,35.0,6.0,15.0,4.0,611M1,13.0,22745.0,2121.0
4729521,4729522,18.0,1949228,1,1,17,1,6.0,20.0,5.0,15.0,4.0,531M,9.0,22745.0,2121.0
4729522,4729523,18.0,1949229,1,2,17,4,6.0,-9.0,-9.0,15.0,4.0,54194,10.0,22745.0,2121.0
4729523,4729524,18.0,1949230,1,1,17,4,1.0,20.0,1.0,15.0,4.0,722Z,16.0,22745.0,2121.0
4729524,4729525,18.0,1949231,1,2,17,2,6.0,16.0,6.0,13.0,4.0,813M,17.0,22745.0,2121.0
4729525,4729526,18.0,1949232,1,2,17,1,6.0,8.0,5.0,15.0,4.0,722Z,16.0,22745.0,2121.0
4729526,4729527,18.0,1949233,1,2,17,3,1.0,20.0,1.0,15.0,4.0,4539,5.0,22745.0,2121.0
4729527,4729528,18.0,1949234,1,1,17,1,6.0,20.0,4.0,15.0,4.0,4244,4.0,22745.0,2121.0
4729528,4729529,18.0,1949235,1,1,17,3,6.0,45.0,6.0,15.0,4.0,722Z,16.0,22745.0,2121.0
4729529,4729530,18.0,1949236,1,1,17,3,1.0,10.0,1.0,15.0,4.0,611M1,13.0,22745.0,2121.0
4729530,4729531,18.0,1949237,1,2,17,2,3.0,-9.0,-9.0,13.0,4.0,999920,-9.0,22745.0,2121.0
4729531,4729532,18.0,1949238,1,1,17,1,6.0,30.0,6.0,15.0,4.0,5617Z,12.0,22745.0,2121.0
4729532,4729533,18.0,1949239,1,2,17,1,6.0,35.0,6.0,15.0,4.0,713Z,16.0,22745.0,2121.0
4729533,4729534,18.0,1949240,1,1,17,1,3.0,40.0,6.0,15.0,4.0,3261,3.0,22745.0,2121.0
4729534,4729535,18.0,1949241,1,2,17,2,6.0,15.0,1.0,15.0,4.0,4539,5.0,22745.0,2121.0
4729535,4729536,18.0,1949242,1,2,17,1,6.0,60.0,6.0,15.0,4.0,45221,5.0,22745.0,2121.0
4729536,4729537,18.0,1949243,1,1,17,1,1.0,40.0,1.0,15.0,4.0,3219ZM,3.0,22745.0,2121.0
4729537,4729538,18.0,1949244,1,2,17,4,6.0,-9.0,-9.0,15.0,4.0,611M3,13.0,22745.0,2121.0
4729538,4729539,18.0,1949245,1,1,17,2,1.0,13.0,1.0,15.0,4.0,611M1,13.0,22745.0,2121.0
4729539,4729540,18.0,1949246,1,2,17,4,6.0,7.0,5.0,15.0,4.0,722Z,16.0,22745.0,2121.0
4729540,4729541,18.0,1949247,1,1,17,2,1.0,20.0,1.0,15.0,4.0,611M1,13.0,22745.0,2121.0
4729541,4729542,18.0,1949248,1,2,17,1,1.0,60.0,1.0,15.0,4.0,722Z,16.0,22745.0,2121.0
4729542,4729543,18.0,1949249,1,2,17,1,6.0,-9.0,-9.0,15.0,4.0,713Z,16.0,22745.0,2121.0
4729543,4729544,18.0,1949250,1,2,17,1,1.0,10.0,5.0,15.0,4.0,611M1,13.0,22745.0,2121.0
4729544,4729545,18.0,1949251,1,1,17,3,3.0,40.0,6.0,15.0,4.0,334M1,3.0,22745.0,2121.0
4729545,4729546,18.0,1949252,1,1,17,1,6.0,30.0,6.0,15.0,4.0,5617Z,12.0,22745.0,2121.0
4729546,4729547,19.0,1949253,1,1,17,1,1.0,15.0,4.0,15.0,4.0,44511,5.0,22745.0,2121.0
4729547,4729548,19.0,1949254,1,2,17,2,3.0,42.0,6.0,15.0,4.0,6244,14.0,22745.0,2121.0
4729548,4729549,19.0,1949255,1,2,17,1,6.0,49.0,4.0,15.0,4.0,721M,16.0,22745.0,2121.0
4729549,4729550,19.0,1949256,1,2,17,2,1.0,20.0,5.0,15.0,4.0,611M1,13.0,22745.0,2121.0
4729550,4729551,19.0,1949257,1,2,17,1,1.0,10.0,1.0,15.0,4.0,611M1,13.0,22745.0,2121.0
4729551,4729552,19.0,1949258,1,2,17,1,6.0,12.0,4.0,15.0,4.0,611M3,13.0,22745.0,2121.0
4729552,4729553,19.0,1949259,1,2,17,1,1.0,28.0,1.0,15.0,4.0,814,17.0,22745.0,2121.0
4729553,4729554,19.0,1949260,1,1,17,1,6.0,3.0,6.0,15.0,4.0,611M3,13.0,22745.0,2121.0
4729554,4729555,19.0,1949261,1,2,17,2,6.0,40.0,6.0,15.0,4.0,713Z,16.0,22745.0,2121.0
4729555,4729556,19.0,1949262,1,1,17,1,6.0,8.0,5.0,15.0,4.0,722Z,16.0,22745.0,2121.0
4729556,4729557,19.0,1949263,1,2,17,1,6.0,15.0,6.0,15.0,4.0,6241,14.0,22745.0,2121.0
4729557,4729558,19.0,1949264,1,2,17,2,6.0,37.0,5.0,15.0,4.0,4481,5.0,22745.0,2121.0
4729558,4729559,19.0,1949265,1,1,17,4,1.0,25.0,4.0,16.0,4.0,611M1,13.0,22745.0,2121.0
4729559,4729560,19.0,1949266,1,2,17,1,6.0,-9.0,-9.0,15.0,4.0,-9,-9.0,22745.0,2121.0
4729560,4729561,19.0,1949267,1,2,17,3,1.0,15.0,1.0,15.0,4.0,722Z,16.0,22745.0,2121.0
4729561,4729562,19.0,1949268,1,2,17,1,1.0,9.0,5.0,15.0,4.0,722Z,16.0,22745.0,2121.0
4729562,4729563,19.0,1949269,1,1,17,1,3.0,30.0,6.0,15.0,4.0,23,2.0,22745.0,2121.0
4729563,4729564,19.0,1949270,1,1,17,1,6.0,40.0,5.0,15.0,4.0,443142,5.0,22745.0,2121.0
4729564,4729565,19.0,1949271,1,2,17,1,1.0,10.0,1.0,15.0,4.0,611M1,13.0,22745.0,2121.0
4729565,4729566,19.0,1949272,1,1,17,3,1.0,5.0,5.0,15.0,4.0,722Z,16.0,22745.0,2121.0
4729566,4729567,19.0,1949273,1,2,17,4,1.0,20.0,6.0,15.0,4.0,213,1.0,22745.0,2121.0
4729567,4729568,19.0,1949274,1,2,17,1,1.0,30.0,1.0,15.0,4.0,611M1,13.0,22745.0,2121.0
4729568,4729569,19.0,1949275,1,2,17,1,1.0,17.0,6.0,15.0,4.0,611M1,13.0,22745.0,2121.0
4729569,4729570,19.0,1949276,1,2,17,1,6.0,14.0,5.0,15.0,4.0,722Z,16.0,22745.0,2121.0
4729570,4729571,19.0,1949277,1,1,17,3,1.0,40.0,4.0,-9.0,4.0,111,1.0,22745.0,2121.0
4729571,4729572,19.0,1949278,1,1,17,1,1.0,40.0,1.0,-9.0,4.0,5613,12.0,22745.0,2121.0
4729572,4729573,19.0,1949279,1,1,17,1,6.0,48.0,6.0,15.0,4.0,337,3.0,22745.0,2121.0
4729573,4729574,19.0,1949280,1,1,17,1,6.0,30.0,6.0,15.0,4.0,4452,5.0,22745.0,2121.0
4729574,4729575,19.0,1949281,1,1,17,1,6.0,-9.0,-9.0,15.0,4.0,-9,-9.0,22745.0,2121.0
4729575,4729576,19.0,1949282,1,2,17,4,6.0,-9.0,-9.0,15.0,4.0,-9,-9.0,22745.0,2121.0
4729576,4729577,19.0,1949283,1,2,17,1,1.0,15.0,1.0,15.0,4.0,611M1,13.0,22745.0,2121.0
4729577,4729578,19.0,1949284,1,2,17,1,1.0,12.0,1.0,15.0,4.0,611M1,13.0,22745.0,2121.0
4729578,4729579,19.0,1949285,1,2,17,1,6.0,12.0,6.0,15.0,4.0,814,17.0,22745.0,2121.0
4729579,4729580,19.0,1949286,1,2,17,1,6.0,40.0,6.0,15.0,4.0,3321,3.0,22745.0,2121.0
4729580,4729581,19.0,1949287,1,2,17,1,1.0,6.0,2.0,15.0,4.0,6216,14.0,22745.0,2121.0
4729581,4729582,19.0,1949288,1,1,17,4,6.0,-9.0,-9.0,15.0,4.0,-9,-9.0,22745.0,2121.0
4729582,4729583,19.0,1949289,1,2,17,1,6.0,32.0,6.0,15.0,4.0,52M2,9.0,22745.0,2121.0
4729583,4729584,19.0,1949290,1,2,17,1,6.0,24.0,6.0,15.0,4.0,53M,9.0,22745.0,2121.0
4729584,4729585,19.0,1949291,1,1,17,1,6.0,-9.0,-9.0,15.0,4.0,23,2.0,22745.0,2121.0
4729585,4729586,19.0,1949292,1,2,17,1,6.0,20.0,5.0,15.0,4.0,5112,8.0,22745.0,2121.0
4729586,4729587,19.0,1949293,1,2,17,1,6.0,20.0,6.0,15.0,4.0,713Z,16.0,22745.0,2121.0
4729587,4729588,19.0,1949294,1,2,17,1,6.0,30.0,5.0,15.0,4.0,4511M,5.0,22745.0,2121.0
4729588,4729589,19.0,1949295,1,1,17,1,6.0,30.0,5.0,15.0,4.0,722Z,16.0,22745.0,2121.0
4729589,4729590,19.0,1949296,1,2,17,4,6.0,5.0,6.0,15.0,4.0,4481,5.0,22745.0,2121.0
4729590,4729591,19.0,1949297,1,2,17,2,1.0,25.0,3.0,15.0,4.0,611M1,13.0,22745.0,2121.0
4729591,4729592,19.0,1949298,1,1,17,1,1.0,20.0,3.0,15.0,4.0,611M1,13.0,22745.0,2121.0
4729592,4729593,19.0,1949299,1,2,17,4,6.0,10.0,4.0,15.0,4.0,623M,14.0,22745.0,2121.0
4729593,4729594,19.0,1949300,1,2,17,1,6.0,35.0,5.0,15.0,4.0,713Z,16.0,22745.0,2121.0
4729594,4729595,19.0,1949301,1,1,17,1,6.0,35.0,6.0,15.0,4.0,813M,17.0,22745.0,2121.0
4729595,4729596,19.0,1949302,1,1,17,1,6.0,40.0,3.0,-9.0,4.0,722Z,16.0,22745.0,2121.0
4729596,4729597,19.0,1949303,1,1,17,4,6.0,-9.0,-9.0,15.0,4.0,334M2,3.0,22745.0,2121.0
4729597,4729598,19.0,1949304,1,1,17,1,6.0,48.0,6.0,15.0,4.0,337,3.0,22745.0,2121.0
4729598,4729599,19.0,1949305,1,1,17,4,1.0,25.0,4.0,16.0,4.0,611M1,13.0,22745.0,2121.0
4729599,4729600,19.0,1949306,1,2,17,4,6.0,40.0,6.0,15.0,4.0,5111Z,8.0,22745.0,2121.0
4729600,4729601,19.0,1949307,1,1,17,1,6.0,-9.0,-9.0,-9.0,4.0,443142,5.0,22745.0,2121.0
4729601,4729602,19.0,1949308,1,2,17,1,1.0,15.0,6.0,15.0,4.0,722Z,16.0,22745.0,2121.0
4729602,4729603,19.0,1949309,1,2,17,1,1.0,15.0,6.0,15.0,4.0,722Z,16.0,22745.0,2121.0
4729603,4729604,19.0,1949310,1,1,17,1,6.0,-9.0,-9.0,15.0,4.0,-9,-9.0,22745.0,2121.0
4729604,4729605,19.0,1949311,1,1,17,1,1.0,20.0,5.0,15.0,4.0,713Z,16.0,22745.0,2121.0
4729605,4729606,19.0,1949312,1,1,17,4,6.0,-9.0,-9.0,13.0,4.0,-9,-9.0,22745.0,2121.0
4729606,4729607,19.0,1949313,1,2,17,1,1.0,32.0,4.0,-9.0,4.0,611M1,13.0,22745.0,2121.0
4729607,4729608,19.0,1949314,1,2,17,1,6.0,40.0,5.0,15.0,4.0,5413,10.0,22745.0,2121.0
4729608,4729609,19.0,1949315,1,2,17,1,6.0,58.0,5.0,15.0,4.0,713Z,16.0,22745.0,2121.0
4729609,4729610,19.0,1949316,1,1,17,1,6.0,20.0,5.0,15.0,4.0,722Z,16.0,22745.0,2121.0
4729610,4729611,19.0,1949317,1,2,17,1,6.0,15.0,6.0,15.0,4.0,712,16.0,22745.0,2121.0
4729611,4729612,19.0,1949318,1,2,17,1,1.0,10.0,5.0,16.0,4.0,611M1,13.0,22745.0,2121.0
4729612,4729613,19.0,1949319,1,2,17,1,6.0,44.0,5.0,15.0,4.0,722Z,16.0,22745.0,2121.0
4729613,4729614,19.0,1949320,1,1,17,4,1.0,40.0,4.0,15.0,4.0,611M3,13.0,22745.0,2121.0
4729614,4729615,19.0,1949321,1,1,17,1,6.0,4.0,3.0,15.0,4.0,713Z,16.0,22745.0,2121.0
4729615,4729616,19.0,1949322,1,2,17,1,3.0,12.0,3.0,15.0,4.0,9211MP,18.0,22745.0,2121.0
4729616,4729617,19.0,1949323,1,2,17,1,1.0,12.0,6.0,15.0,4.0,611M1,13.0,22745.0,2121.0
4729617,4729618,19.0,1949324,1,1,17,3,6.0,-9.0,-9.0,-9.0,4.0,-9,-9.0,22745.0,2121.0
4729618,4729619,19.0,1949325,1,2,17,1,6.0,30.0,6.0,15.0,4.0,9211MP,18.0,22745.0,2121.0
4729619,4729620,19.0,1949326,1,1,17,1,6.0,-9.0,-9.0,15.0,4.0,813M,17.0,22745.0,2121.0
4729620,4729621,19.0,1949327,1,1,17,4,6.0,10.0,4.0,15.0,4.0,722Z,16.0,22745.0,2121.0
4729621,4729622,19.0,1949328,1,2,17,1,1.0,50.0,5.0,15.0,4.0,611M1,13.0,22745.0,2121.0
4729622,4729623,19.0,1949329,1,2,17,4,6.0,-9.0,-9.0,15.0,4.0,611M3,13.0,22745.0,2121.0
4729623,4729624,19.0,1949330,1,1,17,1,1.0,9.0,1.0,15.0,4.0,611M1,13.0,22745.0,2121.0
4729624,4729625,19.0,1949331,1,1,17,1,6.0,30.0,6.0,15.0,4.0,722Z,16.0,22745.0,2121.0
4729625,4729626,19.0,1949332,1,2,17,1,6.0,20.0,5.0,15.0,4.0,6211,14.0,22745.0,2121.0
4729626,4729627,19.0,1949333,1,2,17,2,6.0,37.0,5.0,15.0,4.0,4481,5.0,22745.0,2121.0
4729627,4729628,19.0,1949334,1,2,17,4,1.0,20.0,2.0,15.0,4.0,5413,10.0,22745.0,2121.0
4729628,4729629,19.0,1949335,1,2,17,1,3.0,40.0,5.0,15.0,4.0,6241,14.0,22745.0,2121.0
4729629,4729630,19.0,1949336,1,1,17,1,6.0,-9.0,-9.0,15.0,4.0,6111,13.0,22745.0,2121.0
4729630,4729631,19.0,1949337,1,2,17,4,1.0,20.0,1.0,15.0,4.0,45221,5.0,22745.0,2121.0
4729631,4729632,19.0,1949338,1,1,17,1,6.0,-9.0,-9.0,16.0,4.0,611M1,13.0,22745.0,2121.0
4729632,4729633,19.0,1949339,1,2,17,2,1.0,14.0,1.0,15.0,4.0,611M1,13.0,22745.0,2121.0
4729633,4729634,19.0,1949340,1,2,17,1,6.0,12.0,4.0,15.0,4.0,611M3,13.0,22745.0,2121.0
4729634,4729635,19.0,1949341,1,1,17,1,6.0,40.0,6.0,15.0,4.0,721M,16.0,22745.0,2121.0
4729635,4729636,19.0,1949342,1,1,17,1,6.0,35.0,5.0,15.0,4.0,722Z,16.0,22745.0,2121.0
4729636,4729637,19.0,1949343,1,1,17,1,6.0,40.0,6.0,15.0,4.0,23,2.0,22745.0,2121.0
4729637,4729638,19.0,1949344,1,1,17,1,6.0,20.0,6.0,15.0,4.0,336M,3.0,22745.0,2121.0
4729638,4729639,19.0,1949345,1,1,17,4,6.0,40.0,1.0,14.0,4.0,811192,17.0,22745.0,2121.0
4729639,4729640,19.0,1949346,1,1,17,1,6.0,-9.0,-9.0,15.0,4.0,-9,-9.0,22745.0,2121.0
4729640,4729641,19.0,1949347,1,1,17,1,3.0,10.0,5.0,15.0,4.0,23,2.0,22745.0,2121.0
4729641,4729642,19.0,1949348,1,2,17,1,6.0,60.0,6.0,15.0,4.0,713Z,16.0,22745.0,2121.0
4729642,4729643,19.0,1949349,1,2,17,1,6.0,30.0,2.0,15.0,4.0,8129,17.0,22745.0,2121.0
4729643,4729644,19.0,1949350,1,1,17,1,6.0,20.0,3.0,15.0,4.0,722Z,16.0,22745.0,2121.0
4729644,4729645,19.0,1949351,1,2,17,1,1.0,20.0,4.0,15.0,4.0,611M1,13.0,22745.0,2121.0
4729645,4729646,19.0,1949352,1,1,17,1,6.0,25.0,5.0,-9.0,4.0,722Z,16.0,22745.0,2121.0
4729646,4729647,19.0,1949353,1,1,17,1,6.0,40.0,6.0,15.0,4.0,23,2.0,22745.0,2121.0
4729647,4729648,19.0,1949354,1,2,17,3,1.0,30.0,3.0,15.0,4.0,611M1,13.0,22745.0,2121.0
4729648,4729649,19.0,1949355,1,1,17,1,6.0,2.0,6.0,16.0,4.0,5419Z,10.0,22745.0,2121.0
4729649,4729650,19.0,1949356,1,1,17,1,1.0,30.0,2.0,15.0,4.0,611M1,13.0,22745.0,2121.0
4729650,4729651,19.0,1949357,1,2,17,4,6.0,2.0,4.0,15.0,4.0,611M3,13.0,22745.0,2121.0
4729651,4729652,19.0,1949358,1,2,17,1,6.0,16.0,2.0,15.0,4.0,722Z,16.0,22745.0,2121.0
4729652,4729653,19.0,1949359,1,2,17,1,1.0,15.0,4.0,15.0,4.0,611M1,13.0,22745.0,2121.0
4729653,4729654,19.0,1949360,1,2,17,1,6.0,15.0,5.0,15.0,4.0,4481,5.0,22745.0,2121.0
4729654,4729655,19.0,1949361,1,1,17,2,6.0,16.0,5.0,15.0,4.0,44511,5.0,22745.0,2121.0
4729655,4729656,20.0,1949362,1,2,17,1,6.0,-9.0,-9.0,15.0,4.0,-9,-9.0,22745.0,2121.0
4729656,4729657,20.0,1949363,1,2,17,1,1.0,12.0,4.0,15.0,4.0,611M1,13.0,22745.0,2121.0
4729657,4729658,20.0,1949364,1,1,17,1,6.0,18.0,5.0,15.0,4.0,722Z,16.0,22745.0,2121.0
4729658,4729659,20.0,1949365,1,2,17,1,6.0,10.0,4.0,15.0,4.0,722Z,16.0,22745.0,2121.0
4729659,4729660,20.0,1949366,1,1,17,4,6.0,38.0,6.0,15.0,4.0,3116,3.0,22745.0,2121.0
4729660,4729661,20.0,1949367,1,1,17,2,1.0,12.0,4.0,15.0,4.0,611M1,13.0,22745.0,2121.0
4729661,4729662,20.0,1949368,1,2,17,1,6.0,-9.0,-9.0,15.0,4.0,-9,-9.0,22745.0,2121.0
4729662,4729663,20.0,1949369,1,1,17,4,1.0,4.0,4.0,15.0,4.0,722Z,16.0,22745.0,2121.0
4729663,4729664,20.0,1949370,1,1,17,2,1.0,30.0,1.0,15.0,4.0,722Z,16.0,22745.0,2121.0
4729664,4729665,20.0,1949371,1,1,17,4,1.0,15.0,4.0,16.0,4.0,611M1,13.0,22745.0,2121.0
4729665,4729666,20.0,1949372,1,2,17,1,6.0,35.0,6.0,15.0,4.0,9211MP,18.0,22745.0,2121.0
4729666,4729667,20.0,1949373,1,2,17,1,1.0,30.0,6.0,15.0,4.0,45121,5.0,22745.0,2121.0
4729667,4729668,20.0,1949374,1,2,17,2,3.0,-9.0,-9.0,-9.0,4.0,4244,4.0,22745.0,2121.0
4729668,4729669,20.0,1949375,1,2,17,2,1.0,8.0,6.0,15.0,4.0,611M1,13.0,22745.0,2121.0
4729669,4729670,20.0,1949376,1,2,17,4,6.0,-9.0,-9.0,15.0,4.0,6244,14.0,22745.0,2121.0
4729670,4729671,20.0,1949377,1,1,17,2,2.0,18.0,1.0,15.0,4.0,611M1,13.0,22745.0,2121.0
4729671,4729672,20.0,1949378,1,2,17,1,1.0,32.0,5.0,15.0,4.0,611M1,13.0,22745.0,2121.0
4729672,4729673,20.0,1949379,1,1,17,2,6.0,25.0,6.0,15.0,4.0,713Z,16.0,22745.0,2121.0
4729673,4729674,20.0,1949380,1,2,17,1,6.0,14.0,1.0,15.0,4.0,4481,5.0,22745.0,2121.0
4729674,4729675,20.0,1949381,1,2,17,4,6.0,-9.0,-9.0,15.0,4.0,-9,-9.0,22745.0,2121.0
4729675,4729676,20.0,1949382,1,1,17,1,6.0,40.0,5.0,15.0,4.0,3327,3.0,22745.0,2121.0
4729676,4729677,20.0,1949383,1,1,17,1,6.0,30.0,3.0,15.0,4.0,44511,5.0,22745.0,2121.0
4729677,4729678,20.0,1949384,1,2,17,2,1.0,15.0,6.0,15.0,4.0,611M1,13.0,22745.0,2121.0
4729678,4729679,20.0,1949385,1,1,17,4,1.0,70.0,1.0,15.0,4.0,722Z,16.0,22745.0,2121.0
4729679,4729680,20.0,1949386,1,1,17,1,6.0,14.0,4.0,15.0,4.0,4MS,5.0,22745.0,2121.0
4729680,4729681,20.0,1949387,1,1,17,2,3.0,20.0,6.0,15.0,4.0,5617Z,12.0,22745.0,2121.0
4729681,4729682,20.0,1949388,1,2,17,2,3.0,40.0,5.0,-9.0,4.0,5613,12.0,22745.0,2121.0
4729682,4729683,20.0,1949389,1,1,17,2,6.0,-9.0,-9.0,14.0,4.0,-9,-9.0,22745.0,2121.0
4729683,4729684,20.0,1949390,1,2,17,1,1.0,50.0,6.0,15.0,4.0,5415,10.0,22745.0,2121.0
4729684,4729685,20.0,1949391,1,1,17,1,1.0,5.0,5.0,16.0,4.0,8121M,17.0,22745.0,2121.0
4729685,4729686,20.0,1949392,1,1,17,4,6.0,8.0,6.0,15.0,4.0,2211P,7.0,22745.0,2121.0
4729686,4729687,20.0,1949393,1,2,17,2,6.0,18.0,6.0,15.0,4.0,722Z,16.0,22745.0,2121.0
4729687,4729688,20.0,1949394,1,1,17,4,6.0,-9.0,-9.0,15.0,4.0,-9,-9.0,22745.0,2121.0
4729688,4729689,20.0,1949395,1,2,17,1,1.0,36.0,1.0,15.0,4.0,622M,15.0,22745.0,2121.0
4729689,4729690,20.0,1949396,1,2,17,4,1.0,20.0,4.0,15.0,4.0,611M1,13.0,22745.0,2121.0
4729690,4729691,21.0,1949397,1,2,17,1,6.0,30.0,2.0,15.0,4.0,8129,17.0,22745.0,2121.0
4729691,4729692,21.0,1949398,1,1,17,1,6.0,-9.0,-9.0,16.0,4.0,813M,17.0,22745.0,2121.0
4729692,4729693,21.0,1949399,1,1,17,1,6.0,45.0,6.0,15.0,4.0,611M3,13.0,22745.0,2121.0
4729693,4729694,21.0,1949400,1,2,17,1,6.0,44.0,5.0,15.0,4.0,722Z,16.0,22745.0,2121.0
4729694,4729695,21.0,1949401,1,1,17,3,1.0,40.0,4.0,-9.0,4.0,111,1.0,22745.0,2121.0
4729695,4729696,21.0,1949402,1,1,17,1,6.0,-9.0,-9.0,15.0,4.0,-9,-9.0,22745.0,2121.0
4729696,4729697,21.0,1949403,1,1,17,2,1.0,10.0,5.0,15.0,4.0,611M1,13.0,22745.0,2121.0
4729697,4729698,21.0,1949404,1,2,17,1,1.0,12.0,4.0,15.0,4.0,722Z,16.0,22745.0,2121.0
4729698,4729699,21.0,1949405,1,1,17,1,1.0,20.0,3.0,15.0,4.0,611M1,13.0,22745.0,2121.0
4729699,4729700,22.0,1949406,1,2,17,4,1.0,20.0,6.0,15.0,4.0,213,1.0,22745.0,2121.0
4729700,4729701,22.0,1949407,1,1,17,1,6.0,40.0,4.0,15.0,4.0,722Z,16.0,22745.0,2121.0
4729701,4729702,22.0,1949408,1,1,17,1,6.0,32.0,6.0,15.0,4.0,712,16.0,22745.0,2121.0
4729702,4729703,22.0,1949409,1,2,17,2,3.0,-9.0,-9.0,15.0,4.0,6111,13.0,22745.0,2121.0
4729703,4729704,22.0,1949410,1,2,17,1,6.0,-9.0,-9.0,15.0,4.0,-9,-9.0,22745.0,2121.0
4729704,4729705,22.0,1949411,1,2,17,1,6.0,4.0,5.0,15.0,4.0,712,16.0,22745.0,2121.0
4729705,4729706,22.0,1949412,1,2,17,1,1.0,25.0,1.0,15.0,4.0,611M1,13.0,22745.0,2121.0
4729706,4729707,22.0,1949413,1,1,17,1,6.0,35.0,5.0,15.0,4.0,5121,8.0,22745.0,2121.0
4729707,4729708,22.0,1949414,1,1,17,1,3.0,50.0,6.0,15.0,4.0,5617Z,12.0,22745.0,2121.0
4729708,4729709,22.0,1949415,1,1,17,1,6.0,40.0,6.0,15.0,4.0,336M,3.0,22745.0,2121.0
4729709,4729710,22.0,1949416,1,1,17,1,6.0,48.0,6.0,15.0,4.0,337,3.0,22745.0,2121.0
4729710,4729711,24.0,1949417,1,2,17,4,6.0,-9.0,-9.0,15.0,4.0,-9,-9.0,22745.0,2121.0
4729711,4729712,24.0,1949418,1,1,17,4,6.0,4.0,6.0,15.0,4.0,611M3,13.0,22745.0,2121.0
4729712,4729713,25.0,1949419,1,1,17,2,1.0,50.0,1.0,16.0,4.0,611M1,13.0,22745.0,2121.0
4729713,4729714,25.0,1949420,1,1,17,2,6.0,-9.0,-9.0,-9.0,4.0,-9,-9.0,22745.0,2121.0
4729714,4729715,25.0,1949421,1,1,17,2,3.0,-9.0,-9.0,-9.0,4.0,999920,-9.0,22745.0,2121.0
4729715,4729716,25.0,1949422,1,2,17,2,6.0,-9.0,-9.0,-9.0,4.0,-9,-9.0,22745.0,2121.0
4729716,4729717,25.0,1949423,1,1,17,1,6.0,-9.0,-9.0,-9.0,4.0,-9,-9.0,22745.0,2121.0
4729717,4729718,28.0,1949424,1,1,17,1,1.0,35.0,1.0,-9.0,4.0,722Z,16.0,22745.0,2121.0
4729718,4729719,29.0,1949425,1,2,17,4,1.0,20.0,6.0,-9.0,4.0,722Z,16.0,22745.0,2121.0
4729719,4729720,29.0,1949426,1,1,17,4,1.0,20.0,1.0,16.0,4.0,611M1,13.0,22745.0,2121.0
4729720,4729721,29.0,1949427,1,2,17,4,1.0,40.0,1.0,-9.0,4.0,8131,17.0,22745.0,2121.0
4729721,4729722,29.0,1949428,1,1,17,4,6.0,-9.0,-9.0,-9.0,4.0,-9,-9.0,22745.0,2121.0
4729722,4729723,29.0,1949429,1,1,17,4,6.0,-9.0,-9.0,16.0,4.0,-9,-9.0,22745.0,2121.0
4729723,4729724,29.0,1949430,1,1,17,4,1.0,20.0,1.0,16.0,4.0,611M1,13.0,22745.0,2121.0
4729724,4729725,34.0,1949431,1,1,17,2,6.0,-9.0,-9.0,15.0,4.0,722Z,16.0,22745.0,2121.0
4729725,4729726,35.0,1949432,1,2,17,4,1.0,40.0,6.0,16.0,4.0,5415,10.0,22745.0,2121.0
4729726,4729727,35.0,1949433,1,2,17,4,1.0,40.0,6.0,16.0,4.0,5415,10.0,22745.0,2121.0
4729727,4729728,37.0,1949434,1,2,17,2,1.0,25.0,6.0,15.0,4.0,722Z,16.0,22745.0,2121.0
4729728,4729729,42.0,1949435,1,1,17,1,6.0,-9.0,-9.0,-9.0,4.0,336M,3.0,22745.0,2121.0
4729729,4729730,42.0,1949436,1,1,17,1,1.0,30.0,1.0,-9.0,4.0,6243,14.0,22745.0,2121.0
4729730,4729731,42.0,1949437,1,1,17,1,6.0,-9.0,-9.0,-9.0,4.0,-9,-9.0,22745.0,2121.0
4729731,4729732,51.0,1949438,1,1,17,1,3.0,-9.0,-9.0,-9.0,4.0,999920,-9.0,22745.0,2121.0
4729732,4729733,51.0,1949439,1,1,17,1,6.0,-9.0,-9.0,-9.0,4.0,-9,-9.0,22745.0,2121.0
4729733,4729734,51.0,1949440,1,1,17,4,1.0,50.0,1.0,-9.0,4.0,4453,5.0,22745.0,2121.0
4729734,4729735,51.0,1949441,1,1,17,1,6.0,-9.0,-9.0,-9.0,4.0,-9,-9.0,22745.0,2121.0
4729735,4729736,51.0,1949442,1,2,17,1,6.0,-9.0,-9.0,-9.0,4.0,-9,-9.0,22745.0,2121.0
4729736,4729737,51.0,1949443,1,1,17,1,1.0,30.0,1.0,-9.0,4.0,6243,14.0,22745.0,2121.0
4729737,4729738,51.0,1949444,1,1,17,1,6.0,-9.0,-9.0,-9.0,4.0,-9,-9.0,22745.0,2121.0
4729738,4729739,51.0,1949445,1,1,17,1,6.0,-9.0,-9.0,-9.0,4.0,-9,-9.0,22745.0,2121.0
4729739,4729740,51.0,1949446,1,1,17,1,1.0,40.0,4.0,-9.0,4.0,336M,3.0,22745.0,2121.0
4729740,4729741,51.0,1949447,1,1,17,1,6.0,50.0,6.0,-9.0,4.0,5321,9.0,22745.0,2121.0
4729741,4729742,51.0,1949448,1,2,17,1,6.0,-9.0,-9.0,-9.0,4.0,3MS,3.0,22745.0,2121.0
4729742,4729743,53.0,1949449,1,2,17,1,1.0,20.0,1.0,-9.0,4.0,6243,14.0,22745.0,2121.0
4729743,4729744,54.0,1949450,1,1,17,1,6.0,-9.0,-9.0,-9.0,2.0,-9,-9.0,22745.0,2121.0
4729744,4729745,54.0,1949451,1,1,17,1,6.0,-9.0,-9.0,-9.0,4.0,-9,-9.0,22745.0,2121.0
4729745,4729746,58.0,1949452,1,1,17,1,6.0,-9.0,-9.0,-9.0,4.0,-9,-9.0,22745.0,2121.0
4729746,4729747,58.0,1949453,1,2,17,1,6.0,-9.0,-9.0,-9.0,4.0,-9,-9.0,22745.0,2121.0
4729747,4729748,60.0,1949454,1,1,17,1,6.0,-9.0,-9.0,-9.0,4.0,-9,-9.0,22745.0,2121.0
4729748,4729749,60.0,1949455,1,1,17,1,6.0,-9.0,-9.0,-9.0,4.0,-9,-9.0,22745.0,2121.0
4729749,4729750,62.0,1949456,1,2,17,1,6.0,-9.0,-9.0,-9.0,4.0,-9,-9.0,22745.0,2121.0
4729750,4729751,64.0,1949457,1,1,17,3,6.0,-9.0,-9.0,-9.0,4.0,-9,-9.0,22745.0,2121.0
4729751,4729752,64.0,1949458,1,1,17,3,6.0,-9.0,-9.0,-9.0,4.0,-9,-9.0,22745.0,2121.0
4729752,4729753,64.0,1949459,1,2,17,3,1.0,45.0,4.0,-9.0,4.0,111,1.0,22745.0,2121.0
4729753,4729754,64.0,1949460,1,1,17,3,6.0,-9.0,-9.0,-9.0,2.0,-9,-9.0,22745.0,2121.0
4729754,4729755,64.0,1949461,1,2,17,3,1.0,45.0,4.0,-9.0,4.0,111,1.0,22745.0,2121.0
4729755,4729756,64.0,1949462,1,1,17,3,6.0,-9.0,-9.0,-9.0,2.0,-9,-9.0,22745.0,2121.0
4729756,4729757,64.0,1949463,1,1,17,3,6.0,-9.0,-9.0,-9.0,4.0,-9,-9.0,22745.0,2121.0
4729757,4729758,64.0,1949464,1,2,17,3,6.0,-9.0,-9.0,-9.0,4.0,-9,-9.0,22745.0,2121.0
4729758,4729759,64.0,1949465,1,1,17,3,6.0,-9.0,-9.0,-9.0,2.0,-9,-9.0,22745.0,2121.0
4729759,4729760,78.0,1949466,1,2,17,1,6.0,-9.0,-9.0,-9.0,4.0,-9,-9.0,22745.0,2121.0
4729764,4729765,17.0,1949770,1,2,17,3,6.0,-9.0,-9.0,-9.0,4.0,611M1,13.0,22757.0,2127.0
4729804,4729805,18.0,1949810,1,2,17,1,1.0,18.0,4.0,15.0,4.0,611M1,13.0,22757.0,2127.0
4729848,4729849,18.0,1949854,1,1,17,2,6.0,5.0,6.0,15.0,4.0,45121,5.0,22791.0,2140.0
4729857,4729858,18.0,1949863,1,1,17,1,6.0,-9.0,-9.0,15.0,4.0,-9,-9.0,22757.0,2127.0
4729950,4729951,18.0,1949956,1,2,17,3,6.0,18.0,3.0,15.0,4.0,611M1,13.0,22757.0,2127.0
4730031,4730032,18.0,1950037,1,1,17,4,1.0,6.0,1.0,15.0,4.0,611M3,13.0,22757.0,2127.0
4730060,4730061,18.0,1950066,1,2,17,1,6.0,-9.0,-9.0,-9.0,4.0,722Z,16.0,22757.0,2127.0
4730097,4730098,19.0,1950103,1,1,17,1,1.0,15.0,1.0,15.0,4.0,611M1,13.0,22757.0,2127.0
4730140,4730141,19.0,1950146,1,1,17,1,1.0,20.0,5.0,15.0,4.0,515,8.0,22757.0,2127.0
4730185,4730186,19.0,1950191,1,2,17,4,6.0,30.0,6.0,15.0,4.0,722Z,16.0,22791.0,2140.0
4730205,4730206,19.0,1950211,1,1,17,1,6.0,30.0,5.0,15.0,4.0,722Z,16.0,22757.0,2127.0
4730230,4730231,19.0,1950236,1,2,17,1,6.0,40.0,6.0,15.0,4.0,713Z,16.0,22757.0,2127.0
4730286,4730287,19.0,1950292,1,2,17,4,6.0,7.0,5.0,15.0,4.0,722Z,16.0,22791.0,2140.0
4730591,4730592,24.0,1950597,1,2,17,4,1.0,15.0,4.0,15.0,4.0,44611,5.0,22791.0,2140.0
4730626,4730627,25.0,1950632,1,1,17,2,3.0,-9.0,-9.0,-9.0,4.0,999920,-9.0,22757.0,2127.0
4730700,4730701,42.0,1950706,1,1,17,1,6.0,40.0,4.0,16.0,4.0,622M,15.0,22791.0,2140.0
4735217,4735218,18.0,1959374,1,2,17,4,6.0,5.0,6.0,15.0,4.0,4481,5.0,22734.0,2115.0
4735218,4735219,18.0,1959375,1,2,17,2,6.0,-9.0,-9.0,15.0,4.0,-9,-9.0,22702.0,2110.0
4735220,4735221,18.0,1959377,1,2,17,4,1.0,40.0,1.0,16.0,4.0,611M1,13.0,22681.0,2107.0
4735221,4735222,18.0,1959378,1,2,17,1,1.0,10.0,6.0,15.0,4.0,611M1,13.0,22681.0,2107.0
4735223,4735224,18.0,1959380,1,1,17,3,6.0,-9.0,-9.0,15.0,4.0,-9,-9.0,22681.0,2107.0
4735329,4735330,19.0,1959486,1,2,17,1,6.0,10.0,5.0,15.0,4.0,722Z,16.0,22734.0,2115.0
4735333,4735334,19.0,1959490,1,1,17,1,6.0,42.0,6.0,15.0,4.0,713Z,16.0,22681.0,2107.0
4735337,4735338,19.0,1959494,1,1,17,1,6.0,40.0,5.0,16.0,4.0,33641M1,3.0,22702.0,2110.0
4735341,4735342,19.0,1959498,1,1,17,1,6.0,-9.0,-9.0,15.0,4.0,623M,14.0,22681.0,2107.0
4735347,4735348,19.0,1959504,1,2,17,1,6.0,20.0,5.0,15.0,4.0,722Z,16.0,22734.0,2115.0
4735637,4735638,65.0,1959794,1,2,17,1,6.0,-9.0,-9.0,-9.0,4.0,-9,-9.0,22734.0,2115.0
4737782,4737783,18.0,1965277,1,2,17,2,2.0,38.0,1.0,15.0,4.0,722Z,16.0,22745.0,2121.0
4737783,4737784,18.0,1965278,1,2,17,1,6.0,12.0,6.0,15.0,4.0,611M1,13.0,22745.0,2121.0
4737784,4737785,18.0,1965280,1,1,17,3,1.0,65.0,4.0,15.0,4.0,611M1,13.0,22745.0,2121.0
4737785,4737786,18.0,1965281,1,2,17,4,6.0,-9.0,-9.0,15.0,4.0,-9,-9.0,22745.0,2121.0
4737786,4737787,18.0,1965282,1,2,17,4,3.0,27.0,4.0,16.0,4.0,611M1,13.0,22745.0,2121.0
4737787,4737788,18.0,1965285,1,2,17,4,6.0,-9.0,-9.0,15.0,4.0,-9,-9.0,22745.0,2121.0
4737788,4737789,18.0,1965286,1,1,17,1,1.0,10.0,1.0,15.0,4.0,611M1,13.0,22745.0,2121.0
4737789,4737790,42.0,1965288,1,2,17,1,6.0,-9.0,-9.0,-9.0,4.0,-9,-9.0,22745.0,2121.0
4737790,4737791,18.0,1965291,1,2,17,4,1.0,6.0,6.0,15.0,4.0,611M1,13.0,22745.0,2121.0
4737791,4737792,29.0,1965295,1,1,17,4,1.0,50.0,1.0,16.0,4.0,611M1,13.0,22745.0,2121.0
4737792,4737793,17.0,1965296,1,2,17,3,6.0,-9.0,-9.0,15.0,-9.0,-9,-9.0,22745.0,2121.0
4737793,4737794,19.0,1965298,1,1,17,2,1.0,20.0,1.0,15.0,4.0,611M1,13.0,22745.0,2121.0
4737794,4737795,18.0,1965299,1,2,17,4,1.0,9.0,4.0,15.0,4.0,611M1,13.0,22745.0,2121.0
4737795,4737796,21.0,1965301,1,2,17,1,6.0,60.0,6.0,15.0,4.0,713Z,16.0,22745.0,2121.0
4737796,4737797,20.0,1965303,1,2,17,1,6.0,-9.0,-9.0,15.0,4.0,-9,-9.0,22745.0,2121.0
4737797,4737798,19.0,1965304,1,1,17,1,6.0,35.0,6.0,15.0,4.0,813M,17.0,22745.0,2121.0
4737798,4737799,18.0,1965306,1,2,17,1,6.0,4.0,5.0,15.0,4.0,712,16.0,22745.0,2121.0
4737799,4737800,20.0,1965307,1,1,17,4,6.0,-9.0,-9.0,15.0,4.0,-9,-9.0,22745.0,2121.0
4737800,4737801,18.0,1965308,1,2,17,4,6.0,-9.0,-9.0,15.0,4.0,-9,-9.0,22745.0,2121.0
4737801,4737802,18.0,1965309,1,1,17,3,6.0,38.0,6.0,15.0,4.0,722Z,16.0,22745.0,2121.0
4737802,4737803,18.0,1965310,1,2,17,1,6.0,99.0,6.0,15.0,4.0,721M,16.0,22745.0,2121.0
4737803,4737804,18.0,1965312,1,1,17,3,6.0,-9.0,-9.0,15.0,4.0,-9,-9.0,22745.0,2121.0
4737804,4737805,22.0,1965313,1,1,17,4,6.0,-9.0,-9.0,13.0,4.0,-9,-9.0,22745.0,2121.0
4737805,4737806,19.0,1965314,1,1,17,1,6.0,36.0,6.0,15.0,4.0,722Z,16.0,22745.0,2121.0
4737806,4737807,18.0,1965315,1,2,17,1,1.0,6.0,5.0,15.0,4.0,611M1,13.0,22745.0,2121.0
4737807,4737808,24.0,1965316,1,2,17,4,1.0,9.0,4.0,15.0,4.0,611M1,13.0,22745.0,2121.0
4737808,4737809,18.0,1965317,1,1,17,1,6.0,36.0,6.0,15.0,4.0,722Z,16.0,22745.0,2121.0
4738024,4738025,18.0,1965897,1,1,17,1,1.0,30.0,2.0,15.0,4.0,611M1,13.0,22745.0,2121.0
4738025,4738026,18.0,1965901,1,2,17,1,1.0,20.0,1.0,15.0,4.0,611M1,13.0,22745.0,2121.0
4738026,4738027,51.0,1965903,1,2,17,1,6.0,-9.0,-9.0,-9.0,4.0,722Z,16.0,22745.0,2121.0
4738027,4738028,19.0,1965904,1,1,17,1,6.0,-9.0,-9.0,15.0,4.0,-9,-9.0,22745.0,2121.0
4738028,4738029,19.0,1965905,1,2,17,4,6.0,-9.0,-9.0,15.0,4.0,-9,-9.0,22745.0,2121.0
4738029,4738030,19.0,1965907,1,2,17,1,1.0,17.0,1.0,15.0,4.0,4539,5.0,22745.0,2121.0
4738030,4738031,17.0,1965910,1,2,17,3,6.0,-9.0,-9.0,-9.0,4.0,611M1,13.0,22745.0,2121.0
4738031,4738032,19.0,1965911,1,2,17,1,1.0,20.0,5.0,15.0,4.0,713Z,16.0,22745.0,2121.0
4738032,4738033,21.0,1965913,1,1,17,1,6.0,40.0,6.0,15.0,4.0,721M,16.0,22745.0,2121.0
4738033,4738034,19.0,1965915,1,2,17,2,1.0,8.0,6.0,15.0,4.0,611M1,13.0,22745.0,2121.0
4738034,4738035,18.0,1965916,1,2,17,4,6.0,-9.0,-9.0,15.0,4.0,-9,-9.0,22745.0,2121.0
4738035,4738036,22.0,1965917,1,2,17,2,6.0,10.0,6.0,15.0,4.0,722Z,16.0,22745.0,2121.0
4738036,4738037,19.0,1965918,1,1,17,1,1.0,40.0,1.0,15.0,4.0,3219ZM,3.0,22745.0,2121.0
4738037,4738038,18.0,1965920,1,1,17,1,1.0,40.0,3.0,15.0,4.0,5413,10.0,22745.0,2121.0
4738038,4738039,19.0,1965921,1,2,17,1,1.0,20.0,4.0,15.0,4.0,611M1,13.0,22745.0,2121.0
4738039,4738040,35.0,1965922,1,1,17,4,6.0,12.0,6.0,-9.0,4.0,713Z,16.0,22745.0,2121.0
4738040,4738041,19.0,1965923,1,1,17,1,6.0,-9.0,-9.0,15.0,4.0,-9,-9.0,22745.0,2121.0
4738041,4738042,19.0,1965925,1,2,17,4,1.0,3.0,6.0,15.0,4.0,611M1,13.0,22745.0,2121.0
4738042,4738043,19.0,1965929,1,1,17,4,6.0,-9.0,-9.0,15.0,4.0,-9,-9.0,22745.0,2121.0
4738043,4738044,18.0,1965930,1,2,17,1,6.0,-9.0,-9.0,15.0,4.0,713Z,16.0,22745.0,2121.0
4738044,4738045,19.0,1965932,1,2,17,1,6.0,23.0,5.0,15.0,4.0,722Z,16.0,22745.0,2121.0
4738045,4738046,21.0,1965933,1,1,17,1,6.0,6.0,6.0,15.0,4.0,515,8.0,22745.0,2121.0
4738046,4738047,18.0,1965934,1,1,17,4,6.0,40.0,6.0,15.0,4.0,23,2.0,22745.0,2121.0
4738047,4738048,19.0,1965935,1,1,17,4,6.0,40.0,6.0,15.0,4.0,336M,3.0,22745.0,2121.0
4738048,4738049,19.0,1965936,1,1,17,1,6.0,30.0,3.0,15.0,4.0,51111,8.0,22745.0,2121.0
4738049,4738050,18.0,1965937,1,2,17,1,6.0,-9.0,-9.0,15.0,4.0,-9,-9.0,22745.0,2121.0
4738347,4738348,24.0,1966895,1,2,17,4,6.0,20.0,5.0,15.0,4.0,722Z,16.0,22745.0,2121.0
4738348,4738349,18.0,1966896,1,1,17,1,1.0,5.0,5.0,15.0,4.0,611M1,13.0,22745.0,2121.0
4738349,4738350,18.0,1966899,1,1,17,4,6.0,40.0,6.0,15.0,4.0,721M,16.0,22745.0,2121.0
4738350,4738351,18.0,1966900,1,2,17,1,6.0,-9.0,-9.0,15.0,4.0,-9,-9.0,22745.0,2121.0
4738351,4738352,18.0,1966901,1,2,17,1,1.0,20.0,1.0,15.0,4.0,611M1,13.0,22745.0,2121.0
4740672,4740673,18.0,1970854,1,1,17,4,6.0,-9.0,-9.0,16.0,4.0,-9,-9.0,22745.0,2121.0
4740673,4740674,19.0,1970856,1,1,17,1,1.0,9.0,1.0,15.0,4.0,611M1,13.0,22745.0,2121.0
4740674,4740675,19.0,1970857,1,1,17,3,6.0,40.0,6.0,15.0,4.0,721M,16.0,22745.0,2121.0
4740675,4740676,19.0,1970858,1,1,17,1,6.0,6.0,3.0,15.0,4.0,531M,9.0,22745.0,2121.0
4740676,4740677,19.0,1970860,1,2,17,2,6.0,-9.0,-9.0,15.0,4.0,-9,-9.0,22745.0,2121.0
4740677,4740678,18.0,1970861,1,2,17,1,1.0,10.0,1.0,15.0,4.0,611M1,13.0,22745.0,2121.0
4740678,4740679,21.0,1970862,1,1,17,1,1.0,15.0,1.0,15.0,4.0,722Z,16.0,22745.0,2121.0
4740679,4740680,18.0,1970863,1,2,17,4,6.0,30.0,6.0,15.0,4.0,722Z,16.0,22745.0,2121.0
4740680,4740681,18.0,1970865,1,2,17,1,6.0,15.0,6.0,15.0,4.0,814,17.0,22745.0,2121.0
4740681,4740682,18.0,1970866,1,1,17,1,6.0,-9.0,-9.0,-9.0,4.0,443142,5.0,22745.0,2121.0
4740682,4740683,18.0,1970867,1,2,17,4,6.0,14.0,5.0,15.0,4.0,722Z,16.0,22745.0,2121.0
4740683,4740684,18.0,1970868,1,1,17,1,3.0,-9.0,-9.0,15.0,4.0,722Z,16.0,22745.0,2121.0
4740684,4740685,21.0,1970869,1,2,17,3,1.0,5.0,5.0,15.0,4.0,813M,17.0,22745.0,2121.0
4740685,4740686,18.0,1970870,1,2,17,4,6.0,-9.0,-9.0,15.0,4.0,-9,-9.0,22745.0,2121.0
4740686,4740687,28.0,1970871,1,2,17,1,6.0,-9.0,-9.0,-9.0,4.0,-9,-9.0,22745.0,2121.0
4740687,4740688,21.0,1970876,1,1,17,1,6.0,30.0,5.0,15.0,4.0,713Z,16.0,22745.0,2121.0
4740688,4740689,19.0,1970877,1,1,17,1,6.0,8.0,5.0,15.0,4.0,722Z,16.0,22745.0,2121.0
4740689,4740690,19.0,1970879,1,2,17,1,1.0,20.0,5.0,15.0,4.0,713Z,16.0,22745.0,2121.0
4740690,4740691,20.0,1970880,1,2,17,1,6.0,30.0,5.0,15.0,4.0,4511M,5.0,22745.0,2121.0
4740691,4740692,18.0,1970883,1,2,17,1,6.0,14.0,4.0,15.0,4.0,6211,14.0,22745.0,2121.0
4740692,4740693,24.0,1970884,1,1,17,4,1.0,30.0,1.0,16.0,4.0,611M1,13.0,22745.0,2121.0
4740693,4740694,21.0,1970885,1,2,17,1,1.0,6.0,2.0,15.0,4.0,6216,14.0,22745.0,2121.0
4740694,4740695,18.0,1970886,1,2,17,1,6.0,30.0,5.0,15.0,4.0,722Z,16.0,22745.0,2121.0
4740695,4740696,19.0,1970887,1,1,17,4,6.0,40.0,6.0,15.0,4.0,721M,16.0,22745.0,2121.0
4740696,4740697,18.0,1970890,1,1,17,2,6.0,-9.0,-9.0,15.0,4.0,-9,-9.0,22745.0,2121.0
4740697,4740698,18.0,1970891,1,1,17,1,6.0,20.0,4.0,15.0,4.0,44413,5.0,22745.0,2121.0
4740698,4740699,20.0,1970892,1,1,17,1,6.0,-9.0,-9.0,15.0,4.0,813M,17.0,22745.0,2121.0
4740699,4740700,18.0,1970893,1,2,17,1,1.0,18.0,4.0,15.0,4.0,611M1,13.0,22745.0,2121.0
4740700,4740701,19.0,1970894,1,2,17,1,1.0,15.0,1.0,15.0,4.0,611M1,13.0,22745.0,2121.0
4740795,4740796,61.0,1971155,1,1,17,1,6.0,-9.0,-9.0,-9.0,4.0,-9,-9.0,22765.0,2130.0
4740857,4740858,53.0,1971342,1,2,17,1,1.0,6.0,1.0,-9.0,4.0,6243,14.0,22808.0,2147.0
